1000 5000
1661 1125
1802 1304
2219 1095
606 1100
1323 1483
1811 1220
1995 1030
1231 1434
2592 1065
1093 1202
620 1011
2007 1428
2790 1035
1083 1363
2027 1203
926 1089
2235 1013
1758 1383
2733 1320
764 1162
1835 1360
731 1119
867 1414
665 1372
1427 1393
1743 1175
1992 1425
894 1429
1548 1067
1989 1473
1525 1161
2902 1009
2734 1301
2506 1283
2113 1438
2321 1292
543 1282
681 1134
681 1447
2835 1009
2736 1059
1005 1331
1289 1280
1772 1032
1916 1377
1078 1374
688 1045
2776 1260
1735 1257
2972 1328
1041 1033
2769 1202
2865 1063
2130 1226
2968 1300
1010 1065
1607 1064
1183 1455
522 1280
2863 1205
2917 1464
859 1310
2173 1354
1519 1150
1186 1210
2157 1235
2486 1496
1216 1462
1631 1440
1392 1328
2096 1296
2957 1374
1230 1304
1116 1013
716 1084
1871 1150
2800 1277
2596 1189
588 1408
980 1272
1784 1114
2005 1240
887 1466
1293 1344
1520 1206
1535 1243
1212 1423
2526 1273
1408 1260
739 1144
700 1265
1604 1051
2395 1294
629 1174
539 1257
2467 1021
2830 1175
889 1264
1865 1134
1235 1149
2777 1475
2481 1311
2424 1255
2684 1458
587 1019
2371 1120
1696 1430
551 1240
1676 1065
619 1129
2382 1220
2727 1488
1472 1451
1794 1476
956 1494
1525 1283
2497 1239
1878 1436
1519 1491
2965 1195
810 1334
1959 1250
2364 1336
2267 1300
2802 1042
658 1179
1363 1460
1993 1313
2251 1291
2653 1103
621 1227
1005 1107
522 1466
2114 1035
2048 1245
1205 1494
1743 1118
2487 1046
1912 1148
1397 1468
1474 1254
919 1095
2598 1237
2016 1191
2363 1174
1269 1279
1227 1069
2954 1414
1612 1379
2071 1001
2622 1049
2007 1223
2121 1260
769 1467
2971 1258
1304 1253
1350 1346
2208 1394
2938 1370
920 1110
717 1392
2619 1174
815 1387
1016 1392
1758 1475
1225 1048
1233 1292
934 1123
2235 1068
1721 1443
1760 1251
1224 1475
634 1152
1599 1432
1675 1307
1909 1470
1803 1466
1294 1001
766 1291
2728 1269
1216 1262
2300 1021
757 1139
2537 1398
1640 1359
1628 1182
599 1495
2214 1346
2091 1231
2869 1412
2738 1204
1807 1153
1269 1224
2934 1361
2808 1436
2442 1268
1878 1117
1108 1191
1539 1182
2195 1381
2419 1494
844 1322
2660 1315
2517 1064
2561 1211
2000 1263
1756 1086
1382 1124
1911 1055
1777 1190
2425 1081
1244 1025
521 1002
1846 1275
2699 1119
1717 1407
541 1083
1550 1343
900 1136
2265 1353
1703 1226
884 1043
1849 1188
2289 1077
2456 1056
2202 1210
1919 1364
1497 1097
1119 1049
544 1094
1008 1251
1965 1347
783 1143
2154 1296
2727 1403
2042 1433
1754 1157
2602 1397
1412 1280
2592 1097
712 1294
1164 1281
1558 1023
850 1299
737 1369
2340 1235
2066 1223
1646 1085
1527 1171
2902 1142
1824 1305
2702 1340
963 1022
1875 1461
1151 1335
1712 1312
954 1168
2469 1208
1188 1221
2925 1003
2064 1486
779 1087
766 1242
1684 1119
1868 1470
2491 1455
639 1387
2250 1411
934 1248
2865 1019
2292 1141
824 1222
1156 1092
1646 1138
604 1265
536 1071
1788 1357
2538 1358
1616 1376
1629 1368
1337 1059
2660 1084
1738 1087
719 1213
1963 1076
995 1499
1050 1201
1550 1269
1346 1225
597 1243
530 1268
2254 1091
775 1064
523 1311
1451 1133
2552 1248
1782 1012
594 1264
2154 1000
961 1383
1331 1396
2081 1463
2372 1140
1269 1294
1952 1373
569 1448
2715 1032
2568 1454
1987 1039
2854 1278
1973 1045
2879 1033
1965 1466
2730 1244
1938 1325
1582 1454
655 1485
2253 1321
1595 1372
1598 1140
2790 1163
2732 1394
1855 1112
1982 1010
2789 1335
2398 1173
2829 1076
1337 1202
1330 1325
2765 1103
645 1357
1902 1116
2343 1434
1134 1470
1477 1136
800 1301
891 1267
2120 1002
989 1300
2830 1141
908 1399
1108 1441
528 1327
1013 1246
2512 1489
2054 1476
1003 1334
2974 1117
1537 1077
1481 1026
2992 1393
1821 1063
1090 1036
2997 1202
1238 1093
1909 1111
590 1355
2576 1353
803 1354
730 1078
1200 1398
1899 1332
2760 1439
2599 1105
515 1251
1737 1062
1133 1210
1997 1156
1012 1152
537 1259
736 1028
2686 1415
1982 1282
1186 1337
611 1349
973 1226
1409 1363
1362 1266
1492 1251
2970 1342
2492 1277
2289 1424
678 1079
2453 1244
744 1452
2484 1176
2878 1471
1234 1361
1083 1292
2075 1403
939 1002
591 1074
1137 1010
1502 1092
1955 1432
2952 1302
2032 1346
1536 1320
927 1014
1752 1098
650 1226
2318 1049
821 1331
2248 1321
543 1282
1728 1428
1270 1336
2572 1003
2840 1231
826 1491
1647 1003
696 1221
1359 1060
2262 1324
2813 1334
556 1361
2609 1419
1624 1388
2964 1037
699 1344
1225 1056
2888 1487
2444 1470
1921 1102
576 1036
2928 1398
2369 1386
1294 1393
505 1465
543 1346
2721 1376
1795 1087
2913 1069
581 1270
2641 1020
1526 1109
2888 1083
2627 1138
1820 1154
590 1289
728 1429
2569 1070
2075 1226
2390 1194
2202 1069
2615 1484
2506 1057
1148 1019
1901 1249
1941 1293
699 1288
1561 1026
1364 1145
1872 1265
857 1423
2630 1071
986 1422
2884 1304
2338 1428
727 1488
2471 1031
808 1355
2428 1130
2113 1489
2200 1424
1065 1099
1235 1011
2188 1236
1465 1276
2229 1258
707 1370
2976 1111
2482 1194
1268 1020
779 1152
2475 1123
1913 1407
2829 1124
604 1376
2273 1448
1307 1496
965 1096
937 1408
685 1366
1764 1489
2065 1365
1013 1447
543 1423
2198 1481
2974 1418
1623 1482
2844 1049
1141 1356
2113 1030
2319 1113
514 1357
2047 1193
967 1062
2670 1138
2558 1241
789 1334
1231 1195
1752 1468
1163 1167
1125 1234
808 1025
587 1262
1377 1054
1870 1468
808 1264
2335 1194
2416 1240
615 1093
1655 1253
2762 1366
2867 1354
2835 1440
2309 1052
2316 1462
2704 1420
2628 1133
862 1018
2505 1355
1108 1351
594 1403
1362 1040
2308 1143
918 1068
1897 1007
793 1329
2004 1420
669 1202
2002 1144
2070 1388
668 1231
2386 1103
1831 1203
2553 1203
2798 1224
2971 1433
1103 1209
1077 1476
2110 1141
1109 1199
1053 1011
666 1221
2759 1410
1061 1052
1319 1178
2941 1180
2993 1333
2685 1481
1263 1082
1713 1219
2181 1273
2737 1162
2420 1051
1187 1460
2114 1165
2519 1017
579 1402
1788 1069
880 1496
1368 1054
1602 1033
1929 1464
2960 1042
1284 1488
1406 1475
2529 1201
600 1421
1558 1429
1062 1392
1951 1112
1957 1258
2167 1359
2256 1392
2048 1278
2228 1267
2839 1150
887 1189
1401 1419
1146 1085
1676 1202
954 1382
2311 1136
2846 1252
582 1337
794 1153
1678 1039
2963 1385
1376 1463
2483 1201
2103 1197
1855 1430
1833 1252
1371 1305
1109 1474
1976 1158
1096 1250
1724 1088
1949 1202
2284 1251
540 1061
1573 1277
2244 1229
993 1494
916 1144
2870 1075
2959 1092
1665 1468
2454 1313
1331 1186
1340 1096
853 1039
908 1444
2059 1106
1199 1160
1362 1213
508 1415
1415 1454
2355 1462
576 1397
2077 1073
1965 1280
860 1212
1720 1094
1471 1426
1291 1206
2399 1080
887 1393
2679 1221
2358 1012
1594 1217
2143 1464
1483 1049
1406 1480
2175 1381
537 1135
1728 1359
2094 1100
2196 1061
753 1071
1209 1253
1582 1265
1252 1035
1149 1090
1883 1169
2077 1077
2010 1288
2291 1211
1784 1435
2182 1414
928 1286
1262 1134
2997 1111
2421 1274
1353 1196
1839 1025
2295 1467
2998 1057
1523 1294
2075 1128
1490 1466
712 1213
2463 1399
754 1407
1662 1115
1896 1150
808 1345
1516 1295
1161 1234
1532 1358
2504 1482
1564 1447
2625 1294
1718 1426
2450 1314
2263 1178
884 1368
1928 1406
1234 1049
2267 1273
2805 1455
1613 1161
1694 1445
1676 1017
2657 1346
2869 1415
862 1188
2357 1095
2886 1349
2817 1058
1808 1273
1797 1237
2191 1371
2625 1382
2169 1435
2527 1239
722 1151
1125 1463
1411 1029
2520 1130
696 1461
572 1427
2870 1457
865 1411
555 1427
1676 1103
2188 1354
2471 1406
1017 1406
869 1151
1902 1409
2074 1107
758 1290
915 1431
1264 1420
1793 1295
2813 1360
1373 1413
1317 1268
1884 1470
1048 1038
1552 1103
1272 1340
1690 1444
1260 1386
1680 1416
1848 1454
1541 1083
997 1051
2618 1285
2242 1046
1154 1064
2215 1045
757 1275
2210 1457
2041 1060
2897 1180
1937 1009
2388 1288
778 1461
751 1176
848 1408
739 1334
2398 1077
969 1344
1409 1061
1998 1093
1323 1493
2267 1394
1490 1335
2732 1346
749 1198
1806 1263
1247 1448
2236 1234
1227 1278
2288 1437
1776 1463
2524 1374
2328 1448
2243 1417
1744 1298
1036 1225
1849 1439
1610 1132
776 1241
727 1188
2191 1007
1236 1263
668 1254
1342 1036
1092 1175
1219 1315
1484 1249
2718 1337
2213 1265
1493 1112
2173 1234
592 1413
1554 1170
1504 1258
2101 1437
653 1147
1517 1255
2495 1075
663 1068
566 1330
2100 1095
1626 1152
637 1138
2852 1441
2327 1385
1964 1073
1057 1345
679 1083
1796 1095
1933 1308
713 1358
2421 1153
951 1103
687 1050
2995 1214
2532 1274
1814 1354
2842 1456
1764 1253
1263 1157
1935 1148
1289 1254
1949 1123
2339 1145
1855 1035
1072 1453
1361 1279
1998 1364
987 1273
1078 1424
2917 1002
2417 1263
1876 1000
1589 1382
795 1061
913 1448
727 1119
2909 1499
1439 1218
936 1039
1560 1180
1675 1385
2133 1279
561 1085
1924 1164
1974 1459
886 1483
1373 1455
2156 1246
2348 1380
1215 1364
1785 1128
2628 1218
1295 1397
1991 1308
2324 1478
2348 1115
2731 1131
2835 1011
1939 1054
2803 1406
2442 1029
911 1478
2255 1326
912 1405
974 1493
1964 1086
2781 1490
1284 1086
2448 1234
693 1379
1986 1251
915 1324
1733 1037
2061 1192
2637 1317
1875 1162
1767 1163
1500 1091
2308 1404
1823 1252
993 1001
2860 1377
1646 1057
2025 1175
604 1340
1484 1408
2203 1187
2584 1063
1780 1430
1383 1197
2686 1417
2901 1035
2617 1341
835 1481
1166 1197
2574 1277
2196 1305
1965 1168
2955 1319
1968 1142
545 1010
2085 1121
1904 1010
2647 1481
1779 1264
2850 1162
1840 1059
2766 1358
712 1306
2294 1112
916 1057
1733 1139
2398 1028
1373 1467
1401 1138
616 1106
2373 1082
1447 1362
2765 1080
2664 1133
1481 1293
1064 1039
607 1475
2675 1002
821 1375
1297 1367
1309 1483
2588 1470
2453 1387
610 1498
697 1428
1917 1181
512 1029
1643 1007
531 1025
2817 1359
2491 1251
1738 1476
2705 1071
1593 1276
831 1008
1173 1071
2253 1248
2174 1036
1552 1388
2752 1048
1998 1429
1182 1379
1517 1226
918 1374
1357 1185
501 1486
1717 1454
2337 1111
1250 1394
2271 1423
800 1383
1585 1015
977 1275
1487 1187
761 1244
2081 1248
1412 1052
1816 1058
998 1086
1350 1241
2818 1150
1027 1090
2817 1133
743 1232
2710 1263
2577 1329
891 1017
533 1312
620 1268
2973 1064
2676 1426
2192 1352
1432 1130
2385 1447
972 1451
914 1166
834 1144
1414 1087
2985 1218
626 1028
1502 1044
2232 1438
1165 1310
1980 1417
666 1085
1394 1365
2475 1293
1237 1298
1412 1010
2320 1151
1260 1300
1103 1136
508 1485
2011 1082
2186 1257
770 1371
830 1046
1878 1123
776 1347
1970 1269
1341 1260
1295 1356
1422 1039