1150 5000
2353 1470
1814 1087
1172 1393
2147 1083
1281 1440
2429 1052
1267 1029
899 1413
2576 1153
1289 1361
856 1439
2501 1442
915 1202
1135 1276
881 1451
628 1444
1214 1071
2961 1156
1919 1241
2221 1155
2773 1187
2386 1148
2939 1291
2534 1179
2797 1260
1908 1116
593 1029
2409 1152
772 1058
749 1200
1766 1448
2578 1427
777 1210
1957 1255
2731 1198
1756 1398
1687 1160
1582 1193
1431 1354
1223 1183
2936 1024
2873 1360
1223 1013
1700 1438
1125 1243
2697 1398
1553 1247
1292 1149
722 1282
1630 1179
2890 1151
2874 1345
1303 1064
2188 1035
1497 1312
1966 1205
746 1429
2997 1375
922 1150
653 1395
1611 1265
2854 1361
1858 1245
2138 1205
815 1401
2964 1071
1963 1064
2411 1089
682 1283
1440 1214
844 1044
1126 1396
1318 1473
1632 1234
2024 1303
1418 1478
959 1435
1159 1055
2015 1200
2295 1451
1189 1267
2165 1430
2683 1148
728 1283
2948 1105
2083 1465
623 1116
2786 1091
2784 1408
2062 1340
2781 1316
2494 1003
2631 1405
2775 1025
1926 1292
2797 1472
1970 1056
1930 1082
2104 1376
2958 1267
1518 1146
2971 1014
2658 1348
1522 1434
2975 1353
897 1454
2420 1295
2415 1029
717 1183
2432 1101
885 1433
1473 1162
1998 1109
924 1480
1820 1435
1886 1411
608 1450
2752 1022
2845 1274
2255 1218
1438 1097
2254 1214
2109 1465
1981 1031
1429 1075
1069 1305
1766 1458
2021 1005
2459 1215
1655 1255
1910 1277
2105 1013
2149 1108
1202 1049
825 1292
1633 1239
673 1034
2026 1238
2077 1456
2055 1494
874 1217
2715 1214
1287 1498
729 1063
1080 1029
2067 1463
2185 1139
794 1019
2427 1485
1461 1059
2157 1405
1007 1459
2498 1278
2112 1205
2677 1218
1640 1364
2688 1130
970 1253
898 1275
1700 1147
2357 1023
1564 1018
2944 1069
1385 1141
1445 1397
951 1337
2091 1135
2288 1427
2844 1185
821 1445
2874 1311
2210 1010
1132 1072
2748 1290
2738 1031
2212 1110
1464 1239
2991 1375
945 1012
2772 1158
2485 1219
508 1066
1696 1407
1234 1353
1317 1207
1981 1187
515 1260
2317 1299
2991 1488
2818 1183
1117 1227
1325 1286
1770 1248
2375 1356
965 1006
650 1091
2785 1097
656 1061
1646 1454
2919 1068
1313 1137
1617 1230
521 1193
1907 1024
1870 1479
1178 1343
2091 1028
2567 1145
2731 1278
1631 1105
2146 1251
1455 1094
2195 1398
2525 1102
1126 1339
885 1351
2869 1179
1210 1162
790 1243
750 1271
1860 1360
1693 1129
1612 1260
2949 1376
795 1432
1853 1028
1977 1302
2242 1043
1786 1111
2834 1194
861 1434
1452 1174
802 1429
515 1043
793 1483
2052 1190
2457 1117
1802 1142
620 1139
2281 1329
1172 1166
2602 1422
1670 1049
2018 1177
2501 1484
950 1447
1292 1460
2298 1213
2729 1072
591 1221
612 1286
2768 1430
1695 1096
1294 1199
2526 1167
2489 1043
1006 1463
1287 1315
960 1299
2763 1189
2011 1418
1127 1365
965 1465
662 1334
1092 1102
2343 1375
1251 1305
2992 1217
2099 1246
893 1474
2872 1122
2154 1112
2791 1030
1364 1350
2441 1375
2366 1291
1497 1266
1656 1090
1568 1254
1824 1062
2405 1219
1862 1182
695 1087
609 1279
2486 1241
964 1010
1876 1385
1601 1072
2511 1324
1097 1384
619 1130
2546 1496
2290 1052
1448 1080
1515 1205
825 1103
2145 1295
2785 1436
2738 1379
2592 1029
2009 1307
1534 1352
2667 1364
2112 1312
2350 1286
2864 1253
2109 1407
2338 1243
598 1216
2045 1178
875 1259
1738 1212
2106 1285
1929 1119
1444 1113
2362 1437
1183 1050
2015 1046
2728 1088
1773 1154
746 1356
1906 1024
1828 1416
1054 1496
2048 1226
1116 1478
2705 1345
2217 1153
1010 1149
808 1282
812 1291
1739 1321
1519 1411
2534 1264
2931 1198
985 1102
2750 1260
2933 1050
840 1234
2141 1039
1301 1235
2517 1264
769 1028
2760 1236
2729 1235
1226 1109
2607 1120
1249 1434
2772 1060
928 1110
1558 1087
1681 1380
653 1216
1510 1249
2519 1430
1785 1487
840 1356
1716 1138
2437 1312
1926 1443
582 1189
1548 1271
2177 1141
1886 1316
2120 1418
2880 1407
2301 1118
542 1392
1201 1080
2139 1162
1241 1408
788 1070
637 1420
2925 1191
2500 1336
1917 1355
663 1164
2890 1327
2477 1063
1777 1022
1184 1326
2344 1142
1366 1239
504 1116
2214 1235
2118 1451
577 1254
857 1050
1636 1434
981 1341
874 1161
1121 1225
2303 1318
902 1293
2729 1265
2421 1434
1659 1349
1268 1275
2145 1382
1786 1182
2852 1279
932 1311
2805 1067
1677 1073
2160 1489
1103 1392
584 1099
609 1223
2965 1280
2182 1426
1595 1069
841 1499
2628 1091
1611 1323
792 1484
2036 1236
2688 1000
2701 1029
2625 1020
888 1005
2293 1231
874 1377
2832 1210
1671 1367
2070 1107
1202 1366
746 1335
1058 1337
2334 1227
532 1033
1400 1493
2592 1368
1146 1218
629 1498
2805 1045
2544 1315
1826 1195
2357 1447
1099 1072
2087 1368
2598 1303
2922 1173
1791 1378
2066 1431
2329 1264
2250 1029
1797 1302
2535 1035
951 1287
1611 1348
1796 1307
513 1012
1382 1243
2535 1010
2793 1275
627 1312
1709 1298
1876 1343
2987 1499
1793 1413
913 1097
1120 1434
1254 1067
1752 1423
2403 1495
1078 1211
524 1405
2586 1026
2320 1152
1199 1377
2899 1240
996 1125
2567 1088
2667 1305
1202 1039
2501 1154
1374 1475
1224 1047
2231 1127
688 1212
2326 1040
1528 1037
2563 1069
2740 1006
2785 1250
2398 1244
1593 1171
2621 1417
1922 1401
2797 1249
2601 1128
738 1177
1712 1286
2439 1406
2235 1303
1752 1328
1090 1116
1526 1413
2417 1383
2336 1345
1465 1047
1240 1035
883 1395
2960 1348
2748 1411
1653 1240
2997 1341
1813 1206
1002 1029
2723 1441
2080 1020
1426 1279
1822 1310
1638 1358
2051 1129
520 1463
754 1430
2811 1151
2283 1096
1165 1116
915 1106
2806 1160
528 1088
2843 1492
2314 1338
2322 1460
2446 1330
1582 1453
1381 1080
1447 1149
2649 1111
2431 1101
1937 1323
1523 1476
1659 1482
1965 1196
1341 1042
2550 1390
2214 1245
1130 1291
2676 1415
2171 1059
2527 1147
535 1044
1695 1204
1681 1390
2759 1240
514 1270
2560 1010
587 1100
2332 1107
1577 1299
931 1484
662 1432
670 1338
1141 1362
2943 1120
2280 1466
2469 1322
1806 1084
1816 1153
862 1235
943 1213
955 1109
1434 1477
974 1184
2570 1122
1436 1456
1727 1346
2873 1189
2224 1081
1306 1455
1162 1354
2728 1426
979 1186
2605 1019
784 1287
2480 1340
1358 1360
746 1034
1734 1040
1025 1365
2601 1085
646 1481
2724 1338
1305 1492
1759 1463
1695 1456
1656 1468
1699 1037
636 1217
2803 1397
1490 1462
2143 1403
1474 1167
877 1126
1550 1124
1155 1153
1007 1387
1599 1255
1507 1169
2516 1095
1736 1226
2173 1227
1538 1222
1184 1146
2891 1345
1610 1026
2010 1407
602 1194
2937 1314
2092 1267
2459 1252
575 1068
2415 1425
2435 1097
1330 1318
1755 1203
1454 1460
2454 1278
2383 1259
2887 1150
1372 1000
2148 1317
1469 1280
2620 1244
1032 1459
2529 1173
796 1139
1463 1406
2601 1125
1724 1065
2188 1370
1961 1173
1773 1248
2906 1448
2569 1353
708 1466
996 1452
2267 1479
1492 1113
1193 1109
720 1474
1412 1044
1081 1319
2304 1381
2300 1305
2528 1360
1401 1008
1671 1397
2604 1279
744 1436
1090 1268
1352 1370
1973 1150
2863 1413
2911 1184
1422 1465
1096 1349
1377 1199
526 1054
2988 1144
1690 1157
1462 1042
1061 1479
1142 1008
2452 1306
1001 1132
1192 1197
833 1372
877 1459
2651 1027
547 1072
1830 1101
1399 1015
2933 1404
518 1401
1168 1161
1496 1231
2584 1408
1866 1090
1332 1114
2494 1096
1309 1340
1626 1107
896 1195
2230 1348
1344 1425
2048 1139
2074 1378
2428 1313
710 1343
2119 1279
2662 1342
613 1388
2772 1343
2207 1159
2942 1022
766 1190
1270 1204
2471 1005
922 1235
656 1175
1666 1403
1344 1192
1973 1204
1783 1007
827 1168
2885 1301
1889 1452
1959 1292
1758 1120
1410 1200
1593 1359
2391 1480
1413 1418
2606 1458
690 1313
1157 1294
1643 1276
1076 1290
790 1375
956 1104
2766 1256
1175 1212
2823 1364
2739 1243
685 1023
584 1092
2030 1362
1648 1492
899 1417
2270 1145
751 1418
1778 1071
1169 1242
1503 1033
1933 1183
2953 1300
552 1440
2322 1261
2323 1066
2811 1325
1503 1023
714 1216
731 1106
2707 1201
555 1326
868 1372
2379 1220
538 1421
858 1003
1440 1320
2773 1395
2047 1040
2987 1263
947 1368
830 1050
1953 1049
576 1066
2171 1241
1679 1173
989 1357
2827 1388
796 1174
2563 1471
1680 1380
2811 1405
1734 1002
2768 1437
2499 1405
846 1256
1788 1125
2436 1165
2727 1387
1790 1220
2106 1355
1185 1433
2315 1470
1745 1339
1533 1156
647 1333
1721 1199
2509 1489
1900 1457
1145 1023
2733 1237
1161 1189
1092 1429
2125 1374
776 1084
2634 1221
600 1452
2969 1261
1583 1233
1302 1433
1510 1286
926 1316
2467 1022
2167 1019
2561 1240
1168 1026
2174 1389
987 1287
2981 1033
2646 1260
2502 1386
1596 1096
1790 1355
2352 1061
2497 1317
1644 1372
548 1130
1564 1316
2297 1256
2029 1049
1718 1096
645 1015
1129 1430
2227 1484
2170 1210
1109 1491
1853 1212
2161 1029
990 1118
1320 1109
1998 1092
2274 1490
530 1451
2893 1092
2768 1037
1488 1019
571 1097
2083 1093
888 1191
1215 1346
820 1225
1167 1391
1986 1380
2852 1067
2497 1120
1890 1214
1563 1056
2670 1259
2006 1344
2956 1365
2962 1416
1676 1375
612 1376
1378 1269
1028 1197
2628 1253
955 1245
1880 1264
876 1398
2405 1323
653 1227
513 1316
2010 1005
1951 1365
2317 1180
1423 1134
616 1227
1957 1308
1226 1098
2609 1085
770 1210
2823 1356
1172 1123
751 1498
1078 1316
1836 1272
2421 1041
1909 1468
2444 1012
1431 1311
2329 1488
963 1467
2950 1094
1927 1087
1501 1499
1137 1119
1569 1212
667 1104
1231 1356
2910 1440
2537 1434
954 1375
1532 1481
1013 1253
1700 1169
2391 1420
2853 1472
677 1304
1068 1141
2070 1094
940 1200
1835 1457
1977 1137
2774 1382
2463 1171
2908 1416
733 1401
895 1012
2466 1395
690 1037
1197 1182
1593 1359
2345 1210
1809 1477
822 1413
2928 1087
1905 1065
2193 1068
2706 1053
1356 1148
1936 1389
2923 1013
2046 1086
1794 1145
2820 1316
2501 1266
2666 1377
1205 1142
2226 1228
1696 1063
1891 1035
1902 1105
977 1203
945 1299
2366 1141
1865 1389
1373 1480
2814 1077
1837 1223
2911 1069
859 1310
1195 1302
831 1331
2562 1344
1233 1055
1458 1480
981 1224
590 1429
2298 1423
1500 1003
2254 1060
676 1294
918 1271
2493 1224
1089 1013
2889 1370
2505 1412
1184 1178
2098 1301
1616 1109
1101 1001
902 1373
2071 1087
1980 1452
2923 1197
2973 1234
608 1455
2180 1410
2829 1132
1355 1369
567 1395
1845 1223
2332 1034
2174 1157
2302 1350
515 1163
1503 1234
2732 1455
1656 1138
1340 1300
2064 1355
649 1398
1186 1299
2488 1131
2137 1423
1691 1288
1588 1319
1419 1398
505 1241
1894 1135
2735 1183
1385 1401
2997 1153
858 1126
1322 1138
1732 1131
1208 1044
2104 1077
625 1111
811 1114
772 1199
1879 1133
2889 1398
2609 1312
1251 1206
1272 1054
788 1179
951 1368
993 1405
1641 1259
2965 1161
2824 1133
1617 1473
801 1372
2417 1218
2021 1218
2370 1027
834 1401
1566 1013
1706 1196
1693 1474
2041 1488
2600 1049
2341 1455
2346 1049
1957 1450
1128 1309
1706 1099
2415 1466
1895 1079
728 1323
1286 1001
984 1485
980 1482
886 1493
1411 1241
2022 1481
806 1129
2405 1418
2290 1020
2758 1128
2024 1161
1595 1277
526 1414
2227 1384
884 1456
551 1090
2764 1261
1126 1340
1473 1139
1723 1487
835 1163
2563 1359
1958 1499
1370 1306
2460 1002
2318 1223
1546 1405
2929 1483
1160 1273
2416 1381
1290 1136
2029 1382
2710 1229
2719 1156
2670 1283
1476 1284
2139 1195
907 1349
641 1210
1837 1199
2608 1006
1762 1053
877 1299
1599 1448
561 1271
2442 1475
1211 1142
1371 1074
973 1475
2365 1038
1970 1082
1541 1376
1492 1408
1256 1079
1690 1013
1559 1112
1643 1267
2927 1039
755 1200
2633 1107
2237 1237
1799 1074
2235 1028
2514 1393
2473 1102
1812 1484
2101 1378
2429 1421
2738 1431
1247 1462
1233 1199
2705 1470
2776 1388
1325 1332
520 1126
1265 1347
2096 1114
2169 1189
2321 1309
1557 1287
1459 1145
2185 1346
2727 1398
2366 1166
620 1274
566 1014
688 1247
2575 1002
1133 1083
1813 1072
1944 1468
2449 1467
2244 1068
1227 1416
1287 1308
1398 1429
1187 1179
2971 1278
565 1464
880 1424
1606 1291
1756 1126
606 1285
2760 1403
2303 1445
1215 1182
2542 1129
2639 1411
554 1283
2990 1165
852 1262
865 1498
635 1361
1395 1107
1308 1061
2879 1384
2886 1431
551 1236
1278 1321
823 1250
2626 1015
941 1412
2977 1193