1650 5000
1284 1024
2704 1041
2109 1481
2817 1056
2831 1297
734 1043
528 1439
563 1291
1390 1276
2075 1173
1236 1427
923 1106
2994 1120
1362 1334
2488 1022
2696 1371
1225 1227
1064 1168
1522 1482
864 1172
2571 1209
1805 1276
695 1299
1234 1165
2225 1054
849 1284
1292 1072
1145 1172
2561 1327
2877 1030
1182 1095
2807 1346
549 1312
1363 1306
2221 1426
1907 1143
1574 1291
780 1243
1675 1493
2547 1390
951 1148
866 1091
1188 1069
795 1357
2188 1122
1121 1021
1992 1296
2187 1336
2111 1157
1663 1487
2778 1413
1987 1154
593 1022
2537 1051
817 1324
1646 1249
1785 1224
2836 1344
2588 1339
1555 1003
1049 1034
2281 1199
2001 1366
2961 1167
2499 1378
2662 1316
731 1474
869 1432
844 1139
986 1478
1897 1349
2001 1129
1614 1409
990 1182
1160 1178
2853 1125
1968 1333
2950 1006
1498 1038
763 1253
2106 1260
1645 1421
1031 1258
1910 1108
2429 1360
878 1035
2417 1229
1933 1275
1526 1274
1366 1158
2058 1392
2109 1328
1002 1344
1861 1160
2984 1267
1354 1468
1437 1057
673 1497
803 1487
2535 1056
734 1488
2347 1113
1179 1360
2386 1381
2167 1366
2926 1450
2694 1068
1757 1405
577 1456
2355 1009
1447 1141
2945 1400
1578 1069
915 1285
963 1414
518 1063
2496 1426
1323 1300
2192 1257
1570 1226
2528 1412
2894 1057
2274 1397
1827 1415
613 1468
1757 1418
1194 1007
1570 1351
1140 1249
1403 1437
643 1142
1085 1215
671 1131
1360 1101
1820 1129
905 1134
2684 1066
2638 1460
765 1360
698 1033
2805 1248
1624 1160
1356 1048
2896 1293
1829 1232
2631 1444
2735 1432
2569 1074
1618 1202
1662 1337
2606 1058
1622 1135
1639 1140
2323 1256
1572 1116
2622 1303
1199 1201
816 1059
2961 1115
746 1441
568 1253
2159 1491
1601 1417
1092 1401
2257 1202
1199 1409
2340 1169
2369 1333
915 1248
878 1389
2365 1379
738 1302
2636 1334
1496 1355
612 1313
1387 1352
1742 1326
1228 1485
891 1156
2957 1455
1865 1456
883 1279
2525 1045
993 1482
1625 1231
1446 1482
1154 1319
1509 1361
656 1074
1208 1404
1396 1098
1859 1156
1878 1027
950 1308
1016 1300
1140 1129
1787 1209
626 1128
744 1202
1475 1445
2144 1348
1769 1490
557 1422
2232 1093
2089 1111
1002 1083
514 1110
2762 1120
1944 1483
797 1370
1000 1324
929 1379
1265 1463
723 1465
2305 1168
1715 1123
1652 1016
877 1379
1590 1228
512 1346
2527 1455
2273 1078
1291 1428
1685 1130
1650 1019
1441 1472
1534 1013
723 1303
723 1075
689 1120
686 1397
621 1115
2107 1386
1946 1009
2969 1413
2461 1458
2797 1029
699 1409
517 1099
1910 1241
2541 1358
2166 1269
1799 1413
695 1310
2620 1426
2551 1350
2036 1151
1304 1146
691 1442
2550 1001
2943 1403
1910 1042
2247 1277
654 1476
1358 1407
2312 1132
1870 1005
2634 1236
1338 1227
2092 1134
1200 1462
2884 1389
1162 1458
2191 1268
2265 1367
1461 1484
926 1251
1419 1188
2890 1286
1415 1451
1124 1348
1100 1145
853 1413
1956 1334
859 1242
1890 1498
1883 1498
1535 1072
1603 1147
926 1128
2771 1387
2108 1402
1488 1212
703 1283
2182 1406
2396 1252
2485 1173
2932 1124
630 1038
1245 1366
2561 1217
1704 1071
2771 1356
2309 1296
2669 1496
542 1472
2113 1459
1553 1113
2166 1187
881 1332
1495 1202
2527 1480
2391 1439
981 1436
2397 1488
1023 1108
2515 1164
1437 1463
2886 1224
1562 1461
1705 1313
1115 1073
1247 1487
2736 1064
832 1329
1324 1305
1495 1184
2661 1436
989 1253
1082 1153
1500 1135
2538 1245
1255 1213
1089 1328
866 1364
1072 1476
601 1447
2114 1031
1327 1396
1745 1195
1825 1338
722 1036
2331 1153
1272 1330
1495 1063
1377 1392
1129 1164
2305 1311
1339 1097
1836 1143
2720 1304
523 1055
2714 1368
1009 1296
2855 1027
1422 1163
2032 1037
1455 1159
929 1253
1629 1252
1512 1278
2214 1424
1182 1351
1081 1383
671 1103
2850 1483
1823 1003
2746 1328
2746 1368
877 1338
2001 1454
2827 1434
1146 1226
960 1443
1828 1233
2852 1143
2212 1075
1939 1390
1343 1339
1410 1457
2325 1209
718 1153
2588 1478
789 1410
1671 1349
2626 1321
2901 1103
2845 1133
1729 1453
2186 1379
2220 1494
2100 1252
2369 1176
968 1069
2704 1072
600 1075
618 1073
1780 1060
1084 1054
892 1317
783 1267
2920 1397
594 1445
2703 1031
2184 1300
2755 1049
747 1432
997 1229
700 1484
2170 1069
984 1313
657 1011
2694 1193
2540 1124
1610 1000
2238 1108
1037 1307
1684 1068
1515 1323
2547 1269
687 1123
2277 1438
2319 1382
990 1191
2534 1340
2584 1133
2213 1446
1284 1402
1371 1387
2596 1108
638 1477
521 1028
2064 1357
1361 1084
1314 1317
1980 1183
1465 1313
1601 1050
1581 1041
1513 1271
1581 1367
2663 1208
1552 1340
1326 1170
701 1259
622 1215
1994 1455
1911 1127
2563 1425
2106 1146
2618 1229
1979 1360
2366 1382
884 1302
1009 1095
899 1036
2041 1370
2525 1338
1537 1491
529 1294
1785 1096
994 1459
2021 1195
1324 1046
1113 1366
2979 1024
1931 1478
1869 1430
606 1458
1799 1040
515 1111
1710 1356
924 1245
2841 1225
2312 1119
1774 1028
1236 1470
2684 1255
690 1097
2745 1131
2500 1447
2559 1313
1284 1019
589 1466
1637 1231
1844 1145
1073 1286
2132 1102
1445 1405
1357 1298
817 1169
1261 1330
1843 1420
2769 1235
1407 1326
562 1446
932 1196
1045 1327
583 1148
1009 1471
2209 1474
868 1195
1000 1007
1257 1319
558 1292
2905 1442
2100 1380
1205 1179
888 1140
2442 1131
1197 1149
1208 1343
2554 1462
916 1491
2315 1275
701 1462
1155 1470
1134 1123
861 1062
1642 1067
1363 1054
1483 1033
963 1001
2899 1015
1122 1496
2651 1401
1761 1435
1908 1130
585 1340
2974 1117
996 1250
978 1247
2548 1287
1733 1323
2047 1025
1016 1126
1293 1206
1643 1249
2081 1174
1571 1475
1058 1016
2776 1446
1205 1059
1128 1487
523 1092
1507 1130
2950 1324
1785 1285
2737 1496
2121 1225
1428 1313
862 1060
1910 1043
721 1297
2729 1239
2264 1033
2311 1357
2840 1342
1459 1142
2538 1075
1228 1096
2778 1161
1510 1426
955 1476
830 1254
2003 1467
1464 1057
2855 1375
2943 1137
1727 1165
2617 1285
1766 1139
2245 1402
758 1125
1740 1221
2810 1373
2937 1479
2660 1007
2061 1052
2999 1470
1761 1157
1643 1110
1505 1321
2028 1150
705 1157
2078 1474
1144 1406
1527 1323
1446 1387
814 1250
1359 1104
2786 1399
2410 1011
1322 1497
1429 1231
1745 1032
2754 1071
563 1134
1699 1245
1515 1314
2921 1108
1692 1493
968 1055
2894 1499
813 1152
2347 1072
2166 1198
2130 1260
1388 1461
623 1082
2882 1044
2046 1007
1662 1226
2245 1191
2233 1020
906 1202
2666 1122
1104 1137
1825 1442
1701 1388
1202 1169
1905 1082
1888 1400
2983 1370
2866 1293
1824 1093
2585 1337
2818 1189
2133 1175
1360 1158
2215 1412
2067 1125
2758 1387
1516 1402
1969 1429
680 1412
1891 1410
686 1037
1119 1321
2137 1048
817 1368
1435 1110
1209 1478
634 1076
1763 1211
2995 1483
1765 1451
2487 1487
1441 1028
2887 1099
1118 1006
2821 1430
517 1111
1545 1422
501 1307
2195 1370
1376 1272
2123 1055
2956 1105
511 1063
2855 1154
1964 1414
2001 1115
1238 1056
1993 1476
2588 1429
1930 1298
2781 1046
2967 1376
1833 1405
2300 1236
2286 1427
1086 1242
1084 1195
1478 1370
2792 1368
2549 1149
1264 1257
1087 1091
2659 1064
662 1492
1246 1100
2361 1276
2641 1283
2974 1118
2647 1444
2152 1005
719 1209
2957 1038
1056 1079
1935 1352
925 1433
984 1439
2931 1071
577 1249
2943 1123
622 1499
799 1389
1551 1115
2022 1376
689 1429
1232 1175
1610 1479
1172 1253
579 1249
2047 1416
2291 1264
1866 1304
2851 1239
2791 1225
2133 1064
2463 1117
716 1215
2887 1045
529 1038
1072 1299
1284 1488
2804 1150
1016 1008
2509 1410
2792 1273
1103 1119
1759 1158
2675 1440
1142 1170
1380 1016
1510 1253
2758 1362
2722 1227
771 1360
2574 1235
2240 1322
1531 1179
1104 1283
1645 1139
980 1486
691 1002
2773 1376
1529 1132
2488 1416
1443 1404
1273 1009
2675 1077
996 1159
954 1039
2911 1277
1526 1208
1191 1427
1684 1070
1718 1090
633 1026
1663 1147
1463 1117
1215 1372
1308 1360
1466 1339
1641 1349
2806 1211
2254 1091
2427 1380
1687 1366
863 1319
650 1211
2337 1499
2305 1358
715 1451
1219 1069
2854 1459
1176 1130
2645 1236
1986 1459
2244 1320
1255 1291
1127 1097
794 1296
1049 1475
2615 1262
1027 1178
1692 1059
1426 1045
1506 1045
2134 1008
2689 1428
2573 1184
1806 1421
2540 1217
750 1094
2197 1356
1295 1469
2170 1191
2541 1238
1350 1287
2012 1139
853 1426
1906 1106
875 1427
736 1376
1573 1083
905 1409
2059 1498
2509 1271
670 1142
2382 1439
612 1312
2892 1162
2171 1303
2592 1318
2800 1151
748 1355
2410 1013
927 1206
2127 1212
2720 1114
2875 1476
2383 1142
1818 1451
635 1386
652 1393
1290 1206
1259 1263
635 1036
1958 1451
507 1235
905 1407
2127 1287
863 1155
1573 1156
830 1354
1977 1010
1562 1105
2247 1031
962 1246
1250 1243
1729 1166
1011 1405
699 1209
2032 1192
1617 1240
1134 1296
2820 1207
2131 1405
1891 1277
2343 1165
729 1409
1435 1471
974 1085
2386 1320
1830 1454
1088 1378
2336 1085
568 1192
1669 1301
579 1106
2604 1372
2335 1043
1544 1299
2445 1131
1349 1070
2866 1084
2153 1499
2171 1007
2768 1124
1532 1414
1768 1066
2611 1234
1720 1492
844 1115
2959 1359
1374 1337
2550 1442
1030 1321
1490 1343
1533 1359
934 1022
2733 1244
2255 1399
1468 1385
2153 1246
2063 1046
774 1264
2630 1134
1510 1041
632 1189
1796 1029
2124 1457
1177 1217
773 1299
2334 1230
2801 1069
1698 1210
1857 1107
1045 1082
651 1097
2428 1044
913 1200
1857 1444
1144 1272
1299 1371
1421 1088
1568 1311
2626 1201
981 1086
2551 1060
2012 1453
821 1330
2191 1328
2698 1367
2480 1059
2205 1493
2323 1168
2643 1285
1797 1489
2677 1428
2314 1491
2046 1221
876 1487
2200 1037
2149 1431
1269 1402
1468 1383
2086 1440
2438 1184
2645 1452
2668 1181
2990 1478
2656 1000
951 1076
1834 1301
2912 1005
1394 1300
2060 1105
2827 1016
1660 1084
2366 1260
2792 1098
1077 1348
697 1471
1018 1441
1803 1213
2760 1117
1392 1469
2188 1004
2417 1104
2158 1169
603 1477
1296 1061
1203 1401
1557 1030
2667 1450
2087 1317
1000 1285
2350 1353
2943 1472
2776 1094
2880 1138
1725 1178
2135 1156
717 1341
1509 1381
1106 1129
2111 1001
2524 1292
1426 1067
2525 1158
1153 1484
2727 1330
1802 1158
1940 1058
861 1475
794 1414
1415 1197
2321 1489
2234 1023
1630 1353
2965 1097
2149 1227
2070 1389
603 1258
2027 1163
2243 1098
1121 1100
2122 1405
839 1169
573 1105
1292 1265
2884 1108
2468 1097
1052 1135
1551 1210
2722 1261
2019 1483
2678 1477
1247 1137
1020 1109
1017 1306
2725 1479
1598 1055
2103 1479
2722 1401
1114 1067
2394 1316
1101 1245
892 1210
2119 1184
535 1254
2615 1212
1326 1342
2616 1321
1548 1159
2537 1222
655 1272
2304 1102
2030 1231
2088 1469
2969 1133
903 1484
1551 1413
521 1435
2437 1224
1029 1297
2469 1356
1457 1069
2460 1331
1326 1003
1966 1450
1642 1184
1455 1228
1851 1168
731 1377
865 1472
2502 1019
1324 1331
1927 1277
2398 1280
2820 1231
2604 1014
558 1018
1523 1318
2573 1495
2713 1128
638 1422
2857 1017
2606 1300
1761 1255
1161 1419
2211 1301
2302 1072
2327 1426
2951 1308
2754 1159
1101 1285
2796 1487
2363 1485
2765 1282
2567 1226
2545 1235
2775 1308
545 1025
1551 1104
914 1278
1431 1298
2586 1224
955 1261
1311 1363
2097 1302
1874 1256
2387 1427
1758 1052
2447 1064
2214 1435
2921 1270
1300 1226
2570 1000
1325 1416
1859 1214
1645 1499
2156 1414
2941 1060
2941 1309
2824 1157
2272 1259
1984 1157
514 1266
1431 1183
2169 1445
2159 1458
1363 1095
2492 1222
2074 1131
901 1049
1263 1459
2564 1387
1219 1432
2129 1154
1833 1249
2245 1224
2385 1312
1524 1490
779 1111
1960 1431
936 1047
2051 1273
1935 1092
1705 1126
2491 1176
2274 1272
2008 1475
727 1161
1477 1320
1196 1232
1927 1346
2470 1366
2733 1371
2879 1196
2358 1017
1136 1450
1774 1006
782 1184
1128 1153
1075 1049
593 1497
1916 1256
2463 1335
988 1078
1430 1180
2490 1296
1968 1387
683 1079
1622 1019
1429 1004
2760 1190
777 1418
1853 1439
1089 1451
613 1406
1883 1166
866 1136
2758 1084
681 1330
1071 1155
1452 1495
1399 1132
2177 1326
2289 1081
1423 1290
2216 1033
1352 1210
2258 1085
1484 1363
2433 1231
2684 1337
1326 1128
741 1394
2793 1337
703 1286
2469 1009
2723 1305
1199 1455
2261 1390
2347 1373
898 1079
2103 1375
1593 1049
1713 1320
902 1159
875 1235
2072 1304
2029 1475
994 1456
2253 1226
1905 1213
2588 1021
1520 1271
2003 1040
2311 1385
1158 1073
1334 1007
1611 1017
1436 1389
2365 1350
1519 1372
861 1013
2369 1244
2738 1371
2845 1481
1319 1043
1876 1124
685 1356
2595 1127
840 1012
789 1375
2369 1164
1782 1439
2171 1290
933 1131
1708 1053
1564 1261
940 1246
611 1270
1063 1135
2926 1361
2832 1340
750 1260
1912 1382
2975 1376
1300 1297
1317 1350
1533 1484
2479 1097
1997 1059
2732 1120
1415 1216
2720 1358
2456 1254
704 1218
727 1173
1458 1246
849 1387
2769 1399
1725 1480
1406 1042
1885 1335
2006 1243
865 1477
2611 1407
1947 1317
1326 1059
2867 1411
2736 1214
902 1432
1342 1029
1383 1441
1658 1380
1065 1394
1598 1160
2864 1042
955 1112
1154 1264
2915 1102
921 1369
2651 1380
2514 1054
670 1253
889 1191
1526 1148
801 1281
1598 1055
789 1051
1418 1272
1023 1142
527 1150
2795 1438
2826 1002
684 1398
1609 1457
2425 1371
541 1306
896 1406
798 1008
2444 1276
1106 1100
1806 1220
2539 1058
2047 1454
1749 1345
1443 1242
2153 1466
2914 1215
2787 1292
773 1344
900 1031
854 1220
988 1237
1697 1145
852 1219
2864 1441
1227 1443
2347 1444
597 1294
1990 1178
2625 1031
1496 1358
2491 1053
2436 1084
1782 1450
684 1358
1708 1451
2258 1442
2740 1365
2076 1320
2930 1379
2207 1338
2461 1247
926 1286
2895 1108
2728 1373
2172 1421
2695 1256
1462 1342
1058 1056
2768 1117
1209 1071
2273 1354
944 1420
1386 1146
962 1192
1456 1140
2204 1480
1289 1047
2972 1166
1388 1002
1572 1029
1532 1245
1057 1374
1173 1026
732 1267
2146 1151
1128 1204
2635 1256
706 1005
1991 1359
2636 1231
1081 1103
2165 1414
1150 1003
592 1368
1856 1266
2334 1337
1570 1271
763 1094
1089 1444
1575 1296
1356 1252
727 1300
2644 1148
2791 1045
1404 1156
1599 1203
2155 1130
2324 1036
2418 1337
1313 1318
2740 1367
1330 1294
1601 1452
2187 1111
2790 1235
2187 1245
1069 1118
1131 1127
2356 1128
2014 1327
780 1134
1097 1219
1251 1230
2103 1022
2111 1127
1247 1232
704 1220
2270 1221
2150 1096
1982 1086
1874 1075
1691 1200
2881 1213
1579 1365
2014 1089
1351 1076
1928 1149
2385 1265
2893 1242
696 1451
2306 1344
2419 1465
1970 1345
1452 1153
1117 1408
1102 1240
1305 1281
1469 1149
1877 1069
2899 1065
2734 1243
1993 1208
2595 1138
1960 1451
2132 1053
2214 1073
719 1443
2242 1201
1483 1458
2849 1106
2018 1307
1770 1127
1308 1016
964 1056
833 1432
658 1375
2199 1452
2180 1135
2067 1223
2900 1310
1758 1472
2803 1094
2499 1050
2541 1373
1169 1176
520 1005
1582 1331
2895 1149
2037 1343
2607 1259
1354 1384
2881 1102
784 1018
2161 1283
2507 1440
1007 1349
1380 1425
640 1033
2515 1103
2360 1215
1614 1097
1166 1121
2163 1068
2694 1459
1762 1322
1633 1291
2155 1222
1687 1199
2670 1002
830 1350
1925 1249
987 1458
2816 1143
1602 1037
2248 1046
1186 1320
2291 1230
2181 1237
1958 1447
1051 1080
2154 1048
1480 1028
656 1183
2627 1166
2019 1420
1430 1477
1424 1394
2357 1359
1875 1292
1333 1372
2950 1057
1195 1467
1697 1130
1717 1241
2912 1094
1138 1448
1306 1269
2658 1218
976 1219
1225 1131
1645 1388
2450 1007
2410 1439
2710 1270
1879 1132
1564 1311
1351 1028
1441 1014
2586 1251
665 1141
1705 1170
1167 1297
1672 1368
2378 1312
730 1323
796 1068
911 1494
623 1491
2708 1027
2916 1199
1885 1150
2566 1005
2408 1009
2748 1223
2532 1298
2757 1024
860 1106
546 1352
2936 1157
782 1454
1112 1480
1164 1374
1018 1331
612 1254
2741 1443
2716 1287
959 1218
763 1006
1559 1027
887 1048
675 1474
2511 1205
1569 1036
1994 1230
1430 1107
2941 1311
1211 1198
1966 1384
1290 1367
2181 1229
1388 1473
1417 1478
2045 1401
2764 1041
1057 1100
1347 1261
1061 1349
905 1134
1664 1049
538 1280
1121 1119
1194 1461
2181 1003
735 1287
2579 1490
1979 1321
1794 1365
1497 1177
511 1047
1538 1336
1838 1439
2055 1090
1237 1157
1574 1263
980 1152
1346 1206
1211 1119
506 1018
707 1327
855 1328
1889 1143
2199 1384
981 1422
730 1332
2569 1414
2037 1206
2246 1237
2886 1181
524 1392
1570 1060
2194 1064
1795 1185
706 1431
2250 1459
999 1145
771 1442
1230 1116
808 1217
1168 1063
2622 1353
2476 1250
2417 1268
2061 1045
1071 1250
658 1239
2843 1153
1899 1186
1877 1156
837 1056
2985 1316
2592 1401
1837 1338
1811 1409
2598 1054
1462 1002
2182 1230
2610 1265
1376 1229
2339 1135
2937 1160
1212 1039
2429 1274
574 1346
738 1493
1550 1097
799 1083
2864 1011
1163 1423
2247 1056
1480 1445
1040 1285
673 1333
1859 1043
2389 1197
1029 1056
987 1426
1590 1230
819 1087
2187 1464
555 1360
1393 1215
2438 1444
1755 1074
1907 1428
534 1310
2139 1475
1837 1239
1471 1074
1467 1046
1058 1092
995 1207
2856 1207
1979 1202
1800 1072
983 1424
1045 1057
2276 1424
2315 1092
787 1040
2192 1056
2807 1264
1375 1266
1743 1437
2439 1403
840 1186
2293 1053
1163 1348
1841 1073
1174 1097
565 1125
2901 1382
1642 1274
2177 1139
1448 1354
1276 1060
1453 1068
2168 1283
1668 1413
1134 1077
1765 1268
2381 1339
2565 1038
738 1129
974 1208
1740 1164
847 1009
2908 1197
1608 1396
784 1438
627 1075
517 1077
1828 1472
1651 1490
2895 1312
2328 1385
2199 1147
694 1260
1710 1351