1700 5000
852 1277
2038 1402
711 1041
2865 1086
1341 1236
998 1002
2831 1492
2476 1359
1122 1177
1813 1316
2978 1079
694 1330
1489 1122
1139 1431
1348 1334
1135 1111
1420 1046
2119 1447
2390 1162
2017 1083
802 1258
2483 1267
1889 1043
1298 1472
2437 1247
1823 1206
1452 1406
1731 1414
2349 1101
2401 1370
1318 1045
2694 1247
1524 1181
1359 1392
2549 1379
2530 1206
1376 1395
1554 1195
1642 1051
851 1044
2280 1423
1546 1317
1958 1376
968 1357
2285 1030
1559 1360
1251 1308
707 1002
1429 1076
1808 1036
1393 1059
1168 1456
1423 1295
753 1474
2613 1412
2148 1155
1657 1224
1112 1272
850 1029
2084 1274
2147 1228
2843 1360
1270 1347
1485 1368
2838 1492
2940 1447
1591 1288
636 1014
2060 1035
2488 1090
1493 1137
1298 1431
1588 1374
1458 1457
1045 1385
1548 1434
1536 1453
986 1162
2335 1431
1834 1476
595 1353
945 1082
2108 1300
591 1387
1165 1332
1746 1281
1384 1446
2548 1089
589 1142
654 1142
502 1413
1689 1330
2746 1398
1849 1463
1518 1082
1214 1352
2630 1434
1147 1183
2959 1108
2576 1088
1710 1049
1329 1114
2884 1098
685 1499
2313 1097
991 1327
2361 1326
1583 1183
1765 1257
2737 1105
819 1093
2207 1450
1096 1022
1592 1378
557 1249
2463 1028
2163 1068
1305 1325
1827 1160
2240 1119
2320 1086
1059 1327
595 1436
2415 1171
714 1316
1257 1414
1449 1271
2770 1336
2501 1399
2997 1087
1976 1021
652 1376
890 1192
678 1131
1286 1266
2494 1446
718 1321
1541 1063
2100 1413
2883 1178
960 1489
2313 1337
592 1303
1224 1314
2427 1087
1551 1136
2907 1060
1294 1267
2734 1387
2363 1369
2043 1108
2063 1446
1537 1394
1356 1408
2194 1358
1590 1332
1787 1404
725 1088
2682 1321
2251 1249
2944 1125
1918 1056
2034 1062
1324 1270
2020 1085
2119 1492
2817 1307
1815 1428
1935 1120
985 1035
2691 1104
1627 1053
1647 1037
1489 1481
2958 1218
2881 1380
2083 1268
2131 1495
2958 1452
2057 1075
1068 1091
1280 1227
918 1395
2288 1175
1035 1024
1572 1044
1635 1222
982 1128
1316 1206
2759 1293
2527 1106
544 1007
1612 1189
1515 1204
1478 1306
2303 1040
1763 1039
2170 1176
1415 1462
1639 1139
2994 1359
1457 1332
1721 1164
503 1471
2827 1176
2320 1265
2711 1155
1749 1128
1779 1471
1693 1293
2771 1203
1426 1187
1600 1174
2423 1136
2279 1486
2077 1455
1181 1382
2630 1492
1991 1404
2547 1112
2608 1429
1856 1492
2401 1249
1790 1359
1808 1236
2523 1412
1951 1290
674 1146
2798 1215
1027 1082
1839 1487
600 1141
2044 1363
659 1471
2723 1110
1892 1450
2545 1360
2870 1210
1547 1343
1504 1403
1097 1065
849 1165
1578 1326
1133 1399
2032 1203
674 1187
1711 1263
1068 1209
1733 1475
2587 1405
2341 1044
1816 1387
1422 1216
1497 1388
2344 1360
2625 1086
2442 1357
2042 1407
877 1227
2951 1114
2411 1228
1240 1052
1400 1264
1168 1408
627 1490
982 1112
1746 1026
2679 1161
1904 1202
698 1455
2165 1092
825 1461
1590 1165
1253 1443
1329 1190
1179 1012
1129 1302
677 1140
510 1231
2219 1417
2705 1430
2201 1357
698 1315
2165 1412
1708 1072
2452 1146
1577 1407
1872 1072
1535 1214
1211 1360
1324 1042
2662 1348
971 1154
2046 1078
1616 1334
2478 1080
1364 1340
2113 1151
557 1196
661 1470
2169 1297
2003 1212
1363 1269
676 1386
984 1430
1267 1109
1491 1298
1483 1332
951 1449
2932 1472
2438 1410
2696 1069
2213 1345
2793 1111
1366 1417
798 1346
1654 1334
1589 1317
1482 1438
832 1135
892 1345
2813 1368
2775 1378
2107 1069
2145 1491
2024 1382
2137 1356
1028 1319
2753 1240
2237 1128
1205 1332
2766 1210
731 1197
2733 1308
2801 1445
1979 1051
615 1186
2153 1079
2919 1120
2456 1273
1256 1391
2070 1344
1773 1036
2725 1044
1802 1491
579 1224
1380 1423
1895 1331
525 1113
1766 1388
1125 1066
2828 1146
2410 1110
1865 1277
2260 1030
2670 1381
646 1240
1370 1441
1642 1078
1939 1354
2580 1157
2706 1284
860 1147
1297 1290
879 1288
1868 1007
2666 1160
1855 1466
1252 1232
2721 1433
540 1474
2715 1017
2211 1128
2433 1389
1154 1351
661 1471
1883 1122
2414 1125
1816 1169
657 1346
560 1390
1370 1007
2005 1178
1684 1235
2400 1237
2201 1330
600 1000
2589 1123
2807 1431
1074 1373
1615 1027
2121 1218
2010 1254
778 1051
1428 1024
880 1022
882 1080
2699 1397
2835 1303
1019 1062
1457 1111
1599 1434
1638 1340
1161 1264
1337 1082
2292 1267
2881 1277
1317 1288
531 1438
1198 1405
746 1463
1994 1306
2947 1071
597 1060
1684 1276
1505 1053
1855 1409
1198 1260
2254 1218
2357 1326
695 1390
2497 1040
2001 1427
2170 1166
716 1311
1974 1133
1915 1178
1287 1414
2435 1423
1319 1016
2205 1471
2001 1366
2837 1248
2194 1401
2885 1335
953 1229
1144 1272
2201 1103
609 1118
1470 1188
1747 1084
2467 1363
1101 1264
1604 1265
1428 1107
2050 1449
1393 1318
2915 1295
1788 1031
798 1471
601 1435
2313 1104
2137 1089
2010 1229
873 1381
2960 1020
959 1485
2279 1141
1696 1092
1208 1248
2392 1390
2235 1477
2453 1293
1873 1023
2169 1281
1392 1202
1026 1363
771 1183
1027 1368
1351 1186
1799 1008
1571 1368
1803 1268
2397 1103
675 1210
1242 1458
1539 1428
673 1256
1011 1040
1352 1469
2881 1176
1621 1058
1287 1000
2572 1414
534 1107
2096 1198
939 1156
855 1109
2163 1075
869 1000
1214 1394
2911 1417
1119 1159
2916 1218
815 1238
2993 1462
663 1192
822 1140
2442 1336
1916 1436
1748 1190
579 1045
2191 1195
1481 1336
1180 1400
2853 1114
861 1102
1986 1266
1806 1374
1416 1419
2714 1456
2734 1004
2302 1101
808 1158
1697 1383
1398 1095
2395 1088
2540 1401
2109 1011
1891 1387
2629 1411
2852 1404
1993 1259
2876 1085
1564 1068
1284 1100
2481 1264
2040 1295
1082 1473
2223 1356
1917 1128
981 1316
1782 1349
1196 1061
1436 1301
2345 1244
1253 1354
708 1413
2869 1440
2158 1397
840 1219
1799 1267
1735 1403
1560 1025
1315 1495
1869 1295
589 1319
1447 1133
2509 1432
960 1067
2532 1332
828 1189
1613 1205
935 1059
2209 1134
1571 1076
2300 1369
580 1254
661 1274
1725 1204
548 1110
2087 1416
2828 1004
2628 1207
2348 1221
765 1359
1407 1466
2624 1033
2610 1037
1918 1197
2045 1496
1396 1221
2413 1383
2616 1345
1005 1462
1809 1422
1992 1102
1646 1131
2823 1423
2791 1129
1906 1183
2743 1013
1779 1464
1492 1098
2775 1101
1015 1230
2072 1183
2984 1389
2711 1223
1131 1386
1986 1278
1372 1429
1759 1319
2480 1202
2867 1249
687 1102
927 1480
1972 1476
1491 1492
1708 1030
910 1472
1416 1165
1613 1128
2190 1252
2461 1169
2213 1307
1137 1332
562 1044
2008 1493
536 1467
1425 1064
816 1146
857 1170
842 1030
1391 1456
2763 1462
1285 1288
765 1178
1399 1359
1274 1211
1729 1193
1004 1088
2234 1075
1390 1468
2633 1239
1913 1011
734 1279
1797 1167
1245 1457
2617 1200
873 1171
2438 1446
750 1468
2727 1031
1058 1005
2449 1071
753 1039
1230 1003
2650 1012
1940 1469
1585 1006
1144 1039
1023 1180
756 1214
1851 1232
1594 1191
1087 1015
1545 1365
1334 1274
2046 1169
1764 1075
854 1438
1595 1117
1905 1060
1307 1050
1140 1233
1309 1402
959 1183
1480 1423
1289 1324
1278 1357
2811 1135
934 1482
616 1125
2711 1152
542 1302
514 1198
1676 1058
994 1173
1711 1181
965 1216
2547 1423
702 1473
1578 1184
2883 1379
2887 1140
2320 1427
657 1019
2632 1351
823 1307
780 1248
2365 1366
1755 1063
672 1131
2060 1002
799 1020
568 1173
2763 1243
719 1398
1023 1012
695 1146
939 1391
1486 1186
892 1262
503 1498
2586 1042
2312 1070
2479 1381
2234 1210
644 1321
1583 1160
1241 1265
2544 1253
1861 1141
643 1182
2661 1080
2308 1288
760 1215
1042 1176
1785 1334
930 1001
2037 1074
1480 1428
1590 1226
1960 1054
2877 1308
769 1268
2106 1212
2901 1266
2205 1377
2192 1302
1393 1475
1538 1282
666 1459
1211 1235
1330 1225
534 1060
613 1073
2151 1492
2466 1194
1637 1136
719 1320
561 1443
2951 1092
1947 1439
1569 1403
1259 1429
1048 1204
2292 1047
2738 1345
2616 1256
1592 1194
2946 1114
1185 1141
2581 1045
1860 1147
632 1434
2185 1105
2455 1192
2578 1172
2353 1063
759 1145
2022 1357
614 1296
1615 1380
2097 1050
2423 1440
2218 1278
2295 1025
2371 1139
1576 1332
1890 1044
2284 1346
1594 1341
1110 1325
2378 1494
1083 1034
1387 1371
1283 1082
2950 1296
890 1338
2102 1266
998 1448
680 1257
549 1268
611 1481
2789 1219
1884 1154
2767 1319
920 1060
1933 1015
2912 1394
1876 1493
836 1256
1589 1044
2874 1055
1390 1211
2493 1444
2464 1348
2070 1128
2743 1051
1181 1454
758 1333
1839 1027
1433 1005
824 1359
912 1292
2022 1439
1001 1197
2874 1483
2539 1308
2169 1047
1213 1435
1557 1054
936 1138
2096 1158
958 1084
2619 1481
2511 1185
1918 1471
2899 1051
1426 1258
2891 1327
1942 1007
515 1348
2627 1243
784 1036
845 1413
1601 1305
2074 1377
1498 1326
1103 1421
2369 1233
1201 1439
2269 1453
2180 1285
2668 1495
2024 1412
1272 1223
809 1172
1966 1429
1653 1420
1396 1480
1853 1012
796 1183
2404 1418
2771 1190
678 1377
1136 1400
2019 1314
1960 1447
2185 1151
2903 1229
2096 1457
1288 1303
2629 1281
1662 1307
1247 1325
1580 1339
2105 1110
590 1217
982 1092
2966 1008
2314 1441
783 1031
2354 1491
2103 1063
692 1234
1670 1289
892 1144
1151 1426
776 1292
1163 1139
1597 1394
2986 1024
813 1449
2783 1320
1253 1141
2040 1096
2230 1276
2011 1476
929 1132
2639 1122
2662 1169
1269 1416
1938 1110
2034 1412
1642 1499
2836 1319
2240 1050
766 1116
1557 1048
596 1343
2179 1461
2803 1141
1568 1227
587 1026
2992 1140
1633 1095
2356 1143
1724 1370
559 1473
1141 1156
2331 1338
1347 1118
629 1342
1067 1388
2744 1255
1347 1156
2932 1262
576 1276
542 1125
2711 1328
1590 1342
2484 1303
1429 1067
2239 1283
1923 1401
2502 1008
1895 1427
1556 1108
2956 1002
2569 1013
980 1310
1260 1097
2080 1357
1579 1349
2809 1076
1989 1496
2822 1224
2252 1109
2896 1417
1052 1017
2144 1279
2432 1215
1807 1015
2419 1301
831 1326
1475 1027
2641 1247
1507 1409
865 1397
1195 1090
2806 1387
1096 1268
2178 1321
2269 1006
1180 1326
2944 1249
2465 1322
1510 1040
2649 1181
953 1147
2679 1340
1958 1244
1384 1130
1762 1293
1745 1212
909 1168
2102 1370
2397 1216
2653 1017
1778 1240
1835 1020
2483 1308
1906 1350
861 1320
952 1263
587 1498
714 1491
1610 1417
1079 1085
2648 1429
682 1222
2522 1106
1830 1071
1431 1474
928 1467
1871 1052
1460 1276
790 1083
2847 1181
621 1333
1567 1170
2050 1198
1568 1401
2657 1450
2156 1325
2989 1248
778 1104
649 1383
1269 1163
2640 1419
2091 1192
1844 1352
846 1013
1017 1166
994 1103
1427 1301
2759 1022
2342 1042
1473 1211
1801 1266
1900 1372
962 1167
2740 1372
1467 1230
1398 1022
1567 1377
1299 1070
1535 1297
755 1281
2932 1275
999 1008
2674 1429
1900 1153
2370 1031
2103 1216
1697 1104
2369 1405
2240 1317
2769 1009
767 1009
2540 1454
2650 1441
575 1231
2602 1067
2553 1167
541 1011
1522 1369
643 1393
2567 1286
2271 1248
2212 1114
1247 1453
1997 1054
2060 1230
2278 1248
1928 1496
558 1437
1017 1415
942 1484
2863 1192
825 1381
512 1140
1820 1254
1654 1146
1414 1443
1784 1318
2319 1130
1191 1062
2579 1462
2001 1042
1082 1095
2489 1001
763 1237
2662 1045
2514 1196
761 1199
1513 1055
1782 1444
2180 1085
682 1452
1418 1165
831 1309
2224 1355
2505 1241
2378 1233
2773 1301
1145 1126
2879 1114
728 1144
1983 1166
1130 1409
2887 1098
2595 1474
1373 1193
632 1252
1680 1258
2544 1275
2505 1236
2755 1388
1000 1343
1635 1030
2536 1316
2518 1047
1715 1211
2014 1085
2031 1204
2035 1262
2183 1039
1268 1112
1504 1289
2122 1050
2386 1055
2431 1041
1530 1150
2163 1431
2370 1480
1694 1405
2002 1442
676 1373
2138 1428
893 1438
964 1209
1006 1352
900 1094
1928 1390
2216 1117
2861 1072
2158 1368
967 1281
1842 1289
2254 1410
2050 1448
1373 1257
2493 1340
1263 1287
1829 1335
882 1222
1161 1445
885 1107
1558 1252
2037 1489
1614 1251
2045 1319
633 1177
762 1046
2155 1089
2184 1000
2942 1437
1163 1010
772 1318
1729 1328
1058 1478
2622 1466
2409 1392
968 1235
970 1089
1299 1142
1343 1203
1729 1315
2165 1067
2299 1187
594 1401
1869 1397
2843 1410
1012 1046
1042 1202
1976 1269
1203 1387
2941 1369
602 1023
2746 1046
2345 1174
2210 1013
704 1158
2252 1444
2267 1072
1814 1361
1147 1287
1168 1267
1727 1311
509 1298
1978 1167
572 1185
2047 1383
1071 1426
560 1194
2735 1322
1787 1378
1190 1436
1445 1369
1779 1159
1089 1284
1552 1459
1094 1222
1832 1019
927 1101
2437 1456
612 1102
766 1374
2958 1202
1908 1412
2159 1083
2574 1249
2471 1141
1400 1199
2160 1397
1874 1136
1349 1074
1655 1395
528 1131
2831 1158
1529 1400
2648 1378
2876 1440
1006 1401
2937 1317
885 1216
2384 1262
670 1239
1186 1456
1027 1328
1418 1186
1777 1318
1849 1013
2463 1284
2825 1491
1401 1154
2554 1003
1639 1469
2493 1299
2989 1480
1257 1030
2862 1014
1515 1454
1662 1006
1595 1141
2769 1395
1962 1060
1929 1406
1593 1180
1192 1092
647 1371
559 1122
1269 1172
2827 1003
1575 1079
2461 1432
2158 1072
1583 1081
2781 1130
663 1238
1331 1104
1231 1268
1211 1068
2168 1088
1194 1153
2943 1383
1868 1237
2802 1488
1713 1178
1589 1155
2517 1319
1774 1153
2868 1305
2779 1355
1667 1343
1281 1420
1396 1490
2477 1428
2929 1005
2504 1151
1857 1413
1181 1025
1912 1452
829 1004
607 1311
2257 1499
1942 1150
1274 1248
2865 1497
970 1023
1548 1147
1917 1275
2218 1286
2636 1066
2068 1271
1532 1228
1772 1197
830 1316
1455 1144
2372 1270
2052 1128
1517 1139
2692 1422
1891 1448
2905 1028
1253 1403
1365 1216
2679 1126
2709 1363
663 1088
1871 1174
1329 1423
2603 1054
2358 1137
1103 1302
1718 1299
682 1151
2645 1044
1164 1370
2107 1219
1472 1103
2878 1311
686 1023
2825 1284
1654 1026
2620 1082
1830 1345
2997 1138
1157 1157
1941 1321
992 1008
909 1164
1373 1429
2775 1488
1706 1027
1707 1184
1501 1497
2111 1310
1432 1085
512 1188
1120 1354
1360 1193
870 1227
2230 1292
518 1398
1819 1377
2491 1221
2774 1005
1736 1424
2686 1386
921 1457
1495 1145
1409 1054
1551 1010
1771 1058
698 1301
1062 1255
2261 1293
1831 1486
2219 1177
2291 1217
789 1461
966 1326
1005 1241
2642 1237
2719 1157
1885 1303
2334 1263
1547 1038
1414 1172
1122 1377
737 1266
1287 1450
1122 1287
2950 1265
2367 1291
1428 1423
1950 1164
1170 1175
1492 1215
616 1345
2820 1036
2535 1410
2457 1375
1101 1150
1135 1302
2586 1065
2633 1092
929 1239
511 1028
2695 1209
765 1100
1030 1023
1017 1422
2418 1222
2474 1100
2453 1498
2783 1186
697 1174
2551 1133
1457 1381
2632 1490
2177 1137
1549 1264
1203 1019
544 1237
960 1242
1390 1095
2354 1154
1488 1461
2043 1419
2583 1061
2959 1443
2284 1152
1223 1161
935 1077
1728 1068
2596 1012
2719 1050
2924 1428
688 1077
2617 1403
732 1268
2519 1136
1340 1036
1479 1075
543 1261
2815 1311
2701 1020
1256 1127
2542 1252
870 1056
2640 1026
2338 1154
2568 1143
2377 1487
2094 1288
963 1186
589 1284
676 1397
2004 1025
2993 1283
1039 1358
1138 1446
2511 1281
2962 1015
2072 1075
2004 1335
1802 1153
895 1038
2355 1392
1004 1162
1081 1202
2109 1210
1656 1443
2266 1318
2429 1328
2188 1287
2371 1397
2738 1075
2664 1088
560 1341
2430 1078
1359 1300
1926 1047
988 1421
1352 1327
2523 1196
2231 1461
1081 1445
2754 1084
940 1099
532 1167
1345 1020
2413 1395
1441 1360
2583 1450
2320 1260
2533 1282
2872 1190
1798 1485
641 1350
2511 1173
1272 1441
1717 1266
1406 1290
1867 1050
2215 1186
658 1090
751 1478
1786 1417
2927 1066
1054 1054
1186 1130
2513 1077
2721 1322
1715 1251
2934 1337
1601 1490
738 1031
1445 1247
1247 1425
1230 1112
1369 1161
886 1198
1467 1052
1250 1080
2244 1029
1484 1063
1746 1071
729 1180
1141 1137
2610 1026
2917 1028
1179 1118
2843 1355
1894 1446
2078 1350
1822 1258
2226 1319
523 1061
2840 1474
1314 1074
1452 1042
2963 1452
2501 1309
1424 1151
663 1484
2880 1418
2558 1176
2345 1015
1972 1466
2391 1062
517 1225
848 1301
530 1208
854 1099
1213 1238
2909 1220
1091 1145
2270 1343
2135 1025
1301 1281
572 1193
1269 1383
2664 1124
697 1230
2062 1346
2929 1350
2486 1320
1884 1009
2855 1244
1054 1130
1486 1289
1029 1198
2265 1474
2385 1318
1017 1408
698 1139
1571 1051
2830 1334
2302 1081
869 1456
2961 1134
601 1486
1678 1077
1785 1149
1002 1014
2045 1342
1373 1330
1753 1454
2374 1481
1916 1267
1615 1197
2223 1146
1469 1440
2948 1487
1729 1373
2546 1130
2072 1466
1997 1477
2205 1303
795 1217
2736 1156
1346 1210
1023 1431
581 1033
786 1280
980 1403
1914 1290
1090 1094
789 1019
1290 1081
1178 1284
995 1327
2564 1279
1916 1258
1131 1110
1180 1128
2665 1148
521 1166
2291 1373
2286 1006
792 1207
2456 1165
1556 1169
789 1063
1302 1037
1730 1425
1555 1143
2618 1270
1245 1240
791 1374
1057 1139
2047 1454
2608 1458
1429 1332
503 1185
2260 1216
1401 1384
1267 1426
2464 1149
1401 1329
1717 1272
2780 1453
1792 1118
721 1046
643 1394
2105 1364
1725 1091
1290 1283
676 1054
999 1246
2133 1178
2850 1066
2000 1376
1777 1009
721 1240
2287 1229
1155 1439
2511 1158
1824 1350
1768 1471
674 1063
2163 1076
1713 1447
2143 1306
1693 1220
999 1426
1783 1301
946 1134
1163 1458
1245 1117
518 1255
1651 1157
2739 1477
1805 1394
1486 1135
1223 1421
2447 1419
2478 1091
1378 1189
2082 1422
2769 1432
1814 1291
938 1003
2908 1027
2223 1346
1161 1130
2111 1272
2536 1079
2162 1457
2250 1484
2702 1305
1012 1137
2375 1386
2184 1416
1909 1139
917 1329
2317 1456
2125 1126
2328 1330
1209 1353
2652 1000
949 1365
2395 1196
2919 1345
1270 1074
1537 1419
1105 1120
2451 1163
1829 1253
1952 1341
821 1373
1852 1395
2694 1067
2236 1267
1276 1485
775 1062
1262 1472
2807 1058
2845 1325
2822 1469
1675 1067
737 1429
1048 1344
2650 1292
1204 1417
1004 1236
1949 1250
1024 1119
533 1475
574 1079
2405 1453
2981 1438
939 1352
2031 1126
2123 1248
1600 1459
1551 1073
2213 1127
2733 1176
1330 1154
2556 1430
2118 1302
2921 1354
2423 1158
554 1108
1932 1342
1739 1076
2458 1472
2891 1215
1485 1190
2077 1340
2723 1078
2646 1148