1850 5000
2633 1303
720 1477
853 1413
2213 1467
1603 1320
1539 1126
2308 1478
882 1096
1485 1337
560 1355
1492 1058
1325 1231
1708 1113
776 1404
1608 1256
1646 1160
1394 1126
2720 1173
1416 1233
1646 1396
2999 1364
2676 1007
1969 1456
621 1457
2740 1101
2674 1336
1312 1080
694 1223
1793 1048
569 1417
2012 1479
1770 1158
1499 1080
2920 1204
2938 1006
2183 1254
2192 1009
2152 1296
2329 1055
2867 1239
501 1235
2926 1449
1972 1056
1821 1429
2967 1198
961 1254
2255 1405
2037 1345
657 1265
2945 1101
1185 1362
1702 1289
994 1017
2021 1499
2323 1452
2276 1474
519 1266
2964 1340
2341 1174
1976 1297
2658 1022
970 1291
2986 1288
1109 1193
1640 1138
2696 1051
2632 1281
2717 1155
2378 1179
1169 1181
822 1190
2215 1376
2202 1046
1527 1337
1030 1478
2822 1399
2560 1264
2222 1439
1232 1232
1098 1344
851 1443
2586 1128
760 1153
1341 1494
758 1481
1663 1217
2597 1306
884 1319
2481 1426
1104 1282
1009 1161
719 1427
526 1382
2164 1135
2442 1026
1647 1260
2314 1232
2535 1322
974 1245
2378 1257
2178 1341
2357 1141
1669 1039
2801 1106
2758 1354
2275 1498
2691 1248
1848 1490
1685 1077
2678 1468
1671 1043
1131 1142
2542 1065
2800 1135
1891 1281
1356 1228
2312 1252
1956 1163
2067 1286
950 1175
1893 1402
1153 1207
998 1209
1223 1024
2326 1335
2872 1418
2098 1160
1157 1051
828 1193
2460 1237
2920 1409
1554 1345
2039 1220
2531 1138
1011 1025
2015 1428
605 1391
2116 1282
1318 1473
555 1006
1104 1167
1920 1081
2890 1411
2479 1333
2456 1296
2741 1226
1342 1404
1449 1272
2730 1167
1999 1131
1700 1481
1610 1371
1883 1234
2042 1095
2392 1440
564 1193
2781 1495
1173 1042
1420 1350
741 1006
843 1020
2655 1175
1246 1069
2256 1289
2488 1418
2659 1199
933 1001
580 1258
1854 1018
2081 1169
2169 1094
2888 1014
1229 1057
2460 1135
1456 1452
2386 1311
816 1466
2542 1225
1228 1399
2838 1456
2319 1197
2157 1354
1850 1235
860 1069
594 1422
1882 1255
746 1343
2888 1311
1265 1379
2510 1275
2603 1172
1634 1087
2295 1143
1777 1048
1664 1101
2704 1393
748 1330
518 1317
567 1325
2533 1163
1817 1002
2087 1127
837 1357
2807 1166
2091 1145
1557 1487
2191 1450
1597 1013
2961 1390
963 1315
1608 1009
2204 1295
913 1452
629 1159
1616 1052
2921 1440
837 1038
1633 1001
1887 1334
2473 1466
728 1030
1157 1326
1349 1439
1867 1074
913 1424
892 1067
2214 1467
1957 1132
1122 1119
805 1059
672 1441
1289 1065
517 1096
1653 1255
2231 1485
2812 1194
2305 1466
2148 1062
1320 1000
2200 1440
853 1021
2407 1386
1471 1262
877 1204
2828 1011
1642 1172
2976 1109
2897 1159
2028 1176
1446 1452
1416 1071
633 1147
2541 1353
1695 1460
1574 1106
1808 1372
886 1300
2179 1362
2968 1077
1905 1358
2727 1205
2876 1458
1326 1329
705 1082
2112 1292
2397 1048
1275 1272
1962 1130
2438 1050
661 1412
1472 1212
2417 1072
2412 1318
898 1462
2513 1185
2379 1329
627 1037
650 1020
2727 1402
1273 1294
2990 1055
898 1002
1592 1405
2161 1253
780 1373
832 1159
2469 1193
2052 1142
2878 1220
552 1083
1375 1115
2548 1364
686 1403
1536 1094
844 1171
2747 1227
588 1467
1171 1054
2440 1080
2497 1326
511 1300
2084 1166
1103 1349
2845 1073
2747 1294
2401 1207
2763 1318
511 1365
664 1489
2300 1458
833 1062
1344 1193
1230 1417
1042 1464
2670 1420
1911 1288
1224 1238
689 1245
1489 1387
1432 1461
886 1266
616 1024
758 1197
2478 1225
2332 1280
1050 1134
2672 1070
1664 1305
2539 1123
566 1272
1938 1377
980 1203
2850 1134
1233 1110
1387 1290
1544 1185
2961 1295
1328 1232
1629 1229
1094 1424
2908 1022
2121 1447
1742 1059
2121 1137
2451 1393
872 1344
2792 1104
2440 1015
2211 1393
2842 1164
1846 1426
623 1252
641 1253
1180 1240
2908 1248
776 1026
1301 1423
2482 1092
1174 1322
1137 1107
2586 1017
520 1420
1224 1122
657 1188
1641 1225
2624 1126
2384 1249
903 1129
780 1493
2112 1289
2003 1343
1442 1457
1746 1343
2389 1202
1043 1232
1884 1449
2269 1094
2684 1451
1123 1480
1313 1319
1738 1035
594 1499
2667 1132
2469 1142
2826 1307
514 1325
1254 1277
1516 1290
2225 1202
1645 1445
2246 1240
598 1481
1680 1069
1070 1477
2867 1089
2604 1109
2542 1370
1606 1480
2325 1053
2252 1135
1242 1164
2330 1349
2900 1008
1123 1041
2638 1251
1289 1400
2445 1460
2796 1202
1855 1218
2395 1081
2992 1145
735 1141
2486 1313
2082 1034
2952 1167
934 1316
1069 1199
2352 1381
1803 1050
1175 1079
2202 1221
506 1410
2778 1293
1822 1213
1142 1113
851 1127
535 1092
1197 1015
2896 1312
1751 1396
2135 1001
549 1302
2066 1141
931 1026
2028 1477
2142 1308
656 1401
2088 1105
1652 1146
1707 1425
1009 1315
985 1121
2990 1154
2163 1309
616 1265
2390 1050
1171 1059
2788 1075
1319 1142
2974 1188
1012 1120
2938 1301
1474 1251
1671 1355
526 1315
932 1083
1040 1019
1994 1021
639 1193
2638 1082
1225 1399
2879 1186
1035 1265
2203 1004
1690 1430
2238 1419
968 1308
2534 1191
2276 1446
2664 1390
2975 1354
997 1179
1485 1416
2703 1357
1006 1114
2785 1174
1254 1343
530 1345
2746 1452
667 1205
715 1327
1784 1031
1651 1461
1995 1162
2480 1237
530 1435
1658 1089
509 1022
1480 1348
2117 1163
2463 1198
2542 1452
868 1022
714 1279
1886 1056
2407 1497
1597 1205
1587 1297
2508 1103
2934 1402
2518 1256
953 1247
510 1494
774 1459
704 1303
2228 1236
1885 1440
2038 1380
2257 1427
1848 1075
1738 1056
2321 1280
666 1095
1342 1146
1365 1271
2030 1391
878 1361
1517 1102
1594 1188
1734 1187
1139 1001
1289 1071
1493 1198
2999 1260
2607 1022
1591 1013
2636 1282
764 1227
2826 1497
2180 1324
810 1226
2121 1462
1195 1097
2478 1208
2738 1059
1823 1435
558 1122
2023 1011
2459 1312
1209 1379
1675 1327
1167 1128
2199 1022
1095 1055
904 1301
1692 1019
1669 1069
1359 1464
2143 1358
960 1187
1185 1022
1857 1441
1410 1439
1472 1266
2869 1310
2646 1324
1583 1298
2434 1150
2375 1259
686 1415
2049 1249
1321 1191
2782 1081
1910 1160
2395 1371
2968 1310
2079 1130
983 1127
689 1017
2176 1003
1377 1111
2402 1478
2983 1476
2196 1362
2815 1106
2126 1166
2070 1306
2899 1439
1305 1267
1242 1482
2959 1481
1885 1041
2342 1406
662 1290
1465 1402
1886 1299
2132 1231
1735 1292
557 1288
1992 1314
1516 1363
1072 1063
868 1227
580 1416
1271 1331
1988 1088
1056 1093
1899 1438
2868 1330
1737 1341
2134 1349
1388 1262
590 1232
1261 1209
1011 1462
633 1430
2900 1324
1982 1384
1449 1059
2115 1365
978 1451
2732 1442
2231 1021
2500 1073
2152 1066
1601 1316
504 1255
2352 1134
1596 1210
1469 1450
2770 1310
1337 1165
1115 1273
1325 1199
2564 1068
869 1035
1186 1013
579 1438
665 1475
959 1083
582 1009
1304 1344
2559 1181
1413 1128
1784 1209
2297 1151
2043 1232
746 1132
2805 1370
762 1455
2462 1199
1791 1458
1338 1134
2478 1186
2474 1328
1800 1018
1828 1491
2425 1112
1818 1120
2994 1227
1424 1447
1924 1096
2331 1411
1886 1058
2729 1351
2122 1010
2236 1239
2666 1303
1518 1253
2144 1485
2826 1148
2218 1255
2756 1360
1397 1374
2480 1488
2183 1144
756 1137
2500 1247
2268 1082
885 1031
1477 1490
2185 1298
1807 1191
2957 1408
2231 1450
1546 1008
837 1341
2967 1463
2941 1139
859 1087
1387 1325
2132 1335
1632 1260
2387 1229
1190 1167
2132 1063
619 1233
2420 1297
2203 1472
2641 1116
1528 1363
1951 1077
2447 1318
2882 1205
1380 1419
2320 1016
2223 1480
1962 1144
632 1213
1851 1031
2577 1131
2422 1213
1698 1337
1825 1006
1360 1007
627 1414
564 1074
2087 1059
957 1064
2049 1494
2684 1472
656 1127
2043 1400
1448 1041
2993 1454
1422 1449
2082 1452
630 1069
1034 1024
1674 1062
1708 1174
796 1073
608 1379
2471 1327
1571 1253
1234 1358
1108 1051
2206 1179
2935 1335
2907 1152
2149 1334
2857 1078
2272 1012
1679 1465
1552 1070
1913 1348
1497 1092
1621 1357
1111 1497
2256 1416
2425 1326
1356 1365
2200 1000
846 1008
1573 1310
891 1482
1154 1083
1867 1413
1280 1201
2863 1271
2964 1058
1936 1403
1249 1174
1134 1454
653 1375
1119 1429
1475 1260
1913 1130
2372 1248
2192 1322
1127 1004
1626 1179
2942 1302
2388 1090
1550 1477
1417 1451
1245 1344
1232 1228
2043 1005
1039 1452
782 1343
2032 1047
2210 1393
2661 1418
832 1241
2436 1367
1310 1036
1922 1441
2060 1284
2800 1094
783 1029
1967 1489
2734 1161
1288 1216
802 1174
1673 1448
1850 1102
2073 1053
2763 1226
1482 1173
2507 1270
1843 1054
1257 1028
778 1335
2490 1284
1792 1110
2411 1367
854 1418
2729 1462
2622 1266
543 1339
948 1440
1961 1401
2020 1372
2058 1353
1584 1167
1805 1374
1994 1039
2887 1056
2873 1122
1111 1484
2860 1285
2588 1258
1292 1409
2854 1407
2831 1455
2979 1181
1808 1061
1455 1323
2722 1172
905 1264
1385 1492
1565 1046
539 1285
1414 1405
1953 1416
1205 1185
2259 1449
1924 1264
1253 1384
605 1243
2414 1309
1027 1150
2283 1420
1119 1163
2811 1183
2159 1125
758 1165
925 1322
607 1412
2398 1380
810 1101
832 1448
2834 1439
1189 1256
1791 1081
2372 1093
2260 1229
1928 1222
2851 1232
2409 1406
2311 1387
2813 1496
1219 1005
1848 1174
1738 1316
606 1243
744 1010
2339 1436
548 1008
2347 1154
1887 1118
2912 1347
536 1447
1157 1037
1898 1327
2461 1329
1351 1215
2628 1445
920 1054
1619 1385
670 1468
1408 1053
1803 1079
789 1283
2869 1473
2342 1327
1627 1272
1839 1349
1882 1444
1318 1468
1484 1285
2218 1113
2730 1198
2070 1342
1655 1147
2000 1095
2513 1278
1608 1004
2407 1126
2137 1383
2952 1303
2777 1398
2399 1175
1116 1025
1645 1292
1711 1486
1048 1147
2434 1133
1777 1433
1574 1264
2182 1092
1543 1085
2844 1180
1272 1424
2156 1135
1500 1431
2526 1189
1470 1404
625 1452
1450 1495
1290 1489
1673 1275
864 1120
2939 1084
1376 1005
734 1134
2053 1178
1491 1187
1313 1374
2267 1454
2525 1409
2513 1311
550 1034
1814 1419
2572 1493
2018 1135
2386 1447
1075 1420
2747 1204
2844 1481
2842 1347
1394 1407
2491 1097
1270 1386
523 1491
2151 1100
1164 1257
2403 1268
2911 1205
2527 1224
1249 1230
2403 1223
2045 1056
2563 1062
2706 1327
2221 1107
2918 1214
2786 1166
1713 1383
1387 1134
571 1179
1572 1019
2400 1493
2480 1419
2916 1003
500 1431
1713 1281
2169 1046
661 1094
1723 1160
516 1053
2984 1051
1591 1046
1990 1421
1806 1443
2735 1220
1139 1485
1027 1246
1543 1289
1649 1085
2136 1363
707 1424
2652 1067
1215 1346
957 1367
2713 1412
1404 1367
1620 1378
870 1217
539 1175
2580 1450
1236 1498
1841 1248
2649 1144
1641 1427
523 1395
2873 1145
1541 1116
689 1028
1639 1490
2681 1043
1646 1291
2275 1080
1744 1070
1257 1276
1818 1319
1185 1497
2736 1263
1829 1461
2889 1350
2161 1150
946 1302
2837 1351
903 1064
2134 1004
1828 1431
1893 1285
1872 1012
1683 1441
2662 1287
2336 1143
750 1240
1236 1068
1000 1104
545 1180
2683 1011
1757 1175
1052 1401
1973 1361
1009 1340
617 1009
2478 1057
2621 1320
667 1056
2987 1009
1770 1416
2540 1265
1172 1060
815 1080
1587 1043
2984 1400
2143 1157
1653 1280
737 1028
1312 1129
1831 1131
515 1376
1480 1014
889 1134
1913 1145
1747 1094
1787 1401
1231 1230
1375 1329
869 1135
928 1453
2961 1064
2481 1273
1839 1225
651 1396
1991 1166
1176 1015
2103 1383
2514 1169
2917 1448
1768 1124
615 1398
740 1098
2168 1227
1726 1425
2359 1059
1001 1271
1240 1109
2207 1130
2952 1024
1395 1427
1434 1299
2818 1071
647 1134
2717 1191
2614 1451
1511 1017
856 1201
1239 1339
2525 1404
514 1149
1602 1324
1398 1431
525 1232
2729 1395
1552 1255
2212 1130
2853 1470
2422 1175
1549 1220
1299 1193
2020 1468
2331 1281
1962 1345
1661 1037
1757 1499
1426 1168
2054 1282
1567 1237
1240 1461
1989 1068
1531 1086
2705 1036
1453 1257
683 1156
2874 1272
1835 1306
687 1293
753 1293
2668 1242
609 1160
2968 1257
1337 1312
2723 1061
1837 1411
1641 1396
1251 1203
1215 1435
1814 1238
2859 1358
1461 1327
1825 1067
2862 1206
1732 1061
1651 1167
1241 1065
1991 1414
2486 1323
2993 1227
2729 1116
1667 1104
1443 1466
1298 1272
1504 1175
1923 1121
617 1444
2018 1232
2226 1232
2513 1013
2203 1091
2937 1490
2816 1237
1284 1014
2467 1117
720 1309
1071 1043
1035 1394
1277 1256
1958 1300
2627 1222
986 1252
999 1152
2197 1184
1511 1035
1751 1489
1370 1315
703 1007
2162 1211
1758 1035
1925 1476
1921 1376
2400 1071
934 1199
2146 1258
1778 1291
603 1209
664 1294
2750 1076
740 1195
722 1075
2200 1205
2731 1334
1497 1236
1098 1297
540 1404
2889 1290
1196 1335
2313 1339
2886 1110
1820 1392
964 1178
2349 1404
2302 1082
2929 1415
2113 1422
1813 1300
2443 1219
1772 1431
2163 1231
2418 1274
2811 1042
1602 1044
1888 1204
1957 1075
811 1375
731 1160
2586 1362
746 1247
1979 1056
1334 1423
1219 1190
2098 1429
2688 1350
2631 1039
2132 1265
2682 1203
1042 1130
2791 1261
1260 1002
693 1292
2479 1158
1334 1314
2377 1124
1053 1037
2560 1241
2696 1121
1467 1450
1359 1244
2741 1241
2864 1129
2035 1277
595 1072
1536 1447
1712 1097
1600 1361
2575 1158
582 1415
1270 1156
1765 1223
2698 1176
2886 1456
2206 1229
2224 1393
2283 1283
2787 1454
1988 1245
2647 1215
2614 1473
687 1335
1682 1465
1380 1345
1157 1246
1748 1257
1193 1263
2981 1489
1977 1428
1435 1222
942 1247
518 1445
641 1428
1600 1368
1736 1473
1434 1092
1277 1386
1957 1386
2867 1202
2513 1464
1181 1129
1911 1339
1632 1409
2108 1361
545 1066
1656 1475
2973 1478
1677 1301
2976 1260
2511 1349
1935 1406
843 1261
1525 1446
1144 1272
776 1084
555 1368
2699 1079
1473 1183
2870 1325
1751 1299
504 1496
1826 1001
2342 1387
2132 1450
707 1426
1677 1158
1930 1494
2665 1393
2809 1043
781 1004
701 1358
2442 1404
1682 1019
717 1078
1326 1017
1166 1236
2815 1182
976 1487
637 1007
1209 1429
700 1333
1950 1197
2825 1276
1164 1413
1298 1021
2145 1472
1125 1309
2922 1217
893 1360
913 1217
2211 1095
2615 1276
930 1136
2098 1257
2959 1316
1103 1194
921 1195
931 1083
2638 1494
903 1420
2698 1361
699 1189
822 1130
636 1082
2802 1457
2444 1421
1659 1499
1752 1248
939 1497
2099 1389
1660 1001
1912 1294
1671 1132
2103 1439
2889 1457
1240 1157
2328 1329
806 1161
560 1005
1399 1010
1345 1003
621 1386
1976 1303
1665 1224
2309 1435
1907 1050
1728 1321
1622 1491
1070 1266
1476 1453
2294 1254
1152 1036
2106 1068
1843 1177
934 1119
1402 1204
1868 1479
1903 1322
2645 1174
1578 1321
2402 1420
618 1349
2612 1122
2533 1352
981 1366
1387 1467
1091 1081
2096 1459
889 1399
539 1279
1702 1259
1876 1447
505 1440
2393 1030
1204 1318
1662 1366
2760 1315
2782 1308
626 1096
632 1444
1900 1087
720 1046
2614 1370
2532 1034
2253 1224
2449 1106
800 1457
2164 1028
2538 1385
1531 1239
2705 1269
1305 1113
693 1068
2068 1125
2185 1379
2622 1434
2847 1272
1620 1255
1548 1406
2374 1170
659 1383
2986 1215
2870 1385
2455 1397
1041 1428
1880 1189
1234 1475
2870 1185
2709 1128
1212 1356
2507 1487
628 1460
1498 1469
1796 1427
1391 1414
2056 1269
1581 1437
2612 1349
1690 1456
1165 1208
686 1268
2918 1246
1600 1077
1882 1364
1072 1009
2511 1099
1203 1340
2149 1111
2619 1418
1619 1297
2597 1481
905 1355
2836 1456
1345 1032
2071 1379
1413 1224
2672 1304
2682 1443
2233 1471
755 1483
1927 1309
2134 1302
2247 1456
2567 1415
753 1497
944 1100
1587 1086
2872 1289
2685 1008
637 1170
1689 1048
2270 1107
2725 1122
2153 1282
1392 1239
2008 1435
1205 1493
1388 1189
2454 1386
2302 1114
532 1113
929 1355
1033 1318
518 1027
1769 1018
1178 1019
2256 1344
1128 1183
842 1120
1784 1391
1623 1205
529 1436
2221 1324
1998 1143
1279 1278
2886 1221
1302 1346
2566 1377
1138 1232
701 1364
1949 1242
1109 1026
2306 1353
1129 1192
2310 1236
2188 1062
2354 1073
2057 1079
2748 1012
1447 1271
1367 1484
1158 1193
1304 1113
2187 1248
1440 1047
936 1392
1645 1071
599 1272
1196 1427
2600 1313
1867 1157
1454 1053
960 1107
1677 1103
1676 1035
2356 1167
1170 1319
930 1285
904 1365
978 1325
2142 1058
1205 1403
1745 1147
978 1411
1466 1001
2323 1081
1442 1395
1846 1095
1945 1493
1337 1107
2643 1086
1881 1430
2480 1456
917 1134
2610 1358
1527 1205
1574 1107
514 1407
1643 1355
1543 1297
2076 1124
2827 1495
2311 1361
1572 1085
744 1265
1715 1111
2220 1226
1475 1352
2268 1138
2785 1164
2275 1201
2504 1314
2429 1410
1216 1132
2557 1139
1516 1152
2332 1265
1314 1303
551 1426
1746 1077
2558 1492
2937 1141
940 1297
2540 1150
1097 1349
2889 1235
1517 1350
2958 1013
995 1194
863 1315
2301 1188
1909 1239
2211 1494
2557 1010
2211 1308
2014 1488
516 1094
2796 1012
2670 1111
1822 1370
1512 1203
1139 1011
2502 1089
2743 1412
2046 1100
1036 1361
2165 1311
2501 1247
2111 1038
562 1373
2440 1398
646 1333
1811 1393
2085 1399
2957 1137
1320 1379
1742 1132
1902 1252
2889 1134
2544 1297
2751 1377
1324 1404
958 1151
568 1011
1040 1022
2688 1499
1317 1025
1747 1414
2924 1453
838 1090
2755 1458
1352 1221
1987 1009
1235 1099
851 1476
1857 1082
1063 1218
2636 1243
2799 1101
2729 1042
2761 1378
1887 1171
1002 1327
1090 1455
728 1161
972 1217
2723 1072
2805 1470
1094 1087
1317 1252
1885 1217
1520 1018
1772 1230
1020 1261
1437 1414
958 1489
1839 1007
2821 1337
2565 1149
618 1311
1276 1491
1260 1459
2111 1010
1003 1170
1369 1084
604 1263
1606 1240
2424 1131
2824 1065
1958 1257
1382 1360
792 1238
2535 1246
556 1337
2120 1398
1291 1470
2279 1069
677 1132
2704 1194
826 1243
1980 1172
845 1261
2908 1042
1725 1214
1346 1301
1853 1080
2260 1056
2518 1245
861 1372
2628 1235
969 1277
1087 1096
1205 1105
2968 1377
1789 1449
1675 1434
2489 1356
2668 1315
850 1184
2669 1215
979 1325
2957 1038
2172 1253
1200 1153
1258 1055
987 1453
1790 1236
1323 1309
2253 1174
2277 1470
1296 1403
2114 1155
2195 1282
1139 1449
1148 1240
2831 1221
2241 1490
766 1445
2855 1093
2181 1277
919 1086
2687 1238
1654 1068
1464 1304
2444 1348
2504 1328
2168 1312
2541 1179
1038 1384
1911 1231
1340 1007
2319 1169
2045 1439
501 1038
2852 1184
1440 1336
2745 1481
1616 1487
846 1066
792 1286
891 1480
1975 1252
933 1480
1614 1290
2607 1071
2302 1403
1015 1112
629 1440
514 1239
2319 1061
2300 1043
668 1221
967 1240
677 1463
715 1162
1212 1114
1174 1236
2730 1002
912 1049
1701 1467
2408 1140
2180 1180
1688 1206
1449 1339
574 1267
1032 1125
1864 1243
2439 1104
1637 1258
530 1243
2806 1348
2827 1009
1860 1225
2440 1284
1933 1048
2138 1293
2055 1340
1430 1100
2923 1016
926 1232
911 1123
2659 1464
1583 1002
2769 1402
2226 1120
2512 1062
1215 1381
792 1327
2915 1081
828 1151
1152 1166
517 1050
1636 1127
2487 1078
808 1279
1554 1340
1492 1141
1966 1040
1921 1249
1954 1234
2421 1300
2508 1312
2812 1320
2009 1230
2528 1239
642 1064
1719 1140
750 1263
1781 1339
1202 1161
2799 1356
2964 1368
927 1252
792 1261
1504 1120
1960 1321
1930 1161
1104 1342
2267 1020
1933 1079
795 1374
1195 1161
1612 1144
1437 1023
2584 1215
1554 1413
823 1278
1996 1039
912 1099
902 1401
817 1452
2741 1258
2975 1033
1872 1026
2813 1387
2327 1277
1925 1171
2130 1005
836 1208
2743 1210
743 1296
2969 1172
926 1407
1122 1133
1764 1394
2446 1060
2747 1320
1409 1486
1810 1345
2641 1115
2423 1074
2765 1059
1079 1051
1203 1421
1813 1228
2267 1423
2375 1476
1531 1488
2442 1320
2437 1255
1318 1458
1355 1451
1001 1411
1148 1317
654 1378
1662 1406
530 1304
529 1237
2200 1069
1768 1179
2995 1356
2526 1314
2952 1256
2438 1175
2318 1315
516 1468
1601 1487
2887 1010
2785 1423
2477 1276
1415 1211
681 1088
1395 1040
2484 1244
2454 1495
706 1473
2646 1434