2000 5000
809 1321
1162 1253
2767 1195
961 1045
623 1340
2982 1441
631 1235
2278 1405
573 1299
739 1489
1539 1360
1268 1336
1008 1108
1573 1080
893 1013
1817 1260
2949 1359
2552 1365
1295 1141
1961 1078
2848 1283
2979 1380
1907 1387
560 1369
563 1204
2269 1095
2689 1348
841 1149
2149 1057
2417 1375
2903 1005
1080 1313
628 1220
956 1428
2689 1280
1583 1180
2738 1293
831 1099
1076 1279
554 1295
1332 1386
2806 1363
2807 1463
1716 1279
1341 1238
1276 1352
2443 1374
1522 1171
1934 1103
1484 1117
1280 1422
1129 1302
1125 1323
1496 1038
2127 1307
1782 1308
1284 1134
2833 1080
685 1396
2088 1170
2586 1434
1477 1480
1799 1104
2314 1020
1961 1079
2053 1108
2489 1442
1005 1384
2510 1328
1420 1152
1171 1178
1817 1454
2709 1333
1836 1355
1975 1327
1133 1475
2957 1429
2475 1275
983 1362
1978 1029
1700 1387
1084 1083
1090 1042
1589 1138
1668 1476
969 1093
2047 1450
2552 1413
655 1401
2874 1199
1086 1220
968 1210
1930 1133
520 1052
1352 1418
1868 1371
1223 1066
2614 1371
1068 1343
966 1366
2344 1401
2330 1277
1012 1141
1843 1273
1282 1407
2058 1303
1626 1486
1482 1358
614 1206
1389 1109
2699 1049
2241 1019
1788 1370
1217 1203
2407 1049
2020 1450
660 1466
1501 1413
1205 1348
508 1405
1954 1205
2925 1436
1700 1032
1537 1354
862 1262
1257 1327
2726 1373
1278 1454
2219 1431
513 1340
685 1481
1474 1391
647 1369
2094 1247
1078 1029
2739 1401
2293 1193
1930 1222
2803 1389
807 1406
1763 1453
1435 1430
1308 1007
931 1450
1141 1360
1457 1040
1802 1314
818 1193
2309 1488
2846 1085
2187 1457
754 1303
1043 1124
1747 1017
995 1405
2672 1085
1641 1283
2886 1182
2320 1279
1623 1081
1537 1006
772 1146
609 1495
708 1076
2265 1377
1298 1433
1398 1480
1177 1053
1147 1414
2564 1114
2246 1435
1831 1347
2599 1489
2772 1355
2944 1341
869 1328
1895 1319
2239 1170
2307 1269
1328 1279
589 1030
2641 1224
1113 1336
1862 1479
549 1456
1358 1302
1023 1162
2060 1093
1272 1329
1910 1082
1309 1361
1852 1256
2580 1327
2563 1073
2678 1412
2307 1244
600 1354
2596 1497
541 1269
2177 1467
1234 1426
1963 1267
2867 1097
2508 1348
2662 1141
907 1094
1986 1354
1013 1440
983 1065
1111 1409
2271 1243
668 1342
2484 1499
1786 1312
1368 1458
2434 1260
1716 1037
2069 1332
632 1321
1511 1057
532 1037
2201 1221
1764 1488
2248 1254
2350 1276
2294 1250
1477 1489
1782 1497
1024 1276
2006 1051
589 1397
586 1140
715 1446
1460 1285
1103 1084
1772 1149
2992 1172
1720 1040
1921 1321
1089 1173
1827 1282
790 1295
1625 1478
1125 1294
2986 1192
1006 1025
2530 1120
2727 1409
847 1231
2383 1195
2776 1239
2472 1070
1746 1462
2011 1023
892 1406
2442 1145
2148 1137
1841 1020
2410 1147
1111 1102
1121 1116
2356 1009
2143 1024
2779 1065
1912 1171
2345 1059
893 1159
2760 1077
625 1416
518 1450
888 1083
1786 1207
945 1356
2372 1261
2081 1236
2160 1046
1202 1253
938 1450
1612 1487
875 1153
720 1343
1103 1303
2529 1498
978 1129
2440 1491
1425 1158
1282 1217
1770 1003
645 1406
1062 1355
706 1221
2004 1055
2494 1118
2798 1359
787 1463
2253 1285
1513 1244
2515 1387
2553 1479
1822 1199
2318 1439
789 1013
1318 1308
1328 1003
927 1494
2364 1213
998 1137
2815 1479
1305 1457
2557 1089
627 1188
2031 1301
2759 1445
1110 1224
2530 1014
1718 1450
1964 1468
2494 1097
2237 1072
2150 1337
2553 1200
1740 1138
918 1398
2173 1289
885 1297
2780 1045
2547 1448
2273 1153
2138 1174
2532 1375
1627 1137
2467 1184
898 1488
1207 1301
2469 1319
2264 1169
2902 1026
2515 1319
1797 1380
1075 1014
2276 1252
985 1163
1765 1417
2969 1336
1933 1157
2640 1326
993 1097
2097 1401
2834 1147
2398 1202
2954 1046
2007 1464
864 1451
1369 1189
1160 1305
2445 1377
2279 1311
1405 1433
1818 1306
1290 1389
2607 1098
2732 1005
2792 1459
831 1116
1258 1471
2110 1224
2714 1329
2815 1037
1522 1468
1106 1129
1172 1495
2611 1148
2010 1122
2427 1084
2147 1273
1617 1203
1246 1019
1528 1017
1139 1286
2116 1281
1461 1139
1565 1242
588 1093
2793 1029
718 1076
2845 1498
2243 1280
2710 1135
2259 1188
2776 1343
1756 1173
2006 1074
2551 1486
574 1317
1485 1207
2831 1220
2215 1382
2757 1066
2976 1173
2752 1307
1404 1141
1408 1247
1722 1487
1562 1264
2056 1058
1736 1386
2493 1247
2181 1192
2729 1212
2108 1331
2867 1025
2232 1414
1225 1257
716 1312
602 1470
2504 1321
798 1309
1165 1074
1665 1216
1535 1054
1808 1437
1808 1070
1802 1031
2679 1255
1250 1105
862 1391
2813 1134
1087 1277
2596 1272
1145 1291
2426 1404
2293 1488
1263 1332
2817 1213
2938 1349
754 1063
1582 1155
1241 1274
2502 1274
1778 1143
1041 1146
861 1291
2872 1010
813 1147
2136 1281
1068 1224
1137 1383
2246 1159
1038 1433
2467 1421
2565 1117
682 1023
1350 1263
2514 1093
561 1414
2600 1398
2352 1440
1326 1045
1423 1235
915 1455
1658 1169
676 1347
1678 1035
1941 1455
884 1169
1777 1168
685 1497
650 1490
1248 1230
697 1388
2249 1375
2597 1461
2927 1242
2818 1116
2028 1088
2790 1473
2620 1260
1574 1239
1156 1250
1904 1281
2502 1345
2020 1344
1066 1262
2729 1461
951 1402
2306 1413
1271 1326
562 1308
1555 1153
1630 1299
1002 1259
2002 1051
2274 1141
2937 1483
1032 1285
2541 1393
1049 1070
1937 1090
2863 1071
960 1423
2078 1298
2050 1059
910 1010
2472 1190
2431 1352
541 1061
802 1442
1474 1239
731 1290
1929 1312
2382 1182
2425 1304
2271 1028
2164 1119
2867 1398
1253 1398
795 1127
1986 1234
931 1495
1993 1355
1375 1010
1983 1158
2457 1480
2161 1239
2869 1006
2243 1359
1273 1059
1558 1076
1265 1352
2815 1192
2053 1376
2860 1297
1190 1190
1686 1229
1224 1176
1343 1327
2965 1228
1364 1305
1753 1196
2397 1475
2506 1417
1030 1220
978 1029
888 1494
1549 1110
1777 1068
2482 1133
1038 1471
2500 1154
2875 1156
609 1499
2297 1027
1401 1023
2081 1152
1994 1473
1800 1353
2391 1277
831 1042
1037 1325
2247 1482
1548 1163
2744 1471
2581 1459
1542 1176
574 1490
606 1000
1112 1329
2674 1240
544 1093
1266 1286
1874 1351
2802 1015
1550 1184
1581 1154
1192 1154
1667 1318
2856 1258
1392 1034
2159 1377
880 1359
981 1276
2845 1059
2428 1151
796 1036
650 1092
877 1051
1150 1127
1623 1073
2227 1175
1809 1402
2667 1451
2424 1142
2004 1313
2725 1032
2345 1308
2529 1430
2202 1330
1986 1264
1749 1445
2562 1203
1416 1206
561 1137
1837 1321
2852 1001
1913 1070
2848 1243
521 1337
2888 1039
725 1052
2267 1276
1756 1372
1363 1285
2208 1320
2966 1265
569 1074
1804 1325
1675 1392
2242 1022
2768 1264
2624 1243
2410 1086
2160 1231
2331 1393
2015 1044
2537 1333
2457 1097
527 1377
754 1084
1730 1273
1976 1022
1806 1106
1847 1227
1333 1166
1716 1124
1332 1261
2652 1053
2783 1328
1297 1090
1977 1090
963 1349
776 1155
683 1131
2587 1109
748 1119
2367 1224
1920 1442
872 1186
2982 1109
1351 1346
640 1463
1616 1476
1153 1096
2999 1344
2725 1076
1574 1373
2593 1299
928 1045
2251 1360
1249 1010
2935 1204
1675 1012
1887 1469
2252 1311
547 1454
1331 1063
2168 1077
1367 1434
1254 1415
1996 1073
1582 1218
1311 1069
2467 1481
1789 1394
511 1273
1871 1067
1175 1105
1383 1273
709 1122
2984 1011
996 1328
2386 1192
760 1191
2071 1040
2790 1235
1664 1363
2080 1379
2954 1252
2975 1368
663 1364
987 1411
2959 1334
2155 1406
1916 1475
2809 1090
505 1049
1884 1117
2741 1374
901 1157
2061 1426
1438 1110
2387 1139
1247 1192
2906 1059
1429 1175
1476 1323
699 1002
2642 1172
861 1382
1659 1301
2689 1088
2681 1318
800 1128
2641 1061
979 1409
545 1378
1651 1247
2914 1417
738 1353
1282 1029
2822 1097
1952 1030
1789 1265
1543 1217
2302 1104
2763 1272
2364 1216
2362 1327
2527 1385
805 1023
1661 1258
612 1479
2304 1467
2866 1258
2062 1093
2640 1412
568 1191
1201 1367
2970 1404
2863 1043
1514 1363
706 1360
1874 1443
2087 1229
1979 1159
1098 1315
1976 1361
1397 1000
2614 1494
2137 1480
1865 1421
764 1351
1800 1192
2428 1336
977 1298
2757 1221
1007 1089
1772 1038
1645 1159
1271 1078
2800 1394
2818 1104
2133 1267
1072 1183
1654 1228
2505 1213
2648 1280
2295 1111
916 1321
1225 1428
2351 1479
2004 1486
1577 1454
2281 1087
989 1237
1289 1442
1628 1476
2012 1104
2329 1333
2726 1167
1283 1076
2222 1030
1607 1311
2358 1477
2051 1358
811 1316
1409 1292
2217 1212
2343 1489
1837 1442
1142 1128
598 1418
1225 1357
1026 1456
2029 1025
2670 1419
2118 1469
2472 1149
984 1352
1266 1212
2269 1180
1784 1354
1558 1401
699 1387
2685 1290
753 1185
2490 1180
2652 1291
2263 1494
2207 1067
633 1485
2794 1129
1065 1146
900 1403
804 1472
2525 1091
816 1326
788 1448
2705 1084
1988 1066
2460 1102
2966 1308
2026 1153
656 1393
2226 1367
2808 1221
573 1005
904 1083
1221 1036
2492 1164
2030 1204
2661 1405
2718 1205
801 1008
1017 1430
2367 1372
2505 1377
1114 1353
2310 1242
2062 1369
2642 1443
2090 1059
1054 1081
1394 1110
2091 1299
1292 1495
1072 1414
1694 1173
1752 1472
1248 1047
2588 1167
782 1313
1501 1194
771 1141
2850 1072
2572 1160
2366 1096
1394 1494
2566 1365
1429 1122
2134 1043
2660 1142
1162 1407
2176 1218
1716 1480
731 1254
1298 1022
2342 1218
667 1136
1544 1477
1154 1097
2668 1370
998 1440
737 1280
1649 1084
1400 1348
1157 1104
2065 1167
1591 1083
1947 1488
1894 1348
1434 1195
1087 1210
1997 1133
896 1305
2231 1200
673 1130
1776 1304
965 1474
996 1098
2597 1116
2759 1129
1728 1423
1076 1487
2968 1462
2138 1180
2854 1366
1125 1398
1867 1036
2429 1246
2722 1088
1955 1098
2657 1005
890 1406
2580 1171
1195 1377
576 1117
2336 1101
1181 1217
1679 1077
1747 1281
632 1219
1444 1395
2824 1446
528 1270
941 1055
1412 1004
1024 1185
721 1317
1022 1183
904 1256
1399 1141
2418 1432
629 1275
759 1455
2960 1229
1818 1094
2179 1183
1662 1362
2185 1290
1411 1386
2393 1403
761 1200
1916 1210
897 1308
2952 1021
2902 1079
2071 1146
613 1363
970 1015
2783 1142
2466 1415
1407 1407
1280 1041
623 1255
1886 1187
1527 1283
669 1373
2537 1398
1111 1410
2722 1395
829 1394
960 1480
2942 1290
1992 1245
2877 1079
781 1459
2775 1043
2051 1163
1109 1404
792 1371
1385 1026
1691 1389
593 1058
2947 1028
2232 1330
1016 1339
2773 1385
2326 1130
1301 1273
1932 1317
2497 1023
2425 1256
2551 1176
1122 1264
1483 1308
801 1391
1786 1258
1042 1446
1923 1251
1542 1122
1779 1131
2404 1127
1501 1129
2925 1262
1891 1392
1972 1034
2250 1156
2086 1272
543 1105
2005 1468
1853 1112
553 1466
2241 1175
764 1105
2703 1272
2569 1430
631 1125
572 1199
1446 1317
1356 1360
1862 1212
992 1145
1927 1214
848 1481
1109 1455
2249 1197
1205 1465
2728 1479
1391 1275
637 1328
2118 1025
2457 1465
1744 1060
1199 1479
2144 1262
1334 1358
1172 1269
1704 1179
897 1041
656 1125
2530 1438
1366 1032
2455 1418
2281 1463
1313 1252
1321 1275
2696 1018
2022 1368
1527 1344
2397 1154
1436 1406
839 1159
2266 1452
1786 1123
1174 1442
1672 1458
2716 1319
931 1312
2985 1057
1410 1171
1730 1207
1998 1299
2608 1011
2315 1369
947 1232
742 1468
1100 1406
2857 1480
2493 1097
2942 1218
1948 1012
2086 1212
867 1157
2882 1245
1055 1026
2220 1246
640 1375
1815 1420
677 1167
2746 1231
2966 1409
1269 1261
938 1115
906 1314
2307 1207
2869 1492
953 1187
500 1290
1231 1427
929 1077
954 1410
2166 1182
1154 1439
2460 1422
670 1429
1401 1144
1295 1342
729 1467
1818 1455
583 1144
2146 1402
1736 1216
1633 1392
2712 1003
2031 1175
2972 1355
2856 1308
1816 1138
1680 1215
1612 1261
2648 1417
2922 1137
2009 1240
2064 1127
2912 1343
1826 1270
2949 1377
692 1279
2848 1078
2365 1148
1082 1291
1141 1123
1690 1000
887 1281
2731 1139
729 1003
1912 1378
2192 1494
1754 1135
2045 1105
1747 1229
1931 1028
2138 1322
1629 1401
1088 1251
1334 1229
2609 1411
578 1005
2575 1160
1521 1081
2001 1207
1501 1215
1536 1438
523 1352
1677 1168
2974 1257
2391 1429
595 1198
2871 1245
1487 1411
1496 1286
2232 1199
2568 1405
2123 1119
2054 1235
2342 1249
841 1130
910 1180
1826 1354
2649 1186
2835 1112
1098 1437
1886 1188
578 1227
2382 1407
2942 1160
2545 1172
2220 1040
1610 1037
788 1460
1342 1254
1674 1058
1847 1457
2717 1002
890 1137
1257 1363
1259 1050
1197 1388
1897 1199
1442 1151
1394 1071
2812 1137
1820 1373
2490 1206
2108 1217
1801 1142
2146 1444
2322 1273
737 1316
1610 1231
526 1437
1805 1334
573 1135
841 1127
1980 1212
2982 1122
761 1254
1819 1219
2149 1306
2055 1359
1374 1239
693 1001
634 1090
2463 1108
801 1054
1107 1024
2566 1164
2469 1267
2869 1286
2157 1067
1703 1010
1195 1237
1942 1370
2506 1089
1616 1315
878 1259
2548 1043
2856 1204
2805 1430
1084 1341
2530 1463
2494 1256
1941 1170
1050 1499
2394 1284
639 1141
760 1059
1698 1118
2419 1464
542 1285
1663 1338
2639 1284
2923 1115
1456 1400
1472 1493
2811 1454
2830 1091
2505 1318
2944 1092
2358 1352
1149 1471
667 1080
1969 1263
1991 1031
997 1173
2581 1060
871 1406
1134 1336
759 1259
2698 1028
2190 1498
698 1054
1501 1259
1504 1137
1360 1444
553 1230
1392 1459
2468 1147
2748 1088
1481 1124
1333 1362
2797 1200
1829 1401
2648 1276
1280 1111
946 1209
2652 1253
2198 1048
569 1232
2018 1354
625 1180
1320 1263
1218 1160
1638 1144
2332 1416
1099 1012
2952 1461
2685 1210
1417 1284
1479 1288
1355 1124
576 1163
1743 1359
2670 1363
1541 1145
1419 1218
2560 1332
1212 1239
1714 1377
2161 1155
2946 1393
2100 1175
1712 1012
1195 1088
1900 1475
948 1066
1186 1096
521 1069
1227 1400
2244 1417
1759 1346
1990 1442
538 1383
2258 1039
2314 1325
1264 1075
681 1194
1002 1372
2449 1311
1712 1064
852 1405
1178 1366
551 1357
2643 1259
2204 1155
2981 1163
794 1368
2061 1176
874 1046
2115 1028
1631 1319
2742 1121
1448 1117
1748 1402
2342 1219
1496 1323
2315 1337
2266 1489
2002 1370
964 1115
1404 1095
1518 1008
1181 1481
956 1158
2115 1123
2031 1095
1680 1468
2040 1140
2158 1278
2564 1334
533 1467
2160 1117
1597 1469
2767 1213
2348 1138
1664 1334
2556 1188
1824 1483
1121 1354
2517 1011
1847 1253
631 1288
1724 1315
720 1090
2448 1140
2437 1178
750 1472
1193 1436
2894 1498
1576 1196
1986 1134
1586 1359
1731 1043
1862 1162
1672 1356
2444 1005
2308 1233
1876 1228
1031 1231
818 1499
962 1085
720 1220
1435 1335
533 1274
2293 1332
1588 1426
2207 1029
1762 1338
888 1139
1212 1059
696 1268
2003 1285
2593 1258
556 1263
2286 1116
1314 1317
2782 1478
2514 1296
2827 1260
863 1009
1561 1055
1244 1362
1923 1167
1104 1012
2228 1063
1832 1302
1720 1351
2960 1168
1432 1294
2958 1392
876 1198
1469 1096
1840 1324
1042 1012
1014 1265
2053 1089
1814 1442
2809 1105
1738 1409
1611 1264
1164 1208
2974 1497
831 1307
2137 1064
899 1184
988 1233
1583 1005
2493 1344
2946 1395
2517 1174
2284 1147
1008 1083
799 1233
1498 1058
1821 1465
2364 1251
1128 1292
1605 1214
2886 1067
2878 1288
1915 1197
1052 1053
1009 1221
2794 1147
1376 1244
862 1306
2926 1404
2658 1224
1406 1229
1977 1104
2376 1466
2832 1110
2171 1406
1006 1062
1252 1310
835 1188
1897 1204
688 1499
2829 1184
2093 1003
2211 1102
981 1046
1090 1092
2059 1316
2485 1256
2706 1023
2042 1281
2483 1169
1542 1049
581 1381
2730 1455
2057 1434
2809 1316
2542 1367
2102 1481
2260 1126
1681 1195
2341 1006
936 1028
911 1197
1594 1375
1122 1111
2459 1284
1255 1430
2711 1292
2894 1045
1672 1222
2541 1081
1415 1026
1503 1192
1015 1033
2525 1341
500 1360
1936 1179
2758 1285
2795 1310
1233 1288
2163 1110
1929 1115
1295 1343
2707 1341
1141 1276
2114 1283
693 1310
2852 1266
1851 1232
1655 1338
1954 1049
2382 1256
591 1467
1567 1454
1350 1443
1168 1327
2470 1374
2352 1436
582 1462
1712 1036
2568 1130
985 1054
1815 1193
1832 1084
2115 1462
1735 1434
1015 1050
1464 1244
1069 1296
2666 1160
2540 1347
2088 1342
1184 1435
1477 1192
2808 1312
1996 1260
1158 1038
1046 1077
906 1021
603 1499
2296 1012
2908 1118
2737 1171
676 1361
1135 1243
2622 1267
522 1400
2120 1096
1969 1408
913 1311
2833 1024
1918 1240
2709 1302
786 1029
2989 1095
833 1121
551 1082
2575 1210
1594 1299
546 1491
1718 1279
1064 1033
1811 1480
2215 1197
2213 1141
2694 1250
1636 1365
1932 1493
2025 1176
1813 1382
2854 1482
1998 1073
2422 1001
999 1452
809 1034
2494 1409
948 1250
1613 1235
1271 1285
1915 1486
2373 1456
1610 1454
2804 1400
556 1063
2315 1418
901 1068
1557 1012
1909 1042
1753 1445
1893 1254
2118 1198
1125 1066
2987 1079
2553 1232
2867 1335
2393 1380
1536 1048
1791 1146
1903 1231
2129 1120
1647 1192
2995 1064
1964 1414
1153 1355
2389 1095
1464 1271
1739 1229
1359 1055
544 1185
2307 1325
2364 1213
1458 1314
1887 1325
1633 1086
2323 1018
1320 1496
2944 1289
1013 1239
1391 1191
1097 1256
1611 1483
2412 1494
2345 1149
2564 1240
2017 1299
2599 1350
1302 1249
1415 1345
2969 1192
2450 1074
2924 1352
1060 1389
1959 1444
1711 1079
2931 1115
2330 1179
590 1191
1842 1079
1182 1232
2420 1128
1844 1423
1925 1229
2915 1340
2765 1264
1191 1231
2791 1347
750 1228
2180 1082
1371 1341
1217 1190
2706 1249
1069 1234
2236 1259
1085 1063
2586 1321
2203 1405
2330 1227
1248 1097
1966 1413
1481 1485
1285 1455
1123 1115
1366 1391
2767 1458
2747 1439
1299 1115
1058 1321
2605 1334
2702 1371
2905 1286
2956 1256
615 1005
2403 1436
1038 1401
1397 1377
917 1325
1269 1286
1408 1307
2669 1033
734 1061
2658 1368
2067 1221
766 1388
2274 1073
1159 1349
1983 1415
1026 1006
1177 1073
879 1437
2726 1166
1766 1258
2271 1493
1696 1249
620 1433
2538 1100
2946 1344
2934 1061
806 1350
1806 1372
2780 1365
2691 1267
2947 1077
2821 1208
1178 1215
2345 1107
526 1160
1480 1380
1002 1057
2296 1297
2151 1029
2302 1247
1430 1345
2776 1221
2525 1444
626 1454
1438 1488
2938 1128
1593 1282
1721 1142
1456 1239
2610 1178
2013 1483
2518 1339
1413 1047
2950 1048
2545 1351
2522 1125
2491 1364
1959 1035
2399 1394
1522 1384
828 1400
994 1183
2914 1281
2306 1281
905 1383
2656 1091
2727 1065
967 1188
1104 1217
2488 1260
1476 1493
641 1065
2015 1120
1698 1384
1439 1392
2548 1068
1555 1041
1559 1006
2383 1255
1631 1298
2485 1438
1487 1116
840 1307
557 1433
2970 1453
1892 1439
1970 1121
941 1410
1707 1339
569 1468
2679 1165
2887 1465
1380 1224
2992 1110
1592 1030
928 1319
1749 1070
2247 1270
695 1466
1631 1120
1250 1396
2426 1125
2246 1172
2112 1068
1924 1151
1527 1006
575 1462
2753 1248
2633 1483
1659 1240
1405 1444
956 1253
766 1327
1407 1329
1230 1138
2558 1311
2936 1156
2914 1481
1550 1290
1232 1044
642 1044
2553 1103
2486 1020
1057 1098
1602 1171
2888 1423
955 1466
2761 1415
1930 1440
2944 1295
1845 1103
1341 1137
690 1140
572 1428
869 1263
1456 1062
1623 1101
1947 1288
2548 1203
1486 1216
2112 1093
1285 1255
1484 1325
1671 1032
2326 1084
1892 1492
1246 1467
565 1078
1330 1204
1489 1261
2676 1278
969 1258
1505 1013
1400 1307
2147 1028
1538 1368
1016 1300
953 1268
680 1487
1466 1405
1670 1150
1440 1392
1490 1306
994 1010
2077 1038
2647 1419
2568 1120
1825 1116
1932 1045
1347 1297
2248 1232
2761 1480
859 1452
1917 1197
2134 1476
532 1405
2632 1203
651 1035
799 1315
2985 1305
2288 1407
1920 1289
1502 1382
673 1416
1854 1206
1589 1246
1317 1469
1926 1283
1150 1090
2768 1309
1242 1399
2234 1190
1710 1342
584 1283
993 1303
2485 1241
2749 1380
2374 1393
2091 1401
2406 1361
2618 1301
2798 1143
1309 1236
845 1491
1239 1444
1070 1229
2810 1081
2283 1377
1191 1201
895 1037
2581 1373
814 1470
1120 1089
843 1177
1228 1301
1909 1171
1170 1224
818 1186
2456 1009
2935 1343
1296 1388
2911 1178
1327 1319
1538 1380
725 1413
648 1449
701 1113
2898 1456
1964 1031
938 1398
1322 1347
1326 1496
2971 1196
1440 1187
1597 1047
2510 1108
2697 1496
660 1107
2858 1321
2535 1158
1552 1219
2972 1151
1229 1168
1193 1400
1865 1256
1898 1474
2946 1456
695 1393
2012 1060
895 1251
2548 1070
1427 1456
1716 1492
1626 1260
2448 1482
1291 1465
1219 1005
2631 1241
1848 1271
1700 1093
1302 1096
2132 1484
1351 1097
1299 1262
781 1000
1705 1220
2350 1176
2475 1478
1608 1408
1922 1151
1109 1421
1366 1092
2279 1075
1922 1234
1038 1030
2629 1247
1051 1180
2585 1478
2552 1098
2421 1079
2746 1393
1764 1207
2074 1483
2050 1093
970 1032
1930 1088
1425 1255
2621 1460
620 1357
661 1457
1414 1391
1614 1078
1127 1114
1617 1168
1797 1309
2276 1298
1251 1200
2021 1276
1860 1129
1106 1305
1654 1236
713 1247
1850 1487
2275 1366
2736 1055
1357 1307
1105 1090
2748 1442
1020 1051
2859 1122
990 1495
1455 1072
2297 1372
1394 1386
2408 1202
1985 1078
650 1465
1818 1064
1418 1290
2352 1434
2409 1112
1971 1285
2869 1426
1826 1234
1425 1106
2238 1320
818 1004
1773 1332
2909 1475
671 1468
704 1257
2597 1466
1938 1126
2619 1145
2319 1081
2971 1109
2476 1124
2501 1010
1875 1182
1432 1360
1993 1024
2168 1277
1636 1029
729 1168
2280 1476
1205 1148
2381 1352
2516 1048
1686 1066
966 1137
2937 1417
2822 1375
1083 1141
892 1383
1629 1478
1193 1013
2810 1281
2665 1261
926 1191
1049 1186
1638 1127
1811 1416