2050 5000
2649 1385
2695 1110
2259 1402
2988 1265
1414 1380
2318 1290
681 1093
852 1382
1348 1256
1565 1363
2986 1312
1511 1142
953 1054
818 1384
2405 1458
1024 1388
1527 1107
1881 1466
2083 1005
2109 1190
2080 1187
2405 1295
1224 1111
2723 1340
1712 1454
947 1426
2799 1336
728 1234
2294 1468
2414 1012
2559 1487
2287 1487
1184 1113
931 1102
909 1305
1679 1364
1822 1233
2215 1108
2660 1023
1715 1065
1600 1298
1840 1204
1118 1433
2386 1336
1102 1481
1667 1144
2006 1459
2777 1353
2984 1107
1440 1075
516 1470
683 1165
2481 1365
748 1413
931 1004
1039 1310
1086 1132
2236 1391
2253 1138
2274 1413
555 1056
2100 1366
2315 1313
525 1154
639 1354
844 1174
654 1219
645 1370
890 1375
2123 1015
1141 1209
542 1154
1160 1294
2994 1152
538 1166
793 1085
1259 1105
2628 1146
1133 1203
646 1055
849 1215
758 1000
2995 1018
2659 1016
778 1035
2092 1092
2913 1488
939 1248
2877 1082
2313 1106
515 1183
1977 1360
1338 1046
2274 1296
2917 1170
2543 1498
1554 1327
2180 1027
1801 1086
2089 1309
625 1430
2642 1319
1028 1393
2647 1183
709 1097
2090 1081
2228 1369
1272 1165
1582 1422
2718 1492
658 1089
2053 1447
2635 1327
1854 1110
2289 1056
2089 1482
1899 1435
649 1264
1216 1224
2088 1449
1387 1347
1273 1358
713 1038
1965 1140
2687 1062
1598 1355
2690 1080
2077 1128
2060 1075
1702 1321
702 1172
2391 1136
558 1452
1166 1006
1358 1143
935 1270
2187 1157
2313 1100
2416 1230
546 1495
2519 1425
2859 1187
2061 1004
2709 1303
1572 1280
2732 1083
724 1310
839 1350
2901 1226
2833 1316
1686 1100
1368 1434
2682 1441
2450 1074
1741 1148
2598 1181
2145 1432
1337 1296
960 1459
545 1120
2050 1476
2132 1324
784 1256
606 1499
2364 1170
2374 1335
1278 1156
767 1219
1246 1173
2060 1227
2387 1231
1545 1139
535 1371
1528 1435
2562 1127
944 1211
1887 1412
639 1468
2742 1398
779 1097
1439 1056
1447 1321
1090 1088
1570 1148
561 1376
608 1032
1594 1207
767 1395
2965 1232
2044 1461
872 1057
813 1157
1540 1466
942 1489
2609 1388
1664 1489
1393 1038
1281 1483
2497 1363
2345 1466
2056 1499
1802 1167
2379 1236
1271 1140
1463 1023
1822 1158
2544 1085
2047 1213
1655 1424
564 1255
2148 1226
788 1295
1503 1360
1355 1150
2975 1222
1991 1268
1270 1152
2015 1059
1518 1036
1218 1230
782 1429
1011 1390
1721 1148
2489 1068
1466 1371
2792 1456
572 1474
2701 1132
691 1227
1694 1301
1507 1493
2027 1365
1499 1429
2138 1137
778 1433
2947 1070
759 1216
638 1383
2600 1243
2516 1327
1206 1083
2332 1444
2052 1417
1184 1079
1397 1131
2656 1232
1286 1311
2008 1074
1483 1410
1673 1471
1138 1079
2685 1174
2150 1038
738 1104
1433 1464
687 1422
1697 1496
1567 1372
658 1262
2989 1141
1914 1324
1615 1318
1406 1001
1796 1149
1829 1030
1812 1105
1499 1416
2332 1175
2654 1089
1308 1416
793 1058
1532 1286
1642 1090
2567 1127
2249 1266
1330 1230
2381 1229
546 1198
1349 1354
2231 1311
1448 1365
2066 1406
2754 1100
1815 1189
2645 1112
845 1156
2376 1446
2329 1226
925 1210
860 1033
2951 1255
850 1232
1565 1038
1612 1163
979 1198
891 1245
1339 1027
1923 1381
1964 1064
1132 1029
2238 1071
2053 1310
553 1013
1776 1389
1806 1104
2108 1170
2959 1231
1248 1369
2452 1226
1619 1453
1028 1059
2039 1169
2323 1468
2182 1108
1284 1167
1569 1303
1876 1396
831 1007
2396 1398
2113 1211
1037 1351
1707 1300
701 1130
1307 1102
1570 1441
2000 1148
1812 1147
662 1056
1242 1321
764 1271
1083 1494
2711 1182
851 1476
1680 1468
1502 1105
2470 1474
2827 1323
2828 1104
1029 1130
2051 1244
1703 1190
858 1495
2569 1357
1959 1133
1456 1395
2943 1458
1707 1138
2608 1337
1335 1238
1019 1321
1288 1158
1232 1310
1598 1037
2191 1320
696 1075
2083 1090
2698 1395
2519 1116
2862 1162
1567 1090
2009 1118
583 1152
1715 1413
1248 1089
2739 1341
2142 1127
1390 1018
1897 1411
2871 1418
1587 1127
1967 1128
1916 1387
594 1200
2423 1248
2543 1047
2810 1367
1459 1197
1999 1441
1651 1062
1248 1133
1663 1123
532 1490
2346 1019
735 1059
2967 1376
958 1095
692 1118
1310 1322
1859 1049
941 1286
757 1269
513 1047
2770 1134
760 1405
2522 1498
896 1204
2616 1225
876 1053
2211 1192
517 1032
668 1019
1679 1490
1546 1401
2886 1154
2133 1276
1477 1254
1782 1143
2760 1340
1228 1353
1708 1329
2691 1428
2687 1131
2947 1408
1760 1124
2348 1140
2723 1042
724 1298
2981 1294
1203 1056
2453 1127
1118 1466
517 1054
2832 1084
854 1212
2035 1119
2435 1474
760 1472
2067 1365
2867 1296
1853 1458
2399 1404
1501 1376
2436 1457
2444 1220
1162 1077
2327 1251
1074 1046
1348 1195
2745 1040
638 1416
2378 1128
753 1083
2563 1375
908 1388
531 1177
2895 1146
1547 1222
1715 1266
2857 1004
1849 1452
733 1060
534 1313
1516 1279
2090 1113
2226 1424
943 1329
1822 1049
2309 1295
1770 1135
2602 1335
2866 1110
1410 1305
551 1036
1526 1128
2351 1142
2006 1470
2015 1446
1820 1430
2188 1178
2654 1474
2833 1155
2623 1273
520 1312
1990 1307
1984 1241
2838 1248
1513 1056
837 1499
2443 1168
1523 1030
1590 1102
2003 1470
883 1322
2942 1089
2093 1209
561 1241
1461 1431
2066 1243
2789 1236
2308 1401
1974 1315
2848 1452
1394 1148
2901 1123
1478 1156
756 1359
950 1491
2260 1420
2320 1483
526 1197
1585 1453
1860 1228
759 1017
2340 1309
855 1007
1039 1320
2609 1000
1947 1002
1276 1472
2481 1272
2220 1202
1278 1352
1707 1453
2017 1433
2952 1434
2622 1407
2634 1072
950 1346
2399 1159
1557 1124
681 1294
2654 1443
2522 1414
1645 1004
2631 1391
733 1039
2636 1032
515 1069
2404 1459
1033 1031
1187 1201
2080 1149
2058 1234
2440 1094
603 1029
1684 1099
993 1305
1325 1036
1969 1371
958 1485
1918 1296
1787 1499
2535 1378
2412 1363
853 1372
581 1400
2487 1170
1949 1459
1793 1109
2407 1277
599 1238
1130 1012
2873 1048
1998 1379
1719 1010
2607 1275
1733 1042
1307 1238
744 1157
722 1185
1202 1261
1637 1383
2684 1265
579 1307
2908 1170
979 1157
2496 1106
2441 1198
2796 1381
1754 1203
2477 1273
1932 1058
1168 1448
2287 1362
2787 1276
2064 1060
1105 1121
1348 1405
2818 1451
636 1351
1975 1101
1083 1132
1982 1214
1529 1069
2996 1194
2891 1075
1927 1483
1708 1473
1232 1441
1144 1328
1174 1057
924 1242
1952 1066
2303 1310
1364 1328
2125 1214
1690 1135
2766 1213
681 1179
703 1256
1926 1466
660 1214
2561 1429
1328 1006
1707 1317
1717 1411
2555 1495
1071 1405
2124 1089
2759 1042
958 1112
2691 1048
1175 1049
1537 1481
591 1255
2949 1085
869 1392
1926 1237
2596 1386
904 1278
1944 1404
2790 1368
1822 1026
1723 1463
1239 1299
2049 1205
1626 1362
1127 1204
2220 1310
2636 1277
1197 1109
2440 1131
1152 1487
2279 1230
1312 1463
2548 1497
2071 1215
1326 1090
2411 1383
978 1127
1903 1323
2138 1498
1989 1248
1629 1047
732 1142
1869 1348
785 1025
975 1209
2763 1384
2459 1336
1513 1224
2848 1334
1616 1495
759 1210
2141 1274
823 1329
855 1203
1804 1419
1053 1161
670 1064
610 1270
1894 1433
2615 1233
1592 1290
2623 1038
593 1257
2928 1194
2571 1255
608 1100
1798 1044
1402 1421
1535 1499
2592 1306
799 1139
1796 1280
889 1220
2405 1239
1070 1169
2890 1453
1186 1133
873 1304
1606 1267
2761 1176
2928 1429
1735 1457
2937 1371
510 1088
2333 1444
509 1235
1062 1157
2580 1346
2513 1375
2792 1281
2442 1221
1433 1372
1925 1115
2307 1489
2194 1402
2204 1350
1845 1017
1027 1420
1438 1134
1859 1392
1216 1172
1757 1269
1355 1426
2558 1072
832 1253
1144 1180
1232 1151
1769 1413
2895 1483
1612 1416
2240 1069
1221 1107
1688 1272
2079 1348
2123 1495
889 1446
2622 1329
1890 1282
2440 1454
829 1095
2172 1443
1472 1408
1309 1042
569 1344
1302 1434
1075 1344
1236 1207
1401 1057
2319 1252
732 1134
1785 1251
872 1348
1454 1254
2401 1245
917 1373
1753 1284
2149 1031
2516 1414
698 1234
2055 1311
790 1245
1519 1192
956 1276
2095 1299
2658 1181
2742 1495
2103 1481
549 1119
2331 1123
940 1415
2370 1464
1459 1451
1825 1230
2930 1472
1261 1281
2925 1382
922 1478
2327 1334
2049 1178
1026 1091
524 1282
1712 1202
871 1354
2749 1130
1076 1421
1126 1396
2247 1220
1921 1264
1584 1263
586 1387
2739 1403
1280 1229
2811 1010
625 1293
2922 1425
1579 1439
1929 1335
2265 1151
885 1115
985 1034
2675 1353
2237 1123
1996 1425
925 1368
2763 1287
863 1444
1051 1176
1821 1201
1443 1361
2766 1224
1822 1465
2265 1176
1470 1038
2568 1352
638 1102
968 1274
2393 1498
707 1328
2978 1491
2853 1388
597 1093
1347 1247
1560 1231
1794 1055
1122 1462
2871 1294
2574 1040
2074 1182
2481 1190
2192 1490
1632 1284
1311 1109
1296 1283
2681 1147
759 1231
2916 1291
2465 1405
1397 1441
2693 1177
1410 1240
1820 1421
729 1185
519 1330
1033 1086
2282 1198
992 1185
1827 1364
859 1046
978 1346
938 1284
1767 1278
2409 1223
1773 1375
1211 1263
2478 1119
2778 1305
982 1027
2595 1169
2527 1183
2206 1461
1869 1151
1757 1008
2471 1324
1978 1154
1898 1358
2329 1288
935 1373
1881 1491
2988 1482
2218 1048
575 1479
2671 1347
1635 1043
564 1149
2549 1192
1174 1097
1765 1190
2788 1278
772 1344
2080 1377
1326 1060
2449 1192
855 1294
873 1287
1395 1190
2645 1098
690 1271
2678 1330
509 1125
1850 1498
1154 1471
2044 1176
951 1047
2336 1406
1882 1036
2864 1214
2397 1403
1976 1419
1549 1382
2258 1002
774 1283
1513 1047
1166 1479
2000 1107
2387 1145
1469 1315
2272 1104
1516 1125
942 1487
899 1320
1900 1034
2478 1252
1528 1356
1057 1452
1684 1266
1765 1240
731 1423
606 1291
2525 1333
906 1032
2017 1318
2762 1108
1470 1080
2179 1385
1743 1379
2825 1412
2428 1180
2882 1493
1825 1197
2504 1092
2497 1126
1475 1161
1763 1470
1558 1387
2335 1494
932 1478
608 1353
1326 1266
1977 1355
1098 1068
1611 1482
502 1418
1234 1109
690 1269
1447 1317
2475 1251
1585 1141
2669 1100
869 1453
1202 1107
832 1292
2546 1218
1048 1424
1603 1490
1190 1105
1932 1248
1188 1333
571 1390
1924 1120
1830 1407
1328 1417
2166 1092
696 1113
1757 1119
847 1184
2214 1068
601 1223
936 1218
675 1371
1885 1246
2521 1186
2549 1283
1076 1426
1010 1241
1124 1476
1662 1252
2205 1437
1346 1117
2701 1036
1403 1228
1930 1239
1006 1260
500 1126
1551 1045
2533 1227
1813 1051
1595 1477
1566 1290
1728 1251
776 1485
2497 1080
2037 1428
1742 1473
1722 1056
2594 1354
1795 1393
871 1171
1614 1149
1506 1170
677 1127
1456 1251
1918 1455
1802 1002
2399 1364
865 1447
2811 1088
1930 1437
1741 1389
2964 1082
2952 1261
1270 1312
2879 1483
634 1247
1298 1154
1956 1090
1986 1358
1418 1063
1693 1185
877 1312
2368 1182
1210 1376
2134 1116
2057 1469
1930 1307
988 1379
2943 1084
736 1285
2170 1091
2336 1207
1752 1218
1766 1098
1955 1009
2606 1236
1309 1387
2879 1000
2066 1445
2689 1207
510 1453
645 1279
1197 1430
2481 1172
1811 1486
1876 1030
958 1037
2433 1326
719 1267
1905 1169
1905 1431
2362 1487
2456 1352
1424 1060
2849 1258
2997 1276
848 1009
2992 1215
2919 1375
2865 1187
2051 1165
1784 1207
2268 1355
2780 1058
2576 1425
1774 1432
1632 1477
1256 1070
1533 1220
1262 1465
1413 1360
2525 1116
2673 1336
1904 1164
2378 1439
1645 1205
2446 1207
894 1306
2489 1410
2688 1472
1725 1125
2531 1219
750 1342
2973 1219
1319 1309
2507 1317
1306 1290
2690 1145
2386 1377
1785 1018
1428 1396
861 1067
2776 1367
2458 1106
789 1322
2412 1017
959 1019
2123 1321
1106 1391
1934 1171
1965 1257
2632 1099
2792 1018
866 1458
1185 1148
2611 1394
869 1201
1890 1431
2557 1279
1684 1425
1459 1030
900 1050
1967 1462
748 1425
1970 1386
1172 1497
964 1223
1709 1322
1652 1357
2148 1384
1171 1357
2041 1327
1224 1257
1738 1117
2934 1350
653 1409
2196 1417
2909 1438
2143 1487
2781 1456
2882 1000
1224 1446
1439 1159
955 1093
571 1254
1572 1469
1100 1364
534 1151
1912 1112
2312 1495
815 1327
641 1150
1011 1340
1023 1370
2117 1152
1056 1380
2134 1331
825 1211
2524 1429
1984 1285
1632 1232
1972 1358
957 1174
2466 1032
962 1255
2738 1361
2887 1140
1714 1086
1147 1089
2175 1228
994 1045
848 1276
1310 1108
2993 1435
2589 1401
2207 1110
1268 1092
985 1063
718 1243
1337 1300
1711 1083
2766 1004
2815 1311
1278 1311
996 1108
2525 1320
2744 1476
2883 1343
2467 1019
2370 1456
2885 1044
2712 1471
576 1098
1058 1300
1263 1398
1039 1151
1792 1070
1165 1195
2153 1020
2073 1494
544 1345
846 1012
1473 1301
1598 1215
2928 1084
2808 1353
1642 1027
2375 1313
2661 1069
959 1193
598 1227
866 1475
2800 1041
804 1377
1628 1274
2347 1271
999 1440
953 1387
516 1235
1459 1261
1615 1267
872 1273
737 1293
861 1442
2787 1128
2214 1198
1787 1443
2703 1021
2950 1415
2155 1139
968 1376
1554 1407
1180 1097
976 1427
1968 1381
2303 1111
534 1259
1249 1263
2215 1490
1840 1484
566 1386
2896 1485
2504 1465
1349 1070
643 1155
1901 1233
1312 1177
1387 1042
1701 1299
537 1291
2123 1161
1735 1152
1872 1145
2704 1000
766 1312
1536 1158
2787 1104
1908 1345
2938 1394
2928 1068
1335 1454
1384 1200
2934 1314
2849 1303
2503 1440
2946 1118
817 1029
2238 1351
2960 1136
1521 1125
2325 1118
1768 1146
2415 1247
1621 1207
1641 1129
2296 1299
1182 1176
2985 1073
1249 1325
1004 1477
1441 1436
2318 1056
1058 1203
1557 1451
2511 1427
766 1175
1824 1030
1182 1168
1512 1390
2348 1465
1485 1355
2421 1188
2931 1283
1574 1470
2030 1488
1568 1144
805 1280
1988 1346
2734 1126
1188 1135
1454 1218
2310 1487
1083 1479
2800 1353
1992 1376
2165 1067
1696 1056
1774 1251
2798 1049
2267 1222
2674 1082
2382 1492
1111 1172
1829 1238
1604 1446
1044 1233
2886 1093
1697 1393
1990 1132
2116 1464
1093 1343
1868 1471
1069 1084
2786 1152
751 1020
1378 1028
1517 1341
2046 1477
2313 1183
1631 1146
783 1172
2955 1417
1105 1148
1532 1216
549 1210
2936 1240
1503 1129
2593 1049
769 1207
739 1460
1353 1222
1303 1131
2463 1453
1343 1338
1204 1452
2186 1198
2343 1196
2723 1405
1039 1118
1002 1034
1283 1313
2151 1185
1526 1013
1805 1026
873 1151
1741 1172
760 1350
1922 1110
1088 1216
2036 1390
2307 1464
604 1369
2170 1428
1562 1445
2179 1424
1306 1211
2647 1143
851 1431
1776 1035
2936 1175
1951 1390
1627 1460
2111 1039
1755 1177
2320 1043
2497 1130
2464 1237
2800 1116
897 1238
1470 1412
1344 1189
1840 1232
2888 1293
1110 1373
1920 1265
1610 1142
1607 1221
1276 1058
1752 1079
1732 1215
2302 1114
1599 1479
2711 1299
1659 1416
2159 1286
1835 1322
2752 1183
1300 1089
1318 1265
2586 1049
1348 1170
2712 1180
2800 1197
971 1331
1663 1023
2850 1078
1542 1341
1737 1046
2490 1330
573 1160
2108 1002
2375 1405
1873 1122
921 1112
1900 1113
2243 1492
2153 1467
2594 1459
1278 1061
2747 1037
1361 1396
2605 1381
2430 1269
1362 1127
736 1460
2944 1345
1766 1061
2012 1260
893 1068
1196 1126
1084 1116
1913 1434
1294 1294
1740 1157
2241 1320
2382 1461
803 1405
2843 1346
2747 1364
2483 1364
573 1307
1027 1012
867 1190
945 1429
1760 1168
946 1315
636 1053
2377 1228
1420 1160
971 1377
1981 1139
1138 1426
548 1426
1915 1163
2681 1378
2928 1373
1956 1001
826 1153
645 1343
2873 1025
864 1071
1404 1043
2904 1413
895 1324
1568 1423
2712 1274
2752 1127
1370 1372
2191 1270
2663 1294
1117 1093
675 1016
1064 1478
702 1434
2021 1360
1255 1164
1050 1043
2567 1338
1847 1156
1658 1259
1468 1213
2100 1062
2393 1239
907 1475
587 1426
1938 1327
1973 1218
1716 1191
1969 1448
699 1201
1785 1453
1279 1193
1807 1051
2331 1475
1166 1007
2538 1094
987 1231
1708 1147
1636 1190
1916 1129
645 1073
2852 1215
2154 1471
679 1002
2367 1332
1003 1252
1247 1372
1644 1473
1678 1453
2157 1381
1471 1133
2002 1254
1600 1288
2671 1013
2112 1049
2144 1079
1053 1406
2263 1309
1872 1397
2303 1497
1634 1480
693 1306
2330 1224
1569 1364
650 1219
1864 1410
2855 1371
2810 1425
2674 1032
1457 1112
1253 1226
1222 1181
1954 1379
1204 1121
571 1026
2297 1422
1656 1369
1242 1496
1046 1429
1939 1313
1992 1402
1779 1322
607 1188
998 1392
927 1487
1252 1487
2758 1069
1594 1203
2110 1017
1009 1136
2474 1065
998 1228
2248 1381
2357 1001
2408 1032
682 1068
2999 1185
1268 1127
810 1021
1008 1408
905 1384
1134 1046
1964 1394
706 1450
1038 1312
1471 1082
2201 1224
1275 1045
1496 1136
2246 1459
1105 1074
732 1143
2971 1060
1307 1388
2115 1186
2255 1220
2824 1497
821 1069
2321 1459
1951 1435
963 1475
1659 1149
2624 1480
2829 1118
1446 1148
569 1155
1867 1486
2069 1158
1137 1243
2732 1282
665 1344
2679 1005
561 1330
2778 1099
1490 1304
2145 1045
1662 1002
2455 1255
1319 1238
683 1087
1965 1064
2340 1434
1491 1430
851 1461
2968 1293
2160 1189
1169 1055
2616 1030
770 1381
2647 1494
1626 1041
1839 1234
1641 1405
2784 1373
2982 1070
1172 1321
2955 1234
794 1012
2494 1184
568 1381
2899 1317
1200 1097
1998 1342
1098 1208
1929 1116
1731 1019
1451 1262
1796 1216
2766 1077
1121 1481
2114 1476
1414 1163
1177 1098
1432 1390
2926 1396
2425 1201
1532 1079
2235 1414
1866 1245
2356 1488
1353 1077
1095 1399
1206 1311
939 1458
2320 1413
2400 1350
2532 1331
1809 1180
727 1156
1775 1220
1760 1303
2786 1187
1773 1408
2717 1175
1022 1256
2764 1258
1456 1276
1038 1153
2658 1328
1799 1053
561 1099
2807 1434
2336 1349
1834 1394
1908 1050
1837 1251
2774 1188
1517 1174
787 1225
1166 1154
1711 1340
735 1027
1361 1355
1403 1311
1446 1245
2857 1471
2381 1099
1020 1106
1984 1448
2822 1242
2285 1004
2728 1442
2050 1483
546 1139
2474 1465
1968 1167
2656 1353
712 1471
1441 1257
1638 1440
649 1011
832 1407
2275 1350
2572 1058
2043 1491
1126 1432
1114 1093
933 1342
1406 1381
898 1219
1744 1104
2696 1400
604 1437
1024 1123
1931 1185
2801 1084
767 1394
1813 1459
674 1277
1196 1186
1044 1361
2575 1396
1129 1039
767 1179
2025 1038
951 1174
1728 1119
1639 1324
1626 1122
1571 1469
2798 1361
2472 1225
2158 1421
1650 1318
766 1464
2963 1202
2477 1465
981 1053
2465 1139
2847 1122
1697 1286
2241 1380
2674 1179
2169 1031
851 1303
2992 1263
2407 1233
1935 1088
1146 1020
1782 1059
512 1096
2010 1110
2072 1069
580 1216
534 1234
1008 1014
823 1207
1646 1388
1517 1443
559 1426
1042 1360
1874 1304
1315 1246
1559 1489
1805 1110
1709 1308
2849 1417
1308 1334
1695 1333
1329 1493
2354 1112
693 1348
1224 1472
1537 1050
1049 1317
2417 1258
1734 1078
1582 1286
2848 1216
2417 1286
2924 1316
1728 1282
1021 1382
2461 1384
607 1385
1406 1187
879 1079
556 1097
1739 1459
1230 1352
2998 1026
994 1359
2766 1161
2965 1005
554 1049
2823 1413
2977 1200
1218 1012
1203 1221
1884 1436
2602 1290
1463 1183
2254 1405
2982 1371
1318 1160
1306 1071
2669 1487
2697 1244
2688 1476
1102 1065
799 1183
1048 1215
1960 1417
1564 1215
775 1371
1281 1326
2309 1084
1824 1303
593 1045
1531 1148
2932 1148
2646 1320
846 1422
1164 1486
645 1140
821 1295
2166 1068
1069 1490
1285 1295
2594 1184
2584 1001
1326 1090
813 1020
2373 1332
2294 1245
1719 1348
894 1231
2200 1428
2953 1411
1099 1352
2341 1473
773 1269
794 1017
2035 1303
2569 1102
1023 1430
1597 1171
2484 1229
1102 1185
501 1119
620 1243
2235 1293
2908 1464
1412 1420
2912 1448
2176 1144
1802 1262
1464 1014
2762 1190
857 1276
2115 1209
954 1017
1360 1208
1315 1386
2575 1056
647 1253
1217 1349
1882 1478
2583 1227
1127 1147
1732 1164
2306 1250
1097 1156
2641 1238
2634 1129
2514 1367
2871 1273
2300 1128
2537 1027
722 1472
958 1290
936 1235
615 1241
997 1351
1407 1313
2149 1121
2995 1244
952 1188
981 1464
788 1161
1284 1447
1844 1440
674 1294
1863 1255
2914 1134
2996 1428
702 1263
598 1485
542 1149
1431 1098
1615 1260
2234 1200
1328 1192
547 1105
2604 1214
700 1395
504 1043
2630 1049
2452 1254
2805 1214
2157 1414
884 1468
1133 1123
1313 1010
838 1274
1567 1129
862 1157
1417 1174
1059 1213
1968 1202
1591 1052
2222 1170
1091 1075
698 1145
732 1262
718 1478
2104 1035
1106 1234
2994 1462
1439 1042
1002 1184
2808 1108
1062 1296
514 1108
2030 1017
2847 1038
1569 1155
956 1031
744 1025
938 1346
2020 1009
543 1361
2781 1033
2351 1451
2073 1150
2424 1018
1947 1196
973 1281
2168 1244
1036 1222
2369 1495
2120 1167
2413 1105
1493 1377
2292 1078
953 1101
1364 1340
831 1358
2430 1008
1307 1131
2103 1262
2581 1485
1171 1024
2918 1341
1100 1438
2358 1334
2210 1232
1289 1066
711 1424
1127 1189
681 1309
1423 1260
2210 1011
2492 1305
2988 1463
1686 1327
1545 1243
2034 1393
1387 1369
2943 1255
1616 1066
2138 1353
1784 1426
1764 1017
2472 1032
2442 1435
676 1302
1036 1167
2606 1319
1688 1410
1647 1314
645 1074
1029 1199
840 1027
720 1076
1543 1481
1707 1208
1926 1329
2879 1491
2406 1202
569 1094
1889 1002
2713 1197
866 1259
2498 1410
2725 1332
2206 1216
2826 1445
2697 1439
1564 1004
2969 1397
1722 1338
890 1416
2006 1124
2082 1163
1026 1267
1819 1018
2184 1227
2137 1411
2811 1019
2238 1217
2698 1195
2852 1154
1361 1225
723 1402
2185 1473
2693 1268
2177 1007
1233 1032
1219 1314
2446 1185
2333 1146
2950 1341
919 1242
1863 1033
793 1136
2514 1491
2817 1495
1831 1475
2228 1353
1239 1468
541 1311
1258 1383
2810 1136
1270 1306
2984 1036
1724 1014
2053 1122
913 1402
1493 1243
2958 1051
2443 1424
1836 1147
566 1370
561 1265
2505 1113
989 1172
1597 1418
503 1090
1613 1166
1543 1438
2437 1148
820 1010
2241 1230
2058 1290
1677 1057
2154 1279
504 1000
2476 1373
2574 1128
2952 1411
2992 1231
1817 1021
1366 1306
1859 1288
2956 1339
1578 1418
731 1172
768 1406
2035 1242
631 1249
2617 1221
2406 1113
1932 1347
1541 1433
1725 1399
2002 1443
1357 1238
1130 1085
1987 1334