2200 5000
2637 1458
1868 1097
1694 1191
1439 1237
1890 1081
1312 1106
2657 1468
2186 1280
1730 1109
2019 1470
2562 1388
2945 1184
2181 1293
2545 1389
1347 1248
926 1181
1474 1200
2223 1282
1869 1481
1577 1263
697 1031
2884 1147
890 1358
2859 1284
1279 1112
1016 1217
2261 1327
1425 1238
2702 1270
2271 1225
820 1084
1740 1318
2005 1262
1892 1102
2450 1204
1525 1020
2798 1112
1026 1483
953 1044
2036 1143
2077 1069
555 1127
546 1069
2871 1158
1322 1374
2734 1284
2514 1400
2563 1215
873 1074
1264 1028
2788 1373
1406 1173
765 1291
2353 1178
2391 1156
853 1045
778 1014
1945 1475
2428 1118
1513 1337
1775 1464
546 1130
2616 1078
2747 1354
2698 1028
1464 1071
604 1492
801 1262
2963 1326
2479 1083
2849 1138
2344 1411
1406 1190
1297 1220
894 1124
2283 1429
1043 1058
2696 1028
1850 1098
1819 1471
1034 1489
2349 1144
2864 1202
900 1254
1369 1121
2382 1074
1752 1032
1657 1303
853 1261
1335 1056
2027 1214
2271 1308
2742 1457
874 1165
1964 1213
1026 1128
954 1402
1062 1084
642 1458
1840 1195
2926 1482
2188 1285
1707 1071
2957 1487
1457 1474
1319 1251
906 1186
2273 1018
2832 1366
2518 1381
1716 1470
1587 1318
1578 1279
2633 1304
2711 1290
632 1196
1554 1020
1183 1463
766 1451
674 1209
2932 1396
1306 1178
1072 1431
1132 1034
1520 1449
2783 1000
2989 1232
2076 1264
1775 1000
2577 1105
858 1013
611 1059
2024 1408
807 1230
1016 1484
1937 1159
1860 1128
1686 1269
2718 1141
987 1056
1392 1021
707 1235
2140 1262
2366 1383
1166 1077
1069 1214
2866 1263
1678 1191
2527 1386
2475 1162
1267 1256
674 1431
2976 1250
2629 1324
829 1132
2616 1401
773 1462
1813 1348
1111 1083
2950 1461
1203 1124
1107 1324
1885 1318
1703 1028
2351 1054
2475 1263
1842 1236
617 1485
2510 1470
2722 1495
2962 1275
2857 1087
1726 1001
1542 1418
817 1468
1598 1453
1050 1191
1435 1345
1483 1220
2799 1032
2862 1363
2234 1303
709 1348
2562 1298
1993 1049
2378 1215
1467 1031
1826 1009
2589 1010
799 1316
2880 1148
2048 1187
1856 1278
712 1066
1928 1013
1187 1044
2835 1333
651 1037
2317 1082
1990 1177
2583 1046
950 1296
2849 1253
904 1457
2568 1044
1376 1258
1060 1307
1166 1028
2502 1361
684 1122
2049 1023
1687 1446
1849 1452
1593 1272
573 1419
960 1179
853 1239
2835 1283
2130 1290
944 1286
1860 1042
2890 1108
957 1422
1554 1186
1214 1270
2333 1278
2284 1471
2361 1126
1858 1162
2291 1000
1705 1049
2032 1019
2732 1186
2837 1305
1591 1189
2715 1267
1358 1101
1276 1428
1225 1277
1458 1095
2064 1131
2317 1311
1872 1417
1837 1385
2262 1117
2791 1043
1170 1215
959 1365
645 1192
2819 1498
658 1352
1555 1438
975 1376
1891 1394
2495 1301
2330 1358
1338 1453
2432 1100
1152 1166
1496 1395
2566 1210
2173 1370
1423 1054
680 1372
2606 1019
2227 1438
2635 1063
2152 1330
1082 1098
2950 1070
1931 1090
1533 1125
2395 1130
915 1050
2133 1175
1783 1294
2938 1385
1228 1287
2558 1192
1933 1233
1746 1058
2358 1029
1833 1118
998 1462
1593 1036
1655 1149
2101 1489
2657 1203
1072 1110
1117 1154
1865 1094
931 1362
1858 1172
942 1112
2984 1206
2160 1175
1959 1331
2632 1120
1422 1304
2595 1268
2166 1418
1628 1098
589 1343
835 1112
1509 1380
2507 1434
2283 1106
1356 1025
1530 1077
2012 1230
2092 1007
2778 1439
1464 1037
583 1172
1081 1319
2390 1228
2445 1209
1450 1180
2802 1003
2116 1330
1010 1369
1965 1102
638 1229
2399 1419
2312 1042
644 1166
2223 1455
2625 1287
727 1190
1340 1302
1529 1404
2620 1396
939 1325
654 1373
1209 1293
1461 1102
1545 1166
1126 1418
2481 1415
1919 1104
645 1132
695 1271
846 1471
1723 1467
2535 1200
2030 1468
1707 1295
715 1014
1376 1478
1120 1047
903 1222
1550 1086
514 1100
2581 1174
1906 1319
2290 1441
2594 1251
2076 1292
2997 1385
1560 1433
1879 1197
1182 1331
1945 1230
1749 1095
1906 1016
2255 1045
713 1153
2549 1103
2025 1205
1655 1252
1689 1384
2238 1061
1558 1409
1498 1172
2339 1247
1242 1256
1871 1407
1617 1485
2153 1279
1087 1037
1638 1070
735 1137
512 1207
1266 1394
1041 1353
804 1328
1582 1098
2933 1247
1492 1330
2361 1099
1269 1347
2722 1064
2187 1017
2301 1122
1947 1071
643 1002
2009 1224
2610 1273
2528 1361
2678 1163
693 1476
512 1056
2932 1129
2655 1492
1002 1458
1768 1062
1336 1049
585 1049
1439 1190
2612 1371
2699 1406
913 1183
2684 1286
2912 1095
2231 1288
2198 1409
2789 1036
980 1311
2588 1431
2206 1001
1807 1075
948 1398
1890 1203
1010 1424
2027 1413
2148 1208
2786 1193
1569 1015
1844 1458
2416 1183
1165 1053
2237 1470
1012 1385
769 1442
556 1226
1177 1223
2276 1211
2793 1100
2655 1045
1147 1398
1580 1218
1869 1220
607 1187
1306 1275
1560 1226
2086 1469
2018 1013
2404 1407
2244 1431
2375 1155
1348 1400
644 1489
1105 1083
1084 1188
2470 1425
1572 1295
1327 1230
549 1001
626 1324
1606 1267
2039 1074
2576 1354
2786 1070
2529 1075
2070 1150
1714 1093
1794 1445
1806 1478
1856 1374
650 1437
1846 1303
2073 1433
1477 1179
2263 1261
2621 1373
1112 1317
1556 1455
2509 1192
2040 1044
755 1132
2301 1425
1892 1493
1363 1163
994 1451
859 1061
1028 1199
661 1115
1327 1001
2994 1249
2879 1266
727 1033
1053 1140
931 1109
2249 1126
1442 1227
2355 1489
1317 1478
2110 1043
1666 1358
2372 1322
693 1093
1729 1049
622 1373
586 1364
2361 1357
2964 1125
1554 1463
1069 1298
2221 1249
2712 1294
2968 1422
1735 1286
1514 1043
569 1092
1643 1054
608 1421
2770 1229
569 1021
1373 1314
2978 1453
1531 1275
1034 1109
2327 1064
1932 1138
532 1206
858 1238
2036 1080
1480 1265
2399 1341
1789 1117
1727 1094
1441 1093
928 1282
2398 1148
2066 1177
1339 1073
759 1016
1513 1142
1889 1235
2502 1173
1411 1237
732 1316
1553 1460
1028 1312
597 1132
2867 1479
2405 1169
2743 1494
2087 1140
855 1311
740 1242
2070 1197
1149 1095
700 1232
1694 1053
2765 1413
1315 1064
2708 1232
2192 1398
2396 1451
1021 1407
2578 1078
1166 1021
843 1345
2860 1323
1808 1475
2060 1039
2102 1440
1558 1294
1474 1311
1830 1220
1031 1143
1024 1363
1965 1471
1654 1418
1531 1177
1080 1335
2170 1466
2624 1471
1280 1424
2981 1044
1747 1348
2966 1492
1275 1347
1081 1328
1545 1180
2929 1206
640 1151
2472 1166
1323 1378
1558 1275
1337 1392
1696 1329
978 1293
2702 1415
1442 1269
661 1134
731 1292
1755 1438
2014 1390
644 1120
2136 1106
2291 1153
1984 1295
1886 1334
606 1475
606 1001
2859 1042
1530 1284
1767 1139
1202 1268
1444 1436
1608 1412
1798 1101
2571 1078
516 1108
2552 1409
1676 1460
1024 1365
2171 1314
1963 1360
2833 1097
909 1442
619 1148
1429 1191
730 1253
2541 1312
1102 1308
556 1489
1324 1177
1008 1242
1844 1010
571 1242
1973 1220
2046 1085
2139 1312
2856 1211
1204 1363
571 1202
1886 1297
2769 1166
1053 1498
2501 1444
2911 1298
1324 1048
2993 1088
1051 1069
2582 1408
2920 1249
2597 1301
919 1306
1948 1412
2503 1159
2622 1088
1613 1131
1122 1485
2075 1427
519 1115
1588 1435
999 1122
2317 1022
1826 1331
2169 1466
2222 1057
2845 1028
2308 1052
812 1246
1601 1391
1834 1167
2434 1024
1619 1300
1100 1333
2377 1240
2894 1405
2783 1380
964 1197
976 1206
2723 1373
588 1051
1606 1160
2844 1486
2492 1480
1481 1030
1590 1276
2777 1356
2107 1407
2628 1329
2447 1321
705 1029
2069 1018
2803 1220
2567 1213
2362 1225
838 1073
1825 1364
2838 1342
984 1095
2035 1362
2234 1074
1545 1323
2991 1293
2485 1162
1483 1055
1497 1327
2250 1155
995 1050
2769 1178
1650 1103
1623 1063
2361 1312
2169 1491
2861 1015
799 1368
2772 1431
1816 1456
1577 1013
2984 1101
1305 1440
775 1289
2792 1003
2630 1081
567 1404
1412 1450
1846 1342
999 1291
1762 1246
2493 1429
1982 1374
831 1307
1215 1417
945 1097
1163 1361
720 1299
2481 1306
2518 1162
2532 1234
2342 1127
972 1049
2953 1220
700 1340
2993 1367
1564 1192
2540 1277
1720 1342
599 1368
1199 1211
1336 1176
1267 1068
2757 1003
1277 1395
1362 1094
1071 1278
2030 1087
2601 1194
1082 1196
1708 1319
833 1202
1895 1465
2352 1203
1281 1329
1672 1284
1978 1274
2817 1155
2692 1311
886 1378
880 1023
1145 1254
616 1417
1363 1003
1601 1496
764 1315
2925 1297
2002 1327
632 1120
1254 1473
2775 1017
1440 1050
1549 1069
2871 1218
1173 1401
1571 1213
1649 1317
2352 1084
1581 1046
1950 1155
1047 1150
1781 1329
1475 1309
1649 1486
660 1184
2868 1308
531 1241
1874 1128
643 1032
589 1023
1581 1155
2937 1250
2323 1436
1480 1021
936 1047
2452 1198
2671 1022
1153 1114
2439 1463
1926 1449
892 1077
2184 1343
2169 1104
1183 1071
2024 1417
1327 1091
1457 1480
1915 1193
599 1494
2299 1441
1095 1270
978 1189
1613 1286
1734 1474
1926 1122
2577 1422
1626 1247
2077 1303
1895 1331
2294 1264
576 1185
2757 1320
810 1108
1807 1470
2579 1407
2587 1022
2704 1032
659 1220
1012 1414
1589 1453
1063 1449
1193 1288
1983 1404
2721 1316
1892 1454
2385 1351
2007 1183
1210 1423
769 1029
1874 1204
1552 1498
2648 1287
1885 1488
946 1287
1535 1290
838 1138
2254 1111
2195 1461
2225 1364
1132 1218
2178 1099
1331 1077
813 1124
1637 1095
1555 1027
515 1291
1479 1473
816 1084
2173 1219
1999 1458
1020 1435
1382 1113
760 1101
757 1035
2099 1307
1585 1088
1988 1070
2293 1082
1786 1342
2968 1258
2218 1143
1920 1312
668 1230
2790 1453
1029 1258
1839 1174
2059 1352
2871 1058
675 1264
2399 1385
527 1032
1688 1043
1894 1229
2648 1080
2603 1324
2624 1107
1247 1053
744 1408
1171 1274
2111 1346
1331 1344
1898 1208
1374 1414
2357 1449
1192 1193
2120 1298
1837 1189
1949 1196
1657 1166
1194 1464
1284 1398
2449 1089
2100 1331
2728 1346
895 1462
1486 1255
1734 1070
2225 1000
1313 1020
2132 1005
1419 1190
1314 1471
2202 1240
861 1267
1550 1148
693 1014
2303 1012
2123 1386
2172 1239
2169 1101
787 1044
1130 1196
1536 1433
2611 1112
2109 1453
2279 1108
2345 1088
1911 1444
812 1292
1300 1191
1716 1221
1944 1408
2345 1477
1491 1316
1068 1323
846 1451
796 1445
564 1025
1240 1351
2872 1365
1588 1377
2824 1220
1514 1012
2217 1118
1732 1349
1623 1158
816 1219
2485 1477
2205 1320
2944 1078
2887 1262
2218 1031
554 1311
1084 1097
1399 1040
1628 1379
727 1492
2332 1011
2239 1408
1766 1456
1911 1371
1620 1461
2690 1263
1348 1182
2183 1065
2698 1052
541 1451
2877 1018
1618 1307
2203 1175
1501 1080
2959 1194
1235 1355
2176 1073
2948 1358
2968 1063
2553 1373
1833 1407
2833 1164
2484 1320
2007 1200
2740 1035
784 1093
1238 1326
1450 1487
2644 1480
2114 1001
2634 1085
1362 1250
2201 1017
2474 1386
1106 1327
1688 1233
2187 1045
2902 1263
2291 1119
787 1448
1774 1277
1018 1254
882 1369
2030 1196
871 1313
2159 1022
1668 1097
2019 1031
2435 1195
873 1341
2923 1020
2222 1422
825 1420
1113 1220
1908 1090
2140 1366
2275 1340
1274 1446
553 1284
2621 1124
2594 1338
613 1329
594 1472
741 1337
1701 1494
1050 1299
2489 1267
2760 1264
2142 1099
2232 1070
1809 1087
2113 1030
1411 1373
2042 1229
579 1153
686 1413
816 1313
2566 1405
1011 1376
2853 1259
1056 1262
643 1114
1576 1253
2089 1255
2037 1180
2491 1132
1942 1446
1665 1244
1497 1251
2635 1325
931 1193
2773 1427
2045 1449
1615 1064
1198 1172
1451 1115
1451 1212
1573 1127
1792 1316
766 1017
1022 1142
524 1139
2379 1074
1482 1122
2663 1431
2998 1297
2396 1449
2435 1327
2224 1091
1595 1344
1315 1097
2737 1247
2779 1164
2028 1169
1118 1479
2451 1465
514 1057
1831 1178
891 1383
1725 1470
2848 1315
1548 1380
2855 1119
1440 1275
2970 1375
811 1474
1357 1304
2032 1477
1111 1001
2577 1384
2925 1404
1044 1048
510 1227
1539 1496
2064 1296
2536 1116
2158 1170
990 1116
2496 1154
1161 1116
2681 1228
701 1234
1430 1132
898 1336
804 1326
612 1395
1684 1499
2179 1391
2030 1020
2926 1187
970 1132
2325 1290
2186 1015
1722 1392
2119 1316
1746 1114
1861 1228
1049 1426
1117 1449
2342 1412
522 1233
1357 1419
2339 1229
2814 1159
1364 1312
1814 1488
2041 1043
2286 1103
836 1415
662 1432
2888 1446
2142 1408
2129 1020
1518 1367
1527 1393
515 1403
2562 1395
1717 1396
1129 1338
2264 1455
2920 1405
1767 1019
2225 1309
627 1013
1619 1387
1193 1494
1752 1228
976 1463
849 1115
782 1331
1260 1452
2085 1379
2310 1153
1063 1447
2909 1064
2319 1406
1407 1248
1526 1283
2942 1036
827 1221
1412 1428
981 1344
2781 1036
2486 1343
1660 1085
2945 1355
1726 1269
646 1183
2676 1460
690 1452
1459 1067
2087 1455
2259 1412
2317 1056
951 1462
2499 1327
1614 1110
2225 1028
2683 1152
505 1464
2167 1230
2674 1449
2368 1187
762 1290
2459 1296
1208 1270
1855 1246
1208 1273
2304 1292
2915 1375
2934 1426
2852 1331
2739 1400
1600 1494
2038 1448
2039 1388
2985 1000
1903 1065
729 1014
1272 1133
1758 1353
2635 1341
1356 1274
1451 1451
852 1372
2790 1447
2591 1436
2926 1469
1253 1483
2128 1323
2493 1100
2491 1487
2044 1105
689 1027
596 1346
826 1270
2393 1082
2239 1199
846 1172
2467 1381
1990 1311
1088 1246
2045 1215
917 1089
920 1298
2864 1406
2189 1396
2986 1001
2828 1390
2956 1100
2893 1351
1216 1310
1107 1094
981 1039
2868 1147
547 1070
596 1298
1160 1333
1375 1166
664 1380
2831 1033
963 1149
1717 1159
617 1019
1358 1391
2178 1428
511 1305
2115 1048
1515 1051
1450 1050
2630 1105
755 1026
1171 1165
1025 1264
2948 1375
1240 1301
2938 1459
2920 1273
1382 1127
764 1322
2426 1322
2391 1494
2822 1266
672 1230
1746 1117
2068 1496
2785 1223
1084 1225
2758 1033
1793 1479
2642 1400
775 1406
916 1456
1625 1233
1152 1088
1224 1123
2888 1009
1245 1447
2407 1014
883 1260
1846 1123
941 1096
1835 1245
2715 1307
2270 1094
815 1490
1489 1367
2020 1339
2083 1406
754 1119
2565 1213
2699 1184
903 1437
744 1182
1292 1017
2378 1496
718 1378
824 1221
1465 1050
749 1488
2116 1286
1812 1115
2529 1392
2612 1293
801 1219
2668 1018
2255 1353
2009 1374
2682 1452
504 1310
1872 1303
1947 1457
1296 1309
2857 1222
1646 1430
1206 1395
2696 1325
2591 1048
1469 1439
1821 1236
1786 1342
767 1219
1787 1111
2807 1161
809 1053
2344 1351
749 1272
1566 1183
2977 1214
2043 1114
964 1340
2654 1364
2062 1008
1802 1118
1759 1006
2573 1375
2395 1322
1208 1334
720 1260
2088 1332
1768 1164
1357 1262
2136 1155
2020 1117
1620 1220
2234 1287
1721 1393
1749 1335
1291 1452
1633 1497
2864 1489
2198 1122
2043 1369
2370 1044
1762 1291
1602 1030
1268 1218
1938 1291
2883 1326
1558 1375
2045 1211
1897 1474
1949 1346
2857 1100
1072 1341
1725 1045
2197 1345
815 1342
1813 1376
2999 1178
1513 1210
821 1030
2345 1008
1053 1287
544 1451
2842 1498
2366 1063
2058 1344
2512 1397
1185 1329
2814 1286
512 1106
2537 1367
1202 1159
1534 1143
567 1188
2279 1159
796 1238
577 1483
594 1012
1524 1043
629 1384
2515 1290
2886 1117
1768 1202
1914 1341
1196 1349
2356 1211
622 1283
963 1331
2002 1109
1833 1108
2633 1294
2195 1424
2181 1249
2151 1291
2026 1303
1489 1432
2243 1376
916 1460
598 1405
2752 1161
759 1319
2640 1472
1788 1030
1487 1309
1642 1340
1347 1170
2465 1451
2105 1101
1764 1275
1202 1144
2664 1356
1834 1170
2259 1087
2573 1254
2228 1497
1744 1173
2830 1154
1232 1217
1309 1453
2852 1125
2525 1047
1009 1396
2958 1436
1317 1482
1965 1145
2092 1274
1414 1387
2057 1025
626 1321
2168 1104
1732 1220
2590 1055
1857 1119
797 1160
2963 1395
2417 1421
2846 1257
2189 1491
2218 1343
2978 1363
558 1216
2032 1260
1201 1136
2986 1324
2020 1412
2109 1442
1520 1040
1006 1407
1012 1225
1689 1307
2971 1092
1134 1489
966 1053
1498 1253
1478 1136
2530 1277
869 1224
893 1404
2518 1121
2906 1385
2391 1213
2352 1473
921 1210
1563 1243
2046 1439
2684 1069
2840 1173
2568 1335
2597 1305
1773 1451
1811 1452
2689 1038
2373 1191
942 1143
1092 1319
862 1070
1164 1108
1454 1479
1155 1004
825 1207
2737 1129
2561 1446
1619 1044
2652 1090
1942 1198
2678 1348
975 1061
2469 1032
724 1448
2239 1350
1981 1419
2764 1444
905 1450
1383 1159
1644 1119
2343 1407
1099 1269
2542 1256
2605 1126
1223 1041
2273 1247
1141 1129
634 1321
1249 1493
2190 1053
694 1352
1394 1257
1697 1176
2658 1249
996 1367
1814 1159
581 1488
1763 1269
2137 1038
2251 1462
846 1489
1440 1488
1746 1407
1729 1173
868 1003
2335 1149
878 1321
2676 1432
1637 1092
2362 1258
1197 1208
696 1161
2485 1171
1257 1190
2304 1208
749 1166
1095 1192
1529 1055
2364 1105
1449 1424
2336 1320
886 1075
1493 1300
2894 1240
1490 1292
1334 1364
1253 1444
1563 1443
909 1228
2109 1378
1323 1375
2454 1487
825 1429
2797 1115
544 1399
2739 1472
711 1403
2078 1127
1265 1261
2239 1188
1790 1145
2020 1062
679 1108
766 1244
1244 1217
2307 1178
2854 1188
1906 1194
602 1317
671 1340
1149 1227
2529 1203
1615 1191
2259 1447
2197 1133
1410 1120
1041 1207
559 1385
1930 1101
2621 1059
1686 1344
2754 1230
982 1253
1641 1139
2702 1334
833 1036
2881 1429
894 1124
1403 1438
1427 1086
1286 1337
643 1246
2783 1238
1491 1291
1951 1112
2226 1034
2170 1253
2309 1483
606 1021
2220 1174
2436 1350
2257 1425
1183 1034
2033 1473
2350 1080
1783 1351
873 1459
2529 1192
2766 1204
1865 1075
905 1038
1119 1367
1037 1180
2495 1136
2274 1332
874 1120
1991 1251
515 1196
1881 1083
1331 1150
1201 1030
1484 1349
1565 1037
2250 1134
2906 1410
725 1295
631 1181
2163 1468
1925 1090
1229 1340
1727 1144
1988 1149
2622 1360
1033 1441
2231 1002
2590 1127
1429 1429
1173 1401
1347 1240
2123 1155
1985 1381
2066 1273
2235 1177
1039 1125
2822 1448
653 1063
742 1345
1704 1190
2090 1448
844 1190
1139 1329
1816 1174
1805 1185
678 1304
2326 1356
2803 1449
1162 1482
2365 1110
2768 1150
2150 1290
1389 1054
2315 1341
2353 1384
2665 1426
1148 1136
1287 1447
1729 1158
1748 1039
2566 1035
1828 1260
1418 1278
1766 1026
2006 1020
1113 1114
1776 1287
524 1470
2823 1144
2392 1102
794 1044
2566 1412
1371 1209
2989 1408
2822 1440
2644 1099
2927 1339
1335 1134
2424 1344
2680 1279
616 1279
735 1007
2855 1430
1252 1206
2960 1347
1112 1087
810 1052
2366 1075
1693 1160
1476 1145
2066 1355
683 1077
1541 1341
1990 1141
1993 1112
2412 1477
2818 1138
879 1316
2108 1335
1934 1040
853 1050
683 1043
1554 1052
2884 1226
2467 1484
2736 1458
2240 1202
2414 1144
1744 1154
2046 1404
1285 1138
1139 1391
1431 1283
1714 1423
1150 1450
1489 1495
2502 1035
2566 1025
960 1184
1131 1279
2326 1375
2469 1428
2492 1347
1164 1417
2738 1135
1137 1141
1892 1494
1336 1085
815 1090
2221 1068
1416 1255
1203 1397
1358 1414
643 1288
2164 1413
1849 1126
1149 1262
1030 1453
2729 1037
1251 1439
2784 1094
2724 1206
1777 1127
680 1401
2760 1298
2703 1395
2883 1270
1680 1441
2741 1478
2772 1098
2881 1156
2677 1419
2384 1327
550 1390
1605 1468
2251 1429
2219 1096
2375 1319
2902 1432
2094 1332
1457 1446
1426 1453
1872 1287
1377 1042
572 1203
2910 1465
2458 1115
2317 1350
2712 1029
983 1087
771 1403
2951 1127
2154 1293
2500 1401
820 1077
1344 1183
2621 1441
1433 1161
1134 1059
523 1495
1564 1260
1939 1114
1534 1100
1376 1372
2563 1240
2603 1235
1300 1243
2668 1292
1974 1306
2114 1240
2146 1492
1452 1005
1217 1446
2436 1045
2838 1023
878 1395
1003 1063
622 1237
2038 1039
1402 1114
2131 1302
1031 1136
2138 1411
1264 1070
2757 1223
1785 1331
1585 1263
607 1079
1879 1172
1214 1338
1459 1004
1439 1220
1274 1222
2441 1451
2575 1259
1282 1117
1238 1353
609 1320
2054 1087
2498 1315
2346 1279
2946 1149
2117 1078
911 1496
2142 1018
2652 1032
2179 1043
993 1107
581 1371
2954 1182
1447 1143
2261 1454
2906 1170
2111 1166
2687 1259
520 1391
1304 1322
1560 1356
2221 1132
2390 1421
683 1090
1345 1090
1835 1499
2091 1319
1684 1451
1790 1172
1956 1450
1959 1143
667 1195
1305 1172
2346 1439
2930 1356
1439 1039
2768 1030
1014 1193
726 1236
1150 1412
778 1107
900 1267
959 1251
2068 1043
1503 1063
1460 1066
1412 1377
521 1258
1962 1344
1973 1455
2487 1200
1675 1272
1456 1491
1087 1338
1572 1113
2476 1126
1451 1206
1890 1126
2941 1379
548 1156
1640 1044
603 1139
2969 1272
705 1176
1689 1477
2240 1344
2854 1418
2287 1216
935 1379
1621 1111
1094 1370
1059 1378
1294 1036
1640 1142
1277 1008
2418 1195
578 1193
1007 1075
1751 1298
811 1499
589 1329
1559 1346
518 1451
2402 1228
1592 1053
2586 1314
1471 1466
2885 1325
1922 1380
2139 1120
654 1120
792 1484
1231 1150
971 1205
1814 1348
1955 1245
2174 1048
2649 1385
571 1317
2361 1267
974 1025
1287 1127
1438 1111
2649 1382
2324 1341
1158 1204
1684 1157
2450 1475
774 1190
1989 1460
1710 1180
2467 1177
2086 1233
1575 1123
1732 1398
2189 1309
1891 1223
2194 1462
774 1215
2118 1213
2472 1359
569 1480
658 1490
1862 1365
2533 1303
2899 1149
958 1478
2362 1448
2285 1411
927 1010
1715 1199
2145 1339
781 1086
1957 1190
2552 1201
1285 1277
1154 1078
1205 1325
2692 1489
802 1169
2445 1255
1200 1177
2279 1343
728 1428
2931 1049
2676 1075
2673 1391
909 1100
2841 1451
2673 1125
1960 1388
826 1194
2856 1027
2615 1325
2449 1076
1848 1037
943 1190
1720 1012
584 1103
2325 1025
2868 1307
1564 1406
2957 1338
1786 1369
950 1006
659 1396
1941 1252
743 1205
1053 1037
590 1177
647 1244
2732 1339
2707 1238
1261 1156
1503 1209
2348 1498
2418 1292
501 1203
1169 1496
527 1370
2882 1425
600 1255
2318 1308
1047 1378
2127 1378
1136 1494
1559 1235
2735 1076
998 1077
1305 1423
2762 1122
2218 1488
1295 1184
888 1296
756 1098
2312 1417
1361 1142
1916 1341
1463 1408
1717 1386
2875 1028
546 1107
1807 1415
2165 1330
1602 1161
2533 1377
669 1335
2474 1131
849 1303
1567 1272
932 1027
2682 1295
948 1289
557 1358
2291 1450
2744 1334
1098 1324
1663 1302
2239 1013
1585 1410
1519 1138
2230 1023
2715 1070
886 1386
1365 1005
2209 1404
1810 1295
1769 1167
1943 1336
876 1306
1780 1299
502 1270
2991 1123
1626 1434
1287 1248
1075 1021
2250 1102
1862 1069
1386 1489
2268 1363
2081 1311
2203 1082
1180 1456
738 1375
2077 1149
1293 1409
822 1362
1428 1432
2981 1051
720 1362
1160 1033
2163 1011
1396 1263
2351 1455
1348 1068
1211 1090
2826 1163
1301 1215
593 1407
2734 1203
1597 1077
675 1205
2779 1030
1124 1054
1849 1086
1637 1150
1382 1416
2849 1049
704 1287
743 1412
2129 1036
1205 1087
2215 1175
2549 1116
842 1454
1134 1341
2979 1098
820 1002
1612 1116
2035 1250
555 1255
658 1387
1420 1420
1110 1479
2313 1023
1962 1490
1386 1397
1927 1473
1138 1094
1929 1137
894 1133
1309 1489
2522 1432
2958 1092
1007 1276
2782 1267
2415 1226
915 1308
2828 1417
1456 1106
2629 1103
710 1249
796 1249
2988 1427
575 1100
1491 1440
2681 1475
944 1289
1504 1161
2499 1393
1210 1362
2095 1298
1251 1373
1197 1119
1744 1019
2538 1227
2600 1303
997 1007
2926 1334
2066 1360
1715 1492
1537 1031
2615 1282
1328 1099
1876 1246
2839 1373
1092 1101
1985 1064
1636 1251
1215 1101
2362 1322
597 1094
1052 1084
2147 1333
1055 1364
719 1060
1995 1147
2206 1292
1329 1056
810 1048
1056 1269
1538 1314
1151 1365
1793 1126
2482 1248
1741 1042
1113 1062
1007 1425
559 1221
2016 1440
508 1346
2434 1212
1146 1151
1140 1059
742 1177
1315 1467
1250 1342
2453 1052
1838 1496
733 1360
781 1352
2234 1212
906 1025
1579 1243
2362 1156
1396 1259