2300 5000
2639 1219
2416 1467
1866 1039
2459 1238
2128 1447
2641 1229
1301 1231
2954 1170
1160 1488
1832 1457
1911 1330
1906 1032
2730 1238
1421 1040
895 1187
579 1323
1063 1042
2971 1429
1377 1053
933 1329
2926 1129
1743 1263
2588 1067
2088 1328
1935 1399
1128 1335
934 1389
1173 1489
1308 1202
1655 1251
2831 1083
2138 1461
2620 1119
1680 1065
1282 1237
2175 1303
1952 1103
2027 1107
529 1490
852 1459
804 1100
1841 1391
1039 1413
532 1256
538 1305
916 1237
635 1044
2746 1319
1089 1166
850 1324
2961 1322
2433 1144
1366 1432
905 1389
2347 1240
847 1290
1811 1102
1218 1244
1803 1255
1404 1030
1619 1200
2515 1417
2018 1085
1116 1430
582 1135
1885 1354
998 1014
1299 1375
1607 1405
2764 1041
2600 1273
2157 1025
698 1043
682 1027
1863 1368
2536 1143
791 1117
1377 1095
2913 1046
1721 1498
1583 1160
1330 1050
837 1266
1670 1034
2638 1301
2671 1074
2190 1004
2566 1344
2639 1175
1646 1499
1324 1149
2837 1053
1236 1414
1506 1204
1244 1138
2238 1423
2704 1273
1552 1166
1936 1478
2046 1436
1203 1329
2288 1174
790 1335
1038 1373
1965 1145
2142 1075
2856 1362
955 1186
2568 1058
2724 1361
1237 1265
888 1098
1306 1454
684 1279
2860 1262
2281 1249
2507 1237
2596 1487
1338 1130
1548 1229
687 1467
1914 1010
2837 1111
1099 1014
1426 1088
2623 1329
1789 1342
2283 1206
1203 1035
1288 1235
2888 1392
1350 1372
2453 1064
2591 1354
2298 1278
2492 1254
1368 1464
2390 1134
1351 1389
712 1194
1232 1056
541 1115
1000 1455
1720 1204
1624 1114
1122 1471
1669 1358
2550 1315
2724 1074
2789 1489
1539 1137
1907 1454
2395 1379
1090 1308
2191 1180
2736 1065
2726 1280
1617 1328
1156 1368
994 1143
2285 1269
2625 1316
1128 1290
1927 1462
1231 1098
1592 1161
2453 1281
2638 1178
964 1436
682 1299
2885 1375
2873 1466
1156 1176
2241 1342
1156 1036
2997 1492
2518 1274
805 1056
585 1030
1017 1109
1679 1308
690 1024
1284 1305
540 1411
886 1087
2394 1247
2736 1159
1302 1168
1895 1460
2139 1281
764 1239
2325 1128
2418 1234
1527 1390
2313 1476
1069 1115
2080 1317
2683 1385
2230 1195
1788 1009
2163 1378
2364 1042
1283 1340
2852 1026
1311 1091
868 1176
1364 1022
2439 1419
2066 1426
2928 1358
954 1007
1081 1202
822 1316
1150 1392
2664 1132
587 1301
851 1003
2514 1334
2834 1029
572 1168
1751 1317
2444 1010
2472 1487
1034 1392
1533 1389
1440 1248
2823 1424
982 1442
1087 1306
1768 1317
971 1144
1128 1390
614 1233
2056 1244
2866 1304
2813 1423
2615 1395
1902 1468
1008 1159
1195 1068
1992 1153
2921 1276
791 1475
2680 1335
1778 1400
1260 1468
2517 1414
1863 1368
1266 1244
1118 1152
1316 1145
1626 1115
2788 1066
2700 1237
2692 1231
1175 1245
1868 1368
2424 1298
1757 1285
981 1091
635 1287
1511 1426
861 1271
2181 1164
537 1242
1917 1432
2416 1145
1377 1326
2578 1167
2887 1298
1546 1437
1019 1443
2555 1351
1855 1236
1161 1177
1750 1003
1143 1382
522 1249
2901 1336
853 1284
1178 1056
2717 1491
1169 1382
2311 1064
1722 1161
1025 1480
630 1363
737 1178
2945 1377
2061 1449
1989 1054
1787 1472
1873 1331
2143 1461
2222 1112
2234 1408
970 1431
2734 1306
1628 1083
1164 1365
1919 1400
2153 1480
1350 1057
676 1220
2928 1197
2929 1014
2670 1094
2287 1078
2011 1192
1718 1157
2424 1239
2232 1387
2444 1182
2511 1114
1907 1395
1659 1077
1745 1466
1572 1143
1816 1347
604 1465
1313 1470
930 1002
1537 1016
1671 1236
1343 1488
1609 1407
2525 1330
2258 1171
1457 1045
604 1148
2238 1303
1746 1308
710 1134
2290 1273
957 1372
2959 1310
2912 1318
1554 1457
2761 1473
2763 1058
1639 1378
1515 1289
1871 1321
2233 1134
773 1494
2996 1209
1468 1217
762 1276
1433 1261
2853 1067
2813 1171
2048 1066
799 1239
1083 1195
1256 1300
1833 1282
1766 1411
2833 1152
1489 1125
1174 1178
1121 1193
1656 1198
1607 1074
1094 1039
2655 1310
500 1478
2294 1038
887 1317
2296 1442
1799 1047
2366 1171
1040 1122
2377 1010
1934 1182
2185 1327
2314 1138
505 1293
1258 1262
2854 1378
2060 1009
2925 1245
724 1209
2964 1113
812 1239
536 1094
789 1010
2962 1228
1719 1121
886 1421
2809 1136
1763 1459
2591 1293
719 1061
1279 1420
1390 1367
1459 1285
1514 1434
2846 1206
622 1302
740 1475
1963 1046
1839 1248
1202 1173
1989 1464
1804 1433
2168 1109
972 1137
1475 1193
1669 1044
982 1405
1172 1454
1269 1212
1015 1384
2393 1434
2488 1382
1096 1390
2222 1355
1551 1300
940 1031
2245 1206
1543 1039
2109 1329
1238 1016
2062 1051
2586 1356
2721 1055
1840 1230
2078 1109
755 1184
1232 1343
2150 1285
2358 1417
501 1082
2893 1373
2395 1247
2674 1373
1349 1235
2863 1430
2761 1031
608 1435
1886 1125
2732 1205
1232 1123
2225 1369
1453 1113
2367 1429
723 1284
1013 1312
1157 1133
1612 1035
617 1257
1986 1443
2363 1116
2372 1356
2439 1075
954 1180
1791 1244
2114 1204
1133 1320
688 1307
1601 1477
696 1411
1196 1147
2448 1378
2766 1099
1348 1344
2723 1339
2570 1314
2882 1120
1328 1467
2021 1451
1802 1477
2153 1309
1486 1035
1893 1209
981 1423
2023 1495
612 1094
2377 1067
1004 1223
2665 1405
2128 1101
1184 1412
731 1130
2888 1395
723 1080
2660 1235
1283 1443
797 1257
2642 1360
2594 1219
539 1288
1480 1267
1419 1496
1792 1131
2497 1089
2697 1342
1982 1421
2975 1317
1389 1056
2310 1036
2182 1200
2885 1164
2644 1392
2751 1468
2916 1290
2342 1135
1780 1484
2467 1144
1024 1014
1649 1251
1177 1427
556 1033
596 1398
711 1305
2553 1131
1617 1137
2568 1258
1685 1193
1669 1074
616 1132
519 1483
2292 1292
2708 1352
2622 1471
1147 1127
1522 1131
2346 1089
2565 1104
2415 1243
2370 1476
1177 1114
820 1230
769 1007
616 1271
1592 1100
696 1295
1116 1024
2153 1067
2312 1057
725 1451
1643 1276
2098 1326
2616 1408
1463 1248
775 1350
1300 1006
2991 1205
945 1360
2409 1129
2198 1026
2034 1344
2637 1240
2706 1251
2899 1406
2782 1444
1164 1034
709 1011
2191 1375
1291 1307
1128 1134
2839 1273
2612 1488
1386 1348
1746 1018
2972 1207
1639 1173
2236 1367
2931 1146
2029 1312
2419 1311
2322 1149
2351 1069
651 1341
692 1096
1044 1240
564 1314
1040 1053
2861 1315
2471 1110
2320 1087
2574 1290
1675 1355
1078 1257
2706 1025
2070 1072
896 1344
1365 1008
2608 1175
1623 1471
2362 1098
2654 1491
2377 1333
2789 1467
791 1142
1693 1304
1574 1159
2998 1002
731 1234
1002 1475
2356 1188
2148 1358
2246 1448
753 1222
1423 1456
1528 1356
2959 1484
1934 1479
1746 1171
1486 1362
2337 1084
654 1148
1826 1482
2410 1182
2946 1336
1991 1368
2744 1163
2185 1368
1189 1426
2762 1380
939 1467
1585 1385
1158 1253
927 1274
1021 1358
1997 1088
2485 1222
1930 1103
1508 1131
2051 1170
1469 1361
2958 1329
1757 1483
1193 1101
1011 1096
1478 1112
1356 1141
2621 1009
897 1355
873 1222
2932 1412
1094 1220
2824 1156
1269 1139
1692 1379
2241 1297
1217 1390
1922 1269
1361 1388
1443 1016
2799 1077
1625 1345
2919 1250
674 1288
2983 1111
1478 1166
851 1055
2972 1023
2721 1025
2778 1364
2531 1323
785 1353
800 1393
1656 1092
522 1209
1419 1222
2758 1194
2453 1412
923 1190
1285 1250
2694 1399
833 1289
1287 1079
1368 1488
2635 1058
1587 1193
1702 1042
1015 1342
1759 1058
565 1444
1717 1014
2282 1190
2552 1394
2292 1081
2910 1247
2691 1063
2357 1251
1395 1200
2346 1106
1402 1207
761 1164
1118 1101
1591 1174
1133 1126
2514 1487
1675 1302
2764 1045
541 1079
1186 1425
1696 1004
2733 1144
922 1181
1174 1039
2573 1323
1282 1216
2902 1459
673 1100
818 1126
1491 1071
1154 1278
2035 1062
1551 1028
2431 1110
695 1284
1273 1411
2941 1449
1366 1136
2896 1484
1333 1107
1076 1314
2754 1399
1467 1475
2679 1177
1445 1093
739 1384
1720 1205
841 1421
2274 1262
1628 1251
1683 1199
1451 1323
2601 1180
2995 1294
1503 1409
1561 1238
1881 1373
1110 1116
538 1443
1383 1269
1009 1159
2049 1153
1035 1328
2681 1238
1386 1034
2102 1096
709 1201
961 1399
2963 1478
2910 1073
2189 1228
2308 1189
2728 1169
2623 1321
837 1234
822 1282
747 1359
1038 1395
2196 1204
2942 1151
2079 1028
2200 1100
1523 1170
714 1444
1083 1012
631 1490
2376 1266
2224 1288
1012 1459
1849 1147
2984 1371
2379 1221
2125 1017
2716 1341
1336 1009
2526 1250
952 1173
1329 1115
981 1206
1939 1493
2573 1345
1759 1145
805 1443
939 1443
2797 1175
1280 1214
1631 1014
832 1060
1851 1493
2312 1213
1866 1275
1316 1258
1820 1300
1034 1013
1325 1469
1675 1310
1642 1228
1910 1123
2094 1139
2932 1217
1126 1498
2782 1138
750 1441
2015 1108
541 1173
2105 1398
1736 1345
2128 1360
2929 1294
2443 1326
2497 1024
1028 1273
1453 1233
1960 1241
1853 1454
2068 1311
979 1472
2426 1087
2130 1318
892 1338
2392 1167
1883 1142
2746 1084
2225 1430
1377 1467
884 1088
1271 1051
2156 1330
634 1079
1544 1448
2504 1441
919 1240
901 1300
1237 1404
1403 1192
2099 1476
1439 1482
2485 1361
2015 1362
2834 1008
1414 1251
895 1411
1059 1228
2321 1276
2197 1379
1700 1466
2086 1257
527 1469
2690 1436
677 1341
1598 1131
1090 1012
1620 1305
2018 1146
1713 1459
859 1313
934 1487
2406 1243
1372 1143
1057 1436
591 1098
1207 1457
2546 1235
1151 1472
1282 1377
1714 1311
1770 1051
832 1348
1714 1230
2782 1495
1529 1432
615 1340
1044 1383
2287 1284
1439 1281
1818 1267
2735 1431
852 1456
2916 1136
873 1494
1302 1447
1003 1319
868 1139
2606 1315
509 1021
2793 1456
2470 1184
1625 1424
2102 1072
1132 1146
2290 1041
578 1159
1748 1454
2629 1359
1052 1173
2044 1120
1437 1201
1967 1462
2624 1437
2335 1291
604 1315
1532 1042
2912 1257
1309 1398
1101 1336
1192 1002
2229 1234
2622 1466
1155 1254
659 1442
625 1329
1766 1268
1997 1418
889 1414
2347 1061
2648 1282
849 1125
1881 1457
1885 1088
1534 1158
1812 1028
2450 1428
1048 1151
574 1051
1436 1009
1484 1352
2372 1127
1690 1387
1709 1399
532 1152
1132 1446
2591 1477
2515 1239
2264 1107
550 1010
1177 1453
978 1343
1307 1190
2324 1034
1689 1460
2834 1054
1991 1132
1126 1478
2903 1083
1711 1230
2712 1315
2401 1380
888 1040
2470 1233
2771 1216
2238 1138
814 1096
1698 1338
892 1268
1035 1060
2518 1414
2411 1217
1360 1254
1917 1202
2395 1306
900 1374
1029 1097
2993 1049
610 1338
2903 1099
2654 1349
1956 1034
774 1148
851 1119
1475 1448
2716 1445
1675 1249
1877 1397
2895 1411
1594 1102
2726 1078
2833 1446
2888 1037
1227 1470
2990 1368
2271 1079
1711 1065
1834 1007
2424 1476
2550 1191
2848 1079
2769 1257
2968 1122
1246 1402
1401 1052
2353 1029
1372 1414
1327 1110
1859 1300
1044 1137
2067 1077
591 1159
1200 1352
2828 1240
1837 1258
1016 1040
1120 1250
778 1489
2793 1383
2059 1132
2346 1107
2885 1127
880 1021
1452 1203
2363 1392
2342 1161
690 1015
2235 1223
1683 1121
1633 1210
1165 1295
1640 1260
1355 1120
2711 1439
728 1360
1351 1499
2032 1290
2611 1177
1486 1349
2836 1425
2504 1115
2614 1038
1839 1333
1284 1076
1378 1187
2718 1429
630 1146
1807 1374
972 1270
1487 1139
2600 1158
2910 1496
2200 1175
1097 1064
2831 1223
1420 1131
1023 1445
919 1183
733 1052
1773 1348
1583 1240
1227 1173
2599 1243
2787 1371
1283 1036
631 1287
1068 1141
1875 1267
968 1264
1265 1021
2499 1358
1118 1161
747 1046
1457 1364
2685 1391
1987 1153
2416 1256
883 1470
1917 1030
2914 1093
2399 1171
860 1451
2593 1017
1960 1023
2029 1386
1317 1182
2544 1389
2326 1061
2795 1433
2983 1187
2269 1084
1772 1283
1632 1231
1012 1130
2745 1469
540 1117
2608 1080
1287 1061
2457 1068
1005 1476
2047 1200
1902 1212
753 1357
1543 1101
1765 1236
2996 1258
2546 1459
2947 1384
2526 1397
1358 1382
2385 1194
2557 1057
1542 1355
2042 1261
1260 1096
2096 1320
2743 1123
1219 1307
2199 1069
671 1156
816 1024
1661 1482
1338 1245
2355 1061
1948 1062
2279 1170
1319 1320
2311 1408
1499 1029
2184 1306
546 1432
1623 1315
1310 1342
834 1267
2786 1280
2397 1422
644 1012
1346 1260
2889 1292
2050 1477
2119 1075
889 1161
2652 1167
2146 1414
1450 1161
2041 1385
2412 1129
1308 1253
1548 1115
2093 1312
2261 1484
2822 1296
2236 1075
2901 1137
1104 1123
2936 1277
2797 1003
1943 1327
1821 1437
2626 1373
2531 1324
1717 1432
1312 1374
2818 1291
1371 1046
2395 1482
1827 1061
1897 1319
1205 1325
1276 1015
2531 1306
1493 1273
1762 1213
653 1267
2432 1227
1455 1250
975 1385
1081 1242
1200 1136
2779 1200
966 1197
1297 1010
2140 1128
1730 1048
937 1299
2357 1004
1210 1340
1112 1100
823 1264
559 1168
1681 1287
2550 1432
2111 1392
878 1454
2541 1057
1000 1183
2695 1113
1767 1361
1900 1205
2344 1308
2426 1205
1977 1204
1387 1071
1176 1209
2604 1204
2176 1048
1691 1470
2609 1082
774 1148
2083 1388
2493 1327
2577 1166
1207 1419
2615 1330
857 1324
2795 1041
505 1244
724 1232
2888 1111
1029 1083
1911 1265
2100 1246
1112 1205
1014 1305
661 1310
1856 1351
2685 1050
972 1447
828 1312
952 1251
702 1201
906 1401
2461 1393
2826 1400
1444 1008
2812 1034
1565 1063
735 1251
1334 1213
2230 1243
1678 1493
1255 1062
2685 1493
861 1259
2325 1493
2090 1314
1441 1267
2275 1157
1544 1444
2777 1310
1881 1098
2521 1273
1562 1224
2070 1316
839 1351
654 1286
2228 1078
2486 1375
1856 1199
2685 1452
714 1296
1148 1122
2766 1114
1499 1132
1988 1298
891 1436
1612 1052
2313 1184
2832 1207
1827 1186
2818 1298
1345 1132
705 1390
1468 1178
1283 1082
2456 1070
2777 1327
2126 1455
2433 1097
2693 1460
2539 1292
2347 1409
2489 1233
1125 1283
1448 1083
1324 1083
1007 1292
2837 1199
885 1292
713 1243
1476 1218
2508 1235
2374 1087
1660 1182
1265 1479
1112 1392
529 1129
2818 1067
2951 1027
1979 1425
2997 1348
2784 1375
2594 1040
2780 1280
2077 1332
2814 1169
1744 1109
926 1162
1422 1361
1202 1251
2045 1481
1125 1180
2631 1444
1318 1499
2272 1460
588 1384
1630 1231
2687 1008
2145 1329
2208 1013
1524 1301
1739 1369
555 1485
1853 1242
2867 1123
858 1071
2414 1312
1682 1068
2854 1222
2649 1379
2873 1140
1238 1088
2307 1169
2353 1032
679 1279
525 1354
561 1313
2875 1104
2006 1052
1259 1400
2055 1122
1205 1044
2000 1187
2239 1288
2639 1276
698 1055
619 1286
2725 1152
689 1062
2387 1391
2331 1433
1049 1046
637 1334
2468 1381
965 1349
1431 1254
2766 1232
2026 1307
2434 1218
2882 1344
1730 1287
718 1216
2383 1237
2322 1136
683 1072
580 1454
572 1352
2652 1207
1651 1282
1540 1275
2336 1161
1414 1348
1290 1454
1961 1336
2428 1077
648 1240
2298 1457
863 1000
2858 1069
1072 1292
2470 1297
1037 1080
2379 1040
1391 1057
1797 1275
726 1486
2282 1202
2786 1281
1992 1217
2783 1310
2541 1436
644 1419
2247 1262
2304 1019
2892 1229
1560 1328
643 1279
739 1075
2765 1488
2167 1042
2074 1461
1919 1007
2264 1223
1306 1279
2116 1012
1561 1423
2266 1350
838 1453
1152 1053
2169 1464
2516 1375
2736 1383
811 1089
1126 1285
2810 1417
1143 1028
2804 1472
2088 1334
2090 1076
2703 1048
1926 1402
1695 1451
1810 1248
563 1105
1568 1440
1866 1389
681 1013
2123 1077
1060 1319
2487 1136
2290 1266
1100 1090
1665 1407
599 1381
1808 1072
2774 1330
2116 1129
629 1099
2467 1167
2179 1356
2177 1257
1485 1378
739 1180
2734 1382
2701 1399
1493 1126
1315 1133
1413 1278
1644 1290
1262 1337
1789 1029
599 1440
1517 1399
1146 1451
1550 1079
1530 1386
529 1078
2305 1278
2700 1084
2899 1121
2582 1123
908 1179
571 1333
1919 1423
1070 1324
1435 1232
2608 1211
1048 1457
2808 1240
2938 1341
2299 1492
2399 1150
1222 1491
835 1371
2844 1357
604 1169
582 1248
1992 1075
1898 1230
2635 1332
2382 1044
2160 1407
1718 1114
945 1250
579 1075
1251 1292
2720 1115
769 1478
743 1238
1849 1089
650 1320
1639 1127
2949 1260
530 1102
663 1401
2094 1040
1342 1366
891 1234
2058 1311
1376 1058
1157 1385
1346 1077
2541 1257
993 1209
2703 1082
972 1295
964 1279
2787 1447
1181 1062
1816 1450
2995 1156
988 1214
2967 1227
1855 1315
581 1170
1834 1352
2546 1095
1504 1314
1903 1214
2018 1239
2522 1106
739 1012
2601 1427
2351 1487
985 1080
882 1372
2264 1160
1390 1486
673 1481
2662 1168
1392 1254
2001 1203
2521 1034
1675 1232
2718 1227
2132 1414
1928 1028
2995 1266
704 1495
1730 1072
2205 1384
1703 1276
1912 1440
2563 1369
980 1299
1629 1158
1710 1322
2773 1132
2452 1208
1998 1479
2410 1283
2507 1481
946 1437
2824 1160
1248 1067
2612 1400
1799 1223
1628 1095
2952 1054
2148 1009
757 1004
1767 1469
2979 1029
1018 1372
2078 1233
1016 1061
1593 1430
1286 1319
1937 1286
2716 1201
1477 1164
1651 1430
2763 1458
2994 1240
2008 1290
650 1418
2947 1013
1047 1322
919 1268
854 1050
1418 1291
2402 1123
606 1292
1829 1072
2124 1408
2229 1199
2701 1253
1497 1234
1704 1166
2043 1253
1590 1003
1880 1478
1479 1484
940 1080
2126 1158
1823 1314
2665 1497
2023 1355
871 1151
1867 1115
1414 1314
1566 1220
1425 1113
916 1398
2152 1265
1462 1482
735 1145
760 1454
1356 1102
981 1213
2477 1193
1137 1239
1519 1086
613 1014
2353 1390
1127 1164
1237 1373
1046 1162
1806 1118
2630 1266
1021 1145
1438 1155
881 1198
2338 1488
1058 1040
1972 1242
1315 1201
1563 1325
2409 1371
590 1221
2062 1209
2081 1296
2688 1010
2862 1095
1662 1284
2385 1394
864 1277
2712 1329
1347 1144
697 1317
2431 1164
1576 1098
2156 1460
2053 1341
1673 1161
2954 1084
1894 1273
2309 1309
1472 1380
1754 1215
1100 1151
2831 1455
939 1110
2660 1065
654 1101
1360 1463
878 1080
2827 1298
2777 1095
1954 1068
1377 1454
1483 1001
807 1180
1313 1133
2800 1186
2401 1248
2825 1369
1853 1216
2559 1014
2049 1244
2656 1093
927 1174
2433 1403
883 1320
1537 1284
1436 1430
582 1127
1881 1168
2840 1050
2955 1329
2480 1255
895 1057
984 1096
2889 1052
2608 1471
1230 1179
1946 1039
1506 1291
2277 1152
2657 1182
2277 1307
1629 1133
1167 1480
2852 1047
1330 1351
1937 1492
1019 1160
1976 1034
2438 1078
1753 1195
1004 1294
1245 1372
1861 1316
2659 1420
2321 1339
1372 1297
540 1214
2501 1369
894 1130
1647 1214
2764 1141
843 1068
2345 1478
1267 1105
1915 1276
1483 1229
904 1283
2144 1457
1141 1252
729 1442
1854 1418
2711 1480
2896 1368
810 1473
2546 1424
2179 1457
1742 1278
2365 1292
2539 1117
2077 1380
2491 1498
2642 1352
851 1394
1475 1454
1347 1402
2886 1117
2738 1277
963 1454
709 1314
501 1171
1148 1332
1457 1193
2828 1326
2559 1124
1388 1104
1253 1020
2346 1093
2256 1162
1499 1189
1451 1495
2187 1335
674 1103
2925 1271
2163 1388
2555 1097
958 1081
525 1131
1796 1043
1196 1009
2295 1325
2830 1052
2014 1269
1343 1210
2778 1165
888 1490
1399 1292
605 1003
2533 1173
1423 1197
1291 1358
2766 1014
1027 1136
1931 1437
1461 1186
1678 1218
2450 1216
2688 1275
2120 1426
1989 1311
2463 1176
2852 1478
732 1191
693 1186
1360 1413
625 1230
1716 1357
761 1205
1204 1042
1351 1225
823 1051
2725 1033
1598 1104
1537 1174
2129 1161
2113 1091
1789 1499
559 1195
1307 1148
580 1446
2003 1240
1154 1160
1111 1142
1513 1267
921 1450
1467 1052
2775 1404
874 1273
2030 1119
1071 1151
1479 1264
2922 1183
1891 1058
963 1185
2527 1001
681 1340
2817 1032
2301 1389
792 1179
508 1192
1325 1199
1004 1356
1958 1133
2064 1424
1871 1244
1193 1443
2351 1038
2644 1134
1966 1060
1579 1058
1702 1463
1462 1300
1796 1218
1668 1178
1989 1382
2330 1416
1786 1456
640 1476
1465 1233
1622 1306
2959 1106
2282 1035
2060 1011
1290 1347
1583 1114
2611 1132
1452 1331
2148 1435
2846 1204
2299 1313
2561 1190
1826 1458
1378 1078
1719 1270
2582 1121
1325 1287
1815 1094
1697 1229
2696 1477
1310 1478
1297 1307
2132 1050
787 1347
1401 1200
2254 1226
1477 1374
1820 1478
2679 1068
2669 1183
1373 1145
2767 1370
2481 1127
645 1425
1101 1149
1783 1051
2054 1418
1256 1038
2431 1022
1465 1247
1886 1460
1065 1293
1252 1164
1836 1127
2565 1140
2904 1389
1171 1413
1511 1166
2566 1123
2015 1174
1632 1003
2496 1308
1428 1076
2759 1067
1652 1377
2259 1090
2059 1002
556 1067
699 1261
537 1112
2690 1190
1506 1097
2582 1148
2555 1042
554 1074
882 1471
2994 1294
2009 1370
994 1296
1944 1258
2057 1183
1059 1377
2935 1094
1274 1417
1761 1454
2662 1423
2292 1022
2373 1417
2104 1130
1309 1290
973 1438
687 1454
2621 1381
2678 1388
879 1219
1079 1068
938 1016
2910 1018
1709 1209
2284 1225
783 1042
1297 1423
2848 1078
2053 1030
2151 1068
2570 1006
1983 1395
2550 1052
2408 1269
2541 1486
2784 1265
2446 1071
1093 1262
1240 1261
1413 1103
2590 1083
973 1245
1561 1178
1771 1261
2244 1192
1244 1156
793 1420
2253 1315
1090 1275
2515 1391
573 1389
1053 1230
2782 1291
609 1171
1081 1350
2493 1193
1969 1066
1060 1493
1166 1333
2879 1248
2982 1419
1240 1215
2879 1178
2895 1028
1169 1237
1259 1344
1703 1228
1276 1376
927 1236
727 1487
1280 1405
2743 1391
1725 1167
1668 1405
1181 1496
1293 1275
2322 1249
1387 1294
2988 1401
612 1405
524 1426
1129 1417
1389 1261
2606 1234
2323 1157
1522 1337
2113 1156
1589 1313
1053 1277
1425 1099
834 1000
1453 1297
1452 1332
1175 1157
893 1429
1858 1494
1765 1333
1459 1376
1037 1125
2613 1328
2629 1227
727 1408
1641 1127
2097 1404
673 1243
1545 1285
1536 1261
2616 1496
1319 1181
1758 1306
613 1492
649 1421
693 1425
2879 1008
2076 1484
1328 1191
2724 1237
2629 1060
1258 1216
2540 1053
2106 1330
2618 1132
2210 1128
1772 1026
2943 1489
2700 1495
2567 1328
2667 1087
1012 1486
2382 1406
1574 1294
2544 1411
2273 1324
2055 1318
977 1440
2920 1139
2006 1387
1325 1442
2889 1116
2473 1326
1122 1381
920 1075
2499 1198
1032 1155
1764 1446
1934 1131
2097 1332
594 1417
774 1244
995 1426
2939 1380
949 1279
663 1344
1106 1125
1188 1405
1266 1265
1282 1315
1926 1086
959 1200
579 1212
2442 1358
2840 1276
1400 1012
2735 1378
1620 1398
2363 1492
2736 1018
2137 1098
2359 1175
2268 1470
659 1281
2143 1074
1051 1073
501 1042
1672 1372
2778 1360
1054 1086
1249 1397
1798 1073
2895 1404
2990 1375
2117 1248
1644 1007
1322 1326
2667 1202
2543 1185
2542 1139
1479 1035
2549 1015
1003 1231
2765 1493
809 1046
1879 1142
2760 1309
2332 1448
1341 1099
954 1156
1155 1000
1526 1252
851 1116
2885 1016
1610 1270
2227 1464
683 1276
2560 1062
2555 1091
2682 1202
2298 1356
2107 1490
2988 1466
1095 1215
2268 1450
2504 1454
2404 1455
1647 1136
1318 1423
911 1209
2064 1178
1813 1314
965 1061
2703 1163
2223 1388
1235 1389
985 1034
575 1455
1570 1451
1777 1068
2712 1237
2551 1289
2904 1134
1682 1244
2517 1397
2712 1155
2836 1362
1403 1396
2930 1298
1749 1333
2766 1048
2823 1156
1782 1039
1777 1066
1375 1497
1616 1246
1431 1275
2672 1160
917 1196
2622 1109
673 1108
2671 1229
808 1181
1417 1243
1052 1246
568 1163
2247 1032
2160 1219
2996 1062
2988 1168
1956 1257
617 1381
637 1062
1108 1163
1629 1028
2990 1498
2229 1485
630 1007
1483 1005
1252 1082
939 1294
1578 1299
1645 1487
2276 1055
1803 1449
2190 1068
746 1206
682 1311
982 1458
1576 1304
2286 1233
910 1235
2158 1349
518 1391
2849 1235
1140 1340
2230 1181
1504 1157
2387 1362
1380 1404
2067 1274
1215 1036
2074 1037
867 1385
1690 1314
2347 1089
2433 1134
2709 1392
1327 1373
1064 1499
971 1216
2908 1030
2003 1169
2213 1465
1480 1445
2315 1321
1795 1142
1718 1463
516 1260
1616 1046
1675 1398
1553 1359
2671 1128
2852 1415
820 1009
1930 1290
570 1381
2783 1272
927 1456
1520 1208
1500 1180
1368 1361
1554 1331
1891 1102
1717 1206
2391 1148
2886 1487
2322 1045
982 1068
2071 1176
1627 1383
635 1348
979 1038
960 1499
1032 1389
1016 1067
1311 1030
1978 1355
2284 1000
1060 1000
2930 1256
2269 1056
2506 1096
659 1092
784 1354
898 1031
1546 1387
2837 1268
851 1315
1629 1064
840 1400
776 1190
950 1123
1409 1125
2973 1441
2075 1191
1539 1096
1311 1219
908 1487
941 1130
625 1043
2852 1227
1154 1290
580 1041
1661 1265
2267 1261
2816 1113
2312 1094
684 1334
1520 1487
980 1441
883 1382
1696 1025
1967 1283
2216 1156
1394 1203
2439 1344
1790 1469
1018 1132
1826 1341
2611 1497
2396 1427
1385 1200
1895 1464
2532 1223
761 1419
2992 1316
2092 1223
1216 1105
501 1001
2415 1458
1148 1354
1650 1150
2295 1283
2253 1337
1360 1086
1692 1330
1605 1435
1403 1303
2314 1009
884 1316
973 1217
2865 1185
2303 1484
2383 1315
2000 1134
660 1200
2031 1165
2753 1396
1605 1080
2359 1093
2768 1238
2571 1471
841 1047
2728 1382
2246 1107