2350 5000
1810 1404
2452 1232
2242 1368
2828 1183
2831 1429
2776 1494
1304 1103
2175 1064
890 1073
2208 1019
2403 1455
614 1372
1911 1109
881 1300
966 1003
2109 1121
1745 1192
1708 1239
663 1467
1165 1095
1337 1427
1419 1234
1601 1386
2708 1421
1568 1470
1570 1313
2412 1115
1578 1225
2105 1247
2457 1138
1409 1322
1688 1328
2391 1384
614 1075
624 1073
1487 1160
1595 1044
2161 1347
2805 1402
1532 1128
2645 1065
719 1081
2867 1370
2793 1194
1737 1207
1276 1488
1854 1194
1935 1444
1181 1030
1162 1197
2528 1239
1200 1030
985 1471
1127 1006
2927 1443
1851 1263
2256 1033
526 1201
973 1166
1172 1164
821 1218
2663 1269
500 1048
1923 1467
2801 1405
590 1449
1790 1464
2881 1288
1294 1004
666 1346
535 1491
1175 1422
2190 1221
2745 1310
747 1035
717 1103
2778 1123
1865 1420
2026 1154
1502 1038
851 1499
1535 1145
2323 1294
1873 1152
961 1299
1662 1479
1720 1396
1739 1246
647 1185
2427 1451
1510 1263
1463 1059
732 1330
2580 1475
1911 1115
1392 1396
1169 1122
1921 1224
2352 1038
2717 1160
2488 1045
1219 1021
1116 1306
1374 1110
2240 1111
901 1191
2138 1381
1147 1465
1099 1203
898 1037
2017 1182
2318 1418
777 1463
2559 1162
2961 1401
1480 1302
1647 1316
1081 1090
652 1440
640 1023
2322 1487
2786 1321
604 1234
1253 1278
867 1269
1038 1461
2523 1202
1638 1199
2566 1106
1456 1396
2138 1273
1322 1395
1979 1296
1210 1111
1567 1110
2546 1277
2128 1367
1609 1488
2550 1428
1751 1372
800 1381
898 1276
2036 1366
877 1419
1393 1451
1807 1089
1273 1415
2051 1304
986 1064
1286 1320
1889 1214
1586 1272
1880 1047
2270 1272
1115 1186
1929 1295
2085 1255
2237 1289
841 1180
2375 1144
2885 1126
2477 1304
1433 1062
2839 1078
2813 1170
1617 1365
1675 1381
2564 1087
2579 1364
2826 1015
2461 1055
1234 1069
1493 1167
882 1407
532 1274
1559 1251
2398 1076
2151 1488
1476 1080
2530 1278
2841 1044
1372 1134
1636 1411
1538 1382
2610 1351
2882 1260
1291 1275
2428 1471
2426 1347
1730 1385
573 1157
2696 1071
2755 1157
2011 1216
2784 1000
2894 1304
750 1364
714 1355
1295 1342
2224 1343
589 1424
826 1334
2116 1138
550 1332
2072 1308
1803 1261
803 1194
1996 1255
2903 1401
972 1104
859 1378
1739 1476
1015 1311
662 1136
1438 1231
2845 1157
1214 1180
1716 1496
726 1014
686 1036
1697 1256
704 1276
2513 1173
2893 1192
1787 1256
1036 1377
2529 1297
2252 1469
2222 1296
2986 1090
2976 1300
576 1143
1967 1126
1224 1034
778 1417
764 1327
1299 1323
2764 1269
1695 1061
2388 1302
926 1378
2248 1134
2142 1361
2833 1013
1234 1157
1540 1257
911 1441
2886 1287
913 1316
2318 1290
2915 1042
2318 1352
1804 1044
2522 1185
2790 1410
2167 1021
1844 1217
2050 1462
2342 1151
2840 1445
2158 1257
1894 1194
2562 1086
2114 1025
2108 1068
995 1473
2261 1290
2353 1374
2161 1185
510 1311
1248 1055
1969 1345
2744 1371
1742 1055
1426 1183
2641 1359
1848 1200
2251 1239
1499 1022
1242 1106
1636 1330
1144 1067
2355 1344
1548 1354
969 1170
640 1497
1041 1004
1107 1030
2973 1431
2962 1411
2388 1402
2680 1142
2276 1271
1261 1246
2248 1305
2677 1369
1900 1254
2809 1234
1303 1441
1139 1163
2276 1397
2239 1421
2568 1491
1763 1261
713 1237
2910 1286
2779 1019
787 1128
1640 1187
2177 1221
2751 1257
880 1244
1788 1161
2653 1047
2817 1443
1064 1105
1281 1198
519 1470
2509 1285
2813 1373
1183 1372
2867 1313
2916 1383
1538 1424
910 1195
2507 1102
879 1485
1014 1339
2960 1359
1266 1478
2730 1382
2542 1024
1865 1469
2922 1011
2002 1166
2825 1084
807 1023
2123 1317
520 1085
1389 1426
2154 1275
647 1056
1453 1269
1477 1279
1085 1445
1079 1284
1687 1103
1273 1447
551 1024
1456 1080
1847 1274
2147 1235
2920 1359
808 1299
2873 1385
1557 1257
1276 1101
803 1179
2744 1063
2113 1196
1694 1285
1458 1258
2401 1499
2130 1131
586 1267
1686 1032
2344 1094
976 1258
2541 1463
1441 1375
519 1109
1157 1235
1884 1390
2824 1056
2040 1435
1071 1110
1406 1414
2632 1006
2109 1163
1583 1494
1478 1471
1962 1056
2757 1140
2938 1432
897 1273
2034 1454
1905 1072
2740 1388
1085 1243
2640 1002
2346 1141
2400 1181
2824 1274
2786 1006
2456 1198
1916 1499
1453 1068
1812 1248
2314 1353
2664 1148
2215 1491
1566 1311
1220 1431
2357 1110
2209 1230
1870 1182
1038 1240
567 1039
2061 1292
772 1207
683 1390
1938 1443
2490 1248
790 1081
559 1083
1605 1235
1854 1145
1979 1220
1624 1316
2023 1108
2254 1119
2225 1077
2964 1224
1765 1384
2251 1241
1932 1248
1487 1071
2564 1099
2110 1394
666 1286
2819 1147
1405 1115
2608 1435
542 1209
2898 1409
1491 1180
1120 1424
1772 1096
1163 1240
1555 1228
1368 1440
1129 1270
543 1005
2755 1456
2676 1035
916 1499
501 1061
1298 1058
1736 1456
2708 1150
714 1127
2301 1050
1669 1132
572 1148
2373 1482
2949 1442
1626 1437
883 1000
564 1298
1947 1370
1304 1392
2209 1049
1679 1434
2324 1031
1875 1398
2467 1052
1473 1477
1144 1140
750 1028
1567 1335
2999 1052
1064 1090
2460 1225
2322 1051
2377 1408
1637 1002
1844 1033
633 1278
2106 1429
2069 1364
1398 1361
2389 1303
1963 1417
1830 1480
1660 1161
1230 1478
1150 1253
1651 1101
1076 1055
552 1398
1013 1344
1252 1194
551 1179
2055 1453
748 1268
2625 1290
2766 1216
1205 1284
1382 1124
2976 1356
1957 1131
847 1094
1531 1179
809 1411
1909 1035
1369 1185
797 1070
567 1268
1742 1133
2575 1450
1005 1240
2509 1472
2444 1195
899 1402
1186 1226
1852 1257
2518 1158
1408 1013
550 1324
1758 1139
2682 1389
1558 1344
2985 1226
2417 1389
1437 1272
2124 1444
2184 1279
747 1050
1740 1457
667 1024
2185 1125
2197 1192
2613 1493
2884 1319
2895 1008
1806 1485
1357 1411
2079 1266
1293 1044
1660 1253
614 1026
1587 1043
2925 1300
1600 1234
2084 1322
1077 1309
1133 1319
1472 1106
1243 1288
2198 1102
2821 1146
1531 1153
1545 1389
2453 1028
921 1141
1652 1177
644 1193
533 1222
1178 1497
1746 1255
1728 1252
2616 1398
782 1135
1515 1028
2051 1480
2376 1209
2641 1145
1705 1072
2513 1083
603 1430
2903 1258
2541 1253
523 1307
2439 1340
1278 1017
2866 1480
2561 1487
1833 1117
2394 1048
2915 1216
1666 1010
1905 1043
859 1391
554 1058
698 1487
820 1038
2334 1269
602 1445
1649 1145
792 1177
2844 1027
2133 1323
1626 1143
2570 1010
755 1221
2492 1415
941 1231
1902 1345
2902 1427
1301 1079
1568 1154
2121 1211
2829 1031
820 1030
2416 1433
948 1100
2487 1318
500 1368
606 1461
1642 1160
640 1153
852 1426
1436 1130
2775 1071
2074 1371
1732 1304
2674 1469
960 1320
2051 1094
1152 1140
1359 1308
759 1471
769 1268
2790 1140
2485 1417
2657 1178
1048 1086
1054 1119
1210 1063
826 1488
1358 1446
1372 1176
1994 1072
1724 1268
2978 1004
2886 1477
2687 1294
2666 1105
843 1010
719 1066
1900 1424
600 1227
2580 1364
711 1257
1104 1273
737 1051
1610 1184
2752 1489
1655 1064
782 1333
1632 1323
1935 1125
2963 1261
1864 1499
2382 1391
2375 1241
2225 1179
516 1090
1845 1479
2607 1334
592 1130
1732 1381
1561 1306
1486 1276
1072 1418
1516 1000
1136 1307
1919 1355
2665 1037
1722 1368
1541 1306
2405 1179
1343 1228
839 1358
1045 1293
1286 1071
619 1108
1156 1116
2784 1252
2137 1200
1689 1398
1474 1061
1506 1223
1661 1440
2202 1122
2464 1286
559 1208
2267 1238
554 1442
2724 1264
2275 1050
1093 1173
909 1195
2726 1259
1861 1395
2572 1097
844 1025
2411 1424
2324 1031
943 1317
1598 1102
656 1094
1392 1471
2130 1162
2418 1318
2232 1005
2470 1143
2625 1158
1362 1087
654 1293
2876 1371
552 1221
2641 1178
2885 1394
1586 1316
2206 1210
648 1262
2217 1181
536 1413
794 1032
2259 1097
1792 1246
2506 1469
2189 1413
1184 1106
1742 1008
2483 1191
2532 1013
1586 1295
2893 1454
2909 1208
1703 1333
1764 1137
2578 1091
1782 1010
1978 1233
2357 1253
2782 1012
2137 1199
1940 1094
676 1210
2825 1145
761 1141
706 1366
572 1037
1686 1335
2737 1302
870 1195
2298 1170
649 1487
523 1276
921 1494
2783 1353
544 1424
2311 1184
1665 1110
2509 1003
941 1006
1599 1386
663 1489
1438 1369
1783 1134
1139 1051
2639 1090
2810 1255
2608 1457
1801 1196
1015 1026
2644 1101
2096 1232
2802 1298
2053 1059
2271 1185
896 1431
1659 1437
502 1132
1072 1464
838 1028
1360 1162
741 1339
2392 1457
1840 1499
2493 1479
551 1358
2303 1249
2221 1440
2344 1375
1190 1302
1624 1327
876 1022
2538 1323
2469 1010
2257 1365
550 1058
2672 1369
650 1492
2247 1267
2067 1264
744 1007
2302 1178
1533 1142
2199 1110
2323 1472
1042 1372
732 1091
2567 1143
2847 1329
655 1069
2270 1089
1774 1047
1608 1475
1236 1102
1763 1120
1386 1231
2788 1483
968 1476
1748 1279
2488 1367
563 1434
2885 1117
1386 1300
2245 1241
1856 1474
1019 1498
1304 1246
2736 1105
1663 1115
2768 1269
1181 1499
1600 1244
809 1458
1625 1048
1787 1231
2908 1182
2856 1453
2739 1287
1925 1162
1557 1276
1379 1430
1817 1446
1932 1102
2086 1007
1545 1319
932 1386
2465 1447
568 1187
565 1133
2710 1324
1095 1257
1815 1398
2371 1402
1453 1233
2621 1412
2703 1346
2005 1098
2269 1370
1307 1162
2299 1345
1567 1374
2583 1213
1927 1225
1945 1329
2941 1011
2286 1383
1641 1427
2539 1226
2859 1371
2016 1376
2898 1065
2962 1041
2657 1437
2141 1343
1309 1398
1124 1196
1507 1270
2779 1305
677 1028
1802 1152
2936 1488
2052 1026
2164 1039
2484 1147
2196 1179
1574 1202
800 1494
1034 1253
881 1340
930 1232
786 1471
914 1459
2790 1148
2619 1050
586 1235
1204 1085
1788 1221
653 1093
2838 1241
2290 1356
1521 1091
2704 1306
828 1091
1751 1017
2750 1224
2158 1105
1213 1362
1397 1432
1503 1381
726 1098
2185 1199
1957 1418
2638 1226
1012 1244
2574 1108
891 1453
2410 1211
1325 1109
2598 1339
2855 1117
2635 1361
620 1244
1196 1256
1658 1091
598 1208
526 1480
1307 1100
1658 1220
1472 1338
1073 1216
873 1139
2268 1475
966 1042
1949 1326
992 1369
2063 1467
1079 1342
1610 1350
2606 1044
2331 1061
1012 1180
1003 1235
1373 1004
2555 1016
1393 1447
1497 1365
735 1180
2494 1253
1186 1479
2550 1132
2244 1072
885 1143
2006 1448
1201 1055
1318 1276
2309 1288
1242 1461
2385 1166
1122 1086
2655 1189
992 1004
1183 1173
2971 1094
1828 1117
1917 1394
581 1135
764 1200
1798 1414
1180 1377
1187 1151
1665 1364
2514 1479
1176 1279
1010 1377
1782 1091
664 1111
1930 1218
1120 1083
1522 1467
732 1432
2079 1124
2317 1207
2197 1493
2527 1354
2502 1489
2207 1022
650 1100
1200 1239
1268 1178
2755 1136
2012 1203
1548 1274
2449 1426
1013 1200
747 1000
1930 1205
1883 1479
2750 1409
1962 1128
2391 1375
2878 1076
1657 1490
1624 1275
1692 1216
1250 1449
518 1427
1606 1207
1555 1252
791 1012
2012 1040
530 1176
2533 1456
2438 1333
2535 1214
1796 1003
1217 1325
2428 1494
1642 1049
507 1097
2420 1036
1103 1006
827 1418
2292 1259
2399 1489
2629 1315
587 1362
1054 1343
2960 1101
569 1208
2520 1417
2965 1327
2013 1344
1117 1268
1505 1044
2934 1459
2902 1182
2412 1288
1689 1404
2912 1174
2782 1475
2371 1237
851 1471
2864 1265
2389 1028
1370 1143
513 1410
2569 1293
711 1099
893 1107
1768 1311
676 1479
2817 1403
2295 1009
2692 1024
1266 1378
1977 1229
2790 1066
2871 1384
673 1442
2174 1330
2372 1221
1852 1318
1609 1251
1416 1103
1351 1153
2016 1410
2681 1452
2473 1218
1509 1279
924 1029
2636 1378
918 1437
2589 1243
2761 1437
883 1248
2620 1180
992 1153
1121 1269
2248 1012
1780 1416
1177 1289
783 1085
679 1446
821 1277
2322 1493
1411 1305
2406 1394
692 1448
2960 1309
2716 1487
2181 1401
2796 1469
1147 1334
586 1464
2506 1138
2956 1487
1799 1174
2025 1491
1859 1206
2110 1315
676 1253
719 1027
2161 1467
2108 1131
1404 1060
2262 1082
1066 1104
2321 1490
2095 1249
1079 1341
1777 1131
1800 1445
685 1211
990 1398
1024 1299
1143 1339
665 1331
2868 1138
991 1339
556 1281
2649 1355
2664 1096
1158 1430
2584 1155
1939 1217
2716 1203
2111 1129
1713 1131
981 1470
1221 1113
2472 1106
1352 1192
2163 1399
2547 1402
2833 1384
802 1272
1752 1309
591 1116
1493 1175
527 1376
2786 1165
1508 1218
1157 1326
1686 1436
1890 1462
594 1343
1033 1254
1409 1245
1216 1198
1005 1354
2697 1216
2235 1487
1266 1099
2319 1026
2583 1139
679 1059
2207 1140
1645 1285
2463 1127
1179 1109
1790 1245
1269 1219
1552 1473
2154 1451
2060 1174
2867 1015
1892 1385
2455 1085
814 1429
1406 1466
1302 1043
579 1382
604 1327
1876 1141
1240 1120
2618 1165
1259 1089
2057 1144
2111 1245
2247 1080
1460 1457
2419 1261
828 1204
2930 1247
1204 1434
2346 1085
2379 1485
871 1475
2081 1043
637 1235
529 1072
1903 1386
831 1230
1670 1181
1401 1220
870 1418
2164 1388
1740 1222
844 1198
1907 1052
1821 1096
1813 1053
2955 1198
2984 1373
678 1057
2236 1345
2834 1140
1153 1051
2417 1423
2666 1093
991 1251
506 1499
2907 1193
2562 1233
2630 1411
718 1215
1978 1021
1323 1487
1361 1126
1726 1042
629 1467
2725 1435
2017 1033
2188 1406
2822 1471
1709 1312
1674 1397
1594 1352
1071 1079
873 1372
1994 1041
620 1402
531 1377
1937 1192
1659 1409
2416 1437
1925 1352
2894 1313
1724 1243
2925 1190
1303 1439
2230 1384
1412 1180
2236 1173
2602 1215
1455 1412
662 1260
2539 1454
1334 1474
573 1165
1350 1383
2842 1408
574 1436
1108 1336
2397 1370
620 1179
2922 1170
1706 1130
591 1369
2414 1195
2835 1046
1902 1145
1995 1106
706 1146
726 1233
2270 1376
2994 1302
507 1469
1451 1298
1347 1022
2368 1050
2509 1478
2833 1362
2928 1462
1891 1437
1463 1051
555 1070
597 1180
1630 1300
1891 1265
2029 1313
737 1378
1677 1441
1725 1360
637 1229
1505 1199
1527 1107
750 1345
1807 1426
606 1324
1007 1028
796 1039
1253 1275
1524 1293
2191 1369
1511 1354
2457 1159
985 1198
1243 1210
533 1010
522 1442
989 1086
2772 1414
2428 1205
1723 1362
2844 1328
1597 1029
2257 1223
2880 1039
1872 1210
1418 1394
1649 1359
1764 1152
1527 1225
2139 1187
2494 1281
1777 1472
2824 1269
2789 1033
2683 1142
2875 1477
1078 1211
856 1153
2303 1208
2675 1300
786 1497
2575 1188
2364 1216
2625 1243
1107 1465
2546 1095
1965 1154
740 1036
2912 1051
2876 1365
1132 1238
1877 1379
670 1255
2416 1041
1161 1443
972 1454
2597 1171
1843 1091
1215 1478
2222 1309
1218 1311
987 1471
970 1017
1692 1052
644 1362
909 1421
2086 1152
1823 1294
2626 1415
1272 1025
2575 1313
749 1005
513 1490
1574 1289
2364 1008
2396 1148
1305 1455
2151 1119
644 1303
1067 1402
2052 1049
980 1057
2061 1327
1782 1245
859 1015
2137 1483
1840 1105
2129 1266
531 1387
1026 1485
2671 1321
2731 1027
2933 1247
1599 1131
1865 1115
1901 1109
838 1185
723 1095
767 1241
1873 1025
2424 1113
2750 1406
824 1447
921 1455
1054 1326
2848 1093
2858 1022
2789 1082
862 1443
1642 1371
2047 1139
2699 1481
1862 1360
1598 1194
1790 1373
592 1336
2498 1022
1744 1006
2389 1259
2716 1194
978 1436
2193 1356
824 1275
2432 1239
844 1330
1131 1267
2673 1476
1192 1124
1177 1238
1308 1300
823 1482
2890 1400
1071 1359
629 1329
2549 1172
1809 1349
1686 1210
2823 1375
1617 1057
893 1051
513 1072
952 1054
2897 1098
1346 1386
1277 1217
1378 1157
2494 1263
2679 1426
1177 1110
1939 1271
1475 1095
2114 1144
1792 1348
2646 1440
1563 1495
2296 1389
1592 1115
1163 1163
2546 1156
1849 1033
567 1353
516 1140
2468 1263
1772 1108
2825 1124
1164 1102
1698 1260
2530 1076
1062 1191
2624 1250
1849 1124
2058 1225
1959 1317
1006 1397
2813 1463
1503 1427
2529 1084
512 1048
1415 1432
1052 1391
1620 1113
2809 1142
2010 1499
2189 1396
2662 1068
1757 1448
2074 1200
1453 1427
987 1478
1898 1455
878 1119
1831 1298
2992 1219
2421 1497
1003 1262
2943 1009
679 1282
734 1052
2845 1130
502 1472
1620 1451
2907 1192
1478 1091
1576 1247
502 1487
1785 1145
2975 1098
924 1255
1212 1342
908 1486
2183 1295
1730 1090
1174 1157
677 1170
1927 1175
1467 1374
910 1021
1665 1476
2676 1233
1666 1243
2924 1377
1088 1108
2184 1190
2359 1499
1416 1090
1518 1461
805 1270
1733 1416
1203 1466
1010 1388
2724 1070
1294 1249
1412 1303
2305 1204
2927 1205
1667 1284
1726 1294
2205 1471
1807 1192
939 1135
1796 1237
2816 1193
1366 1067
2170 1303
2065 1067
893 1066
2994 1223
2073 1168
2986 1484
740 1472
2674 1000
984 1238
599 1259
1601 1412
1661 1397
1891 1004
1554 1074
1771 1257
1109 1433
2590 1012
1661 1040
583 1144
886 1324
772 1150
1803 1086
2948 1362
1074 1216
2086 1175
2539 1121
1350 1348
688 1119
1682 1027
1622 1407
2690 1106
2161 1159
1824 1305
1249 1341
2466 1152
2214 1026
2028 1336
2702 1219
2392 1460
1225 1482
2308 1077
736 1263
2198 1421
1960 1042
1454 1270
2295 1196
1601 1245
1064 1495
1391 1184
2777 1215
1151 1133
2093 1400
2736 1170
968 1246
1717 1437
2610 1343
1216 1161
1507 1129
1846 1111
2051 1078
2913 1103
2865 1110
1325 1426
1420 1180
2608 1325
2599 1139
948 1322
808 1204
1250 1331
575 1408
2432 1340
2860 1051
745 1154
2962 1077
2597 1366
2513 1121
2364 1015
743 1238
2280 1481
2780 1030
2523 1457
2460 1408
1181 1154
2230 1282
2993 1403
2819 1283
1181 1020
2328 1233
739 1044
646 1253
725 1452
558 1042
1697 1430
2270 1484
2429 1235
1885 1142
2611 1008
1816 1058
1178 1179
2547 1226
2799 1246
2955 1419
1777 1068
2472 1255
2837 1466
1257 1011
1314 1083
2194 1043
1954 1399
828 1461
928 1103
2391 1279
681 1456
2212 1397
1697 1413
1973 1229
1739 1270
1751 1214
591 1214
2006 1198
1835 1306
1268 1156
1937 1122
1467 1419
2461 1475
1083 1110
2966 1032
2234 1370
2311 1070
2863 1325
1557 1373
2436 1443
715 1145
1906 1438
2951 1484
1039 1468
968 1088
804 1287
535 1259
2310 1497
1741 1037
1883 1331
2616 1168
2430 1342
2985 1369
977 1118
624 1071
1435 1363
973 1405
1213 1224
607 1025
2328 1257
1304 1018
2733 1227
891 1124
1820 1077
849 1175
701 1269
2772 1465
2883 1180
1856 1264
530 1366
2234 1003
1414 1330
1012 1379
1227 1213
1185 1453
2753 1106
1057 1134
2826 1244
2033 1443
2436 1322
869 1156
1650 1020
2504 1170
598 1244
2020 1405
719 1496
2530 1476
1011 1407
1402 1218
727 1365
1969 1372
2898 1213
2473 1354
1688 1220
1702 1022
1528 1155
633 1184
2560 1413
973 1299
807 1358
632 1321
2922 1123
1395 1034
1448 1220
889 1005
2744 1050
1594 1067
1377 1311
1121 1164
2885 1272
503 1238
2126 1238
1546 1214
2443 1132
516 1492
1261 1272
2749 1111
2140 1272
1955 1349
1640 1432
1373 1288
1306 1314
805 1059
584 1078
1601 1233
2403 1062
834 1167
1633 1098
1456 1384
792 1328
2543 1359
1025 1029
2948 1306
882 1335
2503 1243
1674 1017
2807 1001
1912 1343
2694 1217
2187 1167
2785 1428
1177 1420
1446 1340
1645 1035
1512 1264
2463 1010
1224 1147
1075 1449
2821 1359
2293 1417
1803 1033
1544 1111
1403 1029
1220 1124
2692 1043
2158 1212
2680 1328
705 1388
1600 1024
2338 1445
2062 1107
636 1204
562 1017
736 1355
1135 1237
912 1034
1370 1048
1778 1379
1261 1418
1307 1357
2547 1412
786 1168
1442 1219
1481 1130
736 1247
507 1120
1789 1290
1641 1272
930 1344
2331 1435
1718 1492
1812 1393
524 1235
1164 1338
518 1018
2179 1270
1825 1231
2729 1388
941 1334
2220 1475
2288 1191
1109 1401
770 1190
2195 1199
571 1395
507 1180
1996 1015
1643 1199
1022 1481
2180 1346
640 1415
2872 1001
2481 1247
2426 1073
2883 1203
2428 1388
1112 1334
1231 1342
1723 1224
1867 1147
910 1482
582 1190
1402 1494
1141 1352
733 1026
628 1067
2409 1126
647 1243
2466 1238
2521 1169
2722 1005
2927 1377
776 1071
2969 1487
1274 1268
2395 1265
504 1485
1664 1112
1522 1159
751 1399
1348 1356
1210 1328
1647 1402
1697 1338
549 1065
2566 1322
2379 1376
2544 1298
1066 1040
522 1066
2918 1270
2879 1201
1459 1133
934 1351
673 1357
554 1209
2309 1150
2507 1459
2293 1176
724 1250
2435 1262
1221 1184
1197 1373
2090 1406
2101 1040
2099 1401
2556 1063
1121 1145
2956 1285
1640 1382
1602 1410
1812 1197
2229 1467
2745 1087
2225 1415
1203 1186
2534 1097
1821 1081
1632 1414
2213 1031
2788 1109
818 1470
1370 1244
2297 1026
943 1235
819 1466
2684 1182
1292 1304
1537 1309
1154 1052
847 1020
2034 1210
2021 1305
2789 1280
1939 1240
2616 1342
540 1363
2081 1284
1406 1218
1481 1137
2002 1265
624 1313
2488 1351
2824 1012
2183 1088
1744 1466
2679 1029
999 1277
1930 1204
1807 1487
1965 1110
2436 1066
2528 1333
1713 1312
2090 1085
560 1062
1818 1423
1773 1359
2134 1448
1392 1121
2092 1266
2921 1155
2590 1473
1596 1418
522 1489
863 1145
715 1329
1273 1358
1168 1341
1261 1340
554 1236
1808 1244
2527 1032
1651 1053
1718 1263
2669 1017
1382 1070
766 1027
2010 1133
2282 1136
1875 1127
1466 1490
1098 1493
1144 1423
1302 1260
2002 1483
2676 1078
2983 1474
1452 1074
2046 1396
1658 1166
2410 1216
601 1059
1812 1058
879 1463
2781 1056
2262 1214
504 1400
2558 1454
2765 1214
791 1348
722 1271
857 1134
2415 1496
515 1192
760 1456
1724 1062
1959 1153
576 1424
2653 1104
698 1337
1321 1148
1498 1089
1185 1312
544 1222
1371 1342
1798 1427
770 1052
757 1277
2927 1465
1703 1203
1689 1274
2916 1057
1481 1394
722 1305
2196 1387
2515 1038
749 1113
1991 1075
1999 1430
1802 1262
2131 1084
1042 1407
1062 1376
2786 1162
2533 1269
2984 1494
1545 1100
622 1182
685 1258
2607 1157
2077 1158
2784 1125
2938 1292
2335 1216
2570 1114
1913 1247
1982 1204
720 1321
1282 1204
701 1278
2377 1499
2833 1116
1844 1329
2283 1069
2132 1268
2334 1307
1947 1214
2285 1018
2389 1099
1195 1164
2113 1473
2541 1324
1155 1197
2011 1424
1620 1233
1950 1436
2651 1242
907 1485
895 1197
1640 1353
1727 1373
1655 1249
1146 1225
2976 1060
1598 1351
2761 1334
1629 1334
1892 1001
1366 1499
1125 1373
2248 1084
804 1091
2967 1424
2740 1166
2583 1034
1890 1452
823 1240
1369 1139
2001 1000
2862 1454
1177 1452
1339 1024
2940 1087
1153 1454
1598 1413
1590 1204
1539 1472
1985 1221
784 1260
2471 1473
1726 1477
2114 1147
2944 1119
2846 1207
1675 1202
2796 1057
2552 1179
617 1412
2140 1146
2793 1132
2844 1472
2042 1435
1571 1225
1254 1016
964 1207
2304 1093
666 1465
1704 1024
1324 1068
1619 1215
1250 1099
1267 1394
2978 1478
2411 1211
2435 1202
1273 1200
1132 1278
810 1462
620 1074
2334 1191
1137 1231
836 1297
557 1360
1487 1479
1443 1495
2397 1011
1192 1291
621 1338
1941 1248
758 1472
2619 1197
1841 1429
2465 1051
1919 1277
991 1321
2769 1294
1929 1410
791 1241
2081 1434
2363 1187
2215 1138
1953 1312
2536 1364
2839 1415
2381 1081
1568 1450
1445 1086
1887 1263
2952 1488
2018 1481
2417 1446
2969 1078
1061 1176
1099 1488
2022 1303
838 1492
805 1128
1022 1318
968 1296
2337 1204
1436 1420
1591 1067
1336 1422
1859 1152
1683 1284
887 1484
2636 1363
2413 1397
2601 1166
504 1179
1847 1439
2889 1147
799 1369
2815 1221
807 1279
2178 1220
2524 1390
556 1157
2275 1204
2040 1381
930 1093
671 1166
738 1369
626 1368
2402 1134
1817 1470
2618 1273
2099 1064
707 1312
2166 1464
2873 1430
2659 1490
2269 1290
2896 1004
2949 1414
2349 1182
2346 1117
2042 1156
1604 1331
2630 1248
1898 1246
2359 1163
2774 1409
1268 1041
1682 1266
952 1369
2735 1490
1572 1300
1082 1071
2649 1251
2910 1475
2181 1139
1842 1282
2281 1288
870 1329
1632 1134
2226 1125
2852 1134
2470 1141
2735 1444
1979 1173
1088 1294
1963 1141
1779 1245
918 1024
1374 1077
527 1307
2296 1325
2521 1041
509 1122
1012 1426
1266 1268
2277 1424
2054 1062
2953 1496
2354 1467
788 1310
2072 1019
1668 1488
2411 1164
1923 1160
744 1471
2901 1004
1182 1428
2855 1346
1064 1266
2708 1322
900 1486
1501 1183
2617 1095
2048 1014
2687 1177
546 1381
1184 1236
2080 1474
645 1384
2542 1262
2982 1050
993 1386
850 1415
1780 1208
2139 1281
1942 1267
2600 1473
2978 1087
1350 1183
2858 1383
2742 1235
2209 1234
565 1134
604 1080
1912 1294
1601 1367
703 1494
2442 1439
560 1427
543 1218
2068 1485
1405 1312
1979 1451
1152 1229
1732 1045
1695 1118
1789 1312
2166 1339
2347 1376
1924 1272
1687 1268
665 1490
2539 1052
1906 1081
1778 1343
1133 1322
981 1271
2139 1469
1383 1385
1161 1404
2265 1270
1732 1349
702 1203
1098 1103
555 1417
1247 1336
1303 1137
2284 1152
2848 1417
1099 1340
1774 1398
2581 1472
2619 1281
2927 1027
2162 1398
2655 1290
2556 1005
2286 1337
2432 1333
1904 1250
981 1388
2196 1077
1197 1226
2965 1376
1499 1002
2996 1239
2483 1261
2331 1439
2210 1039
1669 1080
2624 1315
2899 1161
2636 1182
2344 1034
582 1354
1040 1360
2883 1142
1990 1390
2752 1103
2371 1217
2274 1468
739 1322
2798 1370
818 1229
1124 1081
838 1288
960 1102
2797 1488
1351 1042
1241 1292
2573 1207
925 1325
921 1057
847 1097
1240 1426
1406 1372
2071 1232
969 1208
1025 1277
1001 1059
2535 1335
2029 1147
1540 1068
2628 1323
2956 1150
604 1037
2856 1488
505 1481
2177 1050
1937 1497
2213 1128
2655 1088
1303 1313
511 1383