2500 5000
2946 1492
816 1184
1792 1229
920 1124
2365 1089
2801 1313
1997 1221
1331 1002
1738 1157
520 1183
1820 1410
1871 1131
2926 1286
1543 1421
1252 1484
1093 1158
2234 1343
1048 1141
949 1171
708 1479
1803 1389
1947 1050
1634 1120
2593 1309
1112 1154
2188 1188
1942 1052
608 1008
2113 1116
2664 1299
659 1150
1342 1319
1623 1011
1016 1460
1705 1085
1579 1324
2159 1040
2139 1358
2903 1294
1818 1439
500 1253
1211 1178
2194 1326
1936 1125
2387 1437
1181 1286
1206 1476
2407 1396
2505 1244
1770 1441
2597 1151
1149 1322
2036 1280
1369 1025
804 1384
2369 1038
2545 1429
2280 1395
2024 1043
2332 1413
2363 1357
2451 1468
2346 1252
1667 1018
2646 1206
2947 1323
2104 1457
1920 1365
2264 1036
2680 1276
2849 1046
2372 1410
2244 1423
1035 1152
2958 1420
2400 1315
2346 1367
2321 1363
2943 1377
2987 1345
805 1392
1468 1035
781 1277
1424 1070
2862 1260
2430 1063
2719 1084
1671 1010
1144 1100
1323 1441
694 1322
2160 1124
2552 1137
2940 1119
2442 1323
2375 1117
2100 1402
965 1466
1665 1303
2939 1003
986 1234
2998 1309
763 1212
2182 1000
2062 1281
793 1288
813 1088
780 1353
2905 1037
800 1448
2370 1229
2284 1153
1300 1128
1756 1167
1772 1265
2267 1099
2408 1205
757 1097
2936 1235
1150 1147
1386 1335
1618 1464
2600 1249
2565 1420
565 1225
974 1354
1315 1458
2866 1315
869 1095
512 1303
2462 1364
1913 1022
2276 1189
2822 1276
1992 1498
586 1100
1876 1106
1148 1382
2375 1093
676 1402
842 1257
2267 1384
2428 1226
1363 1054
1640 1299
2799 1420
2977 1191
1145 1492
1137 1437
2451 1378
1169 1431
724 1059
1478 1347
763 1010
1074 1443
1774 1150
2710 1172
1716 1101
1637 1173
937 1401
2560 1188
2845 1290
1306 1171
1655 1015
873 1007
2507 1369
872 1055
2602 1346
1178 1017
1534 1296
1213 1179
597 1119
1805 1225
2052 1453
1949 1241
1381 1137
574 1179
2995 1497
2013 1007
570 1125
2155 1280
1964 1368
1551 1311
2185 1139
2080 1381
2292 1374
2003 1432
971 1246
2718 1312
2077 1127
1410 1035
1641 1349
2496 1392
2491 1053
2403 1176
2690 1414
1297 1413
1556 1366
549 1218
588 1359
654 1498
636 1072
2548 1316
1357 1053
2345 1060
1260 1325
1285 1219
1231 1349
2113 1016
1015 1312
610 1419
2554 1172
620 1398
2783 1491
1291 1450
2017 1072
1674 1493
1796 1425
2947 1475
2582 1420
1321 1279
1665 1220
2198 1052
2980 1337
602 1164
1543 1274
2163 1323
1543 1006
1918 1296
2016 1324
2607 1106
2275 1311
883 1419
2179 1444
1003 1283
1771 1074
544 1255
1364 1330
1812 1060
2092 1350
2773 1388
929 1014
911 1110
2057 1339
2865 1353
1051 1087
841 1092
1032 1083
1818 1176
734 1436
2155 1193
2474 1316
2038 1277
503 1073
1376 1181
755 1123
1013 1123
607 1118
2069 1230
1690 1128
1940 1413
886 1028
2493 1277
2659 1308
1471 1026
1249 1309
2419 1022
1840 1264
2419 1409
1622 1308
2997 1378
812 1273
2952 1144
735 1451
2483 1414
709 1243
2183 1132
1644 1015
1390 1391
1033 1492
1391 1239
2210 1365
2610 1319
2575 1259
562 1068
2167 1181
965 1395
1522 1093
1968 1173
522 1091
926 1191
940 1079
941 1040
1146 1136
2714 1285
2749 1017
1541 1127
783 1382
1436 1366
1164 1129
1501 1176
721 1109
830 1292
1171 1262
1385 1106
1750 1179
1400 1423
2899 1335
2135 1456
2157 1361
2329 1228
2039 1470
2903 1296
2571 1227
2331 1016
2505 1215
994 1028
2884 1048
2667 1208
2638 1007
1111 1154
1271 1142
2023 1277
2486 1368
2127 1401
1026 1318
1448 1409
1016 1370
1254 1051
2352 1361
1396 1284
1264 1305
1570 1336
2641 1077
2504 1032
1656 1137
1641 1474
1155 1142
832 1289
2751 1371
2938 1327
2332 1460
1692 1233
2131 1232
2287 1120
1894 1169
588 1378
1322 1473
2534 1150
621 1258
1077 1201
1584 1324
653 1131
2862 1268
2975 1116
881 1259
2858 1321
623 1147
2569 1026
688 1268
1934 1094
1796 1185
2892 1391
2459 1282
2230 1264
2643 1069
1910 1214
1276 1490
1400 1170
1213 1084
539 1021
1664 1230
2288 1381
2473 1369
2305 1304
1358 1076
2627 1386
864 1032
1104 1469
1145 1008
1700 1405
2855 1494
2087 1050
742 1105
2489 1304
1013 1000
1589 1076
1256 1320
1682 1126
2747 1482
2541 1361
556 1421
1326 1386
2648 1327
598 1291
1765 1221
1931 1383
525 1462
915 1442
1382 1010
1834 1163
1441 1313
1198 1027
630 1351
1076 1181
2271 1154
2097 1100
2856 1429
1631 1250
555 1469
2852 1155
1212 1403
567 1245
2820 1001
1251 1303
2563 1156
2739 1208
1037 1110
543 1157
1289 1294
1370 1326
2136 1487
1622 1076
2232 1382
1612 1193
1210 1296
861 1081
828 1231
2336 1142
2481 1288
1831 1128
2060 1440
1301 1387
1759 1415
1844 1106
590 1465
2331 1246
2853 1060
1826 1052
1841 1049
537 1034
728 1412
2068 1383
1704 1342
2099 1013
518 1328
2185 1483
1976 1348
2536 1282
871 1371
513 1172
2222 1099
2955 1254
1201 1253
2882 1014
1359 1282
2450 1061
2679 1189
1131 1163
952 1413
2021 1342
1717 1477
603 1008
1042 1075
1060 1310
2493 1252
1551 1466
2795 1314
2285 1339
2992 1432
1504 1363
2330 1005
2775 1166
2339 1306
721 1273
1116 1430
1885 1366
1933 1099
1710 1387
1911 1006
2251 1403
2373 1012
2612 1478
1152 1106
2782 1016
1418 1494
1844 1241
932 1158
2682 1392
1970 1131
2849 1101
1935 1315
2026 1205
1316 1460
1198 1392
2107 1303
2851 1020
980 1337
2332 1184
1887 1205
1325 1020
2395 1430
1790 1364
1072 1021
2866 1106
528 1293
896 1130
2599 1479
1478 1007
2975 1215
840 1080
1644 1493
1050 1256
999 1077
2843 1042
1871 1023
2947 1215
2455 1074
2830 1071
2109 1268
2689 1121
918 1079
1081 1363
1099 1198
1984 1423
2227 1335
1752 1083
2985 1424
2296 1301
1774 1406
1541 1200
1631 1207
1066 1043
1825 1411
1434 1446
1753 1159
1695 1166
2577 1326
1304 1101
1659 1070
2644 1203
1108 1054
1535 1248
1659 1256
2765 1338
2124 1156
1158 1056
2844 1234
2794 1398
2969 1244
1441 1097
2280 1139
1358 1380
828 1450
1777 1406
989 1350
758 1261
2257 1456
2925 1331
757 1328
1749 1040
1415 1052
1595 1151
822 1193
871 1334
2154 1207
808 1293
2293 1165
1062 1023
2571 1216
2950 1132
2706 1324
1842 1171
2740 1321
2214 1152
2572 1357
2954 1261
1073 1401
1257 1075
2363 1062
1226 1421
1774 1435
539 1147
2711 1392
594 1431
2829 1234
2061 1256
2282 1493
2210 1031
1362 1050
2552 1352
777 1332
2870 1078
545 1476
2835 1262
1121 1497
1591 1330
1419 1233
1744 1030
1407 1043
916 1431
875 1009
1733 1176
1669 1308
2464 1201
1179 1293
1884 1455
2947 1385
2748 1178
1534 1494
2277 1430
1697 1264
2767 1134
2166 1018
2560 1037
2972 1272
1078 1329
1065 1213
1918 1313
795 1058
553 1370
2914 1030
1882 1189
1565 1026
2736 1039
2183 1498
972 1037
1385 1477
1263 1409
2616 1454
1649 1209
2084 1370
871 1067
2668 1246
873 1200
2467 1407
2952 1254
1162 1123
2030 1246
2068 1395
1432 1081
2748 1497
2018 1016
757 1389
2636 1006
1303 1029
2666 1045
973 1028
1368 1328
1196 1354
869 1189
1595 1273
2336 1357
1036 1384
2074 1459
1755 1291
1054 1431
2840 1451
1637 1292
1087 1105
1105 1462
2870 1461
2712 1386
2760 1276
1666 1049
2976 1406
1159 1125
641 1035
1459 1397
2915 1225
587 1307
1980 1322
1627 1054
2993 1296
2559 1240
2075 1036
1953 1056
2576 1225
697 1318
1036 1176
1412 1278
1039 1079
1850 1470
840 1023
2291 1158
1726 1127
1131 1197
598 1070
2327 1168
2203 1170
1415 1305
1468 1069
2517 1172
1453 1033
2546 1110
848 1088
531 1017
607 1178
647 1379
2911 1386
1143 1476
1037 1044
2497 1423
1983 1281
2441 1108
1857 1491
2114 1409
1025 1398
517 1201
1626 1473
2700 1486
1856 1050
2882 1489
1972 1358
917 1492
2380 1264
1155 1344
2059 1033
1223 1324
2469 1400
1838 1353
1780 1375
619 1299
1853 1253
1264 1347
926 1189
1773 1090
2356 1027
1910 1434
1592 1208
1894 1033
2442 1446
2851 1468
993 1197
620 1278
2578 1399
1216 1246
1983 1376
1003 1325
746 1289
618 1419
1838 1475
763 1000
1673 1199
794 1243
1695 1302
1851 1145
1581 1446
1658 1299
1631 1184
1225 1379
1960 1227
960 1405
620 1058
1164 1021
1707 1034
2237 1163
2180 1135
1410 1142
524 1032
2312 1434
1335 1417
1029 1258
2899 1402
722 1250
2484 1432
1105 1029
2765 1155
2167 1063
1802 1244
1629 1082
803 1232
514 1315
2981 1459
1933 1276
1237 1048
1952 1103
1035 1324
2598 1256
1877 1086
1280 1133
717 1208
527 1231
1667 1059
1085 1016
1604 1497
2163 1052
2577 1052
518 1396
1617 1441
1900 1211
2374 1304
2683 1374
676 1114
2290 1192
574 1117
2374 1145
2032 1156
1042 1216
880 1484
2679 1425
2035 1363
1579 1463
788 1106
1947 1447
2091 1254
2235 1090
1515 1441
1361 1212
2184 1194
2520 1005
1680 1252
1162 1151
2506 1243
1595 1013
1064 1217
1341 1283
1568 1099
615 1005
1827 1135
946 1428
2552 1441
924 1424
1578 1018
2785 1109
1158 1322
2157 1103
2680 1369
2596 1210
1085 1388
2037 1172
2065 1181
1858 1131
1070 1337
2717 1339
2227 1073
1650 1180
1555 1258
1671 1049
2269 1233
1562 1379
1649 1488
1021 1499
1750 1157
1793 1439
2096 1359
1275 1402
1199 1295
2861 1413
2134 1106
1978 1052
826 1055
2104 1255
2851 1063
2150 1469
2071 1205
1903 1370
917 1366
1562 1491
525 1233
1569 1366
2414 1271
932 1047
2737 1208
1165 1130
1467 1490
2976 1303
1991 1015
1457 1158
1466 1312
584 1028
1760 1201
2489 1378
1611 1361
2597 1341
676 1120
1088 1063
1956 1450
1088 1186
773 1007
600 1304
1831 1168
2678 1110
2738 1103
2417 1102
2479 1358
2585 1369
2418 1209
1839 1214
1711 1368
2321 1008
1125 1020
592 1244
1104 1259
1477 1129
660 1301
1773 1254
548 1106
2770 1305
1153 1050
2891 1353
819 1279
1158 1337
1563 1073
591 1297
1347 1457
550 1275
2534 1127
1347 1459
2589 1439
2621 1085
1534 1183
1618 1347
2916 1382
1062 1024
719 1431
1795 1290
1124 1347
2809 1037
2700 1360
1175 1081
1918 1126
1903 1381
2374 1272
2680 1383
2836 1090
1038 1496
2537 1461
2946 1289
2733 1331
886 1180
543 1368
2972 1151
2371 1111
658 1227
697 1135
832 1323
1362 1107
572 1225
706 1165
2491 1383
1376 1361
776 1330
1584 1283
1757 1196
814 1087
2910 1242
624 1430
2978 1336
777 1420
1879 1229
2038 1382
1962 1075
2613 1470
602 1382
1643 1032
947 1407
1060 1207
524 1444
1967 1281
1070 1172
2684 1066
2433 1024
865 1497
2940 1070
1715 1360
2101 1343
2568 1224
2979 1169
541 1423
788 1030
2206 1358
1683 1450
1765 1233
2009 1360
2182 1050
2667 1175
1196 1262
2704 1320
2106 1428
1659 1441
1669 1294
1374 1019
1001 1108
1435 1369
1424 1072
2080 1256
902 1385
2842 1232
1583 1086
824 1387
1162 1372
1891 1362
1056 1150
1427 1197
2966 1054
966 1203
629 1238
2557 1287
1007 1077
1761 1083
1136 1046
1377 1372
1779 1128
2252 1283
1249 1221
841 1461
2111 1121
1358 1476
765 1377
1144 1120
1507 1284
2118 1034
2412 1194
2069 1411
2013 1197
2321 1186
2235 1465
1366 1390
2475 1032
1800 1164
2835 1328
2966 1093
782 1174
2796 1441
2335 1363
2918 1384
2631 1295
920 1443
2570 1377
865 1075
1904 1189
552 1316
883 1015
1293 1447
2209 1072
1911 1055
1496 1042
544 1165
2117 1025
1066 1132
1912 1156
1259 1447
1223 1036
1195 1180
1546 1223
2342 1114
743 1098
1658 1032
2510 1119
2858 1486
2552 1131
1210 1272
2902 1436
1134 1440
2040 1268
950 1119
1343 1478
2155 1320
2384 1204
2455 1095
2323 1093
2381 1215
1112 1287
2986 1397
2941 1193
1109 1049
761 1137
1405 1260
1893 1394
611 1351
2419 1147
1287 1273
848 1109
516 1091
688 1298
2145 1463
846 1200
2300 1080
1369 1202
2622 1257
2891 1341
2889 1296
605 1396
779 1226
1289 1377
2492 1076
1126 1043
2053 1284
2796 1398
2591 1494
2693 1199
2412 1230
2334 1331
2848 1290
2908 1063
2264 1266
1533 1490
1401 1088
906 1231
1578 1229
2994 1479
2054 1040
1646 1187
2505 1071
1612 1332
724 1174
2431 1305
1314 1232
2790 1208
2590 1207
915 1380
2528 1141
2576 1494
1598 1098
510 1432
1638 1316
1383 1115
2329 1156
2206 1169
2294 1136
2153 1027
2274 1376
2983 1491
2208 1011
619 1133
2392 1499
1453 1147
1739 1116
1720 1416
2362 1261
1373 1158
2817 1215
1621 1011
872 1143
1487 1236
2556 1161
1851 1396
2306 1395
1460 1394
1571 1011
2405 1016
536 1402
2048 1416
1992 1013
1866 1378
733 1274
2544 1095
676 1453
2641 1401
2020 1332
2863 1464
1012 1057
2265 1237
793 1078
1890 1352
2224 1308
2502 1296
2133 1238
792 1452
1466 1246
2938 1176
680 1274
742 1267
2384 1130
2072 1223
2541 1081
579 1499
2753 1174
1670 1483
2790 1316
2862 1098
1962 1018
1948 1221
2059 1407
981 1474
2707 1488
1601 1455
742 1162
586 1227
590 1431
1395 1450
674 1335
1886 1044
1562 1116
2864 1216
1477 1395
593 1483
2282 1487
2537 1456
1903 1142
2167 1160
2673 1302
2006 1325
1421 1030
1002 1095
813 1059
924 1197
1093 1093
2617 1257
1031 1397
2991 1117
661 1294
2898 1295
1974 1476
1212 1379
705 1208
2315 1287
2306 1398
825 1043
1548 1153
695 1057
1250 1102
1691 1099
1626 1453
750 1039
1936 1018
1059 1092
1381 1254
1919 1378
2051 1222
2294 1069
2394 1081
1613 1100
1021 1154
1930 1003
1457 1114
1780 1373
1408 1488
1255 1338
2343 1366
1301 1050
1200 1353
1416 1432
1616 1342
2143 1423
1292 1421
2395 1085
533 1470
1878 1439
1945 1210
1545 1194
2770 1461
2847 1117
2825 1405
1417 1215
2667 1179
2543 1404
630 1254
794 1266
929 1462
2128 1221
728 1108
1741 1040
2500 1250
2326 1222
893 1039
2224 1034
832 1412
689 1273
2921 1256
880 1224
2554 1074
2454 1181
1007 1328
1703 1219
538 1473
2303 1070
993 1000
1196 1169
1057 1379
1382 1412
2154 1180
697 1117
1279 1242
1693 1417
2159 1494
809 1225
1306 1043
1275 1026
1390 1427
646 1239
1298 1163
1200 1453
1720 1082
751 1198
995 1145
2417 1167
1540 1092
2480 1275
687 1350
2684 1026
2640 1370
868 1217
982 1121
1912 1072
1286 1425
1472 1027
1207 1458
1494 1439
1201 1348
2179 1090
1179 1247
2115 1486
537 1371
976 1087
2599 1352
2435 1312
973 1288
2240 1181
524 1100
1609 1400
2236 1491
523 1390
624 1448
1251 1493
2854 1197
2730 1091
2643 1276
2276 1132
590 1399
1096 1096
1607 1204
1041 1370
2917 1231
1951 1272
2330 1276
2667 1481
2124 1016
1496 1350
2423 1447
672 1120
834 1252
2025 1295
1139 1239
2364 1059
2470 1006
609 1364
826 1289
1131 1016
2243 1233
1647 1245
2741 1208
1185 1415
570 1000
1672 1410
1581 1327
2512 1325
652 1181
698 1213
1409 1389
1514 1357
2079 1116
878 1057
1297 1382
1818 1082
2035 1434
2859 1137
2672 1413
1028 1191
2743 1433
2050 1136
1148 1036
710 1342
706 1180
1735 1380
2045 1240
2225 1349
1863 1480
1891 1173
2603 1137
648 1139
2885 1496
1938 1384
2442 1320
2318 1098
1035 1234
875 1370
2334 1206
631 1338
1872 1262
1182 1273
509 1325
555 1245
1972 1167
2187 1490
2705 1101
1396 1377
1469 1453
2642 1256
2923 1009
2111 1422
2848 1328
878 1368
707 1270
838 1230
2788 1255
2227 1341
2769 1087
961 1030
1257 1285
2251 1055
2252 1059
2642 1494
1217 1065
2639 1154
1389 1481
2231 1375
1334 1208
1121 1022
1568 1461
2163 1208
583 1398
1512 1023
2704 1426
2370 1133
2104 1001
895 1195
1007 1263
662 1205
901 1267
1435 1284
938 1172
1893 1480
2046 1403
1188 1149
2598 1160
2986 1262
551 1437
672 1009
2151 1050
2556 1116
2043 1499
614 1421
1541 1092
1918 1445
2793 1377
2977 1008
2188 1316
1921 1197
1538 1199
743 1328
2025 1289
1654 1191
2989 1222
1712 1137
2598 1269
876 1038
2593 1242
861 1274
1046 1152
1625 1476
1562 1122
1388 1440
1061 1010
2806 1291
2234 1393
1282 1236
1366 1281
2333 1114
898 1311
1375 1258
1608 1318
1402 1483
2278 1447
1760 1322
1583 1268
2107 1361
2550 1206
2627 1008
570 1439
923 1034
1849 1409
1765 1065
1176 1103
1599 1387
747 1011
2280 1018
2969 1093
1881 1140
1907 1230
982 1002
2356 1086
622 1461
1615 1030
1890 1207
2217 1494
838 1227
944 1409
2359 1203
1432 1101
1183 1360
2446 1445
2813 1129
574 1091
1565 1394
1786 1020
840 1107
1675 1197
2664 1170
1996 1197
743 1315
2349 1206
2045 1284
703 1476
1466 1306
730 1471
2962 1249
1238 1222
2456 1488
1042 1213
1920 1486
1115 1071
1157 1432
2339 1350
2167 1058
2377 1134
2235 1129
2800 1302
949 1005
1196 1138
2606 1182
2308 1387
1843 1427
546 1331
1880 1174
2050 1132
2121 1414
573 1223
1848 1450
1077 1235
1151 1133
2392 1000
2693 1473
1402 1067
2193 1217
1052 1265
2650 1309
1383 1052
608 1043
2614 1322
2377 1456
766 1011
894 1109
2156 1230
2630 1437
1274 1322
1419 1116
2184 1193
999 1009
866 1310
955 1043
1587 1466
2168 1032
2741 1409
2002 1377
621 1214
565 1314
1964 1301
1901 1014
1620 1000
2413 1251
2412 1428
777 1266
2896 1233
757 1105
1532 1362
1654 1428
1157 1149
2727 1298
1453 1373
2721 1251
2206 1047
647 1429
2085 1360
2878 1070
740 1138
2254 1469
2464 1462
2399 1044
1882 1048
2596 1135
1137 1111
2515 1153
536 1306
750 1442
917 1212
643 1485
1562 1226
621 1057
1608 1115
1739 1288
1531 1071
2820 1323
2155 1026
2483 1186
941 1306
1706 1237
2766 1321
2985 1283
1942 1275
1380 1475
1467 1459
664 1136
2108 1351
1279 1090
1035 1279
882 1256
2928 1425
564 1093
2129 1244
872 1286
943 1451
2293 1398
1926 1458
1342 1425
1290 1049
2528 1491
1467 1472
668 1168
851 1392
2434 1499
1053 1275
2084 1348
1222 1171
546 1079
1302 1064
2822 1285
1193 1042
940 1289
2626 1322
1987 1200
1752 1495
1389 1347
957 1212
1272 1252
1245 1034
2337 1294
2725 1115
632 1362
795 1390
1819 1466
2305 1122
2510 1136
1029 1138
1757 1051
2796 1233
988 1469
1060 1224
2519 1486
2853 1363
2628 1391
2447 1391
2715 1165
2509 1071
1657 1132
1952 1132
2096 1309
567 1081
938 1405
2776 1228
1397 1230
1485 1168
2930 1370
1408 1173
2990 1187
2583 1187
544 1033
706 1382
1651 1430
2005 1138
2249 1241
1137 1335
2198 1421
2393 1150
1034 1341
2512 1348
2754 1469
2285 1239
1009 1240
975 1376
977 1415
658 1461
711 1379
1255 1079
2044 1474
1315 1332
1996 1268
2961 1366
1378 1252
1826 1022
1139 1338
1135 1317
1429 1349
573 1061
1491 1420
1011 1060
2479 1117
1107 1139
2546 1105
2815 1286
2348 1006
1648 1118
2594 1280
1991 1452
1890 1293
2052 1457
2564 1420
1259 1418
552 1250
2157 1322
2759 1330
1265 1231
1968 1354
887 1159
707 1325
2652 1239
543 1409
562 1445
1109 1278
1607 1120
2015 1024
2708 1039
1326 1257
608 1127
1817 1447
1806 1338
679 1170
610 1353
836 1081
2464 1362
2216 1394
1009 1451
931 1282
1394 1101
1010 1288
2916 1299
1663 1090
2610 1474
1795 1027
1101 1343
2243 1475
1103 1410
2069 1333
2072 1272
1512 1253
2994 1207
2134 1441
1010 1369
916 1102
821 1448
1776 1045
667 1245
1641 1197
1876 1140
2625 1400
2076 1465
2999 1106
857 1202
873 1275
2823 1358
1000 1198
1627 1302
862 1494
1208 1051
2078 1009
2097 1006
1992 1025
1652 1380
2102 1355
1279 1045
704 1194
893 1067
1549 1312
1547 1138
1152 1282
1080 1290
1377 1249
1196 1071
1092 1307
1862 1166
2238 1222
2798 1447
2401 1447
1879 1382
887 1423
1027 1433
1096 1140
754 1330
2842 1022
2937 1027
2788 1139
1961 1227
2118 1346
1529 1264
1251 1492
2178 1428
1595 1176
1873 1192
639 1378
2498 1489
1524 1431
1593 1184
1505 1249
2020 1457
2333 1455
1505 1363
876 1128
2348 1094
847 1290
2023 1290
2613 1315
2571 1313
1692 1406
2184 1079
2324 1131
1153 1044
1655 1009
1376 1403
2769 1067
2962 1058
2550 1470
2691 1485
2259 1371
2331 1306
1406 1032
2208 1268
1549 1221
1925 1083
1715 1473
1106 1114
2713 1308
822 1027
2604 1137
1074 1303
2331 1098
780 1046
1312 1418
799 1265
2659 1400
2448 1079
614 1225
1773 1174
1490 1378
1946 1329
797 1381
671 1415
1831 1192
2142 1360
2541 1214
620 1460
2185 1461
2158 1369
721 1401
1946 1126
2150 1106
2536 1285
1579 1015
2505 1380
2756 1147
770 1145
2381 1339
2048 1107
1595 1378
2948 1316
2060 1239
1769 1194
2658 1318
1586 1378
2178 1471
1255 1478
1757 1157
2465 1041
2189 1189
1208 1056
2331 1290
2256 1289
2112 1259
2626 1409
864 1456
1140 1319
2431 1317
2326 1181
956 1180
1897 1337
1268 1037
2790 1305
2732 1163
1643 1204
2210 1008
1024 1145
2450 1134
2168 1250
548 1315
2975 1140
1360 1100
1680 1235
2437 1146
959 1388
1254 1002
682 1357
2453 1155
820 1261
1428 1316
2999 1021
500 1458
1136 1370
1269 1338
2146 1079
2404 1440
2343 1036
1338 1162
2544 1446
1637 1252
1144 1010
510 1199
1631 1382
1530 1423
1910 1158
2790 1114
2025 1222
2694 1393
2709 1232
1844 1046
2363 1364
2055 1080
1245 1290
2075 1089
888 1017
2387 1463
1087 1467
1757 1253
1113 1005
2899 1220
2269 1073
2084 1149
2355 1007
2967 1331
1440 1377
2630 1293
2776 1256
2145 1233
1837 1156
721 1124
876 1325
1265 1222
2341 1157
613 1025
2218 1329
757 1445
2466 1494
2478 1222
2057 1324
1565 1331
2932 1281
1912 1122
1614 1118
2062 1251
2140 1130
1788 1072
2968 1125
598 1123
1187 1476
1430 1212
1511 1477
2537 1473
2556 1474
2176 1016
2400 1010
2294 1333
1188 1449
1086 1019
2990 1435
2207 1259
2243 1139
1655 1496
1233 1235
590 1015
2542 1292
723 1486
970 1277
1543 1279
2449 1327
1915 1372
998 1481
1207 1336
1648 1424
2817 1322
2056 1253
1849 1112
2977 1402
860 1080
2930 1067
1994 1146
2654 1060
2873 1461
2021 1272
1279 1201
2305 1249
1707 1182
620 1155
1364 1107
2115 1468
1137 1003
2476 1485
752 1031
2638 1300
1809 1207
2194 1374
1211 1290
2181 1048
2659 1211
1361 1387
1705 1120
515 1162
1381 1110
2529 1202
2454 1128
2369 1452
1060 1060
2421 1467
2615 1433
1726 1299
1479 1437
816 1175
1876 1054
2956 1224
1689 1176
2280 1357
1497 1360
2000 1165
1514 1175
1594 1081
683 1090
2990 1476
601 1496
2695 1345
2501 1382
2469 1061
2447 1409
1778 1318
2886 1286
2391 1089
681 1134
1996 1380
2588 1324
2494 1373
2749 1384
1483 1492
2272 1175
1049 1312
653 1223
1498 1167
1687 1156
1571 1073
2199 1389
2036 1084
795 1468
1362 1416
1223 1002
2807 1405
2868 1078
553 1233
795 1344
2778 1384
684 1252
1736 1027
2699 1453
1846 1054
1742 1075
2210 1202
1656 1240
1351 1140
593 1048
1478 1458
1035 1173
1865 1462
553 1362
1575 1166
951 1069
2386 1389
1548 1086
1923 1367
2224 1430
2562 1296
2325 1031
665 1155
1624 1409
936 1350
1815 1183
1743 1357
682 1269
2757 1327
2823 1269
1560 1403
1782 1026
546 1102
1137 1073
2439 1336
1535 1157
2529 1416
1783 1364
1495 1475
551 1314
2896 1270
1625 1025
2244 1349
520 1129
1079 1292
1675 1314
1465 1340
1675 1139
2335 1471
2245 1388
2901 1236
817 1429
2749 1055
2458 1248
2257 1153
1428 1056
2028 1072
1976 1293
2742 1389
1963 1349
1468 1395
1337 1183
1150 1208
1519 1023
2203 1357
2622 1140
646 1404
2784 1033
2720 1158
2067 1462
577 1110
1977 1309
1565 1019
2128 1425
1941 1259
792 1490
1391 1226
1168 1279
2832 1133
644 1301
1817 1132
1570 1106
794 1156
1803 1450
2683 1117
2581 1406
501 1286
2972 1395
1672 1274
1326 1462
562 1014
1504 1400
1804 1371
2816 1066
2424 1244
2253 1111
1508 1279
1221 1357
2749 1341
985 1313
2477 1097
1680 1311
1310 1188
853 1376
1938 1300
2601 1030
1432 1155
1955 1454
1598 1301
2906 1485
2520 1170
1511 1133
1019 1030
1084 1393
2845 1089
1174 1419
2477 1329
829 1268
2182 1013
2506 1451
1350 1451
2428 1041
1996 1021
2783 1320
1440 1426
2140 1398
2061 1200
2631 1406
893 1429
1107 1260
2236 1280
2233 1495
1785 1444
2512 1230
2404 1399
1631 1088
520 1102
2735 1159
666 1038
1141 1273
2301 1433
755 1006
2874 1313
1516 1222
2240 1097
1545 1470
634 1170
886 1237
824 1090
2523 1150
2314 1261
2571 1487
1393 1468
2183 1304
2973 1239
2514 1464
920 1348
2814 1482
1546 1324
535 1110
1465 1239
672 1126
1416 1371
2501 1416
1339 1000
2811 1141
1279 1219
1483 1050
1989 1139
1000 1431
2312 1019
735 1140
2228 1089
602 1005
1586 1139
2330 1341
1010 1480
2011 1315
1347 1117
2552 1490
890 1201
987 1101
1181 1165
891 1284
1505 1001
2150 1165
764 1328
894 1200
780 1098
2219 1245
2615 1271
2430 1483
798 1339
542 1490
805 1453
1227 1296
1351 1425
1139 1260
2724 1456
2141 1099
1036 1483
1237 1180
895 1243
1771 1003
2016 1127
817 1065
2386 1351
2454 1026
609 1084
2294 1391
1297 1443
996 1028
2349 1075
2862 1459
1172 1422
2913 1113
2870 1207
1819 1332
2973 1426
1994 1085
1443 1119
1431 1091
760 1384
1850 1391
1773 1042
1824 1475
581 1102
2929 1063
2875 1454
1690 1467
1143 1195
795 1043
2474 1256
2707 1437
1406 1350
867 1427
537 1195
511 1265
2475 1322
2090 1018
1582 1312
2905 1031
536 1395
737 1110
2859 1128
2612 1092
2583 1237
1678 1349
2682 1091
2196 1482
1824 1041
1652 1337
687 1287
2952 1473
1803 1141
904 1095
1486 1119
1916 1450
1584 1155
848 1299
1921 1425
2442 1174
2413 1053
2719 1159
1163 1384
1986 1129
957 1054
2610 1092
500 1293
1681 1138
1875 1297
2708 1357
1891 1487
2074 1219
745 1159
1320 1151
603 1040
726 1146
2475 1212
2064 1120
2043 1214
2365 1481
1013 1209
1812 1227
621 1189
1864 1228
2804 1097
2329 1275
694 1355
657 1487
2328 1372
2661 1271
2030 1270
2360 1227
2766 1009
2558 1308
2537 1485
903 1003
625 1223
2148 1355
568 1380
983 1053
2656 1259
963 1356
2015 1348
971 1059
573 1015
626 1046
2619 1000
914 1376
2727 1194
2516 1079
1590 1102
1311 1253
1023 1452
642 1322
2176 1089
1994 1144
2286 1089
1174 1238
2483 1218
1607 1230
1488 1015
1681 1243
1256 1034
1008 1457
791 1390
1273 1275
1722 1241
2474 1464
2849 1052
1871 1035
2177 1359
2284 1045
1037 1386
2612 1481
1239 1199
2786 1401
1581 1064
2454 1270
2318 1239
2123 1238
1353 1061
2027 1203
2152 1100
1918 1125
2456 1444
764 1480
863 1487
937 1188
2710 1303
1465 1351
1552 1118
981 1493
1210 1496
2176 1246
1023 1222
1013 1058
1180 1318
2170 1278
1474 1271
1997 1125
1666 1321
1609 1377
884 1013
2880 1493
2011 1496
1476 1223
789 1146
2209 1241
1783 1234
1838 1484
2828 1040
2597 1214
2280 1056
694 1466
2122 1472
1788 1262
2165 1451
2274 1028
2500 1368
631 1270
2920 1414
2273 1182
679 1352
504 1058
2970 1181
1457 1074
548 1152
1563 1306
2643 1263
1491 1297
632 1491
2848 1128
628 1232
2137 1047
1812 1486
1018 1026
2039 1119
868 1418
2524 1400
1839 1369
1478 1148
2372 1398
678 1384
2815 1123
1641 1070
829 1185
1716 1364
870 1431
1096 1054
2794 1309
2939 1347
1322 1394
2776 1269
2563 1182
1859 1110
1754 1473
2583 1307
1271 1395
2480 1316
1734 1482
2485 1471
1560 1012
2648 1236
1623 1108
778 1364
2086 1176
1733 1134
2520 1465
2214 1170
1524 1296
958 1333
2254 1317
1295 1354
730 1436