2550 5000
2442 1450
1913 1315
1504 1150
1932 1044
2449 1101
1490 1160
2147 1431
1287 1308
2083 1364
1792 1169
2907 1250
1807 1093
1962 1405
2634 1110
2393 1240
798 1205
1911 1157
2982 1292
937 1300
2121 1276
1343 1055
1267 1410
1447 1055
1936 1269
2847 1286
2124 1261
2466 1058
2293 1265
724 1467
654 1456
1512 1490
1973 1134
2713 1236
2421 1315
2804 1290
1541 1470
641 1155
2914 1153
1696 1415
2549 1399
2987 1400
666 1116
1946 1321
1574 1105
956 1195
2114 1452
2134 1051
2296 1463
986 1411
957 1422
2025 1204
1376 1169
2173 1361
2620 1488
2418 1124
671 1077
1757 1417
2534 1026
1046 1351
2872 1105
1502 1062
1956 1124
1611 1282
1770 1444
991 1437
2863 1340
946 1421
2214 1421
2359 1271
2473 1055
2391 1121
2532 1092
2418 1153
1691 1050
2578 1383
2495 1224
1123 1335
704 1068
2886 1334
1349 1302
2197 1188
2236 1397
1252 1325
1587 1167
1218 1102
2863 1016
1271 1180
2365 1113
1849 1378
2479 1278
2301 1287
1127 1488
2467 1269
1420 1142
2914 1063
2008 1016
634 1335
2000 1321
503 1400
1395 1376
1116 1474
944 1122
1644 1377
2782 1272
1661 1291
1116 1135
2481 1050
2510 1111
655 1046
2838 1378
2541 1398
594 1302
2436 1068
1872 1351
2182 1352
2255 1331
938 1481
1098 1168
1245 1495
2864 1286
2227 1117
1572 1385
2911 1362
771 1334
2524 1345
1598 1079
2934 1433
1558 1186
2504 1191
2251 1404
1849 1019
2720 1422
2028 1408
1159 1149
1932 1085
1366 1489
1545 1386
1844 1373
563 1026
628 1308
594 1101
1728 1013
2523 1407
2795 1471
2481 1151
2301 1469
2457 1139
2922 1186
2207 1367
2279 1373
1190 1475
1032 1206
1179 1373
715 1292
2531 1247
1708 1121
1266 1141
720 1160
1770 1063
2393 1272
1718 1438
1869 1236
2914 1442
685 1185
2595 1209
2050 1230
2601 1024
2729 1359
1892 1149
2494 1098
2556 1184
2586 1420
537 1202
1076 1134
1808 1124
965 1478
2131 1106
1954 1305
786 1109
1629 1404
1933 1447
961 1137
1127 1253
2212 1238
1272 1420
2936 1082
2518 1010
1752 1212
1743 1217
1165 1224
1425 1402
870 1450
811 1335
1318 1023
1486 1315
2548 1413
695 1001
1262 1290
1211 1449
1090 1492
1138 1031
891 1279
2281 1128
2905 1009
863 1070
765 1194
2228 1005
1123 1176
535 1174
1520 1089
1559 1185
2627 1115
1582 1052
2841 1166
903 1107
1516 1434
949 1185
1741 1370
547 1336
1734 1386
1593 1105
1228 1369
2204 1285
1547 1292
2588 1124
1720 1148
2893 1046
2444 1369
2624 1227
1063 1302
1768 1097
792 1459
1245 1452
919 1034
2076 1102
1529 1477
1468 1202
846 1261
805 1041
2163 1413
1361 1059
2119 1239
2654 1369
1153 1344
1852 1053
2730 1488
2147 1050
1941 1088
1253 1397
2501 1341
937 1459
1452 1440
2433 1246
2413 1236
2478 1210
2021 1002
1918 1432
2168 1226
1132 1207
1069 1005
2375 1331
2182 1423
1697 1242
1610 1291
925 1360
1363 1455
2554 1223
874 1043
2534 1092
2332 1346
2621 1312
721 1419
2314 1493
2990 1239
1091 1080
2895 1468
2335 1213
521 1441
833 1354
596 1316
969 1487
1588 1147
868 1226
2254 1310
1407 1047
764 1359
1989 1212
511 1159
907 1427
1766 1348
766 1405
2777 1325
2459 1233
1737 1205
2447 1280
2101 1039
2787 1140
2675 1380
2765 1110
2489 1107
2195 1009
2472 1435
1282 1475
832 1015
2271 1115
610 1247
1340 1351
1273 1031
656 1195
1113 1079
979 1347
2690 1441
1961 1132
2301 1202
1856 1122
1781 1169
1460 1463
2061 1270
2097 1071
2752 1328
2543 1282
2050 1357
668 1411
2240 1106
1430 1253
2939 1142
2722 1177
2583 1153
1241 1135
2466 1100
874 1357
2784 1276
2680 1457
2821 1361
2320 1098
659 1117
2302 1388
2210 1390
1482 1436
1720 1318
653 1407
676 1451
830 1437
2800 1292
1382 1382
621 1400
1786 1091
1490 1356
1698 1423
2962 1165
1532 1377
1427 1125
1607 1081
618 1079
1833 1099
1487 1113
1936 1352
711 1469
1514 1195
1176 1423
2501 1298
1415 1327
2181 1267
1660 1151
2282 1022
1485 1079
1050 1065
2459 1107
1473 1009
2337 1107
1625 1240
2897 1275
2598 1236
849 1390
763 1431
2811 1432
2312 1161
2186 1026
576 1240
2327 1469
621 1285
1807 1414
1868 1337
2975 1132
2498 1365
1921 1339
1782 1479
2194 1036
782 1203
2565 1329
2582 1248
2179 1373
1986 1426
515 1492
2534 1296
2683 1035
1909 1209
2617 1481
2873 1399
626 1402
1003 1048
528 1310
1634 1321
562 1233
891 1138
663 1071
2279 1443
1730 1186
2904 1415
2337 1149
2056 1419
2492 1419
1008 1386
1844 1099
2693 1462
849 1260
2278 1367
1537 1333
2112 1486
2523 1174
1097 1040
823 1131
1748 1036
1371 1060
823 1195
1681 1015
1558 1269
1910 1364
1472 1410
2825 1455
2790 1122
1501 1087
2176 1105
2586 1206
1749 1234
1527 1443
2151 1041
2936 1096
2761 1139
2919 1017
1492 1310
2463 1383
1327 1492
2787 1384
1338 1236
874 1103
1013 1482
1668 1365
2626 1412
2568 1332
2126 1190
2352 1302
2358 1100
951 1274
556 1310
1295 1434
1986 1154
1442 1005
2137 1137
680 1467
1547 1474
952 1286
1332 1341
2367 1288
1310 1308
2942 1186
1314 1020
1949 1392
1461 1102
2429 1197
2015 1279
2040 1478
2498 1441
501 1278
2646 1276
668 1373
2465 1223
2117 1456
1965 1189
2097 1444
1730 1050
2655 1491
1934 1293
1293 1249
1193 1429
1227 1283
1264 1230
2823 1224
1171 1437
2874 1216
1502 1319
1801 1428
1096 1369
751 1297
1555 1481
969 1109
612 1158
2515 1112
1129 1422
1274 1096
990 1287
695 1499
2329 1205
1572 1477
1419 1423
2994 1246
678 1265
1035 1248
1013 1017
2586 1318
1238 1298
932 1223
2910 1183
2257 1351
632 1203
1487 1004
1413 1041
2848 1119
2747 1095
2651 1423
1144 1250
1811 1116
2578 1226
2833 1402
1125 1149
1465 1034
993 1088
637 1282
736 1040
2408 1039
2546 1152
2687 1481
2939 1187
611 1495
2369 1403
1174 1295
1261 1404
2431 1218
995 1372
1617 1492
633 1188
2936 1309
2293 1227
2603 1200
654 1167
1804 1096
2284 1293
1547 1308
1275 1241
681 1074
1778 1029
980 1081
1975 1305
978 1486
2322 1455
1459 1077
1031 1197
1042 1419
1760 1452
1239 1170
1404 1029
2673 1344
1284 1021
2053 1126
578 1388
1096 1264
754 1414
2061 1343
2022 1496
943 1101
808 1113
2209 1333
692 1272
1886 1167
1579 1163
1097 1273
2966 1348
2737 1344
1939 1192
753 1067
1264 1046
2956 1359
1654 1256
1555 1410
793 1333
1360 1496
1355 1371
2075 1395
2172 1070
2192 1165
2814 1477
2754 1314
1629 1288
2714 1287
1794 1324
2715 1479
2372 1275
2935 1098
1356 1054
1987 1428
652 1165
1091 1427
2066 1429
2674 1377
1992 1065
1215 1008
600 1319
2034 1377
2392 1185
2274 1105
1036 1183
1617 1308
1895 1017
2044 1359
2890 1356
2528 1219
2588 1147
2016 1383
908 1235
609 1416
1840 1419
1465 1096
2218 1247
2724 1209
1145 1132
2764 1375
920 1025
781 1113
2915 1424
591 1091
856 1089
2200 1333
2106 1350
1403 1086
1578 1372
1334 1022
2954 1041
2940 1283
832 1442
2109 1278
1168 1453
1582 1433
2446 1329
1156 1063
1639 1397
1148 1060
2964 1401
820 1454
2399 1158
972 1350
2227 1301
2385 1403
797 1192
1681 1225
1530 1092
1464 1122
1316 1143
2724 1357
2893 1094
2252 1053
2264 1348
1237 1461
978 1096
1872 1278
2874 1345
2904 1065
2250 1306
2879 1227
1202 1449
2352 1161
2156 1227
560 1004
1121 1206
2996 1238
2724 1362
692 1053
980 1392
670 1266
593 1378
911 1455
2456 1471
764 1065
1914 1419
1034 1164
1472 1055
500 1246
1931 1187
2877 1142
1046 1345
577 1109
2694 1202
2023 1373
831 1314
2046 1180
2782 1231
2360 1259
978 1391
2219 1154
1796 1095
1707 1004
2420 1081
719 1332
2659 1162
2467 1067
1210 1061
2082 1216
2163 1318
1171 1392
967 1015
2780 1247
1231 1122
596 1336
2462 1298
2069 1082
1035 1017
2069 1043
1777 1022
1854 1420
734 1056
1676 1485
2518 1355
1410 1100
1545 1115
2900 1250
1815 1161
2846 1275
1849 1411
1056 1084
2498 1427
2975 1095
874 1403
2781 1304
1330 1184
2638 1467
1300 1463
544 1092
2710 1162
2675 1184
1570 1405
2928 1250
845 1449
1133 1450
2091 1208
2368 1405
749 1344
1900 1468
2065 1250
2168 1314
1496 1040
1043 1270
1646 1024
2102 1208
1941 1479
1880 1024
2524 1080
2056 1378
1011 1479
2123 1295
2175 1147
729 1154
744 1241
1356 1332
1792 1159
1077 1101
2939 1020
1000 1392
1618 1451
1059 1415
1883 1427
1448 1355
2744 1223
2441 1192
2446 1045
932 1329
1488 1202
988 1300
792 1339
912 1473
1141 1058
1258 1084
2370 1471
2627 1092
2029 1052
1385 1153
2551 1250
2378 1311
595 1303
1703 1270
1669 1105
675 1390
817 1257
2784 1095
1406 1141
1523 1073
507 1151
1479 1042
927 1028
772 1086
691 1195
1889 1449
1927 1498
1919 1480
2712 1217
1051 1369
2948 1484
1117 1225
984 1315
2628 1025
1347 1007
1907 1333
2910 1310
2691 1341
2137 1368
1652 1431
2030 1084
1104 1401
2882 1332
2643 1187
2736 1345
2801 1380
1660 1174
1869 1366
2366 1099
932 1295
582 1160
1441 1254
1653 1010
2788 1244
2615 1147
2722 1424
802 1245
2020 1479
973 1238
2131 1420
2139 1344
1613 1351
565 1215
1652 1070
1347 1193
2004 1011
1129 1387
949 1455
2795 1340
560 1103
2041 1206
1870 1083
1536 1105
1795 1219
2266 1314
1607 1402
547 1454
816 1292
1254 1257
2789 1357
1812 1352
1678 1305
1893 1367
1685 1129
2974 1437
1089 1363
1128 1490
1638 1129
2079 1066
2791 1040
2941 1448
1367 1128
737 1408
1847 1311
2958 1355
2689 1238
1806 1141
1523 1116
1563 1297
1052 1406
2592 1141
1644 1006
2839 1154
678 1014
578 1439
1697 1152
549 1351
2299 1188
2103 1168
517 1024
652 1090
2499 1183
1020 1354
911 1177
1773 1488
832 1436
696 1254
2861 1031
820 1185
2397 1190
1825 1363
2273 1151
593 1231
2907 1368
2635 1384
1334 1158
2347 1060
902 1066
610 1151
2071 1113
929 1320
2417 1463
1917 1113
2926 1274
1247 1318
1704 1480
2829 1059
1238 1195
1954 1218
2220 1207
2647 1001
2971 1166
2732 1140
535 1094
1037 1121
2909 1036
745 1134
2353 1330
1433 1216
2449 1043
646 1212
2961 1332
2408 1421
737 1048
1516 1030
1958 1498
2695 1279
2007 1486
1423 1388
2240 1352
1631 1141
836 1340
1753 1076
2714 1411
922 1042
2164 1039
1203 1210
2198 1000
689 1466
2424 1210
1799 1039
2469 1352
1935 1137
2334 1382
2572 1473
2349 1202
2016 1400
1047 1440
2410 1234
588 1311
1645 1179
2891 1023
1102 1241
2529 1281
2599 1377
2059 1356
1214 1478
2071 1193
2864 1408
2027 1128
2029 1203
2634 1374
677 1017
945 1337
1772 1119
895 1059
2710 1393
974 1056
2634 1463
737 1247
1291 1267
612 1087
855 1155
2364 1054
2976 1275
2470 1179
1155 1041
2779 1396
1450 1406
2702 1292
1364 1276
1110 1367
775 1126
2642 1052
1543 1069
590 1078
2144 1033
660 1015
1760 1178
1931 1057
2602 1003
2088 1458
1811 1309
758 1313
806 1212
654 1103
2369 1411
1702 1159
1467 1269
2113 1308
1851 1037
656 1435
2860 1069
716 1008
1750 1266
2386 1326
2249 1022
2970 1183
1188 1172
1024 1078
525 1272
1831 1144
1578 1047
868 1410
1788 1306
854 1359
2446 1410
2390 1028
2407 1205
1199 1067
1541 1371
2841 1416
2508 1341
2791 1063
2892 1384
646 1354
547 1226
1836 1185
1573 1135
1937 1022
1712 1094
1340 1112
2473 1000
582 1255
1571 1058
2167 1476
2841 1051
2542 1264
805 1117
2142 1327
1041 1051
2811 1359
2358 1279
1197 1331
2221 1013
2546 1075
1424 1094
2291 1067
627 1214
1162 1343
2976 1183
1830 1246
1511 1237
2410 1452
1784 1268
2557 1202
2472 1473
1819 1105
2223 1215
739 1454
755 1357
1562 1246
742 1439
1627 1021
880 1126
2934 1022
1005 1458
1701 1064
2235 1137
528 1370
2451 1252
1853 1218
2554 1461
843 1172
1695 1144
1780 1078
1289 1496
2739 1265
570 1093
2645 1330
855 1104
652 1303
2072 1364
2789 1165
1166 1070
707 1206
2992 1318
1910 1488
2587 1350
2839 1384
2228 1121
1558 1427
2061 1379
1735 1421
2920 1387
1510 1168
2018 1376
2018 1151
1098 1084
1244 1037
1163 1490
566 1213
1876 1460
2593 1320
2598 1387
1632 1068
845 1020
2437 1161
1008 1391
1372 1161
1566 1451
1312 1317
2025 1268
1248 1108
583 1020
2009 1218
1094 1039
616 1422
2290 1309
1447 1367
2135 1140
1756 1246
1918 1144
1400 1460
976 1128
2673 1264
959 1123
1321 1311
2244 1270
1395 1123
2696 1197
972 1202
826 1372
2195 1030
2445 1490
544 1025
1481 1152
2961 1316
2458 1316
1091 1323
1006 1312
2067 1479
763 1330
1230 1435
1316 1369
707 1329
1559 1377
2234 1304
660 1005
2587 1494
2519 1395
2466 1267
2986 1210
1541 1209
2014 1139
1250 1439
2026 1142
2268 1211
1448 1143
1968 1221
1198 1467
816 1215
1809 1063
2272 1307
2426 1431
2592 1213
1908 1399
1717 1278
1353 1468
1558 1226
1500 1209
1834 1407
985 1269
655 1068
1884 1049
2947 1208
2836 1419
2190 1426
1315 1207
983 1167
2538 1393
2902 1343
1491 1265
2813 1016
2298 1043
537 1319
2122 1184
589 1305
2692 1429
2516 1072
2028 1400
1127 1002
2752 1074
1516 1065
2410 1067
2814 1283
976 1258
1672 1366
851 1214
1527 1262
2094 1166
2129 1258
2278 1226
1632 1201
2431 1172
1201 1130
1402 1104
1242 1037
560 1322
2357 1105
2038 1108
2936 1367
677 1063
763 1037
823 1431
2026 1251
799 1174
1982 1139
2381 1147
580 1029
994 1219
2828 1192
2062 1174
2727 1381
2480 1323
2670 1319
1016 1435
2259 1175
1473 1312
2362 1116
946 1144
1409 1446
2477 1066
1745 1425
2205 1295
1207 1027
753 1283
2123 1004
2510 1382
2706 1317
1129 1354
1420 1403
546 1260
1048 1092
1958 1235
553 1321
1476 1263
2755 1237
2629 1047
857 1249
1341 1405
2840 1448
1428 1463
2750 1291
554 1243
1781 1269
2155 1157
2950 1363
1902 1256
1356 1261
735 1449
2071 1473
2394 1336
2589 1171
2157 1127
871 1113
2710 1364
2619 1492
2189 1103
622 1353
2534 1209
1082 1069
1175 1443
1841 1230
1527 1004
1070 1064
1819 1496
572 1051
1827 1324
2288 1029
2457 1271
613 1439
2217 1121
969 1358
1140 1375
716 1480
2057 1080
2392 1105
1137 1048
2895 1024
1218 1191
1960 1402
2200 1151
1179 1329
2764 1118
2914 1215
1277 1142
1381 1227
2072 1216
951 1288
2525 1191
654 1263
1418 1442
2657 1282
655 1049
939 1138
836 1126
649 1308
2589 1144
1614 1437
2547 1184
2319 1352
1304 1341
2002 1353
740 1295
1981 1074
843 1287
1265 1323
1821 1306
2715 1033
710 1088
1256 1065
2138 1301
965 1066
1888 1153
619 1264
2491 1096
1224 1249
1478 1138
632 1497
2874 1192
818 1009
1643 1217
2695 1151
2613 1070
1265 1102
2435 1276
2361 1433
1445 1148
1948 1433
2564 1404
2483 1004
2276 1364
2977 1163
1517 1244
2375 1117
2534 1055
1118 1333
2760 1154
2749 1430
2433 1003
895 1352
2639 1267
2263 1203
1714 1060
972 1359
1443 1134
1260 1411
1782 1107
908 1487
1463 1485
2930 1471
912 1214
1123 1435
1860 1490
2325 1194
2051 1219
2473 1094
2295 1030
2020 1061
2000 1080
2807 1451
1684 1450
1059 1427
1310 1478
2555 1380
2053 1357
1986 1230
2967 1447
2506 1151
1883 1047
2109 1171
1536 1440
1834 1093
2511 1126
1385 1232
1453 1442
2355 1292
1843 1370
1475 1180
559 1393
1945 1435
2810 1097
2914 1362
1957 1080
2912 1408
858 1147
2955 1234
798 1011
1160 1407
598 1496
2308 1210
2371 1297
671 1012
1720 1141
1056 1403
2336 1104
2837 1029
717 1251
555 1277
1396 1379
1235 1027
2465 1167
1846 1495
659 1190
1897 1416
1239 1179
1337 1170
1544 1488
2866 1455
1422 1393
1738 1489
1172 1272
1471 1413
1524 1466
2382 1334
1332 1172
1663 1423
1350 1127
1958 1395
1549 1418
2768 1251
1977 1364
1731 1191
880 1181
2237 1045
1609 1091
2483 1204
1871 1038
1686 1043
1761 1245
1798 1010
1193 1449
1817 1097
2618 1033
849 1063
2953 1024
2575 1356
2902 1463
903 1330
2870 1368
2208 1360
1163 1175
2296 1139
532 1198
882 1180
745 1089
2800 1160
1721 1287
1377 1375
2298 1173
2250 1265
2843 1404
1100 1203
1358 1002
2803 1482
1211 1158
2256 1286
737 1356
1696 1496
2832 1471
2345 1477
970 1285
2914 1132
2681 1317
2133 1266
603 1096
719 1406
1921 1423
2137 1348
1249 1343
1875 1263
1760 1214
2794 1358
2290 1128
710 1355
1010 1077
1235 1368
2118 1464
2835 1037
1338 1272
1802 1289
2543 1433
506 1396
1612 1219
879 1437
791 1082
540 1220
718 1486
2253 1394
2001 1436
2247 1274
733 1417
1809 1499
2483 1314
1156 1348
2946 1078
986 1255
679 1072
1717 1054
1248 1261
2833 1046
638 1113
2909 1447
880 1395
2650 1367
2856 1441
1712 1319
2096 1005
1143 1021
767 1331
1806 1000
2755 1349
2698 1098
553 1499
2929 1127
2229 1412
2281 1008
2487 1382
1083 1262
656 1433
1924 1074
585 1089
2443 1057
2578 1066
958 1157
1261 1301
2539 1104
2634 1494
901 1167
1465 1382
731 1490
2155 1204
745 1170
755 1429
645 1162
2039 1037
1315 1353
2861 1457
1925 1076
1184 1473
885 1143
1072 1234
537 1331
2936 1253
2322 1192
881 1345
1639 1468
1758 1351
1226 1492
2063 1067
2372 1299
2253 1416
2444 1371
628 1153
1472 1075
2106 1359
2880 1049
853 1215
1927 1055
1632 1321
1371 1297
1553 1004
1037 1051
1354 1358
880 1328
2680 1018
1355 1399
810 1129
811 1088
2117 1379
1535 1271
995 1093
807 1094
2847 1316
1815 1269
1698 1234
2147 1469
1114 1353
1662 1179
2954 1204
1008 1367
1525 1091
1002 1058
674 1406
2682 1486
2708 1183
2972 1426
2641 1402
2719 1399
2262 1446
1247 1403
1376 1435
1070 1071
2684 1394
1688 1194
2693 1498
2893 1484
961 1068
1896 1481
2624 1149
1490 1053
2152 1182
2439 1398
2730 1117
2967 1038
2437 1322
1335 1364
920 1255
724 1354
890 1116
2408 1402
1549 1017
2610 1458
2832 1321
2183 1274
1186 1107
1812 1407
2141 1447
2621 1499
2006 1268
1110 1251
2686 1462
2515 1270
1442 1210
2669 1098
704 1294
2633 1258
2024 1353
1719 1260
2979 1374
2905 1487
2161 1343
1680 1441
2161 1244
2410 1275
2647 1173
2211 1422
649 1026
759 1093
1498 1297
2504 1095
1645 1088
582 1317
846 1345
886 1378
1339 1425
1341 1409
2854 1484
665 1467
2090 1201
1853 1218
910 1384
2041 1387
1490 1146
2918 1017
633 1025
1661 1086
2668 1380
1294 1326
2563 1288
1231 1077
1385 1133
2178 1312
738 1415
763 1174
1209 1203
1856 1277
2278 1195
1232 1304
1744 1415
2048 1302
2820 1326
1004 1184
1566 1205
2228 1005
2249 1311
1232 1369
2536 1487
2001 1044
1242 1047
2194 1319
659 1333
2258 1093
2805 1334
1647 1119
2358 1342
1664 1059
565 1160
2915 1252
2443 1143
1160 1379
2465 1031
630 1290
2664 1262
1435 1015
2856 1081
2588 1466
1433 1311
1642 1366
1933 1327
1231 1015
2039 1471
1225 1151
2669 1179
1985 1341
924 1150
586 1498
1771 1314
2910 1348
2135 1152
1267 1288
937 1315
2536 1401
2963 1110
2943 1350
2647 1298
1322 1275
668 1115
1941 1337
1746 1442
905 1443
1446 1495
1141 1368
2461 1398
1120 1067
1477 1469
2825 1407
1664 1451
1663 1120
2046 1166
666 1346
1291 1043
2539 1465
2322 1097
2048 1101
666 1105
1759 1048
908 1207
2903 1182
2805 1464
2617 1288
738 1142
2103 1175
1177 1209
2806 1175
1854 1331
1875 1112
1716 1480
1139 1165
1475 1446
593 1407
731 1217
607 1194
2607 1175
1048 1353
2354 1483
1992 1278
1159 1392
2596 1339
1892 1016
2066 1252
1508 1129
1234 1360
2937 1072
2987 1333
683 1192
530 1434
1315 1052
2989 1390
1687 1004
2269 1035
2179 1392
1495 1381
2192 1361
831 1409
1921 1347
2660 1075
705 1036
2291 1353
1588 1459
1750 1491
1450 1255
2557 1270
2378 1401
2113 1335
1964 1263
2617 1359
1334 1272
1767 1391
2826 1441
2556 1354
2716 1339
2792 1117
2529 1201
2912 1179
614 1278
2527 1159
1736 1238
1742 1158
2761 1052
2144 1175
2490 1433
2125 1463
2879 1183
2660 1112
1074 1331
2388 1236
1416 1352
1630 1184
978 1457
2257 1322
1569 1087
701 1262
1264 1460
2793 1011
661 1383
1804 1229
847 1486
2433 1103
1139 1117
1677 1482
1973 1033
1549 1258
847 1174
814 1247
1000 1332
1052 1496
560 1012
614 1168
1862 1230
2174 1000
962 1238
774 1193
1649 1411
711 1279
1230 1168
1697 1135
1881 1273
2845 1170
1609 1380
2846 1449
1788 1210
1501 1060
2415 1478
1653 1153
571 1235
2125 1317
2812 1247
1746 1153
842 1486
2833 1182
2979 1280
1861 1073
1503 1054
991 1423
1277 1170
2557 1101
1464 1073
895 1446
1294 1076
1661 1047
1950 1198
2321 1445
2911 1436
1142 1088
769 1213
2731 1030
883 1378
1891 1121
1827 1442
2339 1188
542 1043
1658 1003
2035 1217
2910 1079
2340 1176
785 1185
748 1222
1150 1028
746 1243
1204 1259
582 1067
1110 1216
1056 1422
732 1317
1300 1305
1183 1294
2998 1140
2091 1008
2357 1147
2084 1189
1383 1134
567 1374
514 1319
1544 1398
994 1217
1952 1124
2626 1128
1663 1062
2779 1207
1400 1206
2128 1253
777 1486
2073 1159
1082 1215
2339 1477
2799 1129
2048 1049
1654 1132
1513 1082
2602 1218
695 1280
539 1452
502 1171
2888 1309
1826 1488
2932 1254
775 1228
1431 1460
1549 1100
2545 1196
1277 1022
1691 1401
942 1014
1395 1093
1087 1343
2164 1195
2766 1088
1953 1218
1802 1273
2349 1373
2937 1468
1030 1363
2536 1000
2996 1393
545 1419
2803 1172
2480 1484
2296 1263
2707 1080
928 1389
2796 1201
2569 1442
2928 1398
1757 1192
2644 1194
2146 1158
1541 1040
2097 1228
1158 1116
649 1365
972 1108
713 1081
1769 1441
1238 1422
2642 1335
2239 1255
1506 1421
2559 1011
2872 1346
1896 1180
827 1061
2104 1218
1578 1070
2688 1372
2606 1091
2444 1063
939 1269
2751 1441
2546 1492
2353 1236
2923 1494
2486 1472
1722 1290
1469 1147
1992 1105
2730 1324
1247 1111
2377 1137
1198 1044
2643 1239
607 1079
1045 1093
1551 1497
1675 1057
1657 1243
1460 1239
2319 1488
1126 1282
1881 1391
1957 1049
1116 1377
1933 1190
2788 1305
2734 1209
752 1184
2204 1430
1292 1026
1572 1118
2784 1253
1120 1120
976 1139
1524 1418
2385 1372
792 1395
2833 1032
2633 1202
2401 1168
1270 1291
584 1338
2267 1096
846 1370
743 1286
1461 1014
885 1240
1349 1407
2590 1499
1273 1234
2633 1106
2048 1042
1337 1287
2399 1266
2742 1449
1748 1404
2455 1111
1440 1063
2848 1036
1880 1281
1119 1362
2605 1312
2507 1389
2711 1025
1879 1052
1673 1164
1479 1459
1669 1165
2519 1436
2981 1350
870 1178
994 1239
674 1401
2906 1207
752 1475
1944 1380
2276 1042
1704 1014
2584 1056
1815 1172
1142 1385
1843 1094
2168 1268
1127 1431
2733 1440
883 1010
1211 1482
686 1082
2199 1117
831 1174
1143 1446
851 1161
2633 1417
2734 1302
1135 1082
819 1037
2277 1496
2432 1483
829 1307
2513 1435
2046 1279
2101 1166
1267 1398
658 1493
929 1330
912 1351
643 1340
1709 1050
2483 1060
2240 1281
541 1212
1465 1133
823 1095
1774 1130
1309 1272
1275 1496
2037 1273
834 1106
1048 1158
735 1098
2081 1090
2834 1255
743 1443
2011 1324
2690 1359
2118 1149
2626 1498
1563 1172
1008 1172
2776 1453
2157 1280
1436 1430
983 1389
2799 1063
1909 1425
1913 1022
801 1115
2089 1456
1276 1139
1251 1080
2404 1109
1288 1382
748 1102
2326 1465
1167 1139
733 1063
1111 1221
2016 1070
2343 1242
1652 1417
2137 1451
2035 1218
2464 1402
2743 1251
2848 1289
2615 1206
2615 1089
992 1225
1903 1203
2079 1366
1217 1384
2075 1367
2724 1236
2978 1200
2889 1432
1173 1312
1472 1472
2831 1346
606 1081
2666 1178
2770 1260
2613 1396
538 1139
2636 1101
2645 1457
2764 1056
2599 1206
829 1180
2447 1434
1772 1238
733 1004
1910 1442
2700 1368
1949 1169
1359 1482
984 1414
2002 1302
2373 1101
1893 1340
844 1066
1441 1448
1447 1374
1166 1385
2258 1087
2459 1441
634 1413
2844 1055
2163 1393
727 1161
2955 1241
1100 1248
1396 1391
874 1243
655 1390
928 1142
1690 1032
2581 1494
2352 1213
2602 1270
1252 1227
1677 1250
863 1284
2013 1309
1612 1128
1991 1272
1349 1226
1391 1081
2898 1269
1073 1021
1583 1095
1226 1291
2928 1148
1105 1315
1873 1394
1513 1440
2217 1072
1118 1052
835 1391
2078 1360
2790 1141
777 1043
2670 1421
2807 1367
2611 1039
2501 1269
2808 1371
1005 1400
2613 1032
1324 1272
509 1413
1529 1494
2946 1127
2108 1305
2438 1407
1289 1083
1154 1382
2831 1002
1530 1120
1699 1048
2114 1370
2371 1372
2105 1205
2852 1293
2856 1214
2468 1388
1485 1411
1505 1324
770 1230
2290 1027
2834 1488
1816 1056
1197 1355
1115 1334
2861 1381
2156 1186
2928 1390
646 1221
1456 1138
2669 1130
1619 1360
860 1486
2879 1113
2846 1311
1784 1360
2022 1054
2531 1344
1085 1105
1913 1154
767 1061
2315 1027
1199 1020
1615 1189
2383 1386
1985 1261
1856 1059
629 1400
989 1498
749 1433
2199 1142
1101 1425
1064 1229
2579 1319
503 1474
2751 1432
1309 1094
1234 1095
1705 1350
1907 1179
2893 1129
1322 1065
1680 1459
1837 1117
1909 1357
767 1233
1497 1208
2730 1266
1974 1290
2738 1423
2579 1489
1222 1190
2569 1265
2193 1099
1733 1051
2354 1212
2138 1079
2785 1023
2236 1178
1735 1028
2742 1128
2871 1134
1383 1294
2977 1074
601 1222
2629 1346
638 1443
661 1356
1657 1156
2306 1158
1544 1073
1728 1397
1676 1309
981 1341
1852 1143
1305 1465
2942 1387
1813 1275
2104 1048
591 1153
654 1402
1309 1261
1304 1491
1676 1033
2420 1301
1339 1448
1316 1417
2965 1448
2120 1096
2326 1474
2545 1256
2799 1228
1993 1315
746 1463
524 1319
2972 1231
2849 1424
566 1472
844 1037
1431 1430
650 1043
2055 1427
2786 1434
2797 1082
920 1454
633 1337
762 1074
1655 1336
1304 1241
2582 1099
1531 1433
1159 1121
2407 1313
2928 1018
1654 1268
2711 1251
1831 1014
721 1272
2468 1172
2876 1107
867 1279
1042 1365
2698 1410
640 1250
1087 1154
2987 1087
2933 1453
796 1299
2836 1112
1772 1494
1737 1314
2174 1030
1748 1380
664 1003
1810 1388
2308 1291
2991 1029
664 1336
2313 1302
632 1355
2583 1072
632 1486
2127 1262
1417 1240
1161 1362
913 1393
1219 1431
896 1440
2518 1007
2812 1196
1221 1099
828 1110
1289 1408
1300 1349
871 1447
767 1498
1262 1184
2011 1259
1635 1423
2417 1443
1148 1467
661 1071
1648 1305
1476 1294
707 1182
1400 1477
2344 1296
1863 1429
982 1351
535 1196
767 1497
2726 1218
1653 1043
2563 1224
2874 1348
1443 1306
2186 1303
1628 1166
745 1120
1588 1090
1788 1342
2385 1321
774 1053
902 1260
623 1203
2489 1103
2739 1301
2567 1110
2374 1238
1376 1489
1675 1438
862 1042
2723 1366
2089 1170
1122 1172
2749 1464
1841 1156
2804 1384
1541 1457
2896 1229
630 1311
1901 1011
2943 1042
2087 1033
1355 1233
996 1200
2780 1281
623 1370
930 1350
1261 1135
1431 1104
1152 1102
2412 1078
1723 1335
2844 1256
2123 1423
1826 1275
1001 1426
2683 1272
1403 1146
1955 1158
2472 1179
546 1059
687 1026
1120 1331
2003 1152
2744 1337
543 1343
2166 1229
2095 1011
1711 1011
1515 1371
1478 1033
1751 1321
1396 1377
2360 1133
2421 1142
2405 1267
770 1322
2743 1072
2713 1076
664 1279
834 1113
1959 1293
1088 1061
1171 1092
504 1061
2186 1067
1572 1229
1341 1126
1868 1361
1837 1118
1460 1433
850 1367
1753 1007
2657 1246
1616 1146
1587 1253
738 1249
813 1169
2736 1251
2577 1247
845 1142
904 1322
2502 1495
2218 1182
2043 1269
2378 1157
1085 1043
2834 1423
1882 1114
1410 1472
1311 1122
574 1314
1515 1062
1562 1084
2302 1362
1838 1022
1943 1333
2167 1387
2724 1451
2282 1053
2280 1119
1007 1088
712 1454
2085 1215
1802 1083
1742 1317
2733 1206
2044 1106
2553 1240
2804 1184
923 1160
768 1322
2624 1153
1960 1492
1366 1104
975 1388
1495 1288
2228 1177
1578 1168
509 1183
554 1291
1044 1088
2713 1010
680 1393
1150 1341
664 1243
1377 1455