2650 5000
1970 1464
2876 1217
1496 1188
2308 1159
2550 1075
965 1321
1012 1364
1372 1344
2675 1076
2012 1114
2034 1192
1413 1366
2674 1185
1592 1024
2955 1386
1761 1148
2212 1422
2093 1039
972 1122
1689 1433
2891 1189
1962 1201
1634 1338
2539 1251
1827 1475
2224 1074
2963 1128
2809 1042
870 1332
1468 1032
2971 1000
1019 1211
1439 1468
831 1366
791 1245
2573 1111
999 1201
1238 1222
2521 1104
677 1208
580 1182
2888 1460
2139 1155
1665 1014
2302 1174
1172 1155
1456 1164
2812 1165
1765 1347
2589 1180
833 1250
2462 1496
2316 1051
2406 1055
1186 1227
2258 1057
1946 1311
752 1368
967 1023
1934 1244
1804 1306
2752 1207
2077 1491
2587 1044
1943 1285
997 1469
889 1437
2041 1200
2330 1150
2696 1391
2105 1472
627 1066
1896 1404
1773 1457
1720 1122
1027 1480
576 1247
930 1429
2979 1280
2501 1479
713 1292
2517 1000
665 1362
1955 1154
541 1075
1022 1210
1158 1265
1721 1451
2157 1387
619 1493
1193 1468
2145 1244
1209 1446
1251 1158
2585 1285
828 1084
2361 1133
837 1269
1933 1022
891 1246
1464 1317
1402 1129
565 1451
2169 1106
2671 1282
2300 1200
2496 1135
1336 1056
1161 1143
511 1388
1266 1199
1979 1498
858 1199
1983 1496
1325 1018
522 1025
645 1164
1509 1327
2724 1044
2788 1287
990 1173
2358 1493
810 1262
640 1416
1618 1091
2800 1009
1243 1153
2418 1130
2704 1173
1300 1286
2108 1464
2297 1279
709 1481
1331 1259
972 1116
632 1142
2761 1287
2209 1195
1520 1337
2618 1283
2227 1412
2833 1243
2661 1110
2151 1055
566 1151
1092 1136
1862 1282
1789 1063
1208 1131
1570 1192
2087 1162
645 1157
2381 1152
2559 1322
2441 1217
1161 1272
954 1282
638 1432
2308 1040
1222 1299
2799 1289
2313 1087
2989 1128
889 1221
2330 1467
2125 1123
575 1350
1211 1057
778 1041
956 1029
1043 1293
2079 1111
1147 1260
737 1413
2315 1096
2328 1259
1745 1357
1600 1421
1641 1002
809 1152
1348 1046
2446 1479
2735 1018
1493 1286
1809 1313
2436 1153
1505 1290
1896 1011
2114 1032
661 1184
822 1234
1551 1222
2757 1206
581 1315
1964 1404
2360 1096
1103 1366
2644 1281
1220 1082
2953 1493
2879 1450
1454 1305
1876 1025
2124 1311
1350 1463
2351 1234
2764 1259
535 1042
2601 1283
1504 1471
575 1456
1804 1315
867 1236
1868 1355
2404 1000
1434 1319
1252 1482
2366 1431
2066 1322
1093 1416
822 1356
2806 1389
1873 1439
2221 1027
513 1097
2337 1288
948 1472
2135 1001
524 1154
540 1313
678 1307
923 1401
2686 1003
2780 1227
2422 1146
2245 1129
1945 1347
1092 1158
2613 1017
1890 1335
2295 1141
2079 1072
2446 1397
1210 1362
1344 1141
1823 1387
2863 1160
2742 1184
956 1212
2919 1448
1142 1166
1689 1268
2773 1257
2230 1220
1794 1460
2896 1080
1172 1077
1274 1463
776 1462
2800 1174
1734 1134
2361 1308
916 1019
937 1347
796 1022
2618 1008
1329 1029
2236 1164
2732 1266
727 1486
2362 1106
1729 1245
2650 1021
1510 1083
1630 1417
639 1430
2011 1485
1945 1371
2949 1095
1798 1450
2520 1398
1762 1185
1657 1490
2283 1249
914 1288
1671 1295
1854 1093
1179 1212
594 1205
2063 1427
2070 1109
859 1346
822 1219
1345 1204
2830 1490
2597 1489
2805 1020
1383 1176
1605 1354
2887 1423
1919 1405
711 1294
2352 1394
2858 1264
1608 1440
952 1130
2880 1276
2829 1116
1538 1421
974 1223
1195 1020
1991 1174
1926 1210
1274 1031
833 1313
1263 1097
1916 1034
2814 1360
2175 1076
1523 1250
2917 1127
2715 1130
1895 1050
2532 1211
695 1480
2115 1385
1099 1242
2322 1171
1911 1457
1917 1169
2274 1063
805 1097
877 1476
1317 1065
2940 1056
1308 1287
2636 1249
1835 1223
2716 1311
2924 1323
1099 1320
1193 1425
1580 1466
1721 1027
548 1414
1468 1299
1512 1478
1953 1214
2848 1308
1962 1145
2494 1436
712 1389
2975 1343
2691 1088
1941 1301
526 1016
622 1465
2414 1119
2908 1368
651 1115
1998 1051
2064 1431
896 1487
1980 1292
1468 1483
1035 1283
2550 1115
1091 1436
2948 1499
2912 1018
2516 1223
1941 1360
752 1090
1376 1190
1174 1094
2479 1284
1803 1333
2543 1102
2176 1193
1636 1166
1602 1222
2510 1169
751 1040
1434 1066
1013 1281
1816 1238
957 1083
2233 1223
2823 1429
935 1070
1030 1181
2939 1220
1722 1417
2113 1062
2104 1151
2333 1013
1220 1335
2128 1313
1863 1442
1961 1482
2062 1036
1634 1433
699 1485
754 1186
556 1061
2837 1011
2312 1137
1353 1253
1742 1014
1083 1078
1949 1292
1094 1236
2564 1117
1714 1309
899 1324
1325 1459
1893 1493
2150 1158
816 1377
1821 1353
1926 1199
847 1361
2164 1002
2295 1432
2204 1146
1585 1051
993 1304
1256 1211
1997 1402
2516 1362
1937 1417
1327 1349
1055 1000
1113 1208
1231 1087
811 1077
1761 1018
2270 1128
2533 1197
904 1261
946 1215
2638 1181
537 1107
1254 1492
2027 1028
543 1086
2634 1248
2629 1413
2308 1483
688 1288
2979 1458
766 1049
2094 1296
1600 1129
1789 1097
745 1166
559 1089
1582 1146
1797 1128
1194 1366
2764 1133
1827 1190
1164 1464
907 1074
632 1075
1864 1088
1709 1013
2518 1013
1223 1338
2444 1003
2130 1442
1475 1027
2473 1380
2630 1106
1450 1351
2366 1411
2439 1446
827 1341
2724 1408
2128 1444
2577 1489
1401 1376
1520 1317
1903 1265
2442 1237
2225 1110
1755 1234
1861 1110
2495 1151
2391 1115
2167 1491
882 1421
1744 1201
1027 1162
1653 1201
1620 1171
1911 1297
1857 1165
1251 1040
2704 1367
1261 1365
970 1045
719 1375
1711 1110
912 1029
1681 1206
1919 1488
967 1174
2243 1082
931 1245
705 1423
2501 1423
1783 1004
843 1400
1248 1179
2652 1382
1131 1274
866 1231
2795 1274
2375 1323
2392 1394
2679 1494
1246 1071
549 1087
785 1147
1707 1221
717 1483
1104 1367
1807 1303
2783 1229
838 1207
1131 1202
2498 1493
934 1223
608 1170
1827 1285
1995 1122
2871 1465
1929 1349
906 1229
2671 1028
2828 1249
1907 1103
2784 1381
2761 1385
2155 1303
1680 1388
1479 1345
907 1079
2565 1211
2658 1343
1793 1321
1366 1365
1590 1423
767 1422
2087 1320
1364 1011
551 1281
2200 1250
1154 1333
2147 1138
630 1369
2028 1446
2270 1077
2799 1020
857 1483
698 1003
2962 1343
2193 1463
2468 1356
2171 1188
2180 1021
2852 1116
2916 1052
825 1350
1385 1144
1243 1159
2591 1414
1098 1192
1912 1430
549 1077
1918 1059
804 1343
2674 1415
2194 1379
2323 1374
2326 1235
2713 1267
1625 1004
2122 1295
1484 1321
2373 1262
1116 1239
2722 1197
1224 1029
1680 1468
2708 1303
1336 1047
552 1212
1183 1089
2014 1229
528 1011
1234 1413
786 1345
2744 1166
864 1370
2874 1112
2239 1374
2839 1317
956 1296
1718 1455
2014 1036
1297 1462
2076 1008
1475 1405
1566 1446
1580 1293
1882 1441
906 1086
858 1429
1066 1006
1743 1138
1127 1315
537 1373
2896 1208
2557 1210
1416 1421
1634 1068
1616 1428
1337 1154
2309 1100
1580 1498
615 1249
1334 1187
859 1109
604 1456
1135 1307
1945 1161
1022 1172
2648 1380
734 1406
1424 1133
2883 1120
1387 1397
928 1392
1098 1452
2833 1475
891 1343
1451 1356
1601 1467
1136 1096
1267 1424
620 1479
1796 1330
2935 1064
2272 1210
1192 1305
891 1486
875 1202
1553 1355
827 1054
2708 1102
513 1411
1058 1356
2334 1218
1814 1137
2592 1238
2151 1210
2048 1412
819 1457
658 1035
2883 1184
1655 1217
2612 1129
2020 1203
2254 1248
660 1357
2180 1410
1719 1203
2282 1100
1812 1173
561 1101
773 1380
2580 1084
2731 1420
871 1139
1563 1431
1319 1359
848 1042
2002 1488
680 1113
2422 1293
1484 1176
786 1178
1961 1485
1643 1378
2580 1295
2199 1136
1044 1093
1571 1452
887 1159
1684 1152
2122 1018
2434 1280
2278 1080
2341 1152
1624 1412
2549 1388
2266 1196
2126 1187
913 1045
1616 1077
2505 1011
2044 1325
1308 1126
1002 1239
2142 1265
2103 1054
694 1093
960 1232
2869 1068
1870 1349
553 1316
1574 1447
717 1448
1160 1142
1295 1201
2487 1372
1531 1150
2776 1463
1624 1426
2262 1019
1988 1475
2706 1106
584 1216
2432 1253
1520 1355
1972 1357
2385 1252
924 1319
1327 1491
1163 1404
989 1282
2911 1251
1673 1419
1627 1403
939 1374
1880 1028
544 1347
2404 1455
1030 1357
2807 1167
2490 1139
612 1318
797 1022
1993 1231
2289 1491
2584 1492
1668 1185
923 1414
1574 1013
1238 1269
1898 1092
1324 1199
2186 1150
1179 1013
1329 1119
2385 1224
649 1132
2066 1166
1189 1302
2416 1407
2428 1266
2400 1163
505 1012
2101 1328
1129 1361
1170 1182
1900 1169
2864 1257
1944 1472
925 1266
1640 1302
1982 1060
2714 1383
1813 1036
2522 1069
540 1086
2384 1227
1942 1034
1188 1150
2788 1241
2508 1093
1010 1417
2591 1112
868 1386
2757 1445
1356 1303
2165 1201
1211 1327
2655 1407
2759 1420
1262 1250
2725 1201
2785 1471
996 1166
608 1065
1715 1463
2680 1224
529 1261
2355 1386
1835 1134
2013 1060
2932 1160
2286 1492
1139 1088
1425 1318
1243 1436
2234 1210
1331 1020
806 1104
2271 1162
520 1343
1110 1383
2929 1433
1323 1238
1561 1199
2009 1275
2608 1471
1535 1468
2751 1025
1210 1113
1609 1401
2177 1239
2690 1299
1486 1072
2630 1320
2251 1152
1490 1422
1583 1453
2207 1240
1715 1479
1206 1463
1311 1164
1430 1451
2993 1176
1902 1176
1641 1109
2432 1028
1319 1078
2017 1079
2372 1493
2454 1061
2417 1455
2691 1058
2412 1034
1728 1488
2092 1034
1001 1443
2807 1277
1549 1285
2718 1207
2403 1255
2017 1089
2344 1245
1125 1357
556 1120
810 1297
2430 1174
2549 1081
680 1462
612 1358
596 1424
2403 1485
645 1409
1429 1241
2577 1220
2645 1470
934 1392
763 1156
508 1211
2070 1467
1015 1225
1698 1335
1961 1321
617 1053
2100 1019
2147 1083
1924 1056
2922 1128
1731 1403
2345 1063
1508 1456
1488 1063
707 1367
2272 1262
702 1107
1780 1228
1117 1212
1519 1438
653 1150
2436 1387
2362 1195
1710 1338
2576 1483
1155 1412
2918 1211
1058 1225
1923 1250
2447 1325
1321 1467
743 1276
999 1053
2588 1292
1631 1125
1279 1426
1955 1115
2808 1248
2766 1427
952 1487
987 1321
2290 1167
2109 1119
2532 1468
1112 1299
598 1045
773 1033
1530 1472
1585 1319
1362 1043
985 1075
651 1233
2032 1301
999 1112
1144 1414
1609 1340
2561 1318
548 1280
1850 1491
1329 1350
1232 1079
584 1431
2576 1311
1179 1097
592 1007
2393 1184
2138 1229
786 1284
2568 1127
2954 1151
1817 1036
2571 1149
1531 1423
600 1285
2184 1019
2792 1305
2625 1450
2943 1301
693 1172
702 1478
554 1375
2989 1230
2190 1153
2560 1163
2177 1377
1199 1303
1652 1191
2126 1367
1103 1388
2173 1466
654 1000
2035 1119
696 1090
1537 1474
2330 1158
1025 1450
2005 1333
2843 1421
1551 1250
2158 1419
672 1403
2212 1201
1488 1292
721 1057
912 1042
2247 1495
864 1474
2530 1132
1319 1309
2283 1312
1158 1380
2000 1118
2147 1343
1690 1237
2684 1197
2297 1494
1864 1096
2172 1455
1381 1331
1402 1499
2931 1324
1699 1206
2415 1255
523 1365
691 1450
2623 1125
1314 1215
1540 1259
2207 1346
2855 1070
2529 1268
1838 1448
2847 1381
977 1061
2691 1243
571 1495
2200 1256
2014 1378
2866 1468
539 1121
1030 1290
2703 1363
899 1122
1804 1344
2469 1343
2295 1207
2823 1262
834 1311
770 1290
1419 1354
1471 1496
2340 1188
2830 1020
2727 1021
1540 1092
2807 1478
1490 1373
2503 1265
2467 1231
1359 1417
2616 1001
691 1398
2552 1448
1630 1368
2775 1204
2518 1498
2625 1281
1919 1272
2836 1435
646 1084
2842 1338
669 1095
2491 1391
1332 1143
2493 1414
2131 1045
1475 1233
1626 1266
614 1361
1654 1200
2278 1241
1727 1291
1324 1220
2854 1124
2764 1437
2474 1114
740 1350
2503 1346
1573 1383
1689 1498
1457 1300
947 1134
1084 1012
538 1479
2311 1194
2404 1395
891 1134
2068 1127
2577 1143
891 1197
712 1242
2683 1356
748 1026
2577 1365
1781 1052
2893 1421
2571 1138
1981 1263
1643 1041
1013 1233
2205 1072
2240 1343
966 1387
1650 1180
2597 1161
1868 1347
1734 1279
560 1388
2611 1024
2017 1248
1548 1035
1376 1117
1334 1164
1128 1162
2918 1194
500 1447
551 1348
897 1196
1262 1106
1681 1427
2741 1485
1096 1298
1874 1491
2703 1085
1031 1166
684 1387
1765 1218
2616 1425
730 1210
2777 1234
2242 1037
2318 1084
689 1213
2187 1397
1319 1230
1774 1131
2825 1284
1449 1445
898 1281
1840 1316
510 1152
1617 1398
2180 1055
1166 1333
2089 1373
1784 1443
1921 1317
2859 1035
543 1161
1895 1023
2752 1330
1857 1049
973 1290
1425 1289
2289 1204
2781 1453
962 1332
2212 1430
1934 1338
1077 1256
1002 1288
2463 1144
2324 1346
1162 1456
1642 1141
2535 1013
839 1452
1037 1152
1167 1324
2288 1430
2422 1046
2773 1034
2094 1367
910 1348
2363 1394
2689 1196
2119 1291
2392 1367
2156 1058
1360 1387
2843 1401
2274 1354
1157 1115
2072 1133
777 1240
1047 1167
838 1308
1732 1006
785 1335
2948 1132
2897 1122
1043 1180
1194 1438
1692 1262
856 1213
2160 1247
2413 1380
2644 1493
2523 1185
2354 1391
868 1283
654 1357
593 1388
1156 1120
1490 1468
1851 1074
1494 1310
1929 1282
897 1386
1099 1022
2636 1080
2776 1391
2831 1231
2722 1281
2821 1236
2765 1332
2319 1255
2615 1432
534 1179
2500 1222
2493 1217
2165 1123
2874 1213
2979 1470
1101 1206
1959 1242
1401 1215
1027 1124
2133 1337
2920 1423
1727 1218
990 1424
997 1373
2235 1184
2052 1110
2517 1491
2290 1464
2835 1380
756 1153
664 1076
2429 1389
837 1264
2708 1408
1075 1189
2524 1435
2658 1312
1635 1351
1728 1255
1083 1464
1377 1055
843 1233
1774 1029
2231 1450
2465 1156
622 1384
763 1077
2058 1362
1322 1167
1234 1404
2146 1129
1682 1319
2869 1460
1910 1399
1713 1433
1114 1449
1909 1242
2235 1185
673 1479
2423 1254
1066 1235
2526 1176
1922 1115
2523 1407
2709 1463
1846 1230
2878 1491
2247 1164
2757 1301
2481 1356
1294 1259
2102 1035
1020 1398
1213 1285
2334 1438
2696 1156
1302 1426
1661 1181
847 1034
1587 1040
819 1158
1423 1078
2602 1236
2636 1239
1207 1085
2503 1154
2049 1051
1224 1448
2353 1245
801 1283
968 1156
2360 1381
1603 1096
1046 1390
1706 1410
1591 1423
981 1128
2870 1332
1949 1306
1160 1279
1367 1408
1796 1097
1784 1271
546 1072
875 1452
1173 1357
651 1075
1411 1436
2164 1424
2136 1455
1418 1168
2746 1379
2234 1088
662 1356
1434 1240
1780 1157
2624 1058
1137 1050
2030 1034
1548 1235
2604 1090
2707 1100
2921 1462
1064 1166
1893 1383
756 1024
554 1326
1153 1000
639 1355
2484 1269
1484 1266
2245 1219
574 1061
2782 1492
1029 1150
708 1350
1034 1481
708 1340
2635 1406
2714 1388
1869 1101
1946 1349
2827 1065
1795 1131
2709 1024
2462 1202
2623 1226
2685 1202
1390 1036
2232 1192
2635 1130
598 1256
624 1134
2979 1068
2092 1068
1699 1047
1055 1199
1486 1182
2621 1129
2402 1278
2458 1478
2682 1388
2875 1446
1621 1221
1111 1268
2581 1378
1144 1427
2840 1340
2733 1447
767 1259
2396 1061
610 1168
2930 1442
2814 1471
814 1168
997 1466
765 1496
1549 1235
1140 1106
2953 1037
1053 1218
2144 1054
1836 1123
2698 1427
2276 1488
799 1244
1214 1052
2197 1182
823 1058
1236 1458
1200 1255
1597 1309
1349 1006
758 1275
1955 1380
2693 1250
2241 1013
2681 1024
2053 1169
2947 1209
598 1355
806 1160
1694 1269
2166 1431
1745 1330
2871 1214
1969 1371
537 1378
1200 1336
617 1425
2059 1378
2200 1369
1602 1466
2799 1097
2044 1074
1996 1480
800 1421
1396 1085
1398 1166
1663 1186
886 1160
1818 1041
568 1437
852 1174
2860 1058
731 1125
562 1326
2610 1045
1955 1312
1448 1268
2486 1457
2877 1158
2837 1494
2664 1286
2655 1283
1016 1062
1115 1185
1431 1289
2146 1333
1526 1265
2208 1473
1849 1078
2391 1281
2353 1224
2613 1321
1807 1243
1470 1087
860 1134
2311 1067
2913 1298
2687 1328
2014 1390
761 1077
1861 1268
1417 1364
1645 1193
2509 1490
2990 1291
1917 1259
2020 1080
1134 1428
1642 1138
2457 1225
1615 1477
1126 1459
2277 1070
2777 1199
1338 1219
1357 1433
2252 1255
1503 1228
1823 1103
2966 1337
896 1018
1573 1172
1403 1147
680 1230
2134 1121
2765 1362
2381 1174
1086 1147
1900 1338
623 1021
1826 1048
1789 1045
2571 1221
1568 1448
2326 1370
2167 1061
1566 1244
1758 1326
2599 1252
2643 1045
710 1404
2667 1419
2658 1463
680 1109
1888 1071
2033 1102
2815 1430
524 1331
2553 1236
2549 1263
2067 1220
666 1488
1035 1010
1084 1154
2788 1277
821 1156
2044 1137
563 1195
1080 1332
805 1424
775 1186
1122 1460
980 1165
1686 1054
2595 1216
567 1361
1675 1314
842 1283
1236 1437
2982 1106
2321 1251
2820 1379
769 1275
877 1331
2776 1238
807 1414
1605 1164
1056 1466
2091 1128
1991 1244
1585 1199
542 1273
830 1255
2262 1453
2558 1263
2747 1207
2304 1262
1811 1017
2831 1376
2793 1083
2365 1161
2523 1316
926 1359
770 1055
2470 1277
1169 1347
2808 1241
1387 1116
2406 1326
1352 1480
2394 1065
2904 1250
2416 1230
2156 1206
2401 1197
942 1055
982 1284
2647 1350
1865 1332
2171 1287
2265 1455
2496 1252
632 1253
2396 1375
2466 1048
588 1447
1948 1379
569 1352
2110 1437
1391 1087
2648 1483
1341 1033
2419 1384
768 1196
2044 1164
2119 1039
1862 1016
657 1380
1251 1465
1739 1197
611 1329
1853 1064
563 1178
1713 1431
1387 1166
2008 1354
654 1011
1898 1440
1163 1296
949 1034
1135 1370
1550 1153
1613 1426
1210 1253
2318 1188
2654 1427
526 1471
2569 1371
2021 1098
1071 1227
2283 1161
2676 1083
1990 1368
1142 1444
2677 1490
1637 1051
2486 1465
555 1078
2474 1403
571 1109
1313 1410
2006 1090
2939 1440
2875 1220
1303 1450
718 1388
1005 1366
1025 1133
2001 1368
2678 1229
1652 1316
2080 1037
2376 1473
1769 1215
2288 1224
2981 1136
727 1096
692 1310
1053 1028
2602 1198
2092 1085
774 1074
978 1496
2185 1163
2370 1038
2827 1097
2500 1468
1737 1248
1052 1412
682 1447
1035 1141
1288 1011
1813 1083
1863 1381
749 1327
844 1308
2535 1211
1132 1234
1625 1444
2320 1138
1563 1361
1628 1430
1600 1340
2811 1289
2376 1157
2572 1021
2962 1097
2685 1209
2215 1061
768 1080
2543 1269
1660 1046
2873 1376
2492 1126
515 1175
1606 1002
2408 1055
2643 1297
2657 1466
2097 1483
2108 1415
2782 1492
2400 1237
860 1002
1721 1431
783 1437
2954 1409
1042 1177
1632 1100
1162 1143
1264 1271
2792 1472
1164 1435
1298 1145
1918 1261
2786 1235
2453 1004
1384 1265
1145 1497
2050 1306
2211 1071
513 1460
2881 1193
1463 1488
1671 1439
2516 1228
857 1396
1364 1103
1283 1446
1704 1000
1220 1246
1313 1358
1059 1150
765 1392
1304 1321
2683 1485
2004 1063
1416 1131
504 1063
505 1082
1355 1064
754 1296
1524 1209
971 1448
2634 1372
2317 1270
1076 1488
2965 1262
604 1159
1240 1004
1751 1048
1333 1434
909 1091
566 1047
1484 1375
2903 1008
2945 1317
825 1290
2143 1498
903 1127
1388 1276
1723 1027
617 1164
747 1425
1066 1106
547 1003
2195 1031
1504 1063
2732 1024
1106 1218
861 1062
2095 1239
825 1033
2745 1318
826 1424
1916 1132
1087 1203
2125 1075
767 1334
761 1293
918 1245
1433 1317
1455 1081
760 1179
809 1471
1949 1463
2660 1173
2825 1421
2727 1465
1845 1346
1777 1427
2866 1444
1072 1080
1152 1460
592 1058
1528 1115
1443 1393
2186 1452
1250 1465
773 1298
2886 1316
536 1334
1648 1081
2548 1384
577 1090
2673 1202
1568 1150
1494 1138
1243 1074
1648 1151
2049 1440
1593 1385
502 1129
1664 1393
2763 1002
2424 1220
2042 1480
2927 1375
707 1251
812 1102
2324 1136
530 1013
1454 1011
2243 1077
1522 1381
2073 1002
1514 1440
1264 1165
593 1114
1803 1419
1168 1085
586 1478
2263 1077
1554 1144
1469 1265
1113 1329
2633 1221
1868 1233
1760 1167
919 1298
928 1316
942 1172
1144 1243
2396 1106
2832 1202
2837 1221
2004 1039
978 1327
2634 1295
2308 1462
1494 1370
2926 1151
2788 1418
2904 1490
1681 1370
2953 1430
893 1008
2982 1458
2356 1444
2221 1285
880 1300
1805 1108
2002 1404
2330 1245
2411 1076
1738 1308
529 1222
2121 1084
2167 1115
787 1001
2123 1144
2394 1442
1241 1134
2998 1279
1370 1417
648 1049
2591 1366
2861 1323
2030 1403
2224 1455
2217 1309
1493 1324
954 1287
2496 1093
2899 1068
1815 1435
2156 1144
2263 1102
2660 1107
544 1427
2365 1316
1225 1477
1149 1348
2171 1243
2775 1378
2857 1231
2905 1028
2936 1005
2346 1272
1663 1236
2647 1104
2370 1358
1580 1034
2296 1423
1326 1245
1693 1182
2028 1235
2892 1221
2430 1100
2168 1364
1242 1490
2318 1474
2997 1423
1283 1033
2942 1239
1996 1157
2222 1205
1765 1006
1478 1143
1273 1385
1097 1376
694 1446
1115 1342
2478 1260
1788 1022
2186 1364
2065 1430
1946 1091
1821 1407
2268 1233
2258 1236
1305 1129
1304 1143
689 1046
2613 1022
838 1374
1604 1470
1057 1349
1470 1077
2132 1147
1353 1381
1772 1192
2025 1025
1946 1383
795 1101
2262 1474
2443 1125
1504 1012
2511 1036
769 1059
1219 1385
1467 1352
705 1460
1468 1320
2414 1194
1841 1422
631 1138
735 1383
1924 1221
1615 1104
705 1240
1724 1341
2436 1137
1193 1322
880 1415
2468 1272
598 1115
1392 1237
1459 1303
662 1068
507 1105
2377 1443
2377 1209
1289 1326
632 1347
1883 1061
932 1039
1054 1491
2655 1433
2050 1460
1836 1331
2225 1462
2680 1318
1747 1471
1181 1322
760 1306
1025 1024
1889 1116
1707 1124
2603 1024
2788 1305
1980 1366
717 1048
1132 1445
592 1409
998 1186
2497 1370
1660 1249
2073 1293
898 1316
1565 1393
1603 1197
2166 1143
2190 1469
1703 1314
1057 1086
2985 1175
1997 1259
1954 1054
2153 1260
2716 1282
1897 1422
580 1040
1854 1312
547 1340
2454 1172
2556 1408
2562 1288
1229 1001
1262 1068
2271 1431
2161 1098
1219 1499
568 1161
2308 1398
2250 1027
2556 1017
2763 1340
1234 1157
2817 1373
1630 1412
1136 1392
2750 1058
561 1196
2829 1142
2005 1165
2664 1075
1639 1087
2852 1416
2170 1472
1773 1151
1560 1170
2350 1293
669 1226
984 1287
1163 1203
2804 1206
2266 1004
531 1290
2587 1238
1934 1300
1936 1498
904 1388
2509 1000
915 1216
1880 1337
1129 1337
2411 1318
2436 1402
1750 1248
1464 1400
2868 1361
1869 1277
2445 1385
1859 1245
527 1081
983 1464
2986 1405
714 1216
1919 1401
1612 1302
559 1242
825 1176
1083 1075
1394 1395
2148 1442
950 1437
982 1211
2081 1282
2679 1399
2563 1224
2272 1221
564 1461
2284 1481
627 1444
1212 1215
1082 1195
1756 1312
2114 1214
1860 1019
2896 1106
2931 1247
657 1325
1504 1344
540 1293
1740 1292
1662 1109
586 1021
1024 1104
1878 1165
1718 1422
2821 1487
2971 1430
1883 1222
1450 1431
546 1237
988 1453
2723 1288
1754 1044
2269 1463
2502 1357
2693 1175
1250 1062
1254 1198
1382 1230
1542 1453
2030 1309
2354 1430
2815 1140
2421 1355
2912 1176
1172 1343
1244 1328
2951 1425
765 1377
626 1144
2979 1241
638 1492
1514 1439
837 1025
1549 1195
2529 1098
615 1390
2600 1421
2668 1183
563 1022
592 1358
2400 1010
2870 1272
1446 1341
2922 1013
2518 1436
2054 1283
2767 1427
2305 1456
1222 1090
2233 1371
1088 1083
746 1129
1676 1174
2659 1458
2211 1252
1070 1061
2863 1397
1042 1313
1337 1034
2400 1293
2524 1006
2106 1241
1886 1370
1705 1269
1212 1168
2171 1287
1403 1481
2200 1382
2862 1429
1808 1034
1539 1440
654 1154
2684 1081
1424 1417
2204 1035
1710 1194
547 1257
2464 1244
1614 1163
2472 1131
1862 1462
1084 1050
546 1399
2641 1338
2471 1092
2555 1178
628 1422
1929 1082
943 1107
1933 1196
2345 1004
1597 1281
1455 1007
1204 1095
2243 1481
2632 1478
1796 1075
2043 1354
2050 1391
2366 1038
2686 1342
2722 1239
1178 1321
2415 1181
1525 1451
2881 1401
2109 1079
712 1345
2555 1463
2026 1436
736 1063
2436 1359
1424 1177
2702 1187
2984 1050
1002 1190
1087 1183
1765 1011
2405 1372
2618 1350
755 1015
2322 1210
2447 1461
2755 1429
903 1356
2428 1395
597 1304
2274 1381
1034 1303
1042 1170
1531 1434
2746 1225
1710 1188
1133 1060
1437 1087
2624 1257
2170 1325
1572 1069
827 1273
941 1127
1120 1283
2601 1364
1669 1376
2389 1018
2021 1227
599 1132
806 1204
1633 1375
996 1330
892 1045
1284 1342
2117 1092
2103 1269
2040 1352
2713 1352
2757 1256
1055 1252
1014 1131
1791 1440
2101 1107
1991 1397
1587 1357
1390 1265
2779 1116
785 1132
2939 1323
2434 1195
639 1068
1565 1386
2714 1214
871 1473
1938 1214
2261 1379
1012 1042
1815 1126
1053 1251
1819 1114
2270 1372
1515 1463
1640 1011
2380 1403
1842 1235
2153 1121
2194 1038
1334 1236
2100 1092
1125 1273
2786 1482
2896 1228
2717 1318
2573 1368
2030 1198
950 1304
2215 1333
2126 1436
2181 1212
2433 1423
2284 1181
2430 1111
2566 1324
1089 1281
591 1352
515 1460
716 1169
2296 1396
1026 1271
2043 1198
1312 1428
2246 1268
1214 1202
2702 1414
2017 1417
2545 1450
883 1149
2913 1173
1289 1274
2987 1096
1242 1328
1832 1210
2234 1441
2223 1166
1812 1308
1831 1171
871 1221
620 1356
817 1060
2650 1029
1754 1417
2191 1472
1494 1142
1463 1074
2526 1054
2601 1063
2261 1261
814 1209
666 1306
2365 1465
2652 1457
1152 1111
1790 1421
1468 1295
2582 1165
580 1307
2110 1301
2024 1161
692 1225
813 1141
999 1130
1110 1116
1077 1008
551 1091
1618 1270
1759 1214
2916 1462
2587 1209
1573 1159
2137 1452
2260 1415
1751 1015
793 1405
821 1012
829 1004
774 1076
1282 1129
1491 1197
905 1435
1088 1259
1168 1021
2878 1129
2789 1182
1511 1426
2804 1096
1980 1246
501 1398
2168 1152
546 1366
1805 1267
2042 1231
1101 1274
1838 1132
1152 1125
2077 1035
2807 1285
1853 1348
1491 1015
1659 1268
2572 1395
1072 1366
2551 1193
697 1102
913 1265
507 1267
2665 1362
2685 1320
1357 1240
2482 1258
2441 1062
1869 1214
1780 1175
2652 1167
709 1215
2856 1278
1989 1325
2595 1037
2603 1311
944 1200
2019 1449
2415 1239
2207 1169
2636 1360
2230 1204
2181 1141
1721 1162
1639 1224
1627 1308
1247 1150
1868 1176
2222 1127
1826 1424
1791 1215
537 1490
1805 1375
589 1391
2066 1115
2469 1252
2513 1407
2683 1242
2729 1384
1668 1180
2361 1426
2464 1143
2973 1217
2847 1482
2596 1308
1736 1298
1618 1408
1126 1192
1440 1374
956 1232
1493 1036
571 1247
585 1355
2355 1289
2066 1005
1243 1158
2044 1148
1040 1154
1735 1281
1856 1305
1839 1165
1827 1468
2195 1361
1338 1359
2661 1333
2697 1369
2497 1391
2573 1178
1707 1287
1788 1331
1801 1474
1763 1250
2860 1342
1475 1077
634 1352
1152 1110
1498 1033
2465 1281
2917 1272
2139 1369
2311 1183
2890 1353
1383 1383
1932 1295
1161 1067
1382 1347
1847 1018
2426 1283
1398 1137
1990 1227
802 1123
1165 1020
666 1150
706 1009
985 1406
1639 1439
2487 1070
1984 1499
1954 1216
2085 1119
2653 1200
1894 1318
950 1124
1242 1082
2801 1461
2164 1312
2207 1194
825 1290
1398 1145
1503 1212
718 1246
946 1040
688 1119
2203 1399
1200 1072
2436 1397
1433 1472
875 1290
2590 1380
2500 1114
546 1069
542 1109
2763 1161
2057 1026
697 1281
1556 1042
2805 1473
2010 1089
2964 1115
2041 1222
1159 1323
1273 1303
2423 1080
2054 1486
1546 1308
568 1206
667 1441
554 1197
2232 1035
2171 1107
669 1424
1725 1180
702 1078
1976 1183
1527 1214
1011 1127
1233 1056
1040 1036
1799 1332
704 1371
1814 1262
1859 1290
886 1433
2435 1201
1756 1172
651 1289
1475 1162
2795 1196
803 1186
895 1103
1287 1219
1020 1492
1319 1148
646 1061
1348 1003
1375 1031
2877 1061
829 1153
979 1334
1692 1469
2827 1071
2167 1203
2988 1195
2731 1455
2794 1394
1046 1417
689 1400
2432 1099
2196 1277
2819 1096
635 1261
668 1363
2712 1325
1387 1242
1178 1100
1159 1413
1408 1170
650 1287
881 1199
2433 1418
2858 1294
2697 1375
1608 1323
2754 1107
2573 1203
771 1269
1921 1332
2965 1274
660 1246
1913 1174
2998 1078
2506 1389
2841 1207
2092 1182
1483 1468
2210 1497
2991 1408
1816 1292
2434 1137
2097 1178
2466 1135
1693 1246
1386 1075
2459 1129
1219 1210
1295 1083
1222 1406
579 1303
1652 1134
1623 1061
796 1210
684 1163
631 1327
2256 1069
2816 1105
1091 1188
1631 1252
1464 1145
2988 1224
856 1183
2978 1125
2159 1409
2598 1094
1771 1156
635 1040
2183 1304
1705 1094
2694 1233
723 1138
1645 1202
2558 1454
2974 1480
1548 1083
1083 1076
739 1270
1084 1041
1578 1056
818 1049
1048 1480
2557 1148
1580 1070
1253 1152
1992 1361
901 1109
1954 1015
1459 1374
1163 1200
795 1173
1023 1243
2655 1360
1375 1338
751 1416
1702 1483
2932 1493
2806 1043
2890 1278
1183 1430
2687 1016
2348 1057
2011 1184
1906 1034
1138 1449
2329 1089
1298 1046
1957 1366
1080 1301
1536 1351
2684 1010
564 1128
981 1000
2401 1434
1380 1434
2226 1446
1215 1418
1087 1483
1059 1362
1686 1009
2321 1312
2898 1408
2121 1403
2166 1028
2588 1057