2850 5000
2066 1094
2742 1372
649 1489
968 1045
645 1142
724 1189
2690 1076
1567 1462
925 1350
2856 1016
2251 1261
1573 1350
1205 1078
965 1086
2473 1250
1055 1064
2632 1255
1235 1200
2912 1017
1982 1413
685 1082
2571 1125
955 1262
1947 1147
2641 1331
1098 1455
848 1414
2348 1196
2664 1395
2415 1227
2845 1350
2897 1420
1895 1320
1097 1016
2560 1028
2175 1190
925 1114
2198 1068
1228 1026
642 1486
2802 1017
1417 1269
2006 1485
2178 1114
2132 1485
1218 1309
2596 1203
2017 1362
1712 1215
696 1454
2297 1489
1905 1460
2363 1400
1519 1218
1307 1480
2491 1226
1324 1331
1203 1401
1821 1363
2688 1255
2241 1398
2847 1079
1681 1061
780 1405
2440 1382
834 1285
1257 1028
1029 1499
621 1107
1596 1349
2132 1444
1231 1250
2207 1325
1185 1176
1562 1409
2641 1259
859 1026
2917 1070
2182 1153
1656 1130
1655 1368
2249 1400
2548 1355
2037 1446
1097 1476
564 1170
747 1259
1986 1212
2994 1151
2366 1369
930 1196
539 1154
2821 1364
2840 1224
2294 1192
2048 1120
1321 1173
1794 1189
2547 1349
2331 1309
2733 1209
1607 1290
2942 1477
2386 1052
1516 1111
2997 1002
2758 1421
1401 1078
1299 1352
2329 1427
1827 1289
1460 1133
1508 1459
2812 1262
533 1115
640 1030
2440 1180
787 1337
1229 1462
600 1380
1215 1370
2267 1227
2848 1264
2690 1028
1574 1263
2559 1435
813 1353
1969 1090
804 1348
1397 1375
2561 1494
2320 1442
2025 1008
963 1101
825 1421
2070 1289
2675 1430
2853 1204
2152 1171
1281 1107
2394 1460
2895 1492
1151 1430
1938 1164
979 1100
1163 1172
971 1271
562 1057
1457 1081
753 1188
2154 1222
1895 1460
2518 1213
2104 1157
1275 1108
1163 1303
1038 1493
546 1119
2802 1485
1948 1005
2849 1453
1025 1091
1175 1123
2134 1202
1506 1353
2758 1248
2216 1447
1942 1052
1869 1464
2729 1317
888 1375
2547 1455
1718 1095
916 1119
2407 1448
775 1454
1012 1431
2997 1299
1640 1347
2303 1094
501 1456
708 1184
1234 1484
1496 1358
2523 1245
2843 1359
726 1149
2971 1340
2474 1237
2058 1042
2298 1026
2405 1428
1230 1028
2799 1133
1964 1018
2092 1436
1749 1362
961 1326
1402 1405
1190 1060
1356 1494
896 1381
1020 1101
2177 1102
2384 1409
1228 1030
2689 1331
2501 1168
2138 1119
1299 1266
881 1309
1137 1184
2629 1325
590 1247
1108 1363
1328 1197
2170 1232
2787 1475
2840 1303
995 1171
856 1150
1406 1059
842 1355
1795 1302
2777 1490
899 1449
1551 1363
2524 1010
2830 1182
2683 1346
1978 1400
1598 1042
2652 1255
2574 1291
2810 1035
995 1043
2779 1453
1108 1425
623 1012
634 1465
1600 1231
2270 1008
1332 1353
1510 1210
593 1305
1135 1497
950 1330
2460 1400
714 1476
1525 1204
1093 1491
1979 1254
1435 1026
1079 1052
1371 1083
2246 1106
2042 1067
1709 1148
1691 1032
2470 1222
2965 1472
2842 1175
2334 1429
1433 1094
2364 1365
1019 1049
725 1218
2505 1385
1521 1017
924 1293
2476 1469
1676 1417
1016 1210
1806 1431
2189 1006
628 1216
1249 1448
1937 1145
2390 1016
2349 1489
512 1042
2169 1495
1933 1125
1572 1222
548 1101
1968 1399
1383 1070
2545 1332
1720 1307
1735 1254
1707 1099
533 1163
2408 1376
838 1114
2105 1141
1750 1177
2911 1244
2483 1394
1225 1043
500 1054
1138 1220
2678 1479
1924 1164
1497 1354
711 1407
2459 1184
1928 1096
1789 1024
2909 1423
1082 1185
1966 1080
1158 1139
1477 1265
1750 1168
2889 1367
1756 1211
1265 1255
1200 1480
1377 1203
1137 1409
1842 1314
601 1479
2994 1483
724 1364
1496 1078
2535 1307
2139 1302
1162 1052
2398 1340
949 1203
1954 1426
535 1100
1733 1053
745 1363
1880 1114
2082 1166
656 1090
2059 1074
1009 1333
1689 1465
2405 1498
1726 1283
1191 1458
1081 1444
2311 1080
1036 1299
1420 1185
717 1435
1334 1468
2256 1414
2022 1205
1431 1415
1890 1100
1923 1375
1256 1058
1657 1450
1803 1493
2396 1169
1087 1208
1277 1109
1403 1438
2512 1171
1900 1120
648 1408
2117 1392
2646 1133
2278 1170
2621 1042
948 1348
1078 1220
1972 1152
581 1157
511 1332
618 1193
2970 1033
2763 1432
1752 1293
603 1002
830 1468
1733 1370
837 1321
2047 1399
2115 1480
1698 1491
687 1026
2484 1166
1932 1081
1493 1424
810 1138
1724 1379
1679 1121
2988 1287
2400 1127
544 1276
2096 1348
1192 1414
1637 1494
2837 1207
713 1166
2300 1410
2966 1375
1532 1442
1924 1046
1496 1132
1151 1029
1207 1107
941 1478
2692 1176
2745 1093
563 1230
1094 1020
1564 1392
1837 1453
1865 1299
2295 1131
1900 1298
2752 1475
2658 1270
2907 1035
1751 1438
1780 1135
1594 1027
915 1410
1468 1223
2752 1371
2785 1005
2273 1080
2421 1305
1978 1164
1303 1303
2990 1095
533 1379
713 1236
1771 1217
2917 1199
2332 1419
2998 1038
878 1335
2398 1058
1548 1106
2283 1258
2095 1476
2004 1017
2284 1041
2263 1191
2060 1177
1160 1368
609 1341
1021 1152
1600 1063
1669 1445
2274 1305
1935 1125
1670 1232
1284 1261
2093 1077
724 1230
2089 1027
631 1437
1145 1245
846 1431
1663 1184
1620 1232
2279 1459
1332 1192
534 1025
1013 1042
838 1492
1580 1472
1451 1460
1546 1321
1596 1412
1296 1251
1143 1285
2301 1369
2556 1460
632 1479
2585 1190
2079 1467
2578 1396
946 1151
539 1006
2347 1494
2991 1334
833 1064
1942 1208
1714 1383
2844 1178
1912 1044
862 1103
1241 1161
2487 1020
506 1053
1855 1074
2801 1097
1052 1064
1387 1494
1652 1330
2832 1328
556 1428
2796 1227
2219 1410
1268 1181
2341 1060
828 1360
861 1426
1235 1468
2901 1313
735 1151
1375 1070
633 1152
2230 1396
1383 1456
541 1337
2101 1341
2455 1291
2125 1472
1684 1233
2438 1425
773 1317
1364 1352
1791 1066
2036 1396
1097 1202
1753 1103
754 1346
772 1082
2270 1372
2788 1303
959 1144
1606 1365
1161 1401
1172 1299
624 1154
1018 1064
1414 1343
2018 1460
742 1263
1890 1318
2842 1197
1555 1365
927 1187
2988 1023
713 1197
2684 1167
2877 1158
2858 1089
1329 1351
1428 1254
1135 1254
1623 1219
2034 1000
2815 1062
1978 1392
1442 1469
1649 1058
682 1467
1995 1188
1791 1014
953 1103
529 1272
1649 1114
2992 1173
1688 1225
1247 1288
2835 1474
2126 1222
616 1456
786 1351
1891 1339
2384 1230
844 1113
2756 1011
2843 1186
1887 1471
776 1394
719 1248
591 1029
2059 1358
1486 1002
2469 1388
890 1085
1777 1109
1941 1148
712 1102
1930 1202
1799 1335
867 1315
948 1237
579 1248
2426 1237
2511 1203
1589 1165
1456 1419
1390 1124
2346 1354
2065 1497
839 1487
2000 1337
754 1438
2237 1169
824 1469
1044 1236
721 1201
1909 1325
2052 1397
2061 1021
1114 1365
2597 1435
1781 1454
653 1005
1388 1332
2630 1133
2844 1395
1475 1175
560 1344
1260 1310
906 1327
2822 1464
1717 1298
1922 1424
1666 1169
2952 1365
1876 1477
2822 1295
792 1066
2019 1042
2241 1280
2410 1315
1151 1371
2017 1443
1924 1070
2447 1499
1871 1454
633 1077
2622 1378
2242 1085
2757 1236
2982 1290
2490 1322
2138 1336
1767 1121
2423 1441
545 1248
2403 1332
2015 1220
2636 1042
2721 1327
1024 1292
2401 1279
2427 1434
800 1496
1262 1113
2047 1061
1511 1280
1854 1349
1087 1069
1091 1456
2835 1443
1666 1496
2072 1326
2586 1468
1208 1287
1823 1216
1470 1328
1361 1390
818 1020
1030 1463
2363 1000
2143 1335
1797 1353
2387 1197
1423 1187
2589 1088
1382 1464
514 1406
2176 1269
1560 1359
2890 1359
2016 1003
2328 1065
2485 1185
2008 1476
1250 1249
1359 1073
927 1326
1442 1442
1509 1168
1303 1202
2894 1416
577 1269
1305 1031
1386 1295
2067 1499
713 1476
1948 1477
2347 1404
500 1491
542 1066
1294 1207
768 1077
1319 1393
2351 1112
2987 1300
2204 1003
847 1305
1443 1378
1437 1127
2209 1370
1913 1216
2314 1487
1818 1053
1957 1373
2482 1195
2580 1168
2524 1282
2472 1250
2644 1461
1328 1190
658 1062
2231 1356
805 1017
2818 1218
693 1332
705 1377
2830 1415
563 1432
2021 1103
774 1406
2086 1277
657 1434
2445 1286
2401 1245
2253 1147
1901 1128
2013 1247
2427 1139
2294 1322
2035 1195
758 1174
1501 1144
1024 1499
932 1067
2506 1246
2739 1185
1547 1301
1289 1496
2522 1392
919 1434
2543 1344
2690 1309
2864 1355
2134 1262
1356 1382
1945 1464
2961 1387
988 1297
2666 1131
1453 1271
2966 1032
1959 1159
2053 1047
2783 1481
829 1366
535 1394
806 1290
2904 1235
1440 1040
2569 1099
2172 1001
2185 1227
1704 1116
1798 1016
702 1134
1171 1376
1460 1321
1438 1432
1854 1427
2492 1054
1897 1290
1420 1107
2980 1232
1323 1271
1071 1427
1802 1407
576 1121
2048 1296
1009 1442
539 1025
1721 1242
2654 1111
2449 1416
1867 1347
2246 1460
2802 1044
1819 1242
1085 1384
899 1376
1711 1001
2493 1000
2415 1395
2023 1145
2416 1460
1674 1001
2523 1015
1265 1007
1014 1005
2615 1133
733 1075
737 1371
2226 1326
605 1461
1321 1249
2620 1138
2984 1036
2740 1092
1267 1114
1388 1282
834 1496
2022 1025
1080 1189
2914 1125
2753 1497
1987 1468
1150 1348
1516 1393
2291 1278
2463 1365
1428 1356
1147 1352
2456 1446
1837 1296
695 1257
882 1402
2490 1035
1005 1390
2476 1396
1869 1485
2781 1152
2784 1451
640 1070
1084 1111
2476 1250
2121 1349
2027 1213
953 1362
2519 1110
1100 1254
1054 1037
2809 1106
2774 1185
2612 1022
2891 1214
2704 1192
1417 1382
2177 1208
2756 1073
634 1275
2182 1013
2881 1269
2527 1086
2651 1419
2019 1162
1534 1103
1581 1068
2670 1177
894 1185
1155 1413
2488 1495
1722 1397
2935 1479
2622 1255
1098 1265
1976 1118
837 1148
1413 1120
787 1391
659 1122
2254 1275
692 1429
1030 1302
2160 1221
1780 1446
2357 1485
1983 1476
1522 1270
2889 1154
2339 1307
2011 1058
610 1139
1123 1344
2893 1032
1968 1050
1121 1353
2758 1444
1628 1346
1692 1441
1794 1394
2767 1236
515 1362
828 1455
2759 1434
1070 1468
2853 1477
2384 1396
2450 1354
1293 1400
2801 1112
2978 1146
661 1246
528 1429
1152 1294
553 1122
1263 1136
877 1154
1535 1392
952 1028
1170 1471
2249 1456
2832 1193
521 1053
2773 1319
881 1199
503 1115
1016 1436
2681 1397
2806 1134
2308 1025
1223 1274
884 1102
1217 1328
1627 1055
1533 1263
668 1386
2059 1262
1117 1316
1978 1282
2970 1144
2858 1272
2743 1489
1912 1019
1521 1487
1927 1172
1908 1072
2458 1011
1024 1171
2951 1464
2050 1371
728 1061
2902 1207
1251 1096
1940 1329
777 1262
907 1065
1670 1081
1519 1254
693 1293
2745 1103
1421 1228
746 1169
2628 1478
2964 1279
2620 1029
2896 1350
1885 1354
1680 1030
1897 1146
1920 1412
1830 1335
816 1147
1084 1026
920 1057
2949 1146
881 1238
1054 1371
1535 1069
984 1279
2421 1499
2045 1436
1093 1189
976 1127
1318 1222
1367 1395
2780 1357
2041 1054
2334 1311
1192 1157
1689 1275
2061 1277
1006 1317
1147 1001
994 1433
1939 1052
1455 1418
2512 1392
1547 1092
1226 1300
2592 1068
2249 1266
538 1064
2093 1248
2553 1059
1820 1485
2077 1497
517 1233
2289 1274
1957 1398
2336 1475
662 1053
955 1096
2669 1015
1778 1495
1087 1196
2576 1247
1015 1072
2092 1148
2494 1405
2701 1157
2621 1449
1150 1344
2737 1049
2528 1477
2329 1235
2740 1381
994 1237
1807 1384
689 1066
1908 1468
2232 1292
2849 1085
1933 1086
2370 1130
1353 1363
2426 1316
1164 1157
1804 1482
688 1485
1799 1173
2867 1034
1665 1070
1361 1103
832 1100
2260 1007
2264 1278
2808 1000
2346 1101
1894 1268
841 1360
2883 1227
2504 1435
2460 1322
2835 1137
2512 1125
864 1413
1518 1210
760 1261
2706 1347
2149 1333
1241 1496
2003 1163
874 1276
1953 1309
2558 1119
787 1380
2358 1331
2881 1136
2305 1220
1927 1324
1706 1340
1165 1041
725 1246
2364 1422
913 1175
2008 1414
691 1053
767 1360
1505 1135
2909 1320
2619 1206
1578 1117
2797 1482
2904 1419
1828 1072
2237 1060
757 1446
545 1018
2467 1002
2434 1439
1965 1292
2696 1459
2629 1446
1782 1370
849 1427
1124 1260
2246 1136
2936 1185
1443 1476
1169 1440
2272 1117
882 1122
1957 1029
1585 1253
830 1200
1425 1287
2824 1245
519 1090
1413 1078
1338 1098
2687 1184
1698 1467
1873 1380
1375 1402
2801 1189
2645 1454
2669 1041
1064 1423
509 1036
1902 1115
1492 1260
1214 1039
1212 1168
2769 1426
1548 1314
834 1101
2706 1173
2585 1207
1041 1078
2530 1448
1311 1302
1197 1402
1941 1240
2169 1485
2388 1403
2200 1277
2881 1051
838 1276
2799 1143
2075 1189
2609 1245
2966 1024
1086 1117
1369 1436
1222 1406
2902 1208
1692 1425
2967 1260
713 1137
1245 1405
899 1187
1433 1324
1942 1295
1615 1412
1358 1470
2536 1174
1249 1306
1902 1004
563 1276
1036 1474
902 1412
2964 1481
2071 1229
1799 1098
2171 1496
517 1257
1501 1417
2741 1394
895 1093
928 1357
2317 1229
1318 1185
1477 1319
2607 1311
1612 1005
2346 1186
2412 1327
2903 1066
2110 1242
1062 1246
1936 1281
2134 1134
1315 1164
967 1165
970 1232
2848 1494
1910 1402
1539 1041
1062 1279
2232 1045
1186 1214
2766 1195
1933 1435
2674 1369
891 1219
2510 1406
2586 1499
881 1114
2886 1370
902 1196
1735 1211
2739 1230
2986 1427
1088 1092
2418 1388
714 1066
2158 1232
2857 1431
1924 1242
2444 1233
1175 1354
2058 1196
2200 1022
2691 1149
1006 1040
2135 1297
953 1081
899 1110
1471 1198
2859 1400
2642 1055
673 1431
1669 1285
2104 1348
1615 1139
2740 1267
2411 1286
647 1278
2299 1399
2345 1378
2745 1377
529 1013
1355 1404
1565 1232
2368 1377
631 1322
2606 1266
1895 1265
650 1341
740 1268
2991 1308
2319 1071
741 1315
1297 1069
1440 1085
2395 1489
1344 1200
1856 1276
2489 1091
1215 1377
577 1479
2693 1395
1526 1149
2502 1151
2077 1375
951 1443
508 1258
828 1474
932 1442
2122 1392
2085 1116
1386 1060
2461 1178
2556 1342
2259 1316
1352 1004
1231 1380
2055 1202
995 1294
2051 1080
1487 1054
2273 1345
1257 1335
2254 1135
1593 1355
1468 1347
1102 1105
1125 1476
2726 1111
2036 1216
1237 1474
768 1395
1742 1113
2520 1365
2699 1215
2068 1459
672 1219
824 1275
2249 1000
891 1087
635 1158
1185 1384
2703 1382
1798 1285
875 1324
2558 1019
2914 1430
1823 1019
2069 1219
1694 1156
2806 1429
1113 1346
2267 1299
1033 1003
2414 1077
2164 1124
2663 1432
1916 1496
1372 1281
2975 1358
1429 1229
1564 1464
1463 1216
2134 1346
1794 1207
1384 1418
1996 1437
2262 1241
1684 1062
2828 1324
976 1064
1950 1010
1115 1017
2450 1079
1717 1007
632 1116
1606 1286
994 1039
1750 1012
713 1293
679 1386
1704 1126
2331 1080
1969 1411
2004 1197
1213 1410
2040 1389
1757 1243
1388 1176
1518 1112
2136 1019
2936 1324
2619 1263
1376 1177
611 1332
2202 1411
2901 1263
1822 1368
846 1129
1797 1389
2192 1036
1447 1157
1314 1161
2354 1199
661 1363
2963 1014
2405 1283
1909 1136
1257 1420
1003 1454
955 1332
1578 1193
2923 1344
1862 1296
1413 1202
1487 1257
1787 1141
2455 1099
1874 1120
2131 1407
1924 1055
812 1376
1670 1309
2582 1236
524 1129
2254 1165
1098 1251
1994 1252
2203 1141
1759 1396
1765 1182
1759 1363
2173 1238
2050 1138
637 1276
1948 1225
1142 1461
1444 1263
1143 1139
1824 1231
1596 1160
2565 1397
1642 1367
1690 1032
2385 1441
1273 1145
1600 1322
2596 1364
1680 1116
1029 1042
2893 1362
1071 1343
1334 1124
1341 1107
1810 1281
687 1268
2686 1304
591 1054
814 1475
2584 1085
1386 1098
1152 1048
2863 1325
1948 1394
574 1062
2738 1431
2919 1427
1874 1452
1294 1255
2523 1259
635 1104
880 1311
1969 1292
923 1269
923 1114
2729 1100
1623 1459
2464 1275
2362 1156
1291 1230
1840 1076
2096 1363
713 1359
1857 1236
1865 1171
1425 1193
2654 1151
1778 1015
1567 1336
841 1368
2101 1230
2068 1285
1862 1474
2312 1347
2962 1262
2605 1421
2559 1207
2610 1324
1086 1147
2467 1389
2523 1433
1414 1237
777 1343
1416 1282
2600 1290
2900 1491
2480 1051
1612 1011
2121 1047
1570 1112
2234 1239
539 1425
739 1434
2333 1388
2718 1367
620 1263
1052 1164
1102 1053
756 1330
956 1414
1101 1274
1240 1354
719 1437
1075 1068
564 1042
2932 1461
2354 1017
634 1432
2942 1473
2256 1467
805 1351
2157 1284
2619 1096
1695 1350
1995 1470
562 1178
1280 1181
2649 1296
2513 1100
2939 1245
2831 1495
1715 1093
1188 1017
2667 1244
1994 1082
1082 1410
1293 1254
1217 1427
973 1060
1633 1430
1688 1323
1053 1115
1929 1050
1630 1453
1979 1373
517 1143
2853 1119
787 1080
599 1269
2816 1047
790 1490
1906 1412
2368 1207
1744 1198
1067 1196
2126 1352
1388 1339
981 1154
2093 1211
1158 1414
2730 1249
1634 1123
2257 1342
1171 1219
1946 1242
1141 1222
2221 1424
1746 1474
1060 1431
2861 1406
1468 1073
2295 1146
569 1265
1547 1054
655 1197
1126 1357
2747 1230
2048 1424
569 1420
2552 1263
1594 1376
539 1198
2307 1377
1642 1359
1287 1235
1939 1335
1846 1297
2237 1380
1936 1400
1777 1227
2331 1431
1447 1452
1619 1376
1700 1265
1816 1338
1798 1190
736 1048
2902 1008
1981 1144
1607 1461
1934 1398
2375 1128
2263 1356
1520 1142
1385 1082
1117 1231
2578 1374
1504 1302
2722 1272
1646 1261
1866 1365
1853 1198
593 1099
1894 1267
938 1183
1500 1351
871 1275
2578 1372
847 1023
2251 1169
562 1192
2780 1252
908 1384
1129 1486
2771 1103
665 1103
2805 1355
2439 1386
1133 1400
2307 1320
2804 1352
1803 1399
2267 1063
1013 1069
1211 1053
1837 1335
1564 1444
1434 1097
2707 1159
2341 1069
1818 1181
1204 1156
626 1236
798 1000
1103 1237
914 1276
1153 1243
1835 1037
854 1245
2780 1067
1835 1075
1992 1486
2169 1381
2122 1290
2954 1444
1024 1029
776 1291
1482 1022
890 1081
1441 1285
1453 1487
2294 1370
1663 1037
1043 1493
1795 1497
1162 1003
1418 1420
718 1058
2137 1247
1402 1165
932 1195
805 1299
776 1190
1478 1260
711 1329
2884 1273
2047 1276
2444 1223
1529 1268
978 1441
634 1355
2440 1085
1472 1397
1284 1352
1908 1112
2245 1172
1447 1141
2923 1364
1378 1004
2252 1490
1731 1164
2406 1442
1444 1305
1722 1100
1961 1269
2546 1486
1810 1463
1140 1195
2141 1237
2003 1174
666 1365
1782 1261
2841 1319
2641 1369
1150 1347
1496 1208
653 1249
2494 1150
2174 1217
1185 1371
1153 1223
1723 1249
2258 1215
985 1104
2735 1428
723 1472
2499 1341
1866 1452
2356 1119
2012 1498
1238 1019
1423 1398
1020 1031
2139 1361
2188 1277
1053 1064
1894 1312
1713 1194
2934 1373
2801 1420
1663 1367
974 1019
1863 1213
2428 1272
2795 1239
1841 1130
1013 1200
1457 1086
2213 1154
2042 1212
2866 1436
1596 1336
1205 1290
1639 1345
1860 1422
1421 1093
1874 1005
2028 1288
2656 1380
2553 1010
2087 1351
1498 1368
2120 1003
2177 1157
1534 1369
1735 1275
2213 1246
634 1197
777 1008
2781 1090
2742 1229
1423 1260
2745 1270
1428 1263
1380 1166
2645 1397
2690 1273
1908 1221
2761 1268
511 1396
2879 1236
2440 1415
2465 1123
1531 1352
2248 1371
1520 1185
594 1312
735 1361
1822 1142
1864 1370
869 1386
2261 1402
2157 1023
2423 1229
1211 1359
2065 1194
1227 1062
1209 1109
557 1262
1156 1226
1206 1267
2145 1363
2448 1116
1168 1181
2294 1443
517 1276
1608 1060
2722 1303
1150 1386
944 1079
929 1287
1367 1341
1654 1166
722 1460
780 1163
779 1276
1890 1490
1712 1074
1929 1284
2410 1447
2463 1226
2103 1127
1211 1032
696 1088
1199 1477
1072 1158
894 1262
2825 1449
2516 1499
2002 1116
1121 1009
2119 1432
1865 1181
2851 1274
536 1276
1437 1144
680 1282
907 1410
1245 1199
2892 1202
2293 1115
878 1473
2586 1368
2825 1358
2678 1426
1839 1480
2442 1171
680 1331
849 1255
1715 1367
2303 1198
1218 1036
775 1277
806 1220
1112 1115
2256 1084
1979 1497
1779 1158
1792 1409
1850 1332
2338 1486
1010 1463
1611 1239
2184 1090
2252 1358
2303 1201
2923 1399
2216 1284
1336 1419
1045 1317
2369 1236
1903 1061
1155 1416
1591 1420
2843 1165
1527 1299
2457 1485
2942 1415
2071 1337
1689 1464
2343 1484
1529 1126
585 1379
1654 1266
2857 1326
1391 1084
1253 1311
2294 1319
2413 1128
2363 1496
1915 1434
2736 1340
753 1323
1144 1465
2038 1222
591 1345
519 1121
2008 1114
1862 1033
585 1465
1534 1401
2179 1172
1289 1160
2466 1348
2180 1011
1970 1345
965 1435
1051 1391
522 1146
871 1453
2460 1217
1674 1362
2512 1087
2406 1349
2297 1499
659 1392
2574 1182
1753 1339
1178 1125
2890 1407
934 1343
726 1402
1618 1102
1734 1222
2140 1236
756 1133
1209 1030
1223 1034
663 1242
2981 1422
909 1132
943 1234
1076 1398
1824 1416
1562 1095
923 1001
2670 1368
556 1242
2368 1072
877 1405
510 1026
781 1097
1127 1207
1740 1395
824 1191
2764 1197
2130 1313
556 1284
1169 1440
1319 1016
2577 1430
722 1057
2699 1392
2016 1495
2427 1008
1833 1456
2232 1081
1447 1062
2034 1148
2964 1270
2278 1069
2960 1369
887 1386
639 1029
1258 1386
945 1386
2335 1257
845 1279
1610 1345
1378 1357
1537 1072
1417 1473
1416 1285
1739 1381
1246 1437
2852 1109
2373 1090
1781 1381
1790 1291
1283 1121
2172 1092
1899 1276
2605 1416
2439 1276
2026 1097
646 1201
1908 1305
1324 1252
1637 1012
2323 1498
2870 1450
1922 1463
1086 1484
829 1021
630 1274
2772 1360
1865 1074
1788 1158
1182 1160
1052 1189
2091 1277
1992 1245
2322 1168
2115 1340
1698 1216
1296 1116
2622 1326
2489 1437
2960 1110
2157 1151
593 1195
818 1060
2644 1362
2656 1074
1473 1326
2714 1112
1728 1310
1043 1224
1948 1315
2432 1481
1105 1024
1682 1296
1425 1324
948 1217
1779 1223
2370 1303
1192 1392
1706 1084
1116 1209
2093 1365
614 1366
2159 1162
1927 1117
1362 1186
1419 1320
1342 1318
777 1170
1934 1408
2706 1312
2849 1374
2546 1432
1660 1424
2772 1200
523 1296
1852 1257
2282 1150
618 1470
1325 1091
1835 1394
957 1310
889 1296
845 1281
1274 1255
2052 1298
2908 1168
2684 1067
963 1014
2276 1405
2110 1213
2057 1497
1058 1199
2262 1321
1250 1466
647 1486
1599 1108
1663 1280
1935 1174
1385 1434
1794 1353
1582 1276
582 1260
1149 1157
1951 1270
1948 1089
2020 1399
1924 1087
2120 1083
2100 1134
1820 1053
2002 1393
523 1188
1854 1009
1167 1265
2453 1069
1722 1086
2535 1287
2810 1198
1754 1264
1508 1049
1589 1321
2350 1191
1271 1485
1876 1004
1829 1172
2010 1325
1106 1483
2910 1426
1366 1402
1924 1475
1794 1093
1745 1083
2496 1154
1215 1278
2317 1457
2023 1237
2117 1214
765 1457
1397 1155
1040 1291
1119 1087
2089 1414
1514 1389
1661 1401
1373 1086
1381 1470
2628 1005
2467 1253
1793 1224
1861 1250
1618 1472
1495 1420
823 1067
500 1069
2476 1192
2712 1040
1083 1325
880 1364
1695 1457
1781 1208
2334 1347
1879 1253
2402 1350
1150 1473
1791 1143
2458 1273
1056 1439
1172 1039
2599 1037
2473 1100
871 1068
2761 1039
2715 1018
2527 1492
2192 1140
1488 1451
2515 1073
1292 1406
594 1322
2500 1036
2914 1184
1681 1441
2120 1296
539 1197
1289 1054
2942 1344
2295 1145
1141 1283
1978 1211
760 1453
935 1062
815 1440
2006 1473
2970 1072
1985 1084
2645 1441
967 1042
2986 1082
883 1216
2378 1462
879 1179
1691 1096
2921 1315
2445 1194
2859 1327
953 1263
1174 1286
1654 1409
2074 1331
2636 1120
2361 1225
1783 1451
2725 1152
1131 1221
917 1132
1271 1140
1371 1460
582 1364
658 1392
1227 1303
2721 1071
909 1075
2026 1142
2366 1036
1487 1360
785 1086
1767 1106
697 1006
2068 1153
2028 1128
2096 1253
583 1246
2690 1404
2028 1292
2957 1476
823 1241
1501 1307
1861 1129
1853 1242
1903 1090
1206 1442
985 1050
1034 1182
756 1470
2961 1415
1047 1167
755 1224
1923 1125
1312 1380
1546 1353
1933 1035
1616 1091
1822 1461
561 1436
1443 1052
2094 1045
2419 1215
1286 1159
783 1458
2034 1363
2069 1381
2740 1442
1954 1191
2925 1077
2515 1127
1249 1359
1732 1265
2797 1098
1525 1357
2850 1075
749 1433
2807 1046
929 1229
1852 1094
2775 1266
823 1342
2309 1241
1672 1203
2302 1161
1571 1207
1105 1305
2988 1490
1314 1434
763 1093
1965 1313
1907 1273
1620 1264
2787 1175
2384 1242
2955 1239
1961 1024
924 1076
2455 1250
2285 1210
1544 1037
1381 1366
1353 1064
1019 1163
2585 1484
1002 1396
1709 1371
2788 1392
621 1003
2853 1094
1628 1083
2898 1141
1283 1358
1582 1344
2827 1494
2333 1237
2337 1006
999 1285
2418 1082
2211 1306
2075 1154
2541 1279
2751 1347
1673 1479
2750 1223
1037 1248
716 1003
1183 1343
1058 1467
1615 1040
2602 1321
1897 1235
1084 1410
559 1060
2106 1154
1076 1192
2572 1496
1975 1139
869 1478
2737 1048
2399 1478
1683 1458
1665 1266
741 1435
1787 1005
2172 1253
1620 1074
1012 1133
1281 1083
2732 1203
649 1344
2657 1228
1509 1186
1900 1365
512 1018
1342 1259
676 1417
705 1489
962 1010
696 1495
1002 1117
2772 1344
2952 1304
2220 1167
1024 1346
2708 1251
1878 1385
1991 1197
930 1121
1999 1051
2763 1016
2185 1330
2322 1081
2529 1252
1310 1040
2643 1348
757 1287
2419 1200
2588 1036
1318 1063
2143 1255
1099 1273
1161 1454
1882 1143
2720 1124
1819 1167
2159 1441
2527 1154
2834 1243
1594 1223
863 1263
1799 1297
2550 1346
1588 1213
1383 1470
798 1468
1514 1221
587 1401
1219 1133
1521 1136
2302 1033
1266 1066
1534 1119
700 1476
1990 1211
2091 1366
2346 1265
2207 1302
2424 1376
1023 1026
1507 1261
2501 1017
1140 1074
2080 1180
1745 1162
2545 1339
2414 1161
765 1065
2725 1390
2505 1322
2445 1118
2781 1157
1603 1397
1941 1288
1252 1076
2665 1199
874 1358
941 1405
2640 1368
2537 1260
828 1177
802 1321
764 1384
1715 1277
1384 1235
1164 1024
803 1158
1019 1458
2768 1359
1726 1393
1202 1390
1758 1356
516 1374
685 1222
2737 1481
1345 1029
2840 1040
1148 1068
1761 1399
2555 1119
991 1240
2090 1065
1079 1151
858 1382
1971 1205
2543 1456
2033 1125
1808 1088
2817 1467
829 1393
2419 1023
1936 1262
1828 1148
632 1108
1574 1396
2732 1121
2972 1336
2431 1088
2992 1109
961 1028
2999 1473
2805 1196
817 1406
2707 1324
1739 1355
1157 1186
2516 1153
1448 1148
1979 1356
932 1245
1689 1350
1133 1194
841 1339
2115 1166
1464 1424
2658 1028
562 1482
2399 1066
2892 1196
1880 1296
1692 1386
2600 1494
1745 1150
2700 1399
2254 1163
1141 1316
1887 1463
2850 1428
726 1382
2361 1257
2049 1403
1856 1429
564 1291
2060 1406
634 1133
1402 1076
1934 1104
786 1129
1570 1407
2452 1005
1457 1171
1547 1484
1936 1374
2369 1378
2725 1454
2237 1286
658 1095
2171 1138
811 1059
1501 1098
1784 1456
1011 1351
927 1420
2379 1417
2310 1090
595 1254
1830 1092
2028 1309
2772 1401
1791 1030
2303 1354
1512 1241
1922 1012
2515 1342
2663 1403
632 1097
571 1196
2591 1461
2412 1363
630 1077
1869 1430
2057 1332
2354 1048
1432 1278
2296 1351
2096 1474
1781 1180
2649 1365
1347 1216
1457 1039
1076 1323
2317 1432
1444 1464
1407 1189
708 1096
2490 1140
2553 1402
2146 1256
1996 1164
2517 1344
1897 1258
774 1200
2246 1094
554 1317
2600 1421
2565 1454
2736 1375
2731 1054
1808 1137
2927 1054
2962 1078
2492 1395
2384 1032
1368 1159
548 1248
2369 1061
1594 1273
2449 1035
1065 1056
899 1089
1836 1112
807 1194
2524 1053
1982 1440
2429 1472
1463 1390
2821 1047
1969 1223
933 1419
1607 1287
1707 1402
975 1452
1805 1192
629 1181
757 1054
2375 1091
2209 1483
1043 1260
1429 1448
1820 1471
1602 1438
2234 1183
2653 1347
1901 1473
2102 1431
1177 1139
1540 1082
2844 1034
716 1323
1991 1228
1118 1015
1572 1021
1413 1393
1844 1447
1966 1319
1525 1471
1436 1215
2116 1021
1287 1001
950 1060
825 1414
2957 1030
670 1391
1103 1474
1780 1473
1706 1464
1193 1346
2131 1189
657 1096
2919 1110
2010 1173
926 1131
1163 1414
2418 1492
950 1320
2563 1445
1393 1034
2071 1055
1836 1257
733 1434
2404 1268
1734 1099
1644 1081
2694 1070
614 1116
1409 1383
1099 1317
2005 1133
2804 1297
1317 1160
2598 1115
1394 1052
1741 1483
2415 1176
2736 1476
1644 1496
2781 1336
2580 1119
2180 1115
727 1190
1884 1025
2219 1225
2375 1339
1763 1205
900 1063
1351 1451
1048 1475
2812 1265
605 1044
584 1198
1068 1142
2795 1443
2089 1030
786 1339
2730 1455
2045 1402
2334 1459
865 1482
1353 1252
898 1144
1351 1296
1416 1158
1563 1337
863 1140
1766 1101
2235 1118
2817 1164
2457 1316
2603 1126
1955 1085
1208 1470
1609 1055
1413 1261
829 1000
1647 1356
1992 1122
1182 1036
2179 1488
1056 1342
1691 1428
598 1139
1420 1395
705 1165
1633 1181
2678 1083
1752 1476
2017 1219
2907 1377
1188 1145
2964 1097
1663 1357
2534 1361
1187 1024
1716 1098
960 1267
604 1300
2921 1369
1421 1113
1962 1408
1658 1061
2912 1032
1511 1431
2705 1317
1728 1330
1274 1426
903 1028
1050 1478
2221 1499
2298 1096
2343 1441
647 1304
613 1185
2154 1450
1966 1355
1521 1007
2696 1047
735 1017
1025 1297
699 1487
786 1260
1601 1184
2636 1156
2065 1311
817 1070
794 1299
2553 1223
1730 1493
1900 1476
2809 1226
2935 1217
1369 1442
2465 1029
989 1239
1545 1259
1115 1204
1093 1390
580 1122
2344 1182
1886 1461
2228 1243
2539 1491
2409 1271
2451 1081
2726 1224
1634 1168
2993 1358
899 1165
2119 1036
2671 1085
1604 1234
1316 1350
1703 1254
1595 1149
854 1067
613 1018
851 1429
1180 1019
1021 1138
813 1372
912 1324
2586 1137
815 1206
555 1285
1181 1050
1638 1020
2479 1377
969 1004
2404 1167
1203 1176
2294 1344
882 1361
605 1188
2613 1028
1091 1055
2515 1269
1376 1444
1302 1172
1275 1089
2382 1206
2422 1332
1206 1452
2604 1427
1751 1216
2777 1468
2659 1393
881 1128
2931 1022
705 1081
2670 1482
511 1164
2013 1054
1935 1432
2440 1222
1752 1130
2731 1203
2629 1043
2982 1292
1197 1066
1271 1099
1002 1269
1580 1410
1626 1177
1418 1455
707 1386
2913 1013
592 1428
1069 1295
2109 1343
690 1007
672 1315
509 1376
2235 1208
2194 1304
2955 1268
930 1488
2547 1160
631 1215
2363 1172
2039 1295
1310 1255
2390 1212
2862 1386
791 1168
1182 1394
1726 1349
1331 1343
2917 1158
957 1129
588 1386
1173 1021
593 1481
1122 1335
2853 1074
1522 1478
2727 1037
1817 1495
2425 1373
2927 1082
2285 1498
1483 1262
2127 1043
1573 1069
858 1221
1141 1000
690 1357
2089 1289
1843 1100
504 1029
2363 1451
2824 1071
2789 1127
2755 1023
2777 1312
2838 1176
721 1123
2117 1419
1553 1268
2118 1086
1185 1043
1804 1333
509 1374
1102 1144
2432 1471
1166 1067
2343 1414
2808 1150
2559 1073
2655 1193
2254 1068
1534 1038
630 1385
1041 1199
2286 1385
915 1159
1919 1430
956 1409
2979 1326
1654 1023
2733 1399
2413 1475
796 1123
2844 1170
1938 1297
1670 1140
2989 1255
2071 1475
1134 1412
2392 1341
2886 1117
2270 1157
583 1488
1619 1222
2416 1093
1091 1408
920 1194
738 1053
1321 1197
1469 1336
2020 1276
2743 1086
1195 1033
1786 1105
2344 1475
1516 1029
631 1158
648 1329
1817 1186
2337 1366
852 1468
618 1093
1240 1361
856 1220
1238 1069
1869 1089
2151 1357
2329 1261
942 1122
915 1210
2498 1189