3000 5000
2272 1396
994 1131
686 1150
1599 1203
1893 1156
1489 1011
1024 1410
2659 1138
2593 1275
2326 1267
1884 1148
1272 1046
2657 1249
561 1182
1040 1184
1926 1326
871 1285
1658 1130
1251 1193
1947 1105
1830 1190
2520 1026
880 1432
606 1309
1107 1190
2849 1370
2744 1303
2661 1153
1998 1118
1743 1303
729 1262
668 1121
1586 1362
646 1100
708 1211
989 1216
1971 1308
1904 1000
2837 1401
1143 1403
1574 1247
2869 1099
923 1100
585 1269
2440 1458
2366 1252
584 1408
1231 1311
2598 1414
1364 1442
2714 1392
1115 1334
1427 1298
980 1405
1581 1121
842 1360
2410 1396
2200 1424
660 1324
2440 1473
1427 1360
1122 1130
949 1303
2931 1004
2770 1254
1087 1300
803 1053
1290 1422
2266 1383
1461 1260
2131 1293
623 1055
763 1158
2610 1194
2238 1004
1786 1374
1125 1057
1530 1084
2315 1269
1881 1409
1972 1427
2799 1158
568 1261
2587 1040
2338 1217
2307 1324
796 1130
921 1365
2225 1442
953 1147
702 1168
811 1144
1136 1338
2588 1255
2912 1431
637 1046
631 1353
1835 1226
2416 1217
619 1286
1268 1321
1073 1049
2395 1050
912 1279
1793 1247
1734 1368
1827 1067
755 1401
745 1316
740 1447
2505 1358
2872 1298
686 1402
2101 1280
1396 1213
2969 1079
915 1069
1506 1293
1416 1435
656 1112
1731 1143
512 1346
2285 1400
1276 1180
2237 1031
649 1169
711 1016
1069 1235
2978 1393
1194 1404
1546 1324
1943 1354
2725 1481
2925 1298
2172 1497
1167 1120
2664 1469
2591 1137
1519 1455
1588 1012
1790 1398
893 1171
2257 1389
1117 1211
1838 1288
2475 1086
753 1120
2501 1115
1989 1233
2035 1330
599 1373
2903 1426
2655 1397
2368 1438
777 1085
2505 1456
2227 1139
1431 1389
2807 1226
782 1322
1285 1053
2591 1432
1243 1386
2150 1345
525 1257
1316 1192
2650 1107
1807 1431
1433 1301
1865 1426
761 1076
1030 1292
1441 1183
1581 1315
2723 1101
1531 1362
2191 1453
751 1034
1795 1424
2020 1027
1356 1128
524 1286
1997 1166
556 1332
1258 1041
1735 1497
2241 1457
1674 1498
2071 1402
611 1220
1827 1478
928 1011
1522 1277
2552 1418
587 1324
1464 1115
1891 1074
2254 1440
1089 1140
2600 1091
1182 1112
2485 1418
514 1086
2117 1048
1667 1254
607 1077
1610 1117
2396 1316
1068 1366
1551 1186
2215 1324
1633 1078
598 1054
1745 1416
2543 1053
1102 1329
2331 1399
698 1054
1422 1010
1609 1048
1218 1151
1796 1479
860 1131
858 1426
2965 1300
1576 1122
1245 1446
2089 1143
981 1443
1110 1451
1251 1488
1713 1133
2280 1144
958 1433
854 1076
544 1419
1442 1361
2793 1427
2609 1294
1816 1037
1909 1043
1855 1022
2520 1458
1824 1236
2781 1126
2860 1155
1241 1066
1027 1012
1594 1184
791 1066
2475 1482
1570 1021
2580 1015
1620 1448
1689 1122
1124 1266
721 1053
2653 1072
1311 1366
2128 1038
1623 1149
1430 1446
2132 1326
1666 1390
2936 1443
1051 1199
2055 1163
913 1119
2763 1369
2012 1168
1564 1237
2978 1400
809 1279
1193 1074
2106 1012
1178 1224
582 1389
2990 1316
1803 1433
1777 1177
2698 1171
1077 1384
1688 1297
600 1208
2298 1220
2397 1430
2723 1031
1062 1154
2834 1409
1844 1050
2928 1471
1996 1025
2451 1105
2526 1133
1930 1065
2135 1044
931 1230
1196 1113
2226 1221
2222 1301
566 1300
1915 1428
2081 1471
1782 1372
1304 1150
1923 1266
1594 1440
586 1284
2144 1302
2807 1034
2955 1211
552 1189
751 1438
1829 1248
2788 1479
2204 1320
1004 1263
1637 1248
970 1382
1733 1029
2895 1086
2576 1131
2022 1131
948 1288
2475 1290
812 1395
602 1068
1825 1463
1330 1021
2588 1078
2321 1025
2195 1449
2412 1219
727 1181
656 1030
1189 1249
2802 1071
942 1062
2143 1114
2263 1455
633 1251
1950 1364
1633 1420
1660 1393
2856 1013
2292 1277
1607 1185
642 1426
2283 1117
1834 1225
543 1416
2649 1007
1229 1093
2398 1031
2675 1287
2130 1420
1034 1101
2159 1431
2477 1468
1513 1339
2896 1077
1077 1180
1051 1423
910 1347
1067 1431
1183 1222
873 1460
2848 1201
2259 1327
728 1177
1873 1398
2666 1300
785 1272
2805 1316
1704 1260
2925 1292
2953 1202
2356 1162
2158 1459
2098 1233
2849 1285
2894 1434
517 1117
1705 1245
2880 1121
609 1091
1529 1117
566 1138
1885 1076
1866 1474
2729 1348
950 1454
789 1308
1669 1318
2079 1475
1427 1062
1277 1247
2746 1418
2108 1129
1608 1142
2954 1149
2858 1422
722 1055
2472 1093
2747 1276
563 1423
2792 1455
2764 1180
680 1004
1878 1079
1196 1407
2794 1168
513 1291
2075 1255
1041 1287
2933 1202
2910 1186
1488 1043
2736 1489
1627 1329
1354 1040
602 1403
1681 1287
2638 1158
2805 1372
2750 1093
2491 1345
2350 1466
803 1133
798 1035
2221 1451
623 1276
2157 1043
1032 1106
1719 1047
1528 1069
755 1185
763 1075
1247 1489
1513 1000
1947 1318
2718 1439
1469 1063
2763 1243
2683 1089
1779 1140
504 1164
1998 1147
2601 1037
2500 1276
2480 1035
1665 1428
2415 1238
1284 1118
1586 1206
2869 1060
937 1404
2254 1119
1517 1476
2075 1286
2109 1198
519 1287
2164 1360
536 1447
549 1349
1416 1302
2448 1333
1993 1323
1141 1471
1815 1218
1628 1430
723 1001
1359 1376
510 1106
1329 1317
1095 1151
1930 1081
2513 1378
1305 1161
2106 1067
2773 1488
1352 1075
1547 1276
1580 1094
1125 1221
1835 1013
2733 1425
1410 1292
2924 1158
1468 1314
1418 1018
816 1398
1750 1302
1627 1012
2872 1469
2319 1260
1878 1279
575 1328
844 1478
1576 1410
657 1346
2986 1095
2162 1012
1084 1381
1926 1455
2907 1384
1215 1169
2507 1001
2953 1062
1582 1174
1914 1076
587 1006
1425 1260
1497 1241
1439 1288
2819 1359
1994 1427
575 1415
1866 1498
742 1414
1041 1350
1633 1430
2541 1358
1044 1020
2072 1048
2094 1057
2725 1057
1714 1139
1614 1327
1646 1307
979 1395
1935 1262
942 1247
2267 1425
1960 1107
2626 1144
1267 1152
1308 1062
2326 1280
1326 1473
878 1138
2148 1156
985 1040
2547 1181
722 1094
1461 1407
965 1422
1522 1465
764 1178
937 1318
1649 1266
1187 1046
1452 1310
1333 1171
1965 1028
1008 1283
1127 1353
2083 1162
2002 1087
891 1399
2503 1280
1724 1266
838 1425
2569 1281
605 1150
541 1390
2045 1441
1847 1409
1773 1066
1814 1270
735 1236
1430 1367
817 1169
1428 1290
1109 1394
2012 1011
2042 1157
1126 1359
1644 1350
2735 1337
755 1205
1719 1195
1821 1042
1920 1239
1200 1008
1806 1416
1959 1075
2117 1369
1670 1120
2354 1007
1763 1270
1739 1418
1502 1095
1144 1286
777 1380
2678 1340
702 1430
1925 1045
1211 1266
1512 1166
636 1305
768 1335
2917 1489
618 1112
2166 1021
2336 1255
795 1301
2250 1333
1624 1099
1542 1423
2633 1376
870 1298
2245 1226
1588 1398
507 1228
673 1352
741 1436
946 1418
816 1393
548 1305
1352 1453
647 1164
714 1381
885 1250
2768 1319
635 1339
2069 1417
1419 1018
1876 1186
1581 1452
1009 1114
554 1335
1430 1008
2322 1397
1014 1140
2168 1295
2918 1316
1289 1254
1001 1107
2720 1316
1967 1149
2779 1096
856 1187
1849 1202
1836 1216
2853 1464
1513 1247
1169 1407
1233 1242
2255 1384
1678 1022
1728 1396
1473 1037
2968 1299
1799 1096
2325 1470
852 1126
1124 1055
785 1022
1843 1193
2906 1473
2888 1156
2055 1339
895 1296
885 1473
586 1153
1297 1398
2528 1015
2502 1387
2128 1200
1696 1018
813 1220
2369 1493
1898 1035
2405 1496
925 1405
2376 1153
1087 1060
2272 1432
1676 1318
550 1203
2867 1000
1067 1425
2903 1382
1193 1168
1606 1236
1432 1360
1908 1095
1822 1463
1192 1282
2264 1410
2206 1311
2716 1090
2782 1486
1274 1286
1659 1210
1815 1215
2826 1152
2410 1448
1317 1432
1750 1106
1087 1063
1901 1215
1709 1044
1813 1405
1805 1499
1303 1397
2778 1392
1627 1476
742 1192
1547 1433
2583 1183
1773 1310
2710 1458
1364 1151
1447 1351
560 1066
1520 1201
958 1466
2129 1342
1963 1104
1114 1495
2241 1462
1689 1004
2405 1402
2439 1028
2751 1171
2774 1365
901 1494
1336 1157
2953 1164
2849 1206
2051 1149
2421 1089
2727 1043
1313 1380
1731 1431
908 1472
1167 1310
716 1312
1100 1340
2654 1433
1630 1193
1076 1389
2717 1317
2420 1133
1480 1222
864 1099
701 1388
881 1350
1112 1473
1425 1193
1128 1409
886 1344
1116 1176
1646 1046
2334 1356
1341 1341
1106 1316
1708 1068
1883 1447
2139 1289
642 1033
892 1330
507 1315
1947 1474
1423 1436
2200 1265
2657 1111
2850 1348
1311 1301
817 1095
2115 1497
2365 1389
2421 1170
1939 1443
2043 1427
838 1409
653 1030
2085 1353
994 1497
1374 1418
1838 1464
2807 1410
924 1422
2020 1051
1715 1406
1904 1181
2207 1471
1977 1181
768 1273
1930 1236
2103 1253
1268 1268
2262 1320
2151 1152
2952 1181
2337 1102
527 1115
2567 1003
2439 1260
1373 1297
2107 1220
2403 1193
2241 1181
978 1186
783 1358
1539 1049
2795 1497
1130 1323
694 1125
1746 1444
1141 1175
2339 1034
1390 1061
2834 1079
2456 1474
1562 1217
1613 1336
1608 1251
2729 1250
1575 1019
2696 1310
1003 1443
622 1411
2059 1138
1923 1305
828 1339
1800 1287
1045 1283
681 1158
2168 1368
2176 1011
2215 1490
1650 1237
585 1041
1552 1468
521 1183
1537 1470
1191 1385
1890 1478
1519 1285
2486 1381
1400 1491
2269 1191
2999 1156
1534 1423
1459 1004
595 1494
1541 1281
1713 1121
1254 1455
2254 1078
1239 1240
1734 1400
2516 1282
536 1184
1657 1105
2318 1077
2489 1491
1696 1018
2452 1261
1054 1179
626 1287
955 1424
1217 1106
988 1451
893 1184
2694 1493
1028 1171
1294 1179
2046 1320
1003 1417
2219 1233
725 1056
2423 1198
1599 1472
2384 1175
887 1260
1235 1070
563 1113
2321 1459
2751 1084
1215 1306
1046 1161
2164 1256
1535 1110
2322 1418
1516 1026
1311 1279
2851 1194
2347 1285
539 1265
1704 1402
597 1047
2099 1076
2032 1212
2230 1479
1354 1344
2674 1237
2006 1212
2720 1203
722 1462
792 1017
2831 1054
2345 1373
2716 1229
749 1100
2036 1314
1595 1325
2997 1010
2808 1348
2630 1269
2044 1270
2361 1188
1531 1321
1142 1139
743 1366
2514 1230
2138 1018
2393 1446
706 1176
1608 1084
1865 1369
2846 1134
2906 1166
1329 1122
922 1370
2659 1197
1280 1237
1552 1413
1444 1023
2884 1050
1595 1457
2807 1154
2733 1359
2991 1240
1023 1357
1655 1202
2321 1338
1803 1282
775 1456
1526 1072
2638 1230
2446 1093
2497 1410
553 1030
2790 1282
2385 1431
2456 1012
1134 1464
2190 1452
2949 1066
1955 1399
2358 1016
1734 1255
563 1282
2231 1494
2604 1474
2482 1401
2181 1476
989 1346
1232 1240
2148 1163
1538 1362
1577 1412
763 1348
2273 1434
1447 1461
1409 1263
1844 1462
2499 1034
769 1099
1294 1388
1270 1353
644 1305
2466 1343
1845 1327
1512 1235
799 1058
1127 1012
1376 1045
1785 1378
726 1303
629 1262
1985 1184
1736 1463
588 1077
1745 1339
2883 1155
822 1055
2796 1250
1299 1485
1414 1142
2142 1317
1318 1316
1883 1274
1421 1078
2433 1487
1803 1292
2415 1488
2395 1450
823 1179
872 1122
1946 1173
1067 1259
1772 1351
1478 1445
1948 1187
2754 1140
2463 1310
513 1034
2432 1066
1453 1153
688 1223
2520 1019
1031 1411
2395 1188
590 1241
2974 1225
755 1025
1743 1191
1892 1002
797 1156
1102 1103
2262 1246
552 1254
2724 1300
1403 1424
1894 1091
2427 1083
1788 1273
1405 1100
1978 1397
2425 1420
1877 1327
1177 1440
2444 1138
994 1105
2153 1247
1105 1072
1516 1347
2711 1200
2189 1068
2100 1430
520 1384
2285 1249
2708 1042
862 1265
2690 1002
2264 1352
2032 1133
2334 1016
1463 1281
1070 1053
591 1220
2661 1296
2512 1143
2376 1348
2685 1117
751 1404
1887 1334
2543 1391
1814 1073
503 1413
1825 1461
2887 1425
1829 1033
1637 1321
950 1362
1706 1244
1828 1406
2730 1237
1410 1473
2237 1415
1344 1466
560 1449
1707 1149
2886 1330
1903 1307
2645 1047
1881 1001
1888 1306
2204 1365
688 1250
1636 1087
1562 1279
1275 1373
2516 1400
2963 1424
1143 1075
1536 1293
2129 1136
2749 1264
2661 1245
1445 1102
2319 1205
1120 1345
1487 1199
2509 1182
2017 1117
1138 1135
1040 1395
2900 1018
2884 1269
1208 1374
2816 1075
1523 1366
2052 1360
2833 1378
2948 1302
557 1485
2846 1286
1254 1098
740 1309
1574 1037
1991 1227
1880 1497
2406 1018
2285 1242
2128 1042
2422 1352
2430 1063
2835 1467
2568 1412
594 1252
922 1115
1861 1191
1031 1269
1148 1114
839 1244
2028 1362
1222 1273
2358 1012
1454 1156
2807 1442
1924 1425
1936 1470
2004 1100
695 1306
618 1374
2606 1100
2348 1414
2545 1489
571 1362
1801 1284
2484 1258
1218 1002
2290 1112
2886 1025
1109 1347
623 1090
1208 1054
2841 1118
2535 1271
870 1141
1486 1179
1332 1000
2941 1455
1118 1172
2893 1306
2089 1237
1654 1389
660 1084
2642 1488
2141 1120
2472 1054
2740 1117
2677 1218
1608 1227
2679 1073
520 1474
2905 1069
2451 1048
551 1101
2749 1139
1253 1280
2807 1429
680 1068
2275 1418
1369 1451
2250 1151
1106 1326
1733 1494
539 1381
2092 1235
1681 1295
1495 1494
560 1033
2485 1348
1387 1441
1086 1466
586 1469
2159 1050
1158 1054
2199 1440
2225 1089
1221 1017
915 1310
1338 1063
2161 1041
2128 1210
2104 1270
2423 1160
2821 1413
1975 1224
625 1133
719 1323
1128 1467
1766 1226
2360 1401
2436 1449
1675 1352
907 1365
2500 1250
2594 1097
2562 1293
1150 1315
1222 1048
798 1420
2893 1374
2383 1041
1971 1142
2671 1142
1134 1214
1802 1363
1540 1128
1743 1011
1193 1493
2296 1175
2913 1093
1977 1277
2905 1363
1022 1348
2891 1177
2454 1247
2604 1243
1136 1234
2829 1044
1900 1022
2455 1366
1350 1150
2566 1157
2297 1187
1053 1210
1926 1190
2355 1315
2327 1321
727 1194
1752 1256
1633 1359
1006 1490
2703 1130
2055 1143
1079 1400
796 1488
770 1487
2123 1169
2165 1322
1306 1124
1823 1217
581 1166
611 1424
1368 1298
987 1370
1214 1203
2289 1279
687 1223
1868 1435
1150 1055
1553 1319
673 1009
2515 1154
1603 1010
2659 1095
1609 1254
1574 1300
1263 1421
1568 1049
692 1380
2861 1330
2169 1339
1134 1054
897 1178
2977 1181
880 1358
1952 1368
2782 1251
1609 1318
1678 1449
2882 1335
2382 1284
2790 1178
2612 1059
744 1360
2659 1439
2418 1417
1070 1339
2898 1181
2378 1110
1363 1451
1792 1487
2772 1009
2974 1355
2289 1324
875 1378
1184 1412
1702 1248
798 1234
1414 1081
1347 1062
759 1146
1501 1066
2337 1352
745 1045
2056 1289
2634 1440
772 1203
2300 1406
2659 1065
903 1447
850 1329
1791 1236
530 1447
2560 1450
2637 1087
1898 1309
1045 1014
1415 1181
2026 1419
2510 1198
1043 1102
2044 1291
1505 1096
2006 1234
726 1376
2855 1397
1026 1434
2206 1447
2410 1459
2611 1271
619 1182
2813 1033
1691 1342
602 1479
1411 1034
756 1176
2781 1460
1046 1139
624 1075
906 1001
2208 1148
1859 1032
1542 1132
1417 1481
1373 1087
2752 1203
1800 1411
691 1347
704 1070
2339 1164
2377 1062
2305 1354
866 1381
2288 1260
1304 1294
2930 1202
2931 1042
1538 1490
2906 1454
1939 1221
2832 1195
765 1253
786 1202
579 1015
752 1039
2108 1421
2694 1047
1820 1015
2484 1310
2028 1484
2034 1449
2887 1277
2304 1272
2348 1396
866 1127
1375 1470
1493 1032
1339 1088
1673 1488
2604 1443
1121 1222
1317 1206
840 1303
1130 1233
1844 1011
2555 1163
538 1213
2826 1174
1642 1308
2618 1358
656 1143
2939 1152
2637 1295
832 1113
558 1088
1488 1370
1910 1080
2393 1418
2665 1052
1515 1039
966 1345
2264 1351
1663 1433
1099 1195
2815 1151
677 1322
1381 1013
2507 1071
1099 1405
1878 1170
2836 1069
877 1081
2278 1237
2171 1067
2576 1009
1888 1248
2190 1469
2118 1361
999 1435
2124 1305
2589 1272
1923 1167
711 1137
2542 1347
827 1358
671 1203
1562 1313
1710 1279
979 1204
2500 1166
1414 1113
2847 1018
2673 1202
2974 1263
2816 1411
1974 1017
1766 1490
1041 1447
826 1404
2331 1332
1907 1321
790 1323
912 1356
1737 1238
1771 1337
1197 1423
2115 1255
1560 1141
1165 1280
2840 1262
1843 1387
1911 1151
1158 1103
1401 1012
1864 1451
1986 1050
560 1086
1071 1256
1680 1267
2804 1416
1046 1310
2814 1310
881 1316
2537 1183
2246 1416
2323 1110
1971 1160
1178 1401
1156 1176
1816 1097
2192 1222
2578 1218
1413 1424
564 1058
2944 1344
692 1486
1871 1010
1715 1291
1122 1119
2600 1407
2094 1032
1635 1452
2430 1317
1437 1217
1812 1036
1986 1251
1688 1117
2056 1203
1674 1145
2787 1126
1435 1269
2538 1160
1244 1265
2973 1159
2434 1364
2608 1291
653 1111
578 1028
1851 1426
2941 1430
1473 1498
1833 1043
2769 1003
2476 1434
2856 1283
2207 1272
2721 1406
842 1259
1831 1455
1516 1264
1456 1468
2394 1169
2278 1150
2158 1391
1835 1062
2647 1123
2748 1113
665 1174
1944 1224
2214 1069
2919 1139
1531 1491
647 1470
1084 1345
1121 1424
2670 1253
2207 1001
2652 1158
1983 1263
1403 1091
1681 1294
748 1429
2776 1307
1907 1085
1334 1157
908 1398
1637 1495
748 1454
2960 1118
1148 1441
2263 1493
2351 1277
1153 1003
1309 1062
1127 1340
1626 1196
2333 1318
501 1027
1037 1099
2790 1454
682 1479
962 1479
1807 1463
560 1117
1634 1146
1490 1470
1396 1143
1147 1377
2682 1042
799 1163
2229 1287
2370 1012
2143 1221
1230 1367
2576 1174
1858 1337
2745 1361
1613 1333
605 1434
1871 1153
2852 1057
529 1020
1951 1381
1083 1316
2477 1348
1245 1155
1347 1446
1248 1015
2073 1433
2236 1160
1399 1064
2049 1374
1181 1264
2744 1174
2163 1375
677 1423
1852 1040
1056 1198
1378 1344
755 1462
1313 1456
913 1202
1208 1282
608 1147
2412 1325
1273 1478
739 1007
719 1163
2972 1352
1960 1321
942 1403
2546 1151
992 1124
2520 1236
1214 1059
1828 1395
1858 1443
1908 1484
2563 1239
2596 1032
2993 1254
1055 1053
2410 1256
1571 1037
2136 1088
2169 1197
1939 1489
1319 1277
2556 1057
2569 1232
2010 1022
1120 1232
1202 1476
1562 1021
2533 1485
1519 1405
1895 1200
1766 1475
1572 1043
1816 1173
663 1349
2744 1095
2987 1186
1986 1463
1951 1334
2826 1251
1121 1384
1587 1084
2759 1462
1903 1336
907 1278
2987 1111
2697 1051
2764 1316
2167 1284
2255 1119
2538 1205
1262 1065
500 1148
2658 1246
2850 1346
2495 1131
1422 1459
934 1459
1038 1384
2335 1448
1311 1027
2161 1040
2863 1152
2702 1075
1621 1453
2228 1161
2358 1473
1446 1031
1235 1375
2264 1114
874 1207
2265 1043
1252 1232
1234 1333
1624 1310
2143 1328
1315 1179
2908 1230
2259 1267
2763 1352
1664 1163
898 1471
1390 1101
1441 1325
1557 1286
2324 1028
633 1234
1020 1149
2896 1299
1135 1194
2177 1364
1080 1239
2513 1066
1595 1259
1830 1179
1715 1141
1604 1016
2837 1143
2097 1494
1807 1308
2920 1094
691 1475
1082 1399
2568 1443
2670 1004
1179 1177
2321 1073
2170 1232
2339 1073
2139 1113
2296 1091
1693 1334
739 1052
1959 1225
2704 1246
2157 1336
1082 1201
2217 1175
2831 1485
738 1165
1217 1121
929 1403
2520 1414
711 1194
1884 1280
619 1467
2006 1089
2884 1031
2246 1491
1855 1454
2769 1248
766 1350
1062 1151
1072 1164
556 1455
2419 1110
2935 1349
2424 1259
889 1199
900 1262
2678 1367
2767 1159
2203 1498
948 1000
2825 1442
2574 1408
1749 1172
1406 1152
2562 1351
2581 1124
2408 1423
2360 1066
1754 1293
1292 1027
1872 1431
1306 1415
672 1162
984 1095
2018 1363
683 1176
1672 1493
1050 1057
1853 1272
2672 1280
1332 1494
1474 1259
1906 1357
1635 1047
674 1275
1075 1415
679 1157
1207 1488
1832 1056
1002 1224
795 1448
2182 1121
1452 1011
815 1099
2853 1148
1135 1169
2430 1360
2386 1277
2888 1184
2329 1392
1687 1065
1314 1278
2091 1232
2521 1148
2716 1477
2344 1395
1029 1494
1009 1404
2927 1287
1431 1069
2252 1009
1570 1419
2542 1267
1865 1404
2149 1193
1239 1347
891 1142
1420 1007
800 1471
2356 1492
2824 1041
1567 1435
1173 1100
1057 1449
1619 1037
2578 1106
933 1031
1914 1256
2566 1482
908 1135
1188 1152
2706 1041
2548 1152
963 1149
1274 1099
797 1174
1203 1127
2148 1442
1407 1491
2570 1186
857 1071
2685 1378
1753 1152
2774 1252
1957 1287
1698 1413
1135 1377
2822 1133
1624 1087
1436 1355
830 1381
1964 1019
1720 1488
2249 1296
1924 1264
1433 1176
2239 1142
643 1430
1270 1210
738 1390
2922 1286
2459 1125
2951 1213
2133 1050
2557 1234
753 1147
2027 1453
1134 1254
538 1073
2487 1041
2559 1381
1206 1004
746 1026
941 1171
2912 1295
2198 1320
1413 1213
2140 1483
706 1023
2355 1083
1266 1116
1075 1033
2811 1165
2913 1003
576 1427
1962 1065
2308 1424
2837 1258
1471 1163
565 1344
614 1355
525 1188
1374 1146
2900 1059
614 1384
2346 1211
560 1003
802 1147
2137 1382
1984 1278
2277 1090
2034 1001
774 1090
956 1282
1951 1100
2779 1428
2226 1466
2519 1242
2518 1327
2874 1190
674 1378
1850 1362
2713 1312
2389 1198
1095 1483
1908 1090
685 1496
1200 1078
875 1490
2223 1047
2740 1165
2785 1302
2846 1446
1271 1430
2942 1445
2788 1000
753 1379
2033 1083
912 1369
1750 1225
2220 1071
1576 1434
1108 1111
1746 1254
2992 1471
579 1050
1760 1487
2312 1296
1926 1397
860 1103
2052 1032
1600 1194
1372 1110
1895 1285
826 1202
2303 1441
1071 1120
784 1349
2540 1067
2065 1128
1746 1356
641 1372
680 1480
2424 1250
2453 1202
1190 1044
760 1496
1183 1393
2179 1236
1235 1461
1932 1413
992 1131
794 1026
2735 1248
1323 1036
1227 1011
686 1458
2831 1304
1843 1362
2786 1496
1294 1205
670 1074
1947 1115
2517 1417
2228 1160
2077 1141
1690 1472
1571 1233
796 1435
2047 1276
1636 1311
2580 1131
2841 1197
681 1000
1817 1202
1074 1191
2471 1477
1241 1397
1611 1041
2998 1327
1509 1159
2462 1204
2981 1200
2915 1406
2023 1104
2236 1340
504 1387
2392 1381
2644 1196
1195 1453
523 1304
1286 1155
2286 1177
1922 1378
2880 1207
841 1437
2790 1200
2499 1360
1959 1422
771 1350
737 1138
2362 1138
2616 1214
1824 1104
605 1272
2341 1086
1296 1218
511 1403
747 1033
2228 1491
2141 1136
879 1095
2894 1365
1044 1244
2227 1449
555 1209
794 1023
2524 1448
1945 1393
1538 1394
1726 1126
2340 1346
2713 1203
2278 1029
2240 1491
739 1073
529 1317
2705 1046
2408 1448
2747 1065
1962 1473
1695 1467
810 1041
2689 1482
1221 1201
1206 1424
677 1467
1141 1069
2181 1468
2157 1380
2147 1079
2220 1231
2312 1059
1705 1122
1786 1130
575 1306
2566 1462
794 1010
1442 1279
2654 1259
1965 1008
1346 1330
1294 1053
2330 1330
2110 1348
2073 1386
1853 1332
985 1386
2039 1431
1735 1213
2472 1375
2691 1262
539 1070
2908 1431
936 1269
2335 1285
1834 1248
2329 1221
999 1240
2785 1005
1969 1206
1469 1465
504 1412
2389 1312
958 1127
1720 1216
957 1061
2172 1188
2042 1344
977 1033
1960 1043
1993 1296
2437 1180
2520 1048
693 1263
576 1355
601 1422
2113 1289
1411 1131
1568 1094
732 1139
948 1201
1382 1389
1737 1417
2384 1282
548 1252
1590 1061
1043 1004
1447 1082
2363 1395
2042 1344
1810 1056
2106 1474
2753 1201
2835 1439
1352 1290
1595 1200
1427 1320
987 1258
1650 1205
1886 1257
2194 1475
2350 1070
995 1140
2251 1332
1364 1450
847 1445
1690 1252
1923 1034
1982 1170
1903 1132
2552 1104
2989 1374
2367 1123
1866 1005
1101 1036
1925 1193
1869 1209
1483 1034
1725 1251
1218 1361
1768 1318
2805 1345
1474 1079
1610 1267
1731 1132
2775 1012
2498 1203
2152 1219
2078 1345
931 1274
2860 1313
1747 1191
2887 1266
2147 1088
673 1402
1410 1025
607 1392
2757 1039
838 1320
2353 1323
1876 1183
2877 1453
1267 1196
999 1406
695 1117
2392 1300
1614 1269
2688 1372
2486 1060
1391 1497
2442 1344
2416 1078
740 1142
1068 1316
2247 1046
1466 1120
1950 1061
513 1077
2560 1062
1435 1138
1292 1323
1348 1488
2498 1370
2552 1254
1156 1384
2127 1039
1515 1071
1531 1226
969 1002
1583 1440
2143 1405
1203 1359
1396 1424
2462 1379
1017 1312
1710 1239
1150 1136
732 1420
993 1335
2455 1284
2926 1270
2887 1124
2751 1428
2744 1361
2362 1227
2002 1079
2411 1354
977 1310
1289 1496
2559 1206
2603 1253
2033 1227
1843 1226
1000 1276
2875 1058
694 1350
1109 1380
2349 1368
2482 1435
1656 1226
2908 1398
2248 1068
2774 1146
1383 1340
1803 1401
609 1027
1744 1414
2670 1493
2797 1038
1311 1071
1551 1108
1317 1340
1738 1194
530 1248
1251 1022
583 1363
1793 1479
1970 1339
541 1078
1539 1294
1965 1114
1633 1133
994 1293
1099 1407
1241 1086
1943 1436
2900 1318
1299 1358
2428 1172
2597 1285
1734 1307
1360 1120
1455 1397
2783 1486
1251 1424
1900 1010
579 1078
1407 1494
1230 1443
1645 1317
752 1242
1082 1444
1533 1344
1982 1232
1952 1105
2182 1074
1508 1227
2120 1251
1742 1458
1026 1363
1744 1297
2113 1181
2511 1494
1302 1088
2819 1172
2836 1341
2131 1463
1634 1016
2294 1108
1134 1413
1471 1140
988 1363
2378 1244
1374 1102
2685 1447
851 1174
2631 1407
1961 1435
947 1256
521 1427
1369 1244
2611 1122
1864 1464
861 1156
940 1146
656 1063
645 1470
1538 1173
2243 1091
2979 1280
1793 1468
1306 1492
1629 1376
2289 1046
1870 1000
1707 1161
2922 1381
1071 1335
2698 1200
946 1107
600 1287
1812 1147
2714 1067
2764 1041
2172 1092
2423 1267
893 1032
1636 1426
640 1499
912 1030
2884 1498
1376 1180
2323 1309
2659 1300
2796 1183
2216 1279
544 1209
1680 1156
542 1129
1230 1013
2889 1325
2737 1438
2985 1188
1534 1199
691 1466
1953 1289
1805 1003
2699 1201
616 1478
1714 1272
1099 1092
2810 1087
796 1275
937 1336
2239 1469
1183 1331
541 1032
2698 1095
2952 1314
2692 1335
2954 1134
720 1394
2337 1159
856 1393
2404 1230
2712 1241
2831 1431
572 1408
2826 1223
2513 1296
1332 1263
946 1189
2273 1465
1181 1090
1303 1472
1431 1002
1595 1114
1164 1496
1639 1106
2502 1160
1118 1358
1420 1293
2778 1125
1625 1290
1738 1112
1239 1393
600 1028
1969 1433
2821 1272
1759 1089
1436 1208
1620 1405
871 1040
1214 1138
2943 1239
2044 1443
1841 1111
735 1364
2486 1316
2928 1369
1010 1337
2684 1386
2864 1152
1279 1446
769 1124
1912 1134
978 1084
1092 1132
2327 1332
1076 1459
1842 1472
794 1458
2794 1210
2034 1104
1042 1001
1073 1012
2105 1306
657 1411
1907 1032
1949 1389
2816 1066
1503 1103
2774 1436
2672 1300
2302 1108
2297 1318
1595 1273
1614 1239
954 1483
2267 1152
2199 1032
2805 1289
948 1407
1066 1424
2576 1439
2062 1263
1635 1050
2632 1104
2521 1156
1879 1224
1492 1024
939 1093
1059 1306
1382 1346
528 1485
814 1464
982 1256
1560 1286
711 1358
1094 1410
2621 1295
1087 1331
2905 1398
1439 1147
1114 1019
1143 1009
2974 1070
1725 1429
2475 1017
1206 1027
2076 1147
2873 1243
992 1336
2894 1075
653 1463
1267 1363
2154 1288
1789 1431
2032 1180
874 1401
2982 1040
2582 1076
2003 1228
1008 1010
1826 1462
1704 1418
1375 1250
916 1281
1575 1361
504 1210
544 1122
2057 1083
1302 1417
1162 1390
2221 1100
745 1023
2821 1003
2705 1328
602 1105
2988 1383
1269 1400
652 1346
2847 1486
1649 1331
1073 1379
763 1201
1476 1021
2601 1490
1105 1178
635 1468
746 1175
592 1041
2320 1225
2172 1088
2494 1237
1321 1461
1107 1342
1153 1152
2806 1219
2161 1436
1693 1475
2880 1195
1214 1039
948 1332
2911 1419
1542 1337
2386 1134
1852 1128
1947 1152
2987 1418
1436 1357
2508 1145
1157 1431
1054 1264
1163 1029
1995 1414
660 1498
948 1476
1834 1049
1865 1240
1719 1101
1342 1410
2332 1417
2820 1420
1065 1468
2041 1215
952 1394
2869 1358
2875 1212
2186 1124
2994 1023
1429 1088
1271 1417
2873 1328
2053 1199
645 1349
1443 1018
953 1373
1594 1287
1629 1386
1836 1381
2562 1038
1495 1063
1844 1305
1215 1169
1332 1386
1993 1324
2028 1251
774 1106
615 1437
1064 1250
1774 1230
890 1130
922 1369
799 1487
1574 1263
1270 1068
1744 1128
1957 1363
2079 1130
758 1036
1842 1022
715 1262
1574 1137
1847 1079
2069 1345
2456 1455
1081 1261
1530 1459
2807 1264
2620 1174
514 1150
2176 1091
1095 1476
803 1061
2668 1407
1957 1194
1823 1081
2360 1081
999 1088
1693 1439
655 1425
1396 1442
933 1433
1825 1407
2207 1238
2006 1061
540 1175
2430 1090
1312 1041
2986 1406
2905 1188
1784 1032
1183 1205
1305 1189
2722 1289
1024 1097
1803 1189
2033 1126
637 1065
1746 1351
1746 1322
714 1495
2368 1215
545 1462
1730 1429
1758 1164
2938 1379
2302 1401
2830 1296
2583 1018
1841 1328
2519 1359
948 1392
1258 1272
1282 1226
869 1438
2224 1226
2461 1329
740 1049
2535 1002
2441 1353
1868 1187
2068 1176
881 1090
1498 1305
1434 1064
764 1344
527 1199
633 1105
2881 1126
2871 1239
1566 1464
2639 1424
2307 1491
2105 1098
1700 1109
1324 1091
846 1120
2074 1261
2182 1216
1856 1097
1020 1125
2034 1067
621 1485
753 1088
2735 1417
1564 1445
1457 1042
958 1416
1382 1270
1727 1145
2811 1251
2105 1273
1036 1358
2953 1099
2097 1438
1492 1428
2794 1349
763 1328
2218 1020
1092 1233
1787 1113
1384 1238
2364 1095
2821 1203
2184 1475
2712 1348
2451 1142
1419 1059
1745 1476
864 1267
2666 1253
731 1380
2487 1181
2150 1370
840 1433
1287 1299
2657 1200
2693 1013
765 1076
585 1279
1590 1089
720 1435
1828 1299
2395 1282
2836 1267
609 1224
1160 1470
872 1192
844 1465
2819 1243
1930 1172
1437 1156
2593 1475
1498 1263
1694 1453
2056 1351
572 1391
912 1268
1811 1082
2060 1489
529 1366
1843 1252
538 1106
2450 1367
1248 1325
1812 1268
2255 1498
1840 1280
1074 1404
1136 1363
1335 1470
2340 1200
1720 1309
1316 1171
1298 1452
1712 1499
2024 1134
2289 1320
2639 1247
2149 1091
2853 1130
2160 1186
2400 1413
2914 1397
2573 1275
512 1354
1294 1388
1137 1141
599 1020
690 1358
1062 1166
850 1189
2900 1278
1820 1130
1893 1457
1885 1320
1358 1174
2152 1314
2719 1300
1061 1410
1062 1305
2384 1431
2959 1259
1286 1266
1184 1166
2733 1479
523 1447
1529 1116
946 1210
2764 1305
2589 1196
1895 1444
1686 1332
692 1417
574 1336
2196 1164
1156 1226
2023 1234
2962 1065
2249 1003
1571 1275
845 1451
2909 1448
1435 1133
2261 1332
553 1044
1720 1186
778 1375
1655 1336
1000 1071
1138 1107
945 1095
1428 1083
1893 1175
2880 1437
733 1198
551 1287
1478 1000
1317 1195
1832 1004
1772 1099
2260 1173
1473 1105
2845 1466
1417 1440
1922 1102
1012 1127
1913 1390
608 1127
1098 1161
995 1083
957 1302
584 1122
567 1031
1822 1107
686 1380
548 1063
1991 1099
1535 1297
962 1134
2960 1245
2375 1275
1750 1007
2104 1047
552 1444
1456 1407
1614 1237
1403 1099
2499 1433
1060 1292
1263 1343
2797 1060
2771 1314
1160 1392
648 1488
1406 1019
588 1331
1543 1307
2137 1194
1185 1277
1264 1141
2370 1254
1064 1382
2946 1454
1422 1051
1902 1298
1647 1262
631 1278
1330 1227
836 1321
1311 1356
1811 1320
1925 1014
1197 1100
1707 1491
1213 1165
2117 1440
1441 1274
1476 1026
2828 1241
2575 1034
1628 1209
2063 1471
2109 1395
590 1143
1661 1438
1877 1257
793 1412
842 1279
676 1480
1487 1060
1251 1130
1662 1103
1252 1370
902 1382
940 1192
1247 1357
792 1495
1186 1069
2010 1381
1556 1227
1715 1368
2966 1050
2701 1113
1715 1313
1447 1224
2491 1486
1073 1467
2562 1002
2089 1296
1615 1470
1688 1281
870 1140
2201 1164
1130 1121
540 1472
2420 1033
1615 1299
1463 1012
1343 1453
2486 1321
1103 1049
2594 1089
900 1313
2696 1471
1049 1308
983 1494
1872 1463
2294 1415
2004 1232
622 1064
1225 1207
1764 1220
1096 1380
2102 1325
2487 1406
1324 1279
2968 1478
672 1264
536 1440
2621 1260
2767 1184
741 1455
2264 1386
2944 1145
1488 1324
2070 1179
823 1375
2212 1162
2196 1335
2893 1314
1145 1211
831 1433
2307 1145
2142 1193
506 1278
921 1193
1464 1485
1094 1284
1148 1395
817 1462
2010 1228
788 1371
2066 1430
1273 1044
1031 1353
1754 1358
1986 1358
2536 1120
1949 1387
2974 1021
2754 1301
2734 1111
879 1183
2585 1120
1002 1488
643 1495
547 1368
2113 1496
1612 1009
713 1094
2615 1475
1132 1094
2366 1096
933 1488
778 1335
749 1097
1694 1329
2914 1418
1872 1473
1434 1478
2982 1217
1248 1406
1688 1475
2673 1281
2629 1088
1667 1397
2984 1067
543 1233
1033 1494
1520 1235
704 1118
920 1022
1557 1194
1603 1486
1484 1352
2774 1109
2641 1109
2298 1269
1917 1460
2735 1463
871 1383
978 1443
1705 1154
694 1076
832 1035
1867 1065
868 1476
2089 1009
920 1027
892 1099
1575 1195
1147 1347
1522 1488
2029 1190
522 1214
1249 1085
1388 1244
2905 1017
932 1398
1972 1186
1502 1252
1252 1153
548 1166
1367 1376
1349 1439
1238 1347
839 1459
584 1076
1441 1371
2447 1127
983 1257
561 1141
2326 1414
2648 1073
2765 1108