3450 5000
1635 1282
890 1275
502 1450
882 1486
2770 1062
2972 1065
2737 1152
2844 1137
2296 1099
1398 1051
636 1466
689 1227
1603 1189
804 1164
2926 1193
976 1230
2733 1096
728 1413
1768 1288
2078 1272
1810 1165
1487 1009
610 1044
576 1378
1817 1128
2136 1274
1757 1334
1784 1279
680 1193
1464 1209
1220 1090
1768 1428
2369 1365
1403 1354
1508 1116
1827 1478
860 1036
2128 1358
1718 1397
2792 1191
1138 1314
2741 1203
2382 1278
2343 1156
2069 1272
1863 1418
2446 1048
973 1185
1429 1050
2987 1393
2877 1475
2723 1408
2700 1052
1065 1182
1029 1129
2622 1121
1640 1454
1207 1073
2270 1269
2407 1424
1570 1174
1647 1245
1984 1118
1570 1457
1883 1001
1221 1458
2483 1135
708 1479
1194 1121
1414 1496
2701 1219
870 1343
2996 1006
627 1137
2086 1173
1974 1492
1066 1483
2467 1197
621 1270
2166 1157
799 1037
1538 1011
1543 1325
2535 1271
996 1014
1056 1315
531 1310
570 1331
2652 1093
1474 1352
2352 1166
522 1375
2712 1299
1534 1129
751 1282
2112 1268
1022 1385
529 1226
2710 1091
1318 1416
1552 1253
1954 1052
2886 1383
2184 1252
2951 1444
2955 1163
2654 1026
873 1240
2269 1278
558 1431
2979 1342
911 1460
2818 1011
2292 1288
1475 1064
2237 1076
1759 1074
680 1295
2135 1048
1612 1052
1749 1060
1814 1409
1183 1336
1196 1371
1695 1068
1700 1040
2246 1142
522 1113
1907 1180
759 1040
1482 1379
1239 1161
667 1038
1192 1088
1069 1264
613 1499
903 1391
2171 1053
1526 1171
2836 1235
1855 1441
1648 1323
710 1020
2810 1274
2950 1023
2819 1086
2177 1244
1012 1086
2286 1282
515 1197
1827 1050
593 1336
2971 1113
858 1078
1723 1358
1017 1281
1484 1024
745 1477
647 1113
2795 1441
2725 1064
1464 1390
2540 1102
1802 1355
2291 1143
785 1208
2173 1328
1383 1442
782 1382
2839 1468
568 1153
2260 1337
1530 1016
1284 1371
2506 1467
912 1233
2642 1045
976 1207
2684 1421
2942 1467
2937 1227
2502 1020
2520 1126
2656 1006
1416 1303
2240 1374
677 1495
2695 1298
1530 1004
563 1421
2329 1383
2221 1475
1248 1011
1626 1348
1645 1384
2202 1176
747 1160
994 1415
1201 1153
2959 1483
2983 1161
2157 1418
702 1308
2276 1123
2435 1393
1598 1396
2807 1202
2915 1464
2125 1363
1545 1273
2434 1210
2144 1204
2152 1053
519 1086
2404 1304
828 1019
683 1159
2475 1275
578 1471
2354 1014
2303 1175
2991 1103
1960 1250
2292 1459
1982 1285
1819 1182
2761 1292
2769 1009
2943 1199
2498 1392
872 1237
893 1105
1949 1148
1982 1292
2904 1297
816 1440
1713 1037
1722 1326
1227 1052
1957 1209
2017 1047
1267 1217
1313 1450
1021 1322
1204 1298
965 1459
2937 1125
1775 1011
2919 1190
587 1499
2092 1101
810 1332
2101 1395
2906 1456
1150 1029
1180 1128
2971 1420
1335 1414
881 1363
1152 1371
2204 1370
2118 1227
834 1117
1919 1052
1587 1443
1514 1331
2574 1381
2243 1492
1306 1169
1260 1399
743 1377
931 1080
2646 1245
1377 1017
2362 1079
2106 1324
2774 1403
2702 1464
1236 1066
1829 1172
2557 1290
2722 1402
2735 1370
1969 1085
2602 1266
1828 1476
1300 1110
931 1489
1775 1391
687 1296
1031 1083
1282 1142
2957 1045
613 1278
2680 1493
1998 1210
770 1358
1504 1301
1902 1293
1710 1498
1825 1376
1950 1028
2264 1435
2544 1389
999 1366
1893 1442
1768 1209
2972 1330
1951 1447
2856 1093
1708 1020
2976 1372
1420 1165
1437 1453
1149 1314
633 1143
1978 1276
2899 1082
2370 1376
1752 1438
1812 1325
572 1224
2998 1020
1752 1242
696 1256
1122 1032
2849 1327
1432 1122
1689 1267
1480 1079
2324 1222
2021 1377
945 1025
1414 1303
2361 1119
2548 1018
2327 1315
2122 1232
2922 1326
2230 1090
607 1029
2891 1204
2134 1244
1917 1295
1858 1146
2321 1415
2334 1053
2122 1029
2682 1425
2098 1423
1794 1309
2170 1119
703 1314
1770 1185
2335 1055
1912 1475
2784 1339
2897 1427
931 1491
606 1499
594 1340
2576 1019
1529 1411
1347 1020
528 1315
2313 1203
964 1082
2753 1217
2172 1265
683 1452
1322 1044
2615 1375
1094 1081
1765 1287
1019 1280
1169 1416
812 1417
877 1221
2454 1006
1920 1401
2867 1117
1350 1292
1951 1105
2084 1077
2061 1094
1599 1469
1886 1142
2446 1228
1943 1496
2013 1130
1458 1200
2371 1007
2670 1064
2842 1172
2295 1070
1564 1389
1411 1049
2383 1024
1250 1364
507 1280
2550 1277
771 1241
2911 1230
1031 1282
1140 1232
1279 1328
2758 1088
2477 1310
2636 1099
2903 1307
2257 1472
2487 1168
803 1082
602 1243
841 1277
2762 1248
555 1268
638 1080
1842 1422
2378 1233
2376 1007
2248 1332
1395 1295
1602 1017
1829 1120
849 1387
1758 1098
1492 1122
1087 1256
1097 1313
2308 1407
2860 1275
962 1391
2487 1209
2916 1352
2558 1079
2702 1243
999 1137
1672 1170
1943 1045
1177 1374
2146 1140
2472 1445
541 1484
1910 1011
1848 1319
2351 1282
2634 1116
1624 1226
1428 1344
504 1201
2936 1497
2676 1225
2953 1225
1716 1015
1880 1141
2982 1249
1493 1172
2207 1190
720 1369
1182 1066
2355 1246
1247 1387
1533 1166
2265 1271
2688 1395
2217 1279
1364 1219
2389 1230
2017 1388
992 1258
1123 1129
2251 1351
1405 1256
1408 1417
1691 1065
2029 1055
2042 1091
1159 1355
1182 1296
1073 1184
1008 1235
829 1186
2115 1029
2898 1148
853 1119
880 1241
2479 1421
2036 1119
1632 1214
1572 1347
2157 1492
1461 1272
2338 1255
2675 1370
1225 1235
2873 1360
710 1402
1592 1060
2249 1482
1687 1349
1775 1345
1642 1134
2823 1393
1969 1366
2829 1330
1895 1231
2076 1102
2688 1079
2666 1104
1446 1073
1612 1010
1024 1493
1585 1471
1200 1453
2712 1344
2197 1229
2577 1216
2367 1067
1213 1301
2336 1300
2771 1281
531 1445
2900 1182
2309 1347
2212 1228
1015 1076
1924 1117
1545 1302
2687 1311
2093 1347
2478 1426
2783 1354
1633 1394
2786 1035
2445 1348
2573 1211
2525 1286
1408 1201
2313 1023
2053 1311
2663 1164
2146 1471
719 1485
1084 1119
982 1220
1114 1079
2436 1050
2915 1092
2006 1469
2604 1381
1122 1443
598 1224
2975 1487
795 1304
1479 1026
1539 1135
2597 1005
2851 1431
1139 1354
542 1057
1985 1011
2920 1405
1084 1107
2423 1473
2868 1268
2207 1067
2592 1126
886 1104
2032 1076
2667 1459
2497 1062
1990 1262
1491 1480
2829 1218
2322 1225
1659 1209
1425 1191
1063 1296
633 1258
931 1324
1624 1015
2097 1308
731 1006
844 1463
2987 1077
2507 1072
2346 1244
1401 1447
764 1366
1261 1284
2201 1319
2308 1471
1210 1111
2616 1271
2887 1496
2029 1286
1215 1083
2826 1298
2421 1291
2745 1167
2595 1250
2385 1228
781 1293
2957 1454
853 1370
2902 1286
1021 1459
910 1453
1921 1042
664 1181
1407 1035
1438 1150
608 1053
584 1055
1667 1430
989 1253
2142 1342
2973 1012
2371 1419
2319 1113
1452 1221
2080 1351
1443 1070
2213 1219
2138 1107
2003 1311
2797 1356
1585 1406
752 1205
901 1363
1451 1397
1469 1121
2318 1164
2453 1396
946 1492
1001 1048
1009 1211
2848 1291
2373 1127
2784 1156
2790 1259
2040 1282
922 1057
945 1204
2538 1144
549 1197
657 1371
1516 1484
2391 1154
1264 1182
1061 1489
537 1036
1061 1114
524 1176
1809 1168
2586 1408
1607 1259
2143 1224
2110 1251
1855 1215
632 1496
1939 1108
1263 1357
2667 1327
2086 1306
2766 1390
2941 1319
2327 1268
818 1237
592 1195
789 1174
2994 1492
1119 1199
2014 1321
2938 1139
520 1349
2293 1355
1273 1030
1474 1295
2827 1292
1610 1139
2154 1221
1443 1414
2744 1365
2888 1163
1141 1250
981 1275
1426 1098
2884 1040
1990 1231
2701 1067
1187 1390
642 1456
2922 1243
888 1168
1665 1278
2382 1236
1843 1221
1923 1283
2977 1283
1473 1154
1970 1472
1564 1304
2433 1315
2489 1214
1079 1028
2820 1375
1876 1375
1143 1162
987 1321
579 1413
1615 1348
2588 1335
1456 1052
2633 1076
1553 1208
701 1337
2017 1267
1477 1424
706 1304
2674 1291
1946 1350
776 1080
994 1028
552 1022
950 1057
2000 1273
2831 1237
1853 1298
719 1079
1781 1495
1391 1412
1495 1196
1712 1006
2012 1402
1943 1418
2806 1273
697 1142
1767 1497
2713 1352
1772 1424
1540 1253
807 1148
1470 1353
1490 1039
1798 1204
1048 1182
928 1416
2678 1133
2856 1167
1002 1466
2914 1203
1580 1402
2779 1299
1817 1082
532 1485
2696 1327
1053 1364
550 1498
1157 1350
2759 1059
1003 1296
1422 1432
942 1178
2681 1006
1520 1475
2724 1155
2145 1033
623 1290
1874 1095
1244 1427
2770 1376
817 1186
2052 1462
1097 1038
1759 1312
1149 1121
850 1409
2507 1095
2900 1020
2840 1429
616 1052
1311 1496
2598 1233
2653 1233
818 1087
1518 1303
2136 1228
2577 1364
2870 1220
1997 1295
2458 1235
882 1213
2452 1413
2855 1312
627 1010
1959 1368
2497 1161
2887 1126
1599 1232
1720 1101
2761 1025
1263 1132
2531 1412
1129 1359
1705 1436
522 1263
538 1469
1970 1401
1788 1366
519 1432
836 1466
2943 1319
2435 1211
984 1238
1698 1281
1501 1327
2427 1497
2014 1030
688 1446
2650 1004
1145 1323
2489 1262
2946 1215
533 1144
1173 1324
1269 1165
2967 1485
2855 1360
577 1090
645 1297
865 1167
1742 1168
2961 1038
961 1390
1963 1430
1582 1378
891 1417
1804 1016
2368 1485
1297 1420
2078 1295
1670 1478
2755 1197
510 1191
1982 1336
2703 1125
2418 1004
1387 1192
544 1473
1600 1336
524 1040
1160 1428
1187 1040
1736 1020
2266 1384
1085 1455
2591 1178
2149 1258
1072 1338
827 1103
2158 1123
617 1060
1952 1242
2537 1390
2116 1058
2233 1402
1770 1430
1723 1201
1077 1151
1046 1268
2691 1130
727 1435
747 1389
2377 1419
1880 1189
1715 1324
1770 1398
2086 1476
1274 1044
825 1192
923 1303
782 1132
2232 1306
1295 1292
2809 1206
1179 1189
1119 1229
1737 1436
1549 1437
2623 1344
1903 1289
1960 1183
1456 1117
2690 1301
2312 1227
2772 1006
1861 1192
2831 1209
1551 1169
2693 1462
1731 1152
1801 1258
2523 1253
807 1423
725 1394
1082 1050
693 1446
2784 1335
2805 1368
750 1017
2383 1447
2573 1050
1787 1427
622 1316
1317 1005
1833 1354
1966 1080
1621 1466
2920 1087
1572 1376
2200 1114
1595 1282
2363 1495
2118 1294
1142 1215
2990 1356
1329 1466
2053 1411
2857 1129
1969 1268
1335 1302
1399 1053
1050 1372
1640 1127
1566 1111
1423 1097
805 1071
2892 1412
1838 1277
866 1079
1420 1247
1456 1058
2510 1118
751 1355
873 1482
1877 1112
1832 1058
2766 1031
668 1070
2124 1020
2782 1349
1064 1173
1988 1212
509 1032
2932 1173
2446 1325
1717 1110
1086 1368
1119 1331
2362 1189
2304 1340
892 1089
2515 1451
803 1178
2942 1247
2152 1387
2511 1043
2682 1104
1458 1466
1433 1223
1998 1482
1775 1132
1609 1241
535 1253
639 1046
812 1368
2507 1284
1201 1379
1037 1101
2686 1065
2723 1248
1835 1122
2816 1105
2215 1182
1018 1382
1113 1394
2896 1167
1873 1384
750 1027
2396 1305
2382 1453
2945 1269
2522 1166
1738 1282
2497 1217
1497 1297
2892 1020
2885 1260
2104 1314
1073 1449
1482 1060
2160 1172
1823 1002
2580 1065
539 1484
808 1011
791 1018
1388 1265
1577 1206
2183 1080
2354 1084
1639 1332
944 1338
2770 1053
541 1138
531 1028
2841 1041
1929 1105
1815 1131
2399 1480
882 1225
737 1240
1436 1469
2079 1213
2795 1280
1868 1116
1721 1263
2653 1204
1404 1036
1542 1288
1893 1261
2514 1221
1524 1277
670 1207
1323 1464
637 1253
682 1465
2347 1126
2514 1326
1406 1165
2602 1255
1323 1327
1352 1352
1537 1172
769 1211
910 1270
849 1186
1110 1307
724 1476
2848 1364
1546 1172
2377 1354
2971 1296
2312 1240
2227 1122
2036 1166
1715 1017
2395 1099
2209 1145
817 1018
2468 1355
1119 1051
2229 1426
934 1074
2966 1447
1951 1403
1215 1108
585 1215
2730 1361
881 1315
2666 1015
2259 1310
890 1039
2403 1231
1313 1399
735 1148
1878 1246
1844 1210
573 1449
633 1385
1361 1293
706 1369
1482 1402
1126 1201
2418 1485
1887 1285
2970 1060
2294 1048
1487 1217
1459 1319
2377 1357
2330 1014
2346 1143
2780 1437
2419 1152
2509 1371
826 1444
1332 1242
2584 1454
2060 1359
856 1354
1722 1217
2533 1271
2245 1346
1736 1428
555 1372
714 1051
1244 1356
1570 1420
2646 1437
2786 1167
1569 1392
2134 1347
1080 1271
1169 1172
1421 1380
2442 1362
2976 1441
778 1363
2980 1453
1591 1395
1672 1177
1354 1430
2861 1225
1225 1096
1356 1088
2395 1401
1921 1189
1417 1150
911 1349
2659 1429
2833 1413
1598 1056
988 1113
853 1384
860 1055
2235 1132
763 1038
1924 1155
2633 1073
593 1420
1122 1168
1373 1174
573 1086
2739 1288
571 1020
1676 1419
2233 1156
1216 1310
2616 1385
1708 1133
1378 1477
1713 1216
1698 1134
958 1469
903 1365
2742 1222
693 1100
2790 1398
1260 1067
2901 1189
1580 1233
2648 1464
2035 1195
1251 1224
971 1242
2874 1393
2046 1209
949 1456
901 1309
873 1012
535 1331
572 1212
765 1027
630 1400
607 1412
2401 1431
1668 1371
2004 1362
2929 1200
2640 1024
564 1157
1755 1000
1615 1207
1222 1406
2975 1027
1325 1324
2592 1161
851 1106
907 1178
2722 1476
1188 1375
1594 1044
1634 1378
1701 1175
637 1433
1178 1106
1271 1424
2686 1487
1800 1121
2082 1457
2172 1101
683 1130
2901 1235
1105 1493
962 1308
2789 1167
983 1024
1775 1091
2830 1483
2008 1303
857 1197
2635 1362
1452 1285
2585 1366
2207 1101
2414 1256
1641 1022
2220 1297
1940 1223
758 1122
514 1420
1336 1019
2539 1156
1425 1434
1947 1491
2164 1281
2624 1106
2389 1183
1439 1379
1134 1471
2471 1136
906 1448
804 1036
785 1161
2929 1240
741 1255
2774 1223
739 1322
1389 1397
1641 1266
921 1146
679 1489
2714 1133
2066 1443
2410 1041
1974 1242
2569 1162
1990 1053
1441 1111
2567 1137
1644 1209
729 1331
2846 1369
1086 1426
2514 1085
1830 1121
1692 1312
2261 1267
1182 1196
2478 1079
1283 1300
2227 1061
1164 1158
2628 1309
2349 1332
1968 1277
1309 1370
1756 1308
1181 1442
2560 1046
1362 1200
2487 1295
2518 1088
2004 1269
2563 1377
2751 1475
579 1229
2919 1086
1992 1059
2496 1162
975 1488
1607 1276
2518 1499
1950 1334
2300 1303
1873 1166
1106 1025
1459 1005
1488 1048
1212 1183
954 1364
2021 1123
969 1048
1012 1007
2329 1124
1826 1230
779 1341
565 1426
2342 1068
1615 1196
677 1252
2714 1339
2666 1337
2475 1116
533 1132
2745 1364
734 1016
2151 1162
2319 1231
1549 1309
969 1437
996 1112
1040 1333
2711 1197
2922 1285
2320 1018
555 1173
2200 1251
2757 1071
1304 1338
2822 1479
2618 1120
1954 1385
1033 1307
1504 1485
2676 1430
1621 1128
782 1029
1318 1371
2386 1055
2378 1199
1090 1097
2973 1265
2985 1190
816 1153
902 1202
1928 1295
2875 1338
781 1478
2832 1174
2245 1062
1091 1246
1000 1023
873 1220
1803 1485
2106 1357
2801 1290
1007 1200
1031 1237
2869 1378
1053 1197
874 1097
2391 1355
2279 1408
2122 1330
2254 1142
2720 1131
1272 1294
1491 1477
2513 1364
1457 1472
2749 1460
1556 1088
707 1158
719 1115
2669 1422
2218 1155
695 1248
2384 1005
2140 1099
809 1193
1123 1176
701 1406
1838 1385
1846 1192
2634 1157
2742 1010
902 1021
2267 1299
1110 1243
1932 1099
1940 1396
877 1113
557 1089
2433 1301
1936 1061
2452 1345
2163 1181
1351 1273
2934 1180
1315 1284
2853 1159
1298 1489
1400 1290
1410 1281
535 1215
1768 1152
1067 1065
2341 1398
2547 1240
2579 1414
690 1475
2248 1218
2990 1000
1292 1057
1758 1393
2183 1341
2008 1469
1097 1435
529 1313
2883 1067
1072 1242
2813 1347
1102 1152
2407 1435
1863 1140
724 1288
1572 1366
2151 1451
2091 1275
2291 1231
1870 1412
2552 1013
578 1327
977 1058
562 1004
1686 1057
2478 1030
2988 1110
1370 1156
884 1303
2608 1119
2510 1319
803 1104
1395 1492
1283 1174
1000 1289
2469 1445
2956 1497
1199 1020
2307 1479
2815 1198
2554 1247
969 1020
1165 1252
582 1335
1838 1178
1758 1451
2036 1140
1393 1179
1093 1055
2348 1226
1809 1069
2322 1246
585 1063
1227 1250
670 1404
2377 1390
2765 1344
2130 1101
753 1349
2785 1387
2425 1379
2120 1399
1208 1385
540 1176
2342 1326
1758 1289
2242 1125
1987 1377
856 1472
1205 1377
2969 1069
2486 1182
2317 1005
1217 1079
2866 1141
1842 1205
770 1163
1394 1176
634 1120
2712 1414
1500 1147
1029 1456
2286 1434
706 1046
1054 1211
2970 1021
1248 1099
2967 1201
609 1487
1692 1171
1021 1132
1561 1337
1114 1043
1618 1346
2612 1405
2152 1267
2905 1158
2697 1315
2176 1062
2878 1286
1313 1259
2759 1116
2264 1314
535 1045
1429 1196
2202 1357
2734 1350
1080 1121
1396 1325
2148 1066
1164 1157
1417 1309
622 1434
2021 1430
693 1187
2632 1148
1627 1343
575 1077
1272 1151
1232 1065
1765 1185
1646 1412
2462 1499
1346 1356
2951 1412
2325 1319
1058 1018
2452 1133
1694 1044
786 1201
1533 1161
2554 1456
1210 1056
1686 1343
1147 1453
1076 1275
2832 1298
2188 1443
2407 1119
2861 1205
2015 1227
1362 1140
1438 1426
2255 1375
2454 1403
2503 1050
872 1039
713 1419
2972 1293
679 1071
2762 1049
2598 1303
677 1402
1324 1414
1709 1242
1914 1448
1901 1471
509 1005
504 1325
1196 1076
923 1172
2478 1232
602 1217
862 1091
2647 1099
611 1475
2552 1350
1967 1133
2494 1161
2854 1489
2369 1089
2776 1476
2728 1147
2130 1341
2345 1442
2037 1334
2190 1430
1688 1245
1273 1348
1065 1473
2819 1436
1749 1391
2505 1203
1370 1171
2516 1170
1471 1096
614 1416
2891 1024
1716 1276
2953 1440
2571 1024
1500 1402
2276 1219
776 1016
984 1153
954 1454
1235 1140
2276 1464
2504 1454
1756 1392
2978 1076
868 1345
1845 1299
1971 1037
869 1341
2178 1416
624 1109
2928 1119
2530 1288
2613 1374
2110 1483
2874 1013
1222 1215
2655 1210
2636 1494
1245 1354
2936 1433
795 1220
1433 1131
2118 1057
1398 1173
2199 1311
2526 1035
1108 1140
2685 1223
2248 1134
807 1086
1281 1379
2602 1111
2505 1044
2346 1387
809 1462
567 1407
787 1128
1129 1042
2306 1169
1496 1242
1612 1207
1152 1317
2237 1358
2173 1429
1009 1352
1861 1160
988 1489
2870 1497
515 1307
1089 1184
2664 1200
1640 1296
1076 1392
1741 1212
1061 1210
2000 1157
1177 1199
2776 1305
2330 1143
2336 1172
2126 1405
528 1488
739 1216
845 1180
990 1402
2909 1473
2485 1369
2026 1268
894 1344
2569 1020
1162 1283
940 1094
2087 1253
1092 1360
2319 1375
2022 1408
1558 1073
2901 1407
2389 1306
1289 1405
1830 1346
2621 1393
2969 1445
1468 1350
1218 1389
960 1246
2811 1438
1635 1419
2281 1101
2776 1448
1679 1393
1703 1428
1963 1402
746 1428
2377 1135
2141 1055
775 1378
2628 1015
734 1283
1302 1114
2017 1296
898 1109
2111 1077
2288 1403
1034 1243
1362 1422
1948 1029
2756 1102
981 1471
794 1206
2084 1331
1537 1488
1735 1329
1946 1099
2782 1497
2962 1352
893 1194
2732 1195
2805 1308
1806 1184
920 1347
916 1239
1243 1290
2924 1105
2884 1335
1146 1488
2889 1385
1291 1023
2882 1402
2543 1376
784 1121
1714 1159
2113 1003
1853 1253
1372 1251
2879 1349
2766 1420
1930 1451
2828 1391
1981 1077
1446 1200
2907 1394
565 1051
1713 1160
1455 1426
2666 1205
991 1364
1828 1379
2074 1192
2855 1191
1994 1265
548 1437
1090 1358
2697 1095
799 1358
2110 1109
2314 1299
2242 1137
1311 1176
2899 1481
1992 1426
1214 1301
553 1361
2861 1095
568 1452
859 1351
1885 1021
2388 1036
564 1011
2251 1289
1358 1156
2535 1089
2791 1150
2272 1138
1547 1094
1292 1333
1235 1035
2076 1314
860 1398
2648 1411
1804 1497
2718 1015
1744 1000
1497 1117
1045 1277
2308 1027
2324 1417
1688 1211
640 1146
2195 1436
2519 1486
669 1484
1151 1430
2923 1331
1705 1201
1687 1100
1463 1292
1511 1434
2358 1228
643 1036
2132 1438
905 1154
1485 1366
2106 1426
1344 1404
2134 1140
1983 1141
2760 1328
1384 1396
2685 1399
680 1313
998 1495
1045 1325
757 1267
2809 1496
912 1145
2530 1095
2506 1048
2690 1490
1908 1014
2425 1145
735 1379
1527 1344
2914 1374
812 1076
835 1072
1732 1384
2107 1280
1380 1393
2671 1459
614 1064
1650 1184
1221 1455
906 1421
2378 1099
2551 1293
1865 1297
1496 1154
1907 1461
628 1306
1637 1381
778 1267
1900 1326
528 1271
2736 1389
684 1147
2924 1249
1174 1092
2656 1232
2247 1035
2610 1192
1278 1319
1929 1001
653 1245
1874 1348
1409 1197
1677 1115
1738 1364
2250 1402
2508 1204
526 1219
1828 1193
1418 1361
1288 1277
1538 1471
2703 1126
656 1002
2749 1256
1118 1024
786 1313
1472 1266
1982 1095
2365 1381
2544 1289
656 1312
2863 1404
2942 1378
1886 1190
631 1041
1190 1196
1276 1295
2020 1091
1927 1387
783 1175
822 1425
1896 1014
2236 1034
2589 1120
1749 1473
1785 1006
1137 1093
1623 1211
911 1338
1177 1225
2443 1101
2023 1219
2359 1067
1695 1396
2837 1198
2403 1121
2567 1254
1686 1467
1539 1230
1775 1369
857 1350
1870 1335
1190 1247
2888 1212
658 1408
1065 1433
2257 1450
1354 1204
2739 1122
1404 1396
1742 1195
1040 1407
2020 1255
1242 1086
1658 1433
1741 1310
2970 1201
1976 1342
2990 1401
2650 1389
1907 1339
1227 1329
2819 1477
2742 1498
2960 1180
542 1297
2681 1118
1015 1477
1665 1262
2018 1277
1031 1409
2420 1371
2837 1020
1796 1346
1613 1263
2213 1010
1878 1482
2839 1251
1765 1345
2526 1496
1650 1365
1138 1342
1779 1214
2133 1088
1135 1475
925 1261
503 1111
2227 1321
926 1479
1903 1130
794 1219
2134 1477
887 1229
2746 1171
1708 1041
2590 1454
1847 1239
2969 1254
2478 1370
2070 1317
504 1377
1329 1061
1463 1168
996 1172
1680 1076
792 1127
1820 1031
1924 1310
2619 1403
967 1284
2997 1310
859 1100
513 1238
1436 1087
1587 1323
2991 1402
2394 1377
1278 1070
2678 1403
595 1164
1541 1497
631 1035
661 1416
1277 1495
1975 1069
506 1080
723 1269
1010 1299
2682 1231
677 1280
2184 1393
1203 1459
810 1298
1776 1426
2951 1344
1158 1183
2529 1143
2575 1090
2740 1401
2718 1088
1585 1039
657 1199
2901 1303
713 1186
2679 1222
2761 1002
1450 1480
1510 1018
1268 1399
1580 1421
2945 1284
1932 1355
2344 1359
1603 1260
1831 1470
819 1233
1331 1114
2161 1016
2340 1234
2410 1104
1810 1402
2656 1272
1518 1040
767 1357
1270 1469
2346 1259
2874 1448
1982 1126
2543 1336
1598 1152
503 1333
2729 1221
1736 1438
1551 1430
928 1215
1455 1042
1623 1246
2453 1425
1537 1212
2625 1365
959 1135
882 1430
800 1294
1389 1057
1360 1205
1208 1411
2647 1258
1260 1117
915 1372
1749 1481
1717 1319
672 1133
2145 1299
814 1287
978 1177
2306 1139
590 1474
1264 1154
996 1463
1565 1481
1738 1429
2584 1163
1755 1369
2520 1053
843 1307
2975 1067
740 1113
1157 1334
2491 1167
541 1429
2636 1390
2302 1142
2389 1462
2031 1487
1904 1169
2078 1207
2793 1330
517 1326
1771 1079
2833 1023
1153 1227
2372 1138
2998 1437
2633 1051
2829 1483
2049 1356
1561 1003
2881 1347
2228 1384
2687 1408
2207 1359
578 1397
1502 1075
1184 1034
656 1289
996 1324
1881 1368
1491 1037
1713 1263
2765 1254
2079 1287
2657 1347
1994 1238
1636 1062
1195 1051
1729 1138
1234 1468
2104 1252
881 1463
2909 1272
2509 1127
943 1340
1344 1147
1638 1181
2674 1388
1401 1228
2818 1240
2752 1041
2916 1094
1151 1466
1244 1424
1533 1162
1287 1267
568 1215
1986 1083
1832 1313
2406 1106
1009 1481
1763 1076
727 1226
2011 1204
940 1171
689 1409
691 1483
711 1362
2703 1058
2670 1402
579 1229
851 1490
2177 1149
1391 1364
1824 1088
2874 1387
2696 1172
665 1291
2653 1300
1411 1327
1068 1055
2717 1274
2019 1336
1541 1236
1323 1221
844 1365
541 1281
716 1330
2761 1304
591 1124
1987 1373
828 1090
2804 1341
2325 1380
1422 1149
1247 1463
1856 1035
590 1261
1322 1226
1114 1444
2360 1030
1992 1116
1559 1407
2367 1361
1333 1425
1264 1294
846 1173
2958 1433
782 1136
1653 1066
2905 1155
925 1403
2922 1043
2722 1234
834 1389
1842 1358
2755 1353
1511 1320
2138 1012
2742 1375
1991 1183
1863 1288
702 1305
1162 1383
1802 1087
2247 1256
1965 1138
1826 1370
1079 1406
697 1242
1520 1443
1973 1022
1274 1210
1870 1455
592 1089
2501 1094
933 1043
1267 1077
1229 1382
1701 1123
1929 1014
1782 1130
1049 1197
714 1311
981 1379
719 1066
2463 1098
2693 1010
1227 1077
596 1073
2779 1360
1110 1129
1777 1139
2497 1254
2657 1098
715 1278
1806 1061
1611 1074
1454 1055
1920 1329
2609 1157
1244 1196
2391 1040
1022 1098
2899 1008
2464 1294
670 1224
1700 1255
1904 1317
1096 1344
1729 1341
2029 1265
1378 1048
1464 1363
2893 1228
1268 1182
2338 1053
559 1246
1583 1375
1016 1405
1912 1122
2040 1081
1958 1350
567 1216
1763 1186
1187 1467
2769 1459
1386 1067
2483 1270
1851 1243
646 1357
1923 1191
1564 1360
514 1098
589 1322
2108 1356
1926 1208
2409 1366
2267 1265
875 1056
1523 1423
1476 1140
1306 1451
1480 1001
2227 1299
961 1216
1101 1261
2023 1014
751 1071
2696 1015
1004 1296
636 1240
2911 1270
1033 1348
1819 1373
1774 1370
2487 1427
2860 1268
1115 1125
2993 1393
755 1353
2724 1171
1164 1480
1934 1039
2089 1159
2585 1380
1328 1039
754 1114
1430 1450
1340 1184
1756 1184
1975 1333
1240 1072
1598 1498
1023 1102
2919 1386
2127 1362
2748 1234
1673 1254
1209 1290
2026 1053
2681 1449
1538 1224
1207 1399
1732 1429
2491 1141
2167 1130
1102 1406
1366 1199
2798 1473
2431 1446
2281 1179
660 1094
2045 1413
1572 1043
696 1395
2574 1081
1814 1239
1912 1015
714 1046
790 1334
2582 1416
1623 1440
1830 1140
1974 1230
1404 1359
1484 1055
2076 1240
803 1162
603 1069
713 1251
2627 1071
2441 1358
1940 1050
541 1362
694 1401
1675 1191
1617 1152
2038 1260
2792 1131
1064 1403
1004 1041
1359 1379
1276 1332
1880 1428
2846 1491
1362 1345
707 1104
2717 1462
1365 1070
1646 1468
694 1089
1993 1484
1774 1486
2334 1318
2146 1282
520 1182
786 1498
1829 1201
2793 1173
988 1386
2877 1251
2577 1245
931 1164
2398 1168
2972 1090
2956 1308
810 1228
1097 1277
1607 1213
1329 1494
1501 1148
1591 1308
1727 1418
2705 1487
2774 1132
1407 1083
1267 1053
718 1133
1736 1000
1239 1235
2990 1449
544 1001
1332 1060
2210 1026
1087 1226
1946 1339
1406 1254
857 1232
2526 1284
628 1251
2329 1187
1792 1374
2697 1116
1981 1079
1363 1046
2956 1136
2128 1064
817 1308
1722 1055
1633 1062
568 1356
2379 1213
740 1143
2279 1113
1785 1016
2644 1336
2391 1311
2798 1440
1156 1059
1142 1122
1765 1052
1501 1368
1879 1465
2542 1115
2706 1380
1765 1052
1030 1309
849 1074
2518 1347
1757 1438
2114 1411
1248 1079
2613 1477
544 1121
1745 1391
682 1454
1232 1000
946 1403
1198 1129
2583 1173
1057 1176
2803 1327
1389 1369
939 1177
579 1109
1674 1020
2541 1359
2023 1011
2987 1189
1981 1101
1977 1458
1711 1308
2278 1371
1450 1394
2400 1429
1544 1278
1183 1158
2165 1283
655 1461
2672 1041
2278 1377
1004 1274
765 1489
2719 1231
2914 1336
2150 1086
803 1324
1964 1434
790 1463
1714 1014
2937 1386
2664 1020
569 1258
945 1118
1832 1307
753 1174
2878 1325
546 1461
1116 1271
1694 1120
2202 1447
2304 1135
1076 1240
2496 1052
1831 1100
1247 1235
1987 1071
704 1471
2118 1088
792 1040
2395 1083
2607 1340
2774 1402
1354 1073
2889 1155
2906 1420
1193 1173
1052 1461
1597 1012
2158 1426
2367 1473
1582 1159
1417 1087
1415 1139
1245 1198
2718 1200
2974 1284
2244 1017
2012 1337
1160 1289
1404 1048
530 1116
633 1010
1460 1373
2927 1142
2043 1432
2956 1441
639 1033
2959 1423
1666 1072
2877 1180
2123 1068
1484 1194
2488 1486
1104 1187
581 1244
1850 1242
1339 1287
1482 1465
637 1044
2679 1442
1050 1086
2047 1265
2031 1460
1946 1162
1820 1339
2267 1232
1629 1161
2083 1198
2255 1101
832 1266
1853 1032
2564 1376
1045 1389
760 1372
564 1058
1056 1090
2311 1268
2688 1381
2349 1378
2211 1012
514 1186
1457 1151
2866 1472
2462 1082
1487 1309
2224 1083
1325 1095
528 1050
1979 1327
1021 1253
1535 1434
2367 1437
1824 1349
1288 1036
1016 1393
1951 1014
1100 1168
1628 1155
2452 1494
2678 1099
2658 1231
1673 1323
1375 1371
663 1117
2813 1339
563 1428
2525 1134
2781 1409
2870 1255
2969 1365
2735 1147
1800 1445
2501 1367
1954 1470
2051 1007
1821 1037
905 1095
642 1483
1656 1488
2144 1263
1513 1483
635 1468
2515 1126
2160 1011
2521 1246
1970 1358
2712 1206
887 1109
1525 1060
2625 1080
752 1408
2143 1155
1126 1262
1615 1483
1093 1445
2091 1311
868 1450
2470 1256
1094 1100
783 1044
1516 1043
2855 1467
1864 1355
1576 1103
2934 1229
977 1198
2253 1430
1883 1457
1089 1204
864 1252
1667 1139
686 1115
575 1467
2638 1163
2780 1274
2856 1167
2243 1118
1651 1499
2133 1298
2571 1259
1024 1205
2912 1011
635 1237
745 1014
558 1018
601 1106
1254 1320
2672 1349
1398 1329
942 1324
641 1012
999 1100
1169 1216
2908 1122
1356 1015
1240 1497
544 1346
903 1369
777 1233
1318 1487
1014 1022
2812 1418
1633 1454
697 1043
1572 1479
2559 1442
2755 1378
1247 1358
673 1034
1374 1156
1414 1214
1834 1179
2786 1284
617 1262
1875 1438
1836 1024
799 1252
2465 1463
1676 1429
1747 1166
1105 1489
1851 1206
2599 1320
1767 1122
1399 1033
576 1344
1750 1016
2295 1219
2047 1336
2831 1429
2807 1171
2362 1237
2037 1275
1535 1366
2447 1067
901 1320
1982 1385
635 1262
2123 1061
1006 1084
2296 1429
2400 1238
2064 1091
2413 1040
566 1372
1101 1188
580 1480
2379 1497
2889 1022
2491 1374
1884 1394
2188 1486
770 1265
1845 1421
2934 1157
2651 1437
1399 1251
2183 1145
2273 1261
2069 1292
2873 1146
1157 1192
2501 1376
1088 1450
2648 1024
675 1461
2170 1101
916 1013
2302 1305
1713 1163
1049 1113
645 1097
1751 1361
1475 1130
1723 1072
1702 1466
2865 1214
523 1103
1721 1059
644 1266
2376 1360
1075 1392
1852 1279
1532 1417
1028 1444
1419 1136
2109 1093
1185 1468
1645 1102
1638 1444
960 1432
2105 1413
766 1273
1288 1158
2205 1393
2112 1064
2762 1055
2698 1121
853 1239
2092 1384
1759 1263
582 1094
2078 1358
609 1166
1586 1339
1598 1007
782 1379
977 1076
1590 1031
2549 1113
2056 1212
636 1008
1373 1242
1988 1051
2423 1093
567 1457
1908 1408
703 1263
1310 1338
2123 1414
2009 1004
2049 1048
1575 1394
771 1182
1279 1279
1670 1186
2132 1201
2301 1446
1644 1094
1504 1034
1445 1210
2488 1189
2508 1488
2050 1237
624 1274
1293 1292
757 1497
2557 1247
1876 1341
1966 1199
1280 1247
1643 1114
1371 1178
2711 1408
2226 1164
2204 1142
823 1043
2205 1348
2800 1376
1756 1146
1588 1120
2563 1147
1966 1334
1520 1049
1453 1276
1258 1442
1616 1212
875 1376
2907 1105
1552 1252
1310 1352
2381 1037
2661 1038
2702 1105
1721 1178
1217 1457
1529 1487
1608 1197
1905 1334
1834 1182
2425 1072
1614 1441
1619 1252
914 1258
2500 1458
1240 1329
2885 1042
1021 1075
1753 1343
1129 1029
955 1173
1434 1329
2301 1476
1252 1354
2179 1343
2109 1341
827 1129
1332 1069
1785 1434
2810 1005
1770 1278
1627 1112
2180 1330
756 1021
1163 1405
2273 1442
604 1445
2662 1208
2717 1252
845 1462
1678 1498
1851 1144
2188 1364
1972 1401
2945 1012
1508 1369
2562 1379
2978 1495
1474 1310
1857 1456
1133 1193
2702 1465
918 1230
1042 1197
539 1294
1254 1020
1454 1068
1322 1157
2681 1356
2527 1175
890 1016
565 1060
765 1082
1952 1014
2186 1135
1056 1272
1988 1244
1495 1300
2284 1250
965 1069
1450 1468
782 1332
1253 1409
1151 1160
924 1160
1836 1327
1942 1408
736 1128
2098 1140
2810 1391
720 1137
1777 1150
1126 1251
1919 1196
1924 1270
2221 1418
2757 1151
548 1213
658 1151
1593 1029
504 1054
539 1405
1550 1348
1201 1176
2433 1296
1573 1377
2079 1202
2892 1026
671 1241
1994 1230
2064 1130
1109 1077
1963 1433
1932 1423
1224 1350
2408 1463
2054 1097
2976 1190
2200 1207
2162 1061
619 1345
2534 1279
2362 1192
1718 1065
2598 1212
2556 1160
1840 1227
2066 1385
1545 1486
2033 1262
1147 1422
1613 1110
2395 1372
1488 1152
2421 1355
1253 1066
553 1467
2427 1215
2786 1295
2356 1170
728 1391
1340 1219
1818 1392
2450 1489
727 1245
1419 1224
507 1014
2577 1255
930 1088
1645 1205
2909 1109
2745 1316
1405 1103
2471 1324
2061 1245
765 1407
2072 1181
1930 1120
814 1096
1408 1412
1540 1346
2925 1062
2862 1313
1761 1334
578 1077
1737 1402
2681 1416
2478 1287
589 1093
2273 1224
1186 1283
1772 1118
806 1319
2943 1097
2497 1482
1461 1155
2334 1308
1401 1174
2768 1451
2460 1014
2072 1072
2738 1285
782 1276
2953 1270
1077 1106
2663 1133
1596 1341
2333 1050
1942 1175
926 1479
1792 1426
958 1380
1145 1229
571 1138
2279 1075
1679 1411
2284 1261
1861 1368
2858 1008
800 1453
1069 1400
606 1110
2969 1418
2724 1287
863 1163
1813 1308
2456 1327
1776 1434
2976 1239
2424 1212
1839 1280
2329 1431
2367 1421
2936 1407
2991 1391
2255 1377
2896 1393
2568 1333
1354 1429
1979 1365
2873 1283
2579 1440
1470 1454
2422 1134
2825 1329
1201 1353
2619 1044
730 1093
1432 1156
897 1085
651 1400
1943 1082
839 1459
1169 1169
2871 1472
2371 1147
870 1127
1006 1406
1938 1320
624 1408
647 1422
1550 1057
2264 1378
1822 1307
631 1323
1701 1473
1483 1008
691 1253
1103 1011
1675 1227
1479 1195
2226 1103
2562 1126
1112 1138
2037 1257
722 1360
2509 1074
676 1288
2785 1370
2978 1018
1057 1079
1980 1239
1939 1439
1647 1476
1746 1131
2945 1481
2555 1027
668 1232
2117 1470
2248 1425
2381 1067
1553 1214
871 1347
517 1340
1070 1262
1588 1362
2054 1204
2793 1057
2456 1243
1768 1149
2089 1116
1881 1412
557 1145
2534 1459
994 1401
1574 1437
1891 1295
1187 1187
2509 1187
1651 1319
2242 1077
940 1343
2941 1397
500 1268
1115 1249
2647 1430
2099 1043
820 1354
2269 1448
2653 1282
1598 1297
1730 1103
841 1251
953 1212
2520 1290
1487 1248
1414 1484
2023 1198
1076 1165
1001 1022
1514 1406
1932 1002
1806 1282
2170 1304
1166 1044
1648 1450
1525 1023
1110 1449
2056 1201
1281 1451
2615 1306
2324 1054
2086 1290
1807 1125
2262 1226
2808 1127
1009 1358
1506 1348
1205 1190
2799 1004
830 1496
520 1230
2338 1314
2502 1196
842 1429
835 1233
2720 1030
2218 1449
1103 1404
1326 1431
1143 1223
734 1099
2636 1056
1683 1013
2985 1190
541 1407
2518 1338
2123 1277
2749 1424
2758 1011
723 1016
1137 1317
2925 1217
2450 1208
1019 1416
843 1417
1267 1204
2588 1459
1170 1016
2093 1032
2415 1069
968 1251
566 1359
1615 1403
1811 1045
2857 1449
1249 1049
1166 1175
1874 1175
1084 1272
2012 1339
2285 1480
2981 1421
2210 1011
2461 1062
977 1193
2549 1296
2181 1211
2956 1338
1271 1358
1466 1138
1276 1251
620 1015
756 1168
1135 1453
1976 1395
1361 1137
2703 1432
1434 1344
1744 1213
1128 1412
2089 1045
998 1207
2381 1008
2822 1302
2126 1345
1737 1153
870 1176
805 1470
2572 1268
1423 1061
2047 1293
1202 1395
2373 1496
1050 1357
712 1043
2487 1018
1662 1262
1115 1124
2357 1078
1670 1453
2842 1158
1783 1042
1895 1285
1169 1403
811 1086
2993 1033
1130 1143
600 1254
2247 1216
1804 1045
1543 1304
1542 1499
634 1034
1804 1381
1886 1202
1187 1056
798 1259
2289 1408
2369 1466
2148 1354
751 1221
2296 1018
996 1000
2645 1285
2226 1365
2760 1173
2152 1082
1131 1499
2942 1463
1558 1119
1942 1178
1604 1209
1082 1216
2464 1318
2214 1242
2949 1372
2075 1214
576 1463
1370 1278
1320 1246
1361 1342
938 1038
1531 1051
2477 1164
1417 1413
679 1022
2056 1288
890 1106
2385 1019
1415 1263
2243 1159
2379 1295
2271 1428
1965 1026
1818 1245
1202 1106
2965 1297
1706 1145
504 1125
2039 1323
2674 1049
2610 1297
821 1398
2539 1384
2835 1142
926 1110
989 1104
2148 1408
1933 1107
1562 1147
2322 1485
2005 1013
1472 1038
2292 1062
2773 1089
1882 1234
2961 1038
1299 1468
1976 1489
1257 1285
1766 1097
954 1422
2843 1160
1581 1251
920 1499
1935 1200
2728 1108
1031 1320
2776 1007
2994 1322
687 1100
2494 1072
2442 1345
1262 1088
888 1157
1988 1078
2230 1048
2864 1379
1794 1138
928 1260
887 1484
1499 1148
2739 1402
1216 1379
502 1498
1656 1260
2632 1062
1712 1400
2925 1323
1020 1320
1749 1464
2812 1296
2333 1081
1481 1146
1490 1301
1275 1259
2799 1373
2175 1472
1869 1197
2359 1275
1470 1023
1446 1171
872 1225
1024 1003
2528 1076
2822 1105
2700 1096
2381 1100
2011 1311
2634 1246
2709 1246
784 1490
1990 1277
950 1141
2702 1423
1795 1037
1439 1148
695 1410
1136 1377
975 1274
506 1018
2947 1100
2951 1065
779 1237
1598 1496
813 1411
1033 1065
1516 1456
1743 1085
1246 1187
758 1237
1697 1114
2194 1265
2393 1273
1547 1040
918 1210
2956 1171
974 1424
991 1227
2488 1180
2160 1284
2916 1301
2371 1245
542 1076
2154 1388
2843 1388
680 1071
924 1274
2268 1385
2300 1014
976 1452
2329 1189
2998 1256
2651 1123
1135 1169
2729 1043
1772 1176
2271 1151
2756 1003
1184 1442
2126 1069
981 1045
1515 1407
1077 1026
2083 1294
2005 1225
1737 1154
1149 1350
952 1347
2159 1447
855 1082
1469 1482
2854 1316
2047 1220
1363 1288
2072 1209
2858 1045
1314 1061
2904 1066
786 1434
2102 1207
2365 1491
2550 1258
2349 1055
1600 1084
1345 1106
2391 1202
2439 1075
1641 1122
867 1277
969 1198
1963 1326
979 1417
1974 1288
1565 1175
1592 1280
1847 1008
1685 1319
2153 1459
1371 1009
550 1467
2970 1235
2101 1204
1130 1091
514 1169
1445 1233
2048 1120
1591 1094
2231 1027
2645 1039
1418 1058
2174 1213
2852 1004
2212 1436