3500 5000
767 1323
2621 1016
661 1411
1827 1048
2291 1283
606 1020
986 1027
2932 1038
2757 1096
2189 1397
1271 1082
2073 1451
2341 1102
1135 1253
1649 1464
1982 1144
2215 1114
2108 1014
1093 1269
1879 1171
1335 1261
544 1092
2439 1280
2906 1338
914 1409
1183 1354
1542 1469
1690 1221
1961 1175
1975 1133
2416 1068
1141 1443
675 1337
1096 1391
1015 1244
972 1050
863 1497
2098 1230
1376 1162
2853 1025
2506 1497
2040 1210
2307 1207
1566 1090
1692 1387
1668 1397
2772 1335
1884 1401
1410 1279
2996 1231
662 1150
2433 1331
947 1435
505 1452
2523 1269
2103 1200
924 1293
2345 1318
2134 1149
1551 1230
1733 1371
2418 1373
2732 1424
2847 1457
2292 1231
558 1267
2907 1353
1440 1010
1956 1456
1500 1473
2343 1376
2638 1173
1759 1425
1467 1432
2182 1259
2492 1127
1879 1106
2030 1422
1246 1452
1144 1172
1180 1069
1237 1421
2786 1250
2750 1025
1831 1466
2307 1394
2615 1222
1472 1356
2623 1258
1786 1454
1822 1053
1013 1092
2497 1484
1337 1488
1640 1039
1649 1137
2809 1203
1274 1448
2960 1160
2783 1209
2712 1482
2232 1210
2831 1451
1489 1008
1687 1132
2472 1289
2066 1295
1057 1166
1708 1176
1720 1316
2890 1237
1629 1332
960 1032
910 1250
1910 1480
1025 1467
2290 1293
1626 1491
2083 1278
557 1444
2121 1449
1084 1445
900 1327
1725 1162
1835 1125
2476 1489
2048 1059
2237 1499
1602 1212
2084 1397
2853 1298
2565 1393
961 1434
2376 1353
1269 1490
2777 1317
1970 1169
713 1164
760 1379
2547 1213
2918 1030
2747 1326
2424 1047
1311 1462
839 1345
2638 1395
602 1050
2888 1390
845 1124
2027 1345
2988 1306
930 1144
1701 1101
2352 1029
2032 1054
1413 1491
2436 1388
555 1115
2258 1007
1307 1491
600 1351
2505 1128
1188 1473
2535 1146
2567 1190
2430 1251
2480 1352
2464 1313
1057 1149
1618 1121
2659 1300
2752 1318
2776 1150
2449 1348
2597 1486
1052 1427
1702 1402
1988 1229
2891 1127
1280 1413
2091 1358
740 1498
2732 1391
2691 1097
2403 1002
2524 1024
1437 1414
2361 1389
2160 1460
2738 1270
2548 1423
2464 1177
2178 1132
1437 1478
1866 1122
1833 1313
2773 1493
2920 1047
2445 1025
680 1144
2374 1237
2710 1048
549 1305
2198 1300
533 1112
2644 1377
2656 1000
1023 1381
1757 1359
812 1479
2568 1425
1618 1446
1778 1158
2093 1068
679 1443
2991 1424
1906 1087
2683 1045
2900 1380
780 1450
1872 1286
1536 1198
840 1198
2721 1180
2956 1233
2780 1304
602 1042
643 1413
1668 1215
860 1281
525 1308
1569 1274
755 1435
2125 1141
833 1480
2139 1073
1705 1486
2806 1171
2495 1461
1525 1025
678 1331
1761 1108
1905 1396
1510 1136
2830 1468
1044 1206
2925 1172
667 1016
875 1339
1203 1211
1823 1385
2742 1365
1600 1392
669 1208
2014 1395
567 1191
1379 1192
2084 1087
1178 1217
1070 1455
2302 1005
2816 1442
1711 1128
540 1366
1469 1056
1860 1167
646 1497
503 1001
661 1070
1309 1088
1737 1148
2862 1056
1012 1278
2885 1336
981 1079
2742 1070
1183 1117
1539 1197
932 1188
1588 1447
2697 1022
2556 1058
567 1489
1057 1097
2757 1061
2966 1054
1179 1290
1515 1319
2955 1440
1698 1225
2840 1022
2222 1263
980 1033
1976 1003
1771 1247
1146 1368
1180 1484
1761 1130
2576 1120
2657 1417
759 1286
2410 1138
1181 1010
1457 1004
2994 1251
1704 1372
2653 1255
1157 1269
1956 1230
2396 1378
648 1328
822 1086
1781 1379
1081 1429
999 1249
735 1093
1809 1167
1373 1460
899 1284
2777 1312
2424 1071
2195 1130
2079 1051
1259 1163
1169 1154
2312 1239
2891 1296
902 1116
1918 1005
1423 1482
953 1366
2567 1166
2203 1444
1291 1244
2917 1004
2572 1139
2539 1340
2243 1283
1505 1340
2253 1001
1200 1042
1523 1125
770 1257
1354 1060
955 1048
519 1181
713 1423
2349 1346
2462 1004
1053 1165
1158 1209
2957 1317
2771 1467
1687 1344
2122 1161
1009 1363
2106 1496
2539 1287
1032 1469
2865 1232
2305 1113
1933 1143
2976 1002
1657 1144
807 1405
2870 1177
534 1445
2931 1227
580 1011
896 1430
2519 1145
1408 1496
2795 1108
506 1212
2985 1311
545 1167
2261 1097
1164 1368
2719 1259
1300 1396
1483 1037
644 1111
2789 1061
2378 1471
815 1064
579 1375
2425 1258
1174 1258
1445 1053
2320 1117
1144 1416
1471 1167
2373 1020
1553 1258
712 1266
2691 1048
2590 1063
2326 1421
2968 1067
2726 1361
1274 1127
2678 1289
1877 1381
856 1277
2406 1411
1602 1265
2768 1153
1543 1309
2062 1405
1510 1193
2873 1019
1648 1095
609 1094
1012 1382
1953 1449
1439 1323
1874 1061
2820 1194
2740 1327
2507 1392
901 1064
2829 1443
992 1088
2817 1013
2621 1154
2880 1135
1172 1443
1144 1106
2812 1028
2593 1483
1145 1470
2594 1412
2872 1178
1111 1004
2700 1362
567 1395
2218 1163
2126 1109
1999 1119
2482 1461
1108 1031
2127 1150
625 1094
1693 1278
1689 1384
1290 1298
1024 1437
1635 1053
1262 1065
1756 1203
1294 1094
1650 1341
1950 1244
743 1060
1003 1214
2644 1025
1829 1264
743 1423
2535 1130
697 1065
1087 1262
1328 1169
1259 1147
1076 1129
1840 1396
2559 1325
2101 1253
1687 1461
1736 1046
1603 1065
2675 1306
2108 1238
1136 1123
1301 1207
2922 1274
1088 1377
1575 1407
1998 1400
843 1218
504 1091
2799 1209
1566 1287
1847 1223
2804 1466
2676 1470
2368 1282
1232 1373
1858 1329
2798 1179
1697 1294
590 1087
1143 1473
2749 1214
1125 1130
1731 1057
647 1131
1605 1079
1787 1346
848 1174
1750 1130
1094 1480
931 1240
2243 1260
1239 1015
1870 1491
2887 1376
823 1043
2659 1047
2891 1484
2961 1091
1409 1072
2071 1493
961 1236
2692 1075
1203 1346
634 1233
2411 1188
2378 1301
860 1439
2561 1485
1695 1472
1324 1135
2466 1183
2089 1292
2088 1141
677 1240
2254 1235
1798 1097
1958 1079
2593 1101
1653 1272
1460 1167
1503 1122
519 1329
2394 1046
2044 1157
2576 1177
949 1419
2288 1213
1888 1334
1317 1316
1705 1159
949 1147
625 1465
1951 1098
1924 1040
1799 1447
2088 1418
2492 1404
1427 1421
2252 1110
2881 1283
621 1330
2033 1100
2871 1122
2343 1199
2815 1257
2299 1076
722 1018
897 1338
1662 1290
1091 1234
2884 1126
737 1463
2973 1348
2199 1092
2260 1475
1081 1138
2805 1441
626 1038
1076 1218
2470 1325
576 1019
1734 1448
505 1432
1007 1072
2020 1017
815 1222
2739 1347
1794 1104
1181 1082
2549 1448
2604 1264
793 1093
1370 1335
1223 1112
2010 1455
2914 1133
2898 1402
620 1426
2389 1227
1843 1161
1306 1065
1319 1049
683 1403
891 1454
1278 1222
1883 1400
1729 1342
1384 1354
2778 1128
2163 1379
891 1103
2850 1259
2615 1429
1146 1399
2660 1173
2307 1450
2585 1493
1118 1322
2736 1056
1777 1000
1391 1488
2987 1140
1959 1238
2273 1243
1559 1494
2677 1426
1380 1312
884 1239
893 1392
1331 1161
2022 1046
706 1202
1657 1430
1525 1308
1123 1452
1354 1236
1180 1290
1163 1091
2743 1193
2287 1037
2563 1378
884 1000
2825 1016
1605 1119
1352 1416
2892 1040
570 1118
1342 1214
2759 1062
2567 1475
595 1320
1283 1295
1024 1355
2264 1030
916 1206
1711 1124
2196 1113
2780 1292
1705 1334
2204 1292
1780 1483
1982 1001
1573 1051
2208 1339
1242 1106
2834 1350
1131 1431
1313 1061
1817 1420
1450 1026
1184 1385
1520 1380
1368 1018
2902 1399
2833 1027
1944 1192
2331 1404
2127 1125
1223 1456
2428 1236
1415 1399
2842 1371
2371 1407
1019 1201
2767 1066
640 1184
1207 1206
2344 1034
1920 1099
1922 1160
2248 1310
2857 1201
2215 1432
1549 1012
2205 1076
1769 1449
2840 1180
1207 1438
1842 1197
815 1057
2459 1402
2319 1463
1461 1058
1728 1283
2408 1498
1666 1096
2124 1345
2531 1455
796 1343
2592 1308
919 1107
2594 1028
2981 1076
1357 1312
2692 1079
1634 1364
2904 1443
2752 1175
2894 1319
1045 1027
2153 1300
1842 1237
1056 1297
1484 1146
2611 1344
1562 1203
819 1030
1223 1429
780 1406
688 1186
1693 1108
2493 1307
2050 1040
2904 1100
1360 1319
586 1071
1828 1321
2309 1386
608 1152
2060 1137
804 1399
2413 1080
519 1467
1178 1279
2838 1294
1984 1077
2386 1077
2003 1326
2351 1473
1717 1022
1125 1083
2898 1231
2101 1094
2485 1395
2767 1187
2916 1240
2468 1164
1844 1226
1490 1455
564 1388
1724 1270
1845 1463
2929 1258
1415 1265
1679 1034
2028 1108
2791 1283
1272 1220
2804 1303
2431 1455
2403 1189
1454 1197
671 1269
753 1066
1999 1020
2348 1484
1635 1058
974 1165
2726 1234
769 1106
996 1252
1532 1157
2642 1148
1407 1492
2311 1015
733 1466
2526 1412
2615 1133
1638 1115
2014 1079
2022 1415
1216 1472
1782 1046
1098 1413
1008 1025
2666 1309
1137 1213
946 1414
850 1370
855 1061
635 1028
2848 1247
1953 1108
2906 1486
1833 1094
2587 1375
1648 1443
2515 1312
2915 1419
1019 1216
1696 1484
604 1023
2555 1058
2553 1395
700 1398
1061 1364
2986 1484
2428 1437
1887 1289
1869 1253
1089 1287
2603 1000
2360 1495
1171 1468
2095 1086
733 1334
1151 1067
1474 1031
1031 1458
2496 1453
2622 1248
1928 1026
2169 1005
1818 1243
907 1211
1417 1449
641 1052
1361 1018
699 1170
2377 1356
2985 1180
1339 1334
2673 1118
1255 1280
1486 1391
2782 1319
1120 1354
2396 1335
1419 1395
1616 1015
2274 1097
2113 1391
2391 1479
717 1394
2875 1283
2293 1008
1315 1068
2043 1311
1687 1240
1339 1399
2320 1465
2755 1146
1402 1383
995 1378
885 1208
2833 1322
1445 1334
1380 1396
1206 1175
2677 1275
1444 1217
697 1317
1203 1374
2682 1301
2039 1325
2888 1421
2474 1489
2030 1022
1717 1081
2140 1256
837 1128
2217 1436
2467 1256
2884 1252
2572 1368
1034 1021
1250 1059
1561 1435
2415 1402
2385 1394
990 1296
1214 1275
2434 1466
1978 1035
1993 1252
509 1089
2189 1297
848 1227
2538 1298
2809 1357
2941 1154
2482 1111
2842 1095
809 1287
1279 1304
2909 1052
1092 1461
2318 1325
950 1152
2519 1484
2201 1271
2408 1488
2983 1365
1083 1434
2775 1158
1979 1103
541 1496
2826 1084
617 1123
2000 1051
1374 1121
2942 1293
2221 1335
2288 1483
2715 1004
1463 1349
1352 1341
2056 1114
2760 1438
2768 1398
1109 1260
1283 1338
2415 1250
2743 1236
1080 1100
1615 1116
1573 1231
1661 1282
2307 1243
2866 1418
687 1146
788 1325
2689 1433
1769 1018
966 1352
1202 1306
2896 1462
1304 1291
1901 1289
1392 1177
637 1020
1251 1486
2896 1373
1109 1049
2633 1061
2061 1463
2202 1410
2231 1017
1457 1298
2204 1275
1066 1487
691 1398
2731 1231
547 1036
1990 1280
1300 1020
619 1252
1949 1068
2716 1104
2540 1297
1669 1121
1092 1275
1669 1048
1804 1274
2797 1188
2525 1037
1175 1148
2689 1464
1607 1405
1818 1065
1988 1219
1060 1203
2330 1158
1684 1168
2595 1001
2315 1430
1248 1333
2377 1319
1115 1265
1818 1449
2688 1432
551 1486
2845 1309
1831 1472
1031 1060
2739 1020
1326 1458
637 1263
596 1454
1750 1085
1261 1472
2426 1329
1042 1293
1336 1209
722 1114
1408 1473
2820 1032
1120 1005
2602 1406
1922 1031
1038 1462
566 1072
2475 1144
2030 1268
585 1407
2037 1004
1222 1364
760 1013
790 1331
2336 1111
2885 1269
2090 1004
554 1177
2010 1343
658 1233
1596 1482
2900 1166
1645 1224
1420 1478
1336 1475
693 1177
2783 1367
1133 1235
1892 1438
664 1446
816 1338
540 1177
2933 1190
1857 1429
597 1013
1413 1081
1444 1484
2271 1311
1243 1430
621 1375
1870 1258
2099 1336
1996 1196
619 1366
536 1255
1555 1051
1741 1453
978 1297
2274 1287
1062 1363
1162 1204
1144 1085
1628 1039
1863 1188
1576 1213
1738 1410
1063 1308
1493 1179
2209 1281
1217 1349
720 1083
1768 1104
1180 1035
750 1282
611 1042
2905 1455
1553 1336
2158 1019
2422 1053
2900 1206
1097 1153
1035 1420
1938 1143
1756 1002
2980 1245
1502 1045
1905 1244
1484 1058
1897 1317
815 1048
1912 1188
581 1139
2219 1293
1117 1145
2703 1036
796 1270
551 1245
2640 1087
1573 1239
1429 1463
2055 1240
1441 1071
1316 1047
1291 1434
1079 1447
1539 1329
1853 1132
2806 1470
2948 1043
592 1099
2076 1182
2901 1234
1928 1242
2836 1048
1310 1027
904 1152
1107 1407
1043 1226
1646 1185
2004 1490
2095 1264
1828 1328
1968 1130
2425 1425
2625 1099
1379 1007
2321 1110
864 1294
2846 1393
1979 1169
1934 1220
1023 1311
1508 1254
2025 1078
2415 1400
2297 1229
1652 1192
1497 1479
2231 1037
2204 1042
2618 1286
1913 1335
2638 1290
1734 1063
1823 1264
972 1006
520 1076
1910 1279
994 1449
1520 1053
585 1223
1645 1220
1342 1293
2412 1182
2679 1195
926 1123
1829 1244
2346 1376
956 1270
1594 1042
1332 1096
2240 1004
2803 1465
1658 1143
689 1273
2623 1176
1338 1274
2036 1187
1312 1240
2114 1154
2569 1174
1436 1154
2945 1324
2158 1008
1305 1064
1706 1078
846 1161
2414 1236
909 1464
2384 1331
2842 1432
874 1321
2985 1135
1091 1094
1519 1336
1323 1083
1869 1333
1882 1403
2564 1184
2302 1468
1798 1185
2983 1341
1250 1247
1067 1189
2591 1391
2553 1400
2701 1055
2739 1407
1741 1194
1117 1062
1039 1418
2070 1486
2367 1127
2335 1142
1531 1056
2525 1234
2143 1129
2401 1443
2525 1470
2842 1055
1479 1125
1772 1202
741 1080
2934 1154
1449 1211
2898 1194
1838 1454
688 1319
2989 1337
2141 1034
770 1184
1660 1332
1444 1119
1130 1442
1119 1485
2458 1157
2254 1298
2567 1207
846 1434
2944 1448
559 1102
2444 1051
2245 1443
538 1397
2905 1092
549 1138
2526 1403
1366 1464
1351 1252
1102 1328
1609 1229
583 1357
2616 1059
510 1478
1671 1176
724 1218
1833 1386
1522 1136
503 1485
937 1496
2653 1324
1021 1496
2525 1377
2034 1349
2735 1024
2294 1458
546 1150
1538 1456
1126 1319
1079 1168
1901 1475
1088 1084
1258 1059
1711 1324
1353 1081
2841 1198
602 1295
2191 1160
1052 1192
703 1375
2269 1416
692 1497
2461 1390
2777 1283
1291 1152
1591 1144
1635 1218
1045 1314
897 1414
959 1015
1457 1314
1533 1186
1929 1275
2276 1485
2621 1094
2045 1309
1517 1033
1828 1247
1293 1251
1419 1073
1762 1131
723 1355
1102 1048
1155 1208
1045 1239
592 1164
2321 1467
1593 1238
1151 1393
697 1016
1683 1221
2382 1109
1045 1334
1161 1306
1418 1451
1312 1379
571 1439
1613 1314
1659 1331
1253 1115
2462 1112
1132 1345
2603 1161
2711 1098
630 1193
553 1232
2331 1071
2710 1229
1562 1125
557 1219
1159 1216
2881 1105
2722 1170
2051 1184
2243 1486
1959 1015
2369 1046
1435 1274
1240 1083
1083 1421
2837 1030
2132 1265
890 1132
1074 1178
2891 1034
2367 1160
1743 1294
1088 1285
2218 1348
2669 1132
1244 1463
1740 1079
916 1341
1714 1252
1120 1368
2599 1107
1744 1462
2672 1248
1879 1445
1656 1415
2063 1354
1590 1454
1887 1154
1457 1476
754 1486
2856 1469
1386 1170
2660 1259
1513 1320
920 1044
760 1226
1742 1036
2975 1192
665 1169
937 1205
1665 1245
1897 1302
1500 1347
2112 1393
2441 1075
1086 1423
1658 1363
717 1066
2712 1030
2775 1484
2851 1303
2432 1395
1796 1052
2578 1293
1215 1392
2342 1081
2044 1441
2628 1162
606 1029
737 1257
2275 1150
2737 1125
1438 1293
2755 1240
824 1490
922 1314
2466 1295
1656 1459
1283 1332
935 1217
2603 1204
2912 1079
1176 1166
2034 1285
1972 1248
1723 1179
2849 1493
1588 1187
2693 1479
2545 1269
2897 1342
2503 1460
2442 1064
2322 1112
2656 1232
2627 1141
1458 1095
710 1119
573 1186
2654 1323
2414 1069
2412 1093
909 1037
2363 1201
2524 1219
2717 1008
2188 1345
1770 1311
1238 1416
2644 1421
2650 1049
1105 1426
548 1038
1065 1022
1982 1356
1729 1407
2935 1005
2770 1026
570 1316
774 1169
706 1487
619 1270
2413 1129
2672 1370
1799 1282
2221 1306
1087 1319
2215 1087
890 1258
2382 1295
1987 1063
1007 1225
2232 1129
2870 1457
1769 1108
1049 1485
2873 1124
2421 1463
890 1154
2406 1288
2914 1064
672 1310
1915 1354
2041 1010
1023 1170
1972 1141
1751 1399
2906 1082
1542 1103
1979 1288
1683 1155
1563 1041
2250 1496
2971 1498
705 1197
1598 1104
2846 1336
658 1341
1669 1459
965 1292
2627 1075
2518 1214
2700 1464
1006 1313
525 1198
1749 1403
1618 1082
1846 1008
863 1234
1891 1312
2579 1487
2449 1494
2859 1175
1431 1114
699 1198
2504 1333
761 1163
611 1267
2689 1130
2009 1273
2000 1498
2608 1032
2039 1394
2356 1074
1212 1338
1811 1215
1041 1491
1768 1422
1499 1478
2589 1153
2685 1374
2120 1019
1952 1101
2119 1363
1021 1286
2218 1469
1502 1406
1562 1298
1778 1131
1538 1497
2484 1347
1749 1354
1972 1151
997 1350
1942 1262
2054 1485
2675 1051
2972 1157
876 1261
1925 1406
2031 1319
2540 1476
1183 1133
1914 1463
2501 1112
2108 1439
580 1205
1942 1327
1276 1088
2084 1287
1381 1125
2778 1479
2216 1442
2612 1099
1839 1261
2749 1012
2057 1491
1621 1373
654 1076
2734 1423
1301 1415
856 1365
1034 1303
2880 1403
744 1251
1562 1483
1784 1382
2938 1041
750 1090
1079 1206
2827 1264
2629 1161
1505 1082
1853 1195
1719 1270
2396 1198
1479 1325
1429 1009
2809 1402
868 1343
1734 1100
1475 1287
2991 1041
1017 1061
829 1343
1883 1213
1393 1380
1450 1075
1919 1038
1937 1477
1095 1315
551 1305
2874 1270
1451 1045
2268 1264
2889 1246
1461 1235
547 1295
1706 1211
1639 1044
2819 1372
1205 1468
714 1491
1402 1051
2616 1043
1048 1322
1058 1066
2294 1219
2540 1247
1275 1007
1676 1042
1195 1028
1022 1161
852 1414
1802 1192
2197 1140
1413 1267
2313 1227
737 1263
1016 1404
2558 1028
838 1126
2509 1445
798 1368
2468 1134
1292 1308
2471 1040
2209 1442
1578 1073
1190 1461
1956 1381
2058 1356
1088 1432
2040 1133
1846 1135
1478 1283
2360 1235
1452 1050
2368 1020
567 1429
2723 1228
2286 1224
1437 1192
924 1182
1239 1114
1943 1247
1973 1019
1743 1292
2818 1170
704 1412
2207 1423
2187 1352
2322 1436
2758 1478
761 1283
2985 1249
1043 1045
591 1392
1812 1374
2754 1044
2457 1143
2133 1252
1602 1032
2247 1281
1370 1086
2524 1228
1000 1378
537 1335
975 1488
2452 1197
835 1224
2616 1291
1812 1354
1712 1184
1857 1006
2532 1418
1150 1064
1165 1359
1696 1470
2236 1296
2516 1155
2434 1324
1137 1427
2289 1293
2022 1010
707 1102
1314 1044
2504 1443
2471 1455
1023 1176
2952 1051
882 1144
1203 1188
1732 1098
574 1002
2792 1029
922 1320
2578 1336
1201 1346
1251 1280
2652 1322
1826 1058
2705 1080
1414 1371
2082 1057
1255 1317
978 1218
2770 1347
1252 1482
2659 1173
1896 1344
2958 1309
1139 1234
1227 1016
1422 1394
2750 1367
803 1427
2437 1053
2062 1485
1985 1003
2225 1283
850 1358
858 1210
2282 1234
1500 1228
1774 1357
1119 1408
1882 1308
2961 1065
2728 1492
2991 1315
745 1008
2156 1306
2948 1317
1984 1058
1639 1081
910 1435
1034 1110
512 1499
2551 1188
1328 1322
1210 1072
1286 1081
2007 1148
1129 1340
2700 1215
674 1243
1366 1207
2461 1396
1341 1455
966 1222
2839 1138
1217 1316
2942 1051
1858 1457
2024 1453
611 1361
1419 1434
1713 1366
1260 1226
723 1081
687 1153
1557 1268
1981 1142
621 1422
2245 1079
1405 1092
2775 1128
2229 1014
580 1171
1495 1420
560 1105
2801 1335
746 1297
2806 1086
2345 1275
2826 1374
2493 1033
1337 1336
2529 1222
2541 1473
2795 1020
1144 1004
2607 1271
1891 1279
2419 1137
2380 1041
1481 1427
2638 1099
2959 1319
1098 1263
1856 1025
1283 1089
1422 1370
511 1345
2457 1171
1546 1058
2706 1141
1281 1192
1894 1029
2869 1478
697 1352
2883 1442
1872 1388
1370 1006
2210 1304
2365 1283
1638 1275
2488 1283
1466 1477
656 1331
1530 1389
2052 1453
1476 1346
1629 1480
927 1114
1469 1465
2250 1343
1527 1076
1102 1255
1680 1271
1133 1384
878 1278
2295 1094
1980 1141
568 1339
1567 1364
2323 1110
1698 1172
958 1373
2137 1234
1267 1380
2532 1312
1056 1211
2359 1216
2859 1307
2863 1380
1148 1489
2185 1147
1677 1193
2295 1458
2441 1352
655 1253
2873 1409
1024 1177
2929 1353
582 1220
1508 1409
2639 1401
2108 1312
2101 1003
570 1312
2914 1054
2575 1169
1476 1085
1669 1102
1554 1183
975 1331
2597 1212
675 1488
1155 1364
2715 1215
733 1336
2042 1476
720 1263
2817 1499
2069 1317
1801 1019
2315 1102
866 1082
1663 1183
1832 1306
2939 1088
2378 1072
2720 1450
768 1176
1134 1465
1658 1275
2982 1040
2085 1496
1411 1387
2391 1057
1478 1184
737 1078
2903 1130
2611 1050
910 1231
862 1454
2175 1121
1198 1095
1046 1095
1379 1150
1011 1005
1455 1199
1472 1156
2893 1128
2335 1409
1933 1459
1182 1021
919 1280
2388 1178
2400 1152
1872 1470
1105 1410
1398 1272
516 1078
947 1202
539 1119
1279 1217
2355 1359
2607 1119
1236 1201
2759 1180
2362 1430
2034 1268
1460 1138
2401 1206
831 1327
2128 1448
2561 1251
2404 1078
2137 1269
505 1170
1230 1097
911 1103
1338 1041
2330 1294
2169 1227
2618 1074
1897 1417
1329 1261
2199 1434
1473 1279
2705 1356
1201 1412
2929 1333
2855 1034
1013 1375
1808 1114
557 1410
901 1444
2456 1399
1090 1013
1793 1050
1603 1361
2475 1495
1754 1006
2964 1281
1561 1429
2342 1415
907 1021
855 1292
2020 1090
2050 1339
2138 1201
2126 1320
1041 1079
1594 1429
649 1213
613 1433
900 1444
2819 1345
2168 1468
2751 1314
2551 1258
2602 1482
928 1388
1977 1449
1238 1163
1012 1308
2874 1485
547 1214
2274 1447
1292 1478
1485 1305
853 1067
943 1288
804 1424
2400 1130
1000 1113
2371 1309
1571 1367
1066 1415
1653 1242
678 1351
1651 1063
1727 1057
2799 1363
2230 1135
994 1068
2996 1389
604 1366
1136 1020
2310 1336
2826 1154
1813 1199
1791 1277
1821 1010
590 1309
2759 1427
1872 1447
1953 1488
777 1364
2877 1443
1496 1360
2044 1004
2255 1350
1688 1021
2799 1068
1772 1121
1310 1165
1170 1304
517 1050
778 1062
1188 1123
2682 1157
677 1147
2753 1154
2406 1457
1216 1359
1530 1407
502 1316
504 1027
1186 1180
2476 1078
2227 1270
2027 1418
2578 1213
1048 1070
1756 1357
1405 1222
727 1241
736 1047
864 1267
1788 1195
2896 1353
717 1299
1963 1193
2743 1134
2949 1251
2787 1243
1127 1367
737 1100
2448 1217
1139 1154
654 1452
1970 1405
1940 1008
858 1355
2579 1210
1535 1388
2707 1398
1708 1061
1214 1258
2587 1241
2600 1081
2801 1196
2826 1438
1903 1308
2484 1445
2445 1211
1130 1458
2891 1027
2546 1426
1806 1110
1950 1248
1410 1309
1771 1298
1820 1438
1065 1208
2723 1064
1758 1009
1777 1062
642 1499
1379 1253
1648 1032
1056 1093
1313 1045
2035 1239
896 1458
1830 1215
1266 1006
563 1009
2912 1313
941 1283
505 1387
1486 1140
2437 1167
1438 1179
694 1359
1961 1125
2932 1104
2970 1499
2975 1227
2337 1034
2320 1118
1967 1094
2170 1142
971 1323
2118 1410
755 1302
1592 1436
1603 1075
1692 1067
931 1379
761 1253
2057 1343
2322 1196
2945 1452
659 1048
763 1110
662 1433
2709 1217
1588 1178
1820 1048
2037 1420
1746 1385
1753 1425
992 1383
2329 1246
759 1228
2232 1211
1412 1058
2923 1082
966 1205
2112 1377
1094 1236
2491 1418
1086 1268
2104 1457
1582 1385
1269 1044
1999 1027
1588 1001
1910 1083
1025 1032
2363 1285
2977 1181
2091 1057
2862 1050
1007 1127
691 1313
655 1288
2371 1353
809 1087
1804 1467
659 1266
2052 1207
1236 1448
1500 1018
1986 1267
626 1434
669 1065
655 1226
2129 1258
1241 1479
1844 1201
1662 1491
802 1223
1116 1077
2083 1014
1496 1192
2764 1381
2062 1158
1572 1050
2883 1261
2485 1240
688 1267
1178 1270
1686 1352
1183 1341
1732 1144
2164 1020
2622 1077
2585 1214
1460 1467
1408 1258
644 1400
2608 1458
632 1119
2243 1052
2382 1088
1166 1391
878 1312
2620 1240
552 1488
2485 1420
1211 1037
2981 1265
2306 1355
1493 1189
1474 1309
2193 1276
2882 1488
2464 1311
1014 1055
2681 1321
1926 1318
918 1499
2547 1423
2790 1227
2049 1133
2436 1395
1597 1422
2659 1342
1496 1410
1055 1247
515 1081
1354 1014
2690 1388
563 1331
2682 1328
1778 1174
1428 1489
2658 1116
1739 1026
2747 1304
587 1104
1420 1491
820 1009
1144 1136
1868 1383
1744 1161
1064 1055
2708 1089
1859 1464
1348 1101
2619 1490
1900 1432
2050 1086
1594 1170
516 1120
2875 1156
2822 1151
2448 1479
584 1359
2937 1013
2949 1401
1919 1232
1376 1072
557 1414
1363 1411
2626 1074
2031 1271
1119 1398
2210 1279
2816 1395
2693 1032
1373 1011
1319 1362
562 1290
1780 1051
2282 1354
1041 1378
972 1202
1560 1012
643 1383
2074 1108
1602 1329
1974 1159
1768 1033
2571 1398
2056 1295
2980 1374
1497 1086
1257 1291
2290 1284
2299 1486
1620 1132
1286 1240
968 1117
2327 1247
1372 1174
2598 1233
1629 1252
2066 1058
688 1480
1272 1058
2030 1062
683 1049
1752 1303
1491 1110
884 1471
2390 1248
2243 1367
2471 1325
2404 1093
2798 1150
2729 1246
1283 1386
1224 1224
1272 1158
1580 1253
1428 1022
754 1447
2605 1061
2045 1430
1589 1119
1563 1219
2330 1372
2061 1483
2610 1220
821 1399
1492 1489
1721 1297
1650 1029
656 1288
1739 1304
1664 1286
701 1221
1712 1410
2134 1337
1744 1006
1583 1170
833 1046
2308 1300
2537 1352
1862 1474
851 1048
1422 1094
1742 1201
2161 1218
2795 1412
2905 1407
2776 1432
1939 1267
1369 1067
1114 1110
2191 1093
1930 1170
2883 1065
594 1124
1855 1408
2140 1273
1082 1138
2159 1085
2125 1421
1223 1297
1728 1443
2776 1261
1312 1018
689 1109
1314 1487
2857 1444
1469 1061
825 1119
513 1406
2321 1060
2484 1211
1636 1434
506 1420
585 1209
2098 1140
1153 1382
2006 1106
1499 1241
2710 1404
1173 1219
937 1307
2741 1073
1147 1388
2428 1197
1856 1198
1152 1022
2957 1342
2689 1081
2376 1391
1292 1316
2544 1102
1242 1128
2042 1180
2121 1442
2660 1152
1812 1486
1760 1282
2629 1192
789 1479
558 1284
776 1417
1798 1321
621 1364
1228 1276
943 1333
2484 1350
2656 1191
2576 1202
808 1330
897 1478
2141 1226
1900 1461
2293 1152
2351 1371
1933 1055
1397 1375
1609 1080
1096 1404
554 1437
738 1182
880 1403
1410 1428
2083 1284
1035 1357
1480 1127
2910 1090
2316 1087
2852 1309
1142 1219
1359 1194
2505 1141
976 1405
2498 1067
2448 1347
722 1075
2106 1399
1128 1318
1437 1487
2202 1266
1278 1292
2884 1133
1734 1393
1479 1483
1567 1370
2199 1060
1690 1111
2625 1049
1337 1420
678 1024
568 1403
1273 1126
610 1299
1679 1220
1252 1124
2703 1156
1745 1406
1944 1048
1589 1290
2303 1328
2969 1353
1435 1124
2138 1189
507 1082
1228 1060
2818 1102
2795 1477
1630 1193
2160 1161
674 1456
2940 1316
1674 1281
1507 1484
529 1079
2649 1235
2727 1273
797 1067
1705 1376
1972 1352
2076 1205
960 1272
2658 1368
2341 1360
2168 1117
784 1000
2786 1352
988 1253
1145 1407
2748 1373
1124 1167
1266 1078
2270 1036
1728 1227
2242 1077
1337 1348
2784 1329
1571 1106
989 1494
2255 1203
2184 1458
2361 1085
785 1393
714 1026
2672 1111
2275 1384
2580 1485
819 1369
1590 1129
849 1306
2867 1483
2248 1486
1194 1494
2617 1205
2441 1372
1283 1197
2524 1046
2049 1228
1210 1334
1097 1257
1513 1079
1298 1146
1841 1265
2225 1090
1534 1139
2684 1173
1121 1083
1750 1252
2963 1321
1171 1417
2579 1483
2850 1428
2759 1295
2471 1226
2600 1366
2041 1116
1964 1332
1520 1364
2025 1019
2418 1445
2597 1019
2844 1396
2632 1343
1210 1321
767 1039
840 1335
2825 1322
2236 1294
1550 1425
2088 1456
1667 1244
1218 1280
2545 1198
2943 1323
1215 1262
2410 1135
879 1105
1620 1051
2552 1125
2303 1444
1997 1463
1170 1223
596 1297
532 1096
921 1007
533 1212
1966 1341
795 1439
1762 1356
1407 1029
2647 1282
2204 1221
2843 1234
2704 1286
655 1069
2158 1409
1865 1353
752 1218
1606 1343
974 1371
2462 1000
2592 1331
2477 1042
1285 1427
881 1273
1435 1109
1171 1401
2621 1477
1380 1020
1165 1356
2682 1085
617 1011
2219 1478
2295 1404
1322 1142
1398 1419
2361 1216
1257 1401
1083 1288
2282 1416
1522 1354
2561 1279
2916 1295
821 1466
2918 1237
883 1075
2053 1391
2450 1463
1036 1313
2374 1270
1838 1217
2069 1417
1862 1358
1485 1316
2875 1032
871 1498
1960 1164
2259 1053
2320 1283
1126 1412
1911 1194
1099 1140
2474 1487
2981 1090
1709 1152
2949 1053
643 1223
1821 1034
1338 1110
2354 1297
2284 1162
789 1340
890 1328
2339 1130
2629 1229
2450 1189
2417 1261
1772 1117
966 1380
1635 1313
2122 1289
1630 1452
1084 1045
2030 1370
732 1410
2653 1164
2250 1342
2038 1353
1636 1208
2094 1455
515 1379
1774 1297
2126 1032
1282 1029
1289 1073
2610 1356
1255 1098
676 1162
723 1094
2827 1352
2603 1237
2952 1479
1612 1107
1943 1364
2733 1091
656 1326
1434 1166
2630 1153
503 1332
2711 1072
1499 1016
788 1086
1166 1004
1422 1115
2794 1008
2803 1236
1308 1096
709 1302
785 1137
2727 1361
2290 1385
581 1121
2759 1036
1309 1193
2842 1164
869 1423
1021 1366
1839 1260
625 1295
974 1425
878 1404
1487 1325
508 1318
2648 1229
2903 1412
1076 1425
2240 1454
1355 1342
2524 1260
504 1255
2510 1407
1000 1469
1042 1225
2417 1015
1903 1437
1980 1149
2722 1404
1087 1150
1853 1254
1458 1106
1627 1120
2506 1269
1237 1420
1422 1011
1289 1025
2336 1397
2982 1184
926 1226
640 1302
1611 1239
1290 1065
1160 1149
1620 1243
1985 1253
2829 1072
807 1209
927 1005
1460 1467
1515 1097
2670 1345
1924 1100
2764 1008
551 1238
1543 1327
1315 1086
608 1204
2626 1043
596 1196
2840 1448
1441 1178
682 1289
2165 1041
1116 1274
607 1015
1039 1448
1829 1234
868 1211
2346 1115
2066 1070
2198 1101
2986 1462
887 1067
1779 1307
2252 1472
1957 1167
1604 1242
1952 1129
2126 1002
2151 1021
2114 1236
2113 1429
1585 1374
1943 1350
994 1042
2918 1341
1785 1382
2360 1305
1458 1084
1807 1440
1236 1471
2287 1199
1137 1157
2248 1259
1839 1008
651 1170
2898 1217
1496 1125
2701 1019
960 1007
1300 1364
1928 1285
1111 1493
2446 1245
841 1158
2142 1478
2225 1488
2640 1193
2994 1125
2581 1250
2279 1347
2301 1099
714 1479
2332 1298
1353 1408
605 1407
2597 1393
1070 1292
2242 1477
2820 1302
2782 1417
1629 1117
1641 1462
1929 1043
1461 1438
1755 1465
2792 1392
1090 1198
2900 1310
1329 1465
2319 1117
647 1267
926 1181
2547 1037
2800 1420
548 1092
1448 1272
935 1001
1474 1319
994 1002
592 1448
765 1175
2072 1351
1253 1477
2513 1355
1033 1295
2047 1303
2784 1146
1933 1374
2141 1314
1887 1425
1225 1215
2662 1110
1274 1159
1716 1067
2105 1295
1183 1143
771 1291
1065 1190
2671 1010
1598 1245
2472 1107
1370 1311
1945 1297
2290 1172
2730 1476
966 1180
2034 1287
528 1249
1399 1189
1768 1403
1018 1194
2969 1443
2582 1149
2190 1258
1395 1488
2137 1207
2807 1428
1181 1099
1648 1168
2433 1168
2016 1073
2769 1099
683 1138
1944 1494
2310 1340
2234 1472
1119 1246
1446 1357
2474 1369
2616 1437
1298 1090
2066 1009
2091 1388
2520 1408
1480 1414
2274 1127
2790 1172
640 1248
1940 1126
965 1404
670 1188
2067 1023
2301 1146
1551 1153
1369 1027
2542 1297
2525 1366
1393 1138
1262 1067
735 1380
1185 1048
1066 1471
2120 1451
2091 1422
2254 1283
986 1497
968 1112
890 1039
2992 1055
1646 1070
2098 1293
709 1287
586 1261
1436 1079
1140 1341
2397 1017
1498 1406
2574 1278
1393 1219
601 1114
2326 1445
1877 1274
2604 1012
1218 1403
1415 1225
2979 1179
1123 1023
1507 1155
2140 1174
1033 1284
749 1060
2485 1310
1428 1159
814 1371
1614 1444
1278 1061
2998 1288
2993 1224
586 1122
1591 1056
1039 1458
1872 1005
2021 1365
691 1032
2305 1393
2153 1065
2123 1189
2127 1440
1890 1305
2671 1205
1875 1207
1719 1342
1282 1266
947 1219
2343 1200
2415 1498
2331 1003
1457 1184
2255 1228
2311 1001
2699 1127
1992 1220
830 1226
2340 1135
1695 1199
623 1032
1277 1246
2748 1161
1515 1479
2843 1173
2120 1081
2529 1168
2040 1436
1879 1367
2706 1224
2835 1146
924 1049
2314 1066
1107 1235
864 1465
2539 1063
2786 1031
668 1145
1789 1154
2410 1062
2582 1058
1797 1025
599 1274
1690 1028
1527 1278
1609 1015
1373 1485
1148 1119
1350 1290
2973 1349
2963 1118
2175 1105
1256 1378
502 1472
1712 1010
1743 1362
525 1448
2207 1223
1652 1429
2157 1312
1422 1223
659 1337
2844 1330
2902 1202
1728 1054
1792 1090
2658 1277
1468 1079
622 1115
1332 1105
2063 1178
1891 1195
2155 1287
2418 1278
639 1097
1868 1459
1355 1068
1801 1002
2647 1338
1293 1207
2965 1082
2164 1266
956 1402
1201 1371
1380 1129
1802 1125
2324 1000
1433 1131
2584 1212
1991 1151
1671 1111
2856 1404
2254 1365
2072 1355
2963 1041
2252 1498
2889 1244
1931 1273
2002 1221
2419 1152
1604 1307
2340 1309
2456 1022
1934 1408
1514 1246
2792 1114
939 1011
924 1380
940 1033
2947 1394
784 1244
2503 1055
2504 1132
1202 1339
1604 1171
2046 1300
2716 1020
2739 1352
2087 1277
1991 1045
845 1144
2723 1421
2928 1277
2897 1407
2330 1454
2612 1094
2515 1486
1406 1042
1589 1174
2795 1018
1636 1155
879 1242
1571 1048
991 1010
1043 1281
2613 1130
2874 1348
744 1167
529 1357
2125 1424
1930 1154
851 1464
2180 1345
2382 1445
771 1187
1384 1060
633 1096
631 1079
1120 1329
855 1299
2094 1080
2868 1117
912 1400
1560 1216
791 1056
2511 1365
1624 1120
2930 1172
764 1199
2584 1153
1709 1115
2040 1244
1240 1189
731 1408
2509 1230
603 1354
870 1172
1259 1156
649 1037
1546 1099
779 1433
1745 1407
2324 1111
1758 1092
1939 1002
1507 1179
1872 1427
597 1140
1636 1029
712 1269
960 1288
2356 1375
1003 1044
1980 1452
958 1110
1705 1063
2424 1196
747 1137
2025 1234
1996 1364
2892 1001
2621 1222
720 1208
1649 1032
2600 1151
610 1095
2829 1109
2491 1369
2370 1010
777 1419
1031 1318
2885 1099
1996 1244
639 1294
2206 1139
1670 1400
1991 1421
2679 1475
1463 1188
2554 1105
1461 1492
1289 1311
1231 1130
884 1357
2872 1099
2166 1220
2179 1159
2425 1212
2901 1344
2687 1007
1148 1086
1083 1275
883 1207
2185 1119
1637 1312
1517 1230
2330 1163
1048 1382
658 1036
1809 1462
1019 1009
1783 1332
1891 1257
2204 1004
2043 1449
1392 1488
2915 1162
2995 1308
1525 1355
2811 1231
2048 1302
969 1463
2360 1341
824 1413
1471 1198
1968 1491
2829 1273
667 1292
2191 1276
2927 1486
744 1147
1154 1059
1912 1052
848 1439
899 1251
1175 1070
2843 1020
2186 1112
1674 1215
2664 1386
2333 1347
965 1243
1033 1396
1423 1467
1024 1171
2180 1329
1397 1114
2370 1348
2088 1411
2453 1212
730 1460
756 1319
634 1281
1993 1023
2332 1453
2083 1326
576 1118
2507 1030
2300 1478
2575 1115
537 1499
2784 1489
627 1441
2055 1276
2603 1339
547 1156
2568 1143
574 1035
1174 1013
813 1179
2079 1061
594 1257
2008 1393
735 1233
775 1428
2294 1233
859 1462
673 1174
1170 1447
802 1112
1863 1013
2994 1089
2837 1271
753 1358
2952 1425
2981 1220
2700 1169
866 1325
2017 1030
1595 1252
815 1078
1580 1332
932 1409
2219 1376
2176 1025
696 1140
2727 1276
1242 1225
940 1415
2618 1255
1601 1386
2110 1066
1959 1404
612 1239
867 1160
506 1055
1554 1218
2952 1411
752 1014
1834 1491
1248 1335
626 1011
2005 1466
2837 1407
1243 1333
1904 1277
1588 1324
2669 1151
2490 1283
2735 1221
1070 1063
1682 1357
625 1211
1763 1328
1615 1467
1146 1323
2217 1373
762 1082
1988 1137
1286 1131
2329 1379
2148 1028
1017 1334
1622 1432
2789 1086
931 1112
675 1101
1578 1248
2574 1131
678 1096
1138 1428
2186 1005
644 1251
1013 1132
2257 1440
2566 1357
2939 1252
2629 1135
1785 1253
838 1493
2601 1088
753 1210
1587 1340
2931 1194
2829 1385
773 1293
1615 1290
773 1077
2037 1298
1559 1064
751 1187
1763 1079
593 1201
669 1348
2301 1417
1482 1342
1462 1354
1488 1305
1454 1485
860 1404
1678 1282
2900 1024
744 1461
2239 1290
1169 1034
2243 1199
1964 1259
2284 1230
1170 1102
2069 1300
1966 1121
1598 1395
2981 1204
1007 1191
1503 1390
624 1108
2471 1194
1585 1323
2615 1439
1938 1391
755 1451
2544 1379
1536 1421
1295 1129
2919 1315
760 1250
638 1332
675 1271
2642 1257
627 1159
2188 1367
1978 1393
2895 1317
955 1302
1222 1015
2505 1180
1872 1251
641 1234
2285 1157
1285 1425
2937 1237
804 1003
1706 1066
1845 1116
818 1343
2817 1317
2129 1233
1588 1256
2274 1027
2461 1110
1888 1135
631 1108
2628 1100
769 1184
2747 1416
893 1325
1359 1125
1607 1092
2188 1300
2675 1013
1482 1110
1406 1395
2643 1250
2118 1005
2382 1027
661 1426
1887 1218
1814 1180
2255 1077
2396 1226
1766 1264
2564 1415
2100 1144
1964 1255
518 1204
801 1048
2715 1061
2145 1417
1354 1024
2460 1149
576 1381
1001 1051
1462 1324
753 1252
1024 1298
2601 1092
2347 1215
1438 1248
2701 1272
2795 1128
2924 1416
1889 1215
2960 1253
1540 1346
907 1384
2139 1004
1795 1265
819 1152
2272 1022
594 1232
1707 1453
2152 1149
2242 1306
1782 1039
970 1407
1260 1475
1360 1108
1065 1466
1847 1214
656 1408
1523 1196
2875 1085
1367 1481
2475 1471
917 1037
2569 1033
1007 1212
2798 1091
919 1465
1579 1288
2255 1310
1487 1464
637 1356
1519 1283
1005 1165
2067 1259
1032 1132
1568 1003
1489 1218
2347 1216
660 1367
1644 1041
1175 1048
2451 1054
1756 1054
1413 1263
874 1163
2578 1304
2497 1041
2266 1469
1106 1209
2763 1107
713 1322
962 1224
1969 1028
2821 1292
2641 1339
1378 1263
1306 1261
1933 1350
2280 1455
1788 1011
1995 1242
2951 1138
1842 1078
1039 1257
1324 1409
676 1170
503 1437
2337 1248
830 1278
621 1206
2795 1237
2882 1173
1420 1072
2760 1302
2736 1380
1912 1350
2865 1229
1476 1254
2281 1040
1358 1392
924 1071
1659 1098
2998 1443
2050 1456
519 1409
1754 1007
1291 1084
2251 1076
2245 1441
1786 1379
2252 1325
547 1365
2376 1471
2049 1056
776 1122
2335 1385
2524 1013
1728 1401
1967 1483
1685 1217
2865 1365
1904 1174
783 1223
653 1130
1287 1436
2866 1100
1453 1344
1311 1477
726 1422
1959 1447
2626 1043
2723 1422
849 1477
2246 1024
1376 1314
549 1349
1792 1179
1896 1374
612 1169
1175 1072
665 1113
2914 1403
2896 1335
2038 1083
806 1254
554 1121
1260 1493
724 1254
1270 1453
566 1086
2014 1347
2279 1137
2731 1057
2569 1016
951 1221