3950 5000
1282 1146
1320 1048
1811 1218
571 1416
781 1372
1759 1256
2694 1181
2108 1256
2497 1185
1331 1078
2937 1178
2675 1348
792 1349
1826 1393
561 1248
2357 1055
2611 1340
1778 1015
1450 1483
1963 1155
2908 1115
2656 1258
2524 1412
1156 1219
1446 1434
1981 1317
1000 1191
2585 1263
1783 1323
1764 1129
2798 1188
2345 1492
1449 1485
526 1277
502 1326
964 1407
1545 1069
1667 1012
983 1377
827 1310
1643 1062
864 1227
1334 1371
2151 1434
1429 1164
2377 1237
1897 1233
2366 1092
1901 1207
2933 1003
2492 1460
2819 1275
2502 1360
1096 1444
2886 1462
1173 1418
961 1129
1469 1141
2949 1144
2208 1320
1217 1019
2888 1056
1079 1275
2435 1288
2298 1249
871 1324
1365 1431
1349 1205
2946 1357
2810 1167
2137 1198
1578 1486
1504 1080
797 1093
2447 1079
1208 1372
1893 1495
2919 1053
1680 1326
1720 1492
1910 1183
1895 1211
1162 1220
2969 1072
1917 1305
1398 1042
1019 1185
891 1302
2935 1264
2294 1092
2216 1489
1466 1288
2006 1332
1528 1047
1892 1231
2511 1421
1285 1422
2506 1121
843 1439
851 1403
2497 1003
2354 1121
1673 1350
1624 1334
1201 1274
672 1190
2266 1052
2522 1439
677 1362
2649 1321
1434 1226
790 1044
2585 1113
1067 1055
2468 1074
2450 1080
967 1350
2229 1062
1095 1485
1774 1261
520 1342
2448 1230
1932 1249
2685 1334
2468 1486
2245 1380
2559 1194
1975 1214
1327 1424
1055 1250
1857 1338
2794 1211
1394 1208
554 1022
1962 1416
725 1284
2091 1431
536 1483
2978 1034
523 1428
723 1423
1869 1059
2966 1126
2617 1438
2345 1436
1385 1373
1093 1454
2967 1002
2855 1470
2132 1200
1107 1182
2719 1435
2064 1105
1441 1168
966 1325
1826 1273
583 1123
2770 1387
638 1209
1193 1273
2442 1266
1668 1012
2866 1192
959 1069
567 1027
1828 1103
572 1391
1329 1255
869 1456
2207 1057
2691 1258
1902 1000
1166 1131
2190 1074
1868 1354
577 1271
961 1411
1418 1470
787 1420
1053 1250
2798 1144
1842 1457
746 1337
1753 1430
2578 1414
1928 1164
1974 1427
2343 1187
1643 1140
2853 1294
1876 1163
2002 1340
2674 1332
2237 1006
828 1154
1989 1375
1389 1495
658 1132
1380 1362
1322 1472
2272 1314
2383 1056
700 1457
2378 1323
1619 1158
1905 1180
2179 1007
2780 1199
2378 1317
2302 1450
2627 1388
1459 1078
1509 1394
1278 1410
2826 1272
2187 1442
1343 1355
1440 1335
2879 1152
2801 1274
980 1398
2388 1393
1520 1479
1622 1132
1388 1015
1258 1002
2290 1292
1176 1165
995 1423
1954 1467
2785 1278
571 1092
669 1143
2482 1333
1874 1187
2645 1266
2617 1027
1228 1194
2100 1385
776 1498
1523 1169
2809 1220
1617 1030
964 1224
1010 1483
2752 1447
1879 1318
2920 1363
2741 1120
1494 1426
2580 1130
740 1126
1290 1438
2466 1090
2941 1497
984 1204
2298 1044
2330 1442
2288 1482
2033 1047
2233 1156
2750 1157
1125 1249
2168 1345
2550 1266
762 1461
2327 1052
2531 1489
1663 1051
568 1036
1440 1413
859 1286
1132 1146
1319 1097
1104 1426
1334 1037
1214 1073
2570 1300
1194 1277
2766 1278
2458 1495
707 1353
838 1153
851 1202
1715 1077
2184 1046
2013 1244
2577 1250
1956 1245
2718 1491
1603 1022
1996 1447
761 1109
910 1120
1909 1153
2688 1438
1284 1351
865 1032
1342 1041
1643 1097
1607 1030
1424 1284
655 1143
1659 1177
1375 1239
2415 1200
757 1091
1613 1484
1116 1480
858 1298
2119 1401
2984 1094
1307 1099
1762 1163
1620 1037
1924 1261
2171 1337
1826 1132
971 1479
1475 1138
1803 1315
1134 1324
666 1484
2692 1367
2184 1248
1723 1493
2972 1461
1079 1399
2702 1127
777 1264
1701 1473
932 1279
1260 1382
1398 1065
1257 1414
1959 1141
1108 1458
1049 1353
2254 1327
833 1313
1228 1453
2882 1493
786 1445
2764 1146
1150 1068
2094 1469
2263 1239
1239 1148
2454 1109
1824 1156
2369 1416
2792 1353
1817 1286
1240 1272
1842 1483
2049 1232
1526 1296
2234 1054
1132 1411
1213 1326
2569 1355
2870 1398
2433 1431
1679 1327
2960 1304
694 1257
1214 1259
1512 1211
559 1416
2878 1262
2620 1396
927 1154
2051 1381
741 1108
2659 1448
625 1208
848 1062
1517 1311
2738 1387
650 1442
775 1130
1656 1166
1321 1214
699 1365
828 1454
2067 1215
1636 1175
664 1342
1478 1428
549 1233
2769 1376
1465 1271
2003 1455
2333 1145
1077 1208
2222 1205
1448 1478
519 1068
1378 1058
2747 1230
1880 1400
2693 1223
2624 1128
2124 1037
2359 1306
2681 1140
1161 1365
2139 1353
2616 1073
1979 1139
2530 1103
1053 1299
743 1178
748 1334
667 1261
2953 1297
1604 1457
1525 1137
2802 1316
1981 1489
2676 1326
2769 1183
1231 1076
1829 1456
541 1405
593 1041
1316 1460
656 1166
2715 1060
1244 1449
1706 1150
883 1063
2624 1270
1815 1466
1757 1381
727 1467
597 1056
1421 1181
1175 1123
649 1182
2553 1305
859 1169
1550 1478
858 1471
894 1375
2754 1070
1934 1398
1053 1468
1041 1015
1269 1171
1755 1287
2574 1284
2290 1228
1063 1009
2530 1285
2025 1415
1424 1126
2002 1254
1200 1264
1015 1410
2519 1331
563 1471
1086 1078
2905 1356
1320 1242
778 1107
2684 1320
2755 1343
1639 1379
1391 1097
1038 1388
2779 1472
1238 1297
1683 1202
1276 1039
1355 1192
655 1360
2660 1300
2696 1199
925 1010
2531 1325
624 1293
681 1269
1824 1271
1910 1304
1570 1254
1889 1365
1847 1413
611 1106
2692 1032
2208 1358
2178 1031
1576 1209
1339 1155
1177 1113
1943 1308
2091 1398
700 1221
603 1098
1161 1182
1497 1118
1070 1091
1826 1101
2788 1216
2436 1350
2688 1488
2517 1456
2594 1107
2486 1436
2843 1407
766 1471
822 1493
1902 1207
1359 1308
2324 1454
1593 1188
998 1021
819 1462
2424 1469
2401 1379
1128 1158
592 1135
544 1337
2232 1343
518 1215
748 1402
2072 1034
1567 1134
2985 1127
760 1015
2875 1354
1163 1252
1270 1016
2505 1210
1924 1014
1670 1084
1570 1498
1422 1075
1525 1370
2749 1240
2951 1015
2041 1409
2309 1405
606 1200
1720 1395
990 1321
2846 1010
1490 1455
2924 1357
2249 1155
2640 1402
1959 1494
2541 1096
941 1354
1418 1471
1596 1424
2151 1145
2117 1359
849 1170
1357 1285
2978 1269
2501 1266
2700 1454
1188 1148
2016 1342
2439 1210
1180 1258
1015 1047
1873 1041
1027 1156
2832 1480
2283 1033
1720 1229
2305 1382
1454 1383
517 1264
1787 1395
958 1202
1391 1289
893 1086
1731 1024
666 1378
2351 1188
874 1388
2197 1488
2567 1393
2334 1118
1706 1102
728 1115
1402 1160
1169 1385
2802 1395
1921 1291
2226 1447
1858 1006
1495 1134
2874 1136
530 1078
1021 1366
1723 1029
974 1497
1657 1302
1645 1235
608 1307
2100 1477
2940 1195
768 1131
2243 1459
1069 1201
2257 1362
2423 1319
1865 1261
1895 1257
2857 1402
2035 1448
1981 1099
884 1315
1418 1163
2950 1065
2680 1206
2675 1200
1127 1077
2278 1034
802 1196
1555 1334
1386 1495
1113 1391
1246 1344
679 1430
1521 1107
1799 1413
1637 1235
893 1145
1603 1400
2667 1045
792 1008
1595 1137
2119 1285
683 1481
2806 1232
2389 1015
1167 1163
1463 1077
1113 1075
1270 1020
2093 1257
2835 1463
933 1354
752 1430
2993 1347
2936 1399
1069 1300
2443 1085
796 1304
2464 1024
599 1214
716 1276
1771 1133
707 1246
1470 1160
1536 1387
2949 1188
2359 1353
716 1173
2823 1471
1237 1164
695 1238
1933 1453
1915 1047
2834 1086
1243 1212
1465 1314
2034 1358
1815 1388
1779 1364
2648 1297
2981 1013
1673 1411
2196 1439
1483 1329
2386 1405
838 1182
1068 1135
573 1361
1468 1295
2327 1106
1470 1335
1322 1251
823 1054
2072 1471
1274 1208
1058 1436
2201 1283
716 1395
2753 1074
2480 1203
2617 1424
1096 1146
2043 1458
1471 1224
637 1160
1733 1454
2132 1287
1008 1380
989 1377
2181 1405
627 1344
682 1483
1059 1252
1725 1334
801 1105
1071 1035
1270 1383
1236 1125
650 1456
2177 1142
1581 1474
835 1340
2847 1333
2319 1458
2449 1458
2844 1227
2544 1462
774 1140
589 1166
1651 1090
2940 1213
2658 1309
857 1193
680 1099
2673 1444
2627 1374
2995 1061
2643 1209
1394 1114
1076 1151
1757 1441
737 1478
2208 1407
1924 1009
965 1117
1445 1054
751 1090
2830 1075
2533 1229
633 1237
689 1082
843 1135
990 1002
1610 1284
603 1020
2035 1358
1509 1297
2507 1149
766 1205
567 1047
1530 1117
1439 1331
2461 1359
1618 1310
1425 1042
716 1162
2020 1332
2141 1130
2280 1033
2209 1428
551 1028
2385 1270
2516 1087
2808 1133
1994 1237
1080 1389
2303 1233
709 1126
553 1312
1407 1303
611 1205
863 1418
1784 1177
1407 1154
1601 1428
564 1156
1607 1082
2069 1033
1651 1225
2916 1156
2324 1198
1706 1159
2245 1350
1113 1422
1252 1157
2590 1148
2408 1335
1896 1438
2552 1034
2828 1352
1382 1018
1207 1120
2733 1313
1148 1227
1913 1382
2435 1474
1146 1320
1131 1332
2415 1413
1119 1285
1135 1389
2511 1422
1314 1467
1268 1190
1829 1132
564 1222
2797 1070
624 1016
1401 1029
2563 1136
976 1151
2200 1136
2579 1443
612 1268
966 1407
2672 1302
2634 1130
1349 1066
962 1020
2721 1269
2900 1464
2539 1203
2671 1463
1690 1019
2928 1249
2152 1436
2995 1263
717 1307
749 1119
1042 1463
1352 1177
2885 1051
932 1255
965 1391
2601 1304
1189 1018
2301 1170
1347 1417
1467 1210
626 1032
2519 1287
2023 1069
777 1442
1941 1413
813 1375
1568 1381
2030 1306
1689 1397
2582 1036
2378 1492
2250 1464
2909 1450
2226 1485
1590 1263
1709 1347
954 1302
1176 1335
2157 1249
2686 1189
1178 1216
2110 1459
1659 1019
1483 1084
2702 1023
992 1388
2115 1096
1603 1425
1204 1402
832 1323
1179 1456
1726 1049
2512 1037
1150 1387
1298 1171
1232 1235
2109 1292
2664 1286
908 1192
1780 1057
1573 1197
1073 1219
668 1321
780 1150
2786 1281
1661 1329
1408 1273
2340 1292
797 1464
2583 1016
813 1447
2609 1035
1830 1331
2736 1080
508 1489
777 1289
1887 1133
2955 1356
2716 1242
2232 1354
1254 1432
595 1397
894 1470
1336 1424
2997 1105
1617 1449
2728 1117
2902 1122
2166 1066
2719 1427
2425 1314
1687 1001
2545 1331
756 1164
2267 1400
1875 1059
1870 1487
816 1345
2682 1395
1617 1263
2928 1139
1520 1348
2670 1289
1154 1319
2634 1023
1110 1192
1277 1342
775 1274
1187 1490
2305 1281
1854 1408
2893 1484
2706 1246
2117 1230
2176 1483
1196 1381
2780 1292
1549 1010
1754 1187
744 1456
2244 1094
1359 1030
1143 1349
2916 1362
2537 1261
1750 1442
950 1063
656 1289
2979 1172
2689 1263
2457 1174
1906 1113
952 1172
2827 1140
1659 1107
505 1418
1398 1167
1156 1408
1440 1105
1669 1483
2949 1057
649 1268
2488 1260
2746 1406
835 1401
1982 1036
1914 1108
1087 1155
2224 1448
2403 1303
1507 1044
2547 1159
1167 1183
1638 1019
2756 1400
2192 1482
2021 1242
1809 1105
2910 1439
1473 1076
2572 1221
2775 1409
696 1244
903 1436
864 1399
843 1291
2641 1102
2032 1384
1002 1437
1771 1120
1786 1265
1763 1452
1855 1130
1457 1205
516 1310
2335 1276
1139 1380
2464 1453
2442 1313
1487 1415
2715 1251
2134 1035
2174 1481
754 1111
1698 1275
1255 1460
1985 1358
2963 1168
2660 1138
2453 1037
696 1143
1178 1421
1638 1065
1843 1092
2741 1302
1567 1340
1982 1221
2438 1153
2985 1250
2876 1365
706 1252
1045 1083
1199 1352
1067 1415
1511 1111
2453 1254
682 1272
2031 1171
997 1267
2226 1299
2621 1010
1321 1171
1353 1202
1574 1157
1199 1416
1226 1289
889 1178
631 1066
1333 1465
1624 1328
2089 1408
2086 1190
1085 1480
2754 1257
1112 1008
1597 1182
2837 1491
691 1449
1272 1011
1570 1126
1047 1198
1262 1243
2047 1249
1237 1046
2795 1243
1601 1362
2903 1132
2791 1269
1464 1250
2866 1335
830 1384
1399 1361
1710 1423
2465 1426
2775 1003
558 1427
1189 1442
515 1430
1369 1124
805 1420
1521 1151
2642 1390
614 1185
664 1179
2671 1339
1672 1470
771 1079
871 1104
2953 1038
1041 1370
824 1151
2085 1406
1658 1188
2149 1436
1346 1330
738 1408
2285 1065
2851 1309
2027 1430
2940 1257
2893 1458
1341 1243
2435 1053
1377 1329
2433 1211
1868 1118
2122 1310
1816 1195
2381 1445
2191 1277
2397 1188
712 1341
2571 1256
2241 1037
1307 1336
2723 1055
2766 1351
2870 1001
894 1252
1084 1486
2625 1174
750 1259
530 1158
783 1298
1670 1411
1259 1471
1057 1241
2185 1335
2609 1254
2682 1149
699 1440
1045 1437
1800 1291
754 1089
542 1287
2185 1421
2369 1025
2433 1312
2919 1347
2735 1034
2465 1039
1127 1214
1524 1052
1958 1346
1353 1011
930 1001
758 1008
788 1082
2333 1264
1000 1049
1347 1156
1061 1070
1338 1254
2051 1233
2060 1325
2718 1239
1215 1199
976 1150
2498 1393
1235 1336
572 1301
1208 1057
1960 1423
1646 1457
1172 1056
2168 1097
610 1342
1007 1443
2712 1236
2638 1314
2149 1083
2089 1032
2628 1301
1022 1349
2913 1275
2914 1433
1362 1022
1509 1327
1016 1010
1536 1120
561 1393
579 1002
871 1039
1204 1274
707 1202
691 1188
1680 1030
1983 1447
2945 1141
1958 1333
1339 1322
2431 1002
1076 1153
1725 1485
2436 1436
2599 1366
2953 1485
2706 1262
2966 1475
1974 1112
2101 1086
998 1034
2001 1212
2232 1220
2369 1183
1528 1449
733 1477
2691 1019
1598 1371
1168 1060
1781 1144
681 1453
2841 1345
1725 1318
792 1218
1973 1362
2671 1399
1562 1162
2480 1327
1576 1219
2252 1123
2566 1373
1429 1220
2367 1197
2619 1141
1026 1397
2546 1374
879 1226
2674 1160
2959 1354
1597 1256
1916 1139
1167 1175
2980 1226
2919 1353
2658 1261
2981 1486
971 1180
1481 1168
2794 1171
502 1382
1833 1334
1500 1049
1167 1174
906 1461
1719 1269
1040 1447
1232 1404
2662 1252
748 1217
1521 1213
2469 1201
1284 1497
2245 1491
2798 1272
1892 1354
1028 1070
2405 1161
535 1264
1982 1185
2696 1368
1065 1365
2370 1050
1159 1417
2316 1242
882 1305
1688 1086
2550 1288
2948 1129
1604 1440
2035 1475
2989 1175
1374 1464
2422 1186
828 1153
2815 1193
2380 1023
1150 1200
782 1010
2650 1439
2109 1364
1422 1360
2156 1409
1724 1015
1267 1356
1140 1016
2611 1428
1989 1483
1291 1048
739 1251
1047 1455
1724 1383
2737 1104
2135 1115
979 1017
1839 1378
2785 1372
2369 1005
755 1264
886 1473
1408 1454
1549 1331
2756 1053
2161 1398
1172 1031
527 1162
2660 1304
2726 1051
2778 1279
2344 1114
1451 1212
692 1208
2374 1370
2606 1111
2663 1336
1598 1418
2549 1107
772 1255
1656 1417
1423 1068
2544 1387
826 1080
2092 1128
2057 1120
1304 1394
1089 1382
1963 1054
852 1252
2991 1084
1458 1358
1946 1017
2793 1221
1165 1145
1162 1097
1388 1459
2783 1250
2539 1289
2978 1412
2801 1108
2173 1397
2009 1456
703 1146
1490 1326
1150 1087
1514 1342
1031 1079
2485 1009
705 1051
1044 1151
2262 1359
2332 1218
1163 1278
2290 1474
616 1022
697 1198
2537 1048
2374 1038
936 1398
1044 1093
1815 1469
2645 1233
1005 1114
1387 1314
2221 1310
1405 1467
601 1165
2915 1062
728 1433
2328 1022
1325 1218
1939 1122
2601 1297
867 1410
992 1249
1146 1053
1874 1314
1088 1181
1624 1155
1799 1469
2415 1047
1057 1483
2639 1346
2906 1144
2460 1459
1469 1020
650 1443
2801 1456
1564 1051
862 1194
632 1492
2360 1228
2508 1199
2754 1425
1821 1212
722 1471
1395 1492
1005 1437
1255 1265
2844 1304
1614 1475
2510 1458
2094 1121
1010 1003
609 1408
2669 1449
2866 1428
2331 1310
2344 1474
970 1401
1685 1463
1780 1139
821 1470
1339 1385
1093 1174
2001 1133
717 1355
1849 1143
1090 1124
1016 1299
1540 1256
1936 1370
621 1080
1115 1342
637 1147
1986 1183
2074 1355
2741 1180
2174 1372
1897 1429
1644 1213
2162 1394
1798 1271
1284 1408
1134 1212
1659 1291
1881 1225
1800 1034
2673 1355
2166 1186
1195 1265
1018 1313
1830 1332
1340 1096
2837 1240
1616 1051
2178 1444
2458 1489
1946 1349
1332 1430
796 1038
2997 1222
1134 1008
2477 1233
671 1228
2428 1034
2958 1175
969 1273
1169 1465
1532 1055
600 1382
1410 1193
2596 1468
864 1479
1859 1295
1466 1381
2944 1173
505 1371
2214 1369
1179 1089
2278 1278
1331 1231
1266 1456
2718 1365
966 1077
2484 1287
2011 1209
1178 1241
754 1297
1435 1085
1995 1072
2814 1244
1870 1287
1850 1379
713 1080
1400 1443
2346 1276
2840 1211
2463 1369
2151 1178
1667 1075
1321 1295
1378 1266
609 1275
2188 1016
1863 1336
2139 1056
773 1316
1257 1251
2215 1298
634 1234
1653 1209
1630 1138
909 1249
843 1024
1414 1309
2579 1283
935 1449
864 1440
2001 1188
2191 1201
1358 1125
1194 1093
2631 1063
1264 1302
821 1186
1248 1039
2101 1495
1275 1237
1933 1435
544 1048
2373 1462
1359 1209
1079 1258
2472 1394
811 1455
2909 1220
552 1417
2694 1345
2225 1383
2588 1300
880 1078
967 1152
1651 1291
1811 1100
558 1369
2629 1098
2012 1316
2735 1123
1841 1397
1614 1137
1096 1011
2426 1320
2201 1259
1742 1437
2026 1487
2468 1200
1066 1397
1653 1172
810 1411
1956 1259
610 1083
625 1129
1090 1470
2890 1176
2810 1204
2414 1108
2425 1353
2644 1261
1129 1098
1096 1139
544 1463
2419 1001
1810 1391
579 1499
2835 1115
1373 1171
2742 1133
1303 1323
1238 1214
1351 1122
621 1383
1315 1028
1637 1167
1688 1073
2413 1013
2827 1319
2129 1000
997 1129
2958 1452
1056 1086
1649 1133
2491 1135
1567 1348
2407 1484
2623 1410
1182 1273
1284 1447
2981 1101
908 1488
1025 1347
2611 1389
1020 1430
2424 1313
1007 1466
2277 1276
748 1089
1132 1050
1102 1185
778 1152
910 1011
530 1212
2099 1296
1293 1093
1196 1265
1702 1148
2762 1141
2820 1266
1719 1247
1205 1160
2349 1140
2471 1435
2776 1104
1012 1039
1701 1466
2833 1469
930 1183
1559 1427
554 1492
2996 1339
2709 1221
1643 1454
2480 1163
2085 1061
2649 1358
1783 1328
1726 1385
1002 1316
2201 1283
1609 1004
2696 1256
1013 1180
924 1413
2803 1212
2536 1475
2064 1041
1107 1051
994 1036
2618 1126
2481 1289
2449 1171
1641 1184
1129 1429
1256 1168
821 1303
1094 1381
1312 1419
2562 1466
2485 1297
2362 1007
912 1277
555 1344
977 1325
2774 1220
723 1057
2701 1297
2339 1326
2908 1477
1605 1034
1596 1345
2438 1421
1935 1337
1676 1305
2830 1103
906 1026
2491 1360
2919 1111
775 1085
2197 1095
1546 1481
602 1450
2578 1069
2720 1215
2496 1433
608 1319
1157 1333
2188 1299
2169 1347
2653 1448
873 1197
835 1497
2816 1071
1806 1058
2454 1495
2821 1297
959 1180
1001 1448
663 1245
2120 1351
2396 1325
1647 1058
2395 1372
2192 1379
1419 1034
1780 1210
2765 1252
1708 1338
1018 1314
1656 1228
2294 1241
2697 1243
1482 1186
2484 1134
1737 1351
2577 1439
619 1306
1166 1048
2856 1430
581 1478
637 1266
1701 1181
1033 1128
1471 1039
687 1290
639 1351
1223 1345
2574 1448
1827 1148
2075 1192
1106 1218
604 1042
2332 1112
1901 1123
988 1227
2771 1178
2916 1015
2692 1044
2904 1148
2726 1274
2743 1010
751 1343
827 1123
2667 1203
2547 1249
951 1266
673 1090
2675 1027
807 1327
919 1289
2237 1179
1221 1342
653 1353
1593 1034
1934 1282
905 1177
690 1142
1394 1047
2929 1144
2106 1099
540 1119
2301 1315
2201 1421
1362 1171
1185 1157
1612 1048
2229 1211
2003 1118
2508 1156
820 1374
2334 1198
620 1353
817 1496
2563 1435
1236 1200
1712 1208
1579 1368
2338 1453
2556 1233
1311 1444
1932 1279
2586 1110
2137 1235
967 1416
970 1449
1930 1365
1468 1335
728 1273
1297 1226
1410 1077
568 1271
2876 1327
1545 1475
1219 1167
1997 1066
2209 1361
1711 1320
2007 1214
2523 1024
2316 1470
2100 1231
2498 1179
2057 1027
1485 1406
1486 1057
2543 1402
1641 1188
953 1005
2907 1250
1963 1140
984 1074
755 1171
2652 1445
936 1065
793 1104
652 1235
1324 1195
1057 1398
719 1194
1374 1432
651 1498
894 1489
1001 1423
2879 1317
1256 1330
2904 1194
1339 1368
1156 1409
2005 1031
1363 1349
1461 1257
1617 1299
2615 1069
1633 1222
1937 1267
1298 1483
1447 1441
653 1413
603 1205
850 1219
2000 1085
856 1375
2076 1195
2055 1123
2242 1007
2926 1218
2837 1460
1763 1026
2408 1445
1302 1225
1851 1391
2122 1196
2064 1388
2287 1247
2481 1207
1474 1078
2550 1307
1580 1039
2610 1382
2737 1449
522 1352
2224 1499
2655 1128
1284 1141
815 1344
876 1001
2210 1068
560 1244
1621 1148
2167 1167
1328 1496
2448 1227
1003 1383
2761 1413
2669 1202
2201 1324
2340 1073
1622 1112
1974 1105
590 1393
1130 1373
1559 1474
1077 1204
1519 1371
1473 1227
2754 1381
2845 1001
837 1284
2867 1094
2541 1317
2528 1497
874 1000
1415 1200
2707 1448
1966 1155
826 1437
1805 1345
587 1199
1893 1236
882 1080
1457 1137
1682 1240
2020 1476
1016 1338
1133 1282
2354 1002
893 1275
2244 1448
1006 1089
931 1165
1668 1358
2653 1176
1193 1329
719 1200
858 1345
2199 1463
2058 1429
1949 1342
2530 1044
2584 1053
1375 1033
1724 1431
1305 1267
1470 1306
1081 1495
798 1195
928 1199
692 1249
2837 1013
2308 1416
2441 1299
2400 1422
1695 1188
2876 1195
1718 1057
1721 1055
691 1117
2498 1474
2944 1050
1778 1357
1711 1315
2895 1445
797 1410
1265 1191
1249 1119
1764 1405
1177 1196
1110 1194
2421 1450
2400 1383
1686 1064
1509 1118
1553 1084
2131 1275
1978 1217
2352 1102
2262 1165
2719 1066
2607 1124
1522 1201
820 1224
2690 1050
2404 1222
754 1403
679 1059
2005 1414
1239 1174
2856 1027
1255 1180
2032 1398
1306 1212
2247 1124
2355 1470
617 1122
2882 1271
1269 1245
1435 1219
2684 1488
742 1140
2148 1429
1966 1377
992 1296
2316 1354
1323 1165
1897 1007
729 1435
1207 1352
2233 1326
1913 1389
936 1330
669 1327
1766 1329
624 1364
1189 1427
2279 1350
1464 1331
2197 1080
2193 1376
2361 1461
2351 1206
2808 1023
2494 1116
1239 1340
1238 1333
648 1411
1846 1429
849 1332
1267 1096
1038 1084
2423 1276
2750 1465
2796 1050
921 1497
2389 1432
663 1406
2516 1053
619 1157
793 1253
2010 1430
530 1362
1862 1293
2634 1133
1703 1488
2565 1284
2435 1223
2096 1224
873 1433
1132 1028
1072 1171
2713 1003
683 1404
1976 1170
667 1063
2245 1315
2366 1374
2336 1258
1518 1207
2535 1189
1542 1115
1266 1329
515 1470
1247 1453
829 1185
1252 1438
2161 1210
2341 1362
744 1107
843 1286
2389 1266
2898 1053
575 1406
1991 1469
909 1486
2158 1265
599 1427
779 1278
2142 1281
597 1062
827 1274
971 1445
2773 1044
2102 1439
917 1169
1802 1253
2437 1369
2240 1438
1950 1370
1538 1390
623 1285
1874 1377
2480 1314
2818 1299
865 1108
1765 1347
1792 1438
2201 1432
2714 1245
2010 1262
880 1098
2641 1331
1697 1099
2010 1087
2855 1135
1241 1312
2043 1069
1734 1086
2695 1411
1253 1328
1454 1390
1841 1119
1763 1430
1012 1061
1909 1306
583 1044
2973 1279
604 1089
1315 1149
2054 1043
2782 1215
1538 1189
2335 1012
639 1386
2933 1339
1332 1060
1963 1107
2431 1035
2621 1206
1762 1336
1500 1194
2939 1007
2863 1088
2118 1454
855 1103
2067 1028
2126 1002
2510 1232
1814 1120
2165 1034
880 1294
2825 1100
1051 1052
934 1091
1835 1181
1928 1140
2256 1112
922 1257
2251 1245
1702 1297
938 1122
1887 1436
1004 1249
2874 1239
2204 1402
578 1134
1414 1214
2991 1330
1036 1166
601 1328
2603 1363
756 1362
1232 1342
1831 1191
596 1189
1834 1027
1546 1235
2452 1284
999 1330
2086 1169
1878 1097
900 1233
2039 1020
2908 1062
807 1052
1210 1375
1254 1371
1637 1026
1314 1322
2392 1177
2048 1319
1590 1461
2265 1285
1520 1209
611 1483
584 1387
2212 1424
958 1214
2436 1151
2476 1350
2151 1125
1579 1236
2990 1142
831 1055
1058 1018
2893 1338
1839 1306
2177 1224
1748 1080
856 1158
2337 1453
1796 1021
2176 1028
2210 1158
2714 1075
1389 1105
1422 1059
1193 1463
2890 1250
997 1273
859 1293
884 1122
1259 1312
920 1196
1074 1478
1994 1201
551 1319
1092 1464
2571 1224
2253 1302
746 1211
1037 1268
1090 1283
2366 1226
2910 1081
1893 1266
2785 1057
1589 1234
1055 1270
808 1385
1746 1266
2721 1289
2572 1447
1579 1054
1377 1243
1271 1404
2166 1393
1648 1173
1429 1296
947 1455
525 1438
1935 1174
2322 1050
2499 1209
1958 1118
607 1102
1953 1334
1678 1474
2630 1141
2449 1159
1777 1375
1898 1128
1624 1216
2809 1497
1404 1190
1401 1382
2661 1351
1970 1364
2297 1300
1053 1258
1837 1425
2040 1097
1279 1348
1727 1040
1185 1318
1591 1118
1808 1121
1261 1114
2067 1376
2087 1495
1217 1055
1317 1374
2980 1043
1758 1197
1271 1262
786 1078
1570 1487
1663 1214
2436 1220
1692 1138
1696 1129
2754 1324
1535 1086
942 1253
1672 1187
1665 1267
1315 1323
2833 1447
2239 1239
1297 1121
1098 1229
2024 1497
745 1286
1714 1228
2211 1283
1109 1461
1077 1238
2674 1045
578 1469
1727 1456
2938 1380
765 1407
2051 1336
871 1386
2618 1274
2466 1313
1390 1081
1859 1166
2686 1407
1426 1382
2758 1481
1653 1275
824 1452
2150 1128
1838 1444
2638 1003
1297 1468
2492 1093
1090 1447
1355 1436
2565 1045
2072 1352
770 1307
2554 1343
2858 1008
2284 1247
1556 1348
1817 1273
2131 1098
1957 1374
2603 1254
1185 1161
1658 1435
824 1472
1667 1125
2167 1215
652 1472
2835 1439
2176 1347
2118 1256
1781 1081
2018 1353
892 1474
2853 1068
1913 1415
571 1345
2951 1043
1786 1082
2082 1386
619 1273
501 1268
1980 1471
1124 1189
1213 1113
2554 1094
2292 1229
975 1412
2960 1362
2920 1499
1771 1227
1360 1395
2556 1405
1072 1222
2974 1108
819 1386
1006 1050
1742 1265
2517 1470
779 1287
923 1301
924 1016
1030 1005
2507 1417
2676 1415
2628 1265
1286 1461
1590 1464
2085 1403
1866 1362
867 1026
1097 1033
783 1013
2222 1350
1929 1348
937 1141
937 1129
2627 1231
1289 1390
1350 1108
686 1190
2733 1109
2486 1457
2760 1158
2571 1446
2016 1375
2485 1379
1904 1190
1688 1041
1164 1448
1093 1079
1415 1211
1329 1313
1132 1000
2414 1043
2046 1053
1473 1252
1539 1326
1122 1352
2655 1297
2489 1007
1584 1243
2161 1431
1503 1062
2557 1258
1883 1496
2904 1198
1042 1026
2650 1260
2947 1277
1068 1083
1956 1134
954 1045
2370 1119
2576 1121
1928 1025
1195 1039
814 1000
2433 1224
2134 1333
771 1445
2446 1103
510 1436
644 1415
2950 1404
2159 1024
612 1153
2124 1154
1586 1385
650 1076
2621 1149
1267 1498
2851 1162
536 1279
2788 1308
930 1481
645 1317
1273 1142
2720 1322
2626 1136
731 1473
1936 1345
1560 1231
1088 1124
1712 1283
1548 1451
2262 1459
2816 1403
2237 1248
1880 1209
1661 1431
802 1026
2684 1010
2789 1347
1494 1033
2307 1476
2691 1291
1508 1493
1140 1234
2542 1321
1955 1223
604 1195
2301 1231
518 1434
1143 1266
677 1442
1118 1009
2994 1451
739 1480
1846 1033
2744 1355
2286 1361
1568 1296
1731 1175
1217 1495
762 1231
639 1434
2063 1287
883 1233
2763 1298
2475 1065
2491 1396
2045 1184
958 1088
2482 1361
2351 1077
1298 1002
649 1049
1815 1183
2916 1150
2101 1299
547 1438
2110 1462
2944 1462
2101 1071
2169 1356
1737 1075
1797 1242
2276 1048
1178 1252
2846 1232
1156 1430
848 1318
1095 1024
690 1119
2548 1364
1106 1193
1008 1272
869 1349
2312 1488
1261 1246
2763 1260
1159 1484
2173 1096
744 1314
2247 1428
509 1021
1200 1200
674 1379
900 1397
2820 1178
2213 1126
2934 1314
2736 1336
1967 1254
604 1183
2943 1164
2705 1265
2098 1290
1185 1325
2127 1082
2677 1205
2806 1440
1689 1393
931 1414
2004 1118
1398 1016
943 1370
1254 1259
1721 1029
2562 1284
598 1106
2133 1030
2525 1376
2955 1463
2359 1066
654 1305
1847 1072
1465 1053
2081 1349
1869 1019
1588 1035
1092 1031
2465 1311
910 1417
1807 1250
2186 1341
1769 1258
1153 1153
1024 1118
1054 1449
1586 1228
2586 1093
1909 1173
2460 1234
2392 1090
2466 1458
1802 1091
774 1032
2473 1254
1822 1353
1385 1292
1195 1215
1326 1149
841 1479
2447 1152
2647 1407
1602 1053
576 1321
2570 1430
2545 1168
687 1166
2919 1157
2094 1199
1813 1053
2891 1201
1146 1265
2851 1423
852 1346
1064 1287
2767 1495
2646 1283
2250 1118
1770 1127
2907 1113
1597 1203
1274 1159
1083 1158
1992 1044
2640 1263
651 1118
695 1401
1560 1383
2373 1400
2499 1017
2000 1376
1344 1042
2836 1144
2666 1065
2778 1189
2367 1046
1743 1275
1761 1426
1858 1301
2243 1106
561 1479
1548 1384
2587 1436
1664 1368
2385 1390
1118 1138
1533 1104
2199 1244
2283 1000
2577 1405
1711 1416
2627 1204
1029 1011
1733 1137
855 1361
1529 1131
538 1336
2025 1409
2462 1014
1422 1298
2473 1407
1725 1021
2751 1349
2839 1303
568 1067
2450 1335
2402 1349
2368 1167
885 1401
1726 1018
833 1136
1753 1463
813 1290
566 1118
873 1371
913 1153
2835 1394
1243 1310
2655 1005
781 1100
2273 1028
1287 1416
591 1291
1049 1443
2288 1337
2365 1065
1954 1121
1503 1224
2943 1139
1523 1394
1047 1476
732 1181
1376 1425
2487 1231
779 1255
990 1312
921 1171
1283 1424
2386 1304
1244 1057
2983 1096
2280 1312
2318 1223
2827 1405
2830 1365
1792 1212
744 1156
2979 1157
2925 1444
504 1351
1437 1276
1183 1321
1393 1250
2549 1444
2546 1213
816 1453
1816 1266
2801 1423
1813 1112
625 1451
2843 1048
1178 1242
1820 1239
912 1487
1554 1305
2424 1435
2725 1172
611 1288
1121 1341
2510 1460
900 1098
1046 1396
1801 1238
2479 1065
2340 1065
1062 1343
659 1230
2995 1432
895 1113
2020 1146
732 1340
874 1301
696 1117
1821 1080
2067 1348
2048 1043
786 1228
2049 1246
2719 1269
2141 1497
2103 1280
1775 1323
2317 1199
2155 1441
619 1230
2782 1359
2961 1254
1240 1188
1800 1423
2391 1020
854 1040
908 1369
2921 1003
2224 1332
551 1110
1755 1297
650 1151
606 1192
1267 1151
683 1248
1915 1349
2864 1147
2836 1214
2222 1010
2090 1251
2124 1465
645 1407
711 1251
1537 1171
2296 1176
699 1156
2036 1296
531 1147
976 1360
2250 1312
1509 1401
1188 1442
1072 1082
1518 1384
726 1053
1848 1038
1276 1493
764 1310
1677 1035
898 1073
1789 1308
1977 1321
1578 1462
763 1435
1779 1407
2374 1026
1814 1111
2127 1376
1700 1038
1597 1375
1946 1185
927 1224
1280 1315
2568 1272
1066 1229
2641 1461
2202 1007
1633 1189
880 1224
1561 1068
2074 1140
2725 1377
566 1132
2582 1499
1470 1180
909 1374
2098 1126
2136 1164
2368 1415
1618 1080
656 1139
2789 1286
2779 1169
2894 1007
1274 1444
2056 1310
1167 1247
2019 1001
2682 1337
2151 1340
1726 1097
1801 1455
2022 1485
2715 1447
1429 1397
1842 1386
2133 1114
2022 1424
1110 1208
1072 1472
1961 1197
586 1251
2580 1463
2302 1131
1126 1373
2051 1218
1415 1307
652 1086
2959 1257
1382 1450
1838 1059
2175 1100
2934 1227
2505 1271
1981 1179
774 1374
2544 1328
1549 1395
1919 1490
1305 1120
642 1466
2640 1415
1104 1032
2197 1072
2487 1104
2349 1186
1401 1280
1544 1243
1159 1172
2763 1043
2899 1350
1952 1413
1027 1075
1711 1008
2858 1430
1530 1304
822 1056
2503 1463
720 1427
2864 1185
1034 1014
2588 1417
2663 1169
1696 1367
2375 1151
1684 1171
1631 1486
860 1222
660 1358
925 1158
1871 1471
2604 1192
1062 1051
610 1206
578 1465
2804 1441
2664 1237
1835 1429
2308 1160
1075 1248
899 1430
1030 1461
779 1421
2430 1354
2047 1354
1169 1423
2591 1075
2613 1340
2060 1319
2289 1037
2273 1366
2260 1185
2982 1395
1848 1461
2364 1267
1465 1448
1461 1298
1087 1141
658 1007
2728 1026
2382 1359
1317 1205
2065 1358
2545 1383
1674 1479
1032 1121
2760 1031
2720 1255
765 1116
1678 1194
1133 1278
1656 1003
1279 1236
640 1055
1261 1478
2326 1283
1129 1402
2629 1275
2590 1483
2126 1298
2805 1076
965 1095
2854 1370
2371 1447
1012 1132
1856 1312
2792 1426
670 1097
1327 1370
1409 1394
1476 1379
1520 1284
1871 1014
2617 1445
2936 1039
1322 1336
2610 1368
584 1430
957 1239
1203 1154
1315 1113
2453 1329
1222 1117
2692 1480
1020 1381
1416 1454
2236 1446
2969 1323
670 1282
2596 1198
1931 1464
1755 1306
2338 1234
2587 1473
1483 1098
668 1043
1658 1330
2652 1267
1527 1378
1231 1183
1409 1074
2369 1146
1385 1288
861 1065
2930 1115
2425 1381
2207 1011
717 1326
2811 1198
1820 1429
901 1126
1636 1166
1582 1153
2530 1040
1322 1295
1757 1116
2366 1390
1890 1357
1162 1261
2269 1065
2195 1294
804 1394
1173 1218
1099 1185
1691 1200
2460 1360
1933 1292
2635 1090
1623 1236
1276 1227
664 1453
1369 1247
1906 1078
2277 1314
1783 1177
766 1227
1441 1209
1395 1031
1186 1315
1238 1378
2374 1252
1650 1474
2691 1256
1741 1480
2304 1185
1765 1030
1109 1259
1032 1099
1495 1044
683 1194
1505 1170
2850 1335
1129 1209
2246 1456
624 1052
2419 1417
626 1262
1312 1232
2557 1481
1093 1460
2774 1258
1717 1462
2543 1419
2386 1422
1260 1073
1688 1420
2621 1443
1300 1283
2261 1498
1347 1000
1713 1184
1178 1339
788 1152
2229 1025
2026 1439
1818 1218
1129 1482
973 1024
2570 1394
2093 1448
2661 1171
2862 1236
951 1471
2637 1285
1017 1304
2338 1451
2304 1455
806 1038
791 1360
660 1129
1782 1412
1367 1303
1831 1340
2133 1098
1966 1447
1365 1324
2042 1449
792 1022
924 1136
1658 1060
2517 1166
2751 1071
2084 1484
1222 1281
2816 1271
1254 1231
2690 1375
2745 1329
2288 1197
2918 1448
2116 1153
2583 1277
2418 1167
983 1098
2143 1377
1258 1447
2614 1250
2984 1158
896 1049
1271 1229
2569 1496
1215 1101
2849 1149
2422 1098
1329 1086
1637 1304
1281 1174
1806 1161
1162 1096
2629 1421
2361 1279
1096 1121
2304 1372
1880 1125
1406 1182
1442 1303
2233 1333
1179 1498
1987 1181
2715 1327
2655 1179
1306 1300
1500 1190
1537 1204
2485 1450
820 1289
1820 1408
1960 1141
1697 1485
2241 1361
2998 1093
707 1065
1656 1373
719 1493
1046 1230
2410 1449
730 1490
1901 1021
566 1282
601 1434
1376 1143
1220 1463
1876 1312
1903 1053
2187 1293
1989 1198
868 1481
2625 1030
1881 1023
1602 1423
962 1025
568 1203
1272 1271
2473 1478
1756 1369
2369 1074
1258 1300
2925 1120
638 1290
2735 1140
2466 1257
2259 1227
776 1267
2638 1419
2970 1281
1609 1376
2420 1359
2247 1199
2372 1464
720 1386
1080 1213
2416 1096
1461 1107
2740 1097
2237 1256
2302 1228
1441 1124
2708 1347
2333 1438
1210 1156
1680 1349
1407 1250
2931 1108
2376 1424
1458 1124
2629 1464
738 1348
764 1379
2927 1008
2118 1028
1842 1157
2004 1206
1904 1217
1114 1405
1620 1383
831 1152
2048 1076
1140 1465
1252 1414
2311 1114
2581 1104
655 1010
1470 1247
2309 1347
1310 1261
2914 1373
2406 1067
816 1228
2429 1139
1011 1212
2018 1445
1130 1186
2449 1100
2021 1080
2550 1408
1980 1192
2102 1180
2215 1457
1949 1013
1042 1227
2348 1104
1714 1346
855 1048
1305 1428
1387 1405
2663 1132
1277 1403
1892 1499
2472 1170
753 1399
785 1385
2021 1245
504 1078
1301 1138
673 1232
2754 1226
543 1143
1960 1370
2376 1262
799 1460
1054 1133
1223 1405
2213 1203
1352 1118
2539 1096
1077 1220
673 1376
1456 1266
1987 1313
2472 1496
1512 1370
1605 1017
2429 1347
1665 1052
982 1185
2127 1450
1517 1181
640 1239
2108 1323
664 1483
636 1486
1738 1109
959 1395
1715 1434
2694 1225
2350 1347
2960 1453
2756 1108
2985 1278
2298 1257
791 1119
2370 1414
2420 1363
2686 1186
1419 1466
1949 1357
944 1173
634 1478
835 1276
2303 1110
2894 1235
1285 1231
550 1338
1705 1270
1798 1038
1650 1038
2370 1007
2051 1060
1720 1433
1807 1094
2676 1352
2854 1341
1892 1254
1327 1107
2434 1254
1229 1058
1978 1448
1899 1146
2684 1296
2728 1238
1066 1177
612 1285
1911 1456
2601 1256
1251 1037
2522 1237
827 1450
2180 1301
2992 1324
793 1058
769 1464
1359 1213
2863 1259
663 1033
566 1021
2457 1495
1449 1162
2773 1067
1348 1225
1271 1487
2229 1185
716 1401
2454 1047
749 1395
1073 1403
2345 1091
1512 1188
1501 1260
657 1403
1504 1134
2031 1150
2902 1210
2116 1449
2478 1323
1662 1485
2038 1142
2157 1291
2161 1484
2733 1386
1411 1045
1238 1205
951 1095
678 1368
2221 1490
563 1005
1236 1053
2422 1229
1569 1187
584 1240
592 1474
2535 1081
956 1362
2932 1045
850 1486
519 1060
2350 1306
2550 1073
1167 1139
608 1164
2904 1467
2193 1444
2084 1061
1920 1196
1625 1296
2480 1432
2352 1250
1702 1187
2660 1274
1854 1060
1615 1492
1104 1368
1805 1029
1451 1131
876 1139
1078 1032
2853 1456
2387 1389
1925 1396
1496 1028
1782 1174
2873 1093
976 1262
2529 1215
2104 1246
938 1035
2324 1035
1760 1229
1024 1277
2821 1081
2100 1477
1206 1044
2543 1232
1794 1162
2873 1303
2556 1347
2479 1240
1948 1098
1188 1326
2200 1415
564 1401
2934 1402
2982 1162
509 1354
1401 1252
2662 1363
2073 1331
1988 1220
1050 1090
2949 1006
964 1096
1357 1377
1064 1176
2635 1261
1174 1376
1429 1323
2015 1131
629 1187
1973 1173
2807 1069
1884 1093
1081 1254
1718 1100
2058 1036
2951 1244
1945 1320
1866 1196
1346 1240
2877 1275
2553 1371
1835 1260
2866 1257
1837 1108
966 1251
1657 1175
1528 1205
1796 1292
2615 1073
2060 1190
2460 1179
2813 1364
1573 1477
1842 1040
694 1260
2532 1234
1583 1092
955 1469
1697 1221
2040 1225
2335 1043
2519 1366
2127 1273
1458 1166
2635 1492
2772 1496
949 1178
2759 1203
578 1396
976 1366
1706 1495
2225 1364
1543 1488
2756 1319
1068 1228
1530 1157
2494 1086
1900 1366
1791 1109
2762 1407
945 1277
1149 1127
1661 1180
1988 1379
1069 1044
2903 1457
2240 1458
2274 1462
1458 1298
1694 1232
1477 1074
2221 1058
2323 1296
1961 1299
1243 1150
833 1009
996 1002
561 1100
1257 1411
2740 1092
2424 1262
2063 1258
2872 1468
2671 1361
2384 1235
2679 1259
2631 1438
1717 1452
1863 1116
2671 1215
1791 1178
2358 1466
2892 1443
1937 1231
1853 1036
1029 1200
808 1108
2532 1223
920 1468
1490 1137
902 1145
2674 1461
1913 1392
1655 1304
1381 1387
2138 1226
675 1122
2108 1350
2606 1418
1018 1479
1636 1129
1952 1099
2389 1162
1129 1480
2936 1189
1731 1270
1758 1448
2041 1083
1074 1141
1851 1071
2229 1185
2425 1365
840 1137
1420 1120
1388 1408
969 1103
1556 1325
2815 1286
2825 1275
619 1453
2535 1056
2381 1141
629 1224
1519 1342
701 1158
2363 1164
2906 1091
2052 1379
2383 1344
1605 1375
2208 1261
1183 1089
1379 1026
1977 1380
2057 1161
2757 1399
1776 1351
1249 1009
1266 1214
2883 1417
937 1302
2870 1351
954 1019
668 1378
1448 1341
636 1427
1155 1393
1247 1166
2211 1485
1255 1332
1759 1136
2041 1483
1721 1042
2135 1360
2015 1013
1824 1441
2653 1251
2089 1498
1156 1201
1592 1386
943 1169
2439 1095
947 1238
2135 1417
2600 1265
933 1190
1495 1312
2695 1466
1689 1162
1292 1314
2662 1046
2801 1365
1765 1052
2543 1041
1489 1392
2160 1076
843 1162
2389 1191
1682 1134
2687 1390
1482 1345
578 1270
1355 1119
2500 1056
2945 1491
1107 1343
1677 1038
2718 1307
2666 1102
1112 1452
2073 1182
2656 1161
1287 1410
2495 1275
2391 1016
1141 1443
723 1126
1528 1032
2572 1329
1323 1125
1533 1447
752 1248
1331 1130
2292 1430
2034 1078
1258 1270
638 1458
551 1282
2877 1097
1255 1217
634 1175
1124 1044
977 1491
1169 1374
1252 1001
750 1401
2755 1189
1443 1288
1338 1406
2118 1055
692 1324
2796 1138
862 1286
2685 1320
1440 1411
2655 1337
2473 1480
2264 1468
2894 1429
2576 1141
1834 1272
1838 1080
1440 1450
2966 1339
1163 1445
2336 1315
630 1112
1869 1159
2428 1061
2555 1416
2253 1173
2743 1469
960 1441
2419 1232
2787 1026
2372 1464
2212 1304
731 1024
2669 1291
900 1276
601 1066
1776 1067
698 1364
1787 1165
543 1345
2029 1283
2646 1355
1640 1431
1981 1130
1791 1093
1398 1091
2979 1303
919 1034
845 1122
2513 1258
2700 1461
1024 1307
2217 1057
1023 1093
555 1458
504 1249
798 1448
2433 1170
1021 1362
1888 1166
949 1026
944 1168
1385 1257
1239 1190
1248 1020
682 1329
1602 1073
976 1255
732 1382
1903 1398
1117 1164
820 1347
1780 1442
558 1102
1477 1088
634 1374
1375 1372
1640 1152
2195 1268
1910 1019
1681 1141
2890 1345
2916 1136
2852 1308
1072 1266
2720 1397
2388 1280
2983 1234
2015 1420
2537 1119
1737 1334
1417 1138
2802 1324
1172 1202
947 1115
1595 1380
1827 1493
2493 1488
2569 1123
2378 1221
1606 1043
2631 1029
1809 1214
1216 1064
782 1073
666 1237
1939 1188
816 1164
1759 1398
1494 1410
558 1472
2123 1281
2096 1347
1279 1387
2547 1453
2266 1333
2355 1123
2283 1232
1130 1071
1098 1070
1995 1389
2595 1032
2572 1341
2751 1099
2587 1434
1085 1007
2054 1233
2648 1254
2354 1479
2646 1480
631 1374
1880 1338
2961 1026
2491 1209
1017 1486
2708 1229
2121 1345
619 1127
1817 1430
1494 1471
2542 1203
1532 1474
735 1215
828 1184
2486 1406
1740 1350
2570 1105
2498 1422
2820 1333
2116 1138
1156 1002
677 1405
653 1163
2552 1389
890 1413
2957 1126
2223 1179
1462 1294
1582 1370
1782 1468
2979 1211
2943 1028
1829 1119
825 1073
2292 1430
2754 1412
598 1293
2944 1442
1802 1378
1729 1368
2653 1464
1267 1325
1654 1351
2747 1198
966 1097
507 1147
1939 1037
2714 1497
1488 1314
1015 1067
2521 1026
768 1423
2259 1368
1435 1244
1059 1444
1261 1171
2922 1260
2949 1294
2937 1382
1099 1416
1294 1121
1312 1371
1567 1084
1637 1079
1141 1311
2225 1358
2091 1284
1734 1212
1229 1453
1590 1019
1888 1056
1497 1121
886 1384
1134 1132
2075 1369
2045 1405
2263 1440
1865 1431
2547 1059
840 1071
1206 1486
2003 1250
2152 1005
1542 1359
2916 1045
2815 1145
1013 1319
1786 1388
2607 1448
2159 1268
924 1471
848 1006
2034 1073
1840 1069
1705 1019
2850 1365
2812 1398
875 1241
2526 1496
765 1349
2423 1237
2093 1263
2270 1110
2666 1140
2411 1241
2496 1340
2355 1019
2122 1105
2820 1158
2343 1284
1206 1124
658 1436
1572 1322
2880 1391
578 1445
770 1042
1814 1243
2819 1422
2225 1417
1597 1212
2836 1299
1252 1332
1010 1267
578 1051
2166 1324
1007 1105
804 1103
1650 1137
2314 1088
2668 1007
2739 1470
2236 1111
2080 1169
1715 1368
2856 1157
1185 1278
1646 1493
902 1032
1106 1261
2044 1091
1940 1493
2433 1190
2193 1377
2059 1472
2309 1410
864 1018
1443 1093
542 1012
2514 1456
2739 1451
1173 1395
2090 1418
907 1047
2298 1095
1455 1362
1501 1437
2177 1329
957 1050
849 1488
1046 1370
600 1076
772 1481
2246 1443
1198 1155
1826 1015
1022 1027
702 1132
714 1337
2340 1349
2861 1325
2895 1485
1910 1420
2116 1155
1841 1146
1216 1058
1612 1081
2936 1069
1495 1127
726 1355
950 1348
723 1463
2115 1164
629 1359
2347 1293
1853 1225
1369 1160
1917 1383
2725 1070
1576 1477
2003 1003
2393 1055
1626 1395
2522 1157
1230 1325
1168 1003
2043 1122
1389 1095
506 1411
2868 1000
1719 1357
2322 1035
2948 1411
2308 1217
2278 1206
1862 1365
2851 1067
2377 1483
2312 1011
1641 1308
1039 1233
2825 1481
2480 1445
832 1385
2237 1020
528 1203
913 1269
892 1072
712 1303
1035 1191
1989 1019
511 1045
2088 1121
1720 1105
1356 1262
817 1309
797 1126
673 1381
2617 1268
2285 1395
2662 1404
577 1403
2292 1383
2513 1019
2617 1291
1709 1465
2469 1284
1706 1493