4100 5000
2646 1014
1113 1391
1352 1405
1224 1298
2519 1323
2974 1285
1691 1495
2944 1395
1136 1119
1534 1289
1696 1132
2141 1207
1723 1180
789 1447
939 1044
710 1485
793 1328
1765 1255
1952 1127
2458 1133
2185 1096
2393 1172
1263 1147
2487 1339
818 1401
2161 1384
1327 1243
1368 1404
1592 1079
1018 1351
2765 1382
2310 1328
1297 1493
1878 1355
1433 1186
2518 1238
2030 1276
1770 1100
1505 1116
1325 1003
662 1095
2845 1297
2818 1059
1063 1470
2408 1331
1097 1235
2050 1201
2633 1327
667 1210
554 1206
2499 1227
1384 1275
1564 1273
2653 1229
2367 1343
2866 1302
2602 1466
2649 1471
2834 1327
2906 1284
2940 1187
2188 1109
987 1359
2591 1400
1031 1237
2150 1105
1149 1245
929 1334
1889 1087
2836 1025
2858 1061
2200 1329
1915 1137
2319 1140
847 1381
2361 1303
1018 1322
557 1349
2871 1093
2043 1042
1296 1422
1912 1264
2030 1463
1322 1478
1466 1129
1204 1071
618 1056
616 1250
1323 1221
1023 1432
1565 1090
2511 1001
2548 1474
2161 1162
1412 1385
2026 1207
993 1351
1097 1161
687 1437
937 1091
2022 1459
1226 1154
1053 1141
2748 1267
2413 1412
1177 1138
2395 1413
1983 1017
2243 1050
1279 1019
1436 1079
1571 1171
2504 1054
501 1471
2600 1352
1960 1129
2156 1374
1476 1341
1014 1278
675 1192
611 1483
2684 1056
984 1067
1489 1085
1894 1403
2860 1282
1998 1037
1494 1273
1607 1211
2462 1286
2885 1064
2689 1087
1894 1160
2493 1227
1334 1488
2898 1137
1748 1166
2486 1179
2748 1300
705 1261
2619 1426
1391 1128
1554 1250
1834 1024
1257 1035
2761 1409
1342 1299
598 1097
725 1094
2680 1055
916 1211
756 1030
2649 1339
1878 1194
1560 1141
2012 1354
1212 1226
2479 1071
1937 1457
2230 1205
2625 1212
1954 1247
2965 1168
2959 1440
2949 1140
1935 1049
2862 1008
715 1390
775 1294
2598 1349
2021 1481
2927 1067
2588 1183
1851 1495
1328 1095
2818 1167
2352 1059
1549 1279
2195 1476
2959 1190
2922 1247
2802 1224
2202 1215
2326 1112
1758 1435
1596 1033
2979 1439
945 1144
2689 1243
2262 1027
2740 1123
2116 1237
2429 1441
1507 1356
507 1274
1154 1426
2532 1111
2308 1396
588 1440
1670 1157
1883 1258
2203 1327
2229 1490
2017 1010
1456 1179
1272 1213
2048 1013
629 1416
1996 1457
1690 1061
1154 1147
2783 1032
966 1140
1265 1484
1910 1260
2996 1099
1152 1367
1491 1306
2665 1269
1522 1025
1171 1432
784 1406
1234 1205
733 1213
1799 1206
989 1126
512 1471
2528 1198
2975 1266
2525 1142
614 1448
771 1177
1854 1066
856 1481
1189 1083
856 1398
1593 1409
1785 1191
2603 1377
1373 1479
742 1073
2332 1135
1195 1305
2648 1040
1437 1222
618 1212
1175 1262
2854 1244
2303 1007
1034 1416
1853 1127
2369 1059
2693 1381
2362 1038
1290 1324
1288 1429
2286 1333
2649 1078
1764 1272
2934 1230
2191 1101
1965 1065
1591 1197
1745 1097
1282 1388
2754 1009
2901 1181
1984 1174
2427 1314
1640 1132
1596 1204
2253 1357
2833 1450
721 1013
2876 1354
2569 1055
1754 1337
1028 1279
2482 1494
2727 1050
1861 1168
996 1095
1515 1255
1715 1156
2561 1480
1729 1391
2228 1440
1316 1494
1852 1410
873 1140
1285 1078
993 1178
1324 1366
1853 1266
2137 1304
1899 1214
1651 1062
2794 1482
1765 1301
1497 1450
1933 1285
2382 1472
1836 1159
1892 1330
2855 1404
2287 1444
1718 1349
720 1065
2606 1312
1855 1050
892 1419
1199 1301
1837 1188
1312 1104
1750 1405
1760 1345
2286 1413
1560 1151
1723 1499
1213 1152
1332 1287
598 1162
576 1401
2708 1232
2724 1317
2818 1260
1361 1488
2324 1146
1988 1481
2753 1416
2331 1149
1681 1195
2182 1005
1716 1157
1019 1100
1638 1395
2521 1310
2445 1391
1781 1322
1833 1016
2326 1164
2205 1457
1043 1289
1118 1007
2984 1001
2789 1071
1977 1017
1926 1234
986 1155
2655 1163
2146 1192
2207 1276
2734 1280
2818 1455
647 1283
2483 1356
2260 1372
1881 1388
2980 1323
1714 1133
1664 1277
1010 1184
2681 1084
2828 1064
1354 1074
2419 1110
2891 1429
716 1135
2571 1487
651 1176
1756 1285
2767 1212
2985 1284
2569 1251
2831 1177
2960 1373
2380 1088
904 1300
1192 1225
2081 1357
1712 1491
1681 1200
756 1138
1196 1364
2302 1387
1262 1266
1839 1425
1272 1448
721 1033
1214 1457
2926 1244
532 1382
1913 1456
2848 1472
2757 1160
2205 1315
954 1124
833 1344
2885 1316
2727 1287
2226 1252
2555 1065
2219 1444
1611 1386
2770 1069
2862 1496
1890 1161
1904 1227
1378 1197
2383 1022
1376 1486
526 1083
667 1266
1307 1189
868 1423
2816 1452
2356 1372
1760 1094
1937 1169
2472 1147
893 1224
2986 1421
508 1328
2978 1431
1477 1215
890 1304
609 1422
750 1278
768 1258
2864 1321
2147 1276
1253 1471
1895 1276
2689 1377
1461 1171
1835 1412
1672 1110
1278 1045
2833 1030
1612 1369
1269 1305
2994 1406
2721 1432
2144 1470
2485 1117
2049 1325
1488 1302
2831 1245
1787 1187
2878 1345
2786 1114
2180 1291
1591 1184
1118 1188
1701 1109
944 1023
1902 1216
860 1411
2688 1008
1808 1135
2701 1202
946 1086
2267 1272
989 1095
1976 1471
1867 1440
1690 1355
830 1377
566 1087
2060 1264
1557 1023
1888 1064
2946 1429
919 1118
1437 1425
875 1141
2369 1321
1240 1270
1670 1034
2281 1428
872 1415
2594 1317
2555 1082
1359 1066
1567 1362
2062 1396
2141 1269
1876 1275
612 1104
2179 1270
2437 1378
676 1106
2121 1370
1723 1232
2012 1034
1171 1404
1850 1410
1135 1415
2860 1022
1020 1365
558 1066
612 1127
1332 1371
1421 1185
1185 1367
2971 1241
1266 1351
1021 1122
642 1300
2510 1352
2132 1401
534 1010
2952 1098
2430 1269
2709 1020
2981 1342
2079 1286
2068 1257
2379 1013
2944 1038
2689 1275
2715 1040
1148 1103
2706 1114
540 1026
990 1337
1414 1446
1423 1046
804 1250
1243 1333
1253 1058
2943 1156
1675 1321
1129 1471
1090 1102
2202 1468
2422 1139
911 1020
685 1147
2002 1135
2919 1024
1008 1209
2560 1235
2537 1428
1804 1379
2334 1032
1778 1282
623 1477
1849 1053
2121 1097
1542 1067
1711 1300
1553 1019
876 1492
879 1024
1637 1305
1707 1200
551 1473
1595 1259
1837 1104
1745 1165
2570 1423
2755 1275
2329 1496
763 1104
1169 1360
1755 1117
2696 1447
2411 1340
1567 1153
1903 1129
1959 1096
2620 1122
2350 1243
2688 1246
1981 1323
792 1395
1729 1253
772 1179
2892 1344
1383 1435
1166 1343
1988 1095
1944 1068
1704 1392
1510 1311
1590 1110
560 1195
1935 1140
680 1278
705 1167
1171 1411
2354 1339
2826 1326
1384 1304
1757 1045
1386 1302
2232 1312
511 1243
520 1158
2955 1252
1912 1068
2805 1316
2431 1046
1926 1288
1668 1189
594 1015
2582 1217
2846 1037
2055 1348
1198 1044
2431 1398
2351 1094
1662 1357
1800 1397
1186 1209
1325 1174
509 1215
2316 1416
982 1041
1698 1204
2786 1424
2899 1363
1938 1409
2784 1000
1813 1294
1530 1123
1646 1385
2476 1235
1063 1334
2229 1357
2465 1242
1678 1191
1533 1145
1569 1085
1357 1469
1328 1045
1013 1373
1146 1123
2830 1439
1813 1246
2845 1380
2945 1495
715 1214
2895 1378
2121 1364
1522 1357
1412 1192
2682 1485
2610 1279
2389 1149
577 1482
1057 1023
1444 1486
1658 1454
1450 1466
1875 1089
578 1294
1022 1169
2039 1103
2103 1182
1488 1303
960 1003
696 1365
1559 1084
2248 1072
514 1062
2522 1133
1953 1202
895 1489
1663 1468
2087 1211
2518 1494
1750 1325
1484 1254
2175 1008
1516 1422
1244 1453
1210 1198
739 1430
1866 1463
1580 1116
723 1030
2303 1140
1947 1410
2903 1020
1790 1391
1358 1139
2236 1397
1771 1275
2026 1400
2558 1319
2975 1027
1400 1324
1629 1343
1060 1463
2975 1427
1224 1026
2270 1376
996 1010
2779 1381
1207 1064
2291 1285
2514 1338
1261 1399
768 1063
661 1322
1610 1236
2510 1013
965 1062
2500 1053
1430 1403
1580 1195
564 1126
2570 1180
1516 1484
2478 1243
506 1365
2563 1451
2105 1026
2513 1191
1145 1124
734 1215
1417 1478
828 1176
2940 1391
2507 1294
1208 1335
1824 1218
1504 1472
2571 1066
1798 1172
1752 1461
2182 1427
1181 1066
1146 1408
855 1087
1263 1062
672 1288
832 1268
2224 1395
1179 1429
1475 1438
664 1367
1782 1158
2717 1203
2530 1361
2384 1250
1294 1371
2863 1364
1316 1052
2604 1241
1370 1289
2685 1147
2490 1192
2160 1108
2427 1143
614 1051
2234 1116
1561 1188
1518 1217
1836 1123
2432 1449
556 1327
2670 1031
2002 1430
2454 1363
1121 1025
2953 1459
2124 1366
750 1445
2846 1315
2509 1320
1183 1011
905 1165
2512 1038
1847 1085
2771 1471
997 1352
1202 1177
2448 1234
2547 1372
999 1156
2274 1346
2566 1474
1453 1435
572 1335
2959 1261
728 1330
1821 1221
2874 1346
1875 1336
2155 1059
2586 1462
2819 1376
1496 1484
972 1087
1611 1329
2941 1047
2979 1315
822 1039
2389 1359
2324 1252
1186 1494
1320 1289
2233 1495
2028 1358
1527 1444
2319 1250
871 1099
2246 1071
1986 1442
1852 1377
1017 1162
2298 1249
1592 1372
1558 1366
2117 1176
532 1420
777 1345
1974 1137
2409 1206
700 1076
2788 1218
1706 1299
2919 1134
2953 1485
2009 1118
1207 1440
715 1108
850 1449
2625 1019
2457 1037
638 1216
980 1473
2845 1372
857 1319
1867 1233
2901 1154
984 1162
609 1450
1101 1052
2998 1248
2519 1209
1094 1287
973 1355
2495 1428
1774 1463
1324 1421
1913 1415
2239 1351
2299 1117
1696 1411
2699 1227
2497 1356
1418 1478
2188 1286
1752 1049
2186 1191
1941 1149
1090 1325
2780 1206
754 1142
1349 1301
1402 1106
1546 1273
1008 1165
2237 1166
654 1372
727 1134
2229 1013
2307 1475
2332 1147
2369 1094
2277 1256
1439 1175
1177 1216
2362 1461
601 1050
1722 1072
2711 1070
2829 1357
1505 1461
1824 1012
2484 1067
1146 1451
2594 1280
1295 1200
2318 1250
2452 1422
1080 1208
1638 1430
2820 1475
1142 1228
2426 1286
522 1374
1073 1097
1390 1463
1137 1081
1047 1360
1172 1470
1345 1218
2063 1121
626 1304
2743 1098
1377 1115
638 1476
968 1326
2228 1404
2896 1014
939 1277
2837 1470
2998 1463
570 1474
2679 1364
2440 1431
976 1491
1684 1096
989 1218
587 1068
1922 1043
1102 1359
1453 1193
1271 1067
1659 1350
1376 1025
2230 1273
2135 1283
2042 1321
1715 1496
2801 1488
1215 1406
2379 1166
1842 1001
1557 1363
781 1093
2763 1000
2071 1253
1476 1158
1101 1155
2679 1290
1600 1009
1183 1400
2788 1102
2362 1193
1368 1386
2658 1139
2878 1041
2521 1345
693 1485
1286 1054
1426 1005
787 1067
1242 1216
1020 1043
2237 1399
2270 1113
1426 1266
2232 1024
1002 1330
809 1146
2363 1133
1735 1157
580 1488
2032 1145
900 1094
2706 1056
1547 1004
2075 1145
1660 1026
1341 1014
1764 1214
1504 1374
2829 1087
1147 1155
2335 1142
1803 1206
1794 1353
1975 1423
1310 1135
1792 1490
1617 1241
752 1197
1701 1235
1000 1192
688 1051
605 1046
2288 1469
1401 1122
2810 1406
2750 1401
2157 1363
2601 1254
1403 1258
2662 1056
2260 1405
1175 1181
1827 1034
2562 1472
2361 1427
1983 1014
2896 1272
2269 1474
1648 1087
950 1243
585 1140
2390 1184
941 1355
2463 1349
1739 1242
1506 1239
665 1166
1004 1453
829 1045
1099 1294
1357 1411
1056 1207
2495 1418
2446 1195
2838 1216
2586 1466
1734 1481
2096 1051
795 1037
2346 1209
2692 1302
2115 1227
1545 1052
2331 1110
2874 1438
1155 1211
794 1472
2996 1197
2432 1001
1709 1188
1630 1074
2111 1059
2193 1255
2856 1140
2052 1172
2623 1116
1887 1372
1550 1076
2754 1084
1182 1420
2499 1100
1204 1295
1190 1015
1802 1223
560 1464
1879 1375
1587 1333
2081 1017
1369 1053
836 1432
2935 1251
1291 1433
621 1231
1087 1268
1491 1207
1715 1200
2560 1454
2643 1434
1627 1368
2427 1378
829 1271
2054 1436
1808 1434
2562 1385
528 1380
2531 1164
1632 1006
2161 1274
1555 1351
555 1355
2254 1471
972 1331
2136 1286
2112 1308
2285 1439
1288 1477
751 1142
731 1001
839 1035
2405 1354
1819 1052
1745 1410
2708 1411
2150 1307
722 1437
2351 1365
705 1479
605 1212
2785 1374
614 1199
746 1410
2084 1006
2042 1348
2250 1448
698 1042
1271 1176
642 1374
1219 1097
2011 1452
2542 1097
1037 1178
894 1195
2566 1477
1575 1204
910 1285
777 1120
1733 1049
1661 1015
785 1309
2613 1276
684 1048
1283 1176
2418 1339
518 1433
1489 1153
2299 1074
1275 1158
2866 1053
2444 1217
1921 1389
2334 1011
1328 1149
1156 1197
2490 1471
2093 1186
1816 1265
1112 1371
1278 1096
917 1444
2859 1227
546 1228
2702 1081
1740 1187
1489 1138
1729 1002
501 1176
2815 1091
2648 1266
2876 1349
1866 1112
2319 1053
1984 1403
520 1339
520 1088
2098 1422
2113 1353
2229 1371
914 1408
1749 1298
1765 1055
1749 1122
1298 1388
2078 1448
781 1339
2249 1356
1647 1083
725 1066
1860 1017
648 1011
2167 1219
1453 1057
1470 1314
1673 1458
2812 1351
2242 1389
2506 1496
2239 1043
997 1436
1113 1396
1063 1364
776 1026
2631 1131
2416 1299
505 1110
1294 1499
813 1233
1565 1450
1986 1303
722 1380
2470 1013
891 1373
2648 1152
612 1293
2224 1031
785 1398
615 1387
2838 1406
754 1124
2119 1285
2747 1418
1901 1005
2583 1025
2699 1215
2451 1271
2476 1356
1907 1367
878 1014
2799 1209
1395 1029
2858 1414
687 1006
1459 1021
2079 1366
2013 1390
1249 1246
1057 1195
2348 1136
1232 1087
2674 1265
1549 1230
2951 1378
1389 1345
2875 1241
2110 1301
2076 1142
2363 1003
2508 1313
2520 1425
697 1498
1374 1071
2365 1319
1674 1124
1265 1002
1064 1370
2197 1114
1363 1262
2771 1445
1157 1275
1154 1169
846 1457
2462 1439
2699 1424
1119 1096
2349 1331
2342 1442
2017 1301
2619 1269
1718 1065
2020 1131
1370 1114
715 1124
1304 1082
1183 1116
2023 1020
868 1269
2335 1042
596 1311
2220 1182
722 1153
1667 1430
949 1138
1368 1198
1891 1336
2743 1093
2891 1170
1860 1005
1826 1337
577 1068
926 1393
2771 1285
1581 1034
1702 1492
2830 1399
1046 1400
2336 1496
2058 1265
980 1245
1743 1460
2760 1395
2398 1192
2424 1259
2145 1359
2725 1085
2547 1100
1975 1252
1023 1311
1216 1349
1044 1321
1607 1189
1896 1148
2886 1240
1201 1103
514 1134
683 1472
552 1399
1506 1473
987 1470
2481 1425
2538 1047
2969 1139
1015 1148
1968 1331
1561 1056
940 1416
2669 1206
2445 1072
2877 1451
2461 1382
2877 1234
528 1079
1066 1088
2602 1112
2571 1055
2278 1215
1639 1267
1025 1237
2125 1186
2989 1146
2092 1132
2936 1385
1214 1182
2168 1169
2803 1485
2041 1318
1954 1333
2431 1355
2615 1300
2738 1241
1295 1486
2267 1437
1045 1248
1383 1193
1747 1050
1734 1222
1147 1360
1270 1191
1314 1027
2513 1487
774 1337
1898 1225
837 1080
1665 1474
1030 1081
1792 1319
622 1125
1837 1101
2477 1379
1487 1209
1605 1274
1517 1213
2144 1221
1199 1192
2526 1408
1373 1123
770 1185
1930 1424
2628 1409
2764 1485
2268 1431
1040 1320
2191 1162
1108 1144
1721 1389
1802 1281
905 1210
2282 1313
2233 1496
920 1394
2843 1114
2958 1196
1048 1374
1425 1129
2721 1332
2515 1201
1326 1306
856 1471
1495 1081
2035 1468
1815 1195
2937 1040
1373 1487
2522 1227
2605 1246
1226 1262
1138 1348
1782 1004
1658 1419
1938 1357
912 1070
711 1392
858 1106
815 1149
1650 1312
2599 1227
1124 1187
1947 1125
1376 1199
2519 1377
1678 1181
1033 1109
2124 1323
2315 1468
918 1014
2576 1461
1794 1146
584 1200
1735 1144
1018 1194
1017 1206
1016 1010
1404 1431
1702 1466
740 1038
2877 1119
2591 1384
2315 1215
2922 1430
1669 1147
1326 1345
2092 1031
1679 1286
1879 1301
1378 1465
2799 1158
752 1173
517 1032
1247 1043
2373 1217
1039 1449
2811 1014
2927 1184
2347 1211
1945 1178
1595 1158
1193 1274
941 1251
2326 1361
1433 1462
863 1012
2382 1274
1123 1477
2556 1373
1727 1220
1086 1269
1788 1492
1883 1043
2591 1049
2829 1326
1466 1149
545 1011
1374 1342
1628 1005
2343 1006
708 1445
609 1301
1940 1314
1890 1135
1072 1328
1682 1459
2704 1256
2508 1057
1322 1283
816 1065
709 1483
974 1447
604 1210
2743 1032
2477 1112
2199 1189
2251 1385
1547 1179
1724 1212
899 1086
717 1423
1092 1092
1593 1196
2560 1128
1198 1131
730 1498
1946 1350
863 1267
2919 1185
2189 1424
2948 1193
1140 1450
2645 1303
2548 1199
642 1161
1934 1141
1721 1479
1527 1173
1840 1000
1682 1226
1639 1010
2549 1361
1406 1092
1290 1356
2821 1278
2271 1086
2204 1285
833 1371
2919 1465
701 1016
1354 1266
671 1119
1761 1124
1911 1400
1039 1441
714 1017
2535 1260
2531 1465
1929 1197
1835 1235
1857 1254
1806 1020
1896 1463
2150 1493
2190 1409
1507 1277
2293 1054
1683 1097
2116 1274
2494 1157
2288 1310
2181 1473
1020 1396
2895 1433
531 1041
1293 1472
2021 1166
2568 1280
1840 1213
2390 1300
2334 1087
2339 1246
2609 1316
2139 1364
1055 1377
2084 1393
1229 1028
2660 1186
1951 1470
882 1203
1176 1050
1958 1403
1026 1422
890 1305
1207 1353
656 1098
1475 1174
1766 1320
1403 1172
2334 1166
1190 1229
1612 1405
1279 1187
564 1486
708 1334
2178 1333
2819 1224
2339 1220
2211 1269
2986 1231
788 1349
1190 1331
2052 1428
1628 1139
605 1401
2628 1169
2790 1068
2269 1099
1604 1319
1493 1323
2068 1440
1953 1063
1003 1229
2734 1450
1146 1442
1365 1289
1297 1099
1129 1078
1735 1475
2591 1036
2157 1372
2508 1452
2766 1410
1170 1158
2836 1096
1978 1120
1780 1013
1867 1134
1357 1225
1135 1109
2942 1307
2781 1207
1303 1433
2465 1162
1572 1222
655 1461
1806 1055
515 1461
1364 1375
838 1106
2517 1066
926 1337
1362 1483
1699 1352
931 1076
2025 1066
2700 1244
770 1099
1290 1147
1401 1349
686 1020
2314 1091
819 1471
1878 1431
1413 1170
2828 1401
1737 1273
1453 1266
2590 1455
679 1483
1831 1323
1686 1195
550 1235
2610 1089
1635 1218
2260 1411
2715 1225
789 1462
2542 1261
2835 1126
2635 1326
734 1025
2260 1426
750 1305
958 1044
955 1356
860 1451
657 1386
798 1473
2471 1117
1841 1065
1510 1211
1378 1119
1427 1383
962 1167
2734 1041
1610 1403
2799 1128
1417 1211
2905 1012
1750 1323
900 1072
2770 1343
1816 1027
2624 1164
546 1203
1892 1144
2016 1135
2799 1089
2000 1355
1235 1075
554 1030
1650 1301
2074 1116
1495 1348
2646 1362
933 1241
593 1119
2401 1021
2372 1366
2478 1477
2066 1382
2394 1386
1150 1198
729 1424
2837 1114
2227 1254
2205 1475
612 1464
727 1152
1575 1196
1150 1439
1863 1356
2624 1152
1891 1254
1435 1022
2945 1222
1943 1153
801 1078
1096 1312
1253 1114
2833 1409
2031 1349
1475 1349
1857 1302
988 1286
2707 1380
898 1211
1631 1109
1261 1246
1845 1384
2228 1361
2293 1494
599 1480
2205 1162
2552 1106
1468 1489
1978 1460
1067 1426
2636 1089
1138 1483
2641 1183
1109 1119
1853 1459
2991 1402
2054 1464
2331 1291
607 1338
1568 1477
1760 1129
2208 1316
2236 1254
2784 1386
2567 1114
948 1397
2527 1152
1619 1267
2616 1145
2639 1162
1245 1482
2495 1450
1694 1254
1616 1119
2590 1067
843 1352
2580 1169
1502 1422
1246 1169
2360 1193
2228 1145
604 1147
2374 1207
2096 1258
2440 1003
713 1400
1274 1439
544 1461
2297 1353
2150 1301
1903 1219
1184 1305
2213 1010
874 1039
1375 1180
635 1158
1203 1378
571 1301
2509 1333
1608 1264
1141 1273
514 1249
2063 1025
700 1007
2505 1071
2947 1248
2289 1057
1127 1338
1791 1071
2108 1480
1466 1227
1238 1040
2677 1204
1233 1480
1950 1122
717 1129
1971 1209
2159 1457
2281 1367
2610 1334
2244 1377
553 1060
1005 1443
2093 1203
2481 1425
2572 1282
2939 1142
1799 1396
2416 1282
2825 1308
1204 1193
2621 1450
2340 1244
1192 1285
2419 1340
2770 1092
1070 1046
2452 1042
1283 1292
2685 1013
982 1465
2460 1047
2066 1017
1521 1281
871 1243
2792 1139
1644 1447
1707 1465
1295 1218
539 1337
551 1320
2209 1129
1952 1320
1692 1183
1009 1479
721 1226
2890 1095
1107 1024
1067 1352
2423 1152
1350 1004
2821 1109
607 1042
1408 1392
1082 1150
1753 1374
1855 1182
1833 1087
2195 1312
2166 1004
886 1090
1640 1176
918 1379
2169 1382
1275 1123
2413 1270
866 1425
2356 1209
2987 1102
1926 1207
1102 1304
2522 1166
824 1201
1898 1295
2539 1348
1054 1483
2155 1248
2614 1377
1859 1101
2762 1190
2130 1372
2053 1205
2133 1114
550 1230
1737 1166
987 1217
933 1207
1298 1017
2994 1349
1067 1231
2689 1352
2579 1261
1717 1200
2180 1238
2399 1027
517 1311
2783 1254
1114 1485
2245 1153
1824 1044
957 1141
703 1297
1241 1082
2874 1490
1429 1441
2167 1113
612 1016
1219 1159
746 1259
2107 1187
2208 1224
1743 1063
2860 1316
745 1063
1057 1070
833 1175
746 1472
1606 1234
2269 1296
1304 1098
802 1142
1706 1174
1175 1218
1619 1168
1962 1352
2387 1369
1031 1369
2746 1265
2386 1344
2981 1495
1066 1437
2337 1107
578 1047
2780 1295
790 1026
2620 1226
1486 1269
1174 1029
1387 1122
2526 1226
900 1160
1496 1254
1184 1034
2404 1063
1513 1248
2581 1251
2394 1417
1336 1233
1502 1085
1933 1043
1405 1361
2296 1199
1187 1087
2912 1078
2952 1081
721 1376
2825 1387
2708 1059
1732 1008
1907 1436
2549 1306
2758 1494
1822 1248
2389 1004
1009 1109
1263 1047
1932 1146
2648 1388
1908 1420
2135 1385
530 1375
2759 1143
926 1071
535 1144
772 1123
2076 1400
2304 1436
2545 1462
2144 1027
1381 1164
2603 1312
2947 1463
2324 1486
1845 1099
1307 1219
2550 1479
2351 1359
961 1072
1290 1126
2762 1175
970 1139
1221 1085
2789 1375
2351 1229
2653 1241
1765 1064
544 1487
1895 1029
1251 1020
2510 1113
2505 1384
1359 1235
2663 1332
1637 1370
1918 1081
1896 1483
2856 1058
664 1043
1687 1215
694 1030
2563 1054
1658 1144
1910 1216
2548 1307
647 1275
677 1251
908 1431
2874 1494
1412 1013
751 1164
690 1056
1749 1373
789 1189
2350 1158
2577 1125
2757 1276
2752 1329
2080 1097
2108 1222
2256 1082
785 1342
1502 1008
1313 1447
2226 1235
2664 1205
523 1223
1473 1205
1883 1227
2494 1155
2420 1017
1975 1058
1618 1396
2689 1146
1348 1117
2786 1210
707 1325
1745 1143
2786 1325
1304 1329
1916 1306
696 1311
2834 1302
1299 1307
1870 1465
2648 1357
898 1384
556 1483
1504 1240
2179 1248
1159 1428
505 1269
2024 1214
1664 1188
2077 1312
974 1320
1176 1088
2762 1321
918 1437
1115 1314
675 1096
2273 1138
2459 1127
2413 1209
898 1068
2051 1472
2898 1352
1889 1324
2535 1256
1639 1414
2812 1453
2814 1168
1546 1406
529 1356
1439 1258
2132 1042
2693 1296
2248 1145
1541 1297
1377 1204
1605 1029
2037 1481
1771 1307
1701 1492
620 1112
1628 1499
2356 1303
1924 1381
883 1308
2351 1088
2304 1356
1404 1284
1266 1343
2510 1474
1329 1149
2063 1097
2037 1003
2783 1498
2447 1196
1864 1297
1262 1276
996 1204
1655 1487
579 1283
2713 1222
1133 1206
1305 1003
1096 1157
2717 1490
2121 1104
1439 1021
532 1312
1515 1121
2245 1071
2868 1497
1825 1089
1115 1344
2615 1046
1577 1226
1332 1248
541 1006
577 1063
2854 1020
1788 1175
2026 1297
2306 1192
2250 1268
1468 1211
1344 1258
1459 1487
1756 1449
782 1264
917 1107
2629 1401
1227 1318
2247 1042
2171 1270
790 1446
1311 1196
1014 1042
967 1498
1830 1389
2799 1114
1742 1304
1138 1238
2994 1379
1582 1186
2829 1147
984 1245
1066 1225
813 1432
2431 1367
1115 1498
1107 1256
2127 1196
2521 1334
2137 1402
1134 1045
2412 1228
1583 1122
1741 1372
891 1188
1326 1089
997 1420
1997 1130
2441 1335
1246 1275
620 1314
1650 1418
843 1483
504 1468
1621 1471
1584 1023
2627 1274
975 1296
516 1419
1100 1352
899 1260
1640 1070
2029 1392
1448 1398
1270 1402
2940 1396
2565 1264
1625 1017
1102 1424
2536 1257
1385 1143
2852 1213
2641 1248
2451 1048
1789 1396
922 1138
1063 1199
1887 1438
1019 1389
558 1327
567 1251
1846 1008
612 1140
1332 1189
1191 1340
1664 1318
725 1225
1350 1298
1905 1362
2483 1351
645 1306
2335 1103
559 1267
2130 1274
1106 1146
1135 1108
537 1332
2447 1409
2978 1008
2792 1475
1840 1168
720 1067
1767 1208
1383 1122
1512 1275
2019 1090
2839 1373
2540 1011
951 1467
2884 1115
2906 1310
888 1375
1176 1465
723 1246
1806 1178
704 1417
2122 1493
2127 1309
982 1144
746 1249
1218 1004
1449 1096
1318 1355
2063 1473
2443 1373
2829 1156
786 1181
1288 1494
1901 1247
2058 1167
726 1335
965 1322
639 1425
701 1260
1730 1436
1637 1233
990 1438
2051 1212
1905 1067
2786 1043
2206 1447
2658 1114
1938 1355
2877 1123
1882 1435
1611 1224
1414 1152
1435 1394
629 1492
1928 1244
1497 1048
938 1247
2844 1187
2126 1293
905 1312
2105 1275
2134 1005
948 1171
1451 1376
2089 1089
654 1139
1126 1078
785 1173
1802 1283
701 1433
1307 1452
1623 1325
1849 1172
2513 1180
1019 1466
1189 1200
671 1455
2964 1212
1672 1295
1414 1484
2080 1477
1767 1269
737 1153
1525 1494
2036 1316
1964 1450
951 1217
2957 1135
592 1316
2497 1361
1860 1110
2987 1352
1893 1249
2946 1395
704 1468
2846 1223
1538 1496
1562 1335
1747 1299
2092 1442
569 1448
1499 1020
1893 1476
1515 1417
2397 1402
2737 1034
1623 1406
2113 1098
2096 1369
2039 1487
1488 1059
2621 1166
2229 1315
2620 1423
1224 1349
1718 1046
615 1351
1121 1067
784 1001
2336 1112
924 1306
2548 1373
1115 1493
2054 1004
1457 1048
2497 1037
2262 1201
1632 1124
1661 1022
2849 1259
2818 1008
1759 1054
1760 1496
1499 1022
2372 1354
1509 1365
2280 1213
1662 1332
1401 1375
1251 1492
1495 1197
2993 1365
854 1345
595 1434
1834 1424
564 1452
604 1363
2158 1490
2114 1494
1975 1388
578 1446
2791 1284
1288 1186
1693 1430
1082 1010
1851 1260
980 1269
707 1353
2469 1140
1089 1355
967 1044
2971 1317
1438 1182
1166 1338
1148 1487
1256 1044
1199 1070
2314 1192
1015 1234
1900 1347
672 1374
2833 1111
594 1292
2210 1406
530 1303
2338 1376
2927 1323
1357 1160
2596 1274
2286 1058
2270 1354
2721 1362
1567 1481
2052 1432
1516 1343
2404 1384
1267 1255
1258 1134
2307 1211
947 1325
1894 1203
2516 1060
505 1242
2921 1261
1659 1142
2234 1101
2367 1272
2905 1138
2556 1431
771 1373
1930 1441
1439 1424
889 1058
2739 1266
840 1159
2524 1057
834 1259
2622 1322
2989 1348
1662 1187
789 1265
2319 1358
780 1239
1785 1497
1670 1368
2004 1443
1917 1173
1758 1078
2024 1435
2658 1307
921 1232
1534 1486
1790 1433
868 1040
2511 1183
2667 1205
711 1345
2340 1210
1601 1393
1323 1418
2933 1007
1485 1336
1040 1048
1260 1452
2853 1418
596 1244
2917 1335
1313 1395
2816 1161
735 1148
2222 1327
2235 1196
2696 1329
1663 1387
609 1455
2186 1265
2895 1213
1612 1456
2641 1183
664 1017
2647 1041
2024 1191
1691 1273
2703 1066
2738 1356
2632 1246
1977 1460
2869 1287
512 1095
2171 1309
870 1449
2606 1203
2005 1027
2621 1181
550 1114
1021 1128
1594 1299
605 1368
647 1169
843 1337
2689 1329
887 1283
1800 1260
1760 1012
2014 1493
725 1426
934 1283
2852 1030
1949 1044
620 1028
628 1010
505 1310
2855 1272
502 1115
523 1040
555 1018
2655 1422
1851 1217
1580 1234
1551 1289
2549 1217
2227 1187
937 1438
784 1258
738 1335
599 1307
2790 1028
2813 1161
1776 1354
559 1165
2492 1080
550 1455
859 1004
2593 1212
2034 1170
2484 1014
584 1004
2176 1198
842 1007
2042 1195
1996 1316
2527 1422
1334 1332
773 1075
1100 1255
2244 1099
1911 1157
1998 1490
2076 1274
1557 1452
748 1410
1422 1353
1350 1142
1755 1471
2182 1365
942 1083
1722 1195
1963 1021
2725 1048
1775 1264
813 1284
2067 1362
756 1455
909 1127
1963 1145
805 1143
2010 1026
2880 1196
1122 1354
2120 1000
1523 1298
1690 1328
2613 1337
1750 1407
1841 1148
2652 1106
1049 1375
1268 1238
1890 1372
735 1288
1433 1157
2632 1064
1400 1007
2031 1389
2315 1130
2162 1352
649 1399
802 1290
2781 1244
1806 1332
1249 1305
842 1145
1121 1470
573 1259
1451 1369
1364 1270
2345 1363
2156 1114
2790 1260
1306 1027
1740 1122
1744 1393
2137 1069
2631 1292
1765 1335
1042 1332
873 1380
966 1087
1426 1181
920 1302
2452 1192
1228 1323
1361 1478
2094 1188
831 1150
1118 1445
975 1447
2510 1481
2332 1120
1125 1089
1458 1146
1421 1368
1109 1443
2972 1300
702 1475
809 1347
1660 1417
621 1262
525 1481
660 1222
2926 1374
1256 1437
1196 1026
2022 1431
2102 1236
2779 1130
1773 1426
2644 1308
1150 1076
2390 1498
989 1346
2953 1161
1839 1234
766 1392
1164 1221
2845 1413
1650 1356
1867 1005
2312 1319
1633 1379
942 1267
1200 1300
2752 1447
825 1060
633 1094
2650 1470
1524 1089
2139 1195
801 1297
792 1324
2535 1173
524 1131
901 1364
676 1054
1708 1498
1357 1183
1141 1252
2869 1076
2132 1037
1729 1326
856 1474
1935 1233
2286 1041
765 1477
1864 1216
1310 1105
917 1047
2021 1305
1924 1030
2572 1184
699 1066
1298 1095
1270 1138
737 1249
1410 1092
2065 1177
2610 1339
2727 1488
1921 1102
921 1017
2665 1090
2857 1437
900 1153
977 1496
1147 1131
1377 1420
2748 1280
1353 1101
2133 1021
2816 1298
1376 1029
520 1118
2502 1068
2024 1060
2396 1199
2903 1398
2779 1091
682 1178
674 1039
2140 1486
2570 1474
2914 1420
1428 1314
2826 1452
1619 1418
2736 1200
1442 1297
938 1287
1506 1351
2632 1049
903 1016
639 1311
2953 1294
2207 1092
1092 1087
1734 1493
2894 1113
928 1443
728 1490
1445 1320
2585 1019
768 1126
530 1497
1178 1388
2495 1329
2317 1089
1164 1248
1764 1002
1674 1121
1837 1108
621 1106
1561 1147
2355 1120
1922 1079
1616 1050
2598 1226
1639 1066
645 1097
1335 1387
2047 1378
2375 1155
2534 1313
1791 1288
2945 1472
2021 1291
746 1422
2674 1227
2749 1013
1655 1044
2929 1289
1631 1321
2082 1358
2087 1120
2419 1199
2574 1269
1681 1475
2044 1390
2449 1180
1586 1435
629 1122
778 1382
1853 1109
1999 1131
1741 1158
2652 1195
2722 1023
951 1381
970 1483
2473 1099
1791 1206
1151 1051
2785 1138
2554 1353
2419 1155
1100 1068
2428 1127
515 1116
1488 1103
1127 1448
2994 1191
1477 1369
2087 1429
2816 1478
1237 1000
717 1423
673 1478
2218 1028
1883 1336
1495 1334
2508 1424
1417 1017
2089 1134
664 1030
2980 1253
2020 1195
800 1027
674 1159
2697 1002
1070 1154
2256 1280
2585 1230
1720 1222
1236 1319
658 1063
2580 1345
919 1136
2099 1060
1486 1262
1737 1213
1705 1453
1957 1335
1343 1326
2742 1082
1456 1298
578 1382
533 1272
1326 1322
2795 1053
2178 1166
652 1177
2211 1187
2884 1289
2050 1075
1821 1139
2184 1304
1917 1160
2130 1231
1947 1356
2652 1097
1983 1300
961 1044
2790 1225
2392 1064
1691 1396
882 1165
940 1168
1264 1407
2695 1208
1907 1379
2645 1303
658 1420
1179 1077
2370 1252
1716 1492
1345 1001
2159 1397
2675 1196
2950 1447
1943 1296
528 1138
1247 1196
802 1201
975 1091
1559 1095
574 1095
1163 1033
1181 1294
2636 1416
2631 1284
1986 1362
725 1190
748 1379
1526 1283
1986 1031
1730 1354
1556 1039
1859 1292
2295 1003
2795 1220
989 1291
2459 1022
2830 1258
1458 1190
1172 1393
777 1481
2263 1109
1943 1224
1711 1496
2398 1243
2585 1271
1866 1249
2437 1343
1676 1101
2270 1086
1595 1431
1235 1070
1049 1179
2809 1138
2606 1026
1367 1063
2035 1465
2108 1289
1864 1063
1450 1211
2948 1244
2744 1361
609 1314
2081 1312
1248 1203
1618 1095
1251 1473
2245 1124
1637 1244
2297 1479
1263 1422
2795 1101
1962 1131
1530 1464
1461 1240
2002 1296
1517 1452
1119 1125
2018 1458
1516 1331
1293 1419
766 1066
1389 1088
1164 1172
979 1253
603 1328
1913 1165
2610 1194
2089 1392
2534 1251
967 1148
2337 1334
2316 1001
1925 1007
915 1449
1234 1120
1262 1159
1612 1290
2555 1156
1067 1405
1679 1187
1820 1031
552 1443
1615 1168
2306 1303
2160 1452
1268 1016
1945 1076
1350 1342
2319 1310
1777 1189
767 1294
2681 1100
1703 1310
774 1256
950 1227
906 1121
1202 1046
861 1269
638 1033
1851 1338
1925 1214
2888 1237
2920 1208
2514 1225
1342 1123
1516 1336
2081 1090
2950 1375
2229 1124
2656 1111
1431 1380
2463 1102
800 1264
1758 1496
2268 1000
2615 1375
2765 1070
2063 1156
1405 1032
2994 1440
888 1192
751 1346
691 1325
1942 1290
1653 1203
2724 1150
2884 1240
2955 1098
990 1099
1278 1018
1252 1290
2662 1066
1728 1437
2333 1411
2450 1394
1042 1268
2782 1104
2369 1231
1015 1248
576 1260
2944 1180
1347 1284
2213 1327
559 1073
1226 1164
1758 1117
2108 1224
950 1086
1611 1037
2663 1228
1325 1417
1948 1118
2354 1486
595 1018
1082 1125
1716 1005
2643 1494
611 1012
1874 1362
757 1390
2402 1358
2404 1498
2023 1366
2613 1433
1786 1109
882 1099
792 1042
2919 1426
2323 1431
562 1287
1711 1228
2882 1342
708 1212
1783 1169
1871 1183
1448 1036
2422 1108
2088 1292
2657 1405
2743 1392
1084 1315
728 1326
1878 1470
1896 1333
781 1359
1371 1419
809 1380
789 1296
1207 1312
2679 1047
1291 1169
1716 1281
2242 1074
706 1095
2666 1308
1613 1249
2472 1232
659 1366
2328 1190
1763 1012
1343 1154
2401 1073
1919 1216
1648 1402
701 1492
504 1027
2468 1127
1336 1189
1401 1379
1660 1004
2475 1055
1439 1151
2822 1334
1958 1272
1193 1440
2746 1240
1989 1292
1112 1493
1236 1087
1842 1110
1646 1114
1457 1373
2020 1134
2272 1328
1187 1351
1095 1312
1758 1459
765 1234
2753 1189
1257 1101
1701 1025
1620 1433
1668 1488
870 1061
659 1448
2425 1036
2141 1052
2514 1058
1790 1121
1452 1094
2324 1493
904 1391
2474 1166
1376 1470
1045 1150
1895 1060
1962 1426
563 1013
1292 1158
1470 1008
2418 1248
679 1455
2586 1369
2768 1379
2638 1446
1926 1384
2417 1497
2640 1079
2011 1181
1157 1480
1820 1016
595 1275
2145 1283
1358 1214
681 1122
1388 1378
652 1167
1950 1041
2886 1255
683 1354
1626 1038
2609 1154
1267 1025
2103 1248
2278 1132
1781 1436
727 1451
1564 1435
1868 1054
1172 1194
2606 1257
2531 1130
633 1004
1253 1422
2191 1498
551 1496
1058 1386
1109 1086
1320 1001
914 1272
2075 1233
2122 1037
1479 1108
2758 1344
1042 1407
2576 1418
1833 1128
971 1198
629 1344
1519 1360
1591 1458
2638 1219
2230 1047
750 1498
2095 1322
717 1471
1130 1125
966 1359
2145 1339
564 1194
1576 1105
1019 1430
1717 1345
699 1285
663 1117
1064 1316
1889 1229
1239 1159
1487 1268
1744 1358
1659 1274
531 1069
858 1184
2181 1438
2237 1158
1942 1118
1457 1033
2002 1363
1071 1151
1357 1281
1286 1445
2939 1444
1155 1216
1218 1295
1143 1109
1760 1138
1124 1144
1439 1032
596 1047
2135 1396
2916 1136
2868 1130
1919 1155
2050 1321
661 1364
612 1006
1454 1047
2030 1152
1002 1023
2009 1132
587 1193
536 1384
1093 1421
1363 1417
2732 1109
1435 1389
1350 1263
2229 1267
1121 1314
1399 1035
2298 1055
1303 1034
1306 1104
1909 1322
1157 1099
2849 1446
2273 1029
2824 1061
1659 1125
1422 1365
2222 1420
1671 1356
1379 1302
1740 1261
577 1291
652 1488
1701 1370
1207 1375
1289 1035
2356 1255
1528 1444
695 1321
2025 1318
2513 1085
1841 1497
2945 1081
677 1220
1342 1204
618 1028
1002 1173
1538 1210
1786 1261
802 1246
2102 1261
2861 1093
1176 1133
2961 1198
1403 1237
722 1499
2582 1026
606 1109
2748 1185
633 1150
1939 1312
607 1053
1806 1415
1931 1461
675 1060
2907 1456
972 1376
2258 1341
1239 1005
734 1114
2387 1410
2477 1152
1576 1308
750 1373
592 1173
2199 1014
1509 1368
1629 1009
1860 1346
2114 1476
2836 1041
2862 1201
1543 1249
2142 1405
2247 1396
1335 1349
1333 1262
2507 1491
1626 1099
1597 1477
1775 1342
2516 1001
685 1284
1264 1442
1127 1377
1552 1393
2371 1427
1211 1021
1044 1248
2264 1128
1347 1334
875 1148
766 1008
1098 1340
1822 1370
708 1005
868 1314
893 1327
1449 1066
1776 1432
792 1025
2470 1292
707 1272
1484 1001
1527 1314
2646 1021
1557 1059
2094 1184
2490 1029
1216 1018
1687 1046
2696 1368
2133 1236
1172 1290
1076 1398
1428 1340
1932 1266
2066 1480
1050 1071
650 1443
2064 1179
2327 1077
2800 1028
965 1289
1121 1236
1964 1334
2552 1230
946 1493
1931 1102
1090 1453
1584 1033
2708 1099
1950 1485
2962 1466
732 1227
1875 1368
659 1302
2754 1139
1831 1429
2031 1311
1765 1239
2666 1378
2049 1374
580 1076
2991 1321
656 1057
2295 1191
669 1319
509 1155
1952 1139
1579 1458
655 1016
935 1315
1379 1207
2637 1127
2056 1419
2817 1391
1934 1443
1591 1050
1298 1103
2502 1268
2348 1356
1275 1496
2391 1194
596 1210
2187 1159
1693 1072
1808 1267
1824 1349
733 1178
1585 1354
1567 1009
1072 1193
993 1417
528 1245
856 1149
2405 1183
616 1487
988 1315
1915 1175
1282 1126
2028 1470
2595 1363
2692 1148
2537 1017
766 1249
2536 1469
2941 1308
1771 1323
1476 1489
2767 1219
980 1224
1046 1401
731 1245
2925 1158
1087 1012
2763 1246
1972 1449
682 1258
2634 1432
930 1148
2749 1496
1165 1425
2141 1079
812 1231
2183 1144
2063 1480
1410 1475
2538 1420
1804 1247
2950 1001
2109 1022
983 1008
2124 1160
2647 1493
1480 1409
2824 1457
2938 1401
2385 1303
756 1392
1512 1382
864 1372
856 1425
1113 1279
831 1486
608 1005
1014 1457
2651 1478
2912 1097
1501 1251
2098 1339
1715 1221
2913 1232
2863 1358
1347 1184
2169 1153
2790 1483
583 1375
2445 1292
1806 1088
2616 1139
1856 1209
1490 1467
2894 1057
2990 1153
1617 1372
1775 1012
2466 1201
2966 1232
1207 1333
2793 1097
859 1105
2740 1026
782 1171
640 1458
2465 1375
1868 1041
2983 1081
2693 1032
915 1021
2142 1345
2502 1280
2980 1222
2671 1469
978 1063
893 1061
2444 1040
1828 1498
1073 1370
1790 1305
2304 1254
651 1294
1817 1470
787 1336
2557 1467
1675 1172
2310 1378
619 1086
2087 1242
765 1294
1141 1270
1532 1489
2322 1267
1507 1295
2573 1453
2077 1493
1622 1238
1972 1209
1070 1021
1954 1073
2551 1129
1004 1120
2700 1023
2228 1323
1291 1216
1536 1276
2621 1120
2429 1442
2826 1425
1099 1229
1355 1133
934 1270
737 1014
900 1171
2467 1178
2596 1021
2052 1355
570 1247
2588 1368
2141 1053
2579 1439
2055 1410
1821 1115
2701 1068
678 1456
1778 1316
2784 1380
1188 1310
1943 1319
1031 1470
2261 1042
1748 1118
519 1216
2122 1485
1699 1206
654 1158
1619 1138
660 1336
2906 1182
1480 1308
1265 1068
2786 1158
531 1007
2893 1265
2486 1454
2967 1460
1726 1130
2728 1108
892 1495
750 1349
2068 1447
1452 1359
1555 1349
1214 1024
1315 1441
1907 1371
981 1320
702 1096
1854 1418
2764 1307
1766 1082
2519 1001
2495 1233
2047 1478
1049 1005
1975 1362
2167 1370
2340 1495
1764 1098
2380 1046
2107 1184
996 1172
1835 1446
1048 1280
1949 1440
2498 1464
2041 1271
2343 1278
1002 1383
2735 1038
1611 1215
1956 1054
1468 1343
1045 1155
1368 1432
2647 1048
1823 1359
2442 1361
2869 1241
2780 1477
2799 1103
2306 1127
2895 1095
2556 1133
1128 1360
2938 1342
644 1255
2245 1228
1886 1368
1880 1175
1188 1245
2168 1341
712 1430
1574 1290
1712 1019
1731 1409
2738 1240
556 1472
2768 1241
2476 1114
1649 1054
1389 1103
1099 1463
1201 1117
1646 1117
738 1120
1119 1009
1798 1461
2426 1411
2289 1352
2987 1483
1321 1273
2473 1046
1894 1411
2584 1388
1645 1158
2120 1071
2100 1144
2567 1387
1739 1089
673 1034
658 1442
2142 1238
1625 1249
1651 1249
609 1050
2201 1033
755 1085
993 1372
2518 1107
710 1462
513 1184
632 1258
1559 1097
1129 1377
2007 1456
2891 1415
2948 1337
1508 1454
2566 1196
719 1139
1868 1447
912 1215
2756 1349
2746 1067
1709 1390
2906 1491
1212 1410
902 1148
2299 1482
1866 1388
987 1092
1473 1019
1319 1274
531 1299
2962 1321
1995 1417
2029 1174
758 1183
1265 1443
1793 1495
2732 1054
1093 1468
2778 1018
1239 1007
2653 1171
2840 1490
2616 1480
1082 1065
791 1273
1078 1419
2229 1289
571 1425
2583 1296
1370 1382
818 1151
1694 1179
2451 1224
1334 1237
1287 1451
2920 1399
2688 1288
1656 1091
2844 1302
1344 1174
780 1127
615 1062
1455 1049
1232 1451
2568 1119
759 1449
1189 1267
1110 1278
1905 1008
721 1496
501 1481
2754 1274
1809 1139
625 1383
2274 1068
813 1286
2264 1333
681 1468
2527 1227
689 1069
2342 1099
2194 1096
1746 1409
871 1266
1054 1080
775 1385
891 1343
1389 1163
1748 1233
2186 1098
2142 1397
1591 1373
2170 1454
2809 1014
790 1325
2315 1452
562 1166
2706 1405
2366 1392
2257 1038
1538 1233
1268 1316
1245 1427
2679 1055
2533 1213
1664 1492
2010 1499
783 1203
1286 1002
2074 1365
1563 1493
2541 1495
1879 1159
2140 1232
1813 1173
1068 1098
2768 1132
741 1388
2629 1204
2568 1491
1504 1135
965 1451
2716 1258
2678 1090
622 1470
1265 1291
908 1235
536 1252
2989 1439
1978 1392
2364 1384
1498 1228
918 1130
1333 1299
792 1319
1585 1223
1745 1164
1440 1019
569 1056
2589 1146
2410 1323
941 1085
678 1445
2818 1122
2330 1488
1259 1279
1478 1253
2788 1289
1909 1231
2722 1147
1601 1162
1889 1277
828 1440
834 1113
1541 1081
2837 1457
801 1248
1988 1240
2005 1143
721 1302
2287 1087
1715 1220
1222 1445
1897 1218
2932 1068
677 1382
885 1451
2360 1335
2941 1398
1944 1450
1178 1229
2795 1299
1131 1209
911 1362
1109 1250
566 1283
739 1402
833 1379
1296 1402
1390 1291
2279 1167
1246 1483
2701 1388
1048 1219
2318 1277
1380 1356
2176 1137
1599 1036
1884 1333
2714 1137
1929 1494
1480 1320
2219 1268
713 1077
1464 1354
1587 1219
871 1120
867 1294
1713 1469
2123 1175
1901 1269
659 1227
662 1030
2082 1358
1047 1104
2447 1333
1503 1140
2218 1158
1382 1120
1051 1203
2461 1254
1449 1102
1292 1220
1283 1095
2615 1394
1151 1324
1989 1432
1554 1397
1240 1214
2798 1039
2555 1078
2079 1297
1896 1032
2810 1075
1841 1059
2015 1052
1966 1153
1997 1479
2680 1364
2519 1132
1496 1235
2720 1146
2349 1046
1229 1308
1031 1406
2892 1433
1719 1482
1829 1371
2418 1461
2315 1380
992 1480
1187 1269
982 1233
2805 1360
2149 1057
879 1317
2264 1232
991 1449
954 1403
2970 1123
1260 1399
2758 1415
1745 1427
1995 1332
599 1392
1532 1111
1932 1011
706 1001
1461 1061
1852 1149
1895 1237
2700 1133
2295 1097
2757 1454
1675 1481
1152 1056
1428 1213
2278 1460
2104 1244
1830 1386
1427 1026
2560 1159
2612 1242
2429 1315
1510 1092
854 1363
2734 1014
2442 1041
1232 1241
931 1363
1440 1298
1159 1336
745 1165
1487 1492
2080 1401
599 1191
1299 1339
1553 1190
1389 1481
1612 1338
696 1349
2490 1248
947 1150
613 1376
2501 1226
1051 1191
2787 1441
1557 1112
2522 1292
2351 1219
2352 1444
1445 1261
2117 1499
1501 1171
2615 1023
1942 1200
2216 1315
2049 1126
928 1050
1801 1313
1251 1088
1495 1066
1581 1119
750 1393
1071 1313
698 1284
1218 1413
1824 1143
1457 1191
885 1225
2809 1466
1473 1412
1207 1134
1519 1445
2060 1317
1893 1386
1960 1368
1813 1487
2456 1291
1904 1174
2992 1423
2059 1261
2672 1381
1156 1052
1316 1295
1199 1482
2865 1087
2045 1037
1200 1209
2533 1282
2366 1261
1974 1297
1838 1304
2240 1292
2736 1257
1784 1346
1077 1246
673 1287
1625 1028
2792 1068
1352 1101
1788 1114
1696 1113
2256 1231
958 1293
2426 1321
2545 1263
764 1134
2392 1048
1188 1105
2439 1334
1111 1485
2045 1494
2127 1371
760 1426
2460 1322
2335 1035
521 1369
1325 1416
518 1086
2499 1458
730 1104
1721 1203
1262 1242
2276 1092
1413 1406
853 1350
2417 1212
2520 1130
2248 1154
2795 1172
2972 1129
941 1485
2524 1401
1380 1098
1746 1104
1545 1220
1775 1090
2991 1308
1124 1019
1240 1230
1993 1286
1174 1240
2195 1318
1363 1275
2258 1319
1401 1137
2120 1213
1725 1134
918 1468
2964 1114
2953 1201
2526 1349
1446 1195
1574 1204
929 1179
2345 1267
2806 1183
2378 1322
787 1139
1674 1202
2413 1263
663 1067
1751 1176
1269 1350
2973 1299
1063 1284
538 1187
1397 1429
650 1356
588 1489
2623 1229
2639 1333
1212 1404
785 1022
911 1322
1159 1042
2748 1231
2000 1336
1491 1222
2175 1133
2282 1144
2857 1468
575 1282
1698 1272
1922 1084
1457 1212
703 1342
2978 1272
2148 1107
542 1288
2564 1375
772 1209
1249 1499
2816 1404
2945 1457
2508 1297
1499 1471
2146 1063
1266 1465
650 1490
1343 1058
1206 1484
1853 1060
1182 1071
888 1368
1522 1230
2735 1493
885 1156
2196 1089
1025 1128
712 1103
557 1031
2882 1142
2466 1463
1693 1330
1745 1251
1462 1253
536 1388
723 1334
1313 1130
1671 1284
2368 1404
540 1116
1157 1132
1213 1275
2098 1119
713 1280
646 1327
2886 1100
1572 1387
1378 1428
675 1112
1456 1364
1956 1456
1921 1226
1511 1167
625 1333
2134 1205
1165 1088
1338 1016
1202 1034
2112 1296
1463 1236
1325 1413
2603 1478
2404 1226
746 1034
2483 1476