4350 5000
602 1178
1320 1198
1322 1191
1243 1430
2559 1360
1358 1496
1388 1024
1634 1476
2682 1077
1522 1349
2216 1456
2555 1185
811 1099
2410 1248
2671 1479
842 1221
615 1083
663 1134
1174 1482
1699 1311
660 1215
1285 1199
803 1376
813 1272
965 1390
2989 1141
1990 1401
2520 1025
1211 1011
2858 1419
1220 1122
2368 1292
1427 1254
2179 1252
2097 1041
1079 1391
611 1079
1585 1062
1611 1103
1050 1021
1578 1371
2228 1405
2989 1181
934 1012
2568 1497
776 1088
1327 1227
1015 1086
708 1051
1007 1228
985 1112
1193 1336
568 1119
1780 1160
917 1156
986 1450
1548 1455
1957 1288
935 1219
2042 1413
2176 1130
1345 1258
1016 1139
2459 1015
1842 1250
1894 1252
647 1331
1389 1193
2132 1406
2347 1166
1443 1206
2054 1007
1716 1291
1311 1019
1605 1488
1299 1458
1537 1123
2835 1204
886 1409
952 1231
2940 1326
587 1071
1019 1264
2980 1000
2864 1351
2670 1403
766 1157
2384 1493
705 1127
1710 1497
2281 1190
885 1289
2888 1408
2500 1415
771 1092
2480 1162
1360 1111
1971 1227
1522 1035
2632 1229
575 1421
1896 1005
1156 1009
2076 1211
2293 1488
1765 1257
1124 1022
2130 1019
2252 1252
1284 1188
1356 1124
2477 1386
1093 1193
560 1225
1136 1182
1621 1337
2545 1484
811 1444
2619 1008
2782 1009
1470 1149
2619 1153
2318 1162
902 1333
820 1326
1376 1298
1806 1310
1338 1047
2403 1029
2270 1003
2893 1350
1199 1075
1474 1133
1938 1372
2853 1223
2609 1085
846 1216
2855 1468
971 1462
1716 1366
2202 1305
2909 1276
2314 1031
649 1351
1283 1138
1249 1064
1073 1189
1999 1179
2602 1355
2607 1295
801 1188
2105 1384
665 1409
1414 1310
1816 1028
2303 1253
835 1143
819 1240
829 1375
831 1043
2114 1223
1963 1198
2290 1236
1113 1487
2451 1114
2429 1179
2059 1008
2356 1426
1903 1150
2427 1476
2051 1104
593 1327
2535 1483
2199 1250
1436 1345
1072 1049
2948 1466
2250 1303
1832 1053
2548 1462
2175 1218
2796 1021
2093 1127
1846 1229
2568 1157
1447 1401
790 1482
767 1445
859 1049
1589 1029
2569 1005
2618 1438
1624 1163
1543 1378
1259 1279
1240 1453
855 1275
829 1469
824 1015
2729 1272
1400 1364
1955 1190
1712 1489
2548 1428
918 1219
1816 1360
1067 1216
1667 1361
2799 1220
1089 1414
1605 1374
1686 1451
821 1318
2374 1386
1084 1403
1814 1125
560 1364
955 1250
2525 1269
2774 1114
597 1439
2459 1477
1284 1394
2854 1207
2445 1080
1856 1006
2589 1178
2161 1129
1212 1018
683 1322
2475 1369
2960 1450
787 1477
1238 1107
1663 1454
1595 1320
1270 1412
1370 1439
997 1476
1661 1003
1414 1332
951 1364
672 1498
1638 1420
1302 1413
1391 1462
770 1192
1429 1098
2349 1306
2485 1325
1447 1478
748 1228
2205 1345
756 1499
1113 1126
2090 1389
2442 1235
1409 1158
2701 1286
2988 1431
880 1155
1134 1380
2036 1302
2837 1488
1796 1223
983 1272
2665 1147
2075 1259
1775 1497
2117 1080
2783 1211
630 1335
1714 1332
594 1404
1000 1378
1753 1112
717 1340
980 1224
2595 1488
1628 1234
1726 1240
2641 1155
2166 1332
2422 1076
2473 1294
1304 1420
981 1383
957 1298
2206 1122
2871 1396
1225 1135
1592 1405
1771 1468
988 1485
1287 1081
2300 1461
1432 1462
1963 1416
2575 1333
2803 1336
1068 1227
2070 1114
2763 1127
2135 1087
1298 1352
2124 1180
2137 1222
2877 1240
1270 1010
2523 1211
2219 1027
2641 1164
2166 1105
1829 1483
1378 1294
2906 1034
892 1456
2745 1162
2971 1262
2165 1331
926 1314
2175 1028
1608 1091
2618 1019
1832 1226
2053 1194
2897 1237
1699 1386
1194 1294
2062 1009
2659 1048
525 1237
707 1381
2201 1476
790 1439
2829 1053
1078 1264
2895 1307
2566 1476
2257 1180
2011 1188
2727 1100
560 1067
638 1361
2507 1236
1037 1210
1974 1141
1343 1453
1727 1341
1663 1323
1624 1375
2964 1095
1739 1303
1361 1358
778 1109
2760 1447
545 1365
682 1125
838 1357
1431 1182
1367 1371
1658 1023
1742 1442
1722 1091
1192 1450
1733 1407
1875 1237
1352 1290
1186 1050
1914 1193
1053 1031
1617 1133
2242 1496
1229 1018
2214 1166
1023 1226
1407 1217
1495 1421
709 1472
2145 1176
1977 1049
2655 1312
1835 1470
1588 1429
2077 1037
1119 1312
1210 1114
2374 1490
2070 1110
885 1304
2745 1131
840 1294
938 1499
2104 1169
2739 1108
2958 1302
1710 1220
1802 1173
1943 1441
967 1110
1516 1076
1754 1379
1266 1322
1072 1250
1386 1391
2429 1071
1062 1460
696 1154
2364 1401
1979 1004
2982 1308
889 1041
1922 1169
2137 1351
2726 1402
1015 1242
2330 1055
2287 1210
2640 1296
804 1456
1289 1338
2545 1278
2652 1040
2283 1335
1787 1496
992 1220
2506 1404
625 1353
1985 1493
1929 1350
2767 1394
570 1431
1710 1482
1957 1487
1635 1084
2069 1118
2326 1419
2852 1217
820 1308
834 1452
2782 1454
2263 1451
1758 1008
529 1190
908 1111
2321 1007
2617 1314
2743 1090
1672 1215
2800 1435
723 1047
1581 1359
1869 1285
874 1081
1220 1020
2000 1057
1985 1068
1278 1102
1798 1377
2310 1348
684 1304
1016 1402
1872 1072
2442 1233
1466 1400
704 1052
1318 1348
2726 1435
982 1283
2128 1429
1847 1014
967 1347
1610 1009
1813 1226
2686 1107
1305 1002
2552 1008
2768 1332
2126 1335
1090 1468
1649 1464
1580 1406
2417 1278
2341 1022
725 1000
2652 1361
2447 1389
2202 1092
1476 1140
1566 1021
1138 1362
2486 1331
1719 1303
526 1188
1631 1228
2469 1134
2798 1317
699 1406
1971 1059
2259 1098
974 1025
1640 1367
1347 1115
1023 1453
2050 1013
2139 1257
2094 1305
1200 1250
1536 1206
2261 1088
1565 1480
1662 1164
1714 1394
1925 1433
1699 1434
1562 1086
2453 1117
889 1300
1849 1197
985 1134
995 1085
2206 1245
1577 1042
503 1439
2337 1202
833 1182
2856 1351
1483 1058
1009 1065
582 1224
1110 1294
1104 1499
867 1336
1998 1320
910 1099
798 1278
2546 1339
2210 1314
1614 1111
506 1455
1593 1376
1291 1001
958 1327
2773 1268
646 1285
1173 1201
2094 1316
2915 1234
2353 1138
2931 1380
1321 1208
1656 1396
2105 1175
1392 1165
2311 1176
1893 1225
2512 1152
2323 1185
1728 1438
1970 1286
1030 1079
2895 1288
1093 1058
873 1213
1602 1466
1884 1122
2237 1230
1160 1162
2004 1118
1641 1004
2548 1365
2509 1171
1234 1023
1838 1368
2071 1327
1681 1490
1158 1226
2606 1474
1678 1428
947 1039
740 1047
2891 1498
2031 1180
2307 1077
2025 1243
2481 1494
543 1062
787 1463
1274 1159
1221 1059
1536 1306
2082 1202
1416 1194
2797 1288
2071 1083
1037 1040
1486 1391
1883 1204
1692 1068
1030 1445
2791 1353
1611 1079
2441 1272
1447 1016
2852 1471
1190 1041
1085 1388
2714 1336
1897 1340
1230 1272
2581 1009
1732 1251
1384 1384
623 1204
1740 1011
2668 1266
1681 1230
1798 1157
1385 1360
1296 1117
989 1127
2761 1157
602 1473
2388 1230
1842 1078
1496 1130
1399 1407
860 1473
1657 1458
852 1490
2198 1250
2331 1342
2725 1385
769 1186
2893 1374
1773 1377
623 1165
2457 1173
878 1139
2851 1328
2575 1469
745 1055
1750 1269
2655 1460
637 1338
2852 1226
2791 1231
2321 1102
1697 1234
1075 1280
1003 1298
1330 1163
724 1051
1851 1146
957 1254
973 1282
1819 1016
1720 1044
2470 1222
2544 1142
1613 1467
892 1416
935 1321
1793 1333
1068 1455
1124 1275
909 1242
2458 1436
2278 1016
2387 1027
634 1024
2455 1387
1427 1099
1383 1379
634 1467
2790 1246
1725 1138
810 1213
1461 1164
1639 1101
793 1278
2393 1140
577 1427
1068 1361
552 1008
1918 1250
1352 1496
2954 1161
2440 1343
1619 1181
2634 1042
1423 1017
1830 1094
1984 1155
2462 1008
898 1381
1440 1438
1774 1054
2503 1375
578 1307
558 1178
2694 1158
988 1202
2326 1203
2124 1183
1961 1039
2781 1411
2413 1320
1271 1474
1243 1373
1221 1299
1380 1302
584 1369
2056 1291
1634 1394
2309 1017
955 1005
1668 1478
546 1112
643 1260
2246 1238
1879 1456
2778 1454
2583 1362
607 1087
2373 1084
2390 1320
2352 1080
1977 1125
1236 1216
1228 1266
1738 1453
705 1026
1827 1051
1909 1499
612 1061
2030 1233
1081 1202
1887 1304
609 1135
1895 1345
974 1044
1736 1182
1246 1273
2487 1144
1307 1466
2034 1145
2955 1450
504 1139
588 1182
2182 1284
2991 1419
2013 1350
2994 1008
1817 1358
1333 1290
1345 1319
2986 1367
2237 1131
1992 1024
2027 1475
910 1480
2576 1370
1083 1422
1982 1127
768 1127
1801 1250
1718 1086
1222 1481
1305 1146
2781 1499
913 1096
2897 1206
2892 1114
2944 1249
1347 1121
1534 1095
2459 1023
526 1270
2980 1034
874 1130
988 1038
1257 1008
1710 1048
1642 1069
2556 1450
2495 1423
1732 1144
2801 1200
1398 1477
1507 1403
2412 1181
775 1091
2976 1122
1182 1423
1513 1044
1443 1124
782 1259
1453 1381
795 1394
1579 1415
1963 1096
505 1234
1794 1018
2082 1210
2562 1063
1493 1079
1416 1136
1636 1418
764 1096
1125 1482
678 1106
582 1426
1903 1343
595 1219
1412 1241
734 1161
563 1224
916 1453
1900 1015
1853 1272
2507 1456
1371 1386
1245 1482
2097 1396
2777 1140
2781 1013
1131 1355
1100 1408
1653 1036
2838 1394
2518 1043
1671 1126
2006 1366
1563 1094
2424 1210
1406 1196
2124 1352
1934 1030
2591 1242
2773 1167
2157 1414
872 1182
2166 1252
1286 1373
1910 1309
1846 1397
1976 1344
1937 1098
1589 1347
1018 1222
1153 1026
987 1078
860 1287
2375 1188
1546 1443
1126 1312
1973 1322
2611 1034
1280 1119
945 1162
1765 1364
2609 1029
1596 1298
1138 1312
931 1489
2573 1353
1636 1028
2768 1223
1760 1399
824 1144
2164 1273
2337 1306
1988 1329
1565 1375
2996 1104
2549 1357
615 1020
1975 1289
2236 1357
723 1154
2875 1179
1120 1382
2533 1047
2336 1384
1767 1479
1382 1030
2831 1437
1025 1311
1325 1102
1742 1093
1588 1193
1077 1104
818 1015
2512 1069
2253 1216
2243 1410
1448 1266
1791 1058
800 1017
551 1065
2998 1245
1010 1034
1023 1231
550 1498
2349 1367
770 1264
2645 1075
1062 1179
2587 1062
2940 1137
2974 1030
2281 1101
2400 1055
513 1403
2506 1406
611 1066
2572 1243
2939 1420
1680 1240
2527 1393
2532 1333
505 1280
1118 1200
1285 1371
2596 1465
1565 1169
2911 1148
1270 1434
1068 1123
2759 1380
2171 1302
2100 1173
1231 1167
540 1012
514 1401
808 1413
1657 1082
2733 1302
1684 1261
1119 1018
1412 1108
556 1212
2927 1472
2027 1293
1105 1048
1123 1046
748 1058
689 1403
2719 1407
1082 1297
2005 1059
1214 1424
725 1383
1227 1092
2005 1086
1570 1121
2444 1474
833 1440
1223 1318
747 1127
596 1233
933 1096
2823 1402
1416 1476
1560 1162
1039 1128
2492 1212
1980 1408
2798 1366
1937 1194
2117 1321
684 1273
1176 1476
893 1363
2494 1461
1616 1175
564 1195
2520 1378
646 1398
2180 1184
1171 1336
1293 1032
1149 1103
1393 1362
2284 1086
1090 1230
2060 1433
1691 1151
2367 1050
911 1476
2074 1256
786 1485
1911 1258
2437 1058
650 1288
2376 1283
2061 1056
1349 1017
1374 1159
2927 1093
1187 1335
2465 1095
2529 1374
2875 1386
1327 1218
2490 1423
1547 1069
530 1034
2956 1255
2204 1224
1053 1230
1385 1490
694 1005
1776 1036
775 1363
1526 1239
1339 1130
2427 1275
2717 1098
617 1433
1942 1020
633 1373
2803 1247
2434 1392
2762 1460
674 1164
2490 1326
1642 1165
2205 1245
662 1428
2351 1205
2401 1311
2906 1236
931 1026
1455 1055
2376 1448
601 1373
1809 1006
692 1047
2369 1069
1839 1195
1613 1374
986 1108
2249 1294
1242 1432
1369 1282
2259 1312
1142 1190
1978 1434
2227 1012
2116 1177
2498 1475
511 1402
2603 1389
2140 1386
1919 1295
1935 1020
1727 1411
2521 1218
2657 1496
1093 1475
711 1279
1119 1418
1376 1429
2665 1237
729 1121
977 1445
2259 1381
2223 1083
1163 1368
903 1216
900 1374
1721 1236
1680 1141
2822 1224
1350 1245
849 1216
2326 1311
2693 1416
2386 1343
2603 1011
2364 1388
2530 1078
2474 1229
913 1265
1918 1237
1324 1052
1419 1315
1433 1280
2020 1166
2981 1308
1924 1350
2564 1030
1961 1124
2880 1321
691 1455
2778 1361
2210 1163
642 1367
626 1375
1379 1277
2745 1459
2561 1369
1241 1187
1341 1239
1305 1386
2744 1430
1010 1338
1006 1422
1094 1318
1198 1245
664 1331
1704 1237
1946 1098
1106 1242
1637 1324
2914 1131
1625 1208
2526 1004
2817 1210
1944 1411
1667 1443
711 1461
2237 1002
2817 1313
1204 1120
765 1046
1622 1033
1127 1343
2120 1264
2275 1121
2076 1381
1543 1348
1023 1268
2675 1465
895 1296
980 1335
1004 1273
884 1450
2778 1320
2530 1127
2495 1285
1193 1469
502 1187
2452 1454
2129 1037
1879 1015
1669 1270
732 1176
1043 1268
2879 1226
696 1086
566 1396
1513 1087
2950 1023
1914 1442
1599 1453
2952 1014
511 1458
688 1080
2455 1256
1709 1369
2059 1025
507 1254
2370 1270
2850 1272
869 1140
1402 1488
2563 1161
2286 1115
2155 1444
1167 1039
806 1272
2072 1179
744 1201
2007 1483
1569 1227
523 1365
1159 1495
1683 1390
548 1303
669 1271
1536 1247
1626 1164
1220 1302
1954 1217
2538 1380
2627 1167
2887 1188
508 1032
2951 1469
2444 1235
2362 1499
2606 1300
1919 1301
2713 1254
597 1354
2473 1327
806 1212
2220 1195
648 1441
1090 1143
2468 1125
2696 1298
2505 1252
2221 1374
1886 1039
2170 1266
2757 1440
1755 1379
1417 1256
894 1322
1685 1329
2217 1415
2254 1170
1893 1251
2036 1492
864 1409
2616 1237
1658 1477
1460 1408
1542 1460
2843 1083
2069 1429
2063 1203
2082 1432
2598 1372
2759 1268
2322 1156
1352 1067
1160 1109
1002 1253
2886 1187
2085 1052
1966 1023
1760 1156
2472 1423
1518 1120
2588 1112
1046 1414
1588 1271
1249 1307
2312 1404
2853 1219
2385 1406
2868 1178
1456 1328
2537 1058
2686 1034
676 1053
1380 1376
2198 1353
915 1442
2757 1033
2817 1472
917 1203
2788 1084
2571 1236
1900 1423
1590 1362
2721 1006
570 1278
1591 1372
1656 1090
1319 1420
731 1185
1801 1093
895 1468
512 1214
1666 1313
1900 1203
2202 1268
775 1225
2258 1268
2672 1211
1053 1387
1402 1376
1741 1266
1953 1210
1095 1266
559 1477
1499 1360
809 1005
1234 1211
2820 1485
2182 1167
583 1064
1704 1000
2692 1458
1919 1171
1185 1017
1543 1114
840 1315
1109 1017
2943 1063
2551 1049
631 1190
1407 1260
1796 1171
1265 1277
1173 1250
2084 1367
2952 1199
1611 1163
2462 1473
2455 1112
1194 1050
2318 1137
561 1206
2148 1389
943 1453
814 1004
2187 1144
2890 1292
2797 1455
1794 1046
2387 1115
1783 1052
1529 1442
1051 1357
1954 1465
1941 1075
1894 1382
1455 1177
969 1289
2849 1077
1032 1065
2567 1192
2385 1390
2536 1058
2191 1278
1603 1372
2387 1223
1717 1420
977 1184
2408 1213
2158 1261
2682 1139
2399 1146
973 1167
2076 1197
1720 1007
2333 1281
2811 1428
2268 1030
696 1450
882 1056
2227 1180
1193 1266
504 1206
2618 1265
1713 1094
1634 1264
2226 1470
1933 1308
2305 1387
1304 1406
961 1252
597 1388
1220 1346
2838 1438
2818 1400
1520 1385
759 1064
1342 1000
1049 1234
1741 1357
2522 1440
1158 1225
2925 1260
2994 1168
1142 1025
885 1287
1881 1187
1877 1344
1043 1030
2623 1101
2126 1242
1351 1482
2346 1424
818 1023
505 1231
2866 1253
928 1142
532 1097
2205 1346
1409 1030
1500 1017
2002 1165
1521 1357
1782 1390
1073 1149
1304 1458
2547 1494
2766 1120
1397 1021
2779 1415
2731 1336
2615 1225
2165 1340
1210 1267
2418 1033
2265 1131
1712 1057
2878 1497
1643 1443
1173 1400
2105 1106
823 1327
1385 1052
1689 1494
2874 1374
1306 1068
1237 1397
2185 1147
2465 1033
1350 1227
722 1191
988 1088
2730 1380
2986 1359
983 1362
1363 1280
1144 1398
2566 1161
1862 1081
869 1210
2801 1160
1379 1031
2490 1359
1926 1427
1286 1137
2520 1105
511 1393
1251 1284
558 1051
2077 1024
1390 1190
2862 1173
879 1256
1557 1472
2970 1362
2276 1105
1440 1054
616 1402
2264 1266
1828 1321
2132 1038
2339 1103
2430 1187
1694 1120
814 1294
1233 1132
2641 1228
2218 1361
1530 1271
2447 1495
2794 1326
2662 1333
665 1434
2394 1212
2738 1468
1285 1175
2337 1308
649 1271
969 1128
2446 1214
2260 1428
1363 1289
1512 1082
2436 1064
1696 1011
2896 1040
1114 1016
627 1413
649 1066
2004 1030
1587 1311
683 1038
2628 1367
1424 1199
620 1149
656 1304
2901 1464
2120 1475
938 1001
862 1236
1010 1141
1432 1287
867 1393
1802 1010
527 1130
2111 1290
1765 1137
1618 1042
1067 1146
2911 1266
627 1431
1244 1193
2666 1387
2783 1456
941 1046
1036 1354
2834 1422
1571 1106
608 1369
1478 1235
2882 1491
2071 1391
1534 1438
1753 1287
1316 1342
2522 1403
1313 1213
670 1446
2783 1214
2564 1134
1496 1209
1474 1317
2320 1180
515 1078
1879 1315
1052 1364
1360 1451
724 1141
779 1493
2801 1409
1940 1314
841 1456
1610 1007
1505 1287
2242 1158
2369 1184
1596 1431
1201 1083
997 1065
2645 1032
979 1263
2228 1132
2136 1152
907 1004
1291 1369
1810 1392
716 1227
1089 1352
2847 1075
1120 1318
895 1250
2696 1157
2398 1308
1564 1056
2272 1305
2777 1225
1312 1114
2053 1046
2999 1258
2271 1490
2601 1485
2810 1167
2979 1266
505 1137
1925 1252
2809 1466
1487 1330
1598 1142
1324 1125
843 1185
2885 1274
1752 1330
1278 1424
1736 1403
2026 1308
1862 1384
963 1010
1262 1274
2978 1419
2529 1014
776 1284
1502 1000
2984 1449
1431 1099
1403 1344
622 1090
805 1423
2672 1464
2503 1225
1658 1092
1592 1297
2006 1380
2962 1303
928 1248
1962 1495
725 1387
2240 1339
1067 1322
2726 1276
1490 1226
613 1410
2819 1177
2309 1269
1813 1082
2157 1107
2569 1445
1735 1248
1597 1347
2899 1030
2778 1277
921 1281
1993 1193
1162 1181
750 1361
1123 1345
2235 1450
820 1265
1223 1187
2359 1065
1936 1410
2941 1475
1586 1391
1703 1257
2923 1342
2445 1090
644 1420
848 1364
1277 1486
2380 1004
2765 1499
2911 1379
2152 1099
2829 1256
2209 1265
694 1165
1112 1483
749 1167
1150 1157
1878 1320
2911 1048
2452 1173
1804 1345
1960 1336
2257 1408
2083 1436
1946 1490
2136 1440
682 1216
2477 1356
2347 1434
2701 1106
2598 1497
1315 1240
2850 1292
930 1055
1887 1306
1352 1170
1387 1275
1879 1472
541 1059
1970 1338
2665 1303
1242 1481
2280 1072
1467 1092
1113 1047
2996 1102
1863 1296
1294 1291
2914 1037
1834 1115
822 1330
1612 1062
745 1471
1471 1093
2342 1476
1058 1017
1255 1346
730 1230
1184 1350
964 1433
960 1348
2001 1119
826 1383
1201 1023
2950 1437
1754 1266
1591 1389
768 1390
2622 1304
2723 1212
1455 1388
908 1197
1433 1239
1691 1467
2815 1398
2784 1395
1864 1402
1077 1244
2643 1107
2259 1244
2604 1296
2266 1419
2855 1219
2277 1164
2687 1165
1394 1029
2290 1206
2785 1015
1475 1296
1596 1270
632 1273
1521 1182
2237 1144
1776 1305
1274 1385
1057 1123
1843 1472
1077 1056
2516 1101
1562 1162
2704 1238
1154 1408
639 1309
1449 1023
1500 1292
1523 1394
2207 1326
1371 1228
1067 1220
2323 1336
2692 1263
2843 1376
1193 1128
989 1215
2185 1469
1690 1295
1067 1357
2533 1108
2071 1283
1265 1489
1062 1475
1171 1396
1945 1132
2932 1226
2620 1400
1182 1240
1155 1483
1189 1300
2615 1028
2380 1442
994 1365
1144 1487
2217 1156
2399 1336
1759 1031
2319 1320
1329 1342
1991 1059
2609 1064
1813 1452
909 1370
2240 1146
1260 1130
2154 1459
735 1288
1582 1091
2681 1397
735 1470
1406 1160
2547 1383
1292 1476
2912 1186
2832 1204
2617 1161
2521 1146
2839 1224
547 1050
2886 1469
1443 1010
2996 1181
2060 1010
1516 1413
899 1059
2353 1377
883 1447
2421 1299
1272 1404
1655 1132
2758 1453
785 1414
793 1269
1174 1054
2885 1300
705 1223
1885 1176
572 1287
679 1471
1431 1083
1679 1342
1986 1225
2862 1321
2395 1154
2436 1233
2316 1402
1016 1268
2200 1137
1485 1080
962 1076
1621 1325
687 1069
2843 1352
1152 1192
1456 1199
2330 1110
1927 1373
1122 1063
2962 1091
1371 1420
813 1334
1439 1186
2343 1242
2508 1493
2582 1387
1974 1112
2060 1127
533 1186
2168 1179
2708 1312
2940 1372
1771 1257
2595 1411
2236 1176
1671 1169
2875 1183
1002 1189
1061 1432
2171 1032
996 1303
1819 1167
1596 1466
857 1399
2764 1183
1371 1241
1324 1235
2761 1286
2195 1147
579 1258
918 1239
1158 1107
1280 1009
1186 1248
2831 1452
2915 1033
2316 1391
1001 1426
622 1007
762 1444
1575 1233
2399 1239
504 1140
2493 1112
2903 1072
1657 1488
1436 1265
2362 1469
2490 1242
921 1063
1100 1195
565 1079
2169 1376
1856 1207
2626 1228
1175 1225
530 1276
1712 1493
1600 1411
707 1062
2065 1127
2527 1466
2988 1295
2557 1430
591 1329
506 1308
1312 1316
2269 1081
1392 1281
1033 1275
2116 1345
577 1480
2090 1155
2566 1398
1968 1019
1418 1085
1574 1120
905 1137
1533 1358
1834 1407
619 1427
2515 1184
901 1397
2994 1106
1348 1485
1408 1426
1655 1255
1867 1340
2609 1492
1628 1140
1293 1337
1934 1315
2395 1303
579 1229
603 1433
714 1182
2898 1306
1621 1098
2615 1365
2957 1253
2322 1150
1687 1391
1730 1482
1504 1008
601 1053
1662 1497
2994 1271
1287 1420
2411 1383
681 1050
2760 1457
2163 1461
1919 1127
993 1489
796 1126
2122 1183
1568 1254
2335 1494
2777 1383
873 1114
2381 1020
2490 1306
532 1089
2962 1302
1677 1195
2678 1256
2300 1259
1079 1286
1114 1386
1613 1178
813 1426
956 1107
990 1464
2987 1335
884 1313
2696 1044
738 1094
1759 1296
1496 1353
1164 1058
2997 1310
2299 1387
2730 1067
2486 1038
1467 1499
523 1244
2020 1002
2882 1139
1028 1315
2255 1455
2753 1372
2030 1352
1227 1449
1872 1229
1591 1466
2657 1055
1748 1006
2621 1069
2741 1099
1660 1023
1860 1489
2828 1402
1038 1358
2332 1002
1937 1111
656 1264
2441 1016
1679 1061
2630 1231
1732 1263
689 1027
871 1330
900 1259
973 1370
1059 1070
1864 1244
1210 1436
2427 1047
1572 1428
2860 1139
1343 1206
849 1021
2361 1352
1045 1130
1043 1241
2966 1086
1299 1169
1375 1039
2225 1326
2845 1249
1854 1495
1230 1349
2241 1493
1542 1289
1364 1498
923 1453
1101 1260
1986 1009
1183 1189
1106 1126
1633 1030
2758 1338
1491 1280
1004 1467
2486 1310
2717 1444
736 1140
1598 1488
2169 1463
786 1047
2536 1043
630 1115
1326 1168
1366 1010
1082 1336
519 1117
1850 1201
2993 1355
665 1298
1631 1484
2781 1295
2275 1097
1807 1306
2953 1474
2023 1040
918 1366
1219 1436
843 1384
969 1415
2491 1234
2009 1028
1230 1048
1784 1274
2617 1222
2878 1495
936 1487
2717 1168
2020 1388
888 1371
543 1070
2405 1467
882 1371
912 1233
1101 1305
2012 1053
560 1079
2726 1251
1800 1311
1518 1019
2927 1431
2269 1043
1949 1032
518 1178
2237 1208
1294 1385
2479 1226
1307 1415
1904 1006
1544 1112
938 1246
2853 1022
2259 1267
1052 1113
1796 1483
718 1372
788 1300
2575 1204
567 1333
1268 1412
1748 1430
2077 1143
696 1177
543 1463
1901 1443
2925 1327
1719 1058
2057 1157
2327 1457
2228 1441
1133 1040
706 1460
822 1110
2320 1418
2904 1161
2123 1376
2232 1473
2612 1180
1364 1440
1261 1288
1998 1179
1333 1018
2111 1409
1976 1330
525 1143
526 1427
1391 1229
1727 1165
563 1209
1147 1020
2251 1317
1732 1192
1825 1491
1946 1111
1530 1039
1672 1152
712 1308
2511 1184
1964 1214
1439 1287
1094 1160
1134 1463
614 1339
563 1469
1281 1493
901 1159
1162 1147
676 1207
1399 1388
2060 1318
825 1275
2446 1090
2715 1372
1106 1205
622 1104
2167 1116
2642 1448
815 1214
2464 1080
2675 1183
2533 1136
2689 1250
1463 1371
1612 1343
1036 1243
1901 1087
2354 1267
626 1362
2360 1017
1337 1492
1921 1074
2075 1383
1496 1431
991 1315
2464 1289
2870 1269
502 1450
2696 1287
2587 1462
1513 1205
2371 1436
2970 1365
1520 1306
2170 1178
2564 1112
2707 1021
2842 1072
1510 1043
1963 1260
1578 1153
2648 1039
2208 1492
2348 1046
1440 1163
1628 1374
2055 1448
768 1117
688 1168
857 1048
2096 1019
1645 1115
530 1102
1567 1073
585 1331
2501 1341
2400 1298
616 1425
1038 1344
1228 1191
1820 1388
2400 1278
1984 1348
1406 1133
641 1492
771 1154
2820 1401
1149 1176
1126 1113
832 1362
1182 1458
1456 1117
654 1408
1311 1420
2665 1315
2703 1359
1398 1289
667 1120
2121 1397
587 1080
1729 1062
2222 1238
2210 1071
2914 1184
1730 1107
1602 1249
1393 1402
2205 1496
1959 1015
587 1128
596 1306
2860 1075
2441 1180
738 1388
1041 1445
840 1333
2255 1217
1028 1029
1269 1356
1640 1121
2807 1101
2786 1435
1527 1099
2126 1015
842 1242
1450 1140
1463 1365
2868 1369
1178 1113
2651 1003
1391 1345
677 1358
2283 1045
1686 1219
2454 1255
1735 1004
570 1224
715 1358
1005 1296
1492 1208
1267 1386
1974 1491
1257 1027
1501 1131
2178 1131
2704 1355
1214 1396
2619 1339
1037 1245
1565 1217
1860 1419
2215 1153
2394 1360
1943 1337
1634 1237
1982 1168
1395 1076
533 1100
1781 1087
1629 1390
1484 1235
910 1175
2163 1493
2174 1146
1167 1170
2426 1440
2876 1425
2132 1320
1417 1145
1536 1097
1467 1398
2707 1393
1662 1225
2559 1302
2261 1033
2004 1116
558 1040
2025 1292
1275 1293
1328 1265
2457 1307
676 1077
1031 1232
2618 1135
558 1182
731 1357
2419 1018
1762 1119
2400 1205
2700 1466
1747 1047
2864 1048
1787 1224
2641 1450
1593 1066
2966 1308
2323 1158
2479 1204
1522 1367
1432 1264
2860 1367
688 1323
2242 1376
916 1470
2645 1417
1580 1157
616 1141
1918 1264
1286 1430
1643 1126
1853 1314
1848 1232
1208 1173
893 1182
1676 1333
1519 1337
676 1023
1193 1470
1733 1416
1971 1119
2142 1293
1152 1464
2382 1142
1281 1405
1310 1203
2034 1319
1832 1355
2091 1409
2878 1050
1750 1428
1137 1374
1585 1494
547 1170
583 1336
2557 1105
2836 1280
2108 1306
1640 1404
2235 1230
1298 1293
2096 1096
980 1305
2393 1069
1185 1069
1769 1461
2930 1441
2860 1282
1641 1010
2323 1236
2852 1029
1350 1187
523 1377
1425 1393
2061 1207
1548 1407
633 1299
2039 1115
2128 1394
1934 1374
1606 1077
2514 1302
1437 1006
2741 1302
1890 1484
1903 1098
2512 1003
1052 1078
1456 1350
2209 1401
2129 1085
1418 1011
1071 1022
1980 1256
739 1270
1465 1182
2844 1235
641 1025
815 1200
2908 1370
805 1095
2643 1320
1534 1382
1184 1072
2569 1491
1911 1257
2713 1327
1185 1352
2378 1434
1976 1034
2201 1001
1874 1189
1179 1071
2123 1018
1434 1279
1761 1220
1276 1028
794 1122
1459 1349
2197 1446
2122 1019
2501 1131
2700 1240
2489 1324
1831 1480
1656 1463
2048 1244
2443 1330
1290 1394
2361 1237
616 1292
1973 1229
924 1280
2645 1008
1430 1203
2911 1063
1172 1459
1264 1411
2308 1070
840 1026
941 1467
1667 1183
798 1036
1470 1104
578 1414
1771 1120
2592 1468
2154 1412
2632 1329
919 1080
1636 1245
2150 1254
2975 1266
909 1283
954 1447
503 1481
501 1149
2256 1377
2620 1404
595 1251
1319 1189
2399 1100
1555 1200
2135 1173
2138 1360
2887 1062
2691 1130
2229 1321
1372 1126
1995 1451
1608 1476
2653 1384
1298 1135
985 1426
899 1310
1439 1288
2998 1269
512 1111
1675 1437
2768 1294
1242 1033
596 1323
1726 1168
2874 1490
1222 1364
1549 1093
564 1168
2591 1308
934 1426
1412 1327
2277 1037
2556 1440
824 1359
2071 1008
1498 1315
793 1279
1804 1306
2168 1335
732 1327
1398 1469
550 1328
2464 1313
971 1404
606 1175
1741 1307
2356 1446
929 1235
1880 1306
857 1301
991 1315
2677 1444
1222 1029
983 1185
2124 1117
1153 1226
529 1094
1613 1233
2301 1462
1578 1043
2516 1389
2277 1468
975 1453
625 1387
1191 1339
1666 1262
2754 1130
1629 1390
2554 1001
1313 1004
1935 1456
837 1459
1203 1407
2409 1372
1134 1476
1419 1356
2111 1197
596 1229
504 1492
534 1222
2309 1398
1268 1355
2366 1195
1166 1423
2284 1411
1420 1320
2424 1457
1267 1050
1005 1026
2744 1244
643 1357
2735 1037
1495 1211
2473 1374
1004 1191
934 1178
2129 1033
2294 1238
1291 1021
2014 1240
1147 1057
1608 1256
837 1023
679 1321
2570 1471
1864 1113
2813 1406
985 1491
2225 1008
1717 1369
1198 1258
618 1403
2061 1264
2281 1348
2064 1199
901 1088
1976 1409
2657 1334
2524 1453
1643 1042
916 1038
1512 1147
2146 1136
1577 1469
2732 1151
1219 1494
846 1210
1301 1309
2027 1477
1770 1071
2870 1304
510 1342
1855 1078
2541 1492
2686 1193
1322 1415
900 1488
1553 1478
1507 1258
2299 1206
2745 1355
2693 1259
545 1304
571 1451
1138 1290
1760 1190
2721 1150
715 1377
1677 1470
2557 1204
2240 1030
1396 1120
1835 1444
718 1194
822 1423
671 1037
1929 1488
1462 1328
1732 1446
1257 1302
1473 1272
974 1128
1206 1087
1996 1140
2008 1397
1895 1493
2759 1280
2467 1128
1910 1295
1729 1163
543 1169
2028 1110
1954 1029
623 1285
2870 1334
1665 1216
2558 1078
2745 1124
1865 1242
1329 1131
2078 1380
2801 1381
785 1284
1406 1487
2323 1441
1414 1194
2791 1280
1725 1017
2207 1055
646 1040
2747 1156
1426 1178
2548 1270
586 1145
2700 1375
2596 1098
1436 1424
720 1317
827 1159
2421 1495
732 1258
681 1216
643 1127
1231 1185
715 1076
650 1023
966 1414
1738 1200
2357 1186
1278 1106
727 1123
2050 1089
2422 1353
1834 1358
1698 1072
2268 1165
1983 1075
821 1304
1055 1234
2566 1450
2730 1459
2418 1407
1469 1124
1232 1317
2571 1341
719 1129
1008 1134
2223 1065
1775 1224
1816 1253
847 1142
1549 1213
2125 1497
2163 1471
2969 1109
1589 1450
2378 1462
1033 1084
1336 1440
2051 1499
1853 1378
500 1139
1173 1158
1894 1438
2265 1389
1385 1120
629 1477
930 1019
1470 1464
2093 1026
2483 1452
2242 1120
750 1350
914 1432
1212 1434
540 1358
2860 1381
2873 1460
1467 1387
2430 1157
1391 1265
2430 1253
917 1214
977 1123
1617 1026
1056 1097
1020 1438
2292 1184
2844 1267
1926 1124
1701 1319
844 1412
582 1438
594 1279
1297 1004
509 1203
2191 1189
540 1287
1504 1172
1311 1035
951 1113
1715 1343
925 1315
1480 1112
2643 1429
2673 1077
1912 1410
1369 1284
1330 1280
630 1107
1733 1321
1708 1101
855 1261
1935 1160
1700 1202
1792 1079
2227 1381
513 1141
935 1278
2755 1063
1844 1006
1684 1466
580 1023
2455 1240
715 1484
2471 1102
1501 1083
1097 1082
1870 1271
754 1181
1059 1459
2879 1173
2953 1099
1521 1431
1304 1158
2251 1419
2853 1139
1720 1082
2225 1061
2477 1033
2240 1117
2394 1164
521 1411
1212 1493
2849 1412
1231 1166
542 1319
2068 1155
2429 1499
1657 1184
2227 1490
2881 1011
863 1005
1294 1422
1424 1016
2795 1494
2571 1353
1662 1186
2834 1444
2267 1157
572 1494
1271 1341
1288 1238
2570 1038
1700 1128
1870 1156
1500 1261
1444 1033
915 1398
1237 1466
2471 1256
891 1019
1315 1336
1640 1450
1578 1425
1641 1353
1498 1347
559 1126
542 1027
2481 1107
1430 1109
813 1001
1740 1391
2248 1329
2005 1328
646 1028
1438 1179
1213 1123
2567 1195
1576 1383
2453 1336
1549 1499
2600 1276
1266 1253
2766 1279
1220 1441
1905 1123
1213 1195
1837 1243
2039 1462
871 1316
2609 1315
1193 1235
2725 1070
642 1251
894 1473
745 1313
2095 1131
2518 1321
1651 1383
1966 1457
576 1058
2099 1464
989 1425
555 1060
1911 1124
2875 1293
991 1354
1116 1379
1929 1035
2815 1425
769 1031
2662 1173
1504 1350
634 1352
1660 1457
2309 1440
1160 1481
2099 1095
1709 1011
2410 1438
846 1090
2363 1349
2747 1326
651 1309
705 1394
1585 1264
2690 1247
2087 1075
1403 1027
978 1301
757 1474
2526 1223
1528 1298
2188 1401
2402 1291
1933 1107
2683 1138
1333 1051
1639 1005
2165 1013
2956 1027
1199 1134
2160 1274
1733 1323
1925 1069
2314 1427
2527 1446
952 1166
1728 1448
504 1497
2039 1031
515 1075
2261 1336
2549 1008
1500 1355
990 1342
1945 1445
1182 1382
2957 1190
1845 1341
1752 1230
1592 1068
1016 1344
2108 1245
1865 1208
1519 1496
556 1140
1655 1417
2226 1020
728 1126
2845 1326
1902 1442
875 1457
1829 1375
1015 1187
845 1380
1118 1395
2552 1385
2798 1271
569 1305
2878 1045
1546 1099
2624 1446
2598 1279
2316 1344
1711 1492
1450 1333
2494 1420
2849 1005
992 1035
1340 1036
2984 1164
1359 1150
1730 1022
2398 1219
1483 1321
2660 1419
1681 1150
2939 1439
1063 1389
2695 1137
2880 1200
1964 1107
652 1326
1937 1349
1459 1392
1551 1275
2126 1340
1928 1136
2021 1387
586 1275
2520 1014
2900 1279
1184 1008
2999 1075
2808 1256
681 1285
808 1119
1397 1025
2797 1448
2713 1244
1584 1002
2543 1171
2224 1430
559 1475
2166 1070
2012 1208
2395 1435
2222 1156
855 1457
882 1485
1762 1275
1490 1092
2741 1129
1025 1260
2273 1458
2461 1081
1291 1359
1429 1013
2896 1138
2563 1064
1066 1352
2882 1259
1832 1016
1488 1125
955 1406
1409 1451
2077 1274
2787 1135
2191 1484
502 1014
1860 1131
961 1457
1971 1177
552 1487
2192 1084
1720 1492
1484 1334
2134 1315
782 1449
2001 1260
1265 1195
1831 1063
2470 1409
663 1202
2147 1036
1527 1377
2132 1230
2415 1102
2365 1203
935 1333
865 1341
1928 1139
2492 1411
859 1152
2882 1243
2903 1428
1638 1489
741 1066
1614 1186
597 1110
2620 1297
1611 1318
2897 1192
783 1054
1487 1251
1669 1352
1498 1153
2349 1212
1931 1377
1938 1383
624 1013
2622 1204
2950 1399
2742 1486
798 1168
1762 1440
1484 1217
2100 1424
2783 1000
1321 1208
2730 1221
1009 1085
2135 1082
1767 1475
2950 1024
2729 1456
2107 1140
1251 1468
1015 1196
1635 1200
2462 1204
705 1218
868 1482
2088 1092
2445 1278
2178 1427
2327 1104
2325 1069
2424 1410
1708 1325
2827 1083
880 1424
1455 1026
1357 1244
881 1391
804 1035
2052 1399
2661 1131
2084 1272
2841 1187
1762 1249
1593 1438
539 1003
1046 1161
2763 1264
2167 1049
2978 1384
1105 1416
1943 1039
782 1110
2702 1159
1025 1398
766 1027
2626 1360
2694 1172
717 1433
1886 1225
879 1376
1347 1239
1970 1380
1277 1437
1574 1161
2255 1251
1992 1052
2499 1226
902 1392
1380 1369
2187 1000
767 1190
2783 1007
1288 1452
1867 1015
2416 1165
2945 1062
2451 1250
1355 1015
2568 1057
1654 1151
2710 1325
549 1399
1102 1066
1883 1389
2460 1115
1079 1262
877 1090
2220 1110
557 1342
790 1271
1034 1024
1846 1142
1702 1039
562 1065
2647 1154
964 1410
2878 1096
2192 1211
1351 1352
863 1036
1589 1473
501 1257
775 1451
2530 1402
1558 1227
1332 1142
1226 1471
1780 1319
1746 1132
1670 1051
803 1236
2027 1426
1182 1295
647 1138
1453 1414
1922 1006
1898 1477
2938 1490
2762 1120
1855 1420
2119 1079
1330 1236
2449 1238
1151 1183
1096 1085
2263 1265
2419 1465
1157 1289
2236 1372
2568 1253
560 1144
2293 1043
2734 1134
1254 1017
2637 1139
758 1485
2921 1133
1459 1340
1478 1175
2863 1217
2583 1074
2442 1094
1677 1295
796 1446
870 1022
1754 1408
2694 1036
2705 1179
2250 1397
850 1248
1021 1185
2851 1461
1084 1159
1963 1475
2096 1016
1737 1489
1607 1301
1735 1368
807 1333
2718 1338
1491 1324
1468 1397
1932 1464
2404 1161
994 1008
1927 1025
1101 1224
1173 1036
2398 1107
1599 1218
1798 1104
1572 1187
2590 1319
622 1213
634 1066
1915 1357
1830 1032
546 1488
1574 1215
2657 1375
1555 1129
1651 1406
1131 1403
2282 1118
2064 1297
2366 1448
2306 1272
1880 1222
1997 1106
1584 1493
578 1371
715 1135
2694 1005
1105 1250
936 1474
1922 1078
1147 1005
2032 1400
2641 1456
1025 1202
896 1387
1395 1357
1099 1313
1317 1022
730 1085
1748 1396
1261 1288
2086 1300
1298 1364
1898 1405
2279 1292
852 1240
1871 1122
2061 1247
1512 1004
931 1381
2576 1424
2865 1008
2179 1444
2167 1181
1990 1273
622 1352
2108 1059
2906 1311
2112 1093
1428 1453
2519 1049
2435 1494
1741 1218
708 1401
1847 1258
2407 1025
1048 1443
656 1334
2383 1252
943 1457
1913 1360
1763 1405
2309 1088
2858 1472
525 1175
2797 1389
2567 1173
2261 1306
1336 1446
1867 1309
1294 1485
2296 1131
1564 1174
764 1336
731 1139
2125 1366
673 1206
2464 1475
710 1236
1188 1242
1362 1447
2602 1328
2616 1441
2531 1496
1423 1064
1415 1347
2951 1337
1049 1081
1393 1348
2758 1293
2247 1039
1903 1489
2215 1360
2193 1437
2630 1275
2762 1423
1900 1004
1364 1206
2619 1203
1877 1134
2509 1241
2628 1284
1328 1050
1229 1495
1190 1187
769 1028
2969 1387
1018 1189
1994 1032
2230 1107
2177 1242
533 1104
1142 1422
1092 1017
962 1407
623 1164
1754 1057
2928 1371
2458 1169
892 1455
596 1355
1437 1382
1615 1221
2573 1122
2255 1487
1869 1352
2028 1107
695 1105
2625 1244
2283 1436
1062 1102
2933 1064
1224 1387
2914 1156
1123 1489
564 1447
1508 1045
750 1027
2873 1033
2248 1319
1886 1185
2814 1233
2217 1326
2080 1476
870 1255
2104 1419
745 1231
2205 1485
1199 1367
1245 1066
2371 1183
2671 1127
2898 1489
2091 1194
2279 1252
640 1031
1674 1123
725 1302
2440 1306
1718 1122
1144 1241
1615 1457
721 1016
899 1451
1541 1399
1653 1324
1096 1097
1522 1031
1793 1154
2452 1211
1013 1479
1659 1168
2537 1382
518 1214
2095 1319
2424 1483
638 1498
2481 1320
2769 1139
1060 1351
1457 1420
916 1416
1448 1039
1390 1355
2341 1372
1379 1094
2266 1321
2694 1023
2083 1411
952 1006
1132 1139
1361 1289
1267 1363
732 1328
1973 1043
614 1472
1550 1269
2194 1076
1387 1205
2218 1306
2885 1392
2724 1481
2044 1009
2793 1167
2749 1495
2333 1266
2288 1172
2309 1153
855 1347
2112 1008
1495 1234
2669 1138
1958 1023
2484 1303
1770 1220
2252 1087
2799 1120
2900 1388
1637 1369
999 1017
1371 1354
1671 1396
1912 1195
1338 1227
1382 1067
2373 1328
1655 1390
1522 1385
609 1423
2304 1046
2241 1133
500 1476
2543 1318
1093 1179
1770 1210
1373 1018
2084 1341
2673 1322
2581 1261
1538 1445
1642 1188
1188 1050
554 1091
1256 1407
610 1475
580 1389
2368 1100
770 1090
1880 1115
1194 1380
1325 1028
822 1014
2206 1303
618 1095
2969 1031
1527 1098
2723 1435
1914 1104
2654 1470
2599 1127
1736 1107
1394 1116
2677 1253
521 1072
715 1058
1249 1311
2976 1141
1293 1097
1760 1399
2880 1419
1997 1477
1141 1165
2411 1194
910 1306
1589 1093
1373 1436
2249 1331
2420 1218
2020 1258
2644 1092
2922 1171
969 1378
2073 1467
2699 1233
1438 1493
1442 1045
1505 1239
2896 1206
1102 1284
2357 1056
1370 1133
2257 1465
2994 1466
996 1256
2138 1363
2003 1350
519 1295
1236 1007
2195 1432
1771 1255
701 1246
2245 1162
1449 1478
2074 1092
1428 1440
593 1282
2297 1042
1295 1179
2665 1200
2880 1024
976 1065
1613 1217
2945 1225
2194 1486
2729 1435
816 1290
1588 1264
1499 1257
1009 1346
2326 1281
2765 1305
1751 1010
1517 1052
524 1266
2621 1491
1699 1374
1766 1073
2806 1467
1301 1348
2798 1315
1428 1161
1295 1004
2905 1210
2855 1328
1434 1393
2545 1081
2765 1433
1903 1367
1323 1319
2632 1276
2632 1369
2273 1220
704 1436
1840 1480
2707 1316
1854 1358
2263 1200
2473 1079
1143 1157
668 1097
1135 1254
958 1329
2421 1027
2211 1414
2040 1494
2565 1064
2435 1239
2023 1478
2754 1044
1493 1053
2887 1286
826 1204
1974 1150
1283 1178
2493 1446
2642 1164
1548 1409
1602 1159
1629 1460
2539 1056
2606 1201
1769 1128
1213 1077
819 1163
1595 1127
1073 1351
1626 1373
1391 1270
2987 1265
723 1301
1782 1200
2810 1046
2391 1468
1749 1436
1857 1372
2376 1024
1701 1058
2354 1189
2904 1499
2915 1026
536 1256
2528 1497
1191 1217
2089 1155
812 1167
2242 1148
1508 1187
2148 1189
2048 1402
2644 1079
854 1372
2626 1322
1293 1348
818 1405
701 1200
2311 1201
2986 1461
1039 1236
1767 1115
1586 1251
1235 1374
2882 1191
580 1137
2880 1464
1736 1463
851 1146
1847 1281
1133 1115
2674 1409
1627 1248
1430 1348
1027 1390
2843 1383
776 1249
1762 1023
2216 1013
1537 1364
947 1422
1684 1271
852 1066
2943 1204
786 1055
2317 1270
2642 1220
708 1021
2445 1106
1333 1377
1902 1298
2754 1307
2991 1094
2230 1175
1076 1161
2080 1300
2770 1214
1234 1414
974 1072
689 1458
2975 1085
1211 1286
1747 1466
1111 1023
579 1188
2188 1464
759 1221
2514 1175
2029 1392
2280 1283
1297 1041
2953 1149
2789 1321
2406 1281
2673 1343
2952 1425
1843 1109
2269 1391
1049 1099
2760 1471
946 1059
2006 1323
1487 1073
1229 1207
1451 1463
1362 1218
1822 1188
867 1322
1139 1142
572 1227
2757 1431
2557 1210
1071 1297
2612 1285
1461 1427
1834 1392
2065 1415
2092 1180
1306 1415
2722 1224
1610 1189
942 1458
1376 1102
2438 1020
2077 1317
1880 1082
1456 1078
1559 1056
2696 1421
2869 1296
1468 1451
2655 1377
2467 1030
2511 1032
2770 1375
1475 1478
2335 1212
1875 1285
2924 1133
1837 1308
2947 1365
2654 1148
1421 1388
1925 1305
1393 1287
756 1005
522 1361
868 1408
1667 1456
795 1162
969 1280
1868 1439
731 1079
1651 1425
2204 1003
1080 1467
1928 1318
1826 1003
708 1061
682 1389
1713 1344
2022 1290
592 1243
579 1196
2050 1117
1331 1128
2336 1364
2333 1222
1573 1353
1722 1277
1166 1044
2859 1159
2248 1174
1878 1362
631 1460
1717 1044
1042 1337
1961 1302
1840 1187
570 1372
2179 1363
2183 1134
2270 1460
2610 1091
1911 1155
943 1377
1810 1278
1399 1019
1519 1102
2589 1181
1036 1270
1275 1378
1192 1140
1437 1067
931 1026
897 1427
2768 1183
734 1369
1945 1021
2536 1289
798 1308
561 1264
2828 1013
2564 1217
2814 1211
1019 1456
964 1107
1138 1307
2990 1498
1290 1190
1032 1460
2197 1130
1005 1350
2435 1427
1507 1496
1949 1322
2771 1368
1682 1409
2469 1491
564 1258
2764 1119
2997 1213
2015 1466
1847 1442
2501 1151
2782 1429
1234 1118
2095 1186
1413 1279
1979 1364
1426 1078
1483 1278
1669 1070
1726 1238
1382 1084
1648 1012
2488 1029
2443 1446
1843 1284
1155 1049
2844 1183
1665 1484
2672 1053
2240 1495
1933 1354
2164 1154
1266 1178
2798 1279
738 1463
603 1416
1585 1388
2197 1319
2320 1441
875 1217
1411 1438
1838 1348
1218 1063
2108 1128
858 1236
2359 1010
1167 1498
2498 1169
649 1121
2980 1261
2132 1228
1987 1166
926 1254
1642 1487
2651 1052
1486 1162
1309 1479
2251 1386
2173 1078
2598 1123
2779 1496
666 1009
1455 1124
1655 1110
1524 1494
2997 1429
2037 1329
963 1465
2873 1395
787 1335
2041 1029
1151 1465
509 1471
2896 1051
2022 1145
911 1118
1259 1390
1835 1094
1206 1182
605 1304
1222 1159
2272 1476
2630 1185
935 1052
657 1490
815 1238
709 1072
2575 1432
972 1140
535 1023
1638 1023
750 1040
595 1408
877 1263
712 1054
1493 1364
988 1101
2487 1487
1085 1261
1302 1444
2892 1209
2354 1048
2222 1030
1157 1067
833 1442
1419 1350
1886 1275
2744 1017
2786 1078
2905 1386
2551 1264
2232 1140
1619 1359
2632 1133
2794 1071
1120 1390
1519 1396
778 1154
1363 1166
2445 1146
1739 1227
2800 1293
1243 1238
1055 1238
1021 1490
1222 1450
1851 1443
1394 1032
1568 1280
1964 1010
1133 1239
1922 1034
1237 1103
1004 1251
2855 1439
996 1352
1675 1136
531 1221
2702 1203
707 1488
701 1211
2326 1269
1272 1490
1496 1023
1261 1491
2924 1308
2368 1331
1340 1007
1538 1075
2233 1185
1791 1393
1621 1172
2474 1264
1138 1461
1625 1127
2672 1243
511 1387
1563 1334
2957 1398
1576 1320
533 1399
580 1229
1265 1225
1290 1355
2900 1337
1910 1135
1609 1100
1107 1052
1227 1097
1685 1292
533 1067
905 1166
2459 1095
1583 1391
1260 1030
2252 1366
575 1498
921 1018
1747 1364
1885 1357
2155 1155
821 1299
710 1054
2452 1070
1355 1175
1550 1397
1660 1343
2264 1118
2024 1437
1630 1032
1110 1145
2986 1036
1331 1440
1466 1271
729 1426
2837 1051
1071 1092
1012 1481
1957 1291
1724 1415
1422 1293
2432 1191
2456 1481
1200 1362
2753 1269
2583 1025
1636 1439
1679 1071
650 1411
778 1033
2214 1373
1826 1292
1284 1386
2275 1374
1148 1302
504 1277
1242 1465
1536 1438
2814 1135
824 1285
2917 1095
2043 1394
2510 1226
2721 1354
1976 1476
1169 1311
519 1083
2560 1317
826 1496
2930 1419
510 1202
615 1328
787 1297
2714 1420
1813 1074
1478 1060
529 1342
2672 1478
1525 1055
1909 1341
870 1250
2563 1228
1179 1163
2888 1261
951 1444
849 1272
1871 1266
2606 1429
1831 1082
2440 1063
642 1414
1724 1493
1362 1101
2724 1092
2413 1308
816 1134
1496 1434
2610 1171
1406 1452
2744 1297
1311 1178
1947 1167
1904 1301
2636 1414
2020 1063
1014 1231
2323 1434
622 1385
2192 1047
2076 1454
1114 1342
1333 1223
2941 1031
1228 1153
1716 1456
1499 1056
2175 1102
2241 1218
1112 1459
2157 1481
2564 1343
1526 1103
1727 1164
1610 1212
919 1096
1596 1131
1630 1233
604 1402
1494 1227
2005 1336
2397 1259
2621 1309
621 1054
2985 1114
1881 1371
2655 1233
574 1169
774 1035
1621 1449
1751 1276
1335 1358
2860 1347
2554 1281
1540 1238
1628 1137
2116 1344
2572 1306
1563 1024
1981 1225
2543 1127
1957 1205
503 1120
938 1057
740 1049
1287 1196
1808 1283
1877 1180
1529 1152
1058 1313
2826 1072
855 1245
991 1072
818 1250
2639 1051
1662 1321
2663 1005
1028 1346
2764 1227
2353 1119
756 1048
2931 1158
1072 1101
2325 1291
920 1384
1778 1319
1594 1448
798 1079
2521 1433
2759 1201
2946 1449
1109 1482
1958 1138
550 1263
1395 1326
1934 1193
929 1252
2359 1312
1582 1121
569 1341
2488 1368
1766 1244
1941 1156
2696 1274
1864 1026
929 1357
2127 1212
1808 1427
521 1124
2998 1133
942 1191
1612 1114
2908 1167
1904 1119
2441 1020
570 1063
2409 1260
2341 1160
2008 1348
880 1157
1961 1219
759 1037
1775 1251
1797 1243
2342 1313
2624 1303
2323 1045
2290 1434
1055 1169
1979 1378
1061 1158
763 1160
1334 1121
1579 1369
2088 1491
2996 1033
779 1058
2635 1418
1230 1180
1943 1004
2261 1213
2190 1375
1961 1174
783 1218
2321 1004
2384 1437
1404 1129
2762 1193
2801 1077
2196 1209
1195 1276
1856 1327
1223 1280
1442 1096
1752 1187
2031 1087
1809 1125
1756 1255
1554 1124
2395 1213
511 1442
2448 1292
1331 1373
2232 1142
2824 1086
2035 1318
1838 1424
533 1247
1810 1273
2608 1314
791 1491
2233 1245
1522 1474
586 1097
1842 1084
2927 1421
1690 1441
2160 1331
2759 1277
2999 1448
918 1470
1851 1256
2594 1177
2685 1435
2525 1493
1418 1465
1949 1453
1482 1325
2826 1051
589 1042
1015 1394
1336 1470
2353 1436
1872 1435
928 1472
2233 1002
853 1249
2050 1283
2355 1120
706 1171
2182 1412
2562 1347
2121 1217
759 1471
962 1337
2069 1187
2635 1472
2132 1341
941 1167
1250 1380
1181 1178
1434 1207
1597 1046
598 1385
1002 1276
2409 1081
1957 1318
651 1330
555 1492
2676 1421
2616 1357
1112 1086
1992 1484
551 1478
1237 1329
2812 1008
1443 1070
588 1036
757 1105
985 1134
2990 1341
2972 1227
2064 1159
1232 1490
2630 1332
779 1386
1274 1493
1942 1192
2786 1439
1456 1017
717 1192
997 1237
2827 1151
976 1278
676 1058
967 1047
2806 1103
1585 1072
1883 1319
1580 1061
874 1318
504 1175
1935 1316
2621 1022
2402 1131
971 1079
1316 1432
1637 1099
2686 1221
1387 1103
1326 1279
1459 1209
2458 1092
2668 1237
952 1488
718 1035
2551 1132
2847 1089
1132 1006
645 1103
1901 1117
1205 1348
2933 1257
1887 1385
627 1346
1504 1125
2914 1133
1934 1266
764 1066
2322 1439
1050 1256
2080 1340
2940 1191
2297 1014
1245 1433
1741 1487
1434 1373
1775 1493
1503 1157
1066 1420
2413 1279
1846 1005
1655 1481
2570 1197
2021 1284
2797 1205
2070 1400
2891 1485
1467 1269
2803 1290
2583 1133
2799 1471
2832 1119
1251 1010
963 1061
599 1214
948 1176
1650 1233
681 1218
993 1132
2963 1499
1800 1255