4400 5000
851 1309
2250 1371
2053 1402
1150 1073
1702 1378
2269 1009
534 1037
990 1026
1245 1246
1613 1181
2074 1404
2794 1300
2121 1260
899 1438
2969 1232
2807 1033
2203 1145
936 1371
1871 1266
512 1091
2906 1419
2779 1168
1540 1185
1051 1025
1912 1136
2924 1358
1030 1131
844 1420
2008 1093
2578 1320
2067 1128
990 1474
2490 1422
1634 1339
1891 1325
1346 1328
2346 1435
2337 1096
2266 1138
1649 1373
2651 1263
937 1497
2415 1497
791 1087
508 1094
1935 1454
774 1128
1754 1366
2907 1355
797 1285
2222 1375
533 1359
569 1464
2358 1155
1474 1416
1662 1294
2737 1482
1243 1151
2707 1044
633 1260
2803 1428
1210 1045
2404 1004
2841 1098
2838 1132
2777 1034
2799 1031
2909 1071
700 1269
1515 1142
2807 1017
2235 1151
2635 1330
2588 1020
2217 1321
1708 1196
1420 1279
1414 1453
1145 1139
2102 1376
722 1021
2281 1215
1787 1409
1541 1353
870 1154
2617 1479
1244 1171
2238 1317
1450 1172
1406 1443
1202 1054
2458 1172
1582 1416
1976 1294
2764 1120
1768 1405
1318 1003
2206 1387
2387 1447
2695 1349
1991 1107
614 1257
1263 1346
1893 1026
2581 1292
1021 1075
1444 1033
1626 1128
592 1020
2062 1233
1993 1429
1649 1061
2360 1325
626 1035
1926 1231
914 1470
2144 1011
999 1341
2221 1022
896 1469
2561 1296
1712 1194
611 1156
2093 1225
1067 1403
1478 1193
2036 1358
1675 1288
2585 1051
1786 1284
892 1038
2145 1200
1792 1172
1249 1348
1537 1024
2979 1067
2081 1192
1569 1239
2192 1229
2455 1179
936 1183
1643 1240
610 1382
979 1261
2558 1290
1889 1492
691 1172
958 1306
1882 1249
1530 1208
2773 1040
1424 1212
2498 1149
2426 1347
1959 1185
1193 1087
553 1069
1425 1475
2590 1297
2674 1012
1153 1302
1949 1113
898 1237
1037 1178
515 1007
2064 1136
2022 1192
2360 1454
2504 1323
1738 1266
2324 1144
1805 1314
2220 1353
1105 1177
603 1017
2552 1156
1945 1455
2130 1455
1118 1191
1010 1481
2692 1161
983 1441
851 1115
994 1072
1223 1130
2886 1136
2506 1090
2778 1076
1322 1369
2020 1464
679 1207
1007 1264
866 1283
1696 1205
2333 1011
620 1035
983 1125
1674 1137
1077 1433
2689 1061
1424 1254
834 1056
698 1395
759 1105
2119 1358
2871 1118
2640 1450
2809 1348
1680 1123
2608 1404
2219 1142
1799 1238
1177 1156
1860 1183
1068 1242
1160 1351
2077 1374
2783 1469
537 1417
2115 1443
1218 1351
2433 1145
2921 1349
2073 1265
1190 1164
1390 1305
1429 1322
2463 1318
2127 1447
2495 1365
1528 1363
1956 1050
1210 1219
545 1493
545 1407
1016 1450
2380 1419
1107 1408
973 1342
1684 1328
1947 1459
2227 1259
809 1314
1562 1204
1954 1399
1276 1433
2710 1089
604 1058
1905 1412
1331 1402
2977 1260
2688 1345
2824 1226
2732 1400
2790 1079
1798 1215
2379 1165
638 1397
2200 1169
2969 1178
2377 1298
1993 1136
1998 1010
1824 1307
1748 1330
2787 1132
747 1417
925 1012
954 1273
2965 1222
2471 1001
705 1047
646 1304
1011 1485
2073 1115
1649 1233
706 1086
1450 1257
2409 1199
743 1059
2960 1362
1085 1487
2633 1099
917 1135
988 1467
1172 1124
1388 1235
1881 1016
807 1313
2358 1382
2350 1357
1670 1165
2051 1293
1029 1420
2302 1323
2927 1016
1784 1406
2213 1468
518 1491
2168 1235
1174 1453
2858 1010
1834 1146
2446 1341
805 1288
2256 1432
1482 1132
1015 1002
1869 1078
965 1029
1963 1078
1030 1264
1975 1185
2021 1182
1615 1437
1309 1094
2420 1437
2547 1471
2381 1354
2742 1165
1458 1434
2638 1287
2608 1263
1547 1203
1863 1071
1285 1393
2376 1276
2461 1187
2462 1423
2595 1122
551 1112
1269 1157
1977 1362
1124 1390
2221 1325
607 1222
700 1233
2813 1015
2820 1132
1958 1294
2934 1186
2521 1349
1139 1194
1997 1390
2012 1470
2971 1042
1534 1271
2826 1345
2617 1012
2071 1169
2802 1270
2582 1083
509 1345
1682 1328
1139 1273
2842 1360
1691 1366
864 1126
1723 1018
2850 1016
1692 1012
2458 1175
1537 1050
2991 1193
1751 1091
1926 1409
1975 1409
2696 1441
1059 1289
568 1202
2083 1482
1214 1007
729 1481
1248 1338
536 1051
1205 1314
1919 1104
845 1184
1525 1351
587 1471
2044 1139
881 1144
2070 1299
2593 1030
503 1167
1536 1142
1833 1262
507 1148
527 1117
1380 1220
1018 1047
1418 1146
1885 1087
664 1451
2329 1487
504 1432
2263 1357
1506 1238
2050 1247
1893 1432
1036 1263
1855 1172
1342 1471
2206 1097
1599 1444
1539 1243
2802 1100
716 1358
2588 1164
1791 1183
1809 1347
931 1051
535 1202
1171 1066
2560 1499
2581 1330
566 1094
2781 1276
2087 1423
1622 1321
1885 1257
2661 1264
2837 1417
503 1394
562 1197
1701 1336
1348 1238
1749 1080
1527 1118
2794 1307
1959 1314
1882 1011
1083 1049
1082 1219
879 1215
1749 1428
1987 1116
2008 1296
1556 1215
570 1013
1739 1430
2525 1328
2154 1033
1802 1074
2567 1368
1440 1467
2920 1256
1543 1108
626 1401
1812 1047
2841 1369
2951 1008
2764 1381
2108 1384
1728 1277
1352 1471
2389 1032
2140 1164
1764 1017
1599 1161
2069 1206
1310 1045
1924 1295
1296 1011
2621 1088
2788 1004
772 1146
1239 1151
2707 1202
828 1485
2525 1099
1794 1235
1024 1397
1055 1363
1953 1012
1434 1439
2652 1033
2083 1094
2797 1189
1926 1029
1125 1345
661 1034
2960 1198
2209 1490
1551 1102
1027 1104
2126 1202
1216 1413
1920 1172
827 1024
1067 1385
1204 1076
2149 1492
2914 1112
2109 1486
2267 1268
2600 1447
2327 1347
2851 1113
905 1119
2453 1071
1487 1225
2230 1113
1437 1067
2088 1421
1065 1008
815 1463
2619 1428
1614 1262
2352 1288
2320 1207
2725 1017
1245 1180
604 1331
1254 1239
1816 1255
1049 1348
789 1436
2044 1259
2858 1254
2183 1100
2403 1442
2306 1041
1450 1429
796 1340
839 1461
1558 1304
2998 1123
1669 1076
2419 1242
2019 1135
750 1197
696 1338
2669 1098
584 1176
1848 1363
894 1056
799 1245
1054 1393
1067 1189
561 1444
1493 1258
2323 1011
1733 1376
1781 1179
2869 1081
2582 1333
2091 1134
2938 1136
2896 1406
2390 1408
2041 1379
694 1341
1277 1238
1170 1484
2976 1346
1007 1212
1949 1167
2272 1257
1523 1045
653 1003
1982 1394
2199 1029
533 1365
947 1040
587 1182
2400 1223
1885 1472
2718 1499
1882 1373
2194 1255
2767 1156
2966 1345
1017 1356
771 1466
1903 1087
1998 1197
926 1343
517 1476
1363 1106
1599 1328
1758 1053
743 1491
1834 1144
2000 1323
2520 1200
2331 1397
1363 1256
1749 1419
1192 1398
1781 1353
1297 1270
2823 1170
1971 1048
2158 1065
1311 1001
1475 1193
2610 1167
2893 1458
1066 1347
1867 1040
763 1343
2268 1371
848 1175
1930 1365
2128 1340
2541 1022
1678 1255
1293 1194
1692 1452
1783 1181
2222 1493
2891 1269
2652 1258
2929 1408
1361 1339
2740 1431
2678 1453
1930 1429
1591 1380
1798 1479
2566 1040
1198 1158
1513 1345
616 1430
2044 1427
686 1226
2117 1404
2897 1113
1544 1238
2479 1119
1243 1384
850 1180
1954 1188
1675 1408
1621 1106
2139 1446
2278 1111
2829 1183
615 1026
1505 1257
2579 1489
2149 1307
625 1474
2881 1102
1393 1020
1225 1407
1429 1068
2456 1083
1256 1416
600 1121
2092 1095
1392 1320
2952 1308
1900 1281
2952 1003
2585 1150
528 1268
1768 1428
981 1301
1927 1399
1894 1048
1127 1366
1238 1308
992 1459
1781 1333
1089 1212
2830 1258
997 1384
1595 1219
2210 1198
1607 1379
1641 1194
1807 1158
2832 1222
2392 1133
2868 1355
1756 1233
512 1418
2625 1470
1651 1235
1230 1350
1116 1455
1528 1355
2954 1300
2804 1336
2593 1308
1833 1362
1103 1451
2822 1287
2561 1139
2157 1437
2754 1396
1190 1040
2403 1129
2886 1063
2311 1390
2381 1496
2193 1394
1421 1065
1472 1464
1717 1093
1169 1047
1636 1448
1424 1202
2050 1200
1306 1373
1865 1258
2847 1234
2353 1379
2327 1021
1838 1182
2152 1406
2128 1320
1109 1485
2379 1446
2772 1428
1102 1175
2944 1129
1622 1477
1445 1102
727 1189
2725 1265
2294 1085
1780 1397
1896 1422
2178 1227
2306 1105
2935 1230
939 1337
2662 1019
1919 1232
1233 1270
2862 1272
514 1199
637 1418
1441 1355
914 1426
1692 1498
1709 1213
679 1143
2812 1091
1788 1358
2427 1450
1464 1437
2940 1100
2076 1275
2913 1139
1422 1158
1060 1286
2887 1285
2123 1186
1515 1174
530 1108
1439 1095
2598 1020
649 1199
1712 1315
2715 1053
1009 1200
1725 1006
1935 1286
1604 1457
720 1024
842 1481
2339 1431
558 1389
582 1177
2291 1377
2350 1186
2265 1081
2972 1154
1502 1415
2827 1425
2176 1116
1840 1246
698 1448
2800 1025
2666 1272
2753 1065
937 1141
1811 1318
1889 1447
2107 1425
2002 1320
677 1046
516 1180
2436 1294
2560 1369
899 1204
2457 1235
2335 1089
2552 1217
1492 1265
1304 1093
2242 1439
1803 1399
1009 1217
1658 1381
1769 1232
2443 1467
651 1125
979 1110
1840 1426
568 1165
2837 1418
2515 1381
2236 1270
845 1062
2770 1311
1075 1336
706 1318
687 1026
1678 1467
1666 1450
765 1322
2884 1127
2787 1244
1148 1233
2943 1445
1285 1468
2709 1107
998 1267
581 1375
1181 1401
1721 1093
1471 1026
537 1011
1201 1115
533 1403
794 1057
1125 1178
2798 1113
2661 1270
2210 1308
1972 1196
2651 1192
2751 1232
2718 1417
2634 1286
1847 1431
920 1277
2787 1321
1562 1199
1409 1265
2329 1260
2683 1273
1083 1040
2040 1100
2826 1083
1112 1018
2888 1051
2923 1046
2014 1491
1333 1416
2801 1039
813 1165
689 1410
551 1349
1000 1293
1226 1239
1981 1242
736 1000
1359 1260
2871 1053
1789 1055
2814 1100
1593 1318
2747 1358
2787 1444
864 1083
1222 1351
567 1319
2150 1267
1519 1037
758 1180
2282 1029
1747 1007
643 1373
2196 1095
1133 1373
2770 1297
2182 1204
814 1083
1987 1254
914 1170
1901 1301
2550 1265
2241 1311
1356 1438
1846 1160
589 1102
2565 1287
586 1480
564 1008
704 1494
1550 1090
540 1432
2969 1286
2762 1198
2132 1406
2695 1204
1300 1492
643 1343
1463 1321
1005 1479
923 1132
1120 1443
2590 1436
1297 1367
744 1280
2869 1226
1946 1005
1250 1209
2645 1099
1550 1189
1830 1217
1302 1295
932 1221
1463 1273
711 1063
1666 1034
2046 1359
2321 1207
2769 1207
836 1207
674 1363
1181 1186
1558 1141
933 1481
2795 1346
1506 1349
2788 1398
1702 1334
1368 1026
1625 1455
1634 1298
1658 1477
1872 1282
2790 1112
2111 1054
501 1010
693 1378
1584 1051
543 1461
2684 1397
1576 1110
2069 1438
918 1280
1455 1278
2640 1178
1831 1345
909 1382
1934 1143
1790 1255
1330 1409
768 1262
629 1068
2561 1130
1753 1215
1227 1275
2481 1279
1102 1045
2097 1054
1084 1146
1496 1228
1985 1459
1358 1365
1455 1379
2038 1269
1119 1375
2332 1183
516 1067
1735 1313
1816 1211
2802 1143
2720 1334
779 1392
627 1251
627 1457
1638 1403
1082 1464
2612 1184
1975 1158
1595 1157
1232 1096
2001 1013
2039 1468
1916 1251
2426 1306
711 1037
503 1310
2135 1142
682 1060
2143 1209
1527 1018
544 1416
1521 1473
964 1132
1088 1460
2933 1463
1306 1214
2612 1380
813 1486
2357 1389
1331 1362
1726 1103
1506 1365
1260 1417
1044 1277
2502 1108
1314 1095
2791 1297
1218 1340
1251 1117
2479 1233
2576 1076
1066 1492
920 1156
2111 1421
721 1379
959 1135
2505 1305
1178 1232
1763 1457
797 1384
1617 1434
2135 1217
2388 1277
887 1167
1588 1232
888 1252
2883 1075
1648 1214
1933 1443
1331 1329
795 1081
2246 1240
1993 1019
731 1222
2880 1060
634 1308
2728 1154
2040 1446
2384 1405
1176 1487
1521 1493
2918 1277
1339 1123
1881 1142
1438 1178
2627 1367
894 1426
920 1117
2852 1469
1023 1319
2657 1096
2578 1146
555 1294
1911 1106
2395 1224
2255 1249
606 1126
830 1031
1567 1491
878 1015
1976 1062
1944 1350
1082 1267
1466 1301
2451 1062
539 1380
725 1367
1628 1417
1999 1195
635 1166
2689 1257
1293 1312
1289 1235
1026 1326
1062 1291
2491 1474
1031 1489
2389 1189
2987 1159
1160 1179
1451 1072
802 1101
727 1436
2731 1430
1227 1281
2657 1015
1099 1346
2361 1172
1157 1368
1350 1024
2032 1024
2494 1021
2541 1227
1285 1000
500 1299
950 1482
2852 1145
2951 1355
2507 1209
1045 1320
1928 1278
1272 1394
613 1225
2053 1266
1133 1153
1258 1314
1012 1473
780 1300
2023 1294
1595 1350
2255 1383
1242 1383
2462 1083
1472 1466
2652 1277
748 1459
1419 1472
2603 1294
1982 1467
1501 1107
1349 1287
2965 1252
1527 1101
1862 1083
1579 1445
790 1202
1577 1062
1093 1413
850 1223
1976 1368
2526 1018
715 1482
2411 1208
1062 1200
742 1062
2524 1484
597 1030
1409 1005
1378 1469
1387 1218
1617 1007
2530 1321
2123 1263
2122 1147
2718 1146
1052 1276
2941 1278
2286 1164
597 1196
1438 1451
2105 1404
2822 1470
2525 1050
728 1133
929 1147
1679 1421
1745 1473
2383 1442
2508 1200
2466 1068
2848 1481
1067 1463
2575 1334
2642 1051
2418 1376
1120 1438
1413 1128
2481 1266
1456 1149
1176 1472
2213 1107
2704 1377
747 1428
1129 1386
1555 1350
590 1036
2579 1499
2724 1329
1929 1034
826 1135
1309 1364
739 1229
2764 1316
1098 1113
2850 1051
2731 1248
1454 1005
1591 1274
1753 1062
1320 1108
2002 1454
701 1180
1036 1112
2674 1239
2636 1390
717 1128
2468 1107
575 1247
2031 1193
2006 1119
994 1279
512 1320
1704 1388
609 1174
1099 1162
1907 1018
1570 1034
1622 1368
1447 1080
2332 1242
1245 1273
1709 1479
1460 1120
1358 1333
1817 1360
2717 1102
661 1400
766 1311
2632 1006
2688 1399
2785 1418
738 1299
795 1300
2904 1118
523 1293
2788 1092
2325 1428
2841 1129
2502 1433
657 1211
2959 1232
628 1080
734 1493
2555 1106
906 1396
2164 1090
1984 1477
1300 1415
788 1190
891 1279
702 1439
2648 1232
2421 1167
511 1031
671 1169
2709 1483
2313 1044
2109 1482
785 1355
1900 1061
1299 1231
1664 1118
1199 1093
1254 1255
1579 1347
1748 1454
913 1087
2943 1355
1592 1057
2803 1024
533 1072
719 1034
2560 1123
1289 1365
851 1444
2402 1466
728 1432
1039 1293
2876 1208
2245 1171
1889 1079
2488 1116
1699 1161
924 1284
2609 1103
2731 1387
2462 1172
2490 1419
2202 1351
1270 1490
2099 1300
546 1311
1224 1076
1657 1286
2702 1471
1817 1181
2684 1027
1786 1248
2882 1323
1880 1380
2955 1078
1247 1025
2906 1477
1243 1391
2487 1124
2162 1078
1952 1151
2813 1134
2896 1213
2111 1285
1859 1009
1893 1031
2621 1166
1526 1293
2208 1299
2296 1387
2517 1017
1701 1359
2647 1368
2508 1028
2742 1143
1975 1166
2155 1238
582 1133
2494 1167
2010 1482
2566 1354
2552 1160
1505 1159
1714 1294
1568 1018
2143 1485
2655 1213
2922 1031
1370 1280
2146 1347
1880 1044
2229 1078
1666 1117
1955 1306
1004 1128
2780 1367
2362 1084
702 1479
2526 1027
1434 1129
2120 1284
619 1076
1045 1422
927 1397
908 1147
1912 1324
1428 1336
921 1084
2639 1320
1826 1356
1046 1069
2121 1266
2700 1008
1352 1130
1171 1403
2245 1272
2699 1371
2150 1108
2897 1193
2301 1361
1694 1261
2105 1141
2490 1402
2794 1468
702 1483
848 1412
1946 1248
1990 1398
2002 1091
2058 1104
957 1128
1381 1015
2637 1491
2918 1079
752 1274
1536 1357
822 1167
572 1284
2999 1018
2921 1266
2668 1113
1079 1335
1080 1201
2773 1303
2959 1409
1876 1449
1551 1239
2877 1395
982 1316
1890 1452
680 1012
1665 1472
1564 1455
541 1079
2227 1172
894 1391
1000 1022
2286 1338
2707 1032
2290 1250
1969 1293
2667 1135
1958 1357
1303 1305
676 1182
1446 1054
1442 1330
1858 1334
1133 1445
948 1048
2025 1194
1557 1320
1528 1371
2393 1381
1645 1116
884 1254
696 1292
820 1169
763 1408
2988 1327
2771 1394
1955 1478
874 1364
1478 1358
2032 1109
656 1313
1389 1349
933 1359
2448 1278
594 1142
2459 1224
2533 1229
1571 1154
2001 1198
1927 1455
1757 1466
2310 1250
1466 1292
2921 1338
1138 1304
2865 1231
2846 1106
2748 1436
1324 1161
934 1067
811 1289
669 1317
2771 1105
1028 1387
2647 1312
852 1262
505 1102
2798 1289
863 1341
2800 1424
1776 1417
2312 1267
1048 1080
2283 1357
1750 1493
2251 1004
2032 1254
2559 1152
2099 1496
1727 1355
1281 1466
2339 1218
1683 1182
1967 1329
1693 1075
1325 1218
1602 1031
1209 1350
2792 1499
1175 1490
523 1284
2576 1039
613 1151
966 1190
1000 1353
1793 1485
1336 1366
1385 1326
1725 1456
1240 1124
2671 1223
2154 1047
1927 1386
1616 1366
2790 1365
695 1422
2914 1321
1358 1408
1144 1003
722 1424
2655 1186
1123 1157
2958 1099
780 1084
926 1150
2607 1175
2959 1393
2070 1444
1879 1267
1515 1036
1715 1264
694 1122
2170 1312
1562 1081
2827 1277
911 1278
1524 1138
931 1392
2528 1441
1892 1057
769 1407
2422 1337
1987 1415
2240 1291
1461 1074
2477 1480
600 1405
538 1393
2437 1285
2332 1482
757 1485
1706 1023
2168 1227
2143 1253
2574 1434
2756 1479
1246 1466
746 1322
2471 1183
1071 1034
1091 1019
2196 1394
1616 1003
2198 1296
1414 1114
2862 1174
2482 1015
934 1326
1802 1490
2452 1292
1934 1268
1612 1356
1467 1405
1357 1196
1891 1020
2085 1031
1524 1409
1136 1274
906 1234
1954 1285
1449 1206
1835 1238
1290 1489
2660 1023
2489 1397
2048 1079
2267 1263
2781 1397
1879 1125
1411 1420
979 1435
2490 1386
2054 1203
1101 1490
676 1242
1330 1344
710 1081
2652 1237
1045 1031
929 1476
2077 1183
1744 1433
2857 1315
1056 1365
2855 1040
1803 1005
877 1116
1278 1493
1299 1049
1407 1122
884 1393
2812 1014
1291 1223
2293 1478
1164 1437
699 1418
1891 1043
1191 1102
1446 1071
2528 1125
1286 1096
2832 1120
2113 1088
2161 1104
1453 1116
2664 1341
2199 1376
779 1189
2528 1133
2036 1419
1109 1192
2385 1043
706 1421
1514 1084
1870 1106
1593 1207
1838 1276
684 1112
577 1079
1062 1322
1220 1031
1372 1140
2385 1297
1922 1110
550 1183
1636 1079
1774 1310
2092 1204
915 1426
1672 1313
1140 1484
852 1340
2620 1089
2546 1461
976 1281
1545 1491
1887 1266
1203 1072
2719 1001
2490 1458
1553 1333
1497 1433
1966 1047
1192 1405
2642 1167
2957 1432
2906 1090
1569 1170
1687 1203
2575 1291
1682 1387
1748 1462
1763 1031
2697 1472
1954 1016
2453 1102
2161 1335
1628 1477
1790 1439
865 1090
752 1399
2263 1464
2635 1335
1645 1490
614 1170
2791 1091
2036 1462
1153 1442
2389 1403
1404 1063
2476 1232
2299 1134
895 1193
2959 1413
674 1258
904 1037
1781 1442
2241 1407
2760 1274
2295 1029
2399 1435
2407 1064
2517 1445
2777 1361
1028 1204
1390 1233
1078 1089
1657 1160
2852 1021
1190 1150
2839 1015
2394 1463
1223 1362
2077 1461
649 1492
2286 1142
511 1444
2453 1313
2858 1356
2423 1403
2406 1488
1429 1361
2606 1142
1135 1157
1944 1422
2164 1428
791 1399
707 1205
2059 1025
1259 1276
1144 1254
1199 1169
1287 1230
1986 1226
899 1336
1545 1282
2807 1430
1013 1323
1358 1233
1925 1276
2983 1034
1817 1128
1906 1463
1112 1022
1739 1363
1335 1378
2691 1066
2881 1264
1527 1456
2711 1327
2112 1241
720 1371
2103 1177
2577 1284
811 1068
1173 1104
1957 1329
2503 1053
2305 1049
1132 1380
1584 1337
2683 1060
2384 1465
1458 1114
995 1170
2054 1189
969 1417
1543 1125
1868 1332
2129 1365
2969 1225
2687 1237
865 1243
2576 1043
2612 1224
1285 1364
2744 1211
2287 1153
1638 1351
1000 1259
1903 1265
867 1264
2428 1401
2174 1379
1529 1394
2364 1498
1503 1091
1016 1103
2885 1216
1569 1417
2230 1180
1232 1121
1561 1102
1795 1468
1368 1152
1477 1041
1968 1151
1633 1379
936 1143
1312 1314
1294 1198
1701 1035
2753 1455
2930 1354
1705 1191
2635 1345
1671 1460
2366 1434
2485 1126
1989 1042
737 1421
2519 1416
989 1195
1188 1072
1796 1422
1900 1082
2162 1363
1647 1175
643 1334
1697 1251
2223 1367
859 1294
2324 1376
716 1017
2818 1043
1476 1299
2644 1302
1970 1362
944 1330
2707 1424
2601 1016
587 1428
921 1062
2783 1154
2475 1141
1200 1349
683 1212
1470 1469
639 1196
641 1406
941 1079
1489 1073
1926 1494
2114 1040
1317 1206
2022 1167
824 1091
2288 1297
847 1414
1128 1291
1589 1086
2783 1142
571 1387
981 1207
2466 1244
502 1423
705 1207
2390 1421
771 1275
670 1183
1820 1185
2630 1443
1431 1447
2205 1473
605 1228
900 1397
1048 1213
2219 1046
1701 1235
1287 1082
2910 1144
2671 1483
2187 1061
2189 1148
1771 1453
857 1159
991 1473
1544 1194
2736 1338
1128 1341
1330 1141
1964 1119
1565 1334
2670 1282
2692 1198
1554 1392
2799 1305
2825 1143
2380 1205
2360 1071
1052 1125
1488 1495
635 1186
2381 1216
707 1388
2334 1411
1395 1282
1411 1410
2081 1295
1952 1456
667 1404
2452 1152
1136 1233
1452 1276
623 1480
769 1382
1247 1408
614 1078
568 1101
1470 1071
508 1076
2214 1360
1730 1224
711 1092
1843 1003
2422 1098
1598 1402
1953 1215
1733 1040
882 1194
1485 1232
2415 1129
2752 1248
2723 1160
1321 1329
1836 1022
1073 1246
1924 1207
928 1396
1611 1015
2382 1075
2332 1382
2058 1337
1310 1181
1544 1081
2904 1193
2551 1241
2200 1110
1406 1250
639 1429
1020 1047
2485 1345
1452 1151
1972 1315
2917 1305
2494 1075
648 1184
1898 1485
2795 1110
1405 1410
2540 1212
2676 1465
2202 1367
2068 1434
1068 1131
2310 1300
2027 1304
2367 1275
1159 1088
1408 1336
1075 1041
2351 1329
2937 1172
1858 1172
935 1358
2920 1131
1315 1486
1401 1479
1869 1256
2304 1157
2910 1460
1497 1099
1934 1061
2752 1171
1278 1083
957 1265
647 1064
1427 1119
994 1097
604 1017
1325 1227
1994 1229
1100 1299
2996 1428
1145 1185
2944 1053
2291 1229
1934 1001
1341 1006
972 1163
1596 1340
1898 1301
2421 1054
984 1381
672 1360
2959 1127
2864 1309
628 1499
2358 1431
2696 1431
716 1301
1139 1088
2575 1311
2323 1241
729 1242
1167 1390
2217 1144
1749 1296
2507 1090
566 1441
2942 1110
2039 1025
971 1334
1085 1073
1096 1095
1561 1228
2291 1194
2086 1387
1684 1351
2053 1164
1017 1223
2439 1173
1470 1196
2854 1348
2083 1228
2594 1444
2892 1481
2774 1217
2483 1391
2130 1284
2455 1000
1797 1226
1901 1171
2810 1399
2699 1363
2978 1406
2562 1046
527 1291
704 1016
1436 1073
1005 1115
1318 1347
1248 1421
1160 1081
1865 1164
2954 1274
1321 1211
1363 1361
2508 1407
2245 1089
2828 1003
936 1139
864 1055
1388 1174
1988 1310
2148 1225
1370 1034
897 1372
1311 1237
1985 1187
1422 1039
2092 1148
2968 1481
1010 1414
985 1478
1809 1447
1502 1495
968 1051
1048 1150
2744 1291
1732 1159
1314 1127
2797 1027
1649 1353
643 1338
1279 1010
1108 1306
1321 1306
2807 1004
538 1224
1395 1283
2685 1065
607 1144
1398 1223
2519 1095
2797 1454
2639 1043
1734 1293
1577 1160
2602 1294
1819 1437
975 1235
1647 1351
1299 1302
661 1412
1463 1455
1681 1117
2206 1188
1227 1306
1552 1214
1649 1010
2067 1471
1514 1458
2691 1340
787 1066
712 1061
2559 1265
1829 1422
1536 1493
1529 1380
2355 1146
1234 1071
2605 1144
1884 1255
2179 1112
2153 1072
2755 1173
530 1325
1130 1001
571 1060
1383 1291
2489 1135
2013 1378
855 1088
1771 1203
1588 1286
1548 1035
1432 1185
1075 1094
2667 1289
1966 1402
2025 1216
1744 1336
2172 1357
1068 1278
1896 1366
2991 1390
622 1310
804 1217
1276 1280
881 1267
1180 1265
2826 1120
2789 1305
2294 1323
1652 1339
2123 1314
2325 1113
2160 1387
1220 1053
2196 1132
2410 1476
2071 1290
934 1391
1417 1352
1664 1433
1814 1303
1117 1406
2627 1106
724 1367
2010 1333
1137 1240
1376 1248
1131 1490
2242 1321
2572 1156
939 1018
1106 1367
1373 1244
1432 1448
727 1441
2422 1241
1996 1468
1354 1029
2164 1422
832 1339
2938 1465
2533 1392
1364 1097
869 1369
669 1223
1713 1313
595 1236
2818 1178
1259 1425
2221 1350
1969 1409
725 1423
1919 1306
1801 1091
2682 1440
1962 1108
2068 1177
2968 1495
2588 1458
1805 1246
1674 1139
1951 1100
2287 1069
2792 1106
1161 1251
2106 1345
2557 1222
2796 1240
803 1227
1093 1133
2735 1456
2203 1005
1591 1437
713 1123
843 1063
1468 1104
2805 1180
1651 1131
562 1038
2621 1275
2737 1258
1465 1141
1678 1067
1768 1199
1048 1116
1965 1416
1551 1464
1419 1211
1430 1004
1717 1083
2664 1391
2089 1357
2773 1194
1091 1052
658 1489
2195 1434
791 1057
2075 1424
2480 1126
1089 1461
1174 1336
1774 1287
1417 1375
1312 1425
2394 1020
898 1341
1697 1066
2468 1147
1727 1040
2188 1128
1762 1156
1062 1093
2908 1130
2948 1264
2828 1459
525 1460
1495 1006
1154 1222
2347 1445
2561 1419
2214 1271
2041 1188
2031 1127
829 1138
1421 1160
1284 1035
2488 1059
1038 1025
1587 1040
2891 1297
1551 1073
1058 1447
2136 1156
2613 1104
2844 1206
573 1436
2796 1254
2076 1346
1782 1228
1095 1028
1222 1045
2355 1360
2832 1156
1714 1219
988 1272
1475 1200
2288 1346
2422 1062
2320 1139
1466 1062
645 1371
2552 1245
864 1258
1694 1054
564 1373
1192 1141
1621 1375
815 1442
2178 1370
2704 1196
2781 1441
2272 1206
826 1450
1547 1492
776 1442
1445 1457
1000 1397
2358 1435
1011 1106
1540 1447
726 1243
1832 1267
2921 1150
1870 1000
2531 1488
938 1446
1160 1220
773 1275
768 1125
2044 1203
1323 1099
2123 1411
1976 1417
2327 1414
931 1340
769 1118
1229 1464
664 1218
2135 1380
2208 1323
859 1460
674 1043
1691 1050
1006 1117
518 1444
2006 1419
658 1282
727 1196
1041 1177
623 1176
2236 1264
2992 1394
1758 1305
1742 1355
1108 1271
1117 1003
1326 1496
1060 1458
1859 1164
1735 1238
1068 1070
975 1003
2690 1079
2854 1228
1265 1337
522 1358
814 1349
1857 1353
1294 1259
2528 1218
2960 1162
1527 1310
536 1486
947 1020
2892 1216
2332 1290
757 1314
2675 1156
1338 1347
725 1367
2874 1337
2582 1006
1672 1304
2965 1182
637 1309
1837 1028
1157 1421
2955 1499
2583 1045
593 1408
2617 1280
1798 1247
883 1038
1740 1227
2613 1277
752 1354
1854 1012
2489 1193
1853 1471
2871 1307
2582 1000
2063 1105
1020 1494
631 1352
2252 1491
1773 1069
1448 1268
1686 1417
1066 1177
1730 1072
2749 1467
782 1104
1083 1401
1866 1466
727 1314
1579 1147
630 1223
2108 1104
1420 1390
608 1351
555 1357
795 1142
2524 1446
1445 1323
1650 1440
1276 1093
2035 1185
1508 1255
943 1172
907 1026
2046 1274
902 1062
2192 1297
2104 1132
1318 1226
2025 1145
2126 1339
2132 1476
506 1440
2579 1239
2291 1016
1161 1011
2428 1181
2753 1313
915 1224
1731 1368
1995 1303
2903 1495
1894 1008
641 1413
1300 1449
677 1326
520 1182
854 1474
1138 1235
2214 1091
884 1029
750 1446
2482 1375
2471 1366
967 1107
810 1458
2693 1484
2550 1070
2938 1196
2521 1095
2181 1005
855 1407
2813 1270
2896 1189
2593 1189
2103 1087
829 1384
1769 1288
1377 1015
768 1454
1362 1452
2366 1261
1490 1225
2415 1376
887 1058
2153 1453
2668 1171
2549 1451
2584 1052
2844 1302
1603 1325
1347 1344
2139 1254
1491 1391
2279 1390
1566 1119
2056 1487
1442 1440
2635 1044
785 1052
1240 1195
592 1350
2551 1195
2214 1070
1183 1484
1577 1099
2937 1350
1856 1334
2892 1296
1712 1150
1327 1338
2776 1413
1227 1368
2541 1210
1938 1447
2841 1166
700 1234
2863 1444
1155 1158
1481 1145
2825 1040
1254 1374
1106 1330
2042 1143
1141 1428
535 1376
2230 1160
1764 1432
1112 1182
2244 1135
1742 1353
2419 1020
2875 1413
2873 1303
777 1411
1678 1034
1134 1078
1272 1012
1648 1303
2405 1211
1922 1069
1322 1056
2772 1024
2500 1319
933 1323
866 1223
2695 1491
1465 1229
1151 1241
1122 1066
2987 1483
578 1022
2346 1333
2213 1340
571 1014
531 1207
1865 1339
1641 1278
2628 1241
612 1336
2933 1000
2276 1072
553 1423
2513 1434
2532 1436
2682 1378
1684 1173
2185 1496
1848 1343
1437 1366
1909 1247
2328 1247
1035 1290
1115 1026
651 1011
686 1346
1139 1353
1471 1196
2657 1167
1762 1429
2039 1350
2186 1297
1234 1111
2966 1090
2415 1089
2820 1358
973 1042
1151 1421
2711 1013
1710 1044
1574 1170
1361 1446
1260 1272
2942 1315
780 1253
535 1348
2316 1368
2444 1181
552 1446
2138 1240
2326 1248
1337 1292
1903 1472
1790 1393
2939 1002
2658 1031
1049 1358
1159 1201
1084 1407
800 1049
1504 1357
2576 1107
1595 1187
540 1351
1680 1326
1924 1270
1093 1108
2948 1449
1021 1464
968 1029
1057 1137
1765 1214
663 1472
2637 1227
1656 1040
1348 1460
2217 1449
516 1126
2257 1166
1864 1318
890 1259
1736 1410
2462 1037
2208 1423
1139 1217
1757 1494
1993 1268
2455 1452
1239 1152
1366 1480
1345 1475
2200 1253
1663 1392
2311 1284
1552 1277
2332 1194
853 1106
2793 1180
2058 1204
1244 1134
1489 1367
2280 1200
1487 1108
2765 1250
1665 1086
752 1296
2568 1154
1453 1249
1265 1033
536 1233
2747 1220
933 1037
1419 1333
1769 1207
2187 1276
1580 1324
905 1262
1543 1418
2264 1066
1243 1435
2871 1366
1073 1466
1450 1340
2380 1083
2889 1187
1145 1454
2026 1137
1528 1473
1735 1084
1406 1459
1524 1378
2613 1278
837 1287
970 1041
869 1198
948 1134
2117 1388
2405 1184
2742 1108
2217 1257
1017 1267
1704 1042
1218 1197
691 1264
2903 1272
2288 1268
1260 1204
836 1181
512 1300
2453 1163
1542 1376
2494 1066
1115 1458
2223 1145
1315 1491
2653 1399
2569 1093
2433 1270
1238 1109
1574 1403
1889 1043
1628 1217
1723 1294
1947 1314
1200 1185
2952 1243
2737 1203
2053 1112
2524 1308
2746 1434
629 1235
2850 1018
1046 1305
2593 1292
794 1320
1243 1161
2960 1226
1997 1192
1251 1113
868 1280
2258 1211
2099 1123
1844 1441
1208 1099
2251 1313
1584 1318
965 1097
2859 1355
1774 1056
2797 1093
830 1135
2702 1066
1085 1013
2283 1413
1824 1245
648 1164
1176 1333
1610 1071
2521 1254
1726 1021
1462 1009
671 1312
2958 1195
2244 1333
2776 1122
1718 1357
1991 1211
1971 1493
1650 1227
940 1213
627 1431
1098 1406
2497 1426
1215 1424
1159 1339
2002 1242
1333 1375
1067 1301
940 1366
2369 1473
1402 1267
1713 1415
1554 1081
1189 1329
1412 1056
2389 1231
2613 1363
1080 1433
2965 1250
1083 1080
1946 1325
1844 1220
1518 1134
2199 1071
1548 1330
1146 1336
1776 1137
1617 1321
1897 1126
656 1236
2376 1210
2008 1209
2278 1088
1132 1131
902 1039
1656 1367
1798 1237
1665 1352
1904 1236
770 1429
693 1373
941 1297
2181 1051
591 1472
819 1230
2543 1406
2254 1106
867 1238
1779 1476
1782 1421
2615 1146
1952 1204
1300 1012
2665 1174
1582 1281
1250 1317
751 1318
2134 1431
1654 1319
872 1442
1087 1340
1763 1346
1608 1358
2438 1020
2181 1095
1671 1357
2165 1129
2316 1301
1155 1079
2302 1343
2787 1361
1956 1493
1929 1166
2641 1148
2174 1499
1279 1394
1327 1314
2619 1085
1338 1090
2431 1438
606 1278
1818 1121
2067 1477
2378 1130
2607 1071
976 1144
1667 1470
1788 1402
2160 1245
1729 1299
1948 1061
515 1175
2431 1234
1387 1291
2225 1173
1000 1100
1475 1048
1972 1001
820 1205
882 1378
631 1421
2724 1369
1353 1416
834 1030
1234 1357
1350 1406
1913 1457
614 1279
1610 1420
1778 1340
2228 1096
1084 1183
1470 1279
2359 1314
2369 1098
1835 1306
865 1004
1002 1384
862 1257
2347 1068
2391 1288
654 1086
1459 1394
2489 1284
2183 1457
2979 1466
2792 1347
2865 1228
2955 1123
2331 1175
2865 1464
1400 1340
2883 1466
2980 1473
1027 1219
2665 1394
2193 1416
2463 1354
1823 1239
885 1390
2113 1499
2056 1318
1638 1440
2325 1101
1518 1044
743 1422
646 1181
2268 1452
1622 1159
2483 1210
2746 1056
2310 1216
2954 1179
2177 1017
1237 1458
2608 1385
2977 1467
832 1466
2775 1415
2592 1465
1637 1271
1482 1462
1302 1016
1733 1215
2736 1038
1335 1191
1942 1188
1004 1047
2946 1310
1882 1351
1844 1092
1783 1368
2074 1277
1748 1006
788 1016
1619 1406
1474 1016
1432 1104
1919 1473
1276 1429
719 1299
1008 1444
2354 1221
1268 1181
1220 1334
1189 1015
2773 1039
2390 1117
2005 1218
2551 1497
1664 1255
1912 1174
1709 1224
1568 1423
2309 1050
1615 1392
2425 1206
1255 1298
580 1298
1149 1078
720 1207
2544 1394
2651 1247
1494 1432
2041 1118
2257 1140
1837 1446
1706 1094
2716 1463
664 1062
2896 1452
1447 1477
2757 1389
1176 1157
2947 1330
2701 1215
2614 1108
2703 1352
2394 1037
2701 1113
2422 1334
2703 1382
2459 1490
2350 1092
1201 1300
1496 1044
923 1127
1996 1059
1326 1068
1808 1160
832 1101
976 1497
1847 1014
1280 1007
1395 1135
2280 1183
1800 1435
2322 1203
2614 1342
1995 1012
2128 1413
1287 1114
768 1431
2377 1146
1355 1178
2818 1198
2180 1175
2576 1169
1979 1136
2329 1017
2390 1056
1483 1051
892 1143
2662 1417
1002 1469
1136 1077
2717 1282
724 1154
2875 1135
600 1076
1264 1249
574 1329
1888 1096
1786 1159
2709 1099
2557 1305
782 1026
2961 1473
1584 1220
1949 1093
2530 1113
2750 1382
1819 1253
1113 1203
525 1118
1780 1174
923 1056
2984 1232
2878 1221
2722 1041
2481 1453
1580 1087
1661 1483
1460 1100
541 1266
2716 1260
867 1041
2672 1298
804 1177
2172 1085
1579 1087
778 1374
655 1461
2901 1215
1948 1316
2494 1266
2903 1302
1579 1222
1112 1402
1424 1146
1884 1090
723 1220
1963 1494
1689 1044
1373 1232
1407 1075
2015 1209
1588 1345
812 1341
2529 1049
1126 1246
1138 1494
2446 1478
2169 1417
883 1060
828 1121
2801 1009
1882 1390
1124 1263
2809 1323
2283 1030
2321 1238
2746 1393
2833 1049
1757 1232
2214 1479
1222 1251
2679 1373
999 1444
1528 1046
2828 1261
2885 1476
1924 1058
1582 1325
791 1365
2444 1201
563 1428
2832 1377
2311 1086
575 1249
2546 1023
1803 1315
2408 1030
547 1449
1182 1359
871 1218
830 1141
888 1109
564 1288
2168 1277
2566 1187
1688 1043
1518 1157
1417 1130
1294 1279
1302 1092
726 1058
1623 1440
1850 1105
2860 1335
1791 1057
1675 1052
1944 1125
1281 1438
1458 1455
2731 1162
2528 1082
1564 1403
1123 1189
2413 1343
970 1259
2884 1230
2043 1097
1631 1078
555 1150
999 1400
1324 1322
2511 1321
2333 1260
683 1339
1556 1279
2936 1139
1776 1452
2293 1189
2345 1200
2071 1298
1403 1225
988 1129
2481 1363
2098 1364
2305 1468
2991 1416
1063 1012
2044 1183
644 1378
1710 1170
1958 1061
1849 1455
2937 1499
1361 1263
2711 1230
1208 1230
2997 1133
2030 1358
681 1166
2204 1175
1441 1115
916 1045
1501 1001
878 1407
1645 1461
2719 1073
2965 1394
2897 1388
1453 1196
2757 1263
2903 1216
2911 1430
757 1101
1964 1069
1000 1350
886 1193
1771 1187
2411 1001
667 1282
2061 1260
1963 1196
2777 1454
2191 1220
2140 1196
1081 1482
1109 1254
1184 1212
1863 1048
2290 1180
1598 1406
2389 1388
2445 1269
1129 1227
2921 1357
1052 1204
1259 1312
2584 1317
2225 1352
841 1376
829 1224
1613 1426
1373 1495
2628 1293
1726 1288
1608 1213
2761 1126
2994 1319
2369 1329
1998 1300
2755 1330
1602 1449
1759 1405
2718 1347
1028 1095
1570 1375
2121 1006
2594 1309
769 1482
2020 1285
1230 1494
2116 1211
2674 1317
1329 1377
1153 1186
967 1222
2986 1145
2142 1242
729 1154
1752 1379
2965 1381
961 1091
2194 1317
1475 1148
655 1095
1725 1204
2134 1443
1759 1032
845 1468
2282 1049
877 1398
1383 1121
1649 1257
2852 1158
1225 1033
1593 1356
503 1166
864 1124
2470 1322
2015 1339
2644 1407
2134 1416
1292 1416
2208 1365
2086 1413
2167 1227
2426 1463
1077 1293
1623 1319
669 1243
1580 1232
2509 1074
1644 1287
1713 1196
1778 1317
625 1014
2212 1063
955 1234
1274 1082
1207 1359
1092 1493
2438 1217
1556 1167
787 1276
1680 1258
869 1089
1370 1232
1488 1351
1840 1297
862 1123
1902 1101
1785 1389
629 1446
2754 1145
1126 1242
1356 1179
810 1052
2916 1234
745 1164
1227 1357
666 1408
2355 1225
615 1130
683 1289
2760 1076
1099 1212
795 1435
1268 1371
1850 1101
1760 1412
2021 1441
2547 1289
2775 1198
1208 1043
846 1326
1580 1170
534 1471
2491 1303
2725 1006
1150 1034
2538 1179
841 1451
927 1324
2369 1389
2576 1412
665 1233
1676 1440
2316 1014
1270 1207
1959 1350
2037 1431
1673 1201
2768 1258
2446 1230
1096 1130
1483 1319
643 1337
2749 1278
2541 1099
682 1350
2647 1462
549 1144
2427 1164
2864 1026
524 1379
1450 1272
1248 1211
1179 1174
2761 1489
1421 1475
1082 1356
2429 1022
2502 1163
613 1293
933 1346
2022 1426
966 1390
1412 1420
1299 1039
2051 1264
1861 1131
607 1455
1822 1423
2700 1026
1363 1036
1785 1051
634 1250
1745 1030
1429 1127
2117 1368
2947 1173
1283 1080
796 1136
2966 1422
1527 1461
2761 1109
1438 1143
848 1443
2072 1303
2444 1406
878 1346
2004 1399
2494 1178
2901 1081
2581 1480
1788 1320
1063 1251
2423 1317
1744 1337
1229 1113
1147 1101
1679 1371
908 1169
2390 1476
1298 1236
2961 1063
921 1000
1265 1001
935 1089
999 1342
1464 1143
2419 1465
2316 1401
826 1492
2563 1003
2070 1080
1858 1295
1947 1209
826 1154
1997 1492
843 1304
2738 1102
2115 1312
1151 1483
1562 1012
1900 1025
2991 1298
2256 1399
1172 1289
786 1332
2932 1488
2439 1101
2081 1481
1373 1178
1118 1287
2057 1185
1149 1117
2351 1455
2441 1007
1947 1007
1122 1122
2103 1226
1321 1463
1292 1434
2565 1382
730 1409
1746 1389
1960 1239
927 1221
2636 1310
2887 1202
2758 1414
1757 1438
2277 1379
2722 1297
2677 1091
1044 1054
593 1202
1431 1485
1221 1463
1044 1175
1641 1004
2425 1378
1416 1282
2409 1082
2328 1452
610 1237
886 1222
2330 1129
2225 1303
1540 1019
2622 1118
656 1201
1968 1435
2404 1384
567 1103
2415 1401
2269 1428
2502 1304
809 1469
2987 1121
2798 1181
1384 1438
1959 1083
1218 1329
2738 1281
2213 1391
2384 1402
2133 1484
1203 1449
2653 1352
2495 1224
2894 1461
2696 1374
1802 1423
1430 1089
2778 1083
2211 1335
2468 1254
1742 1015
2197 1161
1723 1250
2126 1119
2368 1365
1572 1118
1897 1415
1675 1025
1996 1152
503 1401
2015 1063
1183 1340
1957 1319
1404 1157
567 1196
1129 1331
2897 1421
2394 1338
2842 1330
1792 1151
1200 1143
1694 1290
1461 1121
1743 1377
2439 1237
1452 1034
2295 1242
1730 1253
634 1117
1408 1184
2807 1031
2587 1444
1252 1115
1654 1465
643 1233
979 1468
944 1455
1158 1172
2824 1181
511 1219
1300 1089
2839 1484
2546 1394
1138 1468
2584 1345
1561 1039
2394 1039
1743 1113
1128 1101
552 1128
2486 1426
1805 1046
1260 1011
624 1314
1873 1458
1336 1378
2841 1334
2852 1459
693 1063
2283 1201
1310 1125
1329 1478
781 1153
1006 1317
2817 1130
2299 1077
1968 1153
2702 1271
1083 1327
1307 1043
1787 1300
1348 1166
802 1024
531 1250
2711 1213
796 1117
2528 1162
2015 1127
627 1051
2990 1017
1011 1144
1853 1327
2354 1221
1992 1135
2827 1477
1333 1171
2753 1244
1471 1141
2598 1496
2527 1136
2418 1359
1403 1065
1150 1382
1014 1408
1259 1212
916 1068
1173 1159
1710 1040
2447 1355
1251 1275
2201 1462
1627 1462
2326 1380
1881 1380
2157 1125
1758 1094
989 1209
743 1008
2832 1247
1508 1293
2708 1065
1274 1191
2309 1377
758 1085
2218 1135
2534 1132
1586 1150
1247 1225
1528 1280
1647 1196
1995 1358
1129 1484
2329 1369
894 1234
2904 1496
2078 1028
2167 1051
1269 1030
1420 1138
2240 1316
2269 1256
1992 1485
2199 1077
2387 1260
2635 1122
1785 1336
685 1372
2081 1183
1450 1470
1405 1166
686 1053
2829 1430
513 1403
990 1013
2272 1292
803 1232
1821 1044
1068 1449
1976 1442
2137 1268
581 1368
2446 1308
730 1473
1632 1363
1424 1272
646 1411
2446 1003
1949 1020
2627 1153
2757 1064
2993 1285
867 1283
810 1323
1417 1103
1766 1454
1502 1087
755 1083
1483 1398
2188 1132
2959 1049
1470 1009
1702 1403
2097 1090
1058 1180
1651 1068
804 1018
2462 1267
2261 1043
1604 1012
2487 1264
2938 1107
1214 1137
2480 1325
2183 1127
1693 1064
1025 1434
1309 1235
1590 1407
805 1127
1242 1224
1630 1429
558 1481
724 1457
2012 1265
658 1230
1691 1496
2845 1480
2096 1063
2788 1281
1205 1056
2560 1314
967 1328
1561 1216
2470 1252
2226 1392
2522 1486
2674 1232
1961 1059
2312 1339
2289 1223
1763 1352
2127 1340
2748 1491
1472 1195
535 1238
755 1068
991 1106
2861 1216
719 1323
2322 1217
916 1358
2374 1192
2881 1048
1671 1300
2757 1139
1835 1012
2491 1233
1046 1300
1408 1230
2643 1177
1003 1317
2454 1492
2245 1329
1068 1220
1711 1096
2395 1259
1102 1489
1553 1329
2838 1401
1593 1104
974 1368
2252 1018
1678 1333
1065 1350
2306 1356
2933 1421
773 1251
2958 1434
758 1026
1830 1054
1156 1065
1176 1497
1222 1107
2795 1052
1563 1013
1556 1335
1406 1092
634 1228
1446 1236
1278 1357
975 1428
932 1076
2717 1105
1767 1426
2371 1064
2872 1488
2333 1381
1892 1048
2857 1019
2552 1268
2164 1183
2353 1032
1315 1103
2238 1202
1959 1311
2870 1491
1539 1296
2385 1152
971 1416
2939 1498
2160 1372
1060 1038
536 1052
1261 1281
2136 1364
2590 1213
2207 1182
1090 1454
2090 1452
581 1107
1826 1089
2985 1376
656 1322
2911 1095
614 1037
2926 1209
2056 1275
1437 1458
1635 1104
1575 1463
867 1466
1124 1056
654 1407
1838 1285
587 1024
2566 1019
2368 1459
2931 1211
1029 1103
2426 1381
1268 1305
1400 1349
2072 1027
525 1036
993 1020
1219 1258
1999 1414
2382 1148
1911 1380
693 1328
942 1186
1282 1400
1992 1310
1960 1259
1508 1256
1822 1046
2095 1487
922 1138
566 1414
567 1499
2800 1025
2322 1244
2977 1325
2473 1089
795 1177
810 1174
2758 1210
1405 1296
1399 1207
2584 1446
910 1346
947 1028
998 1032
2305 1035
1029 1266
1115 1436
2584 1335
1240 1163
1676 1155
619 1207
2750 1280
661 1014
2645 1321
2702 1018
1082 1224
2960 1162
1979 1358
1028 1129
1809 1193
953 1087
1060 1188
770 1251
1803 1205
2699 1467
1869 1065
558 1296
2273 1412
2036 1151
2670 1487
2936 1354
2807 1339
654 1245
1992 1060
2652 1139
1592 1354
1568 1238
2155 1323
1409 1361
2307 1026
617 1352
1345 1412
1952 1008
2814 1102
2878 1290
2623 1397
2118 1383
2568 1193
2078 1072
2471 1389
2507 1428
2100 1268
1487 1255
1147 1498
589 1047
2290 1362
1467 1105
840 1140
1018 1441
1458 1298
1620 1093
1921 1334
667 1330
2094 1011
2257 1418
660 1231
1236 1457
937 1466
2712 1426
1843 1127
951 1281
2614 1051
591 1113
2266 1263
668 1031
2864 1075
2935 1404
2987 1444
1375 1441
1757 1118
1380 1098
2329 1005
1588 1150
986 1489
2055 1390
1892 1213
1331 1290
2693 1177
1095 1353
1697 1006
693 1373
1019 1428
1193 1200
1092 1135
1600 1180
697 1272
2880 1012
2436 1313
1705 1227
1734 1002
1974 1356
1639 1033
1849 1226
642 1027
2024 1305
807 1457
1716 1372
1760 1314
1552 1483
2823 1342
1916 1156
1970 1097
1807 1436
581 1037
2086 1083
1625 1255
617 1113
2019 1157
1398 1377
1110 1113
1005 1198
2802 1499
2831 1425
1510 1315
1456 1378
2780 1166
1595 1294
2602 1283
767 1008
2647 1124
900 1316
2093 1421
2344 1326
2103 1149
1598 1322
2532 1283
920 1086
2413 1294
2929 1090
2349 1361
888 1005
2501 1489
2606 1162
2086 1005
763 1056
2842 1049
2016 1362
744 1222
1119 1139
647 1368
2564 1402
1763 1002
1624 1359
1439 1425
2988 1022
2162 1058
1004 1436
2426 1451
2485 1482
1853 1073
2749 1276
1209 1226
733 1141
2989 1486
2322 1078
1494 1186
1902 1134
2907 1129
2941 1227
841 1472
2363 1067
2542 1035
611 1200
2958 1244
846 1220
1464 1448
836 1486
2205 1389
1650 1394
880 1111
1789 1428
546 1408
1195 1251
2609 1360
1972 1222
2422 1365
1534 1335
2123 1062
2029 1402
1237 1197
1205 1331
777 1450
2366 1346
666 1428
1464 1130
1712 1025
2393 1418
1170 1013
1387 1157
2934 1224
1749 1130
1485 1053
2296 1431
894 1200
1745 1005
2296 1081
2085 1310
2339 1374
914 1049
1926 1388
1992 1334
1940 1164
1118 1450
912 1164
736 1056
1112 1302
1574 1273
2658 1451
2743 1421
1531 1378
2995 1129
1644 1325
2003 1023
2784 1328
2459 1163
1930 1328
1751 1029
2417 1131
805 1350
1449 1275
1359 1389
533 1257
2876 1462
2044 1040
2630 1330
2415 1341
2771 1161
599 1042
2691 1374
2891 1364
1377 1073
2424 1133
1180 1052
2170 1421
2258 1175
511 1003
520 1095
815 1155
1354 1478
943 1418
1945 1210
2051 1083
2272 1220
2311 1141
1996 1402
958 1382
1456 1217
2470 1337
1412 1023
636 1269
2118 1331
2026 1172
1366 1392
1740 1440
2865 1356
1231 1233
2648 1170
1800 1031
1884 1169
1853 1113
2847 1024
2614 1330
1448 1127
603 1444
2406 1094
1568 1107
2102 1405
912 1001
1579 1117
686 1492
2505 1399
1697 1254
1179 1045
2435 1261
1994 1313
2872 1132
1750 1214
1015 1456
1609 1459
2494 1329
528 1044
775 1216
1612 1209
649 1436
2229 1415
2330 1216
2853 1400
2496 1000
2343 1312
2703 1021
2665 1216
2534 1359
1864 1408
1921 1390
1318 1113
678 1346
1174 1182
2701 1303
2895 1143
717 1335
2548 1326
2728 1212
2208 1303
1972 1242
2742 1269
1817 1447
1404 1073
745 1159
920 1220
590 1291
2134 1047
1888 1114
594 1485
2908 1294
1039 1360
1267 1293
2910 1418
2451 1449
2028 1323
1888 1233
2553 1197
785 1121
1386 1100
2315 1103
1206 1430
2874 1459
2475 1094
1912 1306
2318 1386
2261 1492
2131 1041
1260 1442
2171 1447
984 1229
836 1078
1858 1475
2432 1352
2279 1491
1298 1335
2705 1271
565 1190
1942 1097
1332 1415
1109 1462
2684 1072
2842 1315
1859 1399
620 1435
616 1031
680 1342
2761 1188
1910 1488
1236 1189
1978 1448
1023 1286
1375 1445
1749 1499
1896 1067
2745 1098
2275 1294
2240 1001
1708 1309
1153 1068
577 1454
2640 1146
1224 1100
2842 1282
1262 1160
891 1061
1309 1161
2219 1481
2277 1060
785 1355
2947 1181
2070 1369
1173 1255
1625 1271
2883 1375
1060 1434
1922 1277
1302 1420
1794 1240
2580 1473
1872 1351
1288 1068
1631 1406
2246 1473
1405 1239
2458 1232
2183 1148
962 1298
1967 1417
1138 1187
1596 1029
1249 1406
803 1008
2290 1130
681 1490
1708 1344
1395 1262
1948 1252
2180 1457
2411 1452
2519 1486
1965 1175
1210 1440
2965 1106
705 1291
712 1272
2807 1074
1298 1153
2488 1418
1598 1306
1973 1203
2746 1299
646 1284
2516 1030
2379 1480
1137 1347
1820 1435
2258 1397
1102 1372
621 1067
1945 1353
2369 1199
1223 1075
791 1032
783 1128
1542 1249
1923 1047
2433 1468
1830 1084
1259 1470
1501 1064
897 1328
2452 1278
852 1404
2015 1178
1137 1102
1509 1030
984 1273
1986 1157
2110 1141
2564 1133
2026 1465
1585 1098
2863 1103
600 1431
1512 1345
1242 1070
1387 1099
1009 1229
2732 1265
1888 1211
1394 1018
2883 1190
2397 1439
2729 1016
1246 1142
2509 1493
2213 1061
1346 1305
2182 1091
739 1051
1607 1284
2057 1136
1897 1032
813 1359
2076 1225
1869 1431
1108 1437
681 1362
684 1265
627 1287
1627 1187
633 1322
1460 1477
2237 1247
2153 1314
2645 1187
2610 1483
2548 1445
2455 1497
2051 1345
2326 1074
985 1393
2422 1319
1162 1334
1263 1199
928 1397
1385 1068
1069 1105
629 1306
1081 1128
1264 1290
2171 1129
1729 1078
1918 1166
1751 1114
1769 1020
1351 1282
849 1342
1004 1194
841 1079
2281 1174
733 1237
2029 1114
2542 1301
2879 1044
960 1000
680 1090
1086 1451
2732 1342
1690 1377
1724 1005
1115 1106
2572 1318
1223 1205
1251 1080
2701 1428
2539 1498
1627 1456
2464 1173
2594 1101
2602 1344
2031 1152
1312 1264
2447 1269
589 1459
514 1064
1871 1161
2354 1022
800 1272
1141 1385
2221 1487
1654 1482
1064 1475
740 1278
2520 1138
634 1287
1263 1227
677 1168
2578 1295
2364 1131
909 1259
2730 1161
2945 1408
2450 1115
1240 1141
1771 1288
889 1076
2772 1156
1783 1055
2594 1166
884 1295
1558 1100
1819 1122
706 1289
1886 1101
1123 1019
1245 1396
1396 1305
2216 1346
713 1001
2086 1221
1511 1252
1998 1015
2458 1493
672 1441
2490 1175
1812 1427
2390 1290
1341 1382
1005 1276
2968 1399
2732 1475
637 1188
2777 1026
2166 1188
763 1088
1062 1147
1590 1190
2966 1437
651 1029
2789 1081
1159 1365
994 1113
2550 1442
1745 1190
2536 1101
2614 1432
886 1006
2255 1494
725 1221
2463 1154
537 1245
1865 1327
2977 1446
2301 1481
1810 1131
2975 1474
2839 1423
1065 1273
1884 1468
2668 1156
2376 1068
2863 1224
2277 1306