4550 5000
2534 1252
2380 1188
2087 1310
1117 1053
1949 1384
1101 1015
1790 1131
586 1090
919 1151
2892 1002
932 1492
2520 1325
2192 1323
1798 1193
1186 1397
2732 1140
1509 1329
1345 1185
2347 1385
1070 1151
2338 1056
1362 1139
2274 1309
2335 1062
2156 1179
1872 1362
1755 1050
2088 1423
733 1391
868 1321
2793 1381
2253 1065
1725 1047
1588 1499
2752 1215
2643 1325
2086 1123
1338 1234
2764 1477
1081 1013
1162 1307
2099 1320
2660 1227
1595 1159
1087 1099
1198 1127
764 1120
951 1302
1795 1217
1389 1407
2620 1248
979 1327
1578 1038
583 1080
576 1491
2715 1082
512 1410
2728 1364
1539 1095
2690 1203
2114 1206
803 1095
659 1355
889 1403
2756 1134
2829 1347
2322 1290
826 1009
2473 1383
2449 1471
1644 1474
1423 1204
643 1103
1846 1053
2716 1103
2110 1173
1547 1150
1574 1490
1860 1261
2455 1004
2591 1418
1013 1218
891 1133
1958 1123
2869 1454
798 1367
2907 1026
579 1417
2574 1165
1144 1004
1185 1074
1123 1302
2670 1205
984 1373
2384 1319
2506 1023
2193 1186
2639 1043
1094 1210
787 1436
1261 1427
803 1040
1617 1125
838 1380
2554 1013
2101 1133
1370 1056
1595 1162
2818 1436
2099 1368
1262 1275
724 1288
984 1193
2559 1194
1061 1129
1063 1422
844 1224
2094 1436
785 1404
1562 1286
1140 1385
2703 1493
2058 1146
2364 1206
1114 1497
1686 1045
559 1083
2331 1067
2757 1464
1800 1142
1242 1233
1772 1282
832 1068
1883 1093
1905 1299
1490 1289
980 1037
2181 1443
2562 1112
1522 1157
871 1405
517 1295
1998 1112
1458 1132
2457 1499
650 1341
2722 1339
2816 1068
2613 1411
1057 1450
2265 1446
972 1219
1479 1215
1633 1077
2161 1112
1077 1433
1669 1394
857 1021
2163 1479
845 1404
1386 1379
1536 1168
1812 1103
2512 1239
1590 1158
2108 1241
2405 1499
510 1142
2558 1223
2683 1341
748 1219
1943 1072
2439 1230
1352 1491
2931 1292
650 1485
1540 1179
1870 1364
2803 1483
1835 1090
813 1241
746 1246
1679 1161
1729 1080
1715 1486
680 1289
581 1282
1928 1303
1234 1456
2238 1067
2438 1188
2426 1421
525 1188
1601 1317
2949 1339
853 1026
1634 1360
1160 1345
1583 1291
2486 1480
2857 1188
1910 1446
1559 1249
1519 1062
1312 1472
699 1383
2046 1293
2817 1189
1266 1187
581 1086
1238 1270
2794 1096
1188 1201
2953 1174
1609 1115
1720 1160
1437 1386
908 1106
556 1278
1464 1122
1954 1211
2135 1185
1995 1066
2586 1370
1346 1190
1549 1148
784 1252
2629 1372
720 1307
2182 1128
1933 1191
2197 1065
2435 1319
2310 1081
2860 1051
2220 1489
1826 1388
1383 1159
804 1361
1988 1258
2660 1256
2089 1429
2050 1031
1597 1256
2641 1479
1732 1103
2670 1471
957 1027
701 1246
1754 1447
1776 1441
887 1167
1562 1485
2585 1482
2665 1235
1446 1212
1238 1158
1448 1093
824 1393
2486 1386
1386 1315
1033 1101
781 1355
2840 1494
891 1083
1853 1314
1072 1032
2630 1024
2354 1244
2446 1105
803 1056
1562 1252
2091 1106
775 1402
2291 1335
686 1161
2440 1366
1212 1428
536 1187
1376 1324
821 1056
1119 1342
1098 1119
787 1467
1897 1344
2484 1429
1597 1493
2814 1104
2888 1097
1656 1467
2828 1081
1941 1127
2785 1379
570 1024
1878 1011
763 1445
1517 1083
2013 1035
2559 1483
2179 1347
2013 1092
787 1079
583 1195
1278 1278
896 1404
2810 1260
1392 1305
2938 1343
640 1091
751 1307
2979 1099
2461 1094
793 1057
2173 1296
1562 1379
2560 1012
1524 1492
1179 1091
1198 1016
877 1436
2092 1472
1677 1172
1692 1382
786 1080
2613 1272
1807 1083
584 1190
1374 1010
1082 1274
2269 1160
2674 1008
1518 1371
879 1011
2859 1332
2838 1088
2003 1072
570 1471
1858 1286
1584 1157
1213 1328
753 1475
2153 1302
2272 1065
1985 1200
1696 1044
1583 1353
2518 1353
1619 1333
917 1097
1421 1397
657 1033
1388 1335
2752 1218
1788 1432
1323 1003
1801 1311
596 1290
1765 1469
1016 1057
2668 1365
2130 1306
1518 1042
533 1382
2025 1213
1006 1321
859 1173
2526 1431
1294 1355
2602 1343
1381 1283
2059 1293
2842 1393
2942 1373
1902 1433
1433 1062
1720 1260
2080 1056
614 1284
1907 1133
2965 1364
1848 1396
1896 1175
2910 1379
523 1261
1157 1080
2453 1251
1145 1319
1363 1281
1806 1260
1740 1176
578 1229
1667 1222
2885 1208
503 1443
2484 1336
1704 1450
731 1304
2234 1323
2747 1287
2416 1461
1040 1434
519 1339
2631 1122
1951 1342
1944 1413
1834 1134
1473 1284
2725 1360
1462 1380
2304 1404
1249 1129
1158 1490
2881 1029
2099 1007
1125 1028
1593 1267
697 1407
1030 1392
1797 1033
2306 1232
1885 1159
2293 1051
1743 1175
1560 1224
2308 1303
1093 1150
2314 1433
2131 1057
2030 1378
533 1220
1393 1250
2208 1211
2076 1377
2052 1197
1110 1368
1147 1475
1814 1105
2653 1347
533 1497
2530 1293
1326 1050
1611 1097
1025 1058
2421 1114
2371 1356
729 1327
2363 1435
2475 1393
1561 1247
2734 1025
1041 1121
2646 1142
740 1150
1121 1340
1002 1283
1676 1129
2855 1496
1470 1152
768 1464
2056 1101
1904 1277
1501 1019
2450 1187
2825 1211
1663 1107
1966 1289
2473 1152
2002 1320
2085 1261
2477 1257
2656 1061
1001 1199
2367 1420
1433 1047
1728 1085
2669 1489
1566 1395
2582 1160
1046 1134
1193 1206
1933 1239
1474 1253
811 1190
2311 1312
1072 1035
2178 1488
1289 1410
2792 1045
2642 1406
1247 1492
761 1166
1821 1048
2409 1406
2551 1315
2845 1048
2013 1476
580 1075
777 1304
659 1213
1474 1397
2183 1180
1273 1451
2928 1242
2108 1223
2867 1277
1626 1085
2473 1179
794 1373
2269 1074
1223 1034
2678 1143
2516 1326
740 1050
1711 1372
787 1464
1522 1456
1199 1223
717 1089
1834 1163
2242 1328
2843 1119
2588 1112
1926 1330
1738 1346
1428 1419
2031 1032
2668 1009
1482 1445
1431 1327
2412 1107
1873 1434
613 1024
2501 1099
637 1498
1328 1290
1359 1415
1085 1228
1652 1169
2648 1130
2951 1053
2020 1411
824 1365
834 1460
2419 1461
1874 1148
802 1149
2833 1489
839 1118
1723 1144
2842 1380
2906 1211
2218 1317
2241 1014
2200 1065
2682 1031
1998 1309
2377 1492
1848 1095
2875 1479
829 1209
1708 1271
1667 1485
653 1306
2987 1128
2322 1285
1826 1381
1489 1306
2299 1283
864 1252
2239 1329
1977 1222
2120 1093
1524 1152
2199 1168
2340 1061
2627 1314
2902 1059
2378 1389
834 1150
2631 1099
1614 1249
632 1253
513 1198
2191 1014
2808 1423
1292 1238
1008 1166
1776 1231
1132 1256
1141 1362
1798 1192
795 1276
1844 1206
1084 1367
2285 1197
2457 1159
2677 1322
2478 1307
2254 1426
1368 1283
2518 1370
1723 1332
2766 1259
1399 1402
2769 1129
2037 1447
1074 1479
2393 1043
721 1316
1407 1482
2613 1112
2275 1497
2067 1246
2307 1204
1876 1038
2533 1016
2828 1384
755 1499
2155 1425
949 1307
651 1116
785 1397
2995 1497
2589 1409
2468 1002
1579 1327
1388 1429
1911 1089
1281 1314
1223 1322
1020 1115
1861 1309
659 1031
1011 1071
1083 1413
2511 1479
2592 1093
1587 1493
1370 1165
2113 1321
955 1354
1365 1387
1382 1374
690 1392
845 1183
1518 1229
2251 1295
2202 1126
1693 1219
589 1048
2008 1329
603 1376
1574 1396
1332 1426
2289 1100
1350 1248
573 1460
1441 1443
703 1240
2615 1307
1015 1053
1353 1188
832 1433
2863 1217
881 1378
1490 1473
856 1281
1505 1208
2904 1334
986 1366
2214 1423
2306 1320
910 1356
1902 1355
1904 1415
1939 1210
2596 1302
1441 1491
665 1377
784 1389
1339 1294
1939 1344
2008 1430
1015 1318
1313 1317
2891 1024
2293 1216
875 1189
2518 1392
2666 1180
2675 1314
2460 1079
2356 1013
2236 1228
1740 1138
1676 1228
2913 1102
2404 1008
2137 1396
2034 1208
1654 1306
2482 1075
1682 1414
2146 1300
2013 1466
2591 1272
1670 1265
1741 1412
1076 1239
1992 1020
571 1179
2454 1140
1834 1368
1539 1385
1377 1486
2872 1341
813 1387
2100 1159
2192 1102
2876 1083
2101 1284
2482 1347
1875 1280
2359 1045
1837 1405
564 1278
2894 1353
2042 1050
1850 1007
1473 1353
875 1460
1303 1462
2340 1160
1650 1457
762 1270
2497 1139
2380 1069
2223 1321
701 1104
1509 1288
1828 1127
2451 1014
834 1057
1053 1253
2243 1456
811 1335
761 1215
987 1049
956 1388
1038 1250
1432 1378
2598 1210
1108 1465
2663 1395
1745 1333
888 1472
2768 1354
2277 1419
2533 1169
634 1261
2480 1233
596 1260
1387 1073
2333 1159
1936 1343
774 1059
2023 1483
2884 1236
2959 1016
2855 1487
2833 1269
551 1438
665 1449
1343 1260
1406 1265
856 1335
1730 1060
1117 1303
2736 1299
1595 1457
1111 1243
2732 1222
1450 1459
1235 1449
2737 1157
998 1491
1056 1088
2076 1059
2534 1283
1689 1348
1263 1388
2028 1276
1708 1144
1693 1329
1881 1169
733 1035
1544 1419
2537 1380
1974 1111
932 1185
1473 1037
2253 1279
2807 1084
670 1071
761 1110
1875 1080
1522 1269
876 1368
1004 1329
1464 1004
2683 1432
2815 1433
1294 1222
2375 1007
1238 1197
606 1090
1260 1346
1068 1440
896 1018
1530 1061
2233 1041
885 1124
1985 1240
749 1067
1458 1300
2047 1302
1292 1443
1446 1044
1986 1253
2044 1057
2904 1273
2708 1229
1921 1333
752 1004
1970 1238
2404 1389
1540 1283
2255 1473
1167 1300
2517 1345
2006 1031
947 1075
1959 1218
1080 1034
1048 1047
2722 1245
1967 1366
1989 1393
564 1360
688 1367
2161 1108
2398 1478
1643 1043
2344 1121
2976 1105
2214 1223
1800 1263
1804 1316
710 1012
2893 1040
798 1294
2169 1347
2457 1302
2059 1346
2746 1190
973 1116
2518 1209
1053 1060
2405 1090
845 1469
608 1271
1167 1279
2097 1172
584 1266
650 1260
2875 1059
1178 1156
1876 1250
1160 1125
547 1056
735 1245
2993 1257
1943 1397
2041 1035
502 1291
1505 1005
2697 1244
560 1197
1378 1252
1577 1198
1500 1295
510 1448
2628 1397
2008 1415
1367 1475
1800 1467
1663 1376
2154 1311
2170 1083
2429 1361
564 1140
639 1158
2507 1355
608 1071
1276 1424
889 1438
1798 1374
1589 1292
1682 1326
1369 1298
1556 1178
2858 1017
694 1015
973 1186
1883 1259
2331 1318
875 1044
2491 1298
2593 1044
775 1323
1763 1294
2823 1064
2641 1009
2083 1381
707 1083
2101 1322
981 1053
1690 1159
1232 1256
509 1084
2947 1416
1943 1287
1439 1064
612 1005
1016 1470
927 1404
2907 1074
1870 1102
1132 1477
2338 1441
2593 1144
874 1435
1803 1435
2984 1372
2884 1033
1236 1099
1952 1447
2762 1073
2768 1389
2665 1378
1575 1160
1998 1154
2500 1017
696 1181
2283 1155
2998 1429
1705 1430
2610 1030
1739 1184
742 1488
1995 1381
2749 1278
1978 1029
1658 1414
2558 1093
1993 1204
2963 1065
1794 1140
1268 1078
2684 1482
1137 1085
570 1365
2139 1102
2455 1218
600 1229
1512 1138
2700 1164
2611 1174
2935 1314
2576 1268
506 1467
2081 1369
2537 1046
1353 1089
2733 1321
2771 1259
1334 1156
1433 1119
2318 1191
1776 1325
1266 1029
1135 1009
1304 1077
767 1299
1766 1404
1334 1003
1231 1201
2208 1030
1023 1191
1885 1461
810 1298
1616 1465
2558 1117
2940 1290
2445 1106
2527 1380
692 1353
1208 1412
816 1262
2160 1222
2802 1290
507 1058
917 1185
1322 1371
2204 1016
2996 1192
2836 1258
2497 1042
2330 1235
731 1396
2517 1115
864 1044
1148 1326
2347 1194
2046 1414
1320 1205
2728 1306
533 1095
1317 1358
2293 1180
1058 1265
1637 1148
1124 1192
985 1068
2875 1202
1834 1388
794 1345
2298 1070
2077 1347
2401 1004
1004 1190
1163 1411
1964 1407
1205 1482
2753 1463
1577 1185
1069 1203
1158 1203
565 1135
2855 1079
2525 1196
1715 1001
1893 1491
833 1435
1629 1254
1027 1048
1186 1390
1098 1291
1221 1013
1501 1424
1553 1187
1489 1211
1282 1423
1263 1481
2538 1376
2732 1062
2248 1455
663 1220
2463 1208
788 1226
727 1218
2221 1415
2150 1248
894 1048
873 1318
2493 1132
1406 1020
1743 1061
2125 1011
1828 1493
2436 1202
2314 1280
951 1067
2913 1002
1594 1329
2260 1005
1026 1045
975 1170
558 1479
2232 1127
1754 1435
2672 1142
1356 1434
1595 1001
2441 1162
2761 1322
2039 1106
2053 1484
2549 1478
1060 1323
2846 1044
2403 1208
2595 1482
2343 1403
1057 1158
2992 1426
1503 1420
1672 1169
713 1415
1956 1371
2915 1008
2059 1341
575 1309
1321 1259
1847 1445
847 1156
2187 1275
1926 1264
2966 1411
1579 1135
1979 1492
1620 1221
1065 1161
2091 1188
1298 1016
828 1242
2780 1208
1050 1038
1632 1213
698 1386
1344 1329
2799 1117
2057 1295
2665 1289
2439 1466
1616 1157
875 1194
971 1196
2700 1460
795 1322
816 1118
1285 1189
1018 1182
1667 1426
572 1115
2677 1235
921 1397
1766 1032
2790 1095
1651 1155
1069 1428
503 1409
1784 1291
2584 1021
2834 1297
989 1428
1950 1163
554 1496
822 1404
2299 1246
600 1364
2255 1495
2978 1492
2511 1159
2924 1298
1451 1470
869 1272
2158 1300
1634 1420
2046 1307
2389 1129
1669 1432
1261 1470
2224 1103
861 1274
1166 1124
2296 1095
2503 1367
1102 1250
1477 1058
718 1245
2356 1251
2888 1461
1365 1163
2595 1164
687 1157
1460 1354
1208 1049
2370 1273
2687 1185
637 1020
937 1272
2873 1092
1708 1208
939 1071
1895 1423
2406 1329
956 1209
2617 1339
2645 1248
816 1489
1294 1120
2078 1064
2720 1436
1005 1452
905 1151
1393 1067
2552 1212
1371 1458
1748 1499
795 1274
2277 1019
1243 1391
2341 1426
1940 1068
1152 1106
2544 1171
2516 1223
1860 1141
2354 1310
2782 1217
2188 1439
1738 1160
963 1423
759 1403
2682 1226
2466 1062
760 1152
1426 1398
1577 1144
2501 1126
2644 1191
2415 1279
2942 1435
2847 1100
1296 1319
2012 1145
737 1090
1263 1477
573 1003
2556 1025
510 1283
2935 1441
2901 1065
2384 1246
1040 1300
2859 1316
1054 1053
1193 1073
2702 1186
1909 1128
2228 1427
1364 1083
1438 1064
2967 1344
1209 1109
1672 1260
2501 1181
923 1350
2457 1019
727 1308
2961 1494
2227 1245
2162 1216
1583 1482
2097 1345
871 1113
1628 1468
1992 1450
2050 1250
712 1145
731 1446
1152 1499
2429 1433
2667 1462
724 1016
1306 1456
2430 1330
2584 1080
2231 1448
915 1255
1703 1356
939 1290
2784 1463
2601 1379
2898 1355
778 1385
540 1123
2834 1155
918 1414
2312 1287
1043 1082
2078 1160
1284 1301
2549 1177
2853 1190
2696 1422
2015 1073
2023 1240
2135 1293
627 1219
1812 1110
2444 1400
1337 1422
2929 1487
800 1473
593 1437
1555 1177
915 1433
1455 1047
1481 1448
1330 1116
2541 1323
2133 1200
1235 1230
1164 1004
1349 1205
2817 1326
873 1470
1237 1097
2914 1254
1594 1342
1917 1174
974 1026
1363 1174
2437 1283
855 1293
1922 1477
721 1199
611 1180
2197 1039
533 1329
2946 1384
831 1219
1948 1272
2142 1077
1808 1378
1492 1142
2136 1088
2063 1438
2014 1107
1814 1295
2078 1354
1511 1432
1554 1409
1780 1286
1971 1459
1448 1422
1867 1201
2305 1423
1296 1159
943 1480
928 1161
2564 1324
677 1357
2428 1063
969 1115
1740 1334
854 1094
788 1229
1215 1299
978 1442
2713 1280
1452 1196
1300 1366
1924 1161
2655 1202
999 1298
513 1262
1907 1377
2153 1321
521 1189
2895 1444
2252 1484
803 1139
1003 1011
2981 1445
2499 1070
2356 1480
1689 1430
2737 1162
2036 1180
2485 1425
1601 1438
774 1111
933 1180
1648 1157
733 1192
2869 1423
1356 1147
1383 1409
1290 1420
2142 1094
848 1306
1740 1359
1404 1412
2837 1416
2264 1299
2754 1346
1185 1117
1911 1055
1655 1094
2340 1260
2705 1246
2365 1084
1655 1423
1814 1280
1358 1076
1834 1364
758 1395
1289 1345
2276 1493
1672 1143
1536 1460
2910 1114
2157 1103
1534 1226
2282 1264
730 1299
1886 1461
1816 1311
2586 1497
1503 1148
1230 1151
2274 1043
2137 1387
1239 1373
2974 1002
955 1092
1120 1184
2441 1312
687 1304
1909 1369
673 1080
1557 1016
2778 1360
2664 1428
979 1497
660 1019
2180 1384
1712 1148
1287 1426
2108 1074
1717 1380
784 1154
768 1214
1499 1322
2562 1269
2788 1211
2570 1320
2049 1143
2374 1083
2613 1380
2790 1390
544 1303
1405 1479
2218 1024
987 1357
1378 1027
512 1416
858 1147
2378 1478
747 1399
1661 1284
2704 1432
511 1341
1010 1007
1578 1158
995 1398
1557 1306
2270 1221
2031 1138
1621 1458
1507 1032
2374 1265
2247 1374
2908 1453
1177 1331
2918 1271
524 1354
2672 1281
1944 1036
872 1427
1583 1289
2759 1180
1754 1155
2571 1471
2632 1025
1850 1492
2713 1188
923 1170
2613 1083
2004 1265
828 1338
2531 1066
2657 1419
609 1430
2306 1409
2325 1326
1152 1110
2372 1496
2431 1390
2743 1497
950 1336
1190 1172
2567 1386
1246 1257
2231 1418
1439 1462
2391 1074
1238 1385
795 1298
1379 1410
1753 1053
2097 1083
2857 1142
1135 1372
2068 1070
1903 1070
1245 1211
2055 1003
2890 1301
1788 1495
855 1000
2090 1399
2481 1036
2362 1292
624 1118
2055 1275
1923 1153
1649 1307
2450 1483
2163 1343
2609 1353
1307 1087
812 1073
2375 1130
1165 1206
2101 1010
1137 1116
2729 1425
1842 1251
2956 1303
1226 1491
1458 1474
896 1293
2504 1443
1649 1016
622 1300
2062 1356
965 1125
2458 1054
2498 1053
1066 1001
819 1016
2455 1414
544 1123
2645 1200
1236 1082
952 1399
887 1116
678 1276
2699 1405
1305 1302
822 1072
1430 1214
1544 1133
2406 1177
749 1132
2211 1388
2650 1048
1270 1176
917 1384
2550 1212
870 1085
1955 1462
778 1064
2814 1298
2178 1134
1835 1167
1810 1303
2435 1269
543 1146
2521 1073
2025 1372
2965 1140
2292 1236
2232 1077
1651 1178
2953 1359
2220 1067
2492 1185
2193 1284
2990 1053
2627 1401
2012 1471
2714 1217
2412 1417
1604 1110
2442 1270
953 1044
2928 1477
2737 1424
671 1075
2642 1246
1242 1274
1457 1466
696 1177
1251 1198
677 1415
1473 1266
1087 1488
514 1436
1566 1443
2248 1100
793 1470
902 1457
1492 1140
542 1384
2559 1418
719 1468
2705 1409
1204 1377
2983 1474
2382 1318
721 1034
2177 1458
2201 1125
1848 1106
680 1361
1173 1196
1088 1267
2257 1486
981 1062
1159 1068
2305 1486
1365 1494
589 1475
2296 1448
1732 1293
2465 1052
2906 1354
1715 1006
1201 1204
2391 1126
2688 1413
1806 1125
1645 1021
645 1419
1494 1414
1380 1353
2400 1113
1607 1318
1095 1480
2854 1434
2782 1155
513 1137
581 1109
2904 1492
967 1382
2497 1355
1745 1052
1341 1485
1646 1042
1248 1380
741 1450
1929 1020
2432 1481
2622 1496
870 1398
578 1481
2569 1197
1755 1284
1944 1466
646 1116
2885 1486
1572 1254
2893 1433
2900 1374
2288 1354
2853 1466
1020 1404
2620 1154
2427 1492
1811 1145
2627 1249
2810 1184
1366 1176
567 1435
1236 1137
864 1154
1549 1369
1874 1263
2780 1366
2540 1167
2781 1077
1679 1286
1734 1170
1664 1236
532 1483
793 1336
1266 1441
1951 1176
541 1186
1561 1293
2750 1174
2289 1096
2508 1277
1204 1244
2983 1129
1508 1327
2761 1428
2948 1130
1805 1254
2053 1426
1779 1136
886 1239
1776 1414
1211 1248
2981 1096
788 1468
1811 1218
2861 1269
2705 1357
1389 1063
2668 1134
1918 1150
2010 1403
508 1184
2278 1295
1707 1341
948 1459
635 1279
994 1344
1355 1442
519 1436
773 1201
1402 1323
955 1318
2799 1226
925 1307
2663 1106
2231 1365
2500 1432
1658 1297
714 1384
1713 1304
1459 1333
2016 1113
2326 1038
501 1253
2889 1333
2588 1128
506 1425
2453 1240
742 1246
712 1018
2246 1249
1875 1091
2130 1247
2598 1338
582 1366
1733 1139
1777 1081
1067 1284
1303 1416
1353 1496
1439 1415
2188 1131
588 1374
2470 1262
1169 1163
826 1198
2076 1239
572 1099
2664 1267
1205 1488
2528 1126
1821 1275
2587 1260
1143 1496
2325 1244
1692 1311
596 1007
2254 1029
627 1444
1596 1284
2173 1249
1636 1003
2441 1392
2237 1422
2172 1056
1723 1062
2495 1185
2885 1237
2152 1143
1007 1233
2648 1136
1441 1421
1862 1478
936 1493
1397 1265
2235 1401
1450 1156
1602 1204
2599 1460
832 1091
672 1119
2057 1199
1785 1246
941 1334
2927 1452
2086 1134
2812 1436
1277 1246
1754 1016
715 1321
2371 1284
720 1345
688 1491
1260 1434
1752 1046
2762 1350
2046 1067
1685 1413
2395 1280
1824 1336
2728 1041
2152 1447
936 1366
2327 1269
1645 1254
1146 1454
2963 1399
1007 1113
1615 1175
1590 1119
2834 1080
2785 1129
1657 1215
2003 1310
2658 1167
1296 1295
2484 1317
1116 1123
728 1429
2588 1144
1431 1255
2282 1346
1423 1154
1449 1111
2058 1317
2118 1267
2323 1013
2234 1222
1022 1412
645 1280
1154 1291
2109 1342
670 1479
1838 1461
2553 1050
576 1023
562 1138
2517 1066
1856 1310
1069 1407
1863 1032
1534 1271
2414 1230
1121 1273
967 1345
1129 1248
2210 1485
1175 1023
2068 1315
1657 1375
1197 1425
1511 1128
2248 1451
1803 1007
1331 1454
1217 1342
2698 1491
1934 1454
1173 1220
1059 1122
2180 1372
1625 1086
665 1096
2789 1358
1338 1482
2434 1252
2320 1194
804 1156
2906 1144
2171 1351
2219 1230
2685 1029
677 1166
873 1103
2563 1299
729 1133
1716 1329
2500 1251
2920 1041
1092 1063
2754 1202
2586 1497
760 1009
790 1382
857 1214
1070 1110
2738 1458
2637 1377
1040 1011
1416 1397
2124 1254
1157 1479
637 1131
1289 1364
2682 1283
2526 1434
2930 1354
2279 1416
1776 1254
2238 1302
2825 1424
1872 1406
1603 1093
611 1273
2435 1232
1683 1167
1844 1424
1231 1417
747 1150
2349 1241
2912 1414
1799 1408
1810 1037
1211 1261
1938 1328
509 1253
2429 1345
1170 1169
526 1241
2035 1474
522 1227
1177 1343
2595 1460
1532 1304
2727 1316
693 1355
2503 1167
907 1257
2906 1348
1792 1383
1742 1010
2730 1424
1194 1488
774 1107
2400 1432
2879 1434
1285 1432
511 1023
2633 1256
1967 1249
1837 1369
2352 1027
2320 1395
1885 1412
1275 1462
1896 1089
2781 1366
2984 1295
1766 1136
1624 1460
1981 1123
1900 1079
769 1007
915 1283
2566 1417
2179 1147
1159 1333
1218 1140
1536 1395
2637 1049
1859 1336
712 1063
2239 1423
1608 1282
2980 1183
2306 1088
1972 1258
1529 1050
2358 1436
723 1194
1135 1444
2164 1341
2914 1444
1965 1144
2074 1499
2955 1360
2572 1478
1991 1143
2658 1143
1274 1190
1872 1428
2240 1287
1959 1418
1660 1002
2691 1118
1874 1204
863 1131
1880 1020
2586 1408
524 1019
906 1309
2035 1317
2207 1466
1453 1483
1120 1222
1681 1199
2551 1098
1692 1250
2975 1461
1532 1440
954 1073
1146 1151
2504 1223
1281 1121
1730 1450
892 1181
1954 1108
1457 1046
1579 1308
2406 1101
1834 1363
2021 1253
1317 1161
2280 1358
1029 1071
1400 1300
2642 1061
1336 1350
658 1246
2081 1333
2946 1336
1564 1051
2318 1232
2163 1129
1253 1215
1522 1422
1804 1201
2559 1010
2033 1072
2550 1499
1990 1382
2153 1085
1578 1122
1249 1142
1252 1291
2062 1071
2114 1135
2048 1111
1715 1314
2329 1453
2144 1228
835 1173
2263 1342
1740 1123
1264 1434
2617 1387
2773 1453
2547 1381
2359 1064
1182 1109
1471 1235
1509 1189
931 1478
550 1153
916 1245
1424 1116
2321 1460
2583 1379
1433 1104
2763 1207
1707 1481
1085 1465
1579 1417
1108 1232
1760 1303
2035 1037
2494 1386
2178 1159
2982 1013
1775 1296
2835 1299
1494 1428
657 1446
2015 1100
1420 1281
1149 1473
1587 1448
1669 1283
1596 1182
1326 1404
615 1097
1592 1339
2447 1494
798 1449
1900 1021
2970 1277
1712 1027
2229 1335
2934 1118
2995 1147
518 1412
2714 1432
1186 1103
1447 1179
2399 1217
1250 1201
2987 1353
2874 1363
2809 1415
1823 1027
2894 1424
1950 1419
2304 1160
901 1045
1623 1001
1686 1284
1977 1102
2107 1490
1715 1391
2309 1013
1906 1472
2811 1154
1813 1295
1659 1313
2397 1261
662 1055
1626 1467
514 1473
1387 1444
1441 1297
1261 1219
1946 1415
2047 1251
794 1238
1292 1418
762 1201
2716 1389
1609 1269
1193 1027
1174 1108
1588 1319
1953 1055
1363 1193
1135 1366
1609 1404
1029 1032
2826 1212
1102 1175
2061 1155
1568 1202
1735 1099
1345 1453
1968 1245
2715 1275
2427 1051
1320 1351
2889 1072
1730 1178
1178 1130
1109 1058
2840 1185
2946 1037
1941 1364
1840 1105
2983 1096
2774 1465
2673 1053
1131 1302
2424 1194
2875 1118
2702 1091
2936 1305
2073 1402
785 1290
840 1352
1702 1019
1210 1367
2563 1424
2961 1261
1832 1470
2617 1458
1006 1249
1369 1120
648 1117
1894 1169
1467 1213
1946 1259
1735 1100
951 1110
755 1372
2044 1123
734 1230
1278 1167
2637 1441
1864 1338
2106 1196
2495 1417
1420 1144
778 1336
2789 1319
914 1064
2343 1142
1004 1119
1220 1224
671 1114
1134 1166
967 1455
1725 1471
2367 1062
1479 1307
675 1195
2417 1144
2070 1251
525 1434
2325 1097
723 1033
2760 1221
2727 1178
2188 1201
2060 1406
2896 1498
2980 1044
574 1162
2130 1444
1190 1421
2713 1234
2082 1464
511 1473
1108 1221
2647 1149
776 1067
1976 1056
2977 1074
1960 1475
915 1389
1136 1127
965 1450
2371 1178
2341 1063
2187 1008
1661 1252
1630 1449
2087 1145
2091 1149
850 1031
1660 1270
2459 1074
2115 1201
731 1382
2695 1303
2830 1316
1213 1049
2769 1022
1859 1387
1317 1038
2390 1435
1767 1437
720 1451
2515 1308
1603 1349
519 1060
2129 1221
1939 1369
757 1257
2446 1361
742 1333
1870 1494
1370 1414
2878 1470
2398 1269
1839 1436
2159 1462
2090 1174
553 1470
1611 1456
686 1238
2509 1215
1011 1286
948 1237
1735 1033
1129 1346
2846 1333
2032 1192
2314 1073
834 1064
825 1308
1035 1264
2577 1245
689 1441
1674 1107
1470 1253
1566 1235
958 1265
2057 1499
1217 1435
2740 1122
2155 1464
1988 1368
1919 1207
621 1325
2591 1023
1861 1028
2075 1126
1455 1431
547 1149
1275 1265
1771 1319
2344 1054
2985 1424
701 1189
2219 1150
2227 1171
2261 1167
2089 1379
2141 1092
2226 1195
2505 1332
2477 1489
1975 1100
1635 1113
973 1092
1906 1104
2364 1453
2675 1468
595 1005
863 1232
1827 1027
2302 1265
2423 1049
1928 1015
1802 1092
2555 1249
2844 1085
511 1337
2401 1351
1592 1095
1445 1440
2132 1468
1966 1071
2865 1448
2616 1369
2694 1278
1281 1291
2073 1208
969 1186
1729 1029
1432 1261
947 1307
2040 1340
1486 1290
1765 1035
2012 1063
1462 1388
1904 1289
2865 1481
2671 1247
1423 1089
727 1159
2238 1267
927 1384
1991 1314
801 1384
1625 1330
1442 1138
2071 1157
1185 1377
969 1083
926 1466
2746 1011
1822 1031
963 1122
569 1072
1633 1187
631 1495
2688 1340
1704 1266
2881 1386
2416 1137
2421 1320
717 1071
2845 1320
2977 1282
2759 1194
1027 1345
1699 1488
1064 1237
1849 1085
1227 1283
2462 1274
600 1318
695 1296
2983 1348
2831 1195
2989 1033
2852 1382
2535 1167
2687 1235
1365 1089
2809 1400
710 1021
1351 1067
916 1010
565 1311
1414 1264
2189 1090
2012 1159
1920 1042
1020 1335
1824 1404
928 1247
724 1462
2614 1051
2763 1102
779 1120
2638 1042
1734 1177
2690 1175
1231 1386
2723 1145
2416 1098
1953 1079
1088 1155
709 1240
1031 1121
2155 1365
2555 1109
1599 1465
2786 1342
594 1276
1394 1131
1298 1473
1227 1199
2472 1236
2899 1439
2041 1302
1182 1474
552 1374
1226 1375
1093 1304
514 1382
622 1388
2051 1280
2322 1326
1617 1120
1975 1267
1240 1273
833 1358
2330 1303
933 1121
2160 1421
1760 1125
1363 1277
1121 1430
1975 1285
1517 1366
1058 1453
1423 1393
1057 1186
502 1446
634 1242
907 1291
2420 1020
674 1195
2460 1339
1968 1271
874 1047
583 1297
1001 1227
1127 1055
2928 1270
2148 1081
1111 1443
2429 1419
2278 1375
2462 1349
761 1249
944 1230
786 1149
2708 1119
611 1115
2100 1305
1866 1363
1237 1484
2147 1327
2891 1122
922 1061
2309 1494
2415 1032
750 1071
1190 1298
2029 1044
2263 1374
1531 1221
2414 1433
2580 1059
765 1279
2327 1286
1588 1363
1785 1285
2293 1111
2518 1451
2206 1152
1868 1142
1561 1484
1166 1225
785 1491
2774 1459
2091 1436
2525 1363
2166 1044
1363 1215
1782 1334
1532 1484
1837 1151
2009 1402
2580 1237
1335 1069
1252 1453
1042 1442
2586 1086
572 1186
1666 1380
966 1414
540 1101
2460 1461
968 1370
2374 1029
2191 1356
1362 1413
1321 1221
1830 1138
1292 1342
597 1118
2614 1453
2034 1245
1270 1181
726 1047
2788 1414
2849 1278
2029 1400
1164 1383
1324 1475
2202 1308
1232 1451
2022 1222
731 1271
998 1293
1791 1456
1038 1362
2886 1488
1743 1025
2032 1479
1526 1386
1110 1232
1570 1139
1992 1350
1237 1043
1277 1040
543 1192
527 1296
2230 1091
2784 1314
1368 1421
2431 1033
984 1108
2789 1382
2566 1499
2112 1361
969 1209
2598 1319
2280 1381
1697 1075
605 1237
1191 1439
1077 1260
1415 1053
1345 1426
2734 1028
2731 1054
503 1373
2089 1381
715 1015
2812 1177
2557 1157
2219 1353
1355 1009
763 1409
716 1474
2104 1416
2241 1413
2031 1244
921 1206
1130 1359
2132 1027
1830 1468
508 1077
2934 1440
1848 1206
2974 1406
1938 1296
2015 1247
704 1035
2588 1111
1998 1096
2873 1306
1255 1376
1309 1292
2913 1393
746 1458
997 1082
1862 1260
1766 1421
813 1410
1138 1267
2686 1237
2054 1451
1697 1126
1693 1393
562 1367
570 1379
925 1274
737 1006
2818 1070
2123 1352
1555 1173
1873 1151
1148 1434
1967 1382
2560 1454
809 1172
630 1373
1953 1050
2266 1471
1129 1057
775 1272
2257 1213
2966 1219
2720 1262
684 1426
722 1364
1194 1053
2263 1251
2485 1320
2800 1475
2336 1478
903 1109
2917 1432
582 1134
943 1302
2903 1323
2600 1443
2777 1498
2692 1269
2529 1335
1979 1492
2046 1341
927 1453
948 1140
2601 1367
1799 1041
1514 1145
2680 1062
1672 1117
1556 1112
2421 1299
1811 1471
2677 1292
771 1291
1386 1302
1472 1110
1971 1488
1954 1434
2761 1343
2374 1163
2544 1200
724 1117
1325 1386
2593 1069
1918 1113
2542 1408
1166 1212
593 1404
1944 1405
2295 1088
2256 1023
1671 1196
1946 1264
2474 1184
1305 1021
701 1200
1124 1341
2481 1392
894 1051
518 1208
2481 1498
2055 1443
910 1475
1373 1400
959 1390
1044 1171
2122 1496
1716 1010
866 1190
2870 1153
2947 1404
2128 1401
1598 1256
637 1258
2185 1331
2044 1230
2945 1301
638 1108
1590 1387
1388 1313
838 1443
1786 1230
555 1497
1376 1193
1486 1187
2600 1052
2684 1250
2945 1273
649 1173
1154 1160
1249 1431
2814 1101
2286 1151
2712 1452
1408 1329
2881 1359
2619 1423
1947 1211
1411 1090
2992 1327
2743 1470
1236 1452
1804 1432
2205 1486
1381 1341
1457 1431
1339 1256
2480 1457
2249 1257
1819 1209
760 1206
1283 1462
1126 1309
2077 1368
2601 1083
2446 1188
2955 1438
2534 1380
1366 1014
1245 1425
1948 1440
885 1304
2159 1487
1538 1380
1623 1222
1104 1490
1104 1232
810 1425
547 1303
2596 1033
1027 1172
1203 1035
1886 1240
1890 1479
2397 1328
1282 1088
1075 1266
519 1291
751 1101
1024 1325
672 1336
2074 1302
2014 1320
2477 1488
2390 1343
1803 1409
2018 1026
2006 1199
2631 1251
1595 1351
1546 1426
2368 1081
2281 1306
1805 1493
2341 1079
2647 1096
828 1073
2419 1318
2047 1314
971 1150
1655 1302
588 1352
2897 1092
1411 1059
989 1448
2192 1381
1704 1056
2217 1222
2046 1472
1238 1382
2210 1481
1541 1470
2056 1039
647 1339
1705 1115
2685 1170
1527 1241
656 1356
1030 1013
1683 1394
2205 1379
2159 1136
1432 1314
1439 1178
1510 1212
2003 1194
2570 1065
2518 1455
1168 1364
1520 1071
2895 1116
2704 1314
1850 1345
555 1063
1873 1399
2049 1498
2702 1366
2327 1364
2336 1311
2487 1230
2123 1288
2092 1093
797 1206
1258 1398
716 1105
2589 1034
2992 1223
2767 1217
1822 1218
2367 1366
2032 1030
1898 1329
1494 1446
615 1256
1790 1303
1477 1022
1151 1150
2848 1238
567 1279
2622 1072
1941 1267
1556 1331
2790 1035
2213 1035
2627 1352
1181 1017
2155 1205
1707 1028
1779 1333
837 1273
2238 1430
1403 1328
1734 1394
1332 1154
2119 1251
2055 1431
1918 1132
2134 1451
2182 1241
968 1037
777 1050
2621 1114
1532 1121
2650 1174
2287 1380
2125 1172
2002 1413
2846 1464
2141 1158
2876 1277
2757 1177
2194 1160
2052 1345
1471 1172
1835 1163
2477 1482
1163 1445
2552 1421
901 1116
2324 1010
848 1252
1021 1066
1707 1324
1720 1154
1677 1470
1674 1239
2111 1466
1049 1179
2788 1043
956 1074
1079 1329
2128 1412
720 1460
1894 1202
1533 1333
595 1394
2230 1209
1624 1016
2822 1076
2100 1070
980 1157
1556 1163
778 1416
1813 1042
878 1346
2542 1023
999 1144
892 1235
1282 1217
2225 1420
1479 1462
792 1152
1774 1164
2022 1171
2961 1218
1668 1352
1960 1327
745 1353
1761 1107
2455 1286
515 1397
993 1093
1154 1214
1961 1071
2900 1357
1260 1261
872 1312
1678 1474
1525 1197
2531 1189
681 1264
2061 1432
2217 1460
789 1110
2654 1041
2994 1232
748 1489
975 1454
2739 1063
2867 1451
2930 1493
1751 1108
2857 1046
2819 1397
2846 1385
853 1230
569 1256
1034 1096
2172 1384
1942 1479
1801 1137
2067 1263
893 1372
1924 1333
884 1317
2925 1203
2572 1326
1494 1190
841 1062
2428 1188
2824 1273
608 1149
2970 1494
884 1225
500 1210
2332 1480
2348 1300
936 1306
2089 1184
1337 1155
1626 1052
1162 1036
2103 1001
867 1397
1606 1471
1993 1001
1198 1303
2847 1224
774 1173
2159 1143
1299 1320
2038 1284
1465 1490
1009 1444
2976 1282
2287 1023
1021 1058
2131 1475
812 1269
1491 1483
1059 1011
2269 1253
2899 1399
1363 1383
719 1197
2402 1455
1792 1155
964 1333
2235 1322
2531 1492
591 1466
2410 1058
1037 1477
1561 1462
598 1237
1122 1384
1700 1224
942 1140
1944 1175
2142 1187
1816 1184
1233 1331
1970 1167
720 1119
2625 1415
721 1040
2643 1156
1127 1266
2763 1356
2960 1111
1485 1457
1300 1160
859 1038
1609 1214
936 1240
2848 1007
1695 1023
2247 1492
2754 1256
2801 1285
1862 1386
918 1143
763 1234
2543 1483
1607 1267
2674 1349
1946 1240
2804 1031
2680 1276
2932 1350
1440 1113
1188 1148
2638 1061
2574 1236
1214 1092
2618 1207
1297 1190
2664 1084
1698 1108
1907 1041
1921 1442
2646 1470
1747 1297
2509 1209
777 1323
1008 1463
1204 1149
1804 1010
2241 1384
2267 1245
1532 1059
1513 1024
1169 1229
2651 1191
2339 1025
2562 1485
2072 1024
1898 1253
2224 1214
1889 1160
2000 1383
2421 1185
2738 1185
2741 1354
2384 1422
1096 1155
2176 1309
2070 1329
2157 1035
1404 1411
661 1368
1962 1368
1109 1255
1495 1462
957 1191
2419 1002
1509 1084
2083 1131
1825 1286
993 1246
1147 1485
1781 1269
900 1342
1464 1048
675 1239
2400 1184
2124 1245
979 1101
2399 1332
956 1013
2021 1083
2255 1479
2722 1246
2256 1165
2961 1356
1462 1378
1784 1402
1642 1247
2611 1428
1543 1154
1797 1239
2607 1169
2497 1376
2152 1184
1710 1230
2439 1409
1990 1443
2943 1449
2839 1145
2552 1425
1137 1387
2730 1311
808 1134
1302 1157
1094 1349
2154 1096
1609 1330
984 1268
2216 1238
743 1231
613 1116
2618 1492
2972 1200
1909 1162
2473 1383
2566 1431
1156 1294
2933 1240
912 1335
2847 1113
914 1370
964 1397
1314 1202
581 1215
2706 1373
1705 1448
1232 1484
1417 1260
2084 1218
2374 1088
1270 1491
1906 1061
2766 1390
1106 1098
1444 1300
2966 1064
1079 1370
938 1424
2512 1389
1761 1077
1255 1056
689 1324
823 1341
2088 1309
2114 1001
2723 1381
2759 1147
2674 1386
2494 1316
1972 1357
917 1109
948 1389
503 1451
916 1391
2509 1473
2886 1390
1687 1127
665 1379
780 1155
1801 1034
739 1401
2006 1270
1668 1125
1510 1151
1361 1349
878 1029
2131 1151
2148 1269
2908 1261
1525 1379
1514 1173
1463 1132
2832 1359
596 1086
2041 1180
2447 1004
682 1483
1461 1161
1498 1004
1867 1285
2576 1151
1515 1112
2959 1086
515 1096
835 1239
2514 1287
2690 1235
606 1337
2127 1354
1132 1107
2127 1291
1163 1003
722 1340
1554 1061
2309 1276
2755 1358
1526 1466
1718 1342
1780 1393
1622 1030
1123 1201
1058 1250
785 1428
646 1444
2567 1298
2742 1044
1254 1247
2707 1114
1426 1079
1577 1250
602 1315
1157 1135
2915 1312
2262 1086
1507 1142
2141 1203
1722 1026
2130 1225
2608 1086
1919 1002
1270 1151
2818 1363
2413 1431
1576 1362
2634 1342
2282 1446
1241 1129
2728 1337
1309 1450
2454 1418
775 1247
770 1127
2125 1233
2225 1278
1848 1183
2271 1151
1927 1097
1632 1272
2438 1157
1597 1133
1141 1448
605 1260
1226 1141
2734 1083
1318 1138
779 1133
1633 1099
1807 1318
1991 1156
1130 1210
2462 1375
1248 1469
2773 1337
1001 1052
1385 1198
1950 1487
2865 1270
684 1347
1927 1058
1300 1163
2435 1160
2784 1462
791 1418
1448 1112
1928 1258
1625 1371
2233 1097
965 1432
2717 1293
2653 1200
2359 1156
509 1183
1148 1331
2193 1003
2722 1194
2164 1442
979 1245
1535 1292
1888 1096
2297 1301
1913 1293
2066 1309
1966 1297
2818 1315
1216 1026
1209 1483
2029 1120
2519 1094
605 1046
2262 1288
1466 1451
2877 1091
2971 1076
2984 1084
1765 1236
814 1096
2267 1209
2588 1119
1327 1018
841 1045
574 1254
2921 1131
696 1144
1384 1393
730 1420
554 1058
1766 1084
1119 1322
2631 1119
1419 1116
1450 1273
2069 1159
913 1190
2283 1383
2310 1218
2059 1372
789 1100
1636 1090
2562 1017
2089 1055
776 1091
1432 1161
1560 1070
714 1166
2660 1012
1490 1273
2549 1451
1188 1079
1232 1337
2735 1123
2749 1087
2013 1201
946 1482
2292 1366
580 1340
2530 1423
664 1184
2472 1299
1058 1423
1571 1073
2025 1284
1685 1262
732 1023
789 1171
1838 1304
1670 1164
1927 1060
1739 1219
787 1199
1477 1089
840 1380
2964 1339
1977 1153
2981 1098
1332 1042
852 1113
2992 1383
2465 1332
2832 1361
2830 1145
1712 1157
758 1466
1532 1381
1920 1181
1160 1168
1966 1373
2982 1189
2955 1052
1279 1393
1558 1424
1906 1236
2380 1064
2593 1418
2635 1065
959 1142
1074 1321
2539 1442
1170 1402
897 1187
1205 1346
2355 1407
1634 1070
2632 1442
1870 1112
2838 1308
2688 1168
523 1002
1033 1354
2441 1432
2558 1482
952 1054
1811 1034
1137 1084
2450 1462
2403 1315
993 1202
2257 1402
1700 1171
840 1318
995 1353
2903 1454
1284 1177
2344 1251
2254 1341
815 1281
1054 1005
2907 1066
864 1493
2785 1416
1889 1491
2081 1492
2709 1437
967 1427
1137 1112
2403 1183
1641 1191
2099 1185
734 1182
1838 1306
2085 1456
2453 1339
2193 1241
1454 1247
2389 1427
2783 1275
2244 1401
647 1450
2284 1159
861 1077
2197 1142
2597 1154
2751 1206
913 1336
2982 1491
2469 1271
2288 1261
911 1043
1664 1366
1465 1142
2210 1408
1823 1293
1868 1038
807 1212
2973 1351
1016 1367
1056 1489
1112 1496
622 1018
1504 1236
986 1280
2281 1147
738 1415
1553 1053
2256 1129
1068 1320
1381 1037
1897 1405
1587 1213
1061 1403
2938 1015
582 1141
1679 1044
2825 1462
2409 1116
1633 1456
1100 1250
1720 1254
2809 1488
511 1352
1788 1410
2560 1415
2172 1255
2387 1042
1948 1041
1239 1463
1860 1407
2509 1409
2068 1066
507 1156
2694 1471
1468 1421
2509 1490
2305 1326
2071 1400
1447 1410
1307 1091
2853 1102
1244 1464
825 1082
833 1482
1523 1166
2553 1074
1517 1256
1494 1068
2691 1340
1380 1127
2545 1025
2255 1447
2515 1347
652 1036
1349 1209
632 1362
528 1431
2017 1015
2226 1155
1083 1356
1691 1178
1325 1123
769 1466
1269 1370
1991 1150
1316 1210
2663 1286
1262 1451
902 1061
1592 1286
2805 1347
2856 1237
1080 1133
1691 1402
570 1335
2907 1461
2401 1370
2930 1461
1323 1202
589 1434
603 1027
2877 1034
843 1145
2434 1372
970 1020
796 1355
800 1002
2679 1405
2139 1350
563 1338
921 1217
1467 1117
1757 1116
1385 1019
2192 1376
1652 1386
1067 1093
2926 1136
2982 1286
564 1151
1983 1289
2139 1159
1202 1105
2374 1465
2195 1138
1599 1040
873 1386
1709 1040
1150 1436
1473 1214
1960 1060
1541 1397
1188 1363
2773 1387
1438 1079
1407 1065
1879 1109
1979 1288
594 1308
821 1487
1525 1476
2404 1346
1487 1360
1925 1188
1957 1321
2931 1267
1207 1316
2540 1032
756 1437
1757 1432
2688 1056
582 1188
2780 1043
2595 1431
2726 1383
2557 1030
1049 1242
1389 1338
2593 1100
1523 1162
1005 1177
2486 1015
1116 1221
1519 1253
2130 1206
2581 1395
2741 1376
1542 1234
2756 1185
2135 1462
703 1427
1478 1341
1843 1442
974 1375
2163 1227
886 1459
603 1260
2073 1455
2355 1155
1636 1072
632 1043
2245 1332
832 1082
2196 1108
1260 1490
1957 1478
2607 1390
2531 1332
1188 1092
1612 1097
2739 1157
915 1394
542 1423
1170 1273
965 1480
754 1061
1086 1116
567 1338
2222 1048
896 1337
1938 1269
2526 1359
906 1459
568 1105
2613 1076
2135 1190
2879 1110
2448 1280
2293 1495
1364 1081
1668 1088
2276 1491
1644 1399
1651 1264
2255 1350
2844 1019
2589 1282
2830 1282
1031 1001
865 1385
2716 1417
1595 1014
2640 1023
1608 1469
2618 1180
1632 1324
1594 1227
2419 1192
803 1251
1744 1226
2981 1357
2280 1118
2580 1455
2010 1334
2443 1179
539 1210
2989 1273
1761 1428
1802 1257
663 1490
933 1208
2030 1218
1027 1488
1067 1294
653 1279
708 1077
2994 1268
1010 1153
2483 1434
1083 1097
1295 1189
1528 1409
1963 1145
1964 1227
1018 1213
2149 1123
1882 1288
953 1398
1538 1282
2149 1078
2816 1389
1980 1080
1171 1170
2285 1347
2779 1207
1622 1042
2627 1178
1137 1422
2369 1313
1649 1022
2977 1375
1243 1085
2265 1448
1972 1274
2052 1202
1449 1119
2013 1371
1536 1065
2894 1203
1782 1434
1618 1363
1458 1425
1131 1278
2922 1305
1673 1244
760 1468
1940 1318
1163 1420
1537 1056
1372 1273
1555 1419
1353 1070
1969 1191
1847 1023
2288 1090
1544 1100
713 1278
2034 1340
2901 1476
1757 1030
647 1022
2179 1180
2928 1219
1036 1179
1632 1007
1212 1314
1794 1047
1442 1488
2099 1172
2037 1080
987 1185
2313 1442
2975 1029
751 1239
1133 1090
1754 1253
1872 1407
2917 1155
598 1012
876 1195
1341 1351
1580 1434
561 1213
1469 1231
2111 1064
1850 1209
1153 1133
553 1325
538 1493
2482 1468
1908 1405
1507 1122
2085 1065
1117 1413
2688 1101
2788 1410
775 1128
603 1412
1171 1301
2329 1391
1222 1208
2367 1461
2826 1156
2555 1038
1741 1383
2328 1445
1703 1452
1560 1112
2778 1288
1783 1167
812 1070
2334 1343
2148 1335
2995 1127
2814 1405
1834 1271
2014 1135
2465 1331
1337 1007
589 1299
2566 1480
1449 1086
2764 1244
1953 1041
1037 1106
2636 1016
1036 1224
899 1209
1897 1064
584 1053
1095 1188
1234 1421
2201 1434
1876 1251
2115 1399
2110 1150
2690 1470
1962 1003
1168 1443
2970 1009
2096 1113
836 1025
2977 1377
1808 1057
1512 1091
1526 1010
2637 1251
822 1381
804 1268
2378 1237
1447 1492
2072 1379
886 1421
973 1154
693 1198
1456 1105
1179 1242
1490 1163
2982 1175
2107 1101
2117 1125
1650 1221
660 1136
1350 1415
1715 1331
1474 1183
2674 1426
2310 1485
1142 1402
2886 1305
2825 1024
2065 1001
994 1316
533 1356
1217 1073
1836 1418
1005 1132
1283 1173
2586 1124
2825 1313
2713 1077
634 1250
1930 1127
1023 1292
1661 1484
2325 1460
921 1080
2770 1153
1673 1335
2687 1274
944 1448
2282 1300
2327 1308
560 1036
1242 1366
687 1305
2757 1402
1772 1496
2212 1445
2814 1130
758 1349
898 1439
2053 1062
2744 1463
962 1158
1746 1247
2382 1296
1487 1478
1943 1451
501 1289
798 1148
802 1281
554 1459
2496 1422
2719 1106
2881 1102
2789 1087
1676 1224
1370 1449
1822 1140
2331 1453
977 1117
1896 1025
699 1313
509 1379
2935 1002
2710 1308
1119 1118
2421 1273
777 1419
699 1121
1442 1325
1683 1453
2881 1275
2853 1006
900 1357
927 1317
2919 1153
2689 1174
2104 1102
2070 1414
2043 1395
1602 1125
1389 1045
2215 1271
850 1215
1070 1148
2142 1028
1477 1452
1659 1264
2863 1208
2542 1206
1257 1280
1127 1488
2237 1061
2434 1282
1289 1446
551 1488
1343 1017
1315 1152
2623 1426
1718 1058
2216 1282
2423 1019
1541 1158
1681 1205
2269 1207
1778 1177
2223 1327
1460 1290
1248 1373
1093 1274
874 1449
2124 1069
1150 1447
2017 1275
2948 1341
900 1110
1737 1128
2988 1272
2207 1280
2973 1324
677 1014
2078 1027
2920 1140
1987 1034
989 1220
1885 1225
1048 1481
1933 1207
2433 1048
943 1149
2644 1479
1428 1357
961 1309
2514 1391
758 1454
2219 1047
2671 1009
1407 1449
1935 1012
2105 1053
927 1497
2505 1447
2740 1153
1139 1077
569 1187
1964 1195
2222 1301
1774 1223
2594 1406
2704 1253
735 1326
2671 1233
2324 1289
2811 1014
1188 1101
760 1080
1457 1075
2636 1164
2568 1185
1295 1066
710 1213
681 1327
1301 1395
1540 1204
1715 1055
590 1315
1612 1057
1736 1044
2500 1447
1157 1020
1826 1012
790 1162
2035 1204
1040 1371
2935 1403
2337 1218
2757 1218
797 1016
2506 1256
2701 1293
1334 1364
2574 1081
828 1030
692 1200
2068 1221
1713 1495
1360 1410
1533 1241
2785 1420
2379 1457
1960 1170
2788 1176
1014 1421
1047 1064
751 1311
680 1079
1621 1392
2334 1189
1659 1247
2368 1495
2588 1241
920 1347
2782 1148
1275 1477
1283 1084
759 1108
2645 1079
1553 1295
2122 1237
2252 1208
1417 1222
2483 1239
1349 1256
2453 1161
2371 1305
2207 1431
550 1028
2386 1212
1610 1226
544 1381
1897 1302
2338 1431
660 1252
1906 1186
2023 1117
667 1371
2466 1316
802 1196
1966 1094
2371 1371
1530 1424
927 1217
1176 1058
1242 1439
1476 1493
2890 1409
1046 1107
2008 1498
815 1149
2900 1086
2988 1134
1271 1484
899 1118
2176 1240
2793 1135
1442 1449
1458 1488
2504 1235
2946 1215
718 1247
1447 1363
591 1305
1156 1328
1612 1129
1771 1005
1305 1481
2063 1415
1129 1162
2971 1021
1374 1422
1004 1243
1816 1169
1636 1012
2666 1166
997 1017
933 1053
1529 1485
1314 1074
1800 1162
621 1147
2376 1050
1224 1073
2319 1457
2590 1116
2660 1144
1265 1052
721 1468
2903 1271
515 1195
2521 1215
1810 1166
2836 1016
645 1496
1615 1242
1101 1379
2706 1136
2291 1488
2814 1445
2590 1276
2146 1464
1839 1247
2285 1118
2703 1227
975 1201
2367 1249
1779 1170
2318 1193
1543 1481
1813 1461
731 1207
1562 1202
2494 1287
1088 1271
1931 1274
842 1232
639 1094
1581 1074
2825 1113
790 1264
2669 1375
2387 1111
748 1366
2081 1019
2019 1491
1648 1067
1534 1183
1437 1077
2808 1183
1481 1438
1361 1457
2874 1181
2324 1212
2791 1202
1479 1024
2925 1010
1476 1059
1452 1494
781 1397
1395 1370
2519 1131
2721 1407
2858 1071
2655 1458
1161 1069
1683 1383
2179 1296
1132 1186
2751 1227
1781 1396
2878 1046
556 1032
634 1182
1652 1200
1690 1303
623 1451
1679 1259
2074 1385
782 1336
1863 1272
1377 1224
1353 1180
1475 1059
1734 1019
1558 1467
570 1474
2448 1487
1820 1278
992 1246
1751 1293
667 1240
1666 1111
803 1320
512 1342
2673 1015
1265 1292
1480 1360
2925 1165
619 1073
587 1032
1320 1040
2034 1347
2570 1353
2037 1151
667 1350
2227 1403
2096 1387
2122 1105
1933 1054
2045 1437
2706 1079
1247 1198
2904 1182
1174 1226
898 1349
2878 1087
2244 1048
1468 1470
1141 1115
2889 1012
2452 1400
1555 1239
817 1488
2820 1014
1295 1094
2679 1113
830 1249
1133 1122
1883 1159
1481 1007
972 1090
694 1348
2846 1428
1146 1360
1725 1168
1752 1238
1733 1188
1066 1102
2942 1394
692 1432
666 1067
1747 1003
1441 1205
771 1026
1072 1350
542 1365
1708 1177
2027 1389
1803 1182
2617 1074
1039 1146
750 1322
2987 1307
2074 1004
2683 1252
1515 1248
1385 1027
1634 1170
1786 1205
2920 1403
2389 1275
2877 1400
2849 1015
2384 1098
2292 1331
1117 1321
2648 1482
1798 1312
930 1429
2071 1420
1984 1451
851 1414
2698 1198
2810 1257
1235 1101
1619 1256
1045 1454
692 1191
1162 1292
1341 1188
1425 1188
727 1229
2316 1429
1347 1157
895 1362
2463 1159
2653 1156
1612 1303
2593 1260
1951 1281
1695 1453
2044 1411
2739 1375
2786 1081
903 1216
2191 1105
2516 1261
2569 1132
2413 1378
2622 1414
916 1425
1582 1381
1227 1177
2154 1026
2133 1481
1161 1003
2868 1208
1793 1309
1742 1232
2474 1083
729 1366
1220 1209
1308 1332
761 1245
1103 1011
1588 1051
2390 1009
1731 1321
2061 1148
2010 1408
1741 1217
2054 1179
2563 1099
1291 1181
554 1265
1677 1074
1093 1370
2334 1174
1766 1185
1139 1476
835 1259
2178 1108
2469 1192
756 1478
958 1426
2642 1429
2590 1336
1993 1197
2735 1372
578 1427
1943 1114
741 1021
1052 1242
1959 1178
979 1134
1694 1160
812 1391
1232 1401
606 1097
828 1058
664 1472
1645 1155
657 1285
2477 1201
2199 1424
1244 1174
1423 1047
2038 1329
2182 1324
1522 1050
2860 1369
1992 1350
1565 1200
2239 1400
817 1265
1504 1262
1763 1270
1562 1055
2591 1311
2207 1258
2872 1488
862 1217
1515 1333
2214 1388
743 1173
1903 1227
546 1439
2277 1247
1417 1353
2037 1153
2707 1297
1770 1299
995 1475
2881 1042
2148 1239
688 1308
2640 1392
952 1059
2773 1043
2403 1412
500 1070
1729 1013
1718 1005
845 1083
1887 1069
2896 1232
2057 1163
764 1302
1621 1262
1903 1351
2259 1060
2555 1309
2275 1463
1640 1006
1321 1487
2570 1460
2280 1101
1532 1320
1364 1284
2178 1070
2663 1413
1914 1038
2726 1442
1304 1400
2418 1313
2898 1220
1747 1442
713 1053
1597 1077
2936 1485
2437 1087
2503 1245
1014 1211
2373 1396
1469 1492
1341 1341
2586 1327
511 1344
2075 1014
1577 1416
2579 1163
2240 1371
2882 1251
1388 1197
639 1465
2409 1137
2474 1330
1910 1034
1189 1448
800 1215
2907 1250
2500 1009
1518 1338
834 1270
1742 1381
1740 1116
1393 1079
2281 1305
2312 1305
2407 1195
830 1135
748 1085
1188 1075
644 1215
2388 1454
972 1238
2635 1359
612 1200
1404 1482
2281 1289
2369 1204
2614 1012
1678 1172
2622 1180
2011 1243
2058 1119
707 1457
1185 1226
2244 1249
1261 1254
2722 1084
2332 1250
2629 1363
1118 1351
2256 1281
2656 1299
2754 1080
2571 1389
1829 1355
2446 1177
2192 1036
572 1015
1155 1011
1825 1116
622 1072
600 1164
2503 1315
1802 1134
1947 1280
2447 1200
2437 1073
807 1144
809 1008
2856 1204
1514 1012
1343 1245
804 1227
562 1395
652 1087
2998 1197
2003 1313
2871 1362