4700 5000
2280 1358
2063 1138
1839 1306
1724 1475
1091 1321
2024 1123
1652 1349
777 1088
1550 1240
1199 1188
1286 1236
1479 1138
647 1008
1313 1340
1922 1326
2786 1381
802 1377
2111 1121
732 1146
2291 1368
2750 1309
2934 1467
1550 1339
2469 1237
2844 1456
1428 1446
885 1080
1923 1250
1842 1039
868 1250
692 1170
732 1433
1440 1292
1405 1450
2211 1025
2843 1086
898 1312
1137 1100
1632 1016
2821 1390
908 1035
742 1467
1962 1033
1035 1340
551 1434
2292 1429
1765 1095
1711 1375
1767 1433
1614 1055
2023 1055
2368 1209
1177 1430
2096 1281
2014 1037
588 1440
1145 1106
2823 1332
2552 1062
2973 1122
2067 1189
2996 1171
830 1265
1738 1452
1054 1016
2431 1408
1384 1434
1397 1205
2976 1023
1010 1029
2925 1440
1856 1177
1645 1248
2217 1479
1479 1135
931 1008
2742 1420
2364 1069
1287 1478
2813 1124
2519 1037
2796 1239
843 1078
2821 1182
1274 1276
1941 1145
2051 1138
1776 1218
2715 1417
2579 1024
2469 1459
742 1286
2382 1043
1107 1089
2291 1078
1365 1383
2559 1357
2408 1011
2840 1251
1345 1064
1074 1054
2840 1004
2320 1355
672 1211
1385 1203
1236 1261
1157 1043
2795 1342
1341 1479
2115 1395
2379 1191
1764 1412
2171 1302
1445 1173
905 1072
1772 1391
2971 1193
2044 1318
1281 1157
2593 1087
1738 1466
2209 1246
625 1354
765 1406
2494 1453
1598 1070
1498 1021
539 1141
2894 1435
2355 1289
690 1452
1902 1413
1515 1313
1941 1078
1020 1154
852 1196
2087 1354
747 1218
1574 1425
1484 1123
694 1414
1892 1393
1071 1498
1437 1060
2258 1459
2466 1182
1328 1057
2947 1205
981 1139
2525 1010
2606 1499
1617 1336
910 1403
954 1149
2513 1076
1725 1356
2635 1483
2239 1359
2942 1337
820 1203
2951 1429
2641 1417
1261 1035
1962 1428
1215 1232
2066 1120
2069 1208
563 1496
1713 1221
847 1001
2665 1454
2080 1031
553 1023
2497 1302
2382 1305
2424 1062
2716 1417
982 1476
2355 1398
2427 1437
2169 1000
1594 1293
1599 1258
2029 1026
1991 1058
543 1047
1675 1003
2722 1254
2837 1419
2308 1021
955 1242
1708 1016
2639 1314
2973 1259
2154 1163
1859 1126
1341 1388
1350 1454
1204 1449
523 1468
2962 1260
1437 1163
2129 1469
1149 1145
1681 1214
714 1461
2676 1127
2490 1037
2094 1468
590 1356
2485 1398
2738 1423
763 1037
2731 1015
2874 1459
2117 1458
2190 1235
1800 1232
691 1211
2078 1041
1557 1352
940 1319
2012 1058
1027 1340
543 1314
1030 1387
1888 1210
1660 1215
2695 1046
2677 1311
1019 1240
2593 1280
2095 1212
1672 1332
940 1194
514 1420
2587 1330
1413 1390
2016 1006
2472 1194
1106 1035
2347 1215
1738 1272
2763 1427
1290 1060
782 1182
1322 1472
1982 1327
1386 1118
943 1440
1672 1031
2711 1373
1210 1366
2749 1010
2519 1220
1073 1321
1300 1135
1710 1084
2789 1376
2982 1427
652 1340
1794 1124
1141 1108
941 1455
1325 1212
2959 1071
2235 1068
1576 1433
2514 1077
1539 1244
1160 1070
1816 1426
2214 1313
2383 1204
2764 1006
770 1025
1550 1109
1297 1483
1610 1088
2422 1027
2696 1469
2810 1380
2538 1470
1295 1408
1321 1039
2737 1041
1697 1087
552 1185
1858 1429
1936 1033
786 1425
1023 1092
2013 1179
2083 1477
522 1340
2495 1154
1857 1009
930 1448
1213 1319
2420 1082
2719 1224
821 1037
2526 1412
1025 1074
2894 1029
2666 1147
1824 1401
652 1340
2115 1109
1290 1340
2145 1240
1532 1365
1995 1356
1803 1141
1739 1388
2756 1054
1854 1361
1960 1072
1508 1043
1570 1276
1376 1279
2176 1447
2549 1480
526 1101
2081 1125
2400 1161
1557 1472
533 1093
1818 1076
692 1240
819 1104
1207 1407
1647 1346
998 1274
1029 1191
1216 1350
1681 1466
833 1037
951 1233
2147 1494
1724 1039
2285 1474
1445 1316
800 1302
511 1453
1185 1058
2943 1054
1809 1363
1760 1202
1927 1482
1301 1114
738 1355
2064 1293
872 1130
2651 1459
939 1025
1028 1080
1038 1007
2382 1125
1280 1282
1695 1161
1732 1276
2931 1040
2324 1265
1698 1491
1990 1270
1633 1301
1405 1415
1538 1268
811 1069
1115 1264
1394 1002
1139 1225
602 1096
2554 1371
2576 1258
598 1189
2823 1410
2236 1476
2928 1293
1318 1258
815 1461
882 1395
1119 1174
1613 1427
1686 1445
758 1096
2427 1205
1233 1362
950 1258
1266 1463
2822 1439
908 1198
2740 1365
587 1213
1757 1476
1299 1154
2805 1357
1667 1469
1909 1280
1246 1032
1831 1189
1881 1177
1411 1413
2041 1497
948 1273
1240 1278
1636 1243
1022 1066
916 1354
1596 1426
2833 1466
1361 1250
981 1259
2403 1070
1870 1311
2893 1324
2447 1083
2238 1364
776 1165
2939 1408
2347 1313
2756 1210
1242 1221
1825 1301
2181 1196
2483 1182
1769 1492
613 1022
1035 1152
2770 1343
1757 1186
2431 1023
2067 1121
516 1111
2946 1261
2172 1247
2765 1314
2218 1065
2067 1207
2217 1044
1648 1474
2045 1454
550 1299
2208 1243
633 1434
2653 1124
2015 1363
1208 1266
1195 1165
783 1184
1005 1403
2714 1084
1103 1438
1906 1283
714 1057
772 1348
1366 1009
1210 1001
1616 1294
909 1334
1929 1011
894 1074
787 1243
772 1361
2031 1477
2538 1304
2129 1458
2965 1016
2061 1209
853 1116
642 1397
1826 1111
2157 1110
2817 1409
2290 1351
2110 1022
2090 1319
1944 1229
2577 1390
942 1210
2071 1090
2033 1418
1114 1228
1141 1031
727 1261
2933 1164
592 1134
1327 1365
659 1211
2170 1445
500 1488
2032 1137
1701 1272
2623 1130
1994 1300
1979 1211
1620 1025
2884 1243
513 1309
2815 1122
1741 1272
2186 1052
1916 1299
2589 1033
895 1397
541 1182
1227 1410
982 1108
1062 1012
1792 1454
2886 1317
610 1190
1634 1139
1192 1373
2144 1388
2450 1364
1522 1016
2691 1384
1958 1008
1152 1084
1970 1418
2044 1289
2836 1055
2797 1391
1977 1268
2556 1313
1216 1358
2265 1064
709 1442
2524 1332
1908 1340
1649 1174
1386 1290
1519 1405
796 1125
1129 1251
1483 1437
1404 1249
1214 1358
1733 1412
1068 1481
2010 1013
2345 1415
679 1165
1194 1153
2536 1212
1736 1143
1082 1160
2752 1265
1390 1131
1814 1128
1818 1103
1053 1058
1602 1342
2903 1170
2829 1343
2060 1232
1666 1298
2416 1360
2948 1025
1075 1045
2456 1199
2176 1424
2761 1236
1422 1396
2038 1356
1265 1108
2545 1020
2798 1405
2753 1173
1575 1183
1987 1152
2417 1095
2171 1221
1324 1072
1815 1209
623 1462
2199 1396
2847 1330
1200 1164
1657 1280
2307 1257
515 1108
1915 1128
2550 1467
1216 1036
2538 1424
2172 1417
2433 1376
579 1325
1247 1341
1555 1448
1565 1227
901 1201
2280 1070
2194 1479
2705 1175
2120 1091
1664 1101
1606 1141
2242 1400
2320 1291
1593 1298
2611 1271
2728 1265
1785 1206
2854 1146
2557 1410
1312 1265
1232 1429
2455 1133
2790 1297
2996 1047
2622 1225
1692 1459
2063 1495
766 1340
815 1326
2507 1491
1450 1384
2833 1240
1722 1057
1507 1446
1213 1126
1714 1197
1074 1399
1924 1216
2202 1034
1256 1415
1638 1398
2038 1038
1093 1043
2852 1061
1179 1337
1292 1054
1386 1244
1235 1085
1547 1023
1932 1045
1491 1101
2860 1343
2238 1044
1740 1049
1542 1052
1114 1133
2771 1301
1406 1345
2642 1055
1922 1487
1196 1112
1138 1343
1682 1251
1525 1044
2810 1291
1779 1002
1468 1169
2714 1306
688 1163
1566 1385
2513 1311
886 1180
2843 1120
2775 1436
1869 1259
1625 1326
553 1241
2131 1035
1536 1172
1203 1319
2726 1053
2038 1494
1403 1096
2105 1130
1120 1020
2466 1067
2226 1345
631 1047
505 1020
1356 1275
1449 1326
632 1273
1276 1042
801 1416
826 1305
2661 1270
2659 1245
752 1132
541 1187
2945 1345
1740 1202
676 1498
2894 1018
1339 1465
2890 1029
1342 1091
1188 1312
612 1043
1202 1064
2639 1083
2767 1474
2251 1279
1587 1181
1531 1429
1180 1301
2305 1255
2632 1151
1485 1297
2880 1340
2240 1344
2671 1177
661 1248
2770 1214
2834 1209
2153 1043
563 1194
1692 1004
2592 1015
1831 1450
1570 1065
1926 1409
1910 1368
2511 1083
1112 1123
689 1325
989 1409
767 1346
1495 1469
1600 1390
1967 1147
2603 1102
2619 1088
2920 1343
2510 1402
668 1423
2212 1256
2441 1056
749 1359
660 1409
596 1307
1603 1320
1227 1064
2270 1118
2463 1226
2370 1323
2446 1365
1356 1377
1221 1348
778 1397
2622 1455
2209 1170
2415 1169
2878 1474
1970 1390
801 1395
548 1032
1518 1135
2084 1308
849 1099
667 1106
970 1089
1603 1401
1797 1364
2705 1127
2380 1119
2921 1088
989 1019
2377 1216
1644 1200
2100 1443
855 1344
2605 1384
1495 1324
2817 1444
1692 1313
2963 1260
1833 1380
2133 1377
2005 1173
783 1155
2663 1352
1402 1086
2513 1313
2364 1167
2981 1153
1322 1206
1739 1292
2220 1423
1609 1404
1828 1080
2814 1084
2200 1064
2855 1017
1495 1251
1038 1178
1325 1046
1671 1164
592 1472
1343 1006
993 1445
627 1429
827 1254
670 1055
2990 1456
2808 1175
2684 1488
2977 1473
1747 1482
2620 1415
2057 1010
554 1087
2447 1134
2108 1043
511 1311
846 1192
1368 1421
754 1331
2222 1095
781 1018
1116 1376
2803 1333
2532 1299
2334 1019
691 1395
711 1470
1570 1145
1005 1247
1273 1049
2453 1243
881 1240
2073 1287
1800 1438
1223 1452
1321 1076
2081 1375
2021 1210
2847 1055
2266 1397
1495 1226
2048 1291
2603 1292
632 1202
1516 1415
2310 1028
793 1182
1123 1278
859 1305
2103 1087
1954 1085
1275 1160
793 1125
516 1196
2281 1137
1115 1292
1119 1257
2837 1097
684 1058
645 1387
2969 1414
2969 1003
1809 1019
2829 1080
1051 1427
736 1412
1788 1292
2737 1431
1025 1156
1096 1066
1062 1465
1079 1342
1537 1372
2975 1268
1007 1010
2340 1113
1281 1236
2466 1306
1150 1395
2205 1281
1240 1273
2643 1413
945 1223
705 1295
2356 1327
1790 1325
1368 1331
593 1480
2410 1260
2173 1036
2620 1394
880 1425
2246 1464
2745 1465
1406 1400
2986 1446
1174 1024
2839 1329
2477 1473
1994 1165
2423 1155
1894 1490
2230 1338
2315 1109
2028 1074
681 1475
1799 1031
737 1412
2976 1200
2037 1345
1368 1412
1079 1374
1955 1205
728 1306
1702 1382
2522 1197
2865 1182
2965 1013
1889 1288
1265 1144
2680 1404
2267 1180
801 1057
2188 1478
962 1167
2905 1340
1952 1217
607 1463
2985 1421
755 1294
1546 1225
2079 1223
1602 1030
1354 1234
1684 1424
1628 1387
730 1095
1396 1037
2102 1151
939 1411
2576 1176
2463 1259
1787 1112
2176 1465
2453 1375
1107 1373
1048 1147
1114 1342
1608 1404
2204 1494
1417 1298
2184 1320
547 1146
1963 1241
1820 1244
738 1070
992 1056
2827 1431
2259 1287
2756 1205
1123 1034
2827 1453
2799 1226
2333 1418
2326 1255
1274 1416
2723 1261
949 1399
1121 1167
2614 1299
1888 1392
988 1231
2624 1295
874 1042
703 1158
927 1451
1457 1197
930 1218
2383 1215
2783 1045
1569 1124
1624 1031
2740 1260
2642 1167
683 1194
1149 1279
1936 1094
2793 1242
1615 1329
1992 1050
1034 1005
1145 1081
1609 1169
1961 1483
2451 1205
2765 1449
2475 1295
2040 1195
1662 1316
1597 1368
962 1280
1986 1124
2296 1186
1109 1141
580 1433
2812 1180
566 1367
1652 1359
734 1096
1778 1463
2356 1208
2382 1479
1138 1321
723 1282
588 1115
662 1059
1508 1042
843 1379
979 1166
1255 1000
2499 1024
2673 1489
1369 1220
984 1436
1958 1478
536 1451
2978 1081
992 1261
940 1418
859 1442
1718 1260
1869 1115
2006 1039
947 1149
2793 1195
2780 1112
2280 1240
1646 1295
2439 1149
2392 1106
2670 1471
1768 1209
2453 1132
1977 1457
1591 1370
2723 1250
2973 1266
2196 1358
2749 1178
712 1446
507 1153
2983 1054
2477 1121
1745 1361
677 1075
2118 1075
792 1411
1416 1147
2174 1184
2326 1161
1208 1484
869 1353
1537 1266
1460 1086
1868 1157
1613 1313
2705 1049
509 1025
1540 1367
2059 1469
918 1277
740 1289
1857 1163
1733 1161
1519 1458
818 1180
677 1307
918 1180
2195 1267
1017 1400
1348 1259
1011 1439
1710 1330
2408 1463
1052 1054
648 1002
2679 1127
884 1097
1105 1176
838 1419
861 1088
2284 1482
2064 1056
2198 1367
1997 1351
606 1427
2717 1062
1969 1467
1811 1016
2382 1141
2068 1189
1923 1242
2190 1380
590 1140
2414 1102
1500 1161
1552 1498
1135 1107
1336 1081
893 1064
2327 1437
1254 1085
2740 1028
2416 1029
743 1383
1917 1492
2827 1395
2121 1312
2544 1317
529 1110
2560 1468
639 1331
618 1449
960 1362
2835 1255
1034 1284
2909 1008
839 1417
1188 1048
2480 1378
2275 1334
736 1152
2426 1127
1309 1448
2936 1060
2729 1043
1866 1476
692 1042
512 1392
1791 1262
1110 1204
792 1438
1848 1488
2504 1308
1421 1254
2707 1207
707 1382
2581 1168
2510 1277
1606 1407
1840 1186
2215 1078
685 1451
2820 1296
2135 1411
586 1401
2152 1190
2948 1117
2519 1012
623 1402
2569 1100
906 1118
1220 1425
1594 1345
2771 1011
668 1228
859 1438
1166 1389
1751 1480
2648 1077
1926 1146
880 1253
1183 1015
601 1260
2908 1209
2034 1063
1014 1381
2045 1013
1083 1010
741 1367
1887 1450
1010 1026
525 1441
817 1074
2987 1320
2001 1495
2117 1341
1249 1351
1445 1139
983 1428
1688 1272
2077 1481
2401 1402
1858 1281
2272 1003
1370 1104
2835 1283
2173 1177
675 1022
807 1479
2093 1478
2255 1325
2117 1301
1693 1300
2656 1332
1273 1344
1762 1445
550 1384
2756 1484
1314 1424
2692 1021
1707 1313
1816 1371
2925 1419
1262 1175
2646 1174
2482 1409
1532 1277
1790 1340
2985 1245
1958 1488
691 1064
965 1110
1530 1132
1050 1059
1569 1421
2238 1281
2115 1183
1729 1182
1552 1282
1883 1312
1984 1478
818 1072
1217 1496
1462 1258
2201 1358
1225 1131
1592 1171
1830 1385
2827 1183
511 1455
1956 1050
2179 1018
2158 1038
876 1077
2027 1325
1390 1393
2538 1094
1646 1084
726 1058
1190 1036
2546 1208
1231 1161
590 1410
760 1340
2316 1255
1212 1019
2126 1226
1929 1308
919 1333
2997 1488
914 1294
1582 1027
978 1438
1855 1493
1082 1407
2081 1447
2912 1321
1843 1221
2081 1173
2829 1047
2813 1375
2636 1083
1208 1266
724 1083
2224 1377
1692 1495
2773 1405
1953 1183
2104 1181
1677 1261
1863 1048
2891 1343
2197 1153
2485 1353
1285 1141
1931 1414
2427 1167
1779 1303
677 1273
1410 1227
1294 1302
1761 1178
892 1026
920 1364
2754 1269
1520 1070
2618 1267
2305 1468
949 1309
1859 1476
2422 1251
2016 1407
1058 1106
881 1210
2649 1060
2160 1151
1257 1442
1313 1149
2681 1153
2438 1275
2680 1032
887 1040
2847 1360
2194 1194
1775 1113
1675 1313
2283 1123
1532 1084
1563 1292
1183 1281
1096 1429
2094 1394
2924 1335
2343 1486
2115 1475
669 1467
2380 1295
2608 1167
863 1040
1425 1019
1794 1289
2869 1324
1009 1108
1846 1318
2939 1407
2831 1306
569 1082
1738 1050
1769 1446
943 1213
920 1030
2658 1138
2640 1079
1321 1037
1496 1230
666 1478
1906 1434
1797 1148
1317 1405
864 1417
1026 1240
2339 1066
2720 1481
691 1440
642 1422
2547 1331
2590 1184
763 1198
2983 1255
1610 1186
2452 1250
1123 1182
2823 1278
2842 1426
2105 1169
2001 1354
573 1281
2157 1259
2624 1412
552 1147
856 1227
1076 1003
2827 1471
2618 1435
924 1082
720 1162
2211 1219
583 1026
1336 1318
2200 1320
800 1189
2452 1291
519 1129
2020 1381
858 1315
1055 1344
1144 1145
2804 1217
2303 1068
1653 1207
2869 1236
2406 1470
908 1029
821 1439
2030 1295
640 1233
1839 1285
624 1279
2816 1390
1351 1139
511 1157
2617 1426
1193 1358
2998 1223
1148 1298
2789 1169
2706 1249
700 1108
913 1367
675 1306
2215 1284
671 1277
2243 1392
654 1086
950 1421
626 1238
574 1397
2517 1280
2484 1313
1965 1276
1711 1000
1138 1048
1509 1186
1096 1457
2476 1332
1584 1080
1641 1040
579 1230
1672 1000
2606 1328
2182 1458
1974 1313
594 1394
2065 1102
1631 1049
2994 1035
553 1052
1224 1268
1485 1385
2763 1362
1053 1170
695 1099
2219 1417
2998 1378
1425 1033
1539 1363
2991 1269
1616 1193
523 1351
1165 1065
2995 1130
901 1047
1789 1344
928 1022
816 1371
2787 1496
1948 1450
1972 1260
533 1246
1477 1280
1560 1382
1954 1052
687 1369
564 1199
2378 1227
2285 1341
2188 1499
1745 1094
2526 1489
1837 1075
2143 1167
2304 1076
2637 1119
1972 1400
2558 1485
1539 1163
2842 1418
2971 1162
610 1251
1066 1459
2313 1482
1733 1333
2310 1441
951 1268
2332 1426
2121 1188
1546 1363
1679 1282
1045 1343
2107 1332
2884 1220
1815 1284
1747 1071
1134 1166
2500 1296
899 1066
784 1490
1945 1033
1245 1018
1925 1093
2520 1028
1792 1069
2447 1382
2340 1381
828 1355
2484 1151
2829 1286
1467 1075
2511 1393
2836 1494
2835 1382
2587 1067
2566 1186
2332 1460
1907 1040
1113 1082
1787 1446
1205 1293
1147 1241
2459 1212
1947 1287
1634 1482
2894 1222
2751 1419
2205 1161
1226 1011
1649 1405
2175 1045
2371 1317
1284 1209
2898 1209
1603 1318
762 1146
2847 1260
926 1423
2705 1270
2660 1344
626 1339
1066 1375
1406 1409
2274 1060
1343 1431
1029 1341
2454 1114
799 1042
724 1222
1429 1203
1554 1497
992 1218
2555 1266
867 1051
2287 1000
2845 1495
2444 1330
2657 1083
1542 1077
2703 1060
1294 1218
574 1325
2050 1122
997 1443
1643 1413
1079 1267
746 1496
2381 1391
826 1485
1328 1285
1226 1057
2418 1073
562 1045
1455 1375
2398 1313
1222 1133
2339 1352
1453 1258
915 1041
2893 1436
995 1327
1252 1432
841 1281
2687 1380
2124 1405
2776 1037
2925 1254
2838 1014
812 1262
1832 1409
2159 1031
2787 1261
848 1248
2158 1177
1143 1283
1964 1421
2499 1446
942 1408
2540 1085
2611 1441
1100 1114
1285 1383
2915 1313
2931 1365
1570 1425
2770 1094
614 1318
1979 1471
1593 1466
1197 1427
1330 1061
1021 1289
843 1115
844 1260
2457 1407
2494 1064
1482 1411
2235 1429
1497 1118
1161 1148
2852 1333
574 1204
2204 1154
1865 1268
660 1094
937 1404
2699 1483
1706 1052
1139 1352
1401 1225
2410 1130
2069 1005
2202 1477
1367 1379
620 1400
1415 1419
2737 1355
529 1495
1656 1266
1730 1372
1473 1000
2865 1299
1430 1346
905 1246
1999 1148
2682 1438
824 1023
2258 1474
1247 1060
1561 1427
2973 1151
1999 1262
1165 1071
2644 1232
1868 1225
1449 1191
2559 1123
2061 1310
2249 1063
1879 1011
895 1177
2458 1032
2658 1253
2940 1452
2249 1305
1689 1044
1052 1462
726 1192
2873 1226
549 1343
2163 1100
1889 1318
1365 1390
1317 1227
2826 1441
1525 1176
2356 1454
2986 1364
2183 1159
861 1029
1876 1466
1033 1239
2576 1185
1179 1203
2438 1374
2967 1011
1348 1054
2140 1410
1507 1138
1839 1499
821 1469
2269 1033
2821 1460
2883 1185
2579 1306
571 1421
2802 1418
2897 1334
2696 1048
1601 1379
1589 1094
2211 1224
916 1491
857 1095
2507 1095
921 1035
1775 1282
2422 1460
2460 1453
505 1336
1201 1413
1320 1143
2716 1279
2634 1097
1317 1264
852 1403
1705 1060
878 1497
2795 1264
1972 1457
2859 1028
1363 1143
874 1353
715 1166
778 1357
1860 1466
2278 1081
2242 1310
2028 1091
797 1045
725 1136
847 1085
2339 1149
1314 1184
1694 1470
2789 1439
997 1047
2934 1397
2363 1298
621 1408
1422 1085
1629 1151
1325 1235
1178 1210
2945 1336
2760 1059
1149 1499
1209 1130
1169 1372
1447 1300
2012 1096
768 1428
1459 1332
1673 1149
1177 1354
2194 1345
1551 1136
691 1358
2008 1327
2561 1194
1040 1175
1909 1034
2943 1030
1221 1364
563 1446
1286 1450
2291 1303
1886 1468
2600 1499
660 1426
1466 1341
2098 1252
2773 1448
747 1212
2621 1461
1930 1323
1511 1073
2179 1460
2194 1133
1778 1040
575 1299
1051 1413
2234 1439
1655 1176
2950 1220
2940 1400
2651 1033
1452 1090
712 1267
1440 1026
2632 1118
2326 1088
1644 1051
2529 1276
2543 1349
2670 1387
1226 1111
891 1089
2650 1179
1168 1146
1316 1411
1331 1469
2799 1101
730 1017
2693 1185
2242 1010
2718 1475
2142 1139
2634 1484
1143 1310
1537 1318
752 1101
2133 1123
2688 1113
2025 1342
615 1455
1783 1065
2785 1131
2426 1025
2679 1015
1621 1236
1020 1248
1245 1204
1995 1097
2941 1196
2271 1238
2836 1122
2524 1024
929 1095
773 1302
2389 1095
790 1360
1686 1325
2193 1289
2005 1421
1323 1042
2659 1287
1630 1188
654 1471
503 1104
1538 1062
2855 1034
1154 1425
2580 1149
915 1032
2262 1078
558 1304
2676 1110
681 1212
1827 1420
1936 1201
950 1319
2568 1452
2167 1485
2182 1208
2148 1294
2279 1220
1495 1133
2920 1449
1627 1136
1923 1162
2891 1265
2236 1196
1049 1221
2290 1368
1870 1384
2766 1160
1209 1209
1340 1104
881 1041
1849 1070
1121 1002
1614 1370
2745 1236
2788 1472
511 1486
2699 1293
2113 1035
2721 1073
1198 1378
709 1176
2373 1323
2289 1019
1132 1182
1878 1039
568 1114
2575 1448
606 1462
1091 1036
2621 1036
1086 1173
2665 1428
612 1242
1872 1250
1245 1047
2000 1144
1948 1401
762 1019
1514 1426
827 1234
835 1301
840 1276
613 1264
618 1050
2709 1331
1634 1222
1877 1107
797 1050
2926 1241
604 1068
2995 1099
948 1024
2385 1440
1161 1000
1813 1085
2834 1295
2286 1418
2325 1451
877 1496
985 1100
974 1083
1605 1124
1720 1348
2885 1449
2314 1123
523 1028
1426 1035
540 1140
2670 1484
2342 1475
1488 1498
1260 1411
2138 1430
2628 1041
1163 1044
1018 1103
788 1410
2790 1071
2154 1196
596 1041
1279 1434
991 1081
536 1438
2562 1198
2499 1297
1135 1455
2288 1272
1730 1363
1784 1477
1778 1113
1089 1051
2711 1382
2962 1304
1850 1466
2816 1121
2452 1231
2394 1002
531 1203
2705 1325
1343 1138
1245 1098
957 1395
2228 1188
1917 1257
2756 1001
526 1466
1089 1445
1487 1230
1121 1377
1697 1035
1172 1209
1743 1243
2324 1041
1910 1257
1665 1049
2510 1281
1732 1499
1196 1241
1551 1230
1573 1225
1327 1448
2047 1111
782 1301
887 1373
548 1152
726 1340
1524 1471
1013 1183
2800 1437
1691 1418
1306 1396
1926 1229
835 1158
2137 1377
509 1376
1917 1114
2121 1230
2865 1375
652 1060
727 1257
527 1259
1871 1477
844 1425
653 1212
939 1207
959 1292
1812 1111
2644 1361
2741 1069
2657 1184
1200 1167
646 1183
1882 1241
2177 1117
703 1134
2650 1423
2538 1306
2384 1202
2074 1207
941 1220
2141 1213
2804 1112
1302 1412
2203 1338
1820 1476
1667 1111
2011 1218
1093 1306
1639 1140
2806 1200
1813 1147
1842 1030
967 1165
825 1371
2311 1404
1994 1466
1992 1212
2155 1246
1623 1064
2158 1401
2566 1199
1364 1283
711 1362
1318 1205
656 1283
523 1187
2207 1123
2511 1028
500 1045
937 1056
2927 1364
731 1133
1870 1225
2561 1019
925 1145
1880 1179
1943 1085
576 1064
2443 1405
1723 1458
1696 1018
1017 1130
1938 1478
2455 1411
2019 1126
2842 1008
1568 1064
932 1036
2084 1106
2436 1387
2367 1320
1591 1087
727 1452
1076 1328
628 1408
927 1044
1462 1362
1667 1215
2399 1381
1610 1129
1677 1278
618 1325
677 1313
2431 1093
1107 1346
525 1242
664 1137
2025 1185
2898 1325
2864 1012
1820 1087
1308 1144
2812 1211
2526 1371
2430 1126
1753 1278
2233 1204
2801 1056
642 1213
2761 1169
1872 1278
1453 1262
1089 1163
2518 1047
1519 1358
994 1403
2039 1326
2273 1037
2171 1499
2815 1132
1963 1325
930 1289
1298 1453
1985 1134
1996 1293
2837 1272
1819 1373
509 1079
642 1275
1418 1386
2338 1047
948 1397
2733 1348
1315 1080
645 1082
1464 1110
1921 1094
1131 1046
2129 1442
1741 1136
2457 1374
1595 1001
1657 1008
1165 1497
1202 1330
2404 1040
1390 1383
762 1043
1579 1133
1797 1152
2004 1425
2028 1200
1624 1026
636 1363
1938 1277
1538 1388
906 1465
1200 1477
967 1410
1054 1155
1574 1167
1217 1418
988 1127
548 1304
1059 1321
1475 1055
2646 1170
2816 1329
1132 1448
1157 1390
2418 1312
1310 1363
539 1227
1133 1116
1681 1239
737 1311
2025 1099
842 1165
2486 1477
2485 1062
1473 1222
719 1067
1466 1489
1370 1333
2095 1310
2186 1255
2177 1351
1513 1483
840 1337
1524 1163
2334 1331
2955 1247
555 1263
1891 1445
2426 1136
2261 1012
1168 1060
2314 1293
2152 1071
766 1014
1164 1042
1016 1328
1403 1304
558 1455
2815 1239
2873 1132
1416 1142
2133 1440
2573 1361
2968 1104
2651 1272
2850 1259
1167 1096
906 1068
2973 1185
2659 1046
1731 1066
721 1074
2069 1455
520 1468
2652 1211
2307 1196
1010 1184
2500 1221
2446 1232
1978 1319
1386 1489
2044 1043
1181 1074
589 1117
2005 1278
2137 1131
2563 1289
2956 1162
2971 1388
1878 1066
1272 1072
2821 1348
2210 1374
2550 1182
1181 1179
2795 1401
2946 1331
631 1450
880 1069
668 1419
751 1197
2717 1402
1632 1014
2609 1201
2270 1384
1175 1059
2205 1216
1306 1046
2528 1028
2503 1468
1277 1213
2912 1434
2904 1067
1451 1228
1055 1188
2773 1131
515 1346
1612 1356
2124 1456
2452 1213
1686 1359
1713 1129
545 1267
2075 1018
2648 1420
1473 1211
2012 1425
2750 1263
1533 1069
2165 1034
1971 1045
2436 1278
2785 1337
2923 1023
968 1026
2298 1134
1340 1465
1779 1265
1063 1083
2899 1193
530 1017
2831 1051
772 1123
2516 1026
1315 1258
2046 1151
1601 1381
1141 1040
1509 1018
2883 1368
2929 1155
547 1204
1948 1240
838 1186
2591 1108
1782 1000
2137 1020
1751 1122
876 1184
2247 1283
2985 1038
1664 1227
1128 1195
1333 1072
2462 1020
2910 1151
2133 1038
2053 1145
746 1476
2185 1395
737 1203
2836 1087
1314 1389
1544 1004
1566 1283
2139 1109
1539 1215
667 1387
1042 1298
2805 1139
2132 1222
2594 1021
2851 1191
1362 1186
2450 1110
885 1450
2469 1329
1258 1256
2710 1160
854 1319
2255 1439
1452 1096
1787 1416
1370 1242
1806 1009
981 1494
577 1319
2773 1367
2332 1104
2473 1305
2923 1425
2577 1137
2686 1070
2670 1274
942 1058
594 1403
2773 1300
1432 1014
2234 1359
1720 1102
1257 1439
2858 1385
1779 1145
1682 1126
664 1448
2124 1227
2744 1443
1632 1011
2108 1306
1947 1321
2160 1264
623 1484
977 1385
1370 1030
1023 1475
710 1033
1217 1084
715 1405
943 1450
1028 1336
726 1274
1410 1048
1261 1269
1047 1337
2101 1491
2607 1385
747 1164
761 1096
2358 1241
1109 1031
931 1061
2850 1070
696 1056
1145 1427
503 1334
1961 1196
567 1256
2615 1385
1156 1152
1455 1207
1313 1165
1187 1067
788 1170
1469 1309
2205 1417
526 1280
2422 1059
1659 1288
1814 1386
1856 1182
1048 1493
2443 1363
1749 1015
2670 1055
2658 1063
2852 1395
2356 1157
2424 1242
928 1171
2771 1073
2413 1071
1674 1274
2149 1061
1002 1143
702 1033
2834 1157
937 1036
1321 1156
2719 1462
873 1468
1840 1084
1345 1083
507 1294
1663 1251
675 1316
2429 1175
837 1361
2586 1108
1144 1013
1767 1289
1243 1012
1001 1104
1906 1359
723 1475
1374 1459
2219 1404
1901 1367
2490 1129
1229 1235
528 1047
1039 1211
2772 1478
579 1381
2383 1473
2734 1076
2631 1193
707 1298
2488 1329
2100 1438
1765 1044
640 1449
1031 1343
2905 1275
2034 1362
1976 1152
523 1390
1704 1115
2880 1274
802 1305
2509 1483
2197 1327
1968 1429
726 1474
1820 1094
1550 1123
1475 1437
2633 1499
1487 1003
634 1084
1904 1219
1123 1416
2788 1157
676 1314
2056 1159
1744 1131
1340 1355
1313 1275
2133 1152
2661 1327
782 1469
1354 1091
2165 1369
2177 1457
2013 1248
1163 1084
1534 1032
1109 1084
685 1444
1254 1279
1443 1158
899 1171
1995 1425
2965 1037
2288 1142
1773 1420
2154 1182
2941 1133
2743 1005
957 1441
603 1299
2221 1392
1373 1236
854 1232
1411 1450
933 1359
1772 1251
526 1259
1876 1214
2603 1334
2191 1498
1080 1068
1108 1457
2546 1213
715 1208
2361 1088
1891 1490
2018 1022
2432 1370
1458 1270
1221 1067
1884 1438
613 1399
1455 1476
2071 1458
1623 1454
1337 1283
898 1345
1643 1265
1923 1168
1436 1141
2892 1055
1184 1453
583 1041
1515 1234
627 1193
2010 1218
700 1010
2927 1267
1085 1247
2132 1489
2120 1367
1060 1219
2020 1299
1627 1089
2111 1012
2133 1304
2881 1416
735 1000
2966 1298
2128 1187
2643 1477
1999 1307
1601 1333
2409 1336
541 1146
660 1140
2403 1425
1219 1285
1647 1346
1552 1023
2021 1008
1020 1269
2651 1384
2549 1089
2777 1115
2039 1386
1888 1417
2040 1209
2781 1052
1414 1332
1146 1401
1021 1222
580 1372
2802 1066
895 1441
994 1424
565 1209
2004 1343
1549 1441
1175 1340
1095 1395
1755 1153
2648 1164
1981 1009
2064 1006
2040 1408
690 1392
2742 1020
2748 1325
1255 1120
1678 1362
2851 1274
2601 1144
2688 1408
2860 1111
2074 1402
2451 1306
2554 1035
534 1056
1287 1164
2312 1371
1484 1194
1456 1090
2991 1268
829 1227
2731 1150
1449 1089
2711 1373
583 1177
2738 1151
1999 1284
1144 1406
688 1243
2257 1284
1045 1205
716 1289
2734 1269
2483 1199
1374 1082
1163 1344
627 1381
1806 1297
2611 1009
693 1217
902 1399
2397 1120
879 1329
1008 1231
2844 1246
2459 1164
1181 1260
1507 1233
1655 1432
2804 1042
1557 1492
1311 1233
1510 1253
2904 1214
2937 1464
2687 1169
582 1316
1095 1288
1211 1061
2670 1424
814 1107
2885 1219
959 1318
2903 1069
2218 1219
1258 1083
1974 1309
2955 1032
972 1167
555 1352
2756 1056
1546 1183
2254 1223
2939 1207
1698 1134
728 1341
1736 1380
1323 1225
1544 1298
555 1487
1704 1062
638 1148
1451 1059
2251 1284
968 1135
2622 1283
2156 1140
1960 1393
1640 1479
1494 1041
771 1117
2889 1453
1058 1406
2453 1111
2897 1051
1491 1338
935 1208
2954 1134
2430 1185
1766 1427
754 1145
2243 1102
1039 1393
1251 1214
2044 1343
1011 1160
1502 1193
553 1044
1443 1329
1551 1437
837 1352
2763 1130
2215 1310
617 1379
2909 1330
2917 1246
1287 1296
1817 1086
2605 1213
2070 1469
1430 1462
1445 1016
1594 1002
772 1251
542 1302
1347 1012
2830 1149
2769 1172
2860 1481
2921 1286
1031 1003
1767 1211
666 1460
1543 1003
1796 1495
1632 1026
1317 1495
841 1125
2090 1346
1381 1290
2359 1372
2828 1068
1282 1054
1814 1123
1908 1389
2154 1282
2221 1142
2800 1381
2893 1400
2581 1254
777 1035
2992 1084
1987 1444
2038 1386
1363 1039
1752 1459
2793 1007
1564 1105
2550 1062
1734 1211
2661 1373
1629 1213
2093 1338
845 1135
2256 1135
1765 1474
525 1173
819 1034
904 1433
592 1475
2888 1285
2163 1003
2781 1065
2398 1331
1673 1165
1404 1485
2614 1222
1453 1451
2676 1491
2170 1107
2943 1119
830 1088
2154 1356
2760 1068
2941 1498
555 1211
1845 1289
2629 1295
2292 1251
518 1471
1281 1349
982 1032
717 1118
819 1245
2733 1283
2556 1315
1191 1467
822 1439
614 1487
2852 1363
2011 1300
577 1069
1089 1421
2074 1103
2639 1343
1986 1437
2909 1188
1575 1046
2583 1477
2185 1379
1956 1288
1554 1257
1020 1147
2370 1335
1794 1282
1509 1087
605 1076
2794 1395
563 1063
1201 1423
2708 1044
2247 1136
895 1083
2983 1109
1013 1052
2351 1362
1840 1200
1749 1473
1119 1133
1628 1031
2598 1052
730 1282
2275 1011
1790 1488
627 1164
2154 1213
2576 1290
979 1213
2266 1017
2193 1398
1756 1276
2774 1152
1082 1067
1266 1473
2489 1340
615 1244
2807 1408
585 1220
1074 1463
1180 1007
1178 1294
1898 1057
1268 1092
1597 1474
2151 1125
2497 1309
2136 1310
775 1102
2166 1315
1175 1337
2812 1298
1513 1163
2642 1305
2189 1353
1003 1208
2771 1395
2054 1467
1049 1497
1821 1124
2137 1350
1470 1057
504 1006
2221 1310
572 1161
2378 1403
764 1199
1365 1440
2807 1431
1176 1204
1414 1492
1183 1405
1575 1435
2442 1295
1001 1345
1523 1452
2797 1232
1791 1463
1688 1393
2839 1133
818 1473
1465 1007
1798 1022
2702 1288
1816 1452
2828 1259
641 1261
798 1048
2933 1491
1068 1103
2421 1213
503 1024
1824 1387
2118 1187
2410 1094
2790 1315
2966 1175
1229 1488
2993 1368
1842 1073
511 1111
1060 1413
2370 1047
1662 1427
1180 1243
1552 1161
543 1164
1464 1103
2324 1468
866 1484
1181 1423
1447 1260
1855 1141
1313 1075
2410 1243
523 1343
2113 1408
2350 1483
904 1166
766 1083
1584 1429
741 1324
2940 1341
1612 1105
2361 1194
1485 1489
1589 1119
2706 1046
2008 1061
1464 1495
879 1185
2680 1248
1060 1152
612 1030
689 1064
1816 1217
1111 1451
2425 1474
2803 1361
2317 1011
1806 1097
2083 1283
2465 1318
2849 1326
942 1156
880 1268
859 1127
2363 1129
1505 1126
2770 1035
1594 1077
2291 1319
1143 1051
2557 1389
760 1137
1144 1140
2539 1311
2571 1120
1608 1368
2952 1364
1851 1196
2230 1052
571 1242
1034 1233
896 1377
796 1144
2728 1263
2672 1292
2994 1076
619 1353
1744 1231
2407 1306
2265 1397
2440 1122
2754 1118
508 1292
1526 1400
1453 1348
2419 1031
2856 1057
2315 1128
1204 1263
1816 1215
2288 1484
853 1014
2955 1146
2979 1265
505 1076
2559 1441
2108 1482
807 1110
2531 1426
1706 1477
1308 1458
2410 1079
2108 1187
683 1053
563 1378
1050 1395
1961 1006
995 1292
719 1281
2642 1245
1142 1092
2499 1273
1860 1165
2917 1160
1190 1231
2720 1037
1194 1170
1691 1449
1819 1442
2358 1005
1763 1337
2567 1051
534 1288
2732 1006
2680 1280
1940 1404
1273 1360
2748 1440
2116 1244
1864 1008
1336 1490
2015 1236
2118 1440
1807 1321
1378 1282
2860 1019
1170 1159
2477 1009
1566 1410
2095 1285
2532 1082
528 1431
1712 1358
1591 1409
732 1439
967 1193
1877 1208
996 1253
2459 1318
942 1022
1223 1405
2752 1085
2838 1441
825 1125
1409 1228
731 1256
2778 1466
2213 1432
1569 1464
927 1457
2701 1401
1783 1012
2798 1319
602 1231
1555 1145
2825 1458
1338 1139
2632 1125
2867 1034
1054 1055
1475 1342
1053 1381
1985 1312
629 1024
633 1137
2929 1105
1815 1078
2749 1070
2408 1225
849 1373
2528 1405
1929 1155
1952 1003
757 1489
2057 1219
776 1324
2988 1252
803 1233
2666 1461
2154 1281
1052 1480
2710 1378
2623 1173
2564 1021
1235 1033
1483 1284
1514 1390
883 1179
1831 1402
1408 1173
920 1461
2432 1254
2105 1130
1153 1085
1947 1417
1234 1101
1384 1338
2579 1486
659 1191
2518 1353
2071 1359
2641 1155
1871 1220
1999 1483
799 1241
1601 1084
2986 1489
977 1282
1130 1460
1746 1417
1024 1420
2608 1068
1447 1418
2058 1397
1683 1290
662 1473
2381 1415
1267 1230
1351 1292
1515 1174
658 1441
2806 1162
2173 1010
1662 1329
1437 1362
2066 1131
1913 1091
1463 1224
854 1088
2174 1398
2789 1101
883 1271
2605 1094
1553 1442
2420 1332
1790 1449
1283 1258
2814 1489
960 1086
2890 1462
824 1348
2996 1132
1412 1328
845 1315
1482 1042
1192 1128
1439 1075
1695 1218
1701 1325
684 1026
883 1066
2108 1036
524 1160
1801 1479
1012 1490
1266 1347
2211 1374
852 1227
2544 1386
1088 1151
775 1075
1550 1182
2079 1166
1632 1127
2845 1343
2054 1184
1225 1304
1536 1112
2092 1384
606 1201
1844 1269
1683 1409
1032 1217
2943 1486
2364 1036
1887 1286
2116 1388
1580 1482
1383 1457
2337 1444
2412 1354
1255 1408
2495 1292
2120 1238
1225 1330
682 1007
751 1259
676 1257
679 1392
2105 1103
801 1111
2002 1192
1149 1389
1532 1010
2609 1275
2146 1369
1323 1416
1632 1414
1034 1188
1932 1272
2697 1237
1410 1465
816 1221
1047 1276
2724 1099
601 1124
1030 1235
2921 1273
2064 1063
2899 1356
648 1030
2281 1413
1398 1090
1108 1445
2113 1459
1940 1135
2916 1217
1371 1029
1265 1099
1166 1011
2833 1437
874 1020
2516 1181
596 1235
873 1059
2506 1495
563 1008
1147 1049
2591 1281
1158 1080
2020 1075
2602 1432
1555 1285
2077 1356
2338 1168
1144 1015
2500 1240
615 1242
1873 1043
2071 1210
915 1151
688 1163
982 1011
828 1109
799 1411
1829 1109
635 1140
2956 1079
1690 1134
2388 1400
1091 1499
2987 1479
2479 1457
1636 1303
2168 1220
2192 1407
2567 1283
751 1363
947 1069
786 1427
1957 1133
1939 1005
1758 1289
2225 1276
1093 1394
1110 1322
2108 1410
2573 1331
2302 1477
1108 1308
1783 1133
1682 1397
2296 1145
2674 1177
1545 1482
577 1339
1824 1076
2078 1252
2431 1376
2572 1181
2871 1078
2189 1422
1064 1463
2727 1354
1413 1208
2502 1472
2075 1479
2286 1052
2539 1374
1635 1050
524 1256
2827 1134
1114 1256
2481 1136
1293 1060
2784 1061
2102 1192
2710 1203
2385 1462
1818 1368
1696 1206
2132 1218
727 1060
1128 1196
930 1084
2390 1118
2635 1333
2428 1162
2677 1147
2625 1284
1563 1310
1505 1037
2782 1007
2508 1261
1192 1348
2354 1079
1064 1018
979 1269
2915 1171
2927 1105
878 1109
1153 1400
2995 1168
1678 1379
1062 1085
2336 1170
567 1177
1146 1484
1738 1494
2536 1478
799 1288
1325 1197
1588 1188
1921 1235
740 1487
2964 1203
2881 1081
2712 1045
1888 1481
1127 1295
2652 1334
2233 1496
930 1450
2925 1076
1289 1411
2209 1378
2451 1376
793 1320
1897 1197
1855 1156
2393 1367
1651 1044
1265 1480
1262 1036
2749 1132
947 1428
2198 1241
745 1080
1220 1285
2447 1177
1099 1055
741 1159
995 1067
2326 1468
855 1342
2189 1130
1607 1184
2238 1395
1466 1464
885 1454
975 1217
2574 1045
945 1225
1487 1200
1710 1369
2536 1073
2717 1190
1087 1362
2764 1408
2194 1188
1946 1486
1766 1212
2256 1358
2211 1263
670 1322
1323 1395
1196 1012
2043 1195
987 1114
968 1408
1523 1375
1643 1157
1490 1193
2634 1063
1981 1081
2495 1230
2560 1487
2063 1181
2123 1003
2483 1482
1870 1429
1774 1271
1443 1268
610 1368
1484 1241
744 1333
507 1251
1275 1068
920 1269
1658 1020
1255 1320
818 1113
524 1397
1377 1377
2832 1441
2220 1107
1022 1398
553 1257
1195 1131
2643 1471
2079 1072
2156 1053
994 1438
1909 1162
2309 1494
1595 1057
1876 1257
1666 1471
2570 1114
2016 1344
2087 1179
1972 1312
1770 1120
624 1110
1226 1082
1615 1268
2532 1221
1279 1475
2060 1441
2988 1056
2693 1093
501 1369
811 1156
2969 1408
1893 1132
1521 1144
1444 1029
1857 1268
2609 1147
1616 1263
2394 1075
540 1170
1661 1414
1685 1306
2067 1037
2308 1396
1825 1231
2802 1087
1166 1085
1643 1229
1360 1480
1214 1439
1573 1403
2971 1251
1868 1333
2405 1446
2423 1451
807 1064
2972 1401
1296 1475
1000 1037
578 1325
2061 1208
708 1428
584 1163
1161 1489
1082 1435
2335 1361
2636 1169
1430 1037
1438 1064
1477 1150
1962 1450
1462 1188
836 1044
921 1248
1081 1169
2959 1418
2672 1224
1173 1309
1831 1457
2385 1429
1765 1380
2011 1350
2480 1486
2322 1047
2629 1267
1185 1233
2507 1055
2015 1350
1385 1379
1656 1117
703 1153
2324 1343
2459 1304
1060 1338
1449 1301
752 1070
882 1033
2075 1483
1957 1156
2442 1490
1749 1109
2555 1324
1180 1032
2791 1111
1959 1001
1603 1226
1101 1379
2053 1123
895 1079
1653 1286
2286 1165
1555 1322
840 1235
1012 1301
1361 1133
2204 1020
1353 1122
2018 1309
2555 1494
1465 1328
2579 1143
1813 1023
1269 1391
1437 1070
1281 1435
1280 1168
2919 1497
1917 1027
654 1057
1451 1205
865 1344
2779 1380
2138 1326
884 1445
1076 1483
923 1412
1918 1080
2669 1355
1345 1403
2530 1360
2029 1210
1621 1031
2342 1054
1137 1363
1778 1100
850 1445
1588 1029
592 1355
2407 1020
555 1106
1789 1472
1350 1026
2980 1016
1452 1067
1013 1404
2995 1244
2163 1454
2072 1358
2337 1296
608 1440
2478 1345
762 1073
2618 1450
2272 1383
1269 1277
1379 1440
513 1465
2975 1294
535 1011
2220 1151
590 1324
1638 1360
1786 1446
2658 1455
1275 1126
1937 1147
1754 1051
2409 1350
1922 1114
1031 1117
2584 1238
1275 1199
1564 1377
1901 1433
616 1140
802 1018
1484 1001
2856 1451
1173 1197
1076 1154
750 1171
1291 1237
2817 1349
2946 1468
2829 1497
1068 1107
1963 1442
2276 1462
2196 1060
2177 1288
2333 1369
2304 1353
2680 1249
926 1105
2666 1094
1702 1479
1391 1440
1339 1093
2136 1268
2324 1177
2673 1160
2824 1186
2824 1184
1098 1160
2153 1369
2028 1054
2518 1228
1332 1128
1157 1451
2025 1119
2976 1040
2963 1058
730 1480
2971 1349
601 1039
2062 1420
2913 1257
2491 1281
1872 1420
817 1142
2635 1240
764 1401
2813 1448
573 1085
914 1025
1721 1284
661 1241
2911 1020
1961 1371
2442 1205
508 1193
1191 1085
655 1413
647 1288
977 1439
2172 1036
1577 1493
1155 1205
2566 1344
684 1130
1463 1459
2613 1066
1645 1067
2354 1480
1306 1476
1876 1461
2620 1391
2403 1138
957 1236
1081 1102
2132 1383
1685 1215
2150 1474
1205 1159
2859 1054
2196 1488
676 1120
1259 1042
970 1453
2324 1221
1934 1041
2285 1296
1568 1207
837 1034
2557 1426
2503 1129
1604 1004
2113 1189
1326 1099
2054 1033
2949 1217
2195 1184
1980 1080
2583 1021
2130 1495
2325 1305
2752 1118
2486 1325
796 1382
1868 1337
2442 1133
585 1328
2210 1297
2268 1340
651 1055
1727 1207
1958 1213
1453 1301
1555 1209
1768 1317
729 1406
1446 1219
2064 1462
627 1429
2432 1303
2177 1337
2065 1458
2528 1149
2912 1021
1448 1130
1677 1032
664 1265
2389 1285
783 1141
2788 1045
1101 1255
637 1236
1042 1231
1477 1345
1594 1274
1633 1179
2956 1491
739 1463
2180 1496
2045 1204
2690 1410
1505 1179
1974 1278
927 1171
1456 1023
2108 1450
1167 1128
2450 1317
1922 1087
625 1002
2427 1021
2723 1124
1369 1008
2810 1298
1621 1089
2684 1051
2241 1143
2546 1254
2766 1208
1912 1157
1525 1348
2848 1290
2333 1021
2151 1450
845 1151
2269 1012
1288 1125
807 1404
1589 1480
1911 1407
2637 1293
2847 1026
2392 1017
1306 1330
2411 1034
1730 1148
1100 1119
1042 1368
1632 1286
832 1194
1685 1301
1392 1207
2138 1352
1439 1291
1672 1014
1875 1253
508 1342
2515 1057
2648 1166
1409 1322
1841 1233
2415 1491
2698 1338
717 1212
2424 1161
1384 1037
921 1356
2756 1355
1060 1151
2947 1118
884 1231
564 1308
2035 1090
2523 1060
1985 1413
2781 1071
1397 1391
848 1105
1042 1275
1411 1204
2943 1263
1491 1042
805 1054
1168 1443
1500 1364
2589 1389
1481 1346
1859 1061
2438 1397
910 1019
1514 1213
2635 1334
1027 1094
1190 1198
2216 1033
2779 1227
2212 1344
2448 1435
1183 1407
1187 1137
2438 1224
1951 1453
2616 1052
1225 1364
1045 1241
2570 1302
2878 1405
1029 1193
1158 1174
2001 1082
2272 1168
1523 1254
513 1477
2723 1372
2721 1173
2707 1387
1642 1344
657 1378
2070 1412
2918 1481
2123 1302
1622 1170
1451 1165
2303 1013
2520 1410
1815 1158
638 1040
1972 1437
2052 1168
868 1123
1116 1469
2893 1055
2364 1366
1120 1327
1874 1205
2983 1301
2733 1108
1335 1363
2156 1245
1340 1411
2787 1430
2183 1391
2729 1043
2639 1463
1753 1375
2928 1173
1902 1218
1618 1066
906 1387
898 1463
2949 1477
2337 1054
873 1242
1545 1431
2205 1060
2105 1321
1878 1076
2815 1103
1078 1120
2299 1348
820 1171
1529 1282
2058 1373
1138 1091
827 1448
612 1056
1825 1475
1299 1369
1216 1481
1590 1006
1352 1304
1258 1427
1742 1312
1695 1148
2201 1070
578 1165
664 1051
1952 1315
533 1095
2730 1205
1534 1433
1483 1186
787 1134
2853 1078
1865 1414
1098 1125
1977 1466
1762 1182
2720 1262
1649 1392
926 1162
1785 1379
2083 1044
1053 1253
1392 1097
1953 1130
736 1069
1998 1167
1594 1030
2727 1354
2108 1286
2929 1286
1320 1139
2493 1048
1610 1033
2866 1004
1063 1479
1768 1205
2151 1408
2792 1251
741 1298
2974 1179
1016 1413
1206 1011
2218 1485
1540 1383
2473 1273
1040 1134
2590 1423
2269 1339
589 1258
812 1212
1625 1071
2912 1287
2332 1065
1982 1101
1612 1119
2922 1380
2761 1057
1618 1104
1962 1350
2950 1105
1056 1428
2145 1106
2785 1298
1223 1151
626 1022
1073 1173
2490 1483
895 1481
2510 1447
1706 1024
1635 1332
1185 1292
2651 1322
1637 1233
1993 1181
1425 1411
2216 1438
1094 1356
2033 1122
2982 1093
2379 1310
1891 1393
2113 1372
1070 1087
1288 1149
2687 1155
1050 1096
2396 1277
2924 1148
2287 1420
2929 1387
586 1395
1326 1377
1059 1160
2323 1227
2337 1473
2247 1170
1773 1389
2398 1212
1114 1271
699 1174
2698 1176
526 1119
1015 1119
1721 1215
2232 1253
549 1047
2203 1468
2526 1450
1228 1109
923 1104
720 1478
818 1217
2571 1461
2738 1068
1462 1103
876 1354
850 1196
1720 1185
1330 1339
2687 1350
1815 1051
2220 1000
2550 1327
1631 1222
1823 1352
2583 1157
2775 1120
2557 1063
2383 1310
2842 1056
2716 1480
661 1446
945 1377
1149 1404
2785 1116
2784 1035
1924 1189
2476 1016
1287 1089
2447 1110
1855 1244
1737 1293
2066 1283
2771 1050
2118 1337
1974 1324
2835 1460
1079 1213
2787 1010
2639 1045
1448 1483
2947 1006
2643 1317
1433 1014
584 1448
505 1382
2319 1226
1148 1404
2665 1444
1962 1395
1779 1448
2662 1189
1854 1182
1556 1054
1222 1232
1999 1435
2240 1449
1239 1401
1013 1367
655 1381
652 1003
705 1078
718 1052
1867 1208
2573 1399
1801 1273
2535 1396
2877 1343
2274 1286
2952 1379
2959 1484
2707 1235
680 1056
2273 1355
1840 1047
2480 1266
596 1029
2190 1088
810 1306
1283 1324
2413 1346
1063 1208
1171 1462
1284 1272
1402 1315
2025 1023
2776 1042
2317 1299
854 1308
860 1136
1752 1134
1375 1141
715 1431
1425 1045
2049 1431
2030 1284
2344 1293
2039 1331
2585 1193
1351 1194
1489 1152
2867 1374
2688 1274
805 1325
2831 1292
1280 1293
1549 1280
2395 1330
1208 1499
805 1257
2843 1071
1806 1307
2020 1426
1595 1446
2944 1346
2786 1315
2303 1300
795 1066
606 1459
501 1185
2503 1035
1493 1441
2561 1481
2903 1340
863 1078
836 1024
2430 1074
1062 1020
1991 1275
1810 1130
865 1413
664 1244
873 1092
1067 1348
1844 1146
2995 1094
2075 1405
1724 1487
894 1248
2726 1226
2707 1011
2962 1449
1357 1299
567 1054
1274 1242
2108 1285
1425 1459
2179 1050
2377 1180
1482 1304
2698 1343
2100 1060
1029 1446
1176 1308
574 1188
1799 1419
2853 1479
1465 1151
2219 1283
2146 1425
1224 1240
870 1194
2061 1210
1633 1072
2976 1029
1716 1045
2125 1059
520 1026
1113 1131
2065 1330
1882 1265
2340 1024
2689 1482
603 1296
685 1107
2619 1093
834 1405
785 1498
2806 1441
2289 1301
2798 1400
804 1292
1273 1169
2618 1321
2230 1163
2126 1392
2811 1307
1342 1351
2062 1071
1983 1116
850 1001
1042 1015
1130 1218
986 1319
1983 1435
925 1493
1172 1360
1388 1100
1254 1318
1674 1293
2211 1491
1475 1123
1284 1350
1980 1129
2814 1037
2979 1001
2021 1205
1926 1496
2614 1487
2694 1472
2998 1490
830 1457
2165 1336
1468 1183
1695 1340
1940 1195
522 1437
1475 1166
2366 1315
853 1325
2579 1023
693 1167
902 1147
2230 1364
726 1098
1265 1087
700 1319
1716 1377
2154 1180
2940 1208
2507 1213
902 1083
2614 1274
1648 1461
850 1330
1780 1083
2550 1235
1376 1401
1769 1352
2489 1355
2205 1478
1736 1052
1989 1355
2722 1414
684 1486
1333 1086
872 1426
1581 1490
2094 1176
2959 1296
2838 1203
2768 1143
2487 1328
1701 1215
1971 1091
870 1409
2479 1344
1307 1273
1224 1186
2004 1405
1235 1487
2067 1222
2316 1484
1612 1259
2959 1194
2433 1293
1129 1289
602 1166
1710 1296
977 1297
1302 1326
746 1126
1022 1401
1744 1372
912 1158
2133 1285
1382 1499
1815 1349
564 1308
924 1013
1504 1371
2777 1044
2544 1303
2554 1476
1313 1469
1382 1244
2729 1150
1845 1045
1020 1330
2939 1376
2883 1489
1518 1481
1334 1368
2731 1097
726 1489
2515 1321
1447 1455
2108 1002
1997 1142
2705 1131
2620 1176
1697 1373
2791 1208
2184 1199
1884 1009
1599 1146
2992 1197
1060 1014
1058 1334
2571 1220
1991 1011
1947 1080
2596 1462
1693 1302
1396 1123
1149 1340
1370 1398
2343 1298
1304 1164
2515 1418
2053 1118
1254 1389
1134 1433
1205 1021
1112 1337
2562 1126
774 1295
2867 1366
503 1175
1535 1232
2082 1064
2909 1076
1122 1484
2832 1367
582 1243
958 1040
992 1319
816 1282
904 1336
764 1219
2516 1201
829 1467
2866 1323
1635 1315
1504 1464
582 1326
2105 1404
639 1205
2272 1115
867 1216
1924 1156
2450 1017
1502 1277
1943 1217
1935 1270
1762 1414
1886 1246
2560 1499
1368 1145
520 1408
2052 1029
1354 1294
2378 1450
1317 1130
2176 1376
2695 1357
2526 1294
2983 1254
2688 1184
691 1308
720 1127
988 1255
954 1469
1379 1358
1295 1293
2676 1137
2163 1005
2244 1187
2940 1409
1309 1446
576 1173
1220 1170
1070 1059
1496 1312
2322 1270
597 1051
2070 1237
1347 1036
883 1341
2207 1422
2699 1375
1047 1494
1127 1167
1185 1086
2781 1362
667 1070
655 1374
2741 1173
2468 1220
1662 1337
2275 1117
1936 1298
1763 1074
1974 1440
1921 1266
2110 1103
1275 1192
1966 1003
852 1386
2573 1437
2218 1423
1550 1406
564 1205
1572 1215
2719 1354
1595 1358
2844 1478
2731 1086
1900 1211
2816 1486
1201 1354
1163 1247
1285 1068
969 1111
2406 1465
1066 1092
1226 1082
916 1010
2172 1385
2289 1296
1150 1149
2405 1454
1650 1193
874 1152
567 1437
2624 1344
2076 1318
1382 1277
1922 1315
2481 1288
1039 1264
1566 1245
2861 1237
1521 1267
2608 1082
995 1365
511 1296
2408 1138
1033 1305
1922 1000
2746 1139
1213 1436
1662 1231
1739 1264
2123 1314
1026 1418
2683 1070
2154 1119
881 1380
1395 1156
1090 1107
2373 1111
1233 1250
1135 1319
2595 1000
1728 1042
1605 1133
2113 1440
1436 1130
1701 1307
524 1323
1865 1299
1289 1121
2327 1037
894 1220
2501 1060
2336 1041
1752 1187
851 1066
2266 1160
1486 1331
2129 1468
525 1259
1601 1301
1429 1430
2383 1113
1193 1074
1325 1146
883 1077
1330 1450
1798 1312
2337 1142
547 1300
2813 1497
2485 1442
1585 1422
2041 1226
2392 1396
2276 1186
2203 1183
508 1045
1769 1481
2717 1181
2399 1115
801 1193
1211 1355
1757 1085
1632 1165
2728 1278
1596 1177
2808 1349
1994 1183
1825 1314
825 1433
1029 1355
1927 1426
1040 1202
1893 1454
816 1147
888 1363
806 1280
2081 1177
676 1464
1174 1204
1328 1041
2804 1300
687 1403
2741 1326
1308 1305
580 1092
646 1175
2381 1282
1654 1047
712 1171
1350 1404
1472 1006
1065 1105
835 1043
1259 1049
889 1068
931 1112
567 1000
2846 1357
1260 1326
2170 1020
1286 1183
1111 1240
2177 1487
2993 1214
1531 1034
2479 1073
1093 1015
698 1190
2502 1333
1039 1330
2151 1216
2566 1374
2133 1106
640 1169
988 1184
659 1320
2140 1425
1549 1179
1771 1105
545 1142
2236 1256
1847 1459
1197 1367
1523 1200
808 1171
696 1174
1699 1411
1594 1431
1205 1474
2557 1077
1534 1398
1610 1089
709 1451
1766 1037
1619 1389
1915 1414
1278 1453
2610 1463
2485 1498
2194 1151
2349 1499
2129 1260
2490 1468
1003 1298
1218 1108
2456 1141
2316 1216
1116 1216
593 1048
899 1458
1645 1351
1161 1418
1216 1109
1795 1374
2093 1016
2552 1294
2604 1104
2991 1356
2685 1137
1828 1338
1900 1332
2853 1431
663 1247
1087 1225
1632 1134
2534 1022
2390 1134
2870 1417
2444 1438
2611 1261
1601 1421
1097 1156
2132 1057
1424 1421
2444 1477
2681 1283
2173 1003
2751 1451
2689 1311
2362 1020
2436 1460
1241 1375
1141 1270
1841 1398
2655 1331
1491 1261
2987 1301
2697 1243
712 1204
1317 1002
2623 1332
1478 1471
1166 1014
2285 1324
2712 1420
1700 1176
1449 1042
2642 1039
2702 1077
2200 1417
1904 1043
735 1076
829 1382
2823 1314
666 1395
1467 1392
915 1070
2851 1480
1850 1233
1876 1039
2964 1147
1433 1127
2408 1175
2193 1001
1867 1323
2003 1442
2610 1296
1891 1252
1601 1353
608 1114
1254 1090
533 1441
1091 1475
2038 1025
2287 1277
1244 1426
2616 1281
1274 1007
2214 1050
2412 1026
2151 1303
1229 1173
1043 1097
2602 1072
1969 1401
1812 1422
1746 1258
621 1259
1884 1342
894 1391
2754 1250
1725 1106
1530 1271
2409 1345
1280 1193
660 1191
2134 1039
1413 1169
1042 1141
2846 1491
1442 1013
2256 1023
2064 1435
1206 1279
764 1470
918 1096
2461 1389