4750 5000
1945 1311
994 1232
1495 1333
893 1031
1516 1305
1335 1215
2112 1444
2870 1011
552 1278
2490 1481
2356 1192
1028 1399
2335 1330
2344 1280
1610 1253
1741 1015
2891 1054
850 1430
983 1017
1867 1140
2724 1464
603 1221
2688 1087
1785 1029
1746 1220
521 1395
811 1296
2332 1380
2035 1426
1646 1396
2367 1117
2989 1063
1280 1124
1351 1440
2154 1293
983 1271
692 1090
1894 1248
846 1150
2097 1073
1576 1352
2036 1268
503 1169
2518 1068
1213 1206
1284 1364
2821 1265
1510 1065
1582 1098
936 1441
1846 1033
2608 1351
683 1294
1904 1146
1082 1247
2129 1160
2834 1122
1277 1060
635 1342
1335 1154
2031 1123
633 1323
689 1066
1796 1224
2591 1125
720 1203
627 1241
1099 1195
2313 1204
2175 1211
1544 1007
2458 1346
1742 1116
1540 1320
2442 1488
2597 1188
1322 1201
2216 1077
2702 1213
2751 1037
725 1253
1878 1017
602 1328
1164 1334
649 1031
2485 1180
1628 1104
1031 1390
1122 1229
2488 1033
1340 1277
758 1392
1914 1090
1476 1127
2863 1423
1314 1054
1314 1175
1255 1181
2229 1366
2401 1330
945 1236
547 1092
1858 1406
2282 1274
1731 1386
1380 1033
2759 1319
2819 1389
513 1472
1192 1049
1097 1308
981 1276
885 1468
2848 1322
1621 1428
1933 1031
1022 1025
2528 1288
707 1435
1252 1165
1633 1423
956 1387
2544 1070
1434 1087
526 1375
2185 1178
1568 1364
811 1308
589 1313
1215 1205
802 1438
2796 1415
1804 1093
2500 1121
1621 1139
2769 1231
1079 1446
1609 1104
1331 1107
1192 1361
1687 1237
2197 1033
1734 1417
1020 1250
1324 1496
1750 1144
1949 1460
2828 1182
1008 1210
1121 1169
1111 1140
1404 1068
1055 1283
1159 1481
1692 1012
2854 1419
2444 1401
915 1318
547 1145
2870 1359
2075 1485
1400 1119
2426 1277
2214 1036
1458 1067
2593 1409
1001 1473
1513 1448
1190 1153
1244 1452
862 1106
2062 1307
597 1117
1690 1013
2687 1189
1330 1432
2345 1271
2641 1360
852 1431
824 1167
1123 1254
573 1344
518 1353
2540 1254
2889 1377
2246 1330
2198 1102
515 1122
694 1265
1573 1412
528 1215
880 1113
1115 1111
1036 1396
601 1288
1602 1097
2110 1444
570 1048
1500 1408
2424 1229
929 1451
1596 1195
2736 1132
1333 1170
2217 1269
2240 1041
1521 1433
2132 1220
575 1384
1522 1429
2285 1425
1904 1297
1855 1210
2377 1269
2810 1409
1111 1030
2266 1067
1375 1190
1948 1066
1908 1083
1695 1135
1878 1085
938 1397
1902 1095
2864 1196
578 1458
714 1445
2932 1230
2480 1278
896 1445
1802 1312
1644 1427
2048 1156
1047 1293
1528 1008
1560 1244
1553 1266
2036 1177
546 1353
1860 1116
1458 1066
929 1254
2777 1231
1768 1280
2113 1300
2510 1479
2701 1122
2684 1009
1818 1262
2711 1179
2632 1466
2184 1281
1605 1449
1909 1101
1605 1065
1248 1363
2280 1164
2234 1495
2615 1229
1477 1464
1718 1321
1934 1432
1683 1274
1767 1157
2673 1153
1486 1255
2933 1320
2120 1438
1677 1158
1149 1216
2430 1133
2918 1173
1267 1156
2367 1471
2082 1411
1424 1311
2976 1239
2579 1449
922 1205
1395 1056
1886 1025
564 1116
1709 1252
744 1064
1415 1291
1312 1271
2278 1298
855 1482
1732 1031
2239 1427
2279 1341
596 1011
1179 1442
1690 1334
1732 1495
1569 1326
883 1124
2769 1255
2274 1031
2535 1183
2922 1440
1743 1388
2679 1399
1829 1109
652 1026
851 1014
2892 1052
598 1342
662 1470
2551 1353
749 1223
2644 1480
2870 1463
1512 1131
931 1173
2707 1291
1753 1083
2951 1166
2836 1395
2674 1478
2182 1345
1830 1431
2929 1428
2517 1078
2957 1139
2780 1027
2307 1110
2970 1154
624 1106
730 1354
1308 1320
1049 1434
2101 1245
885 1279
1115 1362
1600 1493
2148 1021
1482 1264
1802 1279
2527 1367
2669 1039
2102 1212
2712 1469
1372 1055
1495 1001
2667 1067
910 1141
1638 1039
2170 1078
2476 1281
2513 1148
1214 1344
735 1221
964 1015
1488 1057
2317 1278
2685 1142
1524 1078
1804 1209
2075 1078
797 1444
2118 1411
1123 1394
2139 1098
2004 1374
2464 1177
1982 1396
1795 1101
2570 1171
1050 1401
1833 1369
735 1030
2810 1436
2880 1206
2772 1461
2013 1149
1854 1366
2931 1232
1695 1108
1674 1495
1226 1368
1870 1348
1978 1388
2374 1457
2185 1143
2164 1034
2892 1219
1105 1109
2443 1215
1595 1367
1022 1488
1576 1220
1510 1002
607 1081
747 1213
2860 1393
1957 1300
726 1213
2676 1285
723 1116
1173 1088
997 1234
643 1276
2317 1353
2304 1479
1242 1124
1465 1219
2129 1016
2696 1475
2408 1338
2385 1425
2213 1389
2075 1002
1973 1332
518 1285
1853 1175
1527 1130
2916 1248
2262 1469
541 1432
1724 1377
936 1312
1894 1358
1563 1006
1621 1353
1761 1073
630 1210
2798 1111
1123 1103
639 1106
2637 1122
1337 1037
1880 1013
1981 1367
1237 1451
1554 1479
2965 1026
975 1202
1065 1447
2505 1427
1455 1339
611 1150
2749 1251
2743 1108
792 1190
1914 1352
1069 1227
2293 1106
2382 1230
2179 1438
2700 1352
1564 1368
582 1267
1258 1005
1948 1136
2996 1146
1912 1257
1658 1073
1850 1271
1655 1216
2835 1454
1800 1258
2733 1255
2416 1362
2291 1052
1591 1274
2594 1402
1529 1314
794 1372
1623 1168
971 1182
2241 1408
637 1415
2428 1330
1495 1395
1951 1141
2733 1204
2149 1435
788 1431
2854 1217
2956 1392
1499 1260
657 1240
2058 1062
1720 1200
1237 1107
996 1019
2538 1287
888 1057
2182 1069
689 1109
1574 1259
811 1221
1362 1166
816 1383
1982 1223
2519 1317
2149 1133
534 1222
1411 1453
2327 1302
750 1092
1228 1041
1626 1291
1363 1033
765 1164
1417 1181
595 1013
1081 1321
2176 1089
1626 1201
2397 1446
2696 1195
1261 1097
696 1467
2875 1244
1728 1064
519 1390
1006 1152
2253 1333
1528 1177
2430 1247
1577 1386
737 1184
1408 1232
1460 1384
1373 1357
2797 1084
1909 1433
801 1257
638 1165
2861 1093
2510 1075
2730 1107
713 1113
2950 1114
715 1479
1251 1486
588 1064
672 1107
1341 1017
877 1053
951 1381
2522 1310
819 1232
1652 1182
2261 1202
1883 1199
1427 1435
1890 1090
571 1138
1950 1498
1589 1302
2191 1287
2277 1306
1439 1419
1789 1397
1195 1383
541 1014
2438 1151
672 1355
1225 1265
1202 1224
861 1220
2910 1089
1789 1134
1627 1209
2949 1050
1464 1417
1915 1209
2843 1206
991 1167
514 1396
886 1211
2912 1348
2069 1364
2287 1481
1265 1324
2595 1481
1081 1209
2432 1497
1304 1159
1119 1432
2723 1158
2423 1349
1830 1211
2366 1379
2141 1499
2471 1017
2413 1153
2922 1204
1528 1178
2800 1199
2110 1260
1300 1412
1480 1357
1705 1437
1935 1351
1516 1206
1425 1407
2306 1488
1755 1193
1288 1136
2307 1499
2885 1055
1279 1144
760 1102
2591 1159
731 1024
1168 1190
737 1200
1789 1340
1302 1108
2977 1469
2015 1076
2072 1081
1282 1352
2637 1233
1064 1242
1860 1117
2911 1379
1850 1176
2329 1162
2526 1375
925 1305
2670 1467
1973 1178
1494 1234
1428 1207
2545 1067
1638 1425
2627 1387
1627 1132
684 1434
999 1259
921 1135
782 1362
2807 1264
1833 1123
2205 1383
1710 1444
1537 1125
764 1362
2882 1193
1593 1255
1902 1112
1840 1468
647 1455
669 1095
750 1060
2765 1075
2747 1060
1260 1271
1600 1198
515 1174
2603 1488
874 1433
2883 1254
1301 1396
1427 1162
1320 1001
2235 1348
2050 1233
908 1225
878 1011
2968 1291
1473 1381
1526 1205
929 1478
2803 1194
2113 1238
712 1223
875 1474
2328 1253
783 1126
2567 1124
2227 1392
1493 1256
1050 1169
1383 1368
1019 1088
1614 1371
1781 1065
2869 1325
2588 1264
1069 1497
1129 1344
1294 1029
2486 1437
2629 1021
1465 1227
708 1097
2451 1339
1376 1214
2702 1012
1461 1242
2222 1133
1671 1052
943 1283
2565 1130
1052 1096
2194 1411
790 1446
1909 1273
1581 1302
2990 1401
891 1202
1673 1172
1283 1323
2065 1057
1398 1247
1494 1330
836 1341
972 1050
2279 1049
2033 1332
2060 1099
2585 1398
2166 1341
1776 1108
2907 1291
1473 1252
2747 1043
1883 1295
2891 1273
825 1039
750 1309
1217 1274
2493 1213
2894 1088
1657 1375
1472 1424
1874 1446
2671 1002
2123 1376
2786 1327
1978 1386
1190 1440
2065 1090
578 1031
2740 1349
2038 1043
1142 1108
1753 1032
1345 1015
1445 1339
2244 1466
2481 1188
793 1009
777 1164
2251 1080
1039 1224
1543 1473
2867 1129
741 1410
1301 1177
2289 1084
580 1337
1675 1026
1502 1175
2547 1461
1471 1111
1404 1393
2072 1427
1905 1216
514 1133
2716 1301
1215 1344
671 1484
2540 1371
846 1110
2832 1358
884 1026
846 1351
1111 1497
2283 1473
908 1172
1669 1297
2613 1147
2283 1328
2169 1389
1572 1377
1109 1455
2804 1410
2257 1093
1886 1468
1356 1398
1001 1082
1806 1425
970 1211
2320 1253
1445 1042
1090 1385
1866 1427
2739 1408
1658 1168
622 1247
1938 1091
1685 1120
2840 1372
1218 1435
2195 1382
1274 1232
880 1208
2896 1153
629 1263
1134 1311
1460 1335
2059 1128
1096 1060
1182 1411
591 1030
765 1105
2227 1346
1668 1190
2428 1361
2098 1035
1923 1432
1049 1007
1251 1282
2624 1263
2372 1004
577 1104
1398 1450
534 1313
1346 1170
1797 1345
1917 1459
938 1092
1479 1013
2601 1410
1049 1328
2233 1418
526 1305
646 1393
2885 1280
1018 1380
2582 1490
723 1059
2880 1338
2382 1308
697 1295
1555 1349
1719 1312
597 1150
1734 1172
1375 1164
788 1109
853 1471
1002 1491
1629 1161
2898 1489
2156 1275
2562 1250
779 1116
1545 1015
880 1005
2752 1177
2812 1298
900 1354
1096 1431
925 1202
1558 1150
2379 1231
519 1238
2517 1396
2583 1405
2003 1148
2861 1273
1301 1012
2994 1008
817 1361
1644 1354
1978 1491
1801 1167
740 1352
1763 1269
1145 1414
2663 1396
1089 1424
2780 1154
549 1204
2426 1398
1056 1015
1373 1104
819 1016
1706 1185
1713 1014
1359 1384
1939 1156
1552 1320
2627 1470
2592 1213
1829 1198
663 1215
1264 1313
2257 1219
1904 1042
1959 1015
1051 1069
870 1056
2826 1034
594 1274
1036 1345
2063 1408
2897 1344
2357 1488
2942 1393
1830 1030
2682 1195
1362 1242
2596 1184
2242 1250
2986 1249
1691 1308
1795 1337
1927 1042
1420 1309
720 1211
2555 1432
2714 1014
1752 1374
1141 1462
2502 1167
2008 1361
786 1031
2433 1204
586 1276
744 1163
553 1230
887 1200
1127 1321
895 1232
2516 1297
2609 1416
1290 1398
2463 1229
2989 1400
557 1079
711 1439
1539 1296
686 1424
1986 1400
1184 1261
758 1154
1585 1437
2056 1359
1724 1300
1593 1253
1310 1136
1311 1154
997 1239
1686 1365
1665 1464
1190 1022
2805 1357
1314 1055
1553 1307
915 1194
1645 1051
2349 1448
1637 1351
2799 1273
2290 1331
2631 1092
1794 1338
2056 1359
717 1473
1659 1046
1871 1106
2349 1023
2811 1396
2075 1059
2062 1112
2439 1196
2212 1080
2539 1024
786 1282
1079 1044
2621 1018
2386 1455
2488 1130
2809 1210
1148 1473
630 1348
1756 1428
717 1330
1629 1319
1959 1304
722 1085
2992 1085
2031 1409
1258 1439
2044 1172
2579 1273
1327 1156
1236 1261
548 1405
2285 1366
1063 1328
2845 1482
2385 1124
1757 1452
979 1125
1358 1491
517 1049
1119 1422
2598 1060
2448 1262
2295 1458
1587 1090
2642 1016
2483 1293
835 1499
2448 1306
2010 1330
767 1238
1324 1098
2443 1046
741 1357
2820 1220
1743 1410
2250 1193
544 1023
1622 1223
2615 1193
1248 1126
1768 1368
2879 1356
2505 1150
1747 1028
2029 1326
2162 1307
2500 1206
900 1255
1128 1310
1246 1111
2184 1477
2523 1026
895 1193
2326 1407
620 1159
1305 1355
1883 1321
2609 1359
526 1387
2968 1404
1092 1258
641 1460
505 1214
1221 1360
1305 1189
1099 1262
711 1352
940 1436
1233 1087
1722 1096
2243 1318
2774 1216
2759 1043
838 1489
500 1012
860 1081
2268 1422
2781 1359
1418 1086
545 1123
2072 1205
2991 1269
1077 1253
1642 1130
1007 1134
2926 1220
1761 1207
651 1487
819 1362
2624 1351
522 1157
524 1252
637 1412
1706 1226
936 1476
1500 1044
1757 1281
1086 1343
2065 1172
1937 1474
1483 1362
2409 1039
2583 1096
2356 1099
1980 1328
897 1160
1390 1292
783 1101
1200 1495
2883 1439
2902 1383
1332 1084
2925 1110
2284 1473
2124 1041
2596 1105
2019 1123
538 1450
2084 1306
1727 1013
868 1480
1820 1480
2880 1132
505 1152
1247 1446
1843 1112
2979 1183
509 1221
1571 1152
2043 1231
872 1245
2488 1029
1733 1205
2749 1249
1134 1053
592 1021
1294 1288
1178 1281
1684 1168
906 1028
1110 1261
2808 1362
1410 1425
988 1454
1528 1342
1377 1320
1261 1412
1849 1272
2986 1061
2862 1141
2484 1103
543 1424
2305 1332
2106 1028
1541 1395
2896 1363
838 1346
1786 1400
2917 1316
1991 1309
1679 1117
1126 1105
1602 1189
2961 1037
2923 1008
2026 1131
1239 1290
1192 1398
2957 1339
2244 1385
2116 1013
682 1461
2995 1209
2572 1025
2038 1145
1094 1222
643 1497
834 1266
559 1052
2541 1201
2851 1394
2803 1129
1414 1268
2047 1260
2144 1375
2838 1406
1932 1169
2321 1455
1543 1183
1847 1387
1324 1021
1941 1237
732 1088
2983 1174
2948 1235
624 1041
2935 1170
2232 1024
2836 1498
2509 1212
918 1106
2568 1270
2524 1013
716 1182
1108 1320
2221 1431
1959 1425
1973 1092
1191 1168
2212 1164
1370 1314
2362 1101
1081 1003
2613 1085
2353 1434
2089 1281
698 1233
2255 1317
1618 1205
652 1138
2808 1151
2741 1122
2112 1376
1650 1008
507 1360
2108 1224
513 1124
2422 1495
1835 1472
1552 1200
2142 1018
2956 1171
1310 1475
2072 1113
771 1191
2720 1465
1649 1493
2202 1193
2791 1041
1835 1352
2422 1265
1497 1038
1105 1441
566 1427
1931 1348
1858 1459
919 1043
826 1433
2371 1292
543 1070
2113 1494
2528 1285
1666 1091
1968 1465
832 1233
2603 1333
2824 1186
619 1387
2603 1282
1191 1182
690 1419
2645 1151
1353 1466
591 1361
555 1035
870 1336
2301 1423
1292 1186
1811 1411
2675 1209
2751 1129
1055 1270
2694 1307
2144 1320
987 1479
698 1344
2081 1194
1057 1405
628 1002
1186 1054
2189 1310
891 1147
904 1183
743 1377
1691 1205
1721 1236
2220 1482
517 1124
2640 1195
956 1315
913 1238
1503 1127
542 1084
898 1040
2710 1472
1586 1142
2222 1463
1953 1464
2892 1071
796 1364
1793 1164
1434 1028
2629 1312
1756 1352
2698 1219
2542 1475
2973 1053
1282 1407
916 1298
618 1037
2130 1381
1577 1189
1677 1251
2520 1026
2557 1188
2864 1331
2297 1144
990 1260
1311 1043
716 1053
1421 1402
631 1408
2097 1486
2986 1384
1890 1038
1913 1119
1605 1411
2638 1419
2995 1348
505 1074
711 1037
1937 1189
1914 1135
2785 1186
1591 1228
1894 1495
1540 1068
1857 1441
1439 1492
1066 1164
2287 1284
2685 1339
2227 1331
2709 1471
1106 1231
1338 1267
1272 1435
516 1169
1222 1459
1620 1337
2560 1274
1566 1144
1425 1045
1632 1106
2257 1257
1887 1291
1885 1119
1434 1335
1337 1480
644 1030
1959 1101
640 1433
1731 1453
542 1300
1893 1176
2629 1288
1550 1271
2381 1463
1812 1158
1400 1327
1727 1037
1086 1475
881 1417
773 1457
1687 1045
811 1223
1818 1360
1270 1285
2468 1389
1227 1404
2265 1352
2856 1069
2297 1198
2217 1018
976 1187
2618 1180
1010 1029
1892 1376
728 1005
2328 1091
2894 1101
1649 1304
1898 1193
628 1354
1087 1149
1187 1346
1921 1335
2898 1262
2863 1275
709 1130
2790 1324
1469 1105
2395 1238
1301 1244
994 1074
2408 1217
1790 1063
928 1268
2126 1406
1892 1138
914 1361
2694 1019
1439 1348
967 1299
2385 1430
1867 1350
2442 1235
1225 1200
783 1394
2202 1105
1348 1208
1045 1133
737 1081
654 1255
2968 1034
1052 1203
2986 1089
2205 1094
1645 1110
2907 1371
2981 1339
2669 1061
1154 1164
2087 1217
2370 1013
1671 1117
2436 1394
2972 1240
2960 1004
1130 1148
1686 1075
2758 1355
768 1346
1232 1378
1886 1383
1115 1142
1990 1424
1363 1314
1811 1182
607 1130
1427 1202
2907 1006
1366 1416
911 1442
2061 1159
767 1406
2935 1185
2799 1240
967 1269
562 1321
1123 1215
840 1423
1515 1121
2334 1389
1475 1027
2741 1418
1558 1042
1717 1277
625 1051
1948 1495
2543 1373
1954 1258
1592 1366
892 1047
1837 1239
2598 1077
1636 1003
2829 1292
1906 1105
813 1256
1059 1159
2664 1319
2423 1096
2054 1317
2570 1126
1005 1386
648 1474
2390 1243
703 1460
832 1119
1755 1207
1172 1012
634 1223
2991 1381
1979 1166
727 1360
1346 1133
1724 1044
670 1019
2538 1445
2570 1257
1316 1191
751 1107
2891 1096
2256 1226
1206 1357
1055 1290
2021 1389
2186 1144
658 1393
2632 1230
1780 1385
604 1105
2163 1030
1299 1195
1711 1422
1180 1425
990 1168
1101 1040
1699 1289
2122 1308
2408 1234
1383 1395
2280 1088
1716 1076
1556 1405
2287 1021
1731 1417
1425 1074
2131 1294
592 1406
963 1077
2644 1227
2716 1224
2845 1368
1895 1051
2828 1361
865 1088
1148 1465
982 1356
770 1051
918 1419
1723 1101
2594 1002
2292 1392
2717 1446
791 1394
905 1474
1185 1383
1426 1375
1722 1489
2278 1248
2736 1380
1955 1353
1166 1102
781 1071
1481 1250
2072 1275
2849 1200
1931 1298
1715 1291
2556 1252
518 1394
879 1418
2960 1013
2768 1463
1044 1432
2413 1178
1344 1181
782 1219
1189 1136
1788 1200
2963 1350
745 1009
1466 1142
685 1282
1182 1243
2706 1100
748 1049
987 1423
2487 1157
692 1295
2804 1369
958 1184
852 1413
636 1333
1430 1382
2275 1454
2278 1286
1866 1135
1085 1319
715 1403
1282 1212
1205 1126
2795 1374
719 1180
680 1426
2486 1366
1036 1019
2447 1276
2627 1199
1792 1300
1518 1363
2275 1113
1504 1089
964 1287
685 1314
2616 1054
1474 1208
579 1048
589 1033
586 1287
2599 1448
626 1478
1462 1025
637 1177
876 1157
2148 1211
1880 1084
920 1422
1072 1180
2243 1240
975 1362
1348 1214
1814 1093
2390 1347
1399 1356
951 1338
892 1114
983 1279
1794 1284
1703 1370
797 1069
1719 1337
2403 1035
1247 1068
933 1430
558 1206
2105 1420
2304 1486
2993 1175
1508 1009
983 1118
951 1301
1440 1005
1494 1246
1922 1281
2194 1496
2838 1124
2831 1106
2738 1163
2768 1330
1407 1406
1468 1197
2635 1440
2959 1420
2056 1046
2354 1477
1737 1473
1531 1187
1075 1185
2353 1048
1756 1386
2747 1472
1748 1121
1440 1094
1510 1144
1553 1374
2982 1090
2404 1137
540 1383
868 1188
2448 1473
2527 1209
1799 1275
1777 1357
2208 1295
619 1475
2277 1460
1199 1233
1535 1292
1851 1102
1440 1489
1701 1336
2098 1005
1193 1056
2806 1162
2776 1028
1839 1174
813 1496
1273 1173
2787 1041
1926 1488
2518 1381
1658 1493
1993 1070
1138 1110
2045 1300
1160 1180
1945 1115
1914 1373
928 1259
1404 1227
890 1398
1643 1337
1723 1370
2384 1028
1239 1487
991 1127
1279 1184
1341 1453
1843 1092
2324 1447
1536 1293
1102 1258
859 1156
712 1028
1081 1111
871 1045
1993 1123
1192 1085
2911 1026
862 1305
722 1466
610 1334
1427 1042
2346 1305
1862 1091
2036 1035
2067 1348
529 1269
1706 1014
871 1023
1272 1278
2499 1274
1099 1365
1458 1146
2574 1467
2710 1239
1243 1428
1052 1006
2229 1033
2928 1204
2889 1458
2311 1429
1816 1116
1261 1399
2362 1259
875 1396
2859 1288
1311 1479
2971 1272
1361 1492
1097 1015
1966 1087
2630 1316
586 1480
1061 1195
2470 1242
1105 1012
1434 1198
2531 1289
1349 1486
1068 1438
1994 1043
752 1107
2019 1213
2821 1410
2958 1134
2367 1325
1183 1186
707 1372
642 1467
1759 1432
590 1350
2009 1478
1188 1387
2050 1243
1701 1119
1600 1230
2011 1268
1334 1251
881 1324
1288 1146
2780 1165
1511 1454
1196 1393
2426 1043
2150 1068
2512 1385
2375 1371
1733 1222
872 1161
534 1387
1147 1107
1400 1320
755 1002
842 1356
1494 1419
626 1215
1919 1073
2964 1096
622 1405
2934 1206
1169 1161
1195 1222
909 1050
1055 1339
1970 1371
2049 1161
1779 1013
1550 1185
827 1083
2343 1249
1871 1463
1215 1114
2255 1345
1855 1211
693 1161
2655 1424
1291 1134
1512 1062
2947 1132
2999 1495
1352 1236
2152 1326
2101 1342
1051 1466
1011 1250
1900 1388
1041 1345
1852 1371
527 1203
1686 1142
1950 1318
1643 1025
1605 1271
1880 1115
1701 1113
1614 1292
1598 1460
1667 1491
2500 1092
1855 1369
941 1435
1901 1202
2931 1335
848 1387
2272 1092
2675 1457
1907 1309
1045 1027
703 1457
2052 1392
2944 1055
1469 1332
1825 1427
2944 1162
1709 1459
1216 1194
2896 1049
1127 1116
1999 1038
1225 1342
1777 1012
2072 1177
2622 1443
2671 1013
1840 1213
977 1403
2949 1495
663 1324
1950 1161
2304 1049
2688 1072
1719 1288
2153 1442
1741 1153
2860 1277
854 1226
583 1201
2184 1144
1049 1063
2202 1311
926 1034
724 1284
1316 1132
1024 1355
1926 1438
2833 1096
1919 1379
2245 1401
1703 1019
2182 1170
1324 1115
1077 1150
1260 1021
2279 1045
2409 1239
1353 1201
1413 1427
716 1135
2352 1199
1397 1172
959 1352
2030 1369
2377 1422
2613 1292
2283 1131
1285 1193
2683 1147
1046 1010
1950 1483
1870 1122
2721 1398
2834 1327
1015 1182
1192 1250
2198 1115
1609 1169
899 1197
673 1067
1103 1405
856 1397
1274 1029
1311 1321
918 1179
954 1275
2446 1150
1443 1085
2894 1284
872 1471
1490 1118
2382 1262
1952 1088
560 1168
1954 1325
2022 1016
1567 1256
2461 1017
717 1155
1275 1074
2143 1417
805 1496
1321 1032
2337 1314
1801 1082
2115 1217
2048 1019
727 1190
840 1191
2173 1495
700 1005
2094 1084
655 1218
2805 1125
2024 1301
1098 1053
2254 1163
1882 1264
1672 1066
1061 1228
1188 1048
516 1436
865 1390
894 1171
1519 1063
1474 1082
2629 1455
1287 1268
2761 1025
2101 1253
1691 1165
926 1093
1431 1440
2624 1030
1886 1176
632 1280
625 1328
717 1350
1995 1156
1987 1465
1196 1099
1221 1190
1795 1270
2620 1350
1614 1171
646 1348
1137 1492
1958 1431
1062 1424
2297 1096
2036 1486
1220 1246
1853 1383
2348 1362
716 1376
2560 1494
2710 1284
881 1431
2796 1168
1689 1451
596 1134
2251 1089
1096 1087
2083 1429
676 1165
993 1469
1961 1405
2654 1238
1163 1197
1966 1128
1322 1206
1222 1245
2898 1224
942 1484
2738 1076
791 1045
696 1080
2629 1466
2413 1498
2301 1256
2948 1118
2475 1079
2653 1333
2009 1320
590 1173
2606 1255
1663 1454
1645 1120
530 1175
1647 1025
2724 1499
2462 1412
913 1416
1123 1136
2290 1395
757 1327
1264 1303
2012 1078
2269 1317
1247 1001
2473 1347
1356 1193
711 1340
1948 1487
902 1024
2004 1317
2026 1384
852 1049
512 1408
1656 1216
1699 1213
1518 1327
1026 1023
1575 1254
1729 1337
1851 1269
1017 1345
1698 1485
1026 1494
1513 1068
1457 1106
1944 1211
2473 1282
2573 1288
1434 1033
902 1282
1075 1188
565 1188
2097 1369
1027 1167
533 1497
2416 1304
2690 1492
2486 1031
875 1221
1991 1026
1969 1387
1575 1371
1749 1402
2245 1188
1118 1230
2402 1378
931 1137
1834 1014
2983 1468
808 1364
2551 1239
2882 1232
2810 1115
1101 1196
2669 1422
1200 1282
2508 1100
546 1231
1595 1003
2458 1119
876 1379
1497 1206
2089 1390
2488 1371
1185 1067
1703 1459
2736 1325
980 1012
2200 1134
1482 1259
2818 1436
2644 1301
2153 1344
1278 1466
651 1238
1147 1464
519 1120
1566 1238
2106 1150
1854 1403
522 1292
807 1418
1731 1080
1894 1184
1225 1034
534 1173
1794 1001
1352 1127
2672 1026
990 1355
1522 1343
2571 1033
2921 1437
1828 1172
2760 1463
2414 1168
1934 1446
531 1004
2877 1429
1027 1132
1074 1407
1561 1269
1394 1429
1772 1134
2048 1319
2792 1309
2992 1177
1684 1322
645 1190
1750 1147
1799 1402
1251 1045
2653 1053
1298 1239
2678 1231
664 1260
2839 1444
2130 1001
692 1017
2238 1271
2671 1457
1818 1231
2804 1083
1865 1057
1716 1249
740 1478
2061 1140
2400 1172
2570 1303
1434 1458
1710 1100
2542 1111
2229 1217
1211 1176
1206 1308
2383 1212
1896 1275
2291 1305
1243 1062
2903 1128
2143 1276
2794 1252
2078 1450
2540 1212
1918 1314
1137 1335
1853 1190
1420 1378
2365 1089
594 1263
1607 1462
585 1331
900 1292
1736 1099
2198 1426
1257 1185
1407 1161
2988 1156
1659 1076
1583 1173
853 1331
632 1341
1444 1194
2055 1147
1531 1084
1647 1039
727 1042
2873 1400
1395 1292
1216 1467
1399 1444
2132 1361
1099 1490
951 1282
2365 1262
2089 1067
884 1212
1507 1131
746 1489
2449 1238
1113 1005
563 1428
739 1301
597 1328
2560 1245
880 1031
1308 1322
1163 1499
1207 1044
1286 1016
1165 1209
1856 1428
1299 1404
2334 1184
707 1401
650 1465
1774 1418
2825 1232
1733 1153
564 1398
1140 1116
2725 1006
507 1115
2361 1264
1636 1157
549 1450
2123 1381
599 1331
528 1074
1565 1149
836 1195
711 1170
1344 1200
2774 1423
2098 1487
2841 1222
1370 1311
2776 1363
948 1181
1211 1205
924 1064
2478 1173
2923 1465
2736 1287
2539 1215
536 1220
2735 1067
1435 1420
1619 1197
2432 1045
1057 1203
586 1215
887 1182
2732 1337
1971 1252
2508 1381
808 1235
2530 1277
1859 1146
1946 1410
546 1493
1630 1006
1665 1191
645 1488
2843 1460
2159 1478
1574 1340
2474 1158
1923 1386
2396 1318
2067 1287
2280 1418
2313 1419
690 1473
1724 1490
2352 1490
1102 1102
2255 1067
1678 1067
1084 1478
2260 1246
2346 1272
1466 1485
1542 1202
2747 1118
2831 1063
2955 1360
2427 1025
2930 1447
2176 1127
1518 1366
2815 1349
2847 1243
1414 1066
2379 1359
1341 1293
1592 1273
582 1028
2615 1187
1516 1472
1300 1167
2920 1198
985 1306
1260 1327
1678 1445
1789 1264
2649 1226
2960 1402
1060 1402
736 1362
2526 1081
1885 1022
2960 1232
2611 1166
2411 1360
2336 1259
798 1280
1004 1403
2182 1267
1478 1016
1516 1297
1991 1050
2652 1279
1724 1380
2771 1217
1937 1155
2988 1250
2527 1016
2172 1209
2887 1070
735 1057
2080 1324
876 1269
1127 1495
2802 1419
2653 1001
1857 1304
1569 1112
2796 1183
2279 1060
2146 1299
2718 1152
843 1478
1294 1018
838 1092
1685 1208
2440 1274
1879 1273
2384 1027
2860 1317
1727 1380
767 1175
507 1248
1106 1192
526 1483
2410 1012
2860 1125
2412 1183
1620 1461
1677 1426
2641 1388
1476 1094
2058 1017
1370 1100
1010 1202
2073 1010
1225 1351
2729 1197
661 1046
1930 1457
1631 1358
988 1347
2334 1340
1214 1323
2332 1370
888 1282
2452 1069
2934 1342
2915 1376
1837 1322
2578 1276
1640 1279
854 1292
2453 1378
1555 1428
2957 1212
2572 1091
1845 1333
2830 1161
1327 1040
855 1475
1555 1421
2493 1426
1201 1301
1684 1104
627 1112
963 1131
2487 1137
1903 1271
1608 1097
2351 1357
1641 1408
2237 1368
1052 1222
919 1425
985 1346
1915 1303
709 1408
622 1423
744 1040
988 1050
1356 1183
2828 1329
2692 1417
1067 1173
1395 1221
2456 1006
1289 1198
2060 1391
2529 1175
780 1138
2907 1335
940 1235
2745 1240
633 1338
2226 1389
627 1063
613 1014
2783 1119
2189 1397
729 1167
1259 1071
1989 1028
2043 1201
1032 1079
1269 1033
2236 1476
1891 1385
1064 1193
1567 1475
1206 1241
1540 1099
1999 1406
1386 1035
2942 1101
1019 1336
2590 1383
1474 1413
2234 1123
2744 1494
2402 1352
2564 1045
1374 1449
2431 1155
718 1003
1432 1430
512 1360
1539 1028
1810 1171
2805 1098
2426 1049
1479 1453
643 1089
2048 1114
1084 1002
2380 1055
1483 1147
2876 1249
694 1023
1217 1141
2382 1353
2389 1431
1032 1156
1999 1161
1649 1342
1510 1474
2503 1413
2204 1087
1356 1095
885 1218
2190 1265
2232 1205
2923 1225
1237 1422
1235 1402
805 1241
2282 1183
736 1484
2454 1279
1474 1001
754 1477
2804 1076
1249 1465
1489 1453
1623 1183
631 1338
1310 1124
1188 1345
973 1045
1386 1128
2119 1424
2779 1054
2980 1104
835 1236
956 1291
2731 1091
2386 1333
527 1460
1560 1420
2545 1101
2350 1049
1814 1299
793 1054
2560 1423
1125 1201
1557 1132
1432 1458
2135 1283
958 1209
1090 1258
1025 1047
936 1215
623 1002
1063 1498
2125 1343
535 1151
2018 1167
2673 1266
843 1353
1235 1210
2877 1447
1000 1225
1690 1070
1502 1090
2580 1090
502 1329
2697 1142
1183 1101
1209 1365
725 1455
2654 1285
2169 1263
1675 1358
1604 1223
624 1246
1486 1113
749 1286
1900 1072
2454 1162
784 1251
1171 1063
2132 1126
2877 1073
1200 1446
2751 1447
601 1291
1892 1013
876 1363
1815 1415
2521 1033
2387 1287
592 1405
2327 1268
1891 1429
1689 1091
777 1027
1174 1378
2439 1046
2077 1050
1603 1200
1420 1201
945 1035
1063 1387
2333 1112
1331 1080
1984 1197
2650 1351
746 1290
1468 1232
2931 1040
2115 1425
1617 1196
2215 1438
2126 1388
1301 1466
2254 1375
2728 1170
2487 1000
1072 1374
1519 1206
1058 1365
2763 1277
2174 1029
2128 1023
1136 1026
1918 1270
1291 1226
1777 1185
2921 1217
878 1234
1010 1393
1521 1377
1041 1004
2900 1071
2550 1249
1929 1006
856 1372
1322 1318
894 1150
2562 1204
2638 1459
1354 1126
1939 1449
2080 1471
667 1374
1209 1180
1754 1493
1789 1396
2397 1393
1497 1077
2635 1235
594 1371
2612 1322
2189 1423
2567 1444
1823 1052
1423 1113
502 1017
1937 1106
2444 1444
2464 1027
1108 1474
962 1186
1924 1211
1183 1380
878 1179
2709 1446
2263 1494
849 1153
2988 1089
1141 1437
1839 1185
1959 1118
2355 1125
1081 1449
2510 1432
806 1087
2455 1362
1747 1470
895 1428
1282 1165
2885 1104
2879 1252
2489 1305
1357 1196
2361 1453
1427 1389
2018 1377
791 1137
2229 1311
945 1487
1856 1458
2317 1142
1313 1338
560 1050
1195 1394
1440 1099
1992 1334
1562 1157
2647 1254
1984 1417
2911 1381
1573 1010
2527 1287
622 1102
2489 1382
1177 1492
1998 1242
2465 1105
2680 1207
2352 1104
2521 1480
908 1073
2641 1057
2689 1063
2238 1338
1849 1096
1417 1194
1771 1269
2025 1074
1257 1232
1354 1267
1673 1341
2028 1108
1535 1071
529 1430
2249 1389
785 1156
1364 1486
2870 1231
1110 1373
2571 1370
2187 1065
2204 1115
2759 1390
790 1402
2116 1282
876 1088
2501 1271
875 1458
1155 1049
2978 1488
1431 1179
2622 1233
1628 1336
1863 1256
1503 1066
1774 1148
2857 1239
2587 1399
2513 1094
2122 1300
1043 1118
1151 1276
2915 1398
977 1456
1649 1096
2128 1340
2265 1091
694 1253
1261 1331
2733 1208
2442 1001
1623 1256
2501 1131
502 1199
656 1051
2255 1023
2237 1431
683 1245
2820 1452
2969 1069
603 1345
1731 1432
2145 1336
2530 1236
920 1215
1580 1100
2541 1394
1805 1278
861 1316
873 1110
2112 1022
1727 1092
2796 1342
594 1164
1123 1309
1001 1087
2364 1025
1852 1351
2097 1478
2462 1387
1997 1014
1294 1078
1193 1427
1199 1302
1877 1365
1376 1033
1919 1486
1600 1498
2969 1492
673 1233
1081 1438
2322 1055
2820 1464
705 1172
2671 1082
1213 1072
2479 1488
1094 1271
944 1365
1148 1397
590 1237
2633 1026
1254 1142
2885 1415
1517 1439
848 1291
769 1003
1367 1074
2956 1428
1539 1392
1066 1037
1809 1329
2265 1103
2550 1390
2072 1194
1766 1023
2742 1391
1418 1316
1472 1101
1720 1111
866 1376
2849 1086
979 1241
2576 1389
2589 1272
2937 1249
1398 1046
1045 1239
825 1345
2800 1070
756 1462
2706 1345
714 1109
551 1011
2778 1282
1125 1064
1092 1102
2204 1338
2854 1048
958 1194
805 1361
1373 1370
1318 1052
1321 1232
2981 1428
1166 1083
1640 1016
2434 1232
568 1468
2829 1391
2915 1311
2446 1249
576 1301
2873 1137
2164 1470
1390 1430
1142 1040
2569 1052
1766 1391
2847 1088
2918 1245
1797 1239
2079 1071
1470 1159
1420 1046
998 1496
2530 1154
2426 1387
2767 1118
1989 1182
2948 1209
2019 1252
847 1145
1684 1032
646 1141
1820 1386
2706 1121
2647 1231
1595 1215
1666 1309
2022 1168
1092 1324
686 1076
735 1213
2945 1181
2623 1371
2488 1166
1480 1053
1830 1473
1493 1016
2204 1104
2393 1290
640 1255
2074 1489
1973 1355
1204 1101
1354 1372
2194 1425
2195 1138
2809 1309
1785 1425
859 1400
2225 1130
2439 1393
1997 1125
1809 1005
1046 1122
1106 1231
1113 1209
1209 1264
2314 1491
1437 1183
2003 1421
546 1269
2835 1472
1132 1411
1656 1482
2053 1179
1000 1125
1794 1349
671 1243
1642 1224
1669 1222
604 1435
1739 1078
806 1439
2747 1023
2601 1071
511 1065
598 1220
1420 1195
1539 1225
737 1123
2236 1212
2275 1312
1298 1033
2932 1321
1874 1197
583 1031
930 1304
2157 1336
1143 1132
2924 1093
2894 1059
1825 1053
2509 1160
1364 1475
2265 1108
1339 1052
2957 1496
2668 1103
1932 1271
2165 1094
1078 1308
2573 1137
675 1401
2945 1366
1357 1178
2039 1179
2882 1260
536 1380
1900 1262
806 1173
2097 1137
2910 1187
2559 1379
990 1435
644 1401
2248 1434
2354 1369
2235 1430
893 1382
1990 1034
1692 1123
1464 1466
1482 1080
1912 1152
857 1495
2292 1140
1012 1379
2762 1411
884 1134
642 1432
2482 1414
2732 1246
2827 1442
2890 1218
1893 1491
1179 1449
1698 1295
2405 1066
1689 1207
625 1455
1786 1223
2881 1180
1859 1140
2563 1280
641 1352
2937 1073
2498 1035
2315 1139
881 1178
2091 1424
813 1269
2880 1245
636 1046
1429 1465
810 1425
1337 1253
2543 1250
1452 1173
1857 1169
684 1489
2470 1155
1564 1209
2970 1144
566 1124
887 1499
1835 1058
2928 1430
687 1229
1021 1340
887 1357
2532 1473
907 1110
1137 1294
1916 1111
927 1221
2163 1334
2101 1459
1189 1441
771 1315
1852 1263
767 1255
1291 1257
2830 1089
1090 1075
2029 1012
1207 1311
2130 1202
653 1340
1240 1100
2876 1291
1881 1448
2634 1056
1982 1349
532 1303
2378 1035
699 1111
2527 1031
637 1467
1596 1445
1471 1469
1630 1313
2296 1398
2213 1209
2058 1369
2858 1074
2297 1417
1622 1403
1329 1150
1793 1138
2064 1298
720 1370
1421 1142
1235 1204
2368 1375
1524 1472
2137 1149
2780 1203
780 1485
580 1185
2658 1173
985 1124
1647 1244
1300 1251
1273 1344
2966 1209
533 1425
1614 1418
1903 1085
2888 1404
1879 1328
1878 1130
1505 1110
1739 1096
2944 1152
759 1186
901 1312
2713 1202
2047 1121
780 1412
1241 1459
1893 1443
2228 1465
520 1196
1129 1380
1834 1162
2586 1122
2181 1333
2425 1135
2163 1120
1484 1436
2174 1422
1559 1034
2739 1348
1460 1275
1346 1032
1823 1080
990 1132
1212 1261
1310 1424
1640 1288
2831 1327
1642 1183
2503 1481
2167 1212
1390 1174
1807 1104
1557 1432
1948 1310
2361 1326
2088 1413
2686 1294
1398 1098
1790 1384
1850 1433
2753 1378
2659 1364
584 1169
2937 1154
2271 1163
684 1463
1485 1434
1155 1140
2236 1390
2314 1179
901 1042
1130 1444
1927 1167
726 1269
989 1164
2608 1102
2721 1230
1684 1285
1566 1139
2694 1107
1805 1473
2844 1398
1597 1339
2552 1198
1197 1250
1340 1126
2081 1119
2808 1136
2012 1220
1982 1281
1560 1401
1925 1135
2317 1456
1055 1252
915 1209
561 1310
2278 1196
972 1134
1802 1149
2284 1155
1559 1002
1516 1184
1497 1452
1956 1454
1157 1053
559 1394
1942 1178
2436 1098
1517 1178
1558 1225
1217 1229
1257 1218
2674 1193
1117 1462
636 1314
2539 1109
2914 1247
2734 1471
654 1325
1270 1253
1855 1455
2484 1249
1671 1019
2111 1149
2290 1098
2696 1435
1692 1316
1245 1237
976 1251
965 1019
980 1194
1604 1101
1894 1242
1771 1261
1062 1238
871 1174
2067 1074
1884 1359
2904 1415
705 1349
736 1014
1858 1179
2827 1185
2241 1096
736 1021
1244 1311
1758 1080
2041 1293
1119 1169
1909 1137
1292 1398
2615 1374
2307 1349
2598 1436
1656 1223
2440 1161
848 1443
832 1221
2333 1384
2553 1257
1059 1336
2036 1382
695 1456
1005 1253
1490 1156
2759 1286
1874 1154
2438 1166
627 1133
1605 1380
944 1227
885 1199
2661 1117
610 1045
869 1423
1739 1055
2312 1165
2094 1158
2346 1289
556 1174
1985 1092
2639 1367
640 1266
1530 1070
1046 1025
2168 1468
1240 1186
523 1368
2451 1346
1710 1190
1044 1072
597 1146
2117 1419
1468 1322
1243 1122
2622 1483
984 1061
1846 1089
840 1415
1971 1398
1362 1420
1416 1172
1450 1118
1810 1319
2428 1198
2185 1190
1589 1385
2620 1215
575 1169
1912 1042
794 1434
1582 1114
1113 1134
731 1337
2008 1290
2830 1267
871 1161
1312 1181
2053 1104
2657 1367
617 1170
626 1475
2132 1025
556 1268
2490 1093
833 1255
2370 1427
2681 1241
594 1052
1722 1077
2943 1163
860 1077
1698 1429
787 1070
2995 1332
2808 1076
581 1495
1849 1386
615 1168
2815 1355
940 1156
616 1269
2022 1095
2242 1295
2261 1257
2201 1152
1869 1161
1849 1444
2567 1175
1045 1175
1037 1284
2597 1278
1392 1024
2831 1169
1961 1107
1066 1000
2920 1018
1494 1227
2863 1235
508 1373
2852 1057
974 1411
1693 1150
2958 1181
1368 1498
1907 1153
2301 1390
2734 1052
1040 1035
743 1331
1571 1258
1260 1055
1214 1410
813 1363
2801 1375
1124 1476
905 1326
1438 1257
1056 1076
1243 1117
1572 1079
1889 1220
2228 1453
901 1427
2627 1178
1190 1001
2831 1415
961 1308
2530 1082
1120 1184
878 1338
1596 1293
2502 1168
1574 1140
668 1281
1782 1262
1852 1167
1209 1314
1302 1477
2913 1260
1180 1152
1961 1181
2324 1122
2819 1301
2782 1093
2251 1415
1424 1367
2213 1322
1547 1285
2963 1183
550 1186
2655 1198
2470 1451
2374 1335
2149 1221
1018 1252
876 1280
2191 1418
2588 1288
735 1107
574 1191
1186 1246
1371 1432
806 1062
1331 1493
846 1468
2322 1314
2483 1069
2369 1046
2649 1275
2592 1181
1250 1173
2001 1334
1353 1137
1818 1077
613 1044
2967 1369
2583 1469
2376 1292
2792 1305
2180 1144
2003 1360
1066 1123
1948 1386
2488 1219
2214 1275
1990 1330
2417 1140
1043 1302
2557 1427
1643 1147
1268 1469
1698 1209
1637 1336
2038 1240
1501 1429
2628 1454
938 1205
2663 1317
1236 1000
2963 1145
1565 1247
2655 1096
1801 1233
1080 1178
1540 1095
2791 1189
505 1033
1576 1204
926 1479
1588 1014
2369 1250
946 1246
802 1469
1002 1234
2986 1403
2310 1420
2025 1008
949 1004
884 1437
1225 1145
1025 1374
1174 1323
1725 1020
2171 1031
2165 1465
2955 1279
1528 1076
2447 1384
2788 1211
558 1234
2211 1180
1416 1243
799 1073
1793 1052
523 1277
2496 1433
2800 1126
578 1171
1171 1198
1758 1269
2536 1491
565 1376
2845 1179
1119 1374
2532 1241
2031 1192
2540 1359
2621 1005
810 1354
2474 1463
2361 1105
2770 1071
2190 1161
1859 1396
2742 1190
892 1055
2104 1113
630 1158
2468 1365
1870 1203
519 1362
548 1298
1695 1495
2990 1036
707 1111
923 1480
1614 1046
2283 1366
1177 1153
1235 1139
2208 1363
2248 1122
1451 1264
1121 1199
2874 1116
834 1143
2134 1244
557 1353
2180 1453
618 1247
2672 1393
2127 1358
2317 1117
1138 1477
2555 1393
2909 1206
2216 1405
2996 1132
603 1054
2477 1058
1628 1030
2386 1324
2849 1139
2482 1266
2006 1031
2657 1387
2448 1200
2681 1352
2008 1248
662 1497
1131 1049
1760 1491
1162 1157
2612 1298
2239 1319
2158 1188
618 1379
1053 1495
1153 1154
2870 1184
2325 1197
1296 1250
1211 1226
2198 1425
1143 1353
2016 1109
2616 1008
1651 1271
685 1026
2719 1262
2195 1413
2226 1178
1942 1184
811 1232
1170 1374
1658 1200
2189 1477
1496 1092
806 1346
2750 1382
929 1299
1085 1293
2761 1308
1970 1013
2022 1090
779 1281
1161 1114
919 1242
2013 1074
1752 1015
1297 1444
953 1026
2652 1382
2561 1478
1660 1364
2359 1151
2474 1110
1077 1389
2270 1009
504 1460
1375 1039
1842 1140
2336 1381
1498 1490
2572 1274
1658 1134
1022 1187
1357 1288
1484 1290
677 1183
878 1479
1648 1088
2339 1357
2759 1460
2567 1327
1300 1393
2485 1445
1700 1426
1541 1149
2316 1022
2955 1359
532 1019
2193 1109
1170 1237
2437 1165
887 1482
2733 1018
2443 1410
2461 1378
2357 1255
1349 1172
2465 1007
2316 1016
1844 1334
1778 1081
1609 1064
537 1069
831 1189
1355 1481
1475 1421
1457 1100
1839 1123
881 1083
1913 1448
1000 1107
1741 1148
1574 1263
1918 1331
2115 1468
841 1195
971 1069
2051 1352
682 1081
723 1058
2685 1123
1935 1374
1679 1103
1428 1233
2830 1078
1214 1071
1107 1245
1672 1005
2726 1070
624 1272
1605 1298
2335 1307
1512 1135
1187 1167
880 1358
1553 1470
1816 1031
991 1308
738 1227
2993 1350
1084 1231
1149 1053
1770 1214
2719 1371
1581 1166
2253 1126
590 1400
1681 1292
2287 1304
2536 1086
1816 1031
1590 1408
2798 1438
1645 1474
593 1134
2472 1356
774 1337
1218 1275
747 1127
579 1022
1683 1483
588 1389
995 1340
2247 1171
2784 1376
901 1487
1938 1355
801 1017
2309 1308
2028 1404
1824 1091
2022 1427
2304 1236
2294 1244
2417 1489
1807 1321
993 1428
2088 1323
1250 1464
2413 1282
2741 1008
2087 1200
2614 1324
2904 1266
2521 1070
1348 1409
2289 1143
2738 1101
797 1430
2109 1280
797 1278
2032 1080
965 1017
1787 1429
1247 1404
2472 1390
1362 1127
1055 1269
1489 1243
1520 1197
2149 1374
2764 1109
1858 1052
1398 1113
974 1181
1545 1340
1533 1484
2456 1297
1337 1224
2570 1303
2194 1042
1539 1275
1243 1179
563 1028
1197 1155
1283 1093
2994 1482
2224 1011
1824 1250
1280 1362
2186 1335
2690 1268
1324 1340
1542 1023
2265 1215
1446 1264
1155 1058
1058 1474
1383 1262
2980 1130
1484 1204
2821 1249
2701 1347
2257 1011
2012 1337
2970 1255
809 1349
2115 1151
2434 1078
523 1218
2057 1213
1066 1437
2919 1378
828 1309
1780 1083
1085 1199
730 1380
555 1225
2904 1488
1866 1133
2677 1395
1206 1067
2157 1109
1304 1418
783 1111
1999 1376
1742 1482
1554 1235
642 1382
2943 1374
1134 1416
1325 1148
765 1171
1437 1206
591 1053
928 1049
1052 1206
574 1216
1954 1096
1415 1226
2399 1460
1053 1393
1404 1153
1926 1464
1576 1369
1018 1348
2874 1401
1873 1341
2171 1249
738 1482
1291 1150
1923 1426
1619 1315
2384 1279
2910 1290
1800 1486
876 1152
2616 1033
1038 1399
1607 1021
2447 1296
856 1273
2683 1191
1946 1288
2414 1044
2165 1439
2384 1103
1070 1151
855 1429
911 1281
2680 1035
2512 1416
2601 1040
2431 1046
1816 1266
1706 1189
2119 1462
2240 1446
1321 1350
2756 1132
1541 1087
2313 1386
1848 1476
1912 1448
1405 1021
2587 1198
1404 1265
2874 1396
936 1387
604 1182
758 1433
922 1363
1617 1408
2294 1014
1251 1184
1434 1035
2000 1107
2505 1129
2757 1465
1767 1366
949 1168
2995 1225
2328 1195
2647 1339
2014 1030
1883 1022
2076 1310
2353 1454
856 1226
805 1108
1377 1101
1717 1155
2207 1095
902 1178
626 1034
1932 1011
2658 1007
972 1361
750 1438
1402 1339
1098 1321
1801 1274
776 1344
2745 1138
2340 1232
1732 1233
934 1052
1018 1200
940 1197
502 1206
2892 1430
2170 1128
891 1080
1070 1479
1152 1263
1464 1368
1102 1081
1770 1239
2730 1254
2661 1452
2367 1280
1881 1419
1044 1472
1611 1341
1243 1301
2532 1310
2044 1113
685 1281
2814 1460
1534 1322
2491 1382
2395 1457
2567 1173
1895 1287
2031 1491
1056 1365
2869 1254
1649 1175
2356 1143
1283 1042
1163 1320
1059 1031
1670 1415
533 1356
1324 1135
1618 1368
1280 1331
2105 1025
1714 1224
2235 1057
2425 1396
2707 1046
521 1148
2111 1114
1239 1091
1933 1237
561 1057
2272 1291
2544 1275
966 1214
541 1263
1957 1491
1084 1049
1368 1475
1527 1400
1634 1488
875 1203
1653 1159
588 1361
2274 1497
1516 1491
2736 1232
1763 1111
2939 1333
2352 1285
1705 1064
2097 1072
2555 1287
2142 1363
909 1340
2502 1095
2007 1239
2976 1210
1227 1245
2263 1281
1831 1423
2411 1275
1343 1084
1705 1092
2870 1285
1676 1278
1219 1312
2818 1096
1636 1023
1544 1057
1555 1131
2107 1370
1807 1296
720 1006
979 1216
1902 1353
2993 1159
647 1311
1741 1042
1323 1081
1803 1408
1281 1307
698 1000
2907 1410
920 1119
2615 1165
2380 1049
611 1062
2961 1086
1986 1294
1239 1349
805 1052
1331 1319
1059 1178
1787 1158
1739 1269
1398 1081
1873 1106
2633 1270
1330 1190
1923 1166
968 1047
1581 1212
2957 1072
612 1078
701 1212
2526 1051
2719 1365
1273 1415
2861 1019
1687 1006
2411 1070
1239 1392
1568 1087
1425 1385
1544 1276
1215 1062
2362 1053
726 1362
2085 1190
740 1188
518 1238
1719 1342
1008 1155
2411 1440
1843 1196
2648 1342
2906 1321
602 1334
1629 1003
742 1425
2663 1333
2675 1340
1193 1273
2924 1024
1287 1473
772 1269
1340 1448
856 1022
2734 1137
1138 1378
2301 1206
2483 1094
1549 1437
1624 1112
2649 1103
1229 1464
1264 1172
2645 1131
2110 1210
522 1066
737 1297
704 1053
2724 1312
1375 1188
2164 1498
570 1162
2016 1390
1776 1463
1578 1215
2187 1453
892 1452
2920 1392
2086 1032
1525 1418
2079 1329
1213 1008
2633 1214
514 1031
2819 1459
2356 1484
2416 1472
2933 1142
2384 1467
1452 1204
2575 1042
1556 1182
2139 1431
1198 1492
2898 1212
1347 1252
1265 1087
1403 1212
1234 1423
2753 1367
2980 1120
2421 1313
2286 1457
1320 1006
1167 1162
2727 1486
1844 1056
1733 1111
2528 1177
2788 1260
1161 1342
1168 1356
2050 1254
2261 1299
2371 1136
630 1257
1341 1372
1014 1434
1001 1335
1031 1296
1480 1396
1299 1334
527 1323
2433 1359
1359 1421
756 1299
1232 1277
2756 1038
1716 1060
727 1215
709 1303
1413 1381
1370 1159
2522 1310
2767 1296
2544 1119
763 1437
2216 1091
773 1240
1479 1193
907 1106
576 1050
2799 1460
2012 1059
1313 1281
2616 1233
967 1216
1571 1499
1536 1027
2752 1499
900 1210
2949 1008
2856 1099
2900 1309
2645 1370
2890 1191
1975 1221
1128 1058
1887 1004
2544 1003
643 1367
704 1300
2273 1337
1667 1270
2665 1245
649 1276
2362 1183
2599 1330
1819 1158
1021 1381
1740 1393
1648 1079
582 1210
2433 1406
2400 1027
982 1155
871 1314
2487 1476
1917 1175
2790 1348
1158 1365
700 1305
1926 1272
1827 1000
2600 1337
2591 1326
1414 1472
1660 1359
1764 1227
919 1305
2480 1217
2047 1079
2179 1048
1724 1076
2243 1099
1488 1182
1449 1070
739 1127
1766 1341
963 1103
2932 1277
1487 1229
685 1343
614 1363
1767 1192
1625 1430
2928 1233
2405 1124
2151 1448
758 1432
1577 1090
1894 1222
2271 1438
2887 1198
2119 1079
2297 1229
848 1368
1286 1305
2206 1227
2216 1064
2032 1473
1176 1073
1852 1065
782 1018
2916 1077
1589 1023
1701 1289
2130 1426
765 1175
587 1159
1844 1418
1884 1294
2058 1241
1448 1479
609 1097
2195 1452
2156 1394
2684 1175
1635 1448
2166 1410
1759 1251
2102 1199
2107 1274
1233 1016
2285 1362
1871 1103
2182 1276
2484 1423
1734 1045
1510 1376
1267 1272
1029 1460
1921 1314
1345 1177
1995 1435
943 1295
2647 1007
2505 1432
2578 1466
807 1060
893 1299
2700 1489
2609 1417
2046 1183
2559 1431
1895 1011
2352 1204
617 1034
1719 1257
2089 1019
1572 1108
1813 1016
2757 1347
2635 1147
958 1366
1072 1358
2687 1347
1040 1142
2742 1184
2357 1463
896 1150
1006 1342
973 1496
1273 1408
2485 1170
2770 1388
704 1122
1285 1297
1620 1031
2821 1295
1442 1347
1988 1378
1147 1166
2868 1379
2890 1413
688 1308
1980 1353
2639 1129
1918 1311
2561 1076
2029 1255
1803 1206
519 1368
1225 1335
2330 1495
639 1207
637 1250
2987 1375
872 1123
1575 1092
874 1364
1926 1492
2412 1082
1157 1189
2461 1201
2941 1114
2008 1197
2836 1282
1222 1141
2758 1137
2263 1297
1699 1093
597 1119
1097 1046
511 1230
1797 1373
538 1250
2193 1499
2545 1088
2239 1193
2084 1034
743 1021
982 1022
1534 1253
2488 1048
2873 1312
1906 1105
667 1294
553 1398
685 1481
2494 1247
2869 1367
1557 1487
2650 1448
1425 1493
1907 1498
2649 1071
2327 1150
2101 1093
2920 1191
676 1051
819 1428
2949 1490
2635 1411
2625 1346
578 1054
1942 1190
1172 1499
1850 1282
2906 1357
1077 1124
648 1127
2483 1032
2263 1196
2590 1460
1726 1147
1387 1340
1242 1419
1301 1087
1680 1473
990 1241
887 1129
1543 1453
1165 1120
2250 1065
1522 1241
1122 1244
2015 1177
2994 1009
1349 1222
2138 1312
2840 1044
2721 1150
1812 1355
1114 1314
2726 1024
2565 1220
2150 1176
2863 1449
1667 1198
1467 1275
2395 1258
1847 1379
955 1132
2521 1363
866 1124
2791 1273
2069 1293
1860 1384
2558 1151
1697 1389
1621 1132
525 1483
2739 1267
1698 1129
2046 1241
2941 1386
1021 1436
865 1140
1889 1180
1540 1058
2038 1241
2720 1492
2079 1032
2598 1376
2462 1452
556 1407
1228 1419
1104 1343
815 1271
2944 1347
1537 1308
1473 1461
1813 1006
1927 1199
860 1350
842 1147
2338 1026
506 1080
871 1163
2475 1367
1654 1420
1400 1466
1163 1031
2631 1228
2145 1084
2580 1151
1467 1022
1430 1380
2362 1138
1270 1435
2540 1268
723 1042
2361 1337
2408 1304
627 1031
2115 1312
2128 1250
2255 1095
1983 1028
2939 1471
1984 1431
1932 1197
2645 1033
1875 1454
836 1203
2177 1408
2212 1019
543 1295
1644 1209
1442 1397
816 1120
2026 1461
1174 1385
994 1418
1702 1449
1312 1383
519 1163
2434 1228
1576 1430
1617 1398
2876 1063
1197 1346
2346 1021
2940 1196
2078 1248
1141 1297
1885 1244
2812 1433
2666 1130
1183 1104
1282 1257
2876 1481
1044 1044
587 1051
2026 1416
2145 1092
1018 1190
2769 1323
1963 1409
1024 1396
963 1298
653 1171
2612 1437
563 1162
679 1142
1824 1334
2505 1105
1865 1487
2270 1358
898 1159
2680 1416
2488 1189
2265 1007
1560 1374
2729 1000
2587 1096
690 1142
1846 1280
2643 1426
2270 1380
578 1353
2613 1114
1606 1190
1256 1379
2680 1303
1016 1422
2397 1215
1707 1036
2458 1423
1014 1197
2007 1156
2595 1448
1454 1357
2692 1431
1222 1321
912 1137
1558 1240
1744 1493
2489 1445
2056 1446
1853 1401
1587 1397
689 1138
827 1489
2650 1323
2276 1365
573 1275
650 1316
1493 1021
2299 1225
1206 1095
1471 1060
873 1107
1039 1050
2389 1236
1366 1204
2201 1102
2427 1391
945 1066
2914 1152
2649 1479
2994 1093
1886 1052
1418 1041
513 1333
2307 1165
828 1388
1463 1406
2469 1194
1379 1144
1489 1409
2374 1132
2602 1087
1992 1370
2409 1343
926 1053
1870 1268
2936 1182
2688 1174
1809 1499
2486 1080
743 1282
2749 1372
2221 1130
2919 1189
1853 1289
2751 1123
2241 1026
2803 1329
1297 1462
1957 1109
1026 1047
1982 1220
2307 1149
2485 1132
2389 1297
1427 1161
2136 1330
1050 1246
774 1152
1510 1259
2751 1017
2318 1302
1060 1457
874 1414
737 1311
2244 1418
770 1218
1763 1098
2097 1085
1411 1022
1171 1403
2995 1031
661 1181
1255 1025
958 1186
2554 1075
511 1067
2260 1071
2003 1171
1172 1131
1718 1415
568 1485
2220 1213
911 1488
2007 1409
1432 1379
771 1486
2484 1207
1757 1092
1191 1472
1113 1240
2731 1381
1728 1067
704 1063
1475 1124
1491 1273
802 1107
2694 1054
516 1444
2411 1043
1133 1452
2712 1430
846 1108
2258 1117
2148 1025
2907 1459
1302 1067
2540 1309
769 1058
2611 1298
2397 1341
547 1396
2585 1319
2871 1074
2973 1444
2555 1437
633 1386
901 1087
1829 1485
2702 1119
1204 1439
1485 1003
2493 1188
840 1204
1073 1428
2763 1212
2149 1062
1817 1040
2014 1327
537 1048
2497 1148
892 1498
2480 1419
2225 1122
2188 1163
2308 1266
1194 1434
1387 1166
588 1196
2682 1472
524 1182
2697 1182
707 1247
962 1049
1660 1099
2989 1184
529 1037
2386 1082
1023 1482
778 1212
1376 1478
2001 1263
2779 1173
1036 1469
2900 1119
529 1159
968 1072
1977 1092
553 1200
588 1366
1464 1230
1438 1440
1884 1269
776 1414
2809 1153
1307 1497
2760 1236
2100 1111
1727 1471
1544 1475
1658 1026
1612 1154
1274 1143
955 1198
1671 1316
825 1091
2169 1189
2835 1332
1588 1487
2144 1292
1791 1417
1623 1319
2578 1254
1459 1095
1058 1065
2863 1468
2110 1391
1135 1227
2806 1370
2193 1131
775 1085
949 1206
1388 1456
1950 1236
1370 1030
1087 1213
2229 1051
2953 1022
2937 1471
643 1227
953 1060
2018 1344
2780 1086
2539 1299
646 1423
1589 1438
2211 1453
2437 1468
2947 1265
2974 1051
643 1087
1369 1228
648 1479
805 1245
1120 1329
2382 1478
1584 1103
518 1165
2902 1162
1082 1048
2206 1467
884 1414
1609 1248
2140 1071
991 1178
1838 1019
1270 1358
2057 1359
2190 1108
2672 1498
2027 1331
2621 1433
2688 1035
1751 1303
1918 1336
2336 1220
2069 1283
1502 1063
2195 1022
2344 1402
1085 1419
658 1430
2325 1413
2191 1136
2561 1359
979 1390
1699 1475
2433 1328
686 1422
2281 1252
2044 1350
1870 1137
590 1232
2573 1301
2166 1413
2532 1462
596 1248
2610 1090
1163 1280