5050 5000
562 1098
1921 1192
1847 1424
1534 1403
1572 1201
752 1447
1702 1323
1628 1259
1185 1342
2651 1427
890 1032
928 1345
634 1411
1301 1414
747 1449
2697 1095
1667 1136
1528 1067
2262 1267
1207 1325
2358 1397
1967 1257
2222 1228
2537 1330
589 1107
2632 1232
2707 1239
2961 1186
1120 1292
2993 1266
1949 1337
1841 1221
2071 1440
2269 1098
856 1358
1000 1003
2274 1257
1531 1350
2815 1489
697 1320
717 1359
2606 1162
623 1303
2695 1179
1776 1121
1931 1184
2798 1275
1656 1384
2426 1407
1332 1372
1260 1272
2268 1314
899 1069
1822 1189
1699 1325
2791 1414
2394 1187
2370 1285
2353 1096
2617 1374
683 1201
1778 1081
1849 1329
2670 1339
951 1273
1269 1292
2329 1248
2839 1270
2625 1301
2333 1133
1291 1228
566 1144
779 1437
1372 1226
2237 1085
939 1386
1085 1071
928 1464
577 1071
2993 1287
2729 1321
1901 1438
1035 1362
604 1405
2510 1216
2179 1170
2806 1077
1744 1447
1542 1229
792 1397
1866 1263
626 1099
2947 1360
2364 1377
2460 1244
965 1081
2538 1105
1434 1186
1515 1128
2910 1449
1070 1156
2573 1481
2537 1028
555 1239
2024 1096
1766 1496
2081 1004
2798 1289
1483 1486
2486 1180
2876 1090
2739 1319
2780 1374
1452 1180
1978 1088
2476 1130
2004 1317
2665 1254
2844 1024
1779 1179
1569 1320
1419 1208
1977 1246
1767 1412
2484 1068
2480 1172
826 1460
1361 1133
2525 1287
2534 1208
2028 1157
2793 1468
1276 1467
2474 1471
2066 1407
2635 1264
966 1062
1277 1150
1540 1312
1831 1237
2075 1359
2866 1116
2054 1260
2775 1496
2098 1133
2469 1435
1633 1201
780 1325
1718 1484
1753 1386
909 1405
2352 1387
2409 1446
2912 1424
2961 1210
1279 1484
864 1262
1126 1288
1883 1094
856 1403
1440 1082
2042 1186
1934 1298
2817 1460
1051 1343
1916 1466
2258 1441
1211 1297
2778 1410
2067 1240
2187 1433
793 1385
2383 1459
682 1066
2019 1228
1203 1030
1770 1295
2014 1211
720 1142
1156 1284
2265 1336
784 1475
855 1106
1185 1211
1626 1446
2441 1125
1506 1471
1825 1358
1444 1494
2459 1223
2987 1176
846 1323
1948 1217
1566 1245
1418 1354
772 1404
2613 1083
2320 1265
1483 1410
983 1089
579 1028
773 1309
1422 1053
2785 1352
845 1142
2985 1135
1458 1270
2658 1410
719 1317
915 1451
2978 1136
1516 1003
905 1256
1273 1165
1464 1402
2245 1474
1141 1052
2768 1049
555 1475
900 1100
1336 1413
631 1193
717 1469
1069 1448
2689 1382
2657 1328
1014 1435
2425 1064
2038 1126
1184 1321
1854 1348
2405 1494
855 1469
1722 1320
1895 1289
1894 1330
2255 1074
2672 1129
1680 1249
990 1471
878 1388
1453 1037
2544 1418
2148 1250
829 1070
2638 1490
1615 1131
1562 1313
2779 1081
1606 1251
1380 1012
544 1317
2408 1171
2194 1455
2263 1011
1231 1349
2472 1451
2456 1285
1106 1443
2059 1425
1516 1471
1312 1247
1255 1121
2813 1342
2553 1251
2349 1392
1263 1456
1846 1421
1624 1427
2520 1108
971 1391
2379 1303
2109 1041
2053 1146
1825 1407
2752 1067
1332 1114
552 1054
2744 1136
1230 1425
919 1098
502 1288
2592 1454
1321 1425
2220 1453
2352 1460
793 1164
2976 1264
1236 1225
2852 1096
862 1374
1598 1424
545 1246
917 1130
1877 1004
1720 1299
2450 1322
612 1473
2890 1286
1124 1014
2136 1262
1485 1307
2218 1107
509 1190
680 1353
940 1083
1417 1203
1625 1031
2915 1288
506 1371
1146 1305
1362 1383
1147 1362
2507 1122
2339 1357
2215 1246
2597 1066
1173 1319
2504 1173
2022 1243
2128 1015
2332 1039
1040 1185
1184 1114
715 1152
1897 1217
865 1085
913 1351
1491 1309
1288 1340
1982 1250
1582 1020
2586 1249
2071 1404
1383 1246
2559 1287
2487 1157
2422 1335
2503 1423
623 1345
901 1450
1963 1114
2762 1121
1795 1238
1361 1076
801 1203
2406 1219
2872 1278
1291 1235
1579 1055
1013 1018
1311 1299
2175 1200
2441 1015
1024 1456
2796 1025
1107 1184
2863 1285
2348 1175
2394 1131
986 1465
713 1209
571 1228
2790 1138
651 1144
2453 1012
569 1061
602 1320
1252 1302
2739 1448
1297 1232
1813 1087
2888 1246
1679 1240
2503 1112
2110 1155
1544 1208
624 1301
913 1269
1173 1472
1457 1162
2933 1314
2650 1094
2852 1145
1403 1132
2291 1089
1526 1017
2461 1065
1741 1495
927 1480
688 1475
1324 1461
853 1037
1698 1104
722 1011
1073 1348
2059 1231
588 1379
578 1474
2603 1471
500 1285
2069 1471
1046 1120
1726 1464
1207 1413
1701 1024
2946 1135
1273 1446
2919 1158
2761 1077
2790 1160
632 1411
2056 1142
906 1305
1751 1351
2507 1196
2417 1179
2599 1029
2295 1386
849 1394
2287 1038
2433 1199
1815 1248
889 1363
1225 1019
2074 1469
1459 1291
2186 1138
959 1376
2167 1452
2775 1335
1889 1439
2578 1439
2423 1148
1264 1345
1755 1320
677 1228
527 1225
1710 1277
1666 1064
510 1112
1791 1078
2861 1225
2672 1027
1314 1255
1393 1389
2826 1076
517 1213
2237 1147
2596 1071
1076 1339
1892 1275
2181 1384
666 1144
1223 1480
2196 1410
1166 1289
2170 1327
2274 1075
2723 1261
1866 1337
729 1060
517 1016
2921 1240
996 1274
2414 1285
2232 1192
2810 1008
2652 1201
647 1100
2940 1377
2005 1081
2239 1023
2648 1384
762 1010
1242 1474
2724 1052
538 1073
1544 1132
2576 1096
2359 1040
2733 1283
2425 1323
1950 1199
1077 1259
2166 1069
2801 1425
1016 1493
782 1196
2401 1168
1141 1226
1771 1259
2453 1168
1541 1114
1836 1307
1421 1211
1887 1458
1219 1190
685 1124
723 1173
730 1156
1260 1340
2843 1013
2560 1046
1248 1471
2014 1200
2769 1342
2228 1264
2158 1069
714 1322
536 1447
2402 1253
1727 1429
1584 1287
878 1312
1178 1397
1784 1170
2275 1345
605 1172
1066 1432
500 1291
1323 1316
2569 1193
2285 1035
2034 1141
1634 1226
1098 1279
2270 1444
1329 1178
1739 1308
2739 1280
623 1030
2735 1425
2184 1047
1272 1012
1148 1040
1469 1376
1115 1159
2988 1237
2103 1204
1303 1073
903 1208
1671 1448
1693 1122
2097 1342
2851 1432
985 1240
2184 1448
2132 1249
2829 1094
1329 1149
1296 1318
2922 1430
934 1149
545 1080
1690 1151
1561 1221
1405 1338
1475 1086
2662 1380
1429 1072
1118 1078
2570 1354
1597 1144
1622 1378
1965 1013
2195 1384
1499 1221
1805 1432
2052 1458
1510 1098
671 1118
2534 1215
1621 1009
2418 1044
2745 1338
2477 1391
533 1458
1379 1033
2403 1296
2267 1452
1307 1424
1411 1076
2226 1309
2509 1094
2667 1171
2840 1191
2437 1292
2473 1495
1767 1015
1431 1073
2650 1107
2001 1348
1749 1488
707 1456
2357 1314
1092 1277
707 1403
1081 1412
2686 1411
587 1096
2976 1259
2312 1497
916 1395
853 1148
1688 1042
1474 1283
1266 1398
852 1187
1333 1321
1427 1210
1994 1095
1623 1116
1661 1420
2037 1036
831 1156
521 1028
1197 1204
537 1024
2127 1125
1443 1303
2493 1200
1620 1407
1846 1239
1294 1061
1891 1171
2313 1349
1968 1071
1284 1158
1705 1207
2592 1155
2792 1210
2670 1135
1705 1235
1747 1455
2114 1101
1493 1373
1256 1011
640 1354
517 1414
2536 1388
987 1082
882 1113
855 1264
1054 1318
2205 1292
2812 1415
1017 1160
2840 1493
1541 1289
2822 1096
2026 1285
1972 1226
1305 1075
1146 1054
2888 1110
2549 1446
2705 1494
1913 1385
2234 1120
1982 1182
702 1313
2829 1312
2553 1105
563 1018
1728 1157
2442 1382
1133 1456
530 1256
2318 1110
1962 1219
856 1437
1045 1247
1175 1318
1832 1258
1036 1498
2416 1210
1190 1311
609 1131
2566 1270
2846 1155
2667 1462
2327 1179
902 1008
521 1438
2598 1158
715 1411
2263 1472
1533 1378
2029 1301
2442 1330
1288 1068
541 1254
1067 1477
990 1030
2577 1395
753 1320
1351 1304
1986 1136
2353 1142
1618 1284
505 1469
2432 1356
1972 1378
1780 1020
2811 1025
2564 1079
2775 1007
2006 1071
1487 1459
2456 1451
1811 1344
1713 1030
1709 1114
2436 1115
2233 1425
710 1243
1521 1308
788 1166
2360 1384
2373 1468
2023 1460
1957 1155
1798 1369
2407 1078
2367 1386
1425 1496
2918 1187
2171 1307
1136 1485
998 1041
2222 1171
1330 1383
2486 1140
2811 1372
1824 1227
2984 1004
1669 1238
2120 1372
1340 1325
1350 1023
772 1046
1111 1413
2074 1342
501 1432
904 1272
1707 1476
1426 1065
2516 1044
665 1279
823 1190
1331 1025
2220 1461
2494 1257
978 1332
2364 1449
1408 1413
1126 1228
2780 1303
1430 1271
1003 1061
2390 1384
2827 1069
513 1448
2240 1213
523 1241
2069 1468
753 1439
2690 1392
1806 1242
693 1003
1335 1430
2147 1116
2963 1385
2109 1199
921 1425
1243 1010
1484 1368
1473 1301
1115 1022
1331 1111
2696 1297
2849 1121
1752 1180
1965 1113
1630 1275
2767 1074
812 1393
1857 1115
1336 1476
2073 1286
883 1306
1892 1278
2252 1407
2879 1216
2757 1382
1573 1121
1916 1115
2667 1196
1674 1416
1863 1399
1366 1282
1446 1051
890 1250
965 1394
545 1349
2707 1183
2552 1463
2787 1497
851 1199
657 1117
2248 1308
1510 1167
694 1447
977 1096
801 1155
2919 1013
762 1239
2065 1321
625 1368
2333 1331
2356 1470
847 1182
1790 1292
2407 1123
790 1445
724 1100
1050 1027
2836 1190
1521 1118
2518 1144
991 1476
1034 1035
1738 1142
717 1377
1182 1436
2353 1492
2278 1242
759 1172
2980 1404
1948 1467
2068 1330
536 1367
548 1207
1894 1006
1878 1234
910 1419
2840 1089
929 1129
604 1136
1905 1431
1053 1284
1780 1175
501 1067
2402 1192
542 1408
2254 1086
1535 1244
2156 1360
1566 1465
1866 1200
1260 1374
890 1145
1522 1249
1444 1186
2312 1418
908 1075
1807 1028
1581 1495
1684 1164
1647 1012
2629 1285
1291 1498
2742 1005
684 1317
1538 1404
2449 1342
2764 1125
2136 1357
2306 1403
1185 1492
2349 1117
614 1223
2718 1017
2482 1332
1537 1352
2596 1106
1122 1273
910 1315
1244 1416
1225 1157
2176 1462
2697 1174
2696 1299
959 1133
2988 1099
1471 1178
1024 1105
2669 1445
885 1071
2919 1435
2744 1413
2667 1410
1754 1115
1919 1194
1831 1429
2044 1321
1381 1390
2908 1421
2917 1035
988 1238
1184 1067
557 1273
1105 1081
2500 1180
637 1355
2228 1482
1590 1484
1898 1078
2264 1205
2480 1102
1372 1362
2547 1344
1277 1057
919 1435
1106 1073
1208 1067
2524 1174
1090 1064
2825 1292
1093 1415
1697 1034
2470 1169
871 1071
2380 1193
2702 1083
2568 1154
1181 1316
1000 1430
2646 1221
2019 1032
1826 1304
767 1426
843 1486
817 1351
1293 1008
2480 1043
1514 1042
809 1384
935 1457
629 1057
2335 1118
1404 1240
1597 1324
2857 1364
1096 1415
810 1325
2612 1143
2723 1166
2180 1496
1055 1472
2252 1279
1835 1386
1782 1100
2730 1378
2080 1342
1294 1261
1785 1271
1112 1172
2050 1068
1990 1047
2212 1166
2979 1357
1645 1461
921 1463
1114 1420
1248 1458
2952 1092
2045 1341
2428 1062
502 1061
1799 1008
1384 1105
2553 1064
1523 1266
1841 1463
1813 1116
2669 1081
2264 1120
1661 1450
657 1425
2723 1136
1438 1440
2056 1073
875 1483
1191 1041
2054 1101
2262 1392
631 1028
2210 1107
2223 1083
1662 1422
2358 1128
2632 1239
672 1433
515 1065
859 1130
2192 1132
1483 1224
2870 1140
2471 1367
784 1244
885 1130
838 1399
2201 1350
2619 1028
1264 1115
1496 1061
2346 1078
2712 1331
1611 1249
611 1157
1982 1338
2978 1248
2318 1238
1250 1116
750 1094
1133 1226
1840 1084
1182 1000
875 1276
1194 1158
1542 1351
1531 1414
851 1483
1801 1253
2731 1122
1185 1061
2877 1011
2318 1174
1533 1108
1184 1041
967 1107
2885 1079
1646 1372
824 1026
784 1072
1603 1165
2951 1452
1857 1415
2925 1113
2630 1009
2782 1165
1556 1447
1676 1137
2808 1002
583 1154
2669 1230
2285 1433
2093 1004
753 1090
1183 1451
2626 1052
1426 1162
565 1361
2460 1257
2156 1100
1229 1108
2422 1184
713 1024
1709 1197
2398 1203
2925 1172
1322 1169
2111 1198
747 1024
2907 1149
2676 1025
2543 1358
2039 1391
558 1403
1608 1231
900 1178
1801 1143
1129 1232
1960 1199
1247 1072
1603 1097
626 1486
2435 1224
2886 1279
575 1291
2049 1140
1621 1218
2838 1047
890 1155
1609 1139
1696 1285
1239 1093
712 1388
2964 1440
2399 1143
1379 1426
1982 1392
2718 1148
1720 1307
889 1397
644 1371
646 1207
1185 1462
2423 1361
2354 1112
2127 1360
1812 1157
862 1290
2883 1447
2070 1308
1648 1244
1818 1121
1511 1019
994 1353
555 1045
1931 1013
2626 1241
1807 1120
2007 1070
2446 1420
575 1427
1505 1042
662 1469
1777 1018
1859 1479
725 1424
2892 1332
1398 1340
1830 1152
2821 1346
2658 1031
2110 1109
2324 1325
2697 1270
699 1050
2940 1162
838 1193
1187 1191
978 1199
2344 1475
803 1111
2453 1041
2491 1061
2202 1019
507 1116
732 1423
1077 1414
1753 1264
1278 1389
2519 1238
1387 1225
1457 1417
1685 1342
2916 1370
2780 1137
2174 1373
558 1217
1398 1098
2004 1437
1065 1495
1997 1338
2009 1203
2317 1080
1430 1370
1943 1490
1136 1371
1282 1070
2054 1349
1308 1147
2942 1285
910 1209
2762 1169
2288 1355
1742 1388
2339 1050
1721 1401
525 1341
2811 1004
1684 1478
2783 1213
1233 1312
1236 1197
2085 1145
670 1316
1862 1493
2696 1256
2060 1240
1964 1116
1400 1414
1527 1029
1603 1292
1918 1134
1729 1491
1025 1468
774 1469
2402 1417
2655 1165
2810 1333
2968 1227
1773 1060
2603 1239
2962 1304
1370 1066
872 1435
2795 1271
875 1471
1898 1081
2752 1327
1622 1331
994 1148
2845 1240
1558 1124
1637 1119
661 1050
651 1325
2651 1175
1983 1267
544 1186
535 1246
2328 1081
1314 1298
2198 1154
1867 1493
637 1309
2733 1155
1390 1432
1583 1132
2551 1036
2563 1215
1169 1391
2390 1225
2088 1435
2846 1453
2364 1417
2194 1046
1791 1277
870 1216
1401 1476
2519 1441
1333 1288
2168 1492
1422 1490
678 1133
2380 1186
615 1329
2352 1050
2366 1492
1559 1430
1963 1095
2873 1093
2932 1155
2469 1445
2049 1125
2211 1295
2227 1086
2172 1443
645 1004
971 1478
534 1132
2217 1364
1783 1492
2940 1418
1563 1484
2041 1077
2784 1197
2561 1398
2890 1037
2129 1228
2206 1190
2867 1150
1274 1441
1354 1115
1846 1262
814 1418
2399 1142
1707 1419
837 1411
2601 1263
773 1223
1923 1064
2581 1169
2779 1077
2349 1109
623 1110
666 1211
2789 1431
2457 1102
2468 1221
831 1267
2168 1144
2372 1036
1124 1188
1510 1124
1185 1148
2072 1275
1341 1467
1083 1371
2803 1469
1855 1398
2245 1045
898 1497
2124 1103
2054 1304
2598 1055
2982 1243
898 1402
2624 1240
1210 1453
2432 1327
2101 1275
769 1399
1313 1221
1469 1029
1580 1207
1389 1181
553 1228
1962 1198
2477 1331
2800 1442
1420 1088
1443 1475
2828 1256
1444 1069
1438 1469
1783 1440
2378 1368
1844 1131
2347 1325
918 1354
2877 1275
695 1322
1746 1424
552 1359
2103 1153
2555 1339
1251 1194
1026 1375
1903 1490
550 1249
1942 1182
2630 1019
1583 1128
964 1402
814 1357
1210 1172
2009 1026
2588 1007
580 1477
2804 1096
2996 1132
1145 1050
1472 1381
1704 1075
2192 1496
2678 1247
1118 1050
1569 1332
997 1307
1867 1403
2479 1199
567 1280
2966 1432
889 1147
1979 1034
2389 1451
2388 1146
1110 1475
2477 1240
2883 1400
2852 1067
863 1020
2120 1303
1595 1441
2736 1143
2541 1087
1319 1238
1530 1384
1860 1293
1556 1460
1990 1413
1460 1063
604 1343
2843 1286
2494 1308
981 1377
2332 1018
1781 1285
644 1114
959 1079
641 1215
2890 1131
1298 1252
2393 1456
1226 1196
1979 1429
2717 1140
2590 1065
2598 1331
594 1490
1411 1014
1778 1153
1777 1087
1357 1357
2154 1122
2043 1014
916 1200
660 1138
1005 1167
2005 1468
774 1206
1878 1037
2726 1057
1553 1157
2978 1462
1918 1351
2250 1150
595 1263
2750 1393
2149 1231
2385 1357
1721 1022
722 1135
2307 1108
1720 1380
2799 1208
2557 1483
1415 1470
1162 1284
2685 1272
1237 1064
2689 1133
2000 1158
2471 1450
1743 1460
680 1084
1566 1334
2829 1350
2798 1379
852 1342
2363 1479
1611 1351
2253 1076
792 1225
1697 1389
2361 1272
2765 1087
1817 1062
2848 1127
1530 1377
2441 1116
591 1273
1267 1410
1584 1304
2752 1013
2228 1188
1867 1154
791 1206
602 1168
2697 1492
2472 1212
635 1009
989 1492
1513 1450
1823 1396
1119 1066
862 1416
1751 1011
2444 1042
1807 1107
2724 1230
1500 1208
1270 1231
1755 1132
2954 1264
1758 1105
1194 1301
2320 1254
535 1410
1739 1484
948 1009
539 1498
1809 1095
1953 1456
1990 1032
2522 1454
2106 1299
2439 1260
2660 1221
2692 1382
1449 1162
994 1173
742 1084
1887 1094
652 1184
1922 1358
1447 1276
1003 1042
2479 1261
657 1220
2628 1367
2214 1283
964 1268
549 1045
1982 1276
1572 1110
2953 1482
920 1057
1842 1273
973 1182
1558 1426
2591 1044
2771 1088
2182 1155
1713 1342
2816 1213
1177 1245
2911 1446
652 1252
680 1381
660 1370
2448 1285
2746 1290
2909 1427
1251 1308
2806 1489
1505 1141
1358 1380
912 1004
1437 1124
1358 1079
1986 1144
1089 1068
2610 1079
613 1271
2417 1368
2726 1228
795 1410
1246 1480
2673 1334
2730 1421
2794 1230
2365 1041
2325 1442
557 1182
641 1495
765 1266
2686 1428
975 1137
1267 1046
2252 1102
849 1417
2190 1193
2723 1498
2643 1226
955 1466
909 1321
2775 1105
2107 1038
1951 1089
2090 1401
791 1347
502 1288
2948 1240
2439 1104
2633 1481
1669 1151
1144 1228
2969 1230
1465 1079
1884 1341
1321 1346
1844 1291
2456 1479
2188 1254
2317 1219
2550 1081
643 1130
2132 1097
1152 1166
1782 1281
2815 1272
2456 1354
1794 1129
1394 1035
2390 1293
1325 1214
1978 1402
509 1431
1687 1003
2409 1439
842 1229
2301 1345
1306 1473
976 1021
2738 1069
1782 1495
1699 1478
2107 1480
1016 1375
2793 1441
1291 1322
2387 1378
2772 1469
829 1087
1793 1429
722 1082
512 1213
2682 1269
1739 1001
1872 1124
1414 1114
2935 1389
2011 1162
2939 1001
2851 1116
1222 1072
1177 1214
2147 1026
1055 1070
1182 1324
1095 1182
801 1058
2329 1494
2098 1425
2765 1488
2415 1252
696 1498
918 1262
1953 1346
2268 1253
2634 1421
2243 1074
964 1001
2096 1314
1921 1457
666 1073
1571 1053
2970 1473
1692 1234
522 1348
1381 1166
1007 1246
2412 1290
872 1377
928 1203
2258 1232
1850 1492
2604 1294
2486 1079
2948 1002
2426 1272
1798 1275
2991 1497
726 1377
2342 1217
2395 1483
2758 1421
2511 1049
670 1392
1919 1008
2847 1426
2050 1069
907 1386
2068 1383
2642 1142
2878 1247
2807 1348
1892 1107
1388 1438
716 1190
962 1399
700 1013
1903 1477
2887 1252
1361 1179
1788 1412
2343 1196
2125 1468
2192 1008
2136 1078
1628 1471
1023 1232
1349 1347
1786 1005
761 1304
1925 1020
2859 1009
1433 1041
648 1433
1991 1177
734 1139
742 1142
1580 1137
1168 1208
1832 1486
2250 1162
1353 1216
1672 1021
1690 1106
1430 1315
712 1395
1189 1157
1414 1040
916 1329
2326 1160
1583 1313
840 1224
1214 1247
547 1400
1442 1255
2586 1200
509 1491
2066 1379
2010 1187
2715 1432
1111 1133
785 1203
1911 1135
1995 1164
1235 1293
1000 1317
1134 1456
2236 1209
1393 1058
615 1465
2715 1492
946 1079
1072 1240
816 1002
1808 1236
964 1012
2855 1084
1897 1273
2654 1293
1140 1257
1048 1019
2323 1195
2031 1242
1157 1481
2075 1121
2036 1496
1622 1423
1412 1045
793 1013
1821 1299
2980 1494
1270 1482
2115 1155
1836 1161
2277 1327
2268 1124
2740 1381
1593 1387
1507 1453
779 1291
2425 1049
2164 1256
2615 1015
2097 1279
2512 1317
1661 1099
2256 1162
1473 1395
983 1190
1474 1084
2609 1340
2651 1053
1726 1450
2296 1318
757 1228
1084 1225
1822 1491
1340 1295
2538 1228
1987 1489
2385 1147
1247 1029
1910 1495
1016 1049
2127 1122
1930 1175
977 1443
2104 1200
608 1425
2137 1251
2174 1051
2674 1102
1959 1132
2027 1035
2404 1415
1787 1178
1207 1142
2005 1428
514 1071
1640 1309
2661 1407
1496 1381
2945 1250
982 1028
2203 1171
1539 1258
1060 1123
1005 1267
1741 1286
2395 1215
1980 1426
2642 1399
671 1021
2469 1199
2224 1366
1066 1148
2604 1007
2329 1024
2397 1028
2373 1204
1533 1141
620 1187
2194 1212
1215 1373
1426 1048
1404 1294
1579 1090
751 1282
2614 1475
2800 1027
1793 1066
1429 1357
574 1476
2077 1347
900 1433
2044 1397
2872 1075
609 1323
1662 1479
645 1430
916 1452
2312 1025
1265 1254
2083 1305
1895 1347
814 1228
1127 1444
2756 1291
1156 1306
1661 1166
2328 1431
2160 1226
637 1037
2976 1078
1890 1082
619 1482
2911 1427
2484 1451
1053 1347
2469 1094
2296 1045
962 1363
1630 1070
2758 1445
979 1221
2331 1338
1040 1148
718 1161
2824 1055
1486 1296
1602 1226
1973 1356
2916 1311
1054 1071
1796 1332
1038 1454
1617 1270
834 1467
966 1004
1486 1045
2937 1178
2272 1381
1932 1139
2343 1026
2024 1208
2995 1441
945 1316
2120 1118
2163 1410
1187 1473
997 1011
2466 1107
1151 1321
2893 1429
1586 1412
775 1011
1601 1201
1090 1189
1659 1260
2841 1311
1485 1336
2797 1218
1762 1371
2556 1278
2131 1268
1094 1366
615 1216
781 1213
717 1242
2965 1052
2698 1322
1875 1138
1999 1452
789 1015
2126 1349
1600 1439
2700 1463
2180 1070
1221 1412
1111 1335
2488 1298
1882 1020
780 1153
1531 1248
600 1035
2657 1030
1712 1017
2403 1222
2445 1026
837 1433
843 1056
1166 1475
2110 1398
2620 1242
1889 1361
2811 1029
2911 1398
903 1078
684 1336
1211 1318
1977 1030
2587 1061
907 1306
2699 1287
2067 1158
2241 1387
2305 1368
1936 1382
1316 1368
1580 1057
804 1410
2604 1367
1291 1026
1708 1494
1358 1444
1048 1320
1367 1396
2357 1468
2716 1349
2220 1224
1147 1183
1141 1052
1339 1045
992 1219
1604 1361
1640 1154
2745 1002
2147 1011
680 1220
876 1485
1449 1271
2855 1139
2644 1089
1075 1159
1080 1260
2691 1007
2642 1296
1192 1319
920 1060
687 1301
1526 1153
2478 1257
2908 1177
2464 1181
1869 1470
859 1368
2230 1039
2830 1013
2449 1459
2431 1356
2629 1298
2932 1200
2236 1087
2643 1384
2501 1179
2686 1426
539 1491
2624 1137
614 1011
2170 1477
766 1116
874 1329
1477 1275
650 1485
777 1090
2345 1333
2099 1433
1850 1016
1483 1397
839 1006
2452 1104
1926 1272
2838 1092
1266 1048
1187 1300
2757 1469
2550 1046
2530 1355
885 1305
2515 1356
842 1287
2312 1457
993 1127
1754 1424
1721 1005
588 1370
1750 1349
2986 1405
1493 1365
1158 1497
2232 1346
2460 1476
777 1025
1168 1253
2446 1196
600 1298
2625 1417
1662 1002
1359 1085
2526 1327
1733 1336
1282 1180
2360 1053
2655 1448
1419 1349
758 1382
2823 1004
2462 1057
521 1073
2466 1459
1702 1232
982 1261
1237 1273
2855 1379
2029 1320
2830 1297
2525 1303
2475 1215
2243 1468
763 1216
1049 1197
1675 1267
1170 1229
1460 1279
882 1348
1833 1044
2088 1128
2502 1316
2095 1221
1605 1029
2724 1247
1541 1493
2543 1322
1288 1076
2754 1287
2859 1166
1639 1128
1823 1348
2001 1334
1527 1301
817 1273
549 1348
2435 1120
703 1410
1667 1418
505 1028
1641 1256
1347 1101
1230 1309
825 1388
2836 1274
1451 1026
2348 1272
1404 1175
1308 1454
1889 1127
2606 1368
715 1381
1424 1214
1602 1224
1914 1124
1353 1028
1838 1122
711 1113
2457 1009
2200 1102
534 1296
2284 1008
674 1229
1160 1490
2980 1086
717 1250
1833 1401
742 1117
2912 1335
785 1348
1955 1323
1595 1346
2257 1256
2399 1239
2831 1020
2584 1172
1824 1261
870 1234
2437 1223
1618 1067
2577 1001
1663 1077
2893 1143
784 1411
763 1219
1718 1457
1477 1446
2610 1253
2682 1499
1142 1435
641 1497
2321 1376
618 1333
2078 1074
711 1206
2827 1170
1511 1327
1431 1192
1679 1488
1296 1226
2069 1281
2537 1187
1867 1303
606 1208
2812 1122
848 1102
2934 1274
2316 1189
1204 1252
863 1135
2380 1400
1200 1136
2893 1036
815 1027
2927 1384
2874 1357
2144 1435
1235 1042
1488 1258
926 1259
799 1413
520 1205
2274 1293
2621 1376
1449 1459
1686 1445
934 1081
2074 1137
2716 1163
2329 1199
945 1430
1435 1328
761 1475
1173 1147
1892 1284
2552 1441
2756 1307
1761 1251
2908 1102
2391 1410
2858 1015
888 1202
1466 1399
2008 1054
721 1246
1317 1246
834 1075
523 1010
1659 1181
2647 1396
1365 1020
1274 1360
2701 1203
846 1308
2057 1019
566 1262
2875 1485
2765 1440
2284 1361
1219 1027
661 1238
2580 1151
2889 1437
2666 1249
1936 1331
1308 1242
1855 1013
1513 1481
1259 1032
2750 1332
2939 1438
1913 1137
674 1248
783 1024
2508 1048
574 1472
2499 1434
890 1134
2913 1362
1335 1208
2505 1320
1888 1484
2968 1050
641 1139
2015 1212
2820 1215
2116 1307
2793 1028
1942 1480
1481 1393
1882 1272
1256 1258
1377 1303
1813 1043
2902 1292
535 1415
2948 1070
1763 1463
2567 1333
565 1236
835 1430
1275 1462
629 1252
2930 1124
1300 1488
1033 1364
2606 1338
1350 1128
2033 1020
1787 1236
2655 1382
1211 1203
2994 1486
658 1142
991 1431
577 1178
536 1360
1111 1487
2327 1370
1282 1422
1407 1363
2309 1174
511 1072
2951 1071
2039 1103
1504 1345
2777 1210
2721 1469
2566 1219
2478 1293
2459 1208
1885 1353
936 1143
2328 1084
1758 1236
1626 1106
2146 1071
1021 1313
1533 1034
2137 1289
1386 1364
1620 1125
2993 1353
2803 1036
2481 1232
2850 1379
2383 1162
741 1133
2482 1226
1103 1319
1922 1180
761 1313
1295 1080
1022 1172
1403 1025
2666 1023
2154 1006
1977 1014
2782 1431
563 1374
980 1412
1967 1379
1461 1477
1740 1226
2473 1223
2376 1431
2721 1162
1197 1337
1936 1267
1172 1006
1050 1353
1529 1416
2640 1326
2874 1137
1359 1150
2385 1290
2924 1014
2336 1144
1148 1080
2765 1384
1257 1186
1875 1335
2229 1428
2888 1458
2502 1233
931 1388
1843 1444
2365 1477
1909 1140
1022 1225
927 1036
2093 1359
1594 1110
1888 1361
2019 1312
2120 1456
1060 1452
1156 1254
894 1208
2354 1466
2380 1352
2195 1363
510 1349
2889 1157
1475 1207
2294 1357
2108 1452
1980 1496
2355 1327
2397 1373
1189 1378
1435 1308
2059 1163
2309 1164
2262 1184
713 1230
2398 1471
1463 1034
2311 1241
1194 1136
831 1285
2721 1382
2569 1362
2533 1106
2528 1119
2929 1441
2705 1361
2033 1164
981 1051
2565 1316
2996 1395
875 1208
1008 1255
580 1288
2795 1397
2237 1385
2577 1220
1668 1268
2922 1297
2872 1200
2519 1341
510 1199
2256 1129
2815 1184
672 1031
951 1309
838 1368
2143 1346
2218 1190
1186 1023
597 1477
2351 1172
1114 1328
2945 1453
1134 1139
1522 1231
635 1184
2285 1396
1501 1178
1299 1176
2546 1278
1429 1123
2945 1468
745 1015
1444 1355
2513 1259
2477 1045
2235 1049
1504 1005
2222 1120
798 1261
2949 1373
1186 1430
1928 1061
823 1127
1669 1365
1313 1461
919 1007
2007 1259
1975 1450
1701 1108
1657 1017
2055 1475
2591 1185
2623 1277
1130 1447
2183 1186
2256 1370
2524 1129
2200 1491
2635 1269
2194 1230
1545 1177
690 1250
1074 1157
1641 1400
1744 1105
1787 1225
2666 1131
1189 1387
2537 1037
2828 1442
757 1257
778 1401
2428 1421
2083 1352
667 1338
1806 1317
1424 1355
2856 1301
1318 1013
2957 1035
763 1147
2546 1055
1205 1168
1813 1064
1910 1283
2907 1071
1768 1204
2566 1386
818 1344
1610 1448
916 1427
2196 1041
1794 1120
2194 1045
1326 1439
1037 1302
2287 1110
539 1390
2863 1091
2609 1149
849 1448
2749 1292
1654 1180
2622 1375
2782 1182
883 1067
997 1230
2230 1307
2076 1202
2501 1122
2547 1110
1327 1195
1131 1494
2260 1375
1276 1452
2127 1227
2736 1038
2828 1045
742 1277
828 1495
2961 1221
2736 1461
975 1046
960 1361
2917 1243
643 1130
1421 1281
2289 1207
1947 1278
2729 1056
1577 1140
1863 1296
1097 1332
2288 1284
2461 1344
2310 1447
502 1046
2556 1438
1645 1276
621 1022
1870 1431
1427 1135
2122 1083
576 1285
1804 1481
2174 1270
825 1078
2581 1046
1613 1189
1942 1327
2518 1368
910 1378
1778 1426
2925 1021
1680 1333
2611 1329
1833 1305
1673 1018
1897 1363
2947 1112
2654 1373
588 1305
1264 1181
2604 1456
2011 1416
1023 1214
2070 1143
2163 1206
1099 1076
1357 1038
2354 1108
2516 1063
2464 1042
2920 1353
2252 1437
2071 1089
1890 1110
1419 1114
2080 1499
1308 1374
2064 1346
1720 1070
2892 1052
1086 1039
1699 1372
2321 1280
2025 1450
2920 1004
2271 1381
1873 1480
2676 1218
2907 1367
2775 1482
677 1188
1805 1131
1017 1473
537 1309
2302 1293
1611 1267
2843 1291
2161 1034
2409 1115
2430 1163
1523 1037
2879 1167
723 1274
2103 1493
1863 1319
2758 1086
1569 1371
902 1366
1730 1468
1539 1494
1586 1450
504 1129
1669 1168
523 1452
961 1030
1056 1352
2472 1070
2188 1438
2755 1136
795 1457
914 1221
2413 1272
2690 1080
1943 1109
1789 1199
2543 1365
2602 1486
1646 1158
1274 1440
2418 1114
1945 1164
2813 1396
2618 1220
2338 1066
2493 1375
815 1305
932 1199
2332 1256
2882 1200
1485 1227
914 1266
1456 1467
1843 1358
1972 1416
1013 1468
1873 1396
1533 1270
2138 1364
1263 1100
829 1383
671 1457
951 1061
2050 1223
1187 1409
2373 1448
1385 1128
708 1414
1985 1289
2376 1338
666 1342
1884 1453
2761 1041
2075 1227
1203 1453
1504 1339
663 1353
2634 1112
1983 1070
899 1103
1612 1280
1694 1199
680 1386
1537 1290
700 1134
1939 1348
1334 1174
2284 1341
1398 1083
2031 1264
775 1018
1630 1419
1480 1046
2333 1435
2523 1189
2850 1494
2923 1464
2815 1313
1314 1417
2588 1347
1405 1229
1171 1043
1378 1418
631 1160
1906 1173
1409 1362
2427 1306
2536 1474
2168 1424
1929 1222
1413 1241
1469 1424
668 1192
2541 1321
1735 1466
1816 1415
742 1247
2618 1084
1883 1339
2537 1145
1530 1018
954 1434
2772 1318
2708 1220
2647 1362
839 1318
774 1067
1163 1142
1901 1248
1694 1389
1358 1334
1298 1369
1731 1327
2495 1112
1087 1231
1603 1146
2754 1203
582 1442
695 1352
2765 1142
1920 1280
2325 1445
2396 1259
1107 1234
2451 1264
2868 1252
2483 1439
976 1035
2253 1003
767 1190
533 1051
1283 1305
771 1473
800 1257
1376 1263
2741 1019
2394 1446
1425 1383
2780 1131
925 1481
2150 1429
782 1172
2076 1346
2777 1471
1343 1413
2101 1312
2136 1373
949 1058
1569 1267
2026 1228
528 1359
722 1279
2459 1242
2330 1148
1442 1481
2602 1215
2467 1098
1457 1221
1023 1331
1112 1280
1887 1144
1918 1313
2885 1347
1289 1056
2212 1210
1271 1135
949 1188
997 1441
2967 1236
2304 1362
2552 1080
2165 1289
1757 1258
2902 1482
1960 1187
2977 1313
1773 1221
740 1493
2763 1092
534 1442
2013 1031
1628 1433
1544 1196
2243 1231
870 1242
1266 1466
1396 1259
2766 1201
1230 1221
2481 1269
2962 1283
2863 1385
1845 1156
790 1085
1265 1192
1389 1078
2744 1397
704 1350
1668 1470
1753 1152
2104 1409
1586 1066
878 1414
1020 1138
610 1495
2725 1273
2457 1387
1453 1408
1619 1273
1220 1447
1666 1001
2810 1211
1570 1045
2366 1102
2990 1093
2881 1043
2742 1141
2416 1251
1459 1399
788 1498
2270 1398
2590 1234
2476 1000
1543 1089
1021 1156
996 1127
2485 1063
2619 1331
2311 1011
1236 1094
566 1411
850 1308
1532 1404
739 1117
2485 1068
1948 1233
827 1409
1283 1186
1743 1077
1299 1156
2805 1452
2778 1430
808 1308
2883 1311
2542 1463
2605 1074
1564 1377
759 1014
1065 1112
1291 1251
789 1019
2853 1102
2099 1007
2365 1478
582 1320
1044 1442
1968 1452
1919 1080
2595 1261
953 1188
2191 1179
2149 1417
1296 1349
503 1434
1208 1226
2748 1258
889 1027
2440 1270
2130 1080
2472 1356
1846 1022
1925 1316
938 1048
1702 1178
2008 1342
2488 1214
2745 1468
555 1140
1529 1040
2014 1434
1374 1342
2622 1434
2879 1458
939 1320
1694 1073
642 1464
2803 1368
2696 1427
2407 1391
670 1079
2536 1128
1158 1086
633 1382
1559 1449
1356 1046
2428 1227
1418 1081
1436 1293
2547 1300
500 1087
2523 1310
2744 1121
793 1327
2067 1202
2324 1020
1430 1341
1061 1401
2965 1421
830 1443
1838 1344
2243 1006
2818 1302
2655 1325
2926 1191
803 1019
2263 1312
2506 1041
1243 1051
2349 1497
1949 1391
1415 1323
2701 1205
1662 1156
742 1232
2660 1049
1179 1136
1334 1140
2450 1172
2278 1337
1406 1343
2764 1311
936 1279
533 1240
2157 1040
2664 1308
2441 1147
1177 1036
2730 1075
663 1282
2867 1397
2984 1110
2874 1038
1860 1382
2284 1204
651 1386
1628 1474
878 1488
528 1006
1812 1485
1805 1231
2304 1023
1729 1260
1154 1446
1041 1125
1169 1393
1787 1327
2658 1214
513 1384
1560 1231
552 1284
1189 1214
1882 1220
735 1274
2664 1470
2595 1157
2836 1309
1680 1434
824 1390
956 1342
2021 1132
2276 1081
2119 1185
2653 1053
2901 1013
1868 1081
1512 1211
2142 1184
1876 1259
2087 1267
1294 1418
2530 1382
1708 1051
2587 1383
1930 1201
552 1395
1633 1062
1084 1352
1271 1237
2962 1475
500 1083
1352 1390
1172 1455
1358 1004
2572 1373
1915 1236
920 1041
1235 1188
1100 1278
995 1268
2097 1059
2022 1049
1292 1055
1451 1144
797 1303
2608 1465
1857 1112
779 1114
2924 1358
2322 1287
1879 1406
980 1225
583 1342
785 1326
2124 1090
591 1337
705 1031
1045 1445
1734 1474
2929 1259
2531 1293
1927 1316
2389 1187
757 1221
2789 1295
1003 1350
1013 1370
2652 1136
1536 1048
2480 1246
1967 1375
2603 1282
552 1128
2955 1393
1874 1412
1555 1236
2182 1274
1715 1404
561 1079
1235 1233
1199 1371
2391 1413
2272 1423
719 1472
1497 1370
2240 1436
2992 1012
2701 1054
1804 1113
1500 1420
2577 1290
2865 1495
2175 1434
1366 1385
2346 1153
779 1495
1661 1304
1122 1204
2549 1190
2477 1168
2365 1201
1133 1118
2637 1086
2390 1044
1966 1102
2857 1216
1552 1390
1470 1436
1632 1389
942 1196
1684 1023
1320 1031
2481 1416
2963 1155
763 1103
1973 1085
2342 1198
1849 1215
1561 1484
2523 1320
2234 1388
1512 1071
1911 1368
1352 1222
1216 1320
1042 1468
1550 1389
1701 1305
804 1123
1685 1148
1016 1169
1344 1327
563 1316
2258 1064
2276 1313
2189 1294
1936 1345
1345 1286
1404 1182
2640 1117
1701 1274
1294 1450
1870 1170
1861 1069
783 1285
2550 1020
821 1174
2040 1235
1434 1113
1135 1028
2191 1369
735 1287
2275 1469
1029 1232
987 1342
528 1192
1231 1292
642 1355
2637 1434
2242 1280
2353 1213
1137 1040
1140 1198
637 1009
2564 1420
2592 1150
1119 1263
505 1374
2722 1243
665 1106
1554 1069
937 1459
1413 1429
2607 1418
1868 1018
2903 1179
2414 1216
749 1260
1013 1419
2311 1089
2681 1408
1775 1399
2702 1450
911 1265
2771 1039
2419 1099
1282 1358
2522 1450
1918 1128
2284 1153
2031 1000
1047 1465
1956 1162
1348 1360
1605 1379
2111 1087
2405 1215
1082 1492
731 1316
2909 1130
2654 1058
2843 1458
1570 1094
2861 1325
2723 1438
2314 1140
2415 1457
2403 1149
1128 1431
751 1358
777 1125
1893 1032
2033 1084
938 1134
2174 1144
2636 1044
2615 1251
593 1368
2894 1341
2328 1478
1442 1361
851 1328
1138 1240
2474 1407
1697 1046
1746 1169
1750 1073
1949 1334
906 1335
2610 1215
1958 1377
2992 1274
1366 1075
525 1270
1102 1410
1843 1187
1250 1354
1331 1073
910 1362
718 1115
2976 1155
1116 1178
1354 1036
2645 1092
2173 1396
1686 1471
1524 1431
2986 1408
2376 1217
1883 1296
769 1482
1377 1488
1840 1056
2829 1463
2436 1098
800 1246
705 1137
1594 1121
1639 1196
1523 1072
1864 1115
2101 1142
1442 1144
2869 1312
2158 1135
1805 1448
827 1378
884 1053
2565 1486
832 1092
1837 1479
2073 1198
1841 1357
1118 1399
1663 1371
1838 1234
1858 1219
1777 1240
843 1059
2134 1335
2603 1121
1841 1391
1756 1138
891 1174
1898 1065
1065 1399
1123 1199
1604 1130
1885 1437
2841 1485
1860 1249
739 1346
1527 1114
2533 1041
782 1469
605 1437
1188 1110
2972 1170
2622 1219
2368 1157
2484 1396
667 1271
1108 1144
1850 1436
2072 1332
925 1397
2260 1324
1766 1197
859 1110
2740 1098
2456 1425
2413 1109
2080 1358
1163 1492
1910 1275
2173 1006
2432 1213
2706 1293
512 1200
1087 1157
1449 1143
1329 1109
2066 1008
2708 1084
1783 1111
2047 1321
1331 1405
1599 1188
2367 1127
1815 1167
2294 1237
1173 1078
1943 1079
1794 1443
2119 1111
2498 1278
566 1178
2788 1394
1266 1398
665 1274
2547 1304
1477 1138
2615 1040
660 1498
2737 1188
2114 1307
2356 1146
2188 1123
2236 1112
2228 1156
777 1141
1373 1170
1279 1218
1960 1309
2150 1263
2923 1052
2132 1376
1838 1290
2007 1238
830 1416
1548 1044
2026 1157
2737 1371
565 1320
872 1310
2816 1010
717 1059
2274 1212
953 1452
2076 1361
2485 1026
704 1366
2396 1317
1500 1096
2542 1300
1336 1266
2256 1222
2671 1344
1762 1411
2447 1427
1265 1260
1813 1321
2655 1308
880 1447
2583 1194
2392 1300
2392 1300
788 1312
1974 1223
2140 1048
2901 1258
2749 1130
986 1200
967 1302
516 1391
2760 1455
2994 1399
1951 1226
1917 1013
1946 1317
572 1234
2915 1239
1005 1423
2749 1052
2651 1317
1246 1289
1967 1471
691 1102
792 1380
1855 1223
1697 1451
548 1142
1508 1276
984 1492
2181 1080
2750 1297
2123 1073
1721 1143
957 1207
1405 1235
2048 1069
2917 1167
2161 1096
2562 1204
1549 1122
1580 1059
729 1203
539 1058
2193 1409
972 1042
765 1135
2048 1056
2494 1449
2419 1256
1466 1286
2263 1068
1641 1486
1026 1104
1040 1293
532 1339
2364 1496
1902 1063
1638 1321
2801 1081
828 1106
2867 1070
2470 1168
2170 1121
2711 1397
1707 1421
2495 1457
906 1069
1302 1065
2964 1168
770 1478
1833 1343
664 1039
2897 1347
526 1337
1921 1464
2133 1495
725 1394
937 1136
1723 1405
1416 1415
2564 1311
1686 1408
1788 1329
2368 1302
2802 1134
2564 1087
1095 1417
1791 1432
1405 1194
1264 1278
1863 1475
626 1498
1502 1331
2379 1051
1270 1421
1155 1039
2883 1336
974 1104
2300 1273
1114 1394
867 1290
2004 1274
2275 1308
521 1281
2504 1363
1275 1124
2658 1359
1327 1412
1545 1317
2743 1095
1576 1037
1858 1194
2204 1140
630 1278
717 1449
1302 1347
2373 1277
2845 1135
2938 1315
2890 1025
1923 1433
660 1484
1317 1231
1520 1096
1199 1463
631 1003
1882 1001
1813 1362
2008 1303
1991 1058
2278 1245
2354 1257
986 1130
2150 1227
1106 1323
605 1295
2073 1389
784 1368
2174 1259
2813 1495
2173 1473
894 1273
2043 1350
1217 1220
1361 1378
2562 1164
993 1237
789 1402
1375 1021
2153 1043
981 1082
2655 1291
2791 1079
2455 1428
2677 1299
2288 1199
1291 1247
2478 1370
1215 1054
976 1212
1684 1016
806 1255
509 1435
2975 1039
1110 1147
2680 1265
716 1154
2896 1120
1730 1066
2934 1276
2503 1043
2173 1063
2187 1165
1792 1197
1958 1011
659 1472
2235 1072
1019 1404
1884 1065
514 1157
1618 1361
684 1467
2196 1205
731 1128
2383 1468
2465 1361
2893 1100
1397 1246
2166 1031
1790 1477
2730 1418
2433 1049
1807 1228
724 1169
1437 1366
2639 1137
2971 1355
1189 1058
1290 1122
2568 1494
2418 1238
1040 1260
654 1260
1152 1000
2418 1240
1387 1268
604 1128
1300 1451
1092 1160
1537 1082
2027 1405
2224 1182
2620 1284
2984 1420
2869 1145
2711 1032
536 1018
1763 1280
1779 1195
2543 1067
582 1448
1145 1443
1491 1274
2446 1473
2316 1007
2347 1263
2178 1311
858 1240
2913 1031
1094 1225
890 1123
2605 1449
2966 1007
1849 1402
2135 1088
1571 1032
1655 1310
1334 1469
2731 1473
646 1274
2803 1208
1650 1404
517 1483
1329 1077
2027 1067
638 1070
2539 1182
2573 1005
2521 1212
1089 1135
2789 1145
1726 1467
2317 1495
1841 1413
900 1355
808 1157
683 1192
1941 1207
961 1333
1994 1026
2508 1075
1361 1150
1496 1349
727 1019
1346 1274
1872 1065
2619 1107
1327 1204
930 1225
1538 1099
2228 1309
2772 1237
2354 1027
1186 1227
2249 1324
2588 1281
1501 1309
1214 1409
1380 1496
1809 1380
2057 1477
1876 1094
599 1461
1798 1023
2126 1366
2160 1092
1800 1087
2258 1043
1259 1441
2933 1309
2804 1468
2794 1192
513 1231
1158 1182
836 1429
622 1010
2367 1336
1075 1158
1853 1410
526 1468
632 1088
1524 1293
2261 1146
683 1081
2417 1310
954 1155
910 1182
1417 1433
919 1312
1601 1375
1007 1493
2078 1334
1278 1154
1925 1328
1695 1005
1207 1248
2600 1473
2064 1140
937 1422
527 1219
2815 1171
991 1260
1111 1096
2378 1045
2109 1162
2649 1487
2469 1008
2852 1055
750 1258
1253 1111
688 1170
692 1464
2541 1178
1715 1321
1665 1441
2991 1005
1710 1035
2207 1446
1888 1018
1385 1042
1869 1498
1570 1286
1637 1227
2611 1145
1042 1199
2543 1363
2554 1065
2141 1222
2129 1153
2734 1394
988 1340
1793 1375
1047 1185
1449 1065
2685 1321
2637 1003
1513 1016
1949 1266
2754 1048
1940 1065
2028 1035
2340 1315
2772 1360
1660 1051
1537 1255
2752 1294
2619 1383
2702 1059
1196 1235
560 1497
1408 1278
2902 1200
2661 1071
1693 1489
1795 1047
2330 1064
1362 1366
2609 1479
1522 1420
2595 1087
1778 1077
2837 1194
1234 1075
765 1444
1501 1461
1053 1053
2643 1150
1860 1304
1335 1322
2290 1305
1588 1489
863 1282
783 1052
1534 1276
947 1215
818 1121
2430 1153
1633 1233
1260 1296
613 1412
2411 1144
2891 1460
1385 1200
1544 1125
2396 1300
1512 1320
1779 1239
1756 1157
717 1340
554 1228
1851 1450
2388 1242
2924 1169
1120 1052
2618 1014
2764 1249
2023 1261
1021 1295
2687 1052
2200 1065
2006 1034
2617 1175
2035 1475
1265 1404
1237 1017
1849 1095
583 1174
1211 1192
2304 1339
2984 1236
1058 1376
1928 1120
2640 1497
2564 1377
2708 1173
1977 1281
1027 1358
2841 1459
2637 1326
1295 1331
1185 1489
2200 1419
2791 1058
1185 1262
1474 1075
2556 1072
2996 1007
2718 1019
1061 1425
1665 1436
1457 1410
868 1304
2110 1344
2886 1438
2106 1402
1195 1346
2009 1004
718 1428
2197 1240
968 1314
759 1222
2060 1244
572 1431
1060 1488
1334 1303
1428 1483
2540 1474
2397 1454
705 1402
1908 1339
2787 1137
2736 1100
2741 1127
2610 1164
921 1084
2487 1085
679 1206
2984 1157
513 1424
503 1150
2942 1005
2720 1425
2187 1338
1869 1073
1879 1492
2481 1041
2892 1098
2917 1232
2417 1443
1248 1031
2448 1061
1966 1058
2467 1417
2490 1379
1068 1248
1930 1350
881 1283
1001 1237
1277 1230
2134 1031
2756 1227
1460 1051
830 1116
1163 1135
2491 1019
968 1256
2253 1343
723 1438
1409 1338
1661 1343
2875 1463
1380 1419
604 1258
2414 1312
1867 1209
2051 1080
2930 1080
1949 1102
2175 1124
2949 1023
1208 1335
2627 1189
2671 1047
1099 1210
1168 1049
849 1114
2993 1135
1375 1021
2134 1205
1095 1080
1624 1227
1976 1430
1515 1038
1542 1331
1461 1386
1113 1138
2667 1386
1671 1455
1771 1341
1799 1032
1239 1317
915 1121
2410 1386
1633 1478
1682 1079
1165 1054
1297 1402
1459 1321
1774 1367
886 1499
1033 1073
1765 1343
1064 1306
1834 1052
1752 1489
1444 1173
2315 1278
2004 1441
1039 1459
2886 1131
1087 1047
2942 1434
2714 1170
1626 1182
2548 1439
2023 1353
2178 1430
600 1212
970 1263
2408 1310
854 1462
2521 1234
547 1316
2792 1152
1841 1296
1494 1136
810 1091
812 1330
1169 1242
955 1445
730 1022
1899 1152
1378 1360
1404 1382
2586 1153
961 1029
2791 1206
647 1184
2389 1322
2763 1061
1839 1039
1458 1330
1734 1262
1500 1318
2471 1309
2629 1134
970 1031
2230 1117
2294 1013
2937 1171
2529 1047
1016 1468
611 1188
2679 1244
1817 1400
1103 1214
1850 1429
2196 1299
2778 1235
2709 1086
1381 1382
1452 1394
2822 1242
1927 1104
2169 1288
762 1069
1489 1179
598 1319
1194 1094
2182 1429
1517 1402
1839 1268
2169 1264
803 1205
946 1057
2028 1349
2161 1423
585 1387
2525 1216
2854 1127
783 1317
923 1450
1067 1420
2170 1311
1129 1391
1459 1061
2724 1163
1141 1307
1919 1184
2604 1480
1300 1175
2365 1367
2355 1062
1354 1013
1196 1098
2266 1157
2699 1475
1445 1056
2019 1388
871 1267
2896 1100
1007 1415
1871 1412
555 1301
978 1263
661 1425
570 1025
2458 1494
812 1167
2673 1082
2867 1322
2681 1131
969 1344
1488 1419
859 1433
1352 1297
2831 1329
2900 1105
2354 1082
1560 1272
1852 1349
2249 1022
2009 1455
2312 1094
2579 1361
1673 1131
1280 1497
516 1424
558 1189
2650 1177
653 1061
1898 1293
1516 1046
732 1328
1111 1307
1680 1363
1865 1319
1985 1184
778 1029
1634 1171
2136 1043
565 1306
1732 1175
2168 1196
1261 1459
964 1369
1083 1424
2956 1122
903 1003
1804 1161
2208 1142
1102 1107
1628 1059
506 1224
918 1017
1442 1118
967 1381
2954 1452
1914 1326
2800 1497
2509 1105
2236 1265
2737 1470
1797 1455
1019 1039
2073 1153
2485 1309
2150 1232
2648 1349
1332 1445
2159 1350
753 1038
2454 1039
2960 1342
1704 1064
775 1252
1908 1015
1532 1016
1972 1311
1755 1404
2881 1103
1975 1155
2680 1259
1174 1084
2931 1257
2517 1405
2231 1311
910 1417
851 1177
2169 1467
2393 1452
1841 1266
1716 1283
734 1152
1306 1152
2878 1029
734 1098
1135 1102
2046 1089
2214 1143
2553 1003
1541 1055
2605 1005
2922 1149
1330 1009
2323 1122
2153 1169
1750 1396
2153 1371
1184 1117
658 1474
558 1336
1313 1147
2132 1395
1127 1212
786 1151
911 1047
1272 1351
2805 1053
1131 1339
1712 1235
1448 1468
1792 1204
2536 1094
2814 1211
737 1347
1183 1092
1227 1141
1206 1163
1161 1122
2234 1410
1296 1226
1500 1262
1048 1100
1967 1130
1371 1458
1039 1390
796 1198
1514 1227
1031 1254
679 1394
566 1058
2459 1419
1866 1408
524 1149
603 1206
2456 1165
2982 1253
2679 1446
736 1371
2983 1358
609 1359
1897 1018
2774 1208
2086 1040
798 1004
2133 1044
2161 1187
1811 1282
881 1437
1590 1103
2881 1314
2544 1103
1177 1084
1427 1391
1631 1253
760 1173
2462 1088
735 1229
532 1073
2336 1477
756 1067
835 1155
1060 1127
2740 1405
2208 1084
2692 1183
2233 1074
2256 1318
2955 1136
1886 1096
2733 1237
1074 1368
1127 1110
1612 1050
1266 1015
761 1001
829 1411
1692 1034
1076 1047
2522 1321
917 1399
1653 1374
1141 1269
1600 1304
2075 1087
1584 1162
1397 1250
2560 1438
1331 1027
2100 1255
2032 1315
1278 1209
2844 1154
1431 1136
2270 1221
1135 1430
1084 1416
2896 1479
1998 1188
2411 1024
1225 1462
1566 1247
531 1025
1379 1141
2807 1440
595 1045
1386 1389
1205 1013
768 1001
2130 1180
676 1459
1540 1229
2656 1339
1616 1307
1736 1082
814 1316
1716 1250
2247 1018
1959 1024
1671 1290
2033 1281
1542 1272
1158 1282
2045 1217
1522 1433
1063 1215
2560 1374
2831 1028
2002 1493
1245 1022
1895 1215
1532 1166
1564 1459
1700 1019
653 1260
756 1240
1063 1481
1196 1021
2975 1354
1372 1478
1259 1443
1623 1394
704 1173
1101 1144
2115 1060
2022 1425
1518 1480
1247 1106
2708 1005
1024 1384
873 1234
1043 1244
2377 1112
1581 1202
1815 1154
525 1384
2411 1107
2407 1208
2786 1121
928 1148
1620 1374
1709 1290
931 1494
2925 1458
2976 1174
1033 1138
911 1001
2086 1344
1867 1090
2999 1286
1437 1134
854 1468
2256 1108
1137 1058
2467 1426
907 1350
2404 1135
2377 1337
565 1375
1789 1336
1644 1088
2749 1167
2083 1059
2324 1017
1504 1403
2325 1050
629 1271
538 1277
1285 1393
1261 1283
1764 1154
1998 1087
1261 1314
810 1128
652 1267
2551 1154
846 1473
1386 1128
1605 1156
2410 1210
1793 1283
2097 1473
2415 1340
2352 1100
2949 1050
2084 1382
1382 1211
1624 1338
1436 1496
1679 1152
627 1287
2937 1071
2526 1018
2449 1143
2539 1337
1121 1241
1662 1347
2755 1026
742 1452
1687 1011
1843 1251
1740 1394
1897 1024
1985 1206
608 1113
1943 1392
1153 1495
2304 1108
778 1379
2347 1171
1747 1149
2083 1244
2109 1119
947 1341
1782 1011
2917 1156
2683 1310
1897 1078
1469 1026
2761 1477
2634 1042
1845 1102
2636 1235
952 1410
1577 1153
1531 1244
2663 1298
2020 1408
2627 1420
549 1305
2725 1285
2230 1253
1718 1066
1242 1317
1362 1110
1844 1260
2889 1351
1012 1041
1019 1087
1952 1009
988 1238
2497 1151
1649 1022
931 1346
908 1116
2022 1202
1553 1250
2270 1380
2760 1408
2570 1421
749 1113
673 1464
1973 1463
1427 1029
630 1229
862 1285
514 1401
563 1422
1758 1464
1991 1400
1083 1025
2628 1468
2773 1213
1790 1044
2226 1044
1586 1252
1456 1013
1471 1359
2324 1011
2724 1124
1106 1143
1284 1057
2238 1444
2017 1403
2259 1150
1682 1365
2066 1089
1947 1024
2651 1434
529 1425
2606 1026
1772 1431
1102 1191
990 1078
1450 1482
1931 1405
643 1232
1861 1403
2623 1385
2838 1238
1345 1206
1465 1152
523 1377
1803 1265
1297 1335
968 1370
2695 1290
2953 1484
1960 1429
1698 1183
1790 1482
2346 1298
1739 1104
2947 1148
2551 1076
1546 1491
1670 1355
998 1049
1576 1146
1928 1104
2004 1286
1949 1056
2155 1249
1655 1181
1182 1013
2281 1311
2037 1370
2765 1216
621 1346
1301 1236
1951 1005
529 1070
898 1086
1413 1401
1635 1161
840 1008
2216 1419
2718 1349
2109 1289
1126 1381
2690 1437
852 1109
677 1040
2441 1498
868 1426
1007 1175
806 1314
1242 1003
2373 1046
2690 1283
2729 1267
1394 1113
684 1346
2610 1472
2365 1476
1814 1441
1991 1006
2774 1058
699 1244
658 1388
2187 1282
2566 1483
1913 1093
2618 1009
2358 1083
1825 1447
805 1407
1239 1131
2328 1270
2132 1397
1171 1129
2866 1402
2402 1067
2921 1152
2333 1330
522 1201
1087 1028
2411 1361
909 1173
1127 1453
520 1422
1150 1235
2505 1307
2848 1359
1301 1143
1883 1206
2986 1109
1530 1339
2933 1487
778 1004
1315 1269
1690 1012
1684 1175
694 1218
2454 1022
581 1207
511 1035
1138 1392
2394 1209
748 1414
2219 1166
1871 1063
2758 1286
1021 1263
2458 1398
2238 1118
1407 1370
1011 1198
1792 1129
1591 1104
1118 1107
2428 1161
1639 1147
1998 1354
2865 1286
2840 1208
2692 1137
1965 1234
1464 1031
1244 1032
2024 1003
2344 1137
1307 1338
1160 1036
2488 1443
2531 1243
2135 1032
1116 1430
691 1245
1538 1393
1889 1437
2099 1387
2811 1010
2947 1268
1452 1230
1685 1309
1125 1169
1372 1056
785 1426
852 1082
1394 1214
2809 1122
2228 1213
2794 1455
2428 1441
2890 1304
1111 1177
694 1210
1484 1118
2451 1122
1661 1170
2677 1219
2267 1328
726 1210
2334 1465
1496 1232
854 1155
522 1319
2116 1375
1490 1008
2028 1204
1121 1360
2496 1145
1576 1488
1836 1155
1334 1289
2062 1036
1449 1138
2488 1134
1513 1466
1353 1292
1313 1012
1225 1419
2988 1137
1974 1031
933 1361
1237 1214
1018 1062
2497 1406
1772 1484
729 1490
2077 1179
2935 1213
1530 1050
1271 1227
1858 1146
2093 1447
1348 1049
2425 1129
2858 1001
1358 1354
2648 1408
2001 1482
2193 1247
2882 1046
2257 1315
2292 1249
2820 1472
2958 1278
748 1025
1786 1264
1080 1322
2729 1316
1718 1024
2068 1266
1465 1445
2671 1245
1771 1250
2965 1202
2903 1095
1101 1239
2462 1460
693 1047
1463 1131
690 1273
1840 1294
1483 1266
2580 1083
1212 1352
2866 1344
742 1145
537 1404
921 1073
634 1073
1682 1080
500 1492
1051 1431
1305 1100
2174 1376
1793 1464
1729 1381
2998 1010
545 1465
1987 1050
609 1232
2867 1311
1315 1072
2665 1292
1800 1024
1222 1133
713 1465
1402 1348
1069 1118
2871 1215
1174 1206
2348 1028
2509 1484
2752 1288
755 1318
1120 1448
2800 1373
1805 1164
1899 1227
1694 1390
1369 1102
2761 1236
2977 1084
754 1050
1764 1186
1332 1279
714 1192
536 1492
1700 1205
2962 1349
526 1171
709 1482
1289 1306
1439 1119
890 1105
2970 1282
1843 1444
1274 1033
1669 1293
2238 1422
1267 1160
2304 1133
615 1328
788 1026
668 1257
1676 1104
1590 1058
2221 1295
2577 1368
676 1377
1286 1368
1738 1078
1562 1253
2093 1107
1949 1213
2020 1115
938 1202
1229 1243
2918 1146
1626 1056
1912 1385
1203 1117
1485 1030
1299 1050
1430 1126
679 1170
2167 1345
2221 1467
1427 1211
2624 1280
1757 1095
2208 1125
729 1319
1888 1170
1189 1096
1910 1042
681 1039
1577 1248
1928 1476
2606 1306
752 1372
709 1337
2303 1476
1360 1431
1539 1254
2639 1464
1923 1305
1875 1091
1067 1155
1895 1154
1845 1065
1665 1105
1837 1011
2808 1480
1151 1483
530 1107
1512 1156
859 1014
1693 1410
1261 1384
2640 1480
1610 1469
1872 1350
2089 1264
2252 1275
2334 1190
1253 1385
2203 1188
1633 1447
2719 1437
753 1053
1769 1311
2611 1009
2454 1070
1996 1259
592 1181
2215 1475
2372 1074
1980 1303
1616 1107
943 1464
1047 1430
2255 1001
1816 1094
1959 1076
2814 1113
1741 1167
2788 1336
626 1462
1133 1261
1976 1054
2175 1248
1328 1462
1933 1461
1175 1390
1369 1352
1893 1401
2011 1017
1924 1254
2344 1355
1610 1005
1650 1129
2393 1090
2445 1048
1537 1396
1004 1213
2322 1113
1490 1080
2818 1033
806 1257
1493 1443
2652 1046
2297 1462
2654 1116
2140 1023
1138 1492
1625 1057
2694 1344
1850 1341
1916 1085
1731 1428
2434 1406
1864 1403
1241 1281
943 1409
1552 1359
626 1206
2331 1065
658 1467
851 1179
2944 1372
1658 1395
2945 1370
2327 1452
2441 1460
2866 1374
2132 1215
2844 1065
2452 1413
2892 1428
1341 1173
2706 1478
569 1120
2158 1070
2031 1173
1426 1415
1151 1472
2166 1431
1047 1269
1062 1061
2573 1370
917 1385
2779 1028
933 1052
2500 1014
626 1287
2557 1211
1249 1383
2036 1290
807 1160
2272 1238
1008 1420
1948 1041
1073 1435
1688 1197
1795 1227
2880 1339
984 1004
2001 1110
2991 1029
2241 1395
2070 1053
1343 1224
2633 1184
2361 1057
1775 1492
2108 1399
2677 1101
2266 1394
1056 1273
2121 1365
2258 1481
594 1224
846 1257
1576 1087
2045 1294
2514 1054
2351 1266
2896 1141
1203 1045
538 1378
2087 1385
1620 1075
854 1361
567 1116
1793 1265
691 1010
2383 1408
1587 1414
1581 1374
763 1169
1600 1286
908 1168
1042 1475
775 1009
2893 1074
2148 1395
1164 1306
832 1037
1441 1183
1724 1189
565 1314
2945 1405
2701 1295
2176 1367
2757 1330
778 1031
1627 1345
2024 1153
639 1445
1232 1191
704 1052
2158 1293
1979 1311
2810 1478
2977 1273
1564 1200
782 1027
2394 1304
2209 1119
1619 1065
1587 1118
2029 1194
2505 1274
2786 1384
2397 1136
582 1486
2259 1042
2374 1388
539 1422
2567 1081
1580 1387
699 1372
641 1409
866 1267
1358 1455
1373 1365
506 1332
2770 1141
1579 1283
1182 1326
1278 1384
1863 1293
2924 1456
661 1369
884 1315
1246 1000
1706 1014
1233 1379
2898 1404
1538 1440
1374 1491
1815 1478
811 1399
2741 1486
1929 1219
2141 1241
1091 1053
1391 1311
1810 1334
1396 1468
1995 1422
2810 1165
2157 1056
2751 1278
1189 1491
2033 1180
1503 1212
556 1433
1892 1471
2211 1253
1292 1394
2516 1175
1456 1393
1680 1140
2708 1369
2590 1074
2303 1027
2144 1077
1448 1344
2858 1264
2787 1254
2345 1201
2020 1464
2685 1017
2115 1104
2998 1074
1963 1366
580 1005
838 1159
752 1248
2486 1209
1409 1310
981 1131
2759 1373
2647 1096
1424 1277
1730 1254
520 1449
2883 1037
903 1253
2544 1169
1472 1434
1677 1143
1005 1162
1934 1217
1157 1443
2508 1139
2609 1060
1792 1068
2861 1096
1655 1384
578 1063
1859 1436
1538 1367
1592 1410
889 1208
1783 1299
2131 1407
1871 1311
2454 1190
607 1127
1184 1461
1022 1243
1157 1061
2135 1151
528 1199
2137 1357
1025 1257
1179 1130
942 1113
1503 1485
2994 1190
2795 1319
1949 1081
2118 1282
2502 1298
1089 1095
882 1444
1485 1452
1615 1282
2954 1024
1222 1408
2774 1350
2554 1258
1933 1181
1970 1359
2146 1243
569 1147
1481 1182
1626 1124
2400 1032
1733 1345
1304 1278
1011 1405
2305 1432
1921 1293
1210 1291
2697 1149