5550 5000
2172 1362
1527 1202
1732 1046
2202 1065
1949 1031
1594 1343
529 1455
2875 1065
2939 1364
1074 1061
2958 1227
1048 1387
1515 1230
1589 1384
1394 1388
1859 1479
998 1102
939 1059
1043 1073
2145 1485
2135 1082
643 1233
1057 1413
2721 1056
2063 1031
624 1405
2053 1356
1707 1287
2118 1488
940 1480
2948 1052
1405 1053
787 1284
701 1134
1188 1302
2390 1230
1371 1035
2038 1132
1556 1220
990 1401
2502 1138
2029 1381
1101 1062
1101 1213
2347 1070
1863 1436
1977 1484
2662 1363
1788 1442
2427 1238
784 1208
689 1014
2740 1443
2476 1478
985 1185
2959 1028
676 1073
2938 1386
662 1196
1702 1099
1577 1184
2420 1488
1919 1023
1474 1438
1184 1099
2097 1293
1285 1208
1079 1244
2789 1380
1117 1066
2393 1456
2670 1282
2198 1182
1123 1380
792 1246
2307 1423
2592 1292
2858 1319
904 1016
2435 1411
1703 1012
1732 1059
2947 1386
2442 1480
744 1087
753 1239
1184 1186
652 1368
2004 1472
2486 1181
1274 1152
1944 1106
1384 1472
2624 1276
2053 1097
2364 1181
2144 1472
1826 1396
1935 1280
2672 1099
862 1387
2904 1489
2749 1042
1112 1078
2632 1359
967 1356
2691 1343
1168 1351
2776 1432
2837 1134
1861 1089
1956 1341
537 1294
2183 1457
1743 1039
2865 1135
2063 1389
1062 1119
2534 1072
2580 1236
2655 1458
750 1290
1614 1498
2532 1249
1887 1214
2219 1047
1748 1099
937 1442
766 1205
781 1273
1247 1247
1834 1390
883 1104
943 1010
1172 1488
2639 1168
1974 1427
2459 1206
1730 1165
1204 1095
1710 1042
665 1041
1210 1125
1922 1049
1751 1475
1870 1149
2146 1070
2218 1150
1225 1396
2204 1079
784 1307
1070 1106
2839 1112
1726 1286
2009 1390
1131 1113
685 1089
2824 1258
2513 1062
2337 1490
1868 1329
1545 1117
1035 1168
1358 1027
2215 1220
1375 1100
2395 1112
2388 1234
2334 1439
2347 1110
1688 1055
2394 1102
1313 1047
821 1057
2118 1263
947 1024
2524 1078
2145 1115
2864 1320
1716 1340
1984 1204
2447 1010
1610 1017
2038 1367
2313 1312
1701 1372
2626 1027
2377 1001
2755 1472
680 1406
899 1052
1047 1348
2762 1365
1062 1415
2698 1324
2068 1363
1511 1038
2616 1007
1895 1243
2375 1281
2791 1122
1717 1422
1456 1348
2689 1493
2767 1028
2464 1026
2368 1216
1083 1213
1560 1270
1950 1186
2411 1031
2156 1354
1445 1499
1199 1430
1244 1210
2535 1134
1865 1110
1082 1402
1345 1020
848 1389
2871 1404
2601 1476
2299 1025
1743 1173
2890 1095
2200 1000
692 1098
2634 1255
2974 1069
533 1154
1977 1218
2579 1441
2211 1005
2080 1237
2816 1183
970 1087
2089 1356
1253 1041
929 1016
2407 1355
2988 1289
2462 1185
2387 1380
740 1428
1137 1230
964 1206
1989 1030
1473 1079
1391 1132
2387 1258
609 1167
1092 1463
2140 1121
732 1236
674 1383
899 1077
2309 1202
1230 1461
2877 1088
2785 1026
1681 1386
955 1179
2761 1166
1423 1367
1716 1302
905 1080
812 1362
973 1246
2795 1483
1510 1075
584 1152
726 1068
2660 1086
2093 1089
1816 1032
2463 1386
943 1408
1703 1441
1786 1313
2847 1328
2295 1426
1135 1304
2845 1236
2175 1247
1854 1079
1252 1268
1676 1123
2858 1032
1211 1321
514 1348
606 1037
1586 1141
929 1214
2060 1407
2703 1259
1800 1049
2429 1224
827 1025
2740 1341
2009 1438
1474 1142
1085 1249
1136 1333
2834 1262
2858 1357
1758 1392
2046 1348
1780 1483
2279 1226
1874 1350
2223 1157
2261 1057
2108 1484
2398 1315
1094 1182
1613 1373
1493 1472
878 1448
919 1123
793 1412
1094 1164
1793 1110
1395 1146
2795 1325
2226 1274
761 1224
2427 1156
2938 1053
565 1263
2474 1093
2441 1274
2760 1260
1992 1269
752 1142
1064 1466
557 1261
864 1222
2329 1349
1267 1356
2417 1433
2025 1196
1835 1091
822 1112
2245 1414
1079 1247
2557 1385
2896 1183
1595 1143
1722 1363
1249 1423
2490 1321
1717 1487
1486 1150
610 1269
2182 1207
1197 1137
1226 1120
2512 1465
2500 1393
2549 1304
1889 1310
2894 1204
2777 1081
2066 1363
1875 1342
884 1293
1485 1369
983 1364
518 1093
2902 1225
2235 1308
1537 1441
2450 1427
1878 1494
811 1227
1720 1175
1632 1163
606 1062
1507 1224
1469 1272
688 1173
973 1192
2998 1084
2954 1380
2216 1306
659 1075
2061 1487
1785 1339
787 1269
1468 1301
1296 1315
2158 1250
809 1464
1029 1056
2042 1162
2665 1309
2775 1470
2358 1160
923 1102
1366 1209
2901 1270
2283 1209
833 1122
1410 1165
666 1061
1463 1269
2658 1435
2123 1280
2492 1012
2972 1384
512 1060
1677 1082
1314 1179
2443 1025
1268 1018
1266 1421
1594 1194
788 1295
699 1010
2393 1005
1699 1445
1950 1363
1931 1242
2595 1060
501 1213
2953 1373
1045 1033
2464 1006
2652 1352
2174 1143
1761 1335
1535 1233
1141 1072
1735 1201
2745 1075
2726 1182
2889 1082
1803 1372
2640 1131
1134 1071
2060 1410
625 1041
1389 1221
2189 1138
2190 1067
1374 1333
1233 1096
2379 1387
1316 1074
1229 1419
2528 1307
2182 1172
2650 1343
1798 1292
1175 1011
2689 1362
2157 1252
2036 1182
757 1451
1231 1141
1244 1328
2601 1150
1559 1147
1133 1437
1104 1302
522 1089
2475 1284
1679 1288
2754 1092
1686 1224
1824 1150
1017 1139
660 1084
1284 1390
2821 1349
1996 1492
1989 1209
1218 1022
2254 1370
2171 1366
2793 1241
768 1276
685 1443
2056 1079
2793 1120
1817 1476
759 1040
572 1047
573 1469
1673 1262
2268 1379
2971 1324
1545 1043
1179 1191
1017 1088
698 1036
2994 1079
2284 1391
1905 1357
811 1008
1120 1164
1511 1203
738 1264
2519 1077
1336 1439
1264 1287
1799 1416
2270 1169
1382 1304
1533 1337
796 1279
2145 1104
1974 1168
1052 1358
2187 1322
1070 1126
2733 1078
1233 1426
2792 1137
1432 1487
1803 1441
1666 1466
1080 1078
2489 1023
1370 1473
791 1138
1787 1318
1141 1103
2143 1397
2667 1110
1695 1090
1775 1409
2636 1459
1418 1238
2820 1081
2228 1041
1855 1356
1900 1335
2961 1302
2201 1335
1038 1077
1175 1048
2488 1383
2481 1477
791 1124
942 1223
2413 1132
718 1480
2952 1003
2399 1370
1320 1442
975 1047
1122 1139
1512 1334
1019 1212
1650 1057
2513 1152
1873 1189
969 1023
1088 1074
2083 1378
941 1260
2497 1266
518 1135
2895 1208
2400 1224
2350 1327
2802 1160
936 1307
815 1203
2150 1257
1293 1172
2282 1317
1742 1218
2361 1358
2807 1416
1234 1455
1495 1444
1844 1244
2517 1228
1713 1321
1966 1068
1514 1109
561 1329
2964 1205
2773 1325
1073 1020
1954 1284
612 1184
1285 1018
1242 1229
1791 1159
1274 1268
2456 1301
2920 1247
2326 1403
634 1318
770 1386
1497 1124
2153 1222
1480 1385
1083 1426
2416 1418
1556 1138
1097 1319
1313 1092
512 1397
2768 1326
2590 1061
974 1343
1838 1236
2362 1023
2590 1226
1834 1101
2120 1369
2910 1206
2932 1192
1132 1045
2377 1043
2190 1304
2041 1282
1610 1241
1104 1151
1415 1198
2724 1263
1147 1047
1581 1358
2016 1412
2407 1061
1067 1451
1434 1184
2874 1309
2876 1211
2339 1320
1146 1407
1541 1213
1038 1292
2922 1456
2456 1207
2525 1105
1912 1416
810 1371
2623 1182
2239 1052
2483 1476
2982 1008
626 1167
2754 1247
948 1044
1165 1125
1924 1189
1631 1188
1376 1012
1722 1242
906 1283
557 1262
1440 1215
961 1104
2123 1397
1662 1352
1746 1245
2862 1294
2738 1049
2150 1447
2351 1156
2362 1422
1831 1107
1088 1045
1648 1032
2831 1296
2922 1236
1482 1140
2637 1419
1063 1276
853 1196
1665 1411
2999 1323
2393 1197
2940 1471
1567 1289
1683 1036
1816 1284
2995 1014
2224 1458
2968 1203
2884 1060
1100 1053
1476 1112
2702 1044
2706 1250
2389 1282
2286 1117
2781 1478
1380 1090
1860 1431
2478 1333
1925 1314
1207 1180
1502 1024
1509 1249
1506 1471
1013 1143
2475 1426
802 1049
2475 1435
1046 1484
2478 1168
521 1227
930 1037
886 1466
2808 1291
1866 1164
1310 1260
2557 1412
2808 1070
2842 1456
1636 1042
506 1346
2616 1408
1066 1210
791 1270
2518 1257
756 1429
1856 1218
2665 1038
1521 1298
2393 1369
2066 1094
1933 1022
576 1011
2350 1161
599 1063
1714 1349
1117 1241
1058 1246
1494 1237
1863 1302
793 1382
2073 1054
1664 1071
2081 1194
1113 1032
1371 1495
2235 1172
2079 1370
2688 1281
568 1238
1487 1222
2532 1378
2038 1082
825 1432
1530 1163
1793 1241
2856 1470
1725 1408
1532 1354
1620 1238
1259 1346
2136 1214
1900 1296
2754 1441
2260 1365
825 1298
2267 1386
1496 1306
900 1034
1853 1208
2469 1252
1527 1080
1552 1406
2784 1396
1194 1011
702 1312
783 1045
819 1466
2654 1000
2182 1232
1689 1347
841 1267
1614 1260
2028 1418
1531 1330
1326 1201
530 1259
1067 1445
1058 1391
2927 1030
2590 1051
2292 1129
1964 1179
2250 1088
679 1317
2931 1041
1311 1159
2035 1095
2855 1100
1355 1491
2839 1086
2293 1271
2605 1179
1961 1315
682 1029
1899 1233
2872 1470
802 1126
711 1341
1694 1040
1637 1082
782 1204
1016 1068
1635 1455
2221 1287
1037 1398
2954 1371
1620 1377
745 1497
895 1247
1210 1085
1673 1490
2659 1103
2471 1203
988 1391
1329 1394
1668 1365
2859 1315
1640 1209
2528 1443
607 1047
2710 1217
1621 1209
2734 1146
2632 1269
575 1226
2243 1369
2296 1079
2668 1322
541 1075
2298 1312
1488 1423
2171 1435
994 1419
881 1311
757 1355
2120 1025
2537 1064
641 1248
1195 1289
1623 1261
1504 1465
2792 1133
2144 1362
625 1272
2711 1484
2493 1090
1958 1279
572 1309
869 1328
1297 1437
1278 1293
2117 1443
2757 1310
1185 1483
1508 1445
554 1018
1432 1283
1087 1015
2843 1235
2426 1040
518 1278
2151 1186
2908 1332
2307 1354
842 1176
2723 1257
2270 1092
2836 1084
994 1059
2262 1066
841 1191
1219 1002
686 1398
1057 1046
1653 1097
1588 1139
2294 1066
1791 1205
1670 1057
1953 1387
633 1313
2531 1131
1000 1058
1389 1147
1488 1014
710 1401
2880 1020
515 1088
2727 1087
2973 1329
1532 1317
1871 1296
1848 1203
511 1027
1514 1182
1645 1004
2542 1457
1875 1008
2459 1027
1256 1455
1031 1072
1346 1431
2538 1373
1454 1036
1086 1456
2496 1329
1777 1041
2052 1177
2183 1356
940 1109
626 1392
1920 1059
1242 1131
847 1320
983 1035
1023 1234
2579 1166
1124 1218
1394 1075
581 1122
1458 1227
1365 1375
1474 1144
2745 1398
1766 1433
747 1292
1528 1149
541 1156
2831 1207
2350 1406
1941 1057
2725 1359
714 1324
1703 1109
1644 1429
1114 1049
1576 1462
2859 1417
2884 1079
2488 1037
2515 1291
2484 1345
1649 1155
1951 1152
630 1181
727 1074
527 1133
2760 1357
2503 1147
1093 1159
2359 1410
1995 1013
1359 1294
2964 1057
2282 1381
2452 1198
540 1020
1015 1391
508 1235
1232 1480
2013 1229
1420 1071
2316 1278
1573 1468
528 1214
648 1421
1229 1488
711 1291
2371 1048
2120 1354
1353 1476
1040 1424
1316 1296
2318 1280
1907 1355
2600 1441
741 1131
687 1384
2571 1031
2413 1142
1758 1485
1315 1491
1534 1256
2617 1035
1561 1053
1038 1477
1637 1172
2518 1369
831 1182
2353 1351
1718 1408
2579 1146
1399 1028
1728 1056
1984 1400
2575 1273
515 1402
553 1207
2846 1397
2490 1496
2845 1268
2852 1447
2920 1108
2027 1172
1185 1114
2048 1031
2238 1366
2086 1134
1937 1404
2013 1123
879 1067
2120 1366
1474 1499
2555 1150
541 1374
1554 1187
756 1470
2993 1038
2389 1192
559 1041
2090 1118
869 1061
1435 1441
1245 1470
804 1065
2085 1197
1640 1130
915 1109
1695 1064
1854 1209
714 1063
2972 1442
1697 1300
2502 1316
2506 1330
1838 1211
1267 1091
1596 1470
2499 1045
1351 1127
2319 1346
1693 1282
1277 1248
2142 1487
2108 1335
1914 1211
1170 1176
1406 1293
2292 1290
1616 1226
1438 1444
2217 1053
2310 1464
2738 1197
2913 1211
2999 1304
713 1343
630 1306
1164 1131
1179 1447
2404 1138
861 1492
1957 1195
1764 1258
2635 1209
2063 1060
2115 1456
1968 1393
576 1254
1235 1485
2184 1112
2605 1119
2551 1039
2740 1274
2192 1274
1328 1039
859 1098
756 1482
2958 1159
1174 1479
712 1200
748 1289
944 1448
865 1030
1420 1236
1294 1361
2604 1407
2999 1079
2369 1375
2935 1458
574 1131
614 1025
922 1364
2928 1454
2880 1277
1224 1013
2370 1299
566 1345
901 1393
1028 1061
1754 1095
2661 1066
1742 1037
873 1083
1102 1432
1544 1036
2746 1224
2373 1345
2665 1109
1818 1153
2084 1163
1811 1081
1773 1192
1837 1377
2795 1460
509 1135
963 1297
2003 1000
767 1350
2563 1470
633 1125
2136 1096
1532 1370
1918 1468
2124 1359
1349 1080
2140 1073
651 1364
2766 1220
1955 1059
1202 1141
1273 1121
2433 1375
1892 1111
890 1317
2720 1021
936 1462
2344 1188
2547 1272
2482 1479
2353 1347
2209 1192
575 1228
849 1304
2682 1059
2912 1270
1949 1052
2329 1329
1235 1369
2746 1489
2812 1327
1666 1027
2305 1138
624 1260
1030 1412
532 1479
1632 1456
2364 1208
1929 1158
2436 1436
2898 1473
2818 1230
1084 1210
2857 1034
1821 1022
2096 1419
1964 1012
1207 1042
1851 1480
1289 1206
1027 1057
1775 1497
1932 1466
2403 1484
2659 1252
1877 1263
2223 1163
2517 1028
1865 1137
693 1063
2958 1396
2425 1478
1933 1163
1388 1300
645 1436
629 1113
1425 1033
2858 1237
1738 1137
1472 1294
1315 1463
1243 1252
1929 1285
2191 1343
2385 1473
1395 1143
1748 1375
991 1292
2623 1242
2106 1046
1674 1101
790 1445
2534 1033
1064 1022
1035 1188
2161 1138
2348 1191
1041 1070
2792 1370
1016 1180
2797 1011
2801 1475
669 1037
2443 1178
1124 1293
629 1302
1816 1297
2852 1282
841 1080
1517 1205
1708 1093
2762 1066
1531 1288
1494 1369
1459 1213
2568 1331
899 1387
2280 1086
2963 1023
1826 1363
1753 1119
2503 1246
1161 1481
2024 1224
584 1259
1753 1349
1914 1272
2367 1228
649 1493
2735 1103
1102 1462
2384 1209
545 1432
2161 1407
857 1101
954 1370
2866 1228
2321 1255
1281 1059
1510 1354
1749 1145
2010 1310
1289 1318
1393 1061
2697 1068
865 1144
2000 1318
735 1162
1106 1040
1775 1358
2721 1123
2461 1013
2895 1353
2483 1155
1870 1472
727 1200
1559 1251
2782 1473
2849 1292
2188 1221
1449 1261
523 1480
895 1444
2979 1429
1956 1010
1941 1306
2395 1454
2699 1022
1562 1115
992 1462
1969 1101
2948 1185
761 1170
2685 1237
2838 1174
1931 1106
1791 1192
2923 1013
637 1494
927 1487
1294 1052
686 1282
1261 1432
2154 1481
560 1018
878 1222
2790 1272
761 1441
2313 1407
1177 1499
1613 1208
2619 1283
840 1350
889 1326
994 1384
2539 1411
2480 1473
1133 1133
679 1052
1345 1413
1465 1061
731 1208
1088 1082
534 1240
2637 1034
2504 1062
894 1170
2236 1460
2710 1204
1546 1142
2455 1025
1835 1068
2778 1373
1743 1005
829 1126
876 1172
2534 1404
1999 1148
1467 1278
1042 1417
2304 1435
1650 1163
2663 1402
1552 1189
2267 1184
2103 1348
2695 1251
2801 1138
2772 1248
2737 1154
2473 1198
916 1163
1743 1020
1781 1433
2437 1222
2512 1256
2020 1226
1137 1459
2765 1122
820 1107
640 1285
2753 1471
2736 1163
2365 1079
1603 1394
1370 1349
2973 1200
1192 1415
2388 1025
2071 1439
2963 1410
1482 1300
866 1202
2797 1016
2678 1039
1626 1049
1181 1213
2678 1207
2465 1429
1228 1040
1190 1190
1644 1426
1941 1301
2043 1142
1343 1263
1825 1196
549 1490
2611 1459
2683 1461
1264 1157
2172 1022
2085 1433
2289 1437
2837 1080
2544 1176
789 1387
1450 1151
856 1485
520 1132
2283 1247
1209 1420
1580 1384
2924 1034
1517 1267
2166 1266
1173 1315
1601 1409
2620 1492
1984 1425
2518 1380
1648 1231
1444 1426
1397 1375
2246 1235
1410 1485
2581 1202
962 1313
2752 1019
2809 1147
2042 1437
977 1234
1478 1150
1608 1368
2484 1355
1461 1131
1054 1122
700 1115
827 1205
2950 1309
1073 1387
1802 1104
705 1375
2701 1053
1185 1151
963 1217
1804 1061
809 1018
2109 1414
1244 1458
1116 1164
2452 1269
2352 1377
1455 1071
2684 1065
2873 1451
2462 1321
678 1260
2550 1239
1887 1445
1644 1497
2536 1075
2894 1212
541 1469
1152 1293
2452 1408
1450 1052
1297 1363
2892 1032
1358 1264
1901 1155
2890 1080
547 1317
1562 1323
2343 1400
2783 1479
2340 1287
1214 1155
589 1236
1104 1317
2561 1478
1388 1144
1237 1116
799 1087
1950 1444
2576 1362
1278 1210
2659 1324
2318 1489
2911 1165
2500 1127
1612 1312
2902 1317
1211 1477
1951 1192
637 1200
780 1033
2284 1479
2601 1479
2753 1408
972 1065
1245 1184
603 1440
841 1372
2438 1241
538 1330
2842 1177
564 1257
2342 1178
2795 1264
1678 1480
2250 1367
814 1216
1437 1255
747 1331
529 1104
2848 1478
2648 1060
1450 1324
2081 1179
1491 1453
1596 1279
2232 1470
2250 1372
1235 1039
2729 1048
587 1217
1973 1390
2341 1199
611 1458
1407 1011
647 1492
1975 1319
1532 1381
2222 1329
2333 1371
547 1364
906 1224
1556 1150
2965 1306
892 1025
1940 1003
733 1133
543 1351
1073 1300
564 1037
2972 1182
2723 1017
1523 1408
2496 1153
643 1154
1594 1493
677 1228
1840 1381
1236 1364
2330 1215
1293 1060
1047 1471
1546 1232
832 1399
2791 1477
1452 1346
1865 1193
2627 1201
1228 1064
672 1358
631 1464
555 1338
562 1190
2800 1237
1276 1065
811 1328
819 1499
1472 1114
502 1420
531 1012
2998 1448
1946 1140
2942 1372
1524 1041
1102 1484
2528 1423
1698 1005
866 1121
1380 1383
1366 1082
640 1162
818 1193
1359 1204
2597 1215
679 1164
1039 1318
1091 1456
1138 1290
2705 1268
698 1082
2277 1037
1618 1081
980 1015
1838 1410
2368 1458
2893 1143
1212 1420
1848 1340
1970 1302
2540 1380
1974 1128
840 1407
1245 1471
1647 1262
777 1474
1506 1028
2851 1234
581 1398
1452 1174
1199 1438
1707 1327
2741 1029
2002 1194
2198 1374
2784 1483
2717 1189
1211 1465
1387 1243
2304 1488
1505 1486
2899 1166
693 1060
1093 1054
1531 1455
2122 1090
1539 1180
1315 1001
2604 1283
1129 1463
2131 1352
712 1212
1057 1276
1141 1107
1554 1101
2308 1352
1613 1066
2036 1279
1949 1094
959 1476
914 1424
2579 1007
845 1238
1984 1316
503 1056
2621 1416
2387 1271
2765 1330
2268 1329
2936 1262
2237 1457
1563 1105
2188 1302
724 1112
860 1037
740 1235
2541 1071
765 1142
1139 1021
2114 1400
547 1249
1523 1006
1096 1437
1970 1371
586 1344
2057 1057
2463 1103
1638 1262
2182 1232
1695 1250
2765 1023
2806 1366
686 1456
1318 1112
2008 1205
2921 1072
1953 1052
2116 1495
2061 1405
2665 1470
1311 1313
1907 1156
896 1212
2014 1073
2231 1310
2042 1460
1800 1393
2326 1202
2660 1198
2589 1156
2008 1031
1100 1124
1514 1395
861 1013
1282 1224
2822 1087
2987 1422
2276 1344
1329 1444
1311 1010
2522 1062
2370 1389
1502 1116
959 1026
518 1467
895 1231
1938 1426
1282 1309
538 1405
1364 1222
2513 1074
2468 1035
1224 1335
1820 1353
639 1273
2172 1137
2817 1216
2148 1200
2652 1309
1888 1318
1176 1357
2662 1375
1368 1127
1418 1081
1782 1383
1272 1114
1411 1158
2869 1097
1411 1081
1017 1290
1482 1400
2874 1380
764 1333
690 1099
551 1156
1448 1254
2364 1395
1057 1201
1022 1265
2528 1110
2980 1380
605 1497
2699 1007
2865 1345
648 1346
615 1347
780 1170
2101 1110
1691 1262
2820 1047
2039 1442
2571 1204
2445 1126
1550 1029
2085 1463
670 1130
2089 1149
728 1349
728 1028
966 1366
1851 1389
2460 1350
818 1187
624 1402
1434 1461
561 1070
2258 1479
2850 1115
867 1252
2908 1162
1932 1397
1901 1122
1941 1115
1424 1444
1076 1271
1036 1434
2485 1388
1260 1119
2339 1162
694 1186
2010 1168
952 1441
916 1232
2237 1113
2941 1296
2484 1171
2148 1217
2206 1299
2870 1368
1993 1262
615 1377
1277 1067
2253 1039
767 1233
1580 1399
1637 1326
1877 1275
949 1367
1327 1452
1304 1278
1485 1302
684 1304
2644 1191
2809 1260
2948 1494
2405 1490
2695 1431
2798 1003
522 1399
2022 1257
2395 1497
850 1097
961 1069
1375 1115
2855 1325
1585 1429
2448 1134
1915 1172
2604 1359
2219 1326
1823 1373
2585 1276
1832 1379
2440 1054
1770 1280
1993 1443
2449 1468
2848 1143
1449 1425
1116 1448
1548 1296
2880 1491
1975 1051
1692 1247
1628 1201
509 1238
2127 1453
888 1342
1936 1448
1320 1208
2043 1083
2808 1449
538 1146
1343 1387
813 1476
666 1282
2936 1378
2804 1469
1986 1104
2842 1070
1836 1354
713 1287
2385 1423
1862 1468
2707 1469
1084 1294
585 1357
1762 1371
1278 1492
2565 1208
1831 1283
887 1269
1703 1186
1011 1156
1790 1104
2568 1123
1873 1035
1569 1348
1907 1114
1689 1155
1705 1170
2286 1251
2673 1050
2453 1303
1296 1038
2716 1217
2816 1280
1970 1079
1391 1417
1944 1108
509 1304
788 1487
933 1404
2813 1463
2579 1468
989 1186
2719 1267
1758 1463
2361 1187
2352 1157
1581 1390
1274 1496
1194 1077
2466 1051
2352 1014
2762 1098
2838 1114
797 1319
1015 1415
1390 1023
1333 1130
1966 1221
2109 1170
2006 1174
1879 1405
2487 1087
1041 1157
2797 1149
1147 1330
876 1280
1982 1409
1605 1301
2671 1363
700 1356
1104 1185
2120 1285
1364 1080
2817 1242
2259 1225
2119 1189
800 1007
2819 1368
1610 1228
2067 1053
1512 1275
2654 1081
2542 1126
1800 1239
549 1255
1632 1440
1766 1024
1525 1405
2734 1250
922 1313
1191 1164
2195 1174
1822 1368
2391 1080
1569 1225
2667 1159
946 1328
1280 1318
2632 1192
2410 1339
1137 1493
2475 1410
1210 1437
2081 1107
676 1150
1555 1387
2360 1390
2360 1011
2461 1405
2404 1190
2107 1388
1436 1359
1320 1118
1437 1472
1052 1016
2556 1375
1714 1192
2300 1073
1913 1272
1961 1413
2396 1195
2391 1316
1270 1432
1330 1498
775 1315
2961 1250
2645 1283
2244 1401
1217 1157
614 1000
1121 1212
1051 1234
1175 1061
2576 1127
1503 1157
1846 1059
2215 1353
1281 1239
2004 1133
553 1480
1581 1338
993 1410
2224 1362
832 1177
548 1062
2560 1228
1261 1060
2634 1240
1534 1351
2602 1060
2345 1202
767 1117
1749 1133
1549 1067
643 1417
1808 1448
1712 1017
598 1103
2574 1387
2438 1234
908 1093
1464 1205
1811 1316
1510 1103
2367 1022
2180 1239
503 1023
1056 1370
1908 1293
2273 1271
1899 1474
834 1488
2002 1307
2781 1132
1094 1472
929 1214
1426 1013
1940 1035
2918 1236
2331 1128
2175 1189
2905 1476
2145 1440
920 1222
1574 1219
980 1191
2225 1314
1991 1328
2650 1005
1439 1436
1237 1226
2682 1416
1972 1105
629 1190
2813 1485
1532 1181
1338 1325
2290 1013
2158 1331
606 1356
520 1466
958 1254
2755 1408
1409 1227
760 1376
1350 1387
2064 1271
1347 1025
2173 1198
2366 1313
2708 1243
2973 1343
2057 1224
508 1039
1836 1344
2357 1114
1132 1458
524 1179
2405 1158
2452 1301
948 1381
1125 1118
863 1274
2569 1336
1515 1321
1945 1495
2722 1348
2400 1468
1982 1386
1444 1147
2337 1051
1811 1170
715 1107
1438 1027
860 1322
2235 1393
2401 1409
2267 1223
2623 1377
1702 1179
2270 1171
2473 1332
1731 1000
2691 1313
940 1294
1420 1460
798 1167
1832 1247
2198 1183
572 1300
2941 1294
2185 1310
2990 1289
922 1234
2461 1343
2861 1439
2397 1173
1403 1233
2754 1489
1150 1138
2651 1287
521 1072
2425 1271
1385 1294
1877 1087
908 1247
710 1236
1902 1488
1391 1016
2730 1187
1364 1203
713 1253
2541 1167
933 1333
861 1474
1289 1331
1725 1291
2991 1069
764 1183
1848 1221
508 1236
1492 1051
512 1376
1650 1122
542 1180
835 1041
507 1126
2195 1423
1966 1415
2490 1360
2239 1033
1496 1408
1051 1220
2638 1255
2096 1247
1203 1022
2943 1421
946 1367
1905 1276
916 1207
1842 1416
1617 1166
1117 1341
1404 1119
2425 1205
603 1258
1284 1432
2243 1279
2047 1183
513 1061
1247 1149
1216 1159
787 1358
1761 1417
1656 1300
885 1454
2797 1262
682 1120
1939 1456
881 1111
983 1362
1520 1378
524 1199
1402 1093
1473 1142
2544 1402
1587 1026
1788 1075
1668 1413
1429 1091
2040 1378
938 1186
1401 1090
996 1405
1532 1485
1146 1205
2595 1015
1342 1363
506 1196
1851 1206
2610 1211
784 1352
954 1066
714 1406
2827 1329
1378 1059
2327 1153
2387 1476
990 1108
2176 1066
1307 1462
1807 1148
2161 1342
2207 1082
1319 1227
1444 1328
1540 1436
1459 1028
1738 1003
2137 1320
1274 1211
1343 1379
2689 1345
2394 1331
2616 1012
2365 1477
2436 1499
905 1175
1266 1248
931 1441
773 1109
1123 1081
2628 1489
919 1042
1498 1457
660 1044
651 1365
1451 1239
2680 1141
2215 1137
629 1194
2632 1053
2551 1419
2941 1293
554 1195
1787 1059
562 1450
1925 1270
1514 1481
2265 1390
2935 1416
1966 1259
2678 1262
1109 1197
2603 1328
863 1067
2969 1237
2992 1276
1968 1445
2928 1256
2393 1045
739 1485
2098 1350
1186 1133
739 1377
2246 1073
1969 1324
1509 1425
508 1208
2095 1472
2025 1114
2570 1372
2223 1252
1914 1484
2591 1370
734 1354
854 1056
1278 1159
2595 1380
1666 1283
716 1044
1296 1014
665 1415
2706 1010
2227 1123
1472 1395
2025 1240
1819 1380
2835 1015
2877 1018
1021 1036
561 1174
2614 1080
643 1465
2849 1197
1509 1282
622 1159
2092 1122
544 1090
1503 1360
2341 1459
1507 1238
1672 1334
2358 1356
571 1492
2914 1338
1609 1304
814 1286
2891 1068
1764 1419
926 1362
804 1080
2057 1160
1586 1237
1823 1250
550 1120
1425 1253
2883 1042
1385 1457
2341 1477
846 1313
2941 1244
1803 1234
628 1406
700 1013
1909 1413
544 1057
1187 1489
815 1124
1284 1070
2452 1379
2197 1121
1459 1034
1655 1477
1940 1297
1673 1148
1401 1363
522 1158
1654 1253
2611 1145
2820 1240
2863 1182
2556 1148
2831 1426
1558 1077
2843 1255
800 1253
2414 1407
866 1310
1318 1385
2629 1124
2999 1170
2885 1351
511 1311
722 1352
2643 1090
1441 1362
1393 1214
1512 1444
751 1422
2166 1247
2094 1466
1438 1052
1649 1053
1465 1220
1358 1108
1995 1057
2922 1022
704 1368
2047 1050
869 1228
2215 1300
2122 1270
915 1453
2165 1076
1018 1071
2132 1039
1602 1356
1478 1432
921 1216
1505 1303
2042 1368
568 1117
1379 1128
658 1004
1715 1319
1714 1174
2455 1313
1628 1034
1980 1360
642 1075
655 1288
2839 1129
2990 1430
1170 1035
2793 1432
515 1058
2438 1447
2418 1179
773 1470
1516 1172
1176 1339
2747 1094
2164 1242
2029 1287
1086 1199
2867 1340
1229 1425
1427 1395
2701 1011
2237 1192
764 1482
973 1323
2045 1288
998 1063
688 1113
1887 1193
1702 1070
1271 1226
2114 1032
1735 1021
1132 1209
1324 1297
1034 1435
596 1429
2166 1291
2468 1393
1807 1115
2410 1125
1096 1443
2516 1090
2898 1340
2519 1329
2980 1175
2269 1408
2567 1085
1717 1100
1858 1107
721 1317
598 1417
779 1483
2438 1134
2903 1088
2931 1428
2832 1274
1822 1215
1028 1386
1885 1445
523 1328
1788 1101
2622 1359
1973 1427
1700 1128
2570 1201
2768 1209
1520 1233
1046 1119
1636 1350
1890 1430
2784 1021
1534 1223
522 1214
2072 1483
541 1202
1432 1182
2800 1196
2724 1203
1015 1218
2851 1118
738 1186
1762 1380
1102 1333
1361 1056
951 1367
673 1387
1650 1074
588 1032
1052 1110
1029 1298
2994 1183
1827 1482
713 1264
1438 1164
863 1212
1494 1108
747 1004
2676 1364
1217 1354
1343 1235
638 1339
2089 1134
2977 1247
2258 1242
1761 1482
779 1014
2079 1227
1206 1471
1964 1375
2852 1269
2923 1117
2998 1152
2268 1251
1515 1053
1001 1402
972 1396
1245 1123
1004 1233
2228 1199
1696 1047
1961 1187
1760 1129
1760 1136
2678 1137
2735 1416
2276 1058
695 1325
2775 1055
992 1418
2723 1273
1155 1106
1842 1283
1269 1441
2595 1150
1124 1221
1006 1271
2180 1209
1273 1196
2934 1195
833 1403
2015 1353
1372 1389
1919 1033
1089 1281
2031 1052
2312 1441
1808 1475
1345 1027
1934 1098
2036 1376
1823 1150
1605 1199
2467 1105
2521 1023
2841 1326
1869 1020
2853 1164
895 1062
2043 1458
1478 1472
2980 1367
792 1459
1504 1156
2350 1405
2723 1323
1929 1263
902 1032
538 1097
2694 1024
1229 1447
1857 1141
2733 1454
1638 1162
1286 1275
1977 1284
1707 1130
2825 1498
1674 1114
991 1240
2411 1141
2174 1039
1579 1350
1403 1064
856 1187
2536 1395
598 1465
2503 1114
1875 1206
1059 1013
2360 1305
1654 1442
2519 1269
2781 1185
681 1185
605 1198
1804 1104
2095 1061
1861 1458
761 1428
1061 1082
1052 1423
946 1338
2732 1096
2732 1223
1528 1166
611 1111
1606 1224
1808 1125
2595 1148
2854 1386
2416 1466
1190 1031
1341 1388
1821 1391
2411 1319
2022 1029
1611 1377
1433 1251
2629 1351
1536 1433
2565 1412
2155 1375
779 1309
2777 1008
702 1011
1706 1370
1952 1141
2158 1172
853 1490
1465 1483
870 1472
633 1330
863 1020
2130 1434
1977 1078
2495 1400
754 1069
979 1375
2637 1212
959 1040
928 1422
1275 1116
1458 1278
718 1495
1292 1419
1687 1187
1966 1212
753 1377
1082 1287
900 1113
982 1420
1593 1450
2926 1168
1025 1024
1270 1065
649 1179
931 1042
2625 1401
2879 1462
2057 1424
1220 1372
574 1383
2174 1460
2559 1494
1872 1315
2618 1493
726 1114
959 1476
874 1354
2921 1494
1647 1363
2748 1478
706 1274
1152 1157
1273 1425
2550 1451
2670 1085
2245 1371
2731 1305
2609 1105
2902 1252
2707 1211
2978 1297
743 1167
2676 1143
2968 1425
2095 1062
1907 1039
712 1341
2695 1338
537 1104
1746 1006
1240 1367
2103 1126
1009 1259
2139 1350
2138 1333
1593 1342
2464 1247
2748 1000
1275 1308
571 1381
1854 1396
2260 1045
1154 1474
2646 1422
655 1034
943 1136
936 1381
1649 1224
681 1379
1981 1398
2534 1108
705 1466
2626 1173
627 1065
2580 1085
1275 1280
2902 1118
1530 1284
2697 1293
1132 1430
1792 1462
2829 1017
2069 1397
1938 1033
1281 1442
1686 1301
1524 1339
1489 1427
951 1305
1028 1120
619 1100
713 1077
2850 1119
2545 1255
851 1381
763 1229
1230 1265
2632 1266
929 1318
2186 1403
2068 1244
1368 1215
1363 1074
2468 1031
2586 1145
2067 1327
2438 1276
575 1167
828 1091
1482 1288
2675 1089
1908 1442
770 1205
2252 1221
1087 1030
2105 1281
2503 1045
2859 1223
2277 1002
1652 1248
1462 1410
1931 1187
1280 1395
1253 1052
1076 1028
2732 1396
2609 1090
2431 1432
2377 1227
1782 1218
1577 1405
742 1095
1645 1457
2183 1160
2672 1445
1280 1244
2541 1366
850 1480
2983 1343
1821 1049
1212 1138
2922 1028
2039 1027
1949 1339
1240 1333
711 1472
1154 1337
1395 1261
2499 1362
1320 1058
786 1271
1981 1423
818 1037
884 1389
2232 1255
2241 1097
2438 1351
1230 1148
709 1302
2949 1202
1583 1021
595 1211
1646 1486
1323 1237
1805 1112
517 1080
631 1003
854 1106
2134 1037
1884 1321
2553 1440
1479 1111
1444 1196
1562 1008
2268 1365
1937 1253
2020 1138
1166 1070
2759 1140
2098 1300
1958 1317
1460 1112
1165 1415
529 1184
1828 1308
1370 1263
2891 1467
2874 1109
760 1085
2231 1294
2401 1023
2184 1062
1504 1399
2057 1331
1011 1202
2692 1332
2638 1259
2806 1112
874 1408
2805 1093
1085 1153
2822 1188
2435 1113
2584 1047
800 1450
2533 1109
1073 1189
2560 1414
2380 1310
2342 1031
2474 1264
553 1336
2027 1398
1769 1054
2639 1281
1164 1231
1812 1377
802 1265
1561 1393
2610 1403
2664 1487
633 1030
1141 1307
631 1279
1933 1203
1311 1413
2754 1106
2244 1281
1715 1209
2793 1287
906 1290
1909 1000
2421 1279
2412 1273
1808 1005
2097 1354
1062 1122
2911 1441
2331 1278
1749 1009
2640 1169
1759 1304
1294 1103
710 1156
1392 1184
1924 1197
1869 1415
1331 1029
2695 1491
2536 1487
1710 1273
532 1108
2933 1473
1083 1461
2657 1287
1911 1441
2033 1452
697 1345
950 1421
2904 1268
1721 1021
2766 1414
2940 1416
1716 1363
2942 1161
2451 1427
2656 1114
596 1107
1148 1131
2735 1111
1836 1011
579 1351
2595 1495
960 1006
2735 1214
1271 1110
1795 1169
2652 1009
2539 1038
1013 1023
1107 1370
1152 1479
560 1448
2407 1194
823 1489
1988 1443
1435 1360
1810 1089
2245 1220
2701 1482
1526 1299
2442 1303
528 1343
2524 1353
1742 1315
1521 1085
1006 1250
2746 1156
1744 1441
2124 1071
1825 1352
2273 1088
1198 1375
2115 1494
1960 1426
2593 1024
1948 1250
1608 1353
1874 1142
528 1494
1601 1457
1320 1390
721 1159
2941 1381
2321 1003
2152 1153
2657 1434
2368 1459
1801 1046
2857 1390
1247 1112
1746 1134
2517 1473
2830 1169
2188 1208
775 1430
2633 1215
1330 1486
2116 1392
2989 1217
1791 1168
1499 1010
2487 1194
2850 1288
2279 1064
2455 1093
2538 1483
1729 1314
2928 1463
1130 1063
571 1426
1648 1218
500 1217
798 1202
1529 1385
980 1368
2485 1305
744 1112
2217 1052
1069 1206
968 1223
1162 1157
780 1269
2688 1455
2247 1139
2717 1325
2618 1338
1259 1017
1026 1128
732 1109
2202 1497
2411 1319
1627 1002
1554 1206
738 1241
2664 1016
2041 1194
2163 1208
926 1152
1072 1452
690 1115
2470 1070
1639 1406
1149 1145
2699 1404
1034 1370
1902 1150
2814 1483
1487 1417
2941 1476
2340 1170
1546 1289
1601 1248
1576 1220
2166 1187
800 1146
1163 1052
1958 1239
1239 1141
1600 1254
1773 1150
1152 1052
1460 1115
2455 1153
801 1243
2390 1075
2682 1163
2372 1410
2965 1477
519 1469
1921 1233
1170 1467
1861 1031
2988 1281
1069 1160
1225 1049
957 1094
1182 1480
1375 1249
1505 1448
1652 1305
982 1279
1056 1200
1294 1398
1465 1479
1262 1155
2997 1038
2316 1034
520 1412
2963 1426
2923 1443
923 1421
2685 1383
2920 1271
543 1411
747 1381
1568 1226
1445 1248
2092 1191
2222 1324
2825 1346
799 1142
1629 1323
2198 1356
2822 1268
1077 1104
1087 1377
1912 1278
1538 1476
2516 1198
764 1479
1417 1166
2639 1491
1821 1432
981 1039
2293 1008
2196 1202
1291 1170
506 1207
2909 1195
2900 1163
757 1059
913 1376
2868 1032
2127 1363
550 1433
1508 1328
2002 1287
1701 1225
1187 1476
895 1052
824 1380
2756 1154
2727 1403
1404 1312
1372 1206
1524 1300
2519 1169
866 1298
2420 1205
1327 1082
716 1406
1404 1255
840 1212
2386 1376
1598 1470
2593 1195
1447 1204
1435 1464
2663 1264
1118 1338
1448 1234
1568 1094
1194 1495
1190 1145
2637 1380
1111 1077
1203 1301
2448 1059
508 1189
2464 1204
1566 1028
1338 1255
1748 1415
2821 1344
785 1253
1862 1005
914 1456
562 1270
2112 1050
1856 1386
1867 1008
2999 1313
888 1185
949 1466
2351 1433
2876 1142
2306 1097
1625 1141
2866 1268
1204 1308
1841 1348
2383 1314
825 1462
1380 1375
2706 1474
2894 1263
1990 1038
1297 1381
1027 1442
2126 1413
2395 1455
1585 1320
2734 1079
2639 1164
2933 1103
1926 1186
802 1136
2373 1233
1734 1120
2022 1474
1156 1075
1297 1045
1130 1305
2290 1186
993 1073
1972 1092
878 1377
702 1485
1123 1383
2784 1001
791 1087
2343 1193
620 1106
2909 1311
2324 1167
2793 1111
2105 1178
548 1323
2482 1482
1770 1402
2437 1021
2866 1357
2426 1255
740 1319
2697 1287
2379 1189
1552 1341
703 1347
1059 1398
888 1221
1091 1124
954 1332
1706 1252
2237 1489
1865 1331
1599 1423
665 1148
1530 1296
1376 1116
2967 1442
1758 1028
2696 1426
1868 1149
2761 1427
2044 1406
2396 1307
1945 1048
1109 1147
2400 1364
1634 1079
1746 1433
553 1187
2872 1035
539 1133
898 1058
1786 1377
2002 1452
2123 1166
976 1260
1510 1268
803 1075
1734 1249
1294 1407
953 1048
1655 1364
1154 1103
1902 1101
586 1223
543 1031
1191 1192
1967 1442
1654 1054
1470 1430
672 1470
2133 1056
2163 1493
2466 1238
1490 1021
800 1246
2761 1384
2161 1434
2099 1340
1273 1124
1426 1282
1167 1084
719 1460
1444 1449
2409 1045
1668 1191
2297 1412
959 1307
2214 1098
2472 1392
2042 1243
1627 1418
1629 1219
1296 1280
1683 1061
2816 1031
2356 1074
1328 1253
2016 1478
625 1207
1093 1111
558 1341
654 1095
1433 1097
2597 1357
1135 1377
1711 1087
2732 1213
2807 1345
1070 1387
1185 1414
527 1079
703 1480
2765 1079
2949 1218
2874 1072
742 1117
2975 1324
870 1447
1563 1021
974 1131
541 1473
1048 1105
1382 1211
956 1312
2869 1132
981 1242
2837 1116
1813 1229
2971 1157
1765 1384
570 1146
683 1118
1887 1116
709 1200
2723 1106
1633 1006
1624 1465
905 1134
2351 1355
1265 1146
2528 1176
1477 1190
2293 1250
675 1055
698 1382
1173 1381
1153 1366
2571 1323
1602 1483
914 1390
2341 1189
2393 1370
2817 1165
1821 1328
2711 1017
1581 1209
1543 1071
1907 1199
1335 1354
678 1291
541 1306
2575 1295
838 1470
987 1134
1996 1051
1810 1245
2398 1036
2336 1021
1418 1193
1219 1337
2119 1346
2827 1468
2545 1228
1376 1274
780 1204
2659 1212
1746 1444
1272 1097
2300 1108
1774 1017
589 1344
848 1306
2177 1217
1944 1368
2040 1392
2902 1483
1825 1209
1110 1378
2810 1177
1416 1431
630 1245
2849 1427
1903 1061
2171 1016
1599 1168
1661 1274
1677 1091
2500 1343
714 1059
852 1336
943 1241
1619 1310
1407 1270
756 1470
1007 1271
1086 1117
1004 1348
2978 1365
1974 1322
959 1252
1679 1441
1344 1387
1445 1215
2228 1056
2510 1198
1702 1199
2152 1154
2274 1382
2970 1141
1646 1088
1682 1275
1277 1186
2833 1404
1153 1207
2004 1254
2704 1347
1312 1428
751 1341
1196 1097
1619 1064
1177 1088
651 1057
630 1201
2760 1093
2680 1451
615 1360
587 1100
1972 1427
909 1244
890 1213
1714 1360
754 1262
1326 1353
1802 1478
1117 1280
2723 1232
1066 1479
2478 1229
2483 1172
1216 1316
2969 1250
1548 1022
2893 1427
1963 1496
1965 1453
747 1235
519 1131
2001 1218
2363 1417
1725 1066
1246 1423
2174 1255
586 1298
1395 1343
1241 1074
1663 1099
1808 1446
915 1473
1131 1317
2413 1048
952 1392
871 1279
1751 1313
1139 1264
1980 1199
2877 1388
1044 1401
2158 1012
2178 1425
2292 1048
2664 1492
1056 1029
1620 1343
1540 1136
1294 1095
1847 1198
1873 1412
1037 1204
2879 1072
819 1218
2572 1138
830 1465
1861 1354
1948 1305
1987 1037
2080 1162
2148 1398
2510 1358
2315 1300
2178 1418
1327 1130
1205 1113
2018 1292
2937 1153
546 1438
2836 1237
1302 1340
1531 1050
870 1132
1817 1161
711 1098
2486 1476
2789 1356
1281 1297
2889 1000
1330 1040
2966 1127
2897 1005
1037 1156
2146 1000
2982 1227
544 1415
1156 1281
522 1433
902 1082
1626 1300
2361 1107
748 1082
2090 1375
841 1166
1011 1472
2268 1424
2397 1049
1007 1257
719 1153
1001 1057
1751 1105
2616 1411
1021 1471
2511 1250
1313 1234
2376 1062
967 1312
590 1446
2373 1185
991 1312
1744 1219
2362 1067
2871 1029
1724 1238
624 1165
2297 1416
2189 1150
2105 1399
1096 1240
2197 1210
1354 1271
1843 1412
1045 1182
2337 1465
1797 1311
1579 1283
1737 1298
1718 1348
2446 1062
568 1245
1663 1222
2223 1082
2092 1371
1326 1071
2792 1049
1855 1054
967 1212
2541 1335
1663 1148
2838 1409
833 1142
1002 1298
803 1201
2694 1339
2890 1360
2065 1162
1466 1291
742 1459
1319 1083
2401 1049
2993 1437
718 1298
996 1303
1216 1137
1076 1432
1290 1461
1109 1475
1634 1182
715 1442
895 1229
2853 1096
2152 1109
723 1306
1550 1486
967 1186
2692 1378
957 1424
1427 1420
1935 1341
1771 1177
1942 1037
1827 1111
1710 1034
2307 1377
1604 1143
1673 1124
1555 1467
1955 1320
2947 1118
938 1298
1419 1034
1197 1323
971 1239
527 1470
1983 1486
1373 1292
2078 1461
1757 1166
1332 1262
1436 1270
657 1119
1428 1180
819 1131
2474 1045
1283 1296
2352 1462
2779 1247
1769 1405
2661 1101
1143 1385
1391 1272
2031 1450
2838 1430
2241 1183
1437 1342
2857 1011
1948 1407
2159 1014
2130 1288
2926 1416
2232 1156
770 1446
1073 1185
2589 1222
1770 1334
1962 1138
2753 1345
1561 1134
942 1389
2192 1024
1794 1416
677 1492
1155 1268
2565 1083
2133 1208
2315 1083
2703 1277
2541 1004
1942 1155
2853 1492
1143 1452
2692 1455
1019 1038
1000 1344
618 1323
843 1474
2802 1002
808 1223
752 1497
1761 1250
2132 1244
2839 1202
2982 1176
2085 1171
702 1262
2567 1369
1494 1496
792 1084
1417 1072
1338 1009
1332 1072
756 1261
551 1097
1818 1053
1316 1453
2139 1177
1459 1151
2289 1128
2157 1418
2693 1415
909 1229
1647 1266
1982 1478
898 1179
1970 1148
2889 1073
2355 1119
1808 1152
2514 1198
2500 1118
1932 1018
2779 1362
695 1194
924 1009
2807 1465
1140 1339
1314 1499
2210 1305
2603 1345
2575 1011
1276 1155
965 1338
606 1392
2577 1044
891 1016
2980 1088
1618 1474
1768 1183
514 1382
853 1061
925 1296
2609 1369
2736 1348
561 1433
1044 1377
1818 1348
1858 1151
2032 1119
2383 1200
1631 1378
2425 1356
2215 1437
1869 1030
1647 1291
2191 1044
1971 1126
578 1243
1710 1178
1347 1211
1469 1344
2902 1430
1266 1483
803 1320
2005 1043
2238 1327
2288 1035
2899 1045
1823 1300
2088 1482
1268 1186
1907 1249
908 1170
1437 1132
634 1276
2117 1074
2754 1225
1901 1176
1011 1112
1356 1344
1401 1086
1345 1041
2842 1181
699 1378
548 1068
2121 1376
525 1352
2951 1307
1104 1334
578 1048
1981 1071
918 1038
1367 1361
2912 1271
795 1262
742 1418
671 1037
766 1063
1250 1051
1370 1105
1393 1082
1170 1419
2045 1336
1662 1054
1314 1092
643 1212
2909 1446
2405 1087
2289 1199
1604 1017
2611 1258
2953 1012
1193 1018
1299 1112
1240 1162
1812 1197
1219 1281
2926 1049
1876 1263
1710 1321
832 1251
1704 1404
1502 1335
2421 1091
1002 1417
1966 1180
847 1469
2022 1460
925 1470
1359 1457
2225 1295
1559 1281
2541 1348
731 1391
2072 1039
1429 1243
1065 1119
768 1141
1317 1474
2688 1055
688 1007
1305 1026
2035 1293
693 1290
1397 1037
1068 1492
1521 1158
971 1271
610 1365
1816 1069
1293 1161
2032 1215
2500 1101
2516 1067
1890 1123
753 1260
1594 1279
729 1293
545 1079
2869 1441
1603 1176
2051 1175
1898 1086
1059 1263
1217 1062
531 1417
1789 1145
2092 1307
671 1096
2402 1309
1739 1439
1584 1123
863 1142
2663 1200
792 1291
2091 1023
738 1331
2551 1400
2982 1351
2513 1172
1304 1063
2450 1241
2854 1078
1056 1325
1059 1311
1611 1334
2941 1136
1994 1321
1875 1001
1266 1308
757 1488
843 1319
1255 1368
2427 1276
1770 1404
1388 1012
1010 1491
2766 1006
1724 1027
512 1242
2533 1368
737 1467
2094 1258
729 1121
1833 1017
2014 1133
1949 1182
932 1242
1465 1162
2577 1477
2977 1381
2277 1454
1767 1154
680 1423
2420 1337
1430 1497
841 1322
2137 1410
1198 1025
1420 1103
2180 1497
1479 1422
2817 1196
2901 1311
2705 1135
2166 1443
527 1340
2295 1342
1147 1143
2764 1374
1917 1292
605 1454
1982 1069
1175 1493
1977 1314
2594 1132
1329 1060
1710 1055
2492 1391
2455 1437
787 1243
2603 1145
929 1372
1895 1336
1447 1188
2939 1183
905 1421
1490 1074
2777 1210
1456 1138
1935 1180
2722 1442
2080 1144
1364 1294
1479 1303
2591 1188
1898 1169
2328 1177
2482 1250
2284 1499
2970 1145
878 1469
1218 1467
1518 1063
1766 1330
1645 1287
2923 1361
1483 1391
2110 1109
2165 1154
2600 1252
502 1168
1683 1332
1320 1280
2295 1053
1995 1443
2382 1444
2387 1477
1965 1099
813 1240
510 1167
1522 1060
2332 1081
2656 1498
586 1013
2446 1285
2277 1350
1487 1381
1499 1027
2818 1084
601 1471
760 1092
1335 1013
2465 1141
597 1384
2973 1401
2658 1117
2941 1083
1864 1035
1243 1251
1844 1108
740 1279
2692 1171
2365 1339
1100 1386
2343 1272
2040 1250
1643 1253
2737 1102
2307 1160
1065 1463
2918 1404
1052 1248
978 1250
746 1071
768 1450
834 1440
653 1232
1052 1253
1203 1498
1489 1418
538 1007
845 1066
2925 1279
2854 1412
837 1197
979 1272
818 1296
1278 1158
1438 1243
2592 1054
2468 1187
1690 1108
1673 1294
1518 1039
2707 1388
511 1455
601 1163
2542 1208
1950 1061
1860 1441
853 1136
919 1219
864 1439
1426 1106
2480 1449
1836 1323
1008 1266
2466 1351
791 1197
2588 1042
2052 1175
1079 1122
1718 1069
1269 1254
2845 1426
1297 1276
2434 1247
1699 1457
2627 1210
662 1057
1254 1278
2123 1084
1473 1005
1757 1094
2349 1084
1433 1271
654 1217
2213 1221
2829 1221
2940 1250
1872 1284
825 1143
2830 1362
1044 1174
791 1402
1015 1201
2416 1137
1752 1190
1733 1366
758 1109
2843 1108
1685 1158
689 1321
2810 1116
1292 1469
1690 1470
2167 1403
668 1378
540 1141
1491 1151
509 1038
1790 1306
1309 1204
838 1458
2350 1239
947 1089
1982 1066
523 1399
947 1131
654 1224
734 1068
2933 1001
2300 1246
1780 1181
560 1177
1129 1316
1067 1087
2752 1124
1767 1330
2818 1297
1037 1249
2071 1358
1144 1352
1308 1209
1739 1247
2631 1071
2413 1414
1479 1299
1942 1273
817 1133
822 1422
2160 1108
2694 1403
2196 1255
2813 1124
1045 1417
1684 1096
2079 1226
1666 1462
809 1047
715 1442
1047 1478
1857 1286
2005 1435
2689 1181
2814 1239
1088 1338
1268 1403
2328 1372
1245 1066
2418 1203
1928 1084
770 1001
1443 1179
1123 1226
2062 1335
1304 1250
2800 1000
2668 1455
1173 1407
1267 1373
2531 1404
2680 1123
2759 1393
2721 1455
654 1207
2820 1335
1286 1031
2299 1288
1267 1139
1552 1411
2711 1015
2210 1363
947 1222
1804 1005
1805 1014
2942 1497
973 1099
1992 1471
1677 1091
2373 1314
529 1154
905 1173
2886 1483
1809 1004
703 1321
1860 1277
1370 1489
2734 1452
559 1219
922 1214
1501 1106
1930 1187
1167 1489
652 1380
731 1463
2607 1215
1371 1407
601 1420
1343 1074
512 1247
2206 1012
1286 1219
520 1264
2803 1114
1076 1017
1600 1319
2444 1488
2983 1382
1187 1029
1109 1171
2762 1315
1959 1232
2824 1115
1776 1050
1723 1474
2216 1106
2599 1043
1578 1046
1660 1339
2865 1366
640 1058
1691 1036
2797 1014
793 1298
888 1442
1864 1115
2432 1035
2789 1263
1577 1219
1420 1440
1879 1443
1330 1298
2831 1409
932 1407
1407 1376
963 1325
1177 1223
2595 1406
1207 1116
1761 1100
2415 1480
563 1425
2560 1484
1554 1083
1085 1270
2062 1459
2736 1014
2047 1219
1901 1164
2609 1048
1145 1053
2100 1176
1522 1467
1815 1488
2279 1268
2832 1304
794 1216
938 1129
992 1047
1478 1399
658 1267
1927 1190
2402 1013
1601 1473
2861 1298
2596 1418
719 1247
1176 1358
2155 1383
2887 1090
907 1471
1019 1159
578 1237
591 1139
2801 1308
2951 1106
624 1332
1571 1382
1204 1211
506 1085
2238 1397
744 1247
923 1437
2319 1030
810 1339
2363 1119
2478 1190
2401 1050
1903 1267
1277 1225
2362 1456
1174 1294
2768 1461
1438 1191
2310 1057
878 1384
1990 1148
1695 1107
1289 1091
1745 1326
699 1252
831 1133
1992 1223
2287 1126
2355 1147
2796 1368
2453 1076
1820 1139
2003 1216
1693 1375
1767 1306
2049 1038
1475 1469
1903 1236
1148 1378
1546 1321
1235 1071
1306 1068
694 1236
618 1285
1857 1387
762 1119
2066 1214
2720 1117
1891 1356
1085 1272
2498 1291
2549 1422
939 1458
604 1491
1762 1111
2667 1445
1410 1337
1509 1040
2908 1471
2147 1436
722 1357
2906 1171
1573 1048
2002 1056
2827 1335
2978 1393
613 1214
2757 1004
2460 1208
2390 1201
2168 1040
2894 1327
2484 1244
2258 1075
745 1159
2316 1416
1702 1389
2079 1247
794 1456
1702 1185
2546 1344
665 1243
1019 1138
1714 1428
1107 1186
654 1395
2980 1059
2709 1101
921 1455
2189 1151
2031 1094
2183 1164
2273 1034
2110 1238
1439 1162
1158 1063
765 1114
2600 1137
1347 1280
2091 1239
2784 1006
781 1357
1630 1108
715 1205
1799 1143
2131 1269
714 1297
2273 1254
2010 1103
563 1420
2741 1402
618 1451
1330 1187
1654 1030
2221 1195
2411 1057
2775 1100
795 1100
1361 1116
2652 1432
1165 1089
2406 1346
1133 1087
2316 1329
1564 1451
1035 1033
693 1039
995 1256
1488 1402
2978 1477
1442 1492
1589 1295
1569 1347
1300 1489
2930 1363
1000 1321
1196 1440
1786 1323
2127 1308
2360 1125
2242 1432
2459 1441
1581 1417
1624 1212
2925 1126
579 1010
2966 1201
1990 1244
765 1147
2712 1144
2713 1305
1557 1014
668 1498
2666 1201
1561 1182
1112 1430
1714 1333
2852 1494
1519 1000
2769 1236
791 1239
1181 1418
2869 1392
2124 1228
1988 1271
1764 1159
1898 1269
1068 1310
961 1312
1892 1077
945 1495
1035 1030
2157 1488
2898 1150
1777 1249
1828 1323
1324 1145
1666 1454
2341 1399
2226 1227
2708 1131
976 1152
2992 1413
1606 1358
2909 1077
1875 1151
1372 1031
2071 1282
1798 1025
2230 1427
2858 1412
2323 1224
2531 1324
2015 1012
2452 1241
1058 1250
1359 1277
675 1083
1483 1292
2865 1470
793 1085
1888 1471
1541 1468
594 1460
2365 1083
2561 1025
634 1154
2001 1176
1983 1164
1848 1300
2674 1471
2627 1155
2105 1361
1577 1006
2990 1317
1082 1333
1329 1020
2011 1395
1747 1311
1439 1399
597 1328
2903 1286
2073 1018
689 1037
1050 1460
1608 1281
1779 1174
2556 1128
859 1378
637 1006
705 1491
2967 1377
2805 1117
1295 1206
2707 1141
1618 1068
2493 1241
1904 1095
1638 1189
2556 1492
2995 1067
556 1285
2915 1270
1457 1317
781 1003
2522 1057
2294 1199
1953 1035
2167 1273
1423 1100
1041 1109
2627 1195
1368 1399
512 1259
2545 1397
2798 1246
2106 1228
2105 1242
1198 1424
1368 1344
1233 1020
1006 1353
1518 1391
846 1371
2946 1403
2211 1195
1358 1082
1208 1072
2648 1485
2700 1255
1922 1423
1696 1472
524 1026
2033 1165
2509 1056
2844 1271
2235 1419
1143 1208
1215 1374
2394 1132
1984 1248
2609 1144
1573 1290
1668 1085
2884 1369
2409 1168
2153 1099
1870 1438
1958 1137
2497 1382
880 1072
2353 1381
2392 1069
2159 1102
2303 1323
2140 1311
1191 1321
1178 1063
1864 1252
1184 1156
1085 1261
775 1064
1424 1234
2945 1227
1249 1191
1055 1123
1533 1170
1942 1261
2456 1003
2865 1342
826 1183
1483 1019
2485 1464
2219 1395
1245 1097
1783 1036
2929 1438
1573 1385
1272 1068
1282 1235
1637 1311
1448 1322
2901 1315
841 1065
787 1283
1254 1312
655 1163
2932 1292
1015 1166
506 1342
1754 1375
1858 1472
2051 1382
1209 1191
1608 1393
2443 1436
2068 1107
2302 1186
2273 1327
2304 1277
1142 1133
555 1215
2394 1248
2396 1427
2702 1118
1093 1295
2607 1348
1109 1115
2125 1389
1911 1302
1066 1442
1088 1335
2111 1378
2748 1195
2463 1302
2257 1277
939 1020
1288 1465
2008 1433
1484 1238
2891 1170
1427 1307
1500 1025
1274 1390
944 1070
1302 1275
1183 1210
646 1268
1661 1388
2208 1475
675 1142
802 1176
2818 1408
2525 1429
1627 1366
2318 1101
937 1068
1144 1350
836 1059
642 1322
1549 1134
2452 1350
2660 1220
1395 1057
1664 1220
2030 1026
2562 1104
1059 1041
583 1393
2220 1178
540 1265
2098 1159
805 1194
1141 1212
966 1077
1751 1073
943 1407
855 1495
1574 1349
554 1287
2257 1486
539 1108
1438 1336
1173 1291
2283 1109
1487 1052
854 1316
2215 1044
2158 1237
2416 1141
1254 1370
914 1353
720 1346
2468 1205
600 1106
2500 1367
551 1240
1409 1019
1429 1424
2292 1316
2509 1084
1870 1305
2534 1319
1370 1462
1212 1360
1214 1351
606 1467
1365 1352
1289 1078
1504 1313
2157 1159
997 1019
610 1443
2552 1454
2751 1173
901 1405
2364 1169
993 1385
1441 1302
1558 1441
2660 1087
1402 1148
1997 1102
2097 1350
1414 1073
2000 1194
2901 1014
1586 1219
1795 1126
978 1123
1608 1497
1890 1127
605 1160
2475 1263
1025 1179
598 1265
2553 1324
1050 1295
2387 1411
641 1082
2219 1213
1582 1481
2481 1041
2797 1480
1219 1361
2158 1466
1232 1244
1513 1197
776 1448
527 1099
937 1136
2044 1121
1753 1016
1672 1435
2710 1201
1325 1079
2506 1183
2807 1039
2879 1095
1159 1064
1837 1097
1579 1014
2736 1184
1233 1062
2733 1242
2554 1056
1299 1329
504 1131
2711 1180
833 1345
830 1096
2271 1240
1860 1050
559 1150
814 1384
2174 1352
865 1076
770 1062
2832 1134
1720 1342
1481 1350
1263 1360
1143 1203
2323 1364
827 1347
1443 1026
2755 1476
2201 1260
507 1088
1546 1074
2083 1200
2569 1431
987 1130
1164 1292
892 1234
2391 1356
1378 1493
1536 1415
2919 1350
2371 1452
728 1273
2281 1365
1943 1305
797 1380
853 1415
1350 1339
2261 1064
2398 1129
1077 1393
2332 1166
946 1360
2676 1010
2825 1347
1948 1314
730 1369
672 1439
2911 1367
2517 1287
1935 1495
2528 1485
1604 1161
1373 1439
2731 1347
2931 1306
1862 1319
1793 1118
2059 1228
1692 1352
1876 1194
2086 1300
1466 1179
1003 1371
937 1442
2373 1218
2981 1069
867 1224
1897 1458
1826 1486
2909 1093
873 1180
1140 1284
2723 1276
933 1139
1776 1338
2908 1459
2908 1111
615 1135
1622 1059
2500 1099
955 1066
858 1472
1396 1274
1729 1405
2085 1345
954 1106
2119 1302
1217 1090
2672 1454
1777 1362
2905 1190
2279 1005
1488 1074
1674 1451
1640 1389
2490 1492
2390 1343
1375 1254
1395 1101
2769 1038
2776 1385
1567 1420
1726 1031
1664 1027
1748 1080
2948 1181
2052 1083
1585 1385
2607 1270
1077 1330
1333 1208
1911 1375
2745 1117
2547 1347
2084 1179
1304 1055
1689 1165
2206 1088
502 1005
1421 1013
1913 1086
1904 1318
2288 1131
714 1344
2056 1416
554 1104
2869 1404
2041 1211
2771 1201
701 1334
2249 1174
1619 1153
2068 1428
2605 1376
2793 1303
2647 1194
735 1318
2061 1463
1464 1207
2930 1456
2828 1088
1413 1043
1821 1142
1506 1294
1057 1413
2437 1198
1367 1024
2891 1103
2904 1483
1215 1379
1214 1398
1772 1250
2149 1232
2328 1049
876 1165
2206 1246
2887 1327
2323 1221
2089 1479
1897 1187
1880 1110
2632 1009
921 1067
2823 1169
711 1389
595 1368
995 1227
1608 1255
2742 1473
2024 1189
2289 1406
1183 1180
2982 1353
854 1370
1353 1151
1351 1072
797 1246
2215 1330
1134 1009
1571 1009
2065 1383
745 1069
1562 1384
1488 1014
1543 1229
1599 1241
2771 1410
2280 1085
735 1198
1918 1272
770 1490
2829 1284
552 1159
1846 1080
680 1439
2030 1476
2180 1095
868 1431
1230 1202
519 1370
2286 1238
1006 1031
1001 1044
2574 1198
1313 1138
1138 1091
1825 1023
2006 1114
2247 1079
2172 1079
2451 1432
839 1129
877 1123
2188 1439
2531 1282
2987 1010
697 1222
2161 1289
2848 1308
1038 1067
2247 1188
2604 1183
2879 1494
1883 1381
2746 1402
1487 1015
760 1489
2498 1118
1965 1185
1380 1308
823 1201
2871 1196
1029 1170
1422 1172
1924 1131
866 1380
817 1354
1789 1077
2710 1471
889 1212
632 1118
909 1240
1172 1388
1653 1446
2534 1400
1931 1367
1016 1317
2140 1415
2397 1419
1717 1488
2610 1479
1826 1121
920 1328
1259 1234
2692 1404
559 1138
783 1272
1741 1166
2865 1222
815 1304
2866 1440
730 1384
1553 1054
2923 1233
1978 1027
1955 1173
1194 1407
2076 1428
2436 1006
1308 1124
2879 1238
806 1204
1042 1015
1762 1419
1552 1106
1877 1159
2384 1093
1085 1329
1160 1067
746 1086
2404 1383
2337 1164
2234 1199
1882 1124
2575 1441
1369 1123
679 1383
576 1188
2747 1497
2123 1266
2367 1224
2502 1242
1070 1206
1316 1278
2110 1014
2027 1383
743 1406
1998 1163
1282 1493
2338 1198
550 1184
2335 1256
2490 1048
2328 1315
728 1266
2216 1468
2181 1006
1239 1204
1417 1071
2264 1220
1368 1412
1544 1417
1765 1476
1894 1289
2125 1474
1615 1452
2834 1386
1251 1357
1008 1171
690 1032
660 1163
2083 1279
2942 1073
2413 1209
2119 1344
2121 1377
864 1377
982 1335
625 1165
2713 1251
1998 1106
2606 1038
2826 1162
2589 1158
2639 1348
2732 1476
1070 1030
2108 1207
2124 1125
2072 1109
504 1296
2038 1047
1288 1394
1588 1123
927 1467
2294 1274
2651 1046
2099 1458
2054 1021
625 1117
1153 1097
2212 1306
1518 1385
1571 1490
2202 1378
1849 1190
883 1127
2807 1396
2118 1073
2433 1215
1173 1194
2121 1358
2875 1216
2456 1467
718 1280
2004 1064
1923 1232
2961 1480
1216 1265
2588 1280
2660 1218
1945 1009
1036 1440
742 1233
1716 1219
760 1185
1910 1097
715 1068
2725 1081
2789 1309
1056 1222
1111 1003
1521 1197
2293 1197
774 1373
913 1023
2799 1116
2443 1195
2252 1304
2391 1360
2888 1039
578 1130
2240 1027
574 1066
2825 1089
1412 1235
1815 1100
548 1404
1138 1165
2102 1110
2008 1215
1927 1426
1284 1281
1198 1174
1396 1122
637 1400
2925 1040
2035 1104
2605 1447
665 1097
1799 1368
2741 1255
501 1290
1120 1160
2504 1033
1303 1022
1680 1493
2786 1097
2650 1092
2320 1020
1784 1050
805 1120
528 1095
2932 1265
1139 1364
924 1238
2309 1052
2906 1277
545 1027
2111 1274
2321 1114
676 1356
1054 1423
2531 1353
2872 1165
1407 1316
2660 1250
2604 1441
2638 1157
2301 1193
954 1479
1574 1378
1056 1462
1975 1032
2624 1089
2729 1240
1611 1056
1623 1273
1214 1129
1821 1117
1695 1138
2065 1145
710 1265
1507 1400
688 1006
1275 1186
2882 1292
577 1071
1610 1003
2923 1098
1523 1141
1660 1481
2511 1359
891 1116
1770 1288
1854 1486
2620 1099
1714 1099
1819 1191
2744 1158
2663 1093
1036 1067
2854 1382
2832 1302
2837 1048
2292 1412
1322 1206
537 1347
812 1096
1567 1360
576 1369
583 1100
1918 1319
1299 1057
2312 1064
967 1181
1910 1411
1345 1462
2727 1354
2977 1417
871 1430
1159 1466
2922 1264
727 1032
1316 1295
1407 1191
2409 1173
1651 1156
2342 1200
2336 1051
1273 1280
1268 1422
1345 1284
1869 1174
1128 1085
1276 1095
2471 1060
676 1136
2198 1419
2948 1371
2462 1328
1986 1113
1872 1183
647 1056
2634 1163
795 1420
2349 1004
955 1217
592 1149
2236 1179
2459 1293
2152 1135
2041 1262
2958 1017
1969 1160
642 1398
897 1126
806 1183
756 1439
2453 1245
2566 1128
1749 1279
2817 1303
587 1286
584 1078
917 1420
2291 1005
1153 1367
714 1104
2088 1045
1926 1281
1693 1200
2161 1467
1983 1033
518 1025
2964 1459
2615 1296
1298 1133
2648 1421
1491 1374
2586 1030
2919 1132
2000 1322
2566 1262
2263 1364
623 1396
1567 1206
918 1229
2520 1494
2174 1470
948 1068
590 1342
552 1095
931 1434
1449 1118
1432 1263
1525 1468
1498 1426
1505 1005
1461 1033
769 1419
2472 1242
1694 1434
2765 1474
1761 1007
2897 1498
1997 1104
1142 1254
2751 1363
2618 1230
1347 1192
1257 1151
1679 1166
1221 1470
2395 1323
1703 1028
1737 1349
1817 1309
691 1081
1201 1312
1762 1310
537 1136
2753 1087
2725 1473
1463 1153
2568 1487
1868 1055
1868 1327
2810 1358
1807 1286
2778 1262
647 1479
2705 1058
2071 1283
2577 1355
1451 1370
1321 1247
2740 1486
2351 1455
2795 1355
1158 1126
2712 1483
1186 1188
611 1012
979 1026
1113 1483
2111 1144
1266 1173
2121 1046
500 1397
1465 1361
2905 1328
2435 1168
2384 1239
1783 1081
1522 1187
737 1458
1560 1083
1221 1472
1921 1392
2456 1275
1647 1483
1888 1038
635 1239
1435 1235
1239 1381
703 1471
1010 1226
2539 1138
2950 1166
2027 1025
2815 1303
1457 1418
848 1083
2763 1286
1488 1417
2245 1052
2473 1404
2187 1281
1065 1102
1131 1401
2990 1400
2669 1267
655 1004
979 1047
2707 1490
2157 1015
733 1374
863 1025
1339 1119
2390 1411
2465 1243
2414 1226
979 1110
898 1086
1667 1208
1512 1466
1530 1120
2995 1164
846 1340
2117 1441
2739 1347
2361 1041
761 1195
1994 1132
2954 1092
1681 1497
1648 1194
1168 1011
2967 1375
1596 1112
2638 1204
1584 1357
2524 1397
1427 1344
736 1086
1700 1002
2631 1283
1310 1221
2412 1274
2307 1232
2411 1297
542 1142
2824 1087
1975 1334
2378 1468
1125 1418
724 1276
2072 1279
1462 1223
1577 1393
1541 1378
754 1079
2196 1268
1293 1438
2471 1336
1413 1430
1066 1164
1581 1351
1699 1046
2731 1393
812 1444
659 1332
743 1182
2167 1408
2767 1384
2267 1293
2623 1309
1884 1332
547 1437
875 1322
2009 1030
2763 1265
2769 1369
2234 1174
2653 1407
2050 1053
867 1312
870 1191
596 1316
2391 1252
2403 1213
2109 1429
1715 1479
2281 1016
2337 1089
1587 1179
1111 1290
1275 1267
1347 1470
877 1172
2587 1041
2949 1225
2466 1181
2916 1316
552 1439
2854 1025
924 1240
1937 1266
1552 1363
1749 1130
1381 1241
943 1172
1753 1411
1192 1259
706 1442
1103 1014
2021 1021
2485 1109
509 1344
1235 1142
825 1257
1964 1176
1837 1358
741 1223
2559 1247
1788 1341
2470 1446
787 1431
2104 1359
2538 1470
2599 1311
1667 1116
777 1221
1682 1422
693 1337
1612 1348
1560 1462
1203 1440
1161 1444
1240 1064
1287 1119
1648 1443
2594 1257
2538 1299
1408 1044
1276 1366
713 1061
2108 1429
1689 1005
2961 1157
2935 1388
2214 1080
2785 1488
1178 1265
1713 1146
2031 1169
1074 1177
542 1379
1219 1065
878 1167
1216 1282
2331 1495
819 1056
905 1475
513 1243
2243 1177
1618 1313
1002 1082
667 1197
2884 1092
1032 1362
853 1497
1855 1446
1967 1445
2827 1086
1669 1342
760 1154
2722 1378
2900 1130
2397 1311
543 1076
1483 1321
935 1305
2990 1151
1171 1084
1830 1457
754 1453
1617 1012
1475 1331
1963 1209
664 1291
958 1451
1262 1366
1644 1316
2308 1341
2475 1416
2555 1353
2549 1411
1892 1058
2217 1213
2128 1484
1378 1218
538 1145
2687 1218
2744 1492
1415 1051
1122 1140
2635 1255
1635 1312
2751 1479
873 1367
639 1247
1477 1416
2801 1013
2298 1392
1906 1310
512 1451
2532 1029
933 1164
590 1212
2269 1061
662 1243
1283 1406
2497 1335
2117 1384