5800 5000
1471 1329
1105 1212
1493 1407
1937 1197
2804 1218
1445 1316
2448 1302
2775 1216
655 1157
1951 1131
1521 1417
1400 1139
2906 1490
1683 1390
1033 1333
1116 1476
1549 1086
1701 1376
1823 1365
2122 1076
1434 1342
1346 1324
609 1392
1400 1091
2337 1483
2159 1257
1767 1003
909 1242
1017 1194
2832 1337
1312 1460
719 1040
2122 1221
1583 1388
1643 1414
2541 1142
1762 1157
2070 1409
806 1218
1580 1277
2152 1147
2731 1147
727 1052
1518 1033
565 1025
2004 1382
2449 1399
2612 1295
2185 1291
2041 1245
2174 1434
2007 1341
959 1393
1880 1070
2267 1474
1466 1012
1987 1088
2671 1207
750 1275
1133 1059
2874 1454
1316 1207
1606 1061
2855 1214
1548 1405
2851 1432
2078 1410
1038 1309
2742 1200
1501 1134
1802 1415
1976 1403
1638 1218
1014 1269
648 1497
2913 1062
2487 1485
2927 1128
1757 1332
2150 1403
2195 1227
2190 1199
711 1394
2670 1233
882 1193
2841 1038
1416 1428
1880 1380
856 1309
1160 1353
2221 1406
2339 1356
742 1076
1840 1441
1319 1202
862 1160
2060 1092
955 1169
1795 1174
733 1121
2031 1303
2400 1448
2525 1191
1914 1189
1498 1252
2956 1193
2322 1309
1328 1272
1753 1405
730 1397
2159 1485
1375 1384
800 1396
2510 1278
601 1256
2634 1437
1614 1085
2134 1145
2550 1421
2516 1479
997 1290
2990 1184
2086 1050
2551 1027
1779 1410
2254 1099
2232 1338
1417 1265
2458 1464
715 1023
1758 1130
2108 1409
1073 1172
665 1222
659 1270
1449 1113
2684 1054
2523 1267
597 1209
2445 1396
1151 1062
2798 1106
941 1251
2484 1367
756 1196
2417 1275
2375 1450
1502 1335
1505 1059
2363 1484
2645 1370
1418 1248
1944 1064
1245 1186
1179 1034
2215 1378
956 1087
2053 1499
1694 1036
2404 1309
1476 1072
1281 1120
1411 1397
912 1306
2888 1092
501 1420
1135 1325
1547 1198
1675 1017
2641 1471
532 1274
2745 1128
919 1405
2696 1383
2075 1009
1673 1063
2286 1431
2515 1470
948 1172
2502 1242
1228 1414
1920 1485
520 1399
1091 1460
2606 1467
1358 1405
2796 1253
2155 1469
2068 1408
2540 1244
729 1111
1406 1112
814 1069
553 1229
567 1286
1277 1206
2894 1083
1952 1287
2538 1197
2553 1106
1878 1342
1357 1447
1612 1023
1998 1112
797 1219
2671 1439
1726 1395
567 1447
2073 1397
2761 1287
1515 1020
2783 1290
797 1443
1413 1299
2519 1126
1277 1465
1404 1069
2045 1393
1337 1066
2533 1395
2690 1494
2633 1294
2220 1367
1147 1204
1231 1293
1655 1163
1715 1022
2240 1285
2237 1176
2095 1170
2594 1089
1456 1459
1345 1027
1561 1180
529 1330
2982 1411
2257 1463
2426 1257
1113 1286
1665 1115
1754 1135
1677 1479
2221 1326
2784 1244
1439 1001
1830 1359
2902 1476
2684 1396
593 1284
2686 1445
1560 1289
1534 1117
946 1260
903 1031
596 1072
1873 1190
2877 1222
2443 1300
1347 1191
754 1198
2860 1415
1448 1042
1332 1198
2210 1230
541 1321
724 1250
2905 1002
1341 1190
503 1495
2002 1460
2369 1237
877 1463
2638 1449
1944 1083
2688 1047
2976 1199
2083 1457
646 1376
1013 1062
890 1097
2577 1058
2858 1191
578 1248
1581 1287
680 1349
1262 1492
983 1395
2705 1256
1198 1058
2086 1291
2533 1235
984 1403
1614 1179
1795 1182
1684 1424
601 1437
1157 1398
2720 1103
1745 1400
1700 1461
2434 1134
1268 1430
2201 1485
2786 1236
631 1464
524 1450
1458 1277
1862 1324
1278 1147
2804 1224
2969 1224
2896 1006
1764 1386
564 1321
566 1126
1341 1488
2699 1080
2157 1243
2215 1072
2031 1185
612 1212
2755 1456
2088 1003
2463 1304
2036 1471
1248 1369
2211 1058
955 1110
2008 1138
1965 1351
2308 1130
2455 1243
1310 1342
619 1153
2210 1231
2182 1478
2893 1401
1024 1058
1205 1428
2089 1086
2633 1284
856 1331
660 1286
2264 1342
803 1242
1561 1078
2909 1135
2432 1046
2862 1216
1261 1456
1993 1008
2523 1332
607 1301
1489 1293
1769 1062
1666 1273
1226 1089
581 1324
1479 1362
2761 1367
1095 1383
1029 1134
2561 1056
1464 1052
1322 1118
2259 1317
1321 1011
1019 1338
1341 1490
2769 1100
1410 1045
2970 1033
2346 1122
1447 1078
829 1049
2185 1190
2843 1424
1093 1067
771 1002
2032 1250
2754 1478
529 1133
655 1276
2063 1219
1763 1409
836 1326
2154 1040
2383 1477
793 1462
2661 1295
2513 1374
1333 1305
1137 1130
880 1091
1033 1017
1719 1126
1115 1124
1847 1069
2301 1294
1901 1457
806 1327
1433 1323
1777 1414
1833 1307
1022 1163
2087 1340
2027 1032
2689 1256
2665 1481
1030 1074
1137 1055
2905 1143
1149 1475
2402 1206
2983 1396
2436 1069
1949 1267
2495 1277
2883 1261
574 1082
2944 1333
2950 1363
2244 1142
885 1070
2603 1369
2052 1127
1722 1412
2112 1092
1157 1251
1968 1107
2240 1382
2329 1492
2250 1134
2729 1322
1947 1085
1239 1476
2464 1173
2477 1219
1314 1156
2592 1164
1920 1275
1896 1320
2819 1070
2584 1196
2868 1113
2862 1150
2173 1227
1380 1330
1476 1292
2260 1126
2936 1479
998 1469
1877 1010
566 1440
1052 1130
648 1465
2866 1229
939 1181
1738 1405
1049 1012
975 1090
2080 1390
1155 1087
1029 1087
1302 1094
2934 1357
1556 1298
1644 1331
2459 1211
2517 1315
2030 1340
2981 1081
953 1209
1676 1089
2690 1107
2762 1195
1565 1279
1448 1005
2063 1128
1650 1214
2102 1199
1271 1363
1336 1244
2420 1028
2846 1358
916 1344
2772 1044
2667 1242
2373 1464
533 1286
2468 1394
2183 1465
1486 1185
2117 1157
2969 1020
2289 1345
1808 1157
2069 1373
2808 1157
940 1126
2880 1064
1487 1213
2361 1061
2516 1332
1339 1491
2082 1293
1849 1122
2412 1005
1758 1370
2303 1095
2082 1080
2071 1017
1729 1067
951 1273
1274 1209
1019 1425
672 1180
557 1213
1937 1059
1459 1193
2207 1244
1773 1365
1228 1338
2398 1184
1913 1126
2666 1098
1017 1441
2895 1428
2274 1242
673 1095
664 1159
2801 1389
2865 1003
546 1027
2084 1403
2031 1370
574 1234
954 1278
767 1346
2330 1473
1709 1228
1873 1337
1759 1059
1947 1306
2769 1290
2900 1008
2283 1308
2214 1411
1354 1113
1955 1010
2094 1036
728 1222
2164 1211
1243 1052
1729 1499
2807 1103
547 1148
1110 1015
1419 1261
1826 1413
1652 1175
1804 1173
1837 1490
2807 1009
2472 1463
587 1442
2974 1480
1945 1059
1485 1268
1471 1081
899 1422
2450 1290
727 1027
833 1037
1028 1121
1367 1461
1866 1269
1906 1194
2944 1075
1631 1375
716 1476
1795 1149
1967 1210
790 1213
1622 1471
2144 1042
2018 1414
1891 1081
1816 1332
2444 1432
885 1493
1265 1106
2963 1018
2927 1227
1858 1494
947 1407
2515 1090
2269 1152
2892 1424
2520 1480
2349 1409
2970 1016
1471 1251
1491 1268
1446 1434
1564 1231
1754 1213
2383 1266
756 1211
2191 1191
680 1299
1177 1027
2085 1230
1532 1265
576 1055
1356 1238
2591 1377
801 1048
1591 1214
1348 1260
2803 1003
2683 1415
725 1305
1556 1122
1792 1306
597 1365
575 1028
2649 1009
918 1381
1730 1007
743 1064
1961 1363
1719 1271
2023 1345
2457 1351
1413 1045
2049 1285
2755 1242
995 1005
2845 1426
2203 1464
2714 1361
2217 1337
899 1401
2717 1446
1567 1079
1288 1004
1187 1325
1180 1324
1971 1461
2062 1388
2748 1103
2235 1473
2351 1060
2440 1499
2479 1036
2793 1273
1536 1343
2821 1313
831 1319
2389 1362
2103 1138
2571 1295
1523 1445
1608 1318
2108 1347
1254 1261
594 1198
818 1236
1976 1018
1538 1462
1768 1458
1839 1270
2213 1398
2224 1142
1175 1470
1461 1445
2480 1466
2807 1012
1774 1418
992 1292
1716 1238
2290 1172
1691 1360
1797 1443
2708 1157
2732 1442
1750 1084
1908 1080
519 1105
579 1058
1534 1380
783 1042
2256 1241
2912 1273
2833 1155
1113 1460
1430 1034
1796 1255
1672 1166
1176 1100
2791 1129
1099 1265
1989 1142
1420 1408
2928 1432
1907 1118
2089 1300
2739 1355
1266 1271
2115 1447
1098 1461
1196 1088
2475 1019
1178 1355
1799 1019
655 1303
660 1183
2763 1264
2199 1495
1839 1415
1133 1486
2806 1454
1337 1424
987 1206
1654 1423
1835 1410
2415 1440
1915 1477
2867 1490
2112 1189
1708 1318
1636 1460
2431 1026
1477 1425
722 1440
797 1466
2295 1040
2101 1156
570 1122
2797 1319
2985 1294
2282 1115
1884 1358
958 1305
2276 1359
2095 1492
1012 1384
2750 1210
1544 1361
2755 1196
2055 1342
2433 1420
2294 1099
611 1154
1016 1155
661 1058
1619 1101
1725 1493
1314 1488
2673 1221
1402 1099
1535 1378
1244 1256
837 1338
797 1246
624 1302
970 1260
2097 1338
1720 1012
731 1435
1421 1462
934 1449
1909 1292
1636 1465
1459 1445
1223 1254
794 1133
502 1489
1256 1035
752 1372
1649 1267
1822 1421
524 1003
661 1332
2589 1213
2470 1447
2839 1283
1121 1380
2974 1013
776 1260
2181 1478
1011 1116
874 1194
1423 1372
1859 1323
2870 1447
1680 1387
2396 1207
1402 1421
2691 1414
2881 1333
2077 1166
2770 1003
794 1053
1925 1108
2021 1431
545 1114
928 1385
2826 1491
2848 1395
793 1419
2412 1435
2950 1262
1337 1186
1650 1317
2918 1323
2743 1027
2815 1185
1637 1267
1496 1302
2482 1421
2222 1048
2696 1492
2721 1083
1358 1240
1122 1308
2776 1350
2008 1297
2764 1230
1367 1377
916 1195
2058 1437
1372 1079
2870 1080
1410 1118
1295 1064
1928 1191
1203 1259
541 1025
2539 1071
2828 1494
768 1013
2263 1182
2124 1436
2365 1311
809 1192
2963 1485
1210 1375
509 1361
956 1155
1808 1138
2471 1063
1692 1071
1031 1353
696 1223
2268 1199
1453 1052
2233 1312
1784 1459
997 1186
1766 1019
1405 1425
2204 1260
1718 1080
2853 1261
2131 1039
1806 1102
1955 1294
2999 1479
2754 1414
2822 1038
937 1302
2298 1345
1710 1141
1280 1343
2564 1082
2503 1169
1474 1477
1508 1317
1963 1447
2039 1233
1632 1397
1593 1426
1310 1180
1529 1483
1059 1381
1639 1287
2417 1157
1574 1264
2132 1390
2132 1385
2243 1138
1421 1298
1155 1251
1977 1011
1344 1196
1620 1223
2089 1428
1756 1176
2584 1484
2153 1328
2025 1324
2007 1328
2272 1154
1517 1232
618 1324
2971 1361
1703 1256
2831 1362
2597 1432
2602 1287
2691 1091
673 1149
2690 1095
1129 1112
1930 1291
2668 1250
714 1250
1126 1351
1250 1173
1921 1204
1437 1172
824 1236
619 1448
619 1069
2896 1455
2267 1400
985 1184
747 1393
2075 1169
1041 1369
1814 1316
2583 1375
2864 1057
2942 1120
702 1129
2232 1481
2405 1439
1709 1454
1985 1265
2989 1355
789 1298
2150 1438
2437 1003
1025 1106
2567 1102
1638 1422
2784 1317
920 1396
2489 1111
761 1229
1668 1140
1135 1295
1630 1078
2587 1460
1964 1013
1206 1084
1293 1101
988 1208
1133 1198
2925 1200
2715 1379
2030 1019
1163 1405
1262 1194
1278 1447
2909 1249
1920 1348
2831 1051
1254 1494
2741 1439
2179 1071
886 1330
1613 1108
2277 1099
1600 1271
2742 1099
1317 1075
2119 1344
2490 1054
2372 1269
1408 1373
2285 1465
2452 1078
2636 1408
2201 1498
1276 1247
1095 1396
2753 1240
527 1133
1132 1399
2624 1053
2763 1153
1129 1388
606 1229
2318 1021
1755 1224
691 1401
958 1411
2163 1090
2304 1005
1809 1182
1141 1043
1599 1258
1678 1314
678 1203
1694 1404
1962 1273
2344 1430
712 1284
2520 1441
953 1412
2934 1411
2125 1457
846 1227
1342 1025
756 1118
1923 1480
981 1067
2359 1117
1695 1047
1460 1364
2709 1165
2530 1116
2977 1228
2260 1159
1803 1464
1522 1073
2919 1146
2373 1490
2932 1102
1549 1172
2644 1230
2407 1207
1909 1421
1700 1108
1970 1396
2922 1350
1404 1143
2864 1182
2557 1419
2698 1344
2233 1255
2304 1348
1878 1490
1653 1396
1706 1295
1794 1392
2894 1461
1110 1499
1568 1396
748 1251
2287 1395
1429 1447
2220 1483
2408 1209
2928 1428
1127 1201
1829 1125
2702 1109
2733 1288
1347 1424
2497 1187
923 1286
1704 1248
1092 1430
2362 1199
1965 1058
776 1383
1845 1038
1572 1209
2796 1358
1526 1190
1761 1312
2360 1300
2137 1329
1529 1133
2839 1097
2015 1357
787 1394
2524 1247
1527 1104
1105 1112
2127 1001
773 1005
2151 1056
1967 1364
1303 1216
2350 1306
978 1074
1598 1357
2183 1412
713 1009
1635 1325
546 1395
2614 1151
1535 1049
1284 1196
1825 1175
738 1476
2597 1169
1241 1374
1906 1315
2553 1452
915 1318
1856 1294
2898 1045
2421 1106
1855 1237
1106 1286
2276 1430
1061 1141
1385 1121
2462 1025
1003 1375
2694 1415
849 1262
1580 1451
1107 1128
568 1387
1015 1191
1199 1391
2930 1221
2175 1493
1187 1147
1514 1367
1238 1076
2668 1128
692 1356
1922 1415
1267 1477
1681 1293
1798 1144
2845 1026
1390 1117
690 1288
1850 1270
1367 1003
2247 1145
761 1373
2409 1348
585 1310
2148 1172
2787 1345
687 1388
2643 1098
2813 1217
668 1095
1829 1417
648 1165
2214 1298
2457 1463
2663 1352
2726 1165
1538 1317
1358 1064
937 1465
579 1422
2146 1480
2134 1032
1238 1050
2988 1072
2458 1070
1479 1408
2436 1080
1469 1207
2392 1240
2165 1114
1117 1480
1306 1103
1199 1463
2948 1110
721 1266
1887 1027
873 1350
2225 1271
1106 1178
513 1000
2856 1328
650 1491
2497 1053
2759 1416
1189 1066
2665 1475
2691 1220
2005 1139
914 1159
1841 1451
2345 1234
714 1000
1965 1023
2578 1130
2730 1382
1995 1422
1743 1287
719 1239
933 1198
1734 1127
2963 1155
1646 1388
2348 1457
946 1310
1088 1350
1264 1077
748 1322
1724 1415
2049 1349
1709 1124
1655 1171
2990 1369
2119 1176
1551 1116
1243 1311
2579 1022
2287 1281
1633 1167
2492 1316
944 1125
1153 1100
649 1371
823 1216
1100 1063
1704 1063
1260 1305
2929 1308
1084 1004
590 1494
871 1157
814 1336
2632 1492
1764 1183
1671 1493
2531 1049
1427 1013
766 1281
2843 1226
2330 1142
1101 1056
2440 1345
1758 1066
1408 1084
511 1410
1965 1077
1223 1317
2722 1334
1545 1350
2623 1085
1770 1295
2247 1166
995 1327
2067 1036
1579 1023
2822 1447
2953 1094
863 1206
1021 1319
1572 1259
2872 1356
647 1469
853 1219
967 1332
2254 1424
720 1132
2819 1034
1352 1384
1843 1197
2300 1285
2478 1282
2648 1170
2262 1099
2609 1306
2918 1199
2149 1460
1141 1409
2790 1265
2208 1178
2113 1288
862 1183
2429 1003
1797 1122
1688 1370
1467 1433
1931 1098
2641 1434
735 1389
2052 1289
750 1293
2649 1374
1084 1385
1260 1098
582 1200
2530 1155
1678 1242
1135 1036
2673 1275
2974 1178
2183 1160
649 1198
807 1446
1291 1409
2968 1457
918 1445
1690 1247
988 1083
1760 1186
2082 1465
2223 1171
2813 1374
2699 1458
1287 1113
1161 1163
2577 1369
1774 1188
2378 1127
1955 1171
500 1343
1508 1030
1034 1417
2451 1442
2320 1462
2903 1138
1135 1397
607 1159
966 1069
2190 1058
2327 1429
720 1184
919 1456
571 1470
2632 1110
2965 1404
2746 1112
2431 1076
2243 1097
1050 1368
1312 1036
1592 1133
553 1450
1138 1209
1661 1313
1832 1207
2910 1106
1527 1355
2500 1392
1955 1057
865 1155
1771 1299
2844 1367
1794 1106
1932 1002
2470 1283
2443 1112
689 1312
1885 1003
1197 1270
2025 1013
1732 1315
1853 1401
1036 1006
998 1135
2175 1185
2694 1486
1384 1244
722 1047
1388 1035
2609 1146
2470 1220
1520 1175
2753 1089
2752 1349
1029 1069
800 1188
1128 1349
657 1244
933 1284
847 1155
1775 1123
2052 1452
1336 1145
1197 1003
1179 1377
2900 1115
1374 1114
1873 1229
1349 1465
1658 1186
1377 1139
929 1207
1117 1269
1441 1185
2898 1391
1479 1231
992 1283
600 1252
1891 1250
1473 1246
2791 1271
2611 1117
1551 1161
2925 1113
1853 1002
1066 1182
1054 1186
2548 1481
2065 1397
2615 1006
2025 1279
2302 1268
1950 1114
1874 1049
553 1020
2531 1282
1819 1252
2502 1411
1484 1373
652 1131
845 1446
1427 1113
1524 1311
1742 1194
1428 1456
2702 1085
1047 1134
2271 1284
1393 1322
1390 1157
2699 1023
2245 1017
2789 1151
1346 1049
1554 1169
1026 1127
2341 1347
1726 1071
1460 1495
2888 1054
1080 1168
779 1241
926 1171
2062 1226
2087 1412
1942 1168
1870 1479
2425 1046
2456 1179
711 1251
2102 1047
1090 1332
2629 1458
1903 1072
2374 1099
1252 1393
2718 1172
1889 1305
1820 1366
2781 1441
622 1129
1405 1081
2552 1473
2533 1079
1771 1216
2894 1323
610 1424
805 1408
1912 1349
1106 1472
2975 1135
2498 1224
1345 1465
2491 1313
1588 1449
2963 1094
1712 1031
2634 1494
1555 1405
924 1250
591 1441
1060 1342
2407 1232
1523 1313
668 1477
2300 1487
2203 1374
1385 1234
1878 1091
1736 1229
1844 1017
2533 1398
711 1119
2975 1049
2636 1159
2692 1123
663 1344
704 1099
1104 1013
2867 1314
2804 1210
1426 1437
792 1407
1750 1383
1382 1426
1057 1352
2020 1463
2107 1440
2790 1480
1525 1369
672 1034
2371 1335
637 1406
1928 1320
2663 1405
2342 1188
2316 1246
2403 1089
2342 1132
1010 1139
2932 1403
1327 1297
1035 1440
2297 1132
1319 1179
2611 1213
2503 1187
1294 1361
1885 1185
1445 1460
1422 1292
594 1017
2311 1147
2949 1248
1647 1337
981 1119
879 1348
924 1283
571 1363
1373 1485
1007 1366
2626 1138
2068 1082
1664 1493
2509 1003
1994 1420
1709 1226
2377 1387
1696 1318
1766 1211
1608 1104
2421 1446
1911 1431
2128 1064
2617 1421
2327 1089
2197 1079
1347 1471
1767 1101
2442 1406
1325 1101
1128 1244
2605 1086
1667 1128
1227 1298
2278 1233
2121 1007
1972 1322
1136 1418
2683 1238
2127 1474
2710 1297
2191 1275
503 1465
2477 1119
838 1087
2616 1021
1009 1036
1649 1306
1198 1476
2287 1028
2031 1383
788 1336
2401 1227
1195 1196
1984 1069
2192 1102
1963 1189
1171 1355
827 1480
1410 1027
1383 1401
2008 1393
2532 1157
2301 1467
1198 1381
2101 1456
747 1010
1634 1095
2108 1035
733 1177
1154 1274
813 1413
2711 1099
2797 1243
2657 1033
1239 1175
2097 1490
1385 1448
2733 1316
929 1075
2571 1058
2867 1424
672 1118
1636 1365
1992 1393
2492 1254
1022 1229
502 1270
1060 1357
946 1320
2927 1153
869 1036
2629 1263
2503 1491
2837 1307
545 1084
2270 1125
1810 1335
953 1270
906 1258
2053 1221
1736 1048
1614 1322
2183 1330
1971 1301
1745 1050
2454 1013
500 1180
2228 1295
2571 1325
1972 1178
1836 1428
1467 1220
1741 1083
1308 1085
2396 1295
1631 1208
2850 1412
2333 1195
1933 1103
2008 1258
1715 1126
1515 1075
2442 1114
706 1374
846 1291
1236 1376
647 1183
997 1379
1422 1295
2393 1335
829 1313
2485 1397
1078 1001
2760 1327
2735 1362
2072 1468
1448 1438
1927 1399
928 1114
2238 1107
595 1204
2041 1491
2267 1107
782 1027
1459 1458
2377 1393
2582 1265
2860 1040
2752 1154
2508 1200
2683 1101
1986 1339
500 1487
2670 1446
2436 1062
2626 1190
1050 1094
2962 1280
2397 1196
819 1284
2838 1484
1158 1430
1060 1317
2938 1317
1912 1025
506 1199
952 1048
2105 1189
1084 1110
748 1342
1887 1171
680 1171
2720 1119
1517 1203
648 1467
2040 1196
629 1250
2730 1448
2326 1080
2443 1356
2833 1069
1693 1081
2695 1255
1268 1494
639 1271
2707 1309
2939 1044
2083 1133
1621 1488
1934 1256
756 1173
1263 1199
1815 1072
1447 1156
1313 1414
2271 1338
2729 1074
1405 1017
527 1420
1795 1051
2069 1464
513 1302
1423 1313
2330 1334
1972 1404
1369 1132
1785 1358
1948 1038
2755 1164
1845 1370
1053 1417
828 1377
2357 1174
1611 1088
1845 1397
1074 1008
2716 1410
666 1135
2385 1444
1881 1057
1652 1113
1609 1365
620 1321
2606 1463
2318 1166
1589 1182
1171 1002
819 1260
1101 1064
1073 1428
1242 1089
2591 1060
2579 1380
1624 1115
1279 1247
972 1121
2099 1122
2162 1425
2421 1293
2791 1027
562 1197
1869 1097
1545 1160
1380 1403
2387 1357
2423 1102
2579 1006
1865 1336
2291 1096
1330 1252
1975 1171
1287 1485
2348 1212
1926 1093
815 1394
1772 1185
2444 1245
674 1160
2128 1411
1878 1088
1790 1072
2061 1435
1627 1366
1541 1057
1967 1090
1148 1175
2397 1255
2163 1399
839 1292
710 1269
1963 1084
1756 1245
1444 1288
1674 1400
2136 1498
2232 1112
552 1213
2341 1045
1382 1299
700 1021
2277 1122
1663 1238
861 1114
585 1378
1536 1083
2311 1198
2601 1183
2100 1245
1085 1260
2237 1387
1531 1088
671 1318
1164 1359
2457 1262
2045 1053
1107 1114
2250 1206
944 1337
2175 1289
2435 1292
907 1234
1242 1170
1371 1110
1185 1035
1661 1028
2591 1311
1941 1426
699 1449
1983 1126
2839 1265
2675 1005
1316 1427
1091 1384
1927 1332
2340 1417
2852 1059
1045 1488
1235 1150
2123 1170
2677 1486
2207 1483
2891 1264
688 1009
2152 1394
2605 1188
1118 1168
1268 1494
566 1416
2287 1373
2939 1060
1287 1370
725 1012
2681 1118
2343 1238
2178 1392
2238 1315
2000 1123
2097 1146
710 1294
2523 1181
2678 1155
1097 1104
2458 1041
657 1109
955 1283
2385 1019
1210 1213
1169 1097
2348 1279
1873 1116
2756 1370
2067 1164
1503 1144
2479 1163
2587 1007
2910 1143
2026 1394
694 1083
1151 1366
1813 1405
1626 1271
2758 1272
2891 1009
2844 1223
704 1029
1936 1005
1093 1007
2769 1178
2232 1140
672 1245
1569 1344
1220 1479
2795 1488
2897 1291
953 1334
1110 1119
1516 1405
2403 1450
707 1341
1275 1149
1032 1226
726 1303
2561 1018
1420 1150
538 1335
2534 1486
1740 1169
2719 1163
1586 1325
2503 1116
547 1163
2535 1201
2942 1401
582 1154
2609 1331
2117 1158
1678 1323
1512 1183
849 1138
1975 1497
2337 1364
699 1308
1686 1160
1463 1458
764 1056
1767 1495
2382 1235
2187 1216
1086 1047
1800 1052
1003 1381
2248 1423
2183 1174
2537 1088
1865 1393
1108 1094
2243 1236
1781 1160
1600 1159
2020 1259
2293 1009
2182 1034
2118 1428
2322 1339
2467 1013
542 1335
2050 1389
1328 1086
1244 1177
1393 1010
968 1313
2242 1147
1793 1093
2890 1329
742 1213
2340 1034
2673 1117
2423 1120
2829 1232
1874 1321
1931 1062
1653 1373
1027 1348
1714 1347
2303 1421
2911 1219
2157 1100
1126 1388
1429 1006
1479 1491
2608 1135
1802 1251
1821 1143
914 1257
2395 1241
1875 1153
2537 1278
1997 1349
2906 1340
1754 1074
1194 1023
816 1102
1116 1315
1658 1256
2087 1091
1465 1136
1602 1393
1357 1033
1128 1295
2948 1131
589 1461
1194 1147
982 1499
2610 1003
916 1259
1810 1423
2388 1131
1221 1056
1089 1375
583 1305
925 1172
2370 1163
2573 1183
1397 1428
1826 1267
501 1086
1109 1315
2116 1407
2982 1470
786 1241
661 1263
2611 1130
1219 1001
969 1346
1747 1237
2973 1385
1845 1084
939 1221
2617 1447
1992 1137
2822 1195
1286 1208
2427 1278
2489 1288
548 1140
1238 1169
794 1138
505 1099
2743 1472
2430 1059
1684 1362
721 1202
820 1496
2247 1084
2139 1326
939 1307
1467 1075
1791 1168
2937 1020
2175 1345
2705 1219
2771 1047
1407 1445
1627 1320
1552 1342
981 1416
1787 1246
2413 1455
2773 1013
1650 1433
1264 1179
2790 1139
1760 1495
2224 1327
1037 1097
2337 1021
1828 1008
1701 1327
1674 1495
1719 1140
1465 1090
2111 1266
2857 1389
2889 1300
2153 1393
838 1475
1508 1263
2082 1277
916 1039
1679 1137
961 1291
2344 1043
1979 1139
1921 1478
1721 1162
2163 1045
2966 1389
2045 1031
1537 1464
555 1155
1503 1231
1627 1010
2339 1341
558 1426
2580 1045
514 1384
912 1333
2188 1221
814 1349
1745 1351
1846 1040
1667 1438
751 1236
2187 1442
2641 1022
2382 1124
1921 1042
1960 1182
2588 1355
2668 1276
2939 1420
2875 1215
2011 1443
2335 1272
852 1392
2919 1455
2222 1071
1521 1152
781 1313
2399 1399
2898 1131
1511 1428
2156 1159
2231 1129
1101 1278
2722 1490
1424 1185
812 1083
2856 1256
1412 1295
1804 1083
725 1000
2106 1320
1075 1012
2764 1158
710 1242
841 1451
2520 1232
2747 1250
2612 1042
1587 1304
1441 1234
1312 1267
2886 1335
2721 1336
1818 1166
990 1343
2985 1428
2598 1353
1801 1279
976 1173
2064 1311
2007 1212
2570 1273
1211 1231
1382 1158
2013 1218
863 1250
2599 1356
1764 1267
1536 1443
1968 1358
2867 1156
1869 1101
1138 1160
2428 1018
1801 1349
2337 1350
905 1324
1743 1332
1998 1402
784 1336
2619 1337
1506 1195
1673 1095
2494 1111
622 1316
1659 1224
537 1497
778 1471
1228 1384
951 1215
1603 1036
600 1131
1539 1429
2600 1127
1293 1163
1960 1359
865 1382
2929 1253
2137 1096
543 1386
2187 1235
2572 1014
1292 1460
1208 1245
2675 1199
2748 1431
2806 1201
2920 1152
893 1247
1856 1411
2876 1149
1746 1054
2488 1066
1994 1462
1850 1482
1951 1235
2863 1403
1694 1133
2281 1452
1023 1473
1094 1067
1631 1054
2710 1256
2927 1265
1357 1035
2314 1112
1267 1326
1895 1016
2670 1201
689 1396
1650 1247
2610 1456
2434 1220
2013 1043
2202 1140
1196 1118
592 1446
602 1066
2745 1499
2202 1207
725 1190
2396 1331
2231 1037
996 1154
728 1058
1469 1352
2975 1285
1465 1391
2352 1036
2809 1256
921 1033
1254 1430
1529 1378
2895 1357
2151 1048
2428 1130
2007 1433
1406 1424
2162 1298
2471 1109
1135 1280
2937 1402
1567 1066
2458 1121
1016 1189
1832 1244
1472 1459
1992 1133
688 1068
1426 1140
1698 1176
905 1278
1239 1231
526 1460
2384 1393
1195 1153
2035 1080
2715 1153
1184 1103
1558 1376
1624 1442
1581 1416
2869 1169
1138 1480
900 1026
2215 1298
1250 1292
1168 1435
1319 1224
2579 1248
2260 1319
912 1289
841 1389
1403 1079
1712 1364
1938 1104
1466 1283
1117 1325
2082 1020
512 1224
789 1467
638 1126
2101 1240
916 1495
1635 1488
2102 1042
1484 1456
835 1038
1360 1203
2939 1115
1166 1079
760 1174
1040 1216
757 1191
2637 1059
2763 1222
2360 1202
691 1053
2995 1420
714 1419
1342 1399
1387 1040
2416 1236
1147 1063
519 1288
1833 1212
681 1305
950 1194
964 1147
2049 1059
626 1088
944 1021
2058 1073
2355 1396
1772 1202
2085 1319
886 1278
2420 1197
562 1426
1353 1056
2020 1071
657 1350
776 1461
2869 1273
1374 1267
1545 1227
1547 1407
759 1450
2774 1347
1005 1211
2811 1183
1199 1173
979 1399
885 1342
2594 1276
1747 1094
1485 1471
1748 1060
507 1193
1677 1435
531 1324
1525 1288
2043 1393
769 1489
2304 1396
2274 1173
2390 1324
1961 1316
2568 1270
1552 1451
967 1045
2437 1212
1109 1208
2691 1133
2719 1133
1928 1398
2974 1350
807 1237
2851 1043
2830 1315
2049 1451
824 1381
1501 1448
1352 1036
1831 1092
1252 1016
598 1486
1607 1311
2370 1225
689 1244
802 1337
1745 1485
634 1333
667 1256
2103 1424
2664 1198
793 1267
1551 1466
507 1032
799 1216
827 1152
785 1059
1247 1256
537 1375
975 1261
1266 1325
2835 1434
2294 1201
542 1253
1695 1223
1518 1300
2221 1190
2163 1116
2972 1243
1880 1409
664 1360
1502 1236
2715 1289
2732 1039
1172 1017
1641 1445
2518 1055
1469 1421
1531 1201
683 1052
2333 1032
2341 1402
1755 1250
2983 1018
2552 1249
570 1249
900 1442
2595 1020
2802 1426
1553 1464
2263 1445
2878 1397
2746 1124
2312 1296
2836 1213
1970 1207
2368 1258
965 1453
2977 1048
1694 1352
1387 1362
1090 1281
2216 1272
849 1154
1541 1157
2409 1356
817 1420
1614 1364
1769 1387
871 1200
839 1364
565 1436
2403 1196
2352 1270
1423 1370
2701 1248
1055 1277
2075 1211
1933 1444
2453 1146
731 1185
1384 1273
607 1219
1385 1459
1213 1145
1198 1373
1093 1492
2417 1322
618 1119
2117 1461
2158 1034
924 1424
1037 1022
2596 1476
2934 1396
2380 1190
549 1035
1882 1389
2892 1020
1225 1335
1734 1098
1678 1474
1145 1072
568 1231
2909 1469
1963 1077
1342 1294
1576 1102
996 1208
2975 1132
1744 1294
1068 1243
2289 1441
1789 1428
1900 1411
1708 1168
2421 1268
2263 1362
1100 1413
1026 1201
2847 1481
2668 1097
851 1187
824 1419
2557 1109
2843 1425
1728 1171
2924 1204
923 1250
2505 1131
1065 1341
2975 1275
1386 1173
1050 1289
2156 1323
1431 1022
2161 1236
1646 1116
2395 1410
2431 1322
2567 1450
2181 1459
1056 1442
1278 1325
1221 1187
749 1194
1118 1149
2907 1076
1226 1010
2135 1242
1899 1113
1205 1251
1227 1073
918 1002
676 1475
763 1498
2531 1394
1502 1000
2110 1206
1030 1002
1192 1113
763 1053
713 1387
914 1305
1386 1222
1452 1433
1624 1316
706 1121
1244 1187
2072 1440
1302 1000
2279 1146
1996 1143
1686 1295
2505 1337
1053 1153
1296 1400
513 1074
2800 1263
2267 1257
2317 1228
2067 1037
1986 1478
600 1410
600 1113
2451 1025
1276 1080
1754 1250
1050 1475
1637 1065
1139 1293
2617 1140
1086 1431
1541 1366
1333 1322
1032 1048
1899 1204
1577 1016
1868 1026
2763 1490
975 1436
1330 1080
2100 1343
1355 1222
1094 1093
2961 1409
2592 1163
939 1032
2534 1004
816 1234
2169 1264
2024 1385
2317 1454
2269 1232
2137 1374
978 1125
1419 1318
1571 1085
1874 1364
874 1088
2156 1033
712 1201
1065 1313
659 1375
2901 1297
2023 1083
2098 1090
2496 1241
1559 1333
2171 1105
2358 1235
684 1151
1006 1228
732 1249
938 1242
2553 1456
2371 1201
1645 1468
2393 1458
2079 1208
2768 1185
1352 1366
1041 1454
878 1235
2558 1449
701 1113
1080 1379
2437 1499
2301 1092
2289 1161
697 1492
1349 1249
1329 1088
1074 1306
2310 1136
2870 1233
2717 1213
1975 1137
1596 1141
1173 1469
2897 1302
707 1407
673 1299
2018 1240
1438 1401
2519 1476
1302 1097
2364 1288
2785 1355
2729 1023
1390 1405
1227 1227
919 1080
2676 1396
1948 1452
1920 1008
2137 1158
2383 1010
2384 1465
2040 1198
892 1146
2668 1198
2188 1127
1600 1373
1654 1030
2276 1166
918 1009
2574 1493
1791 1189
2992 1397
1364 1178
2091 1061
2942 1082
817 1272
837 1244
1448 1470
1325 1467
615 1405
1340 1067
851 1326
932 1499
2343 1360
2326 1011
2105 1280
2206 1230
1492 1269
2994 1269
2684 1364
1008 1369
2867 1130
1184 1332
2658 1280
714 1460
2747 1492
2014 1499
1479 1441
1172 1119
1674 1239
930 1186
2226 1236
1303 1132
2590 1278
2177 1004
1950 1108
2762 1072
2279 1009
844 1439
2864 1081
590 1059
787 1130
839 1010
1518 1260
969 1035
875 1193
2856 1441
1058 1473
847 1150
1194 1212
1785 1485
745 1028
2784 1481
1332 1394
1422 1011
1251 1350
2222 1092
861 1423
1547 1130
1108 1103
1934 1250
2018 1186
1883 1308
717 1143
1085 1118
1593 1340
1401 1034
1232 1257
2061 1207
1613 1197
1541 1415
1092 1009
2002 1295
601 1356
1006 1129
1827 1158
2513 1216
883 1014
1603 1267
1633 1255
570 1089
2283 1290
2216 1342
858 1203
1225 1111
998 1492
2182 1417
2694 1370
1687 1155
745 1277
1698 1251
1285 1220
1887 1244
1328 1138
2135 1337
2414 1417
914 1406
2696 1454
1647 1321
1172 1410
847 1272
2686 1175
881 1212
2602 1215
2234 1371
1975 1437
1766 1415
1657 1068
2190 1436
622 1421
2218 1434
2456 1012
567 1175
2542 1156
1620 1059
2634 1452
1909 1099
2753 1475
2096 1456
2545 1089
560 1346
1670 1284
1809 1195
1175 1065
1921 1254
2318 1334
1576 1452
2680 1267
1118 1063
2286 1064
2706 1486
1644 1437
1714 1209
602 1164
1616 1049
2776 1316
2791 1069
790 1448
2823 1021
2521 1061
1176 1048
1536 1270
646 1191
1147 1337
547 1495
612 1025
2199 1071
1983 1279
2537 1329
538 1093
1289 1049
2856 1231
2313 1403
602 1404
2552 1145
683 1155
2388 1320
1935 1219
1630 1456
2056 1339
1450 1266
1954 1114
1816 1483
1236 1422
2118 1077
2093 1036
1417 1111
1053 1035
1870 1368
2624 1266
2842 1418
1761 1471
2520 1013
2822 1003
2358 1082
2452 1120
1835 1242
2398 1266
2347 1032
2612 1325
1615 1056
2167 1244
2791 1300
974 1226
2828 1423
886 1355
2682 1399
1613 1077
2784 1366
956 1097
2489 1476
1265 1115
2048 1339
2113 1250
1004 1077
2897 1376
2191 1167
960 1345
1714 1276
2639 1443
2955 1236
2786 1449
1454 1001
510 1007
1840 1384
520 1281
847 1169
2358 1458
1889 1161
1317 1399
1246 1187
535 1142
1615 1235
1810 1038
1248 1079
2261 1102
2343 1259
1783 1004
2152 1355
1512 1363
2825 1326
1110 1003
2793 1161
1941 1050
2284 1022
2104 1247
506 1471
921 1034
1598 1214
1912 1200
1138 1308
1027 1016
2546 1087
1980 1075
581 1411
1592 1339
832 1159
1879 1095
1716 1337
1196 1008
999 1173
2087 1497
965 1096
1488 1140
1831 1029
2958 1142
863 1241
913 1118
1641 1482
2954 1359
950 1372
2619 1115
2005 1150
1356 1479
732 1147
2019 1211
2642 1216
1601 1209
930 1261
1847 1257
2300 1363
2200 1035
2769 1345
2711 1041
1147 1094
627 1454
1968 1468
1161 1032
2388 1441
2720 1263
2639 1124
1961 1331
562 1421
2537 1156
1550 1390
1126 1329
964 1437
1810 1420
2576 1492
1945 1392
1740 1084
770 1173
1586 1332
2867 1130
1592 1331
556 1185
1554 1434
1514 1265
1996 1195
2474 1227
529 1494
1007 1366
599 1251
1684 1210
2892 1233
1637 1301
932 1166
766 1309
860 1283
637 1027
2250 1057
2939 1258
1825 1049
1949 1346
1030 1228
1200 1376
2809 1035
1395 1395
1811 1200
1688 1431
1551 1104
1216 1487
799 1125
2040 1326
2564 1232
1970 1189
1676 1440
2528 1387
886 1486
1634 1034
1285 1291
2446 1218
2704 1095
1525 1192
2348 1349
1938 1185
1365 1172
910 1008
2190 1179
2111 1386
689 1119
1838 1164
2492 1228
1478 1018
2114 1179
2073 1492
2907 1111
575 1465
865 1477
1766 1068
1946 1246
1264 1313
1764 1456
1749 1127
1960 1230
1093 1345
1516 1356
1669 1097
2931 1057
2137 1093
814 1325
977 1432
681 1317
636 1279
1205 1047
2253 1291
2385 1174
551 1042
808 1431
1430 1169
2051 1096
1744 1038
1456 1293
2037 1009
1958 1167
2809 1230
2153 1204
1087 1470
2121 1263
815 1304
722 1236
902 1434
943 1277
1894 1338
1529 1472
2820 1047
2714 1339
776 1469
758 1291
2623 1133
2938 1312
2103 1291
1912 1232
2165 1351
2421 1287
804 1011
2987 1489
629 1433
2641 1041
2820 1349
1385 1034
2162 1123
566 1299
1505 1237
1590 1337
1061 1172
2398 1476
2189 1181
2337 1451
1729 1493
2012 1080
2709 1132
2922 1349
653 1378
1183 1252
1122 1085
1896 1363
1846 1047
1781 1230
1313 1295
748 1194
1015 1103
1989 1093
1261 1475
2658 1498
1610 1067
2077 1161
2381 1126
1022 1455
1472 1300
653 1185
1992 1197
2953 1376
2948 1142
2342 1125
2260 1316
1966 1464
1090 1493
1769 1161
1205 1019
1073 1476
1310 1102
2940 1359
1524 1225
1333 1331
2812 1215
2731 1395
1114 1173
1016 1098
1955 1140
1600 1258
720 1042
2133 1314
639 1297
2481 1432
2485 1263
1000 1028
1506 1209
1708 1470
2195 1083
639 1472
937 1397
2946 1406
2180 1456
1672 1086
2518 1221
1506 1392
1855 1038
1632 1420
2473 1465
1219 1171
686 1199
2239 1028
2392 1214
1386 1049
2180 1499
1094 1120
1499 1065
2667 1494
970 1107
685 1321
2708 1204
2969 1234
737 1437
1436 1112
859 1070
2867 1170
2409 1200
1731 1182
883 1230
2856 1154
1898 1438
1929 1325
899 1230
1803 1118
670 1374
1187 1085
1237 1461
1081 1324
1466 1038
563 1407
609 1007
2519 1479
1180 1352
2691 1210
2135 1223
549 1133
2287 1370
982 1477
1009 1171
2525 1018
2573 1048
2313 1216
2117 1315
2034 1195
1096 1440
2387 1270
2556 1158
2839 1078
593 1457
962 1236
2494 1434
850 1343
516 1255
1811 1227
576 1288
2474 1182
1025 1172
623 1134
2620 1205
2031 1182
1766 1464
843 1195
2457 1024
1672 1404
2136 1303
2806 1369
2845 1391
1315 1016
1320 1285
780 1314
1239 1095
2715 1214
1401 1299
1159 1214
888 1122
2513 1351
1421 1264
1645 1046
1121 1130
745 1285
709 1261
2045 1418
2776 1230
1742 1219
2348 1277
2543 1027
1631 1278
2404 1201
562 1377
1993 1227
2821 1332
2437 1019
2688 1072
2146 1293
1300 1149
2358 1400
1948 1369
2361 1499
858 1037
1219 1157
2178 1248
1100 1479
856 1478
1360 1211
593 1377
2392 1391
1511 1340
937 1200
1952 1404
2409 1256
1707 1030
1080 1031
2392 1326
2955 1313
766 1486
1872 1005
1911 1090
2722 1438
2036 1015
1121 1007
2680 1213
1765 1231
1011 1354
2617 1097
1607 1368
1421 1178
2853 1115
2754 1275
2648 1298
2147 1209
2861 1109
1034 1143
2050 1343
683 1005
2057 1352
1520 1208
2363 1363
2845 1354
1226 1413
619 1188
980 1476
1157 1023
645 1206
1101 1345
2119 1414
710 1004
2565 1353
762 1055
1745 1260
2088 1008
588 1092
1844 1275
2397 1448
2866 1061
2314 1165
2013 1252
747 1059
1810 1042
2189 1400
1674 1017
1439 1100
1547 1474
1530 1398
1135 1262
604 1207
1635 1003
733 1267
2130 1479
2029 1069
642 1052
2157 1186
1158 1437
2371 1142
556 1157
1909 1383
892 1481
1895 1441
1274 1434
2477 1123
1394 1237
2647 1496
2484 1315
576 1086
1782 1431
2644 1099
1406 1236
2429 1074
2939 1073
1194 1229
762 1153
1614 1243
2625 1112
1533 1098
1915 1298
2202 1484
2237 1348
2593 1047
1547 1052
1373 1300
2178 1387
2838 1312
2127 1202
2795 1281
2236 1018
711 1080
1222 1186
1624 1388
567 1187
559 1101
2979 1449
2941 1026
2968 1472
1293 1000
1949 1480
2791 1155
1486 1422
1656 1093
1466 1143
2933 1008
989 1334
2692 1320
2252 1235
1146 1217
1975 1367
2490 1152
2100 1472
689 1431
2857 1302
1889 1105
2471 1466
1117 1140
1806 1070
1014 1105
891 1434
2553 1211
1910 1149
1805 1056
1190 1114
2813 1442
1747 1236
1575 1158
2256 1143
1292 1113
2039 1016
2685 1048
1686 1109
820 1448
1452 1404
1593 1401
2489 1278
1220 1168
1003 1481
2226 1492
2064 1364
2591 1306
2614 1143
1741 1371
1760 1278
2118 1130
1388 1446
1121 1344
1411 1450
839 1289
1721 1085
1933 1182
916 1068
2765 1177
748 1331
938 1294
808 1403
1332 1080
1383 1434
1166 1088
1189 1321
1861 1310
2587 1340
1472 1457
2773 1291
1114 1244
788 1342
1492 1119
2011 1424
2853 1465
2327 1239
1083 1045
731 1321
2428 1220
2748 1197
2271 1161
567 1125
1146 1259
2349 1053
1439 1417
531 1253
2067 1303
1643 1322
2328 1144
1393 1486
2633 1474
1103 1397
2234 1406
799 1365
1244 1016
788 1354
1877 1222
2597 1054
2768 1034
2122 1469
593 1144
2782 1059
1571 1178
951 1321
734 1191
1632 1152
2040 1072
988 1443
1986 1049
2194 1233
2063 1379
1474 1197
1835 1033
1586 1024
2609 1264
1815 1055
1113 1137
1661 1125
1683 1205
722 1104
640 1248
2084 1107
1029 1240
2827 1273
1500 1328
1239 1241
1582 1152
2702 1320
2866 1007
2262 1003
2664 1188
1629 1304
2215 1081
1884 1437
2646 1054
1822 1039
1251 1291
2388 1101
774 1296
504 1267
2406 1125
1756 1210
2025 1159
707 1302
2782 1416
2295 1142
1916 1362
1952 1383
1543 1454
1195 1053
2696 1492
1593 1300
525 1124
1652 1229
984 1363
2214 1056
2186 1094
621 1224
2908 1218
1189 1346
711 1040
2310 1490
1825 1304
1310 1383
727 1121
873 1044
2812 1168
2559 1311
2184 1476
1895 1362
1796 1313
2447 1360
534 1283
601 1303
1248 1255
2038 1173
1472 1222
2651 1405
1356 1372
1679 1321
2280 1284
754 1084
2558 1383
1015 1471
1289 1208
2349 1022
1644 1470
2456 1176
1355 1208
775 1192
2136 1261
2347 1246
1117 1436
787 1405
2693 1419
2879 1288
1936 1237
2351 1414
1315 1396
2742 1427
2793 1426
777 1442
2721 1367
887 1002
880 1191
1280 1378
1525 1009
2517 1398
1997 1092
2516 1093
1180 1302
2805 1419
1819 1236
2653 1475
2426 1193
1570 1450
2392 1027
1351 1160
2205 1404
1122 1429
1638 1132
1705 1467
1924 1074
1136 1480
980 1260
1282 1389
630 1359
1569 1087
2880 1345
1086 1056
832 1499
1876 1318
794 1058
1900 1110
2626 1185
897 1451
2773 1286
2425 1275
1051 1372
892 1201
2706 1011
611 1164
2278 1309
922 1018
1082 1254
1393 1029
1418 1488
2930 1049
823 1102
2126 1274
573 1440
1374 1341
1412 1266
2315 1260
2270 1220
2940 1452
2568 1101
2856 1320
2447 1195
528 1070
2555 1343
1956 1062
1778 1217
2359 1013
888 1359
1294 1465
1595 1477
2992 1475
2405 1360
1389 1245
2322 1385
1703 1308
2684 1483
1369 1441
1477 1145
1054 1009
675 1073
2303 1026
978 1365
1689 1119
1767 1018
1208 1214
1924 1255
2382 1469
1037 1418
1916 1476
1980 1343
2658 1126
2751 1143
2807 1264
554 1488
2359 1071
1367 1043
1280 1064
1367 1028
809 1059
708 1023
2279 1267
707 1048
504 1297
992 1346
1348 1245
2801 1175
1455 1034
2604 1167
784 1170
860 1039
2943 1398
2441 1034
1737 1474
889 1010
2178 1096
1802 1055
2309 1222
1674 1485
1439 1370
2127 1150
709 1253
2920 1475
1332 1136
526 1053
2524 1017
2232 1168
2291 1088
1172 1424
1269 1474
708 1234
2387 1149
2309 1309
2904 1011
1584 1356
2561 1485
997 1298
2106 1009
1960 1328
1007 1456
1185 1295
598 1317
2616 1466
2758 1318
1817 1057
1956 1395
735 1412
1965 1476
1534 1188
602 1476
2027 1225
1271 1263
2395 1247
2554 1353
2787 1067
783 1118
1804 1368
2096 1068
1308 1138
1421 1265
763 1326
2861 1284
2947 1445
1290 1108
573 1041
2126 1349
1429 1448
1365 1290
2101 1468
748 1254
2381 1324
993 1338
530 1022
1129 1279
1978 1301
1316 1453
2118 1429
1744 1398
2592 1435
1754 1093
2174 1051
602 1179
2728 1457
2927 1327
1293 1472
740 1349
1818 1438
2999 1474
1794 1336
2872 1409
2888 1306
1531 1028
2832 1363
2637 1002
1679 1143
2780 1345
541 1115
2655 1107
1684 1001
2183 1451
636 1128
2394 1080
1842 1021
2356 1351
2591 1292
1271 1358
1491 1498
1106 1266
1496 1305
2988 1197
1665 1196
582 1493
2885 1350
1741 1331
1437 1421
745 1166
562 1220
1375 1291
1177 1152
2262 1442
1461 1363
2366 1359
1938 1068
2566 1141
2689 1277
1394 1164
2127 1464
2143 1408
2892 1301
2789 1057
1025 1091
954 1398
1067 1116
1000 1289
1213 1010
2813 1121
1895 1379
838 1092
1873 1102
966 1042
1013 1182
1186 1121
2891 1270
851 1264
1658 1380
1581 1273
2386 1007
2790 1379
2911 1427
622 1225
2399 1088
1106 1140
1663 1027
1086 1229
1547 1050
1069 1195
765 1005
2355 1451
2480 1178
1311 1130
966 1412
1669 1434
1520 1189
1998 1183
783 1117
2094 1163
973 1416
2951 1181
2036 1142
1656 1007
2946 1200
819 1328
2210 1379
1701 1130
1081 1379
2930 1151
1822 1435
1843 1369
2320 1032
1927 1165
2813 1015
2710 1044
947 1064
2020 1102
2328 1198
968 1338
1928 1043
1215 1169
2982 1365
2475 1401
2406 1386
2176 1061
1968 1336
2639 1094
2485 1287
2739 1258
575 1201
1423 1115
1104 1336
1295 1128
2994 1379
2788 1076
954 1231
981 1355
1968 1091
1535 1197
788 1329
2025 1071
2240 1046
2472 1464
2353 1006
681 1203
2558 1009
1973 1453
1299 1192
1930 1043
1550 1142
1289 1211
2548 1320
2411 1359
1865 1089
1269 1461
2129 1263
1699 1001
2804 1272
2829 1440
1733 1381
1876 1454
1805 1253
1126 1110
1901 1113
2192 1036
1718 1399
936 1126
663 1271
1312 1206
994 1360
2216 1116
1930 1374
1851 1037
2434 1227
1571 1040
2666 1011
1872 1291
1792 1172
1995 1410
1652 1475
1967 1490
1341 1006
1719 1478
2041 1469
1091 1296
1675 1233
2802 1097
1540 1250
954 1055
1864 1195
1866 1217
2540 1423
2212 1134
2459 1020
940 1454
2972 1493
2278 1254
822 1074
1870 1128
2329 1114
2856 1326
1102 1492
766 1255
869 1167
2649 1279
580 1136
1364 1171
838 1152
2024 1319
632 1066
1963 1112
2793 1025
2203 1346
1703 1115
1736 1213
1757 1429
2372 1377
2677 1062
716 1434
1960 1296
2031 1101
2473 1385
2846 1014
2324 1132
992 1037
683 1204
1734 1415
2015 1260
1018 1201
2065 1267
2487 1416
1655 1281
2646 1029
2039 1411
2564 1333
912 1119
2805 1348
1231 1236
1961 1398
1837 1142
1952 1111
2946 1299
1628 1187
1463 1201
1050 1244
1207 1267
2661 1233
2884 1361
1397 1381
548 1233
2889 1348
1195 1344
808 1089
1771 1491
807 1457
770 1436
2580 1000
1990 1496
664 1191
2973 1219
1627 1197
2871 1280
1538 1499
2964 1048
809 1156
2976 1115
1860 1329
2736 1458
708 1217
2844 1410
2108 1099
2145 1187
500 1025
1347 1143
1088 1085
2593 1128
2743 1358
2637 1143
1395 1441
850 1252
1436 1370
2176 1123
744 1271
2567 1489
2930 1386
1181 1308
1266 1066
805 1333
1012 1148
2726 1232
565 1024
1038 1375
2349 1130
970 1062
2797 1135
2073 1283
710 1425
611 1075
1374 1076
1652 1333
1970 1065
2905 1125
1688 1032
1186 1251
888 1440
1399 1410
1116 1164
2469 1376
1878 1265
963 1467
1918 1074
2632 1278
1685 1122
2881 1115
2751 1248
930 1400
1850 1394
2946 1100
2034 1354
824 1290
2352 1313
2177 1131
1901 1214
2876 1417
1807 1392
2447 1014
2592 1233
1058 1450
2115 1355
1534 1128
1718 1439
1325 1032
2766 1195
2398 1085
1342 1476
889 1248
2743 1030
2678 1467
2591 1480
2593 1219
2618 1298
1116 1107
761 1483
1816 1358
1698 1071
833 1053
2636 1438
1947 1366
1190 1411
1269 1432
1817 1140
984 1391
698 1165
2851 1165
2077 1225
2622 1030
965 1134
1472 1016
2808 1198
2276 1329
961 1131
1375 1061
2696 1407
1096 1333
2707 1290
2886 1477
2094 1311
2924 1014
2564 1465
2751 1207
1489 1080
1794 1396
2965 1397
966 1266
694 1235
738 1437
2095 1437
594 1187
897 1083
1296 1289
1346 1201
1176 1404
2932 1325
554 1012
748 1222
1595 1338
1934 1161
2541 1299
2703 1382
1805 1156
2125 1235
2484 1477
1469 1274
1532 1057
2950 1474
1677 1461
2015 1215
1502 1492
949 1478
2706 1073
1038 1268
2725 1307
1581 1010
2437 1427
709 1046
757 1435
2437 1079
2864 1203
2228 1385
1153 1026
980 1281
638 1355
1589 1119
2997 1199
2207 1231
1275 1184
2306 1321
604 1402
2558 1297
1606 1394
2412 1119
2750 1183
2927 1299
2112 1397
1860 1059
2150 1405
1809 1005
1913 1308
2747 1331
2822 1164
1343 1378
1981 1381
616 1496
1953 1214
2445 1121
2857 1046
2862 1024
2438 1128
1208 1251
2342 1321
852 1280
2492 1352
2494 1357
2336 1219
2014 1183
2528 1167
899 1310
680 1460
2757 1397
2955 1458
537 1002
1139 1102
503 1186
930 1432
1415 1400
2835 1068
1897 1371
2473 1342
1295 1228
2508 1293
1981 1230
781 1264
1838 1362
1122 1162
1003 1392
2413 1025
716 1030
2744 1482
2938 1397
2329 1296
2846 1043
1870 1065
1169 1174
2124 1307
2144 1037
686 1032
1849 1200
1051 1411
2606 1352
1236 1494
1122 1260
846 1161
1789 1238
2864 1118
2960 1352
568 1386
552 1081
2439 1067
769 1390
631 1093
2650 1310
967 1272
1885 1046
524 1183
1100 1401
1315 1044
1049 1187
1094 1054
2714 1460
2666 1308
2592 1363
1383 1158
2469 1351
1047 1287
1276 1165
1968 1492
2741 1161
745 1323
1420 1096
2418 1400
2446 1275
794 1437
1433 1135
2416 1104
2458 1465
2582 1048
1015 1305
870 1103
531 1024
2331 1092
1231 1360
1488 1422
2346 1451
1368 1010
951 1015
2498 1474
1050 1436
1610 1211
2890 1450
1949 1405
2287 1274
1326 1241
909 1487
792 1259
1265 1055
1825 1092
2248 1050
1991 1136
2027 1239
626 1235
2607 1329
934 1191
1372 1403
1975 1139
679 1334
2932 1164
2372 1390
846 1072
2566 1399
1853 1167
1468 1402
520 1279
1184 1413
518 1170
1015 1168
2288 1137
2060 1090
1282 1363
2310 1030
1313 1475
2821 1379
550 1364
600 1072
2408 1127
1222 1119
2201 1165
593 1059
2990 1077
2913 1272
2503 1399
743 1459
2647 1402
1639 1397
2704 1349
2419 1405
2681 1499
2209 1298
2326 1128
2649 1248
1871 1055
2663 1175
1849 1226
2604 1087
2987 1121
1479 1423
1937 1408
1819 1235
2966 1261
1810 1321
963 1474
674 1114
2396 1196
1309 1480
2333 1440
1151 1174
1982 1163
1701 1225
2927 1215
2814 1339
2485 1007
1097 1310
2100 1194
1955 1482
2142 1003
1042 1045
1790 1396
1004 1481
1966 1044
557 1002
1084 1244
1308 1006
2624 1432
971 1324
1392 1104
1251 1090
2775 1297
2317 1458
2182 1281
1560 1313
2026 1107
1259 1267
2063 1450
933 1373
2651 1189
1622 1326
1601 1119
2995 1055
1341 1342
1200 1200
2467 1395
2727 1410
1471 1060
2510 1392
2502 1426
2791 1357
805 1395
1852 1067
863 1070
1198 1496
1828 1081
564 1398
1209 1225
2728 1482
841 1167
1343 1107
1364 1492
2769 1328
1599 1034
2387 1160
2770 1413
1439 1194
1877 1368
2336 1134
1518 1031
2032 1159
2516 1071
1899 1382
621 1413
1456 1378
2944 1097
1249 1027
1648 1312
2107 1165
1030 1090
2216 1297
601 1358
1783 1238
675 1200
1097 1455
777 1421
898 1280
1271 1006
500 1453
1843 1268
750 1073
1058 1211
2248 1098
1734 1263
1354 1001
2321 1082
2188 1156
2172 1436
2407 1217
884 1401
2038 1214
2268 1437
2600 1292
1906 1240
1769 1380
830 1079
1498 1363
1323 1186
590 1425
524 1127
2426 1312
806 1462
1798 1271
2617 1042
1566 1307
2614 1220
2963 1126
1498 1185
1420 1362
530 1463
2529 1020
1314 1381
1230 1065
2777 1326
1214 1474
1133 1397
2055 1273
2542 1314
2555 1391
2903 1470
2024 1252
1952 1354
2484 1058
2691 1390
1611 1433
1318 1353
701 1453
2038 1226
624 1200
2847 1248
1596 1230
2054 1426
734 1322
2585 1155
2630 1298
2563 1393
891 1018
1983 1163
1482 1104
1442 1194
1163 1424
829 1250
926 1398
2390 1373
590 1051
2842 1466
2439 1319
2131 1499
2473 1280
2483 1487
1600 1138
777 1344
2051 1272
1687 1238
2042 1422
1293 1377
2358 1344
1475 1241
994 1099
2589 1457
1302 1401
796 1477
2508 1387
2545 1258
1755 1410
2312 1159
2423 1270
2823 1185
2032 1096
976 1474
2161 1332
2544 1145
2928 1165
1045 1434
1353 1247
2557 1109
2194 1429
836 1431
745 1212
887 1064
1203 1264
1381 1338
2710 1249
2182 1368
1069 1141
2231 1120
605 1187
1405 1319
1791 1053
1969 1434
792 1063
1185 1167
2538 1044
2901 1282
2308 1365
2113 1371
1868 1170
2211 1152
2498 1342
2855 1078
2227 1287
1545 1170
2481 1327
748 1028
2168 1368
1142 1079
2255 1009
1105 1230
2037 1083
2666 1452
2846 1116
1654 1104
907 1461
2715 1256
1758 1201
2493 1430
2833 1033
1429 1308
2517 1117
2307 1356
2890 1032
767 1273
1125 1121
2839 1101
1751 1496
2370 1434
2576 1280
1398 1376
2055 1222
1859 1354
1928 1077
2766 1401
782 1297
2195 1456
2206 1305
2088 1129
2058 1366
1171 1271
2527 1271
2219 1047
2565 1100
2423 1183
1910 1325
2504 1457
1872 1265
1603 1478
2053 1272
1501 1001
1101 1122
2414 1245
2295 1014
2864 1212
1777 1489
2416 1296
836 1209
2664 1391
989 1451
2687 1375
2801 1405
2143 1165
2138 1304
1724 1184
1155 1273
1979 1120
1582 1257
1886 1153
2477 1169
698 1296
1476 1030
2975 1334
2807 1280
2302 1281
2514 1138
2874 1282
2805 1084
2537 1132
1054 1133
1271 1030
2081 1414
2942 1056
740 1171
2088 1366
538 1407
2074 1149
1511 1334
1484 1338
722 1052
594 1367
1966 1179
2653 1042
2145 1284
2107 1244
1471 1264
563 1004
1408 1351
1411 1385
2367 1485
1194 1220
2219 1386
780 1158
2760 1161
2863 1447
1451 1234
2377 1030
1326 1077
614 1057
2873 1246
1200 1184
780 1362
1321 1159
2317 1433
1370 1459
2404 1355
1455 1270
1826 1117
1907 1114
889 1405
1662 1021
2149 1050
1563 1350
2853 1284
2854 1331
2043 1353
2111 1023
2481 1121
1933 1081
1190 1003
1365 1040
2119 1002
800 1396
505 1372
2006 1013
1822 1419
2647 1391
1567 1010
2622 1042
728 1442
1827 1051
2267 1017
548 1108
2504 1026
741 1063
1434 1388
2935 1209
2001 1218
754 1406
1246 1157
1653 1057
598 1272
1743 1074
1118 1144
2976 1300
556 1404
1248 1431
2052 1183
695 1093
2342 1304
1575 1103
2910 1338
2932 1026
679 1071
1725 1256
935 1093
901 1080
1611 1078
2136 1231
1990 1131
1118 1132
1004 1281
2964 1138
1625 1334
2895 1311
2211 1298
925 1243
538 1190
2673 1055
566 1017
2104 1203
1767 1421
1282 1125
1881 1272
830 1296
1490 1266
1505 1322
1060 1190
1756 1137
1246 1456
1372 1133
861 1367
2054 1123
2819 1008
1165 1274
1489 1017
1999 1400
2858 1420
2744 1049
1180 1311
1366 1259
2220 1428
2400 1307
2079 1451
2674 1139
1418 1055
2014 1472
563 1342
1267 1153
1639 1353
2300 1187
2949 1032
516 1488
2309 1202
1561 1259
2986 1375
1180 1015
655 1367
1413 1488
2997 1212
1241 1169
2337 1210
1414 1186
2358 1238
1464 1119
1470 1437
668 1173
1916 1145
1631 1401
1237 1397
1077 1215
2116 1460
614 1258
701 1387
2574 1407
1379 1019
780 1254
682 1064
1509 1302
2710 1094
1845 1157
2841 1147
2160 1136
2190 1253
2156 1266
1731 1272
2339 1296
1709 1023
1356 1342
1805 1493
2025 1252
1974 1338
679 1281
2217 1179
1305 1449
984 1134
1291 1131
2751 1154
2263 1029
2721 1378
2751 1434
2004 1491
656 1117
1203 1478
701 1214
1933 1305
574 1050
1722 1141
2764 1241
2958 1333
2052 1325
2079 1465
2584 1213
1446 1063
2482 1021
2431 1093
2347 1273
2682 1274
2234 1077
866 1362
2919 1141
1263 1239
1481 1194
1846 1334
1134 1395
2567 1164
1605 1382
2147 1305
2596 1121
1864 1201
2990 1117
1973 1251
1236 1225
631 1339
1811 1237
542 1135
1871 1389
2820 1381
2427 1288
2936 1044
2713 1247
925 1305
1989 1451
2370 1467
2485 1190
2736 1440
1741 1298
2520 1223
694 1295
2606 1160
2286 1025
587 1314
775 1265
2244 1237
1628 1163
675 1479
926 1215
958 1477
1385 1027
1907 1226
862 1335
1298 1296
624 1229
1773 1163
2786 1415
2720 1243
795 1336
2111 1000
2794 1300
2043 1198
2582 1371
1061 1035
2613 1475
1008 1086
1224 1305
975 1346
1020 1424
2634 1335
2977 1073
2448 1398
1574 1176
1812 1229
2354 1080
2204 1083
1327 1492
890 1009
2521 1018
1164 1251
2648 1403
2029 1352
1385 1101
2639 1300
551 1338
2108 1059
502 1045
1066 1026
1305 1302
1682 1142
2895 1222
1312 1420
1437 1226
841 1318
2641 1146
1684 1335
1928 1413
2472 1072
2885 1491
889 1318
1464 1336
1926 1139
1257 1281
795 1399
2868 1430
2586 1490
1985 1241
1055 1005
1334 1440
2812 1327
931 1134
2651 1131
2697 1492
2058 1438
2224 1318
1314 1089
589 1434
930 1307
1398 1339
639 1241
1778 1170
1489 1353
836 1068
2728 1009
755 1111
773 1276
1531 1243
2018 1342
1641 1156
939 1111
2991 1442
2480 1422
2231 1377
971 1351
683 1477
2766 1446
714 1396
2232 1106
1955 1183
2319 1217
2603 1295
2810 1106
2270 1381
2027 1422
1582 1158
591 1244
1085 1006
1355 1155
2981 1191
2559 1001
1040 1327
2787 1432
506 1404
2503 1369
2436 1319
2591 1008
2831 1263
1148 1032
1724 1237
2228 1133
1732 1135
1765 1269
1248 1046
2900 1315
1541 1181
2151 1193
2289 1175
1176 1323
1968 1375
684 1016
2064 1460
622 1468
1756 1170
2971 1217
2986 1120
743 1325
1395 1151
589 1417
1681 1350
2363 1183
2462 1322
850 1212
965 1208
1541 1411
2079 1466
1711 1470
2227 1112
2076 1119
1084 1029
1654 1493
1148 1268
1836 1441
537 1340
1180 1381
2309 1459
608 1210
2311 1131
2768 1310
2670 1071
1648 1122
779 1349
1656 1276
896 1056
588 1359
999 1465
763 1391
2319 1352
2879 1272
927 1023
1859 1090
714 1313
1879 1274
2313 1054
2731 1012
1621 1181
1723 1065
1777 1421
1821 1213
1355 1227
2771 1434
2501 1158
2844 1009
2273 1364
889 1196
750 1374
2327 1413
2319 1202
957 1381
1809 1019
2622 1365
1730 1069
1619 1492
2869 1270
1913 1123
1197 1437
2112 1442
1333 1062
756 1007
1330 1185
650 1439
1083 1363
2280 1279
2833 1042
588 1472
1318 1226
686 1312
1086 1426
2367 1106
1279 1039
2111 1302
1776 1222
1609 1170
2435 1267
707 1361
1448 1065
1800 1007
2805 1026
2350 1211
658 1404
2364 1475
753 1385
2666 1329
1845 1237
2907 1215
1342 1446
1145 1107
1491 1471
1448 1299
2691 1125
2421 1127
1416 1495
753 1232
1651 1220
1227 1479
2751 1465
2774 1496
2492 1260
2126 1369
707 1399
2245 1142
1421 1118
1074 1441
786 1161
2787 1208
2958 1416
588 1460
1193 1264
2002 1213
910 1192
2239 1089
1424 1064
1055 1261
2472 1157
2902 1190
1195 1277
1916 1481
756 1437
1755 1228
1048 1214
764 1050
2282 1124
531 1326
1336 1149
1118 1078
670 1483
1980 1396
929 1407
2258 1390
2051 1488
773 1098
1964 1034
2642 1261
1848 1032
1051 1154
1740 1470
2148 1261
2551 1245
1275 1300
2252 1343
1254 1428
2841 1428
2204 1110
605 1452
2308 1118
1628 1460
2145 1340
2963 1414
2283 1428
2459 1159
822 1430
1426 1080
1306 1006
1059 1043
1488 1396
1538 1451
2787 1345
1575 1407
571 1053
846 1207
1332 1206
1571 1139
984 1135
1573 1195
2441 1068
529 1137
2025 1141
1314 1069
579 1464
1922 1288
1233 1397
506 1020
1992 1467
1322 1123
2377 1345
2074 1018
1970 1218
1439 1458
1611 1178
556 1027
2892 1029
932 1015
1479 1335
2213 1295
669 1172
1940 1401
1970 1245
2681 1040
2334 1147
1812 1094
2853 1183
882 1246
2471 1251
648 1138
865 1496
2135 1094
1674 1319
2464 1342
977 1363
1586 1275
937 1292
757 1159
1984 1272
2529 1151
2654 1186
2968 1458
1296 1417
2809 1268
1329 1376
1335 1068
2706 1330
2120 1248
2995 1449
1334 1266
557 1112
1284 1217
1269 1128
2053 1427
2976 1415
2693 1494
2635 1182
2096 1190
2898 1113
1619 1234
2842 1469
1531 1046
2497 1147
1275 1294
1980 1110
1259 1483
2560 1200
2052 1077
2545 1045
2542 1402
1985 1203
1108 1334
1071 1210
1101 1405
1709 1158
1662 1037
537 1055
2054 1062
2440 1389
2883 1393
2656 1011
1384 1236
2850 1468
1075 1493
2517 1089
735 1391
823 1016
1740 1187
932 1222
996 1027
1354 1084
2646 1255
1333 1066
2539 1102
509 1244
997 1133
756 1042
2687 1328
1092 1441
694 1476
1411 1134
2762 1328
1041 1270
2460 1361
1243 1387
2444 1339
1067 1429
1700 1481
2405 1044
2755 1171
1172 1045
2778 1284
2366 1275
2839 1480
1839 1067
1641 1184
948 1300
621 1108
1047 1028
2485 1195
2670 1127
1739 1284
2393 1126
538 1018
2991 1386
1833 1169
1931 1390
1733 1054
1842 1204
2258 1276
2115 1016
2243 1203
1758 1384
1862 1458
1322 1422
766 1125
1140 1368
2029 1099
1361 1455
2495 1464
1289 1081
2179 1415
1094 1150
1049 1464
1201 1025
2959 1271
2738 1104
1788 1216
953 1311
1792 1220
2473 1430
1183 1466
793 1061
699 1187
1086 1184
2555 1089
1268 1387
922 1326
723 1145
2644 1124
819 1154
1717 1285
1106 1443
1203 1035
594 1410
1421 1140
756 1376
1564 1423
964 1135
758 1322
642 1390
1363 1047
1236 1070
1323 1306
1346 1387
1370 1272
653 1159
980 1292
1469 1462
1243 1032
2345 1251
1146 1415
1825 1245
1067 1120
2994 1301
2878 1391
1249 1200
759 1491
2670 1159
2105 1396
1717 1017
542 1088
2059 1131
2041 1429
785 1024
646 1452
2724 1294
2043 1398
1452 1335
2551 1066
1940 1115
807 1150
2280 1095
2486 1033
1993 1323
1973 1260
2173 1413
663 1335
902 1132
2026 1375
2789 1023
1222 1023
671 1297
2013 1343
716 1255
1706 1462
1897 1075
1233 1304
1911 1230
2033 1388
2937 1005
1648 1237
765 1104
511 1240
2647 1288
1396 1197
769 1151
1356 1027
1948 1412
1181 1149
2061 1470
2534 1260
1451 1341
2026 1454
824 1063
1647 1083
1831 1236
2839 1364
1369 1206
2485 1049
1737 1420
1596 1329
1682 1097
1587 1284
734 1415
2000 1082
1534 1485
1448 1095
1615 1465
1301 1035
1266 1005
2773 1466
1218 1212
633 1084
2150 1330
1703 1163
1297 1174
1444 1480
2777 1230
2817 1397
511 1300
740 1302
1246 1171
1885 1330
2718 1373
2348 1119
2128 1435
2956 1193
1027 1026
1910 1421
888 1411
2532 1393
1279 1186
1615 1415
1445 1435
2857 1483
2439 1460
1756 1324
2822 1498
1439 1432
1396 1061
1562 1450
1980 1038
1782 1379
1801 1293
663 1142
1198 1474
2437 1367
1483 1092
2185 1068
2528 1339
2394 1043
2981 1356
2811 1196
1375 1193
2733 1391
1924 1287
1051 1041
1713 1476
2628 1152
2194 1136
2051 1033
1066 1406
2291 1081
916 1367
1004 1365
550 1386
2547 1492
2121 1343
2188 1303
2032 1311
1811 1480
1124 1425
2357 1454
1785 1332
2684 1180
2846 1314
2755 1090
1284 1374
502 1315
2399 1266
735 1124
2632 1099
2263 1036
1153 1358
2442 1372
875 1429
1666 1119
996 1028
2301 1432
2198 1430
2165 1018
1953 1226
1911 1150
991 1417
2903 1414
1580 1019
1555 1112
2039 1196
1159 1089
1041 1180
2839 1033
848 1045
1349 1057
1088 1431
2082 1243
2672 1024
2285 1462
2547 1470
2658 1238
1839 1093
620 1096
2100 1106
2265 1225
1351 1015
1286 1151
1939 1380
2696 1153
1695 1324
2328 1394
641 1134
2167 1333
1141 1140
666 1120
1847 1057
992 1025
2345 1069
594 1268
1390 1203
2300 1384
731 1465
2124 1121
2370 1402
2658 1070
2739 1023
1536 1014
2144 1201
786 1260
2820 1344
717 1434
1701 1061
846 1452
2131 1325
2269 1109
1782 1150
525 1454
1694 1165
1058 1043
1252 1340
2326 1215
1312 1033
736 1414
732 1028
1856 1220
1036 1113
1475 1318
2463 1019
1780 1422
2866 1231
2799 1141
1028 1097
2750 1427
662 1014
1170 1443
1566 1342
2060 1112
661 1333
507 1305
1196 1082
2282 1144
1692 1077
2472 1359
2629 1493
1949 1021
1048 1222
2139 1123
1460 1412
2071 1209
2004 1165
2823 1438
2758 1346
1683 1075
593 1037
1463 1186
2503 1478
2988 1036
2489 1486
2199 1447
2906 1458
1192 1166
1551 1147
755 1164
2645 1381
2685 1442
2278 1190
2504 1398
2072 1232
2745 1407
2023 1028
2259 1035
2014 1340
896 1109
2400 1463
2367 1496
1374 1333
2790 1174
783 1126
2502 1255
2777 1437
1298 1430
1792 1105
1174 1128
1278 1135
2062 1141
2691 1030
2308 1498
2522 1094
634 1404
2583 1089
2729 1218
678 1062
2646 1043
2357 1477
2506 1162
592 1350
1995 1078
1050 1353
1355 1355
1969 1414
1184 1174
972 1316
1694 1261
1161 1456
2006 1119
1693 1011
1877 1415
1551 1031
2676 1479
2447 1028
627 1153
1794 1464
1088 1377
1297 1051
2595 1043
570 1261
2899 1324
1896 1147
1447 1349
572 1017
2468 1450
640 1290
2587 1279
868 1417
2141 1026
2729 1197
1778 1022
2597 1209
1660 1172
631 1052
689 1223
1931 1329
963 1161
2233 1213
1235 1358
786 1434
2911 1210
2161 1469
1666 1346
565 1480
2458 1284
2680 1314
521 1336
2387 1121
1426 1024
2061 1467
2683 1480
2381 1330
1787 1376
2158 1099
1057 1431
2268 1093
2013 1372
1048 1106
716 1284
2597 1269
2154 1046
1581 1229
2449 1044
2288 1476
671 1053
2179 1485
1575 1432
2994 1446
2486 1472
2729 1135
1538 1136
2010 1395
2259 1446
501 1345
923 1089
2987 1023
856 1097
1165 1060
1297 1032
1811 1478
1669 1071
1736 1274
1601 1343
2783 1410
2815 1341
2875 1042
1869 1142
666 1383
1800 1381
1509 1003
898 1468
1333 1283
1353 1364
2832 1256
1758 1109
1716 1175
2473 1259
2641 1470
931 1363
2724 1275
629 1353
2655 1289
815 1478
784 1035
2378 1037
1846 1373
2381 1373
566 1064
1213 1482
1392 1427
2545 1229
2973 1150
2307 1473
1042 1030
2594 1053
2444 1202
1993 1277
2030 1272
2059 1213
888 1455
2840 1397
1843 1415
605 1054
2878 1312
1958 1167
801 1127
2165 1264
2199 1118
758 1209
2894 1172
668 1160
696 1051
1943 1486
2587 1230
1199 1146
2148 1118
1359 1335
2889 1218
1013 1179
2736 1423
577 1223
1108 1051
2237 1366
1738 1006
667 1445
1115 1132
1158 1486
2486 1276
1572 1094
1367 1496
1403 1146
742 1285
1259 1253
1459 1260
1994 1253
2544 1052
540 1350
670 1099
705 1191
2098 1177
1968 1178
1366 1385
2379 1329
1928 1437
2778 1251
2197 1426
2417 1011
2404 1126
2275 1387
781 1164
2722 1441
2024 1012
599 1148
2192 1121
2736 1270
1614 1499
1191 1060
2400 1498
1571 1464
2418 1290
652 1419
2281 1301
520 1045
2480 1014
1771 1058
2814 1297
2679 1203
825 1422
767 1441
2970 1164
972 1077
539 1181
1118 1454
1236 1063
2769 1118
1296 1443
1224 1447
2175 1297
1207 1459
2203 1487
718 1301
1785 1325
553 1396
2792 1427
1081 1127
1480 1018
845 1213
577 1089
2430 1067
1043 1076
765 1370
2045 1435
2056 1089
2658 1140
1547 1370
1286 1303
2325 1331
1636 1050
2534 1033
933 1445
1906 1225
1843 1107
2209 1072
885 1056
882 1166
2483 1095
639 1196
2648 1268
1305 1018
668 1477
2415 1491
1462 1426
1557 1295
2332 1197
1413 1310
1454 1191
2518 1400