5850 5000
1354 1406
715 1198
715 1089
1520 1399
2809 1281
740 1387
1668 1079
1555 1012
2151 1235
873 1129
2352 1365
2608 1316
2833 1250
1539 1464
2044 1384
1699 1123
627 1274
536 1343
1389 1370
2389 1275
2062 1072
2735 1127
1432 1211
785 1441
1412 1419
2079 1236
2628 1498
1933 1168
2866 1419
1781 1107
2089 1431
679 1337
806 1164
2814 1194
662 1172
2871 1272
714 1249
2213 1352
1489 1208
2513 1265
1005 1315
1916 1355
2429 1336
2983 1121
924 1098
1328 1267
1244 1459
1359 1282
1309 1177
1369 1493
2438 1353
861 1206
1643 1087
1278 1198
1741 1262
1708 1450
1907 1275
2947 1007
682 1261
2399 1389
1263 1067
643 1106
2654 1123
970 1124
1914 1437
1992 1259
2835 1448
953 1084
2423 1431
2732 1276
2957 1485
2806 1285
1517 1010
654 1013
1218 1018
1580 1026
2588 1267
1126 1040
2891 1055
1109 1467
1293 1179
2646 1178
1161 1478
1250 1309
858 1121
2576 1407
2462 1352
1764 1062
657 1294
766 1457
1029 1406
517 1112
2522 1279
1641 1468
976 1434
2081 1219
567 1335
2538 1189
1796 1033
1351 1033
1500 1165
2439 1446
790 1375
1791 1324
2448 1466
1383 1256
1544 1044
2890 1130
2352 1044
2947 1368
1855 1047
2885 1260
1029 1356
1807 1185
2375 1121
2085 1489
1062 1078
1362 1164
2922 1055
1007 1415
2442 1126
2188 1307
2584 1288
805 1230
2423 1379
2602 1102
2341 1316
1126 1074
1327 1407
865 1199
1201 1151
1952 1386
1399 1366
1078 1218
1464 1180
2253 1249
2819 1176
619 1181
838 1242
2014 1144
1172 1043
1624 1214
2679 1468
1245 1088
2060 1252
1285 1080
1846 1035
902 1088
1704 1392
1374 1188
1456 1211
2446 1040
1206 1321
789 1369
1506 1308
1392 1164
862 1145
2690 1368
2448 1317
2476 1497
1179 1372
2646 1202
1858 1289
2188 1342
1315 1056
2112 1480
1765 1298
703 1285
1395 1141
1409 1389
2162 1233
1215 1440
1194 1380
1398 1203
1501 1217
2056 1478
2541 1334
1475 1251
698 1356
1245 1005
2830 1477
1673 1103
2704 1187
2968 1192
2839 1039
765 1365
2368 1323
503 1273
1817 1020
787 1385
946 1060
2093 1441
1217 1096
2148 1155
1229 1441
2191 1241
2744 1169
2902 1075
1829 1325
1664 1017
960 1042
2535 1386
2010 1177
2762 1357
1383 1350
764 1393
1511 1480
2596 1222
2142 1136
1380 1349
1013 1291
1292 1234
737 1018
1954 1221
1202 1420
891 1081
2925 1212
1996 1059
1036 1311
2395 1248
957 1348
1282 1051
2521 1080
1009 1248
2298 1469
1131 1220
2692 1125
973 1064
2314 1048
2428 1191
540 1487
2092 1257
2842 1118
1113 1235
1896 1438
1310 1200
2864 1033
2301 1464
1281 1185
1110 1452
2399 1020
2570 1175
521 1014
696 1444
2356 1065
2241 1031
2336 1377
1228 1229
1137 1287
1760 1441
1017 1243
2179 1042
1481 1036
833 1255
2622 1251
1949 1354
1558 1082
617 1209
1034 1297
2953 1018
545 1018
2421 1490
1131 1018
2248 1479
2194 1096
1987 1396
2290 1187
1649 1092
1841 1318
1741 1107
736 1148
2030 1108
659 1095
2422 1118
681 1235
2874 1323
1851 1336
1940 1480
1867 1201
1824 1115
1367 1122
1817 1077
2866 1237
536 1493
715 1496
1183 1182
909 1241
2586 1159
1935 1061
1759 1124
2858 1481
1907 1052
2612 1365
1913 1345
2345 1032
735 1416
2457 1118
1725 1399
525 1387
2235 1269
2631 1171
682 1395
1034 1371
1278 1287
734 1362
1259 1064
1429 1221
1858 1123
599 1249
2046 1273
1573 1262
1779 1251
671 1071
2809 1352
2336 1211
1400 1416
2939 1384
2011 1016
1932 1310
2962 1101
2731 1460
1616 1483
1699 1049
656 1066
1679 1224
879 1052
588 1278
1773 1319
2836 1492
1022 1422
1662 1156
1812 1061
589 1266
2025 1330
1014 1203
2636 1291
2792 1465
1465 1057
2328 1052
921 1255
1470 1388
1822 1371
1510 1101
1091 1423
2775 1052
1150 1137
2370 1423
1327 1005
1739 1109
762 1369
2662 1109
2286 1157
1204 1498
2842 1488
556 1255
2177 1167
1199 1375
2233 1123
1731 1020
1030 1342
2158 1444
2117 1143
660 1127
2264 1047
2237 1109
2963 1203
625 1375
1224 1482
616 1112
1579 1343
1656 1267
863 1202
1990 1172
2215 1240
2279 1105
2370 1438
747 1205
2821 1200
2005 1128
1870 1095
2817 1075
1563 1036
2303 1332
1703 1001
2132 1480
2477 1491
1948 1437
2225 1475
1641 1089
726 1022
1723 1203
1121 1217
680 1411
1150 1229
1006 1049
2530 1326
1049 1304
942 1467
1542 1053
585 1214
1374 1137
1205 1371
826 1059
835 1262
1530 1248
2710 1219
650 1129
1389 1474
2740 1297
929 1345
2449 1364
2510 1396
1732 1038
2399 1076
2161 1003
2732 1153
2259 1243
901 1452
1710 1255
2091 1094
626 1230
1537 1313
1187 1492
2516 1429
1874 1216
2602 1104
2183 1162
1788 1106
2436 1496
2739 1017
1185 1478
2333 1287
1588 1428
992 1470
2390 1470
1266 1164
1887 1317
1423 1393
1011 1013
2212 1388
1543 1293
2137 1148
1500 1486
2485 1175
1047 1458
1871 1220
914 1424
2900 1060
2999 1153
2525 1121
1860 1371
2551 1400
1142 1047
2364 1449
2486 1466
2411 1428
897 1454
1637 1384
1170 1395
2972 1438
1911 1262
577 1439
566 1138
912 1047
1809 1212
2315 1013
689 1010
885 1146
2593 1107
669 1483
2996 1410
1182 1491
2338 1269
627 1289
602 1001
1324 1317
1167 1351
1911 1415
1942 1209
894 1197
2154 1137
1290 1406
2213 1376
2226 1316
1669 1415
2779 1083
2848 1219
1456 1178
755 1189
1629 1088
2963 1029
1615 1242
1066 1346
1513 1243
2587 1111
1056 1287
1054 1051
1258 1096
1189 1045
1256 1195
1389 1484
2777 1341
2964 1007
1121 1419
512 1170
2984 1383
2617 1167
2871 1336
930 1006
789 1438
2036 1167
1295 1273
699 1249
2373 1095
1670 1079
2392 1356
2913 1451
2089 1316
926 1244
2277 1183
2247 1387
2608 1254
897 1148
604 1421
2112 1489
2974 1102
1458 1235
613 1006
2475 1015
928 1456
1555 1192
2426 1177
2285 1104
2474 1436
1068 1046
912 1295
886 1032
2937 1271
1904 1015
857 1414
2363 1339
1121 1106
2081 1084
1982 1259
1505 1254
722 1402
867 1363
2110 1308
2084 1323
822 1431
1963 1286
835 1489
1721 1301
996 1408
2690 1087
1807 1066
606 1013
1372 1191
738 1411
906 1394
1698 1182
1686 1269
1952 1378
2255 1312
791 1411
2910 1428
2119 1418
2612 1223
2486 1320
1579 1330
858 1038
868 1100
2520 1288
1128 1139
769 1007
1339 1220
2869 1258
1754 1100
2482 1051
2216 1416
2291 1369
1947 1216
1885 1473
934 1376
1788 1234
2444 1229
1647 1376
2248 1300
1910 1078
2171 1203
678 1344
1279 1325
2348 1152
2149 1443
1613 1363
1723 1436
2075 1360
1482 1270
1949 1490
2031 1153
2984 1034
1160 1157
582 1119
2738 1225
2036 1049
1007 1071
2732 1460
2279 1370
1814 1454
1848 1207
933 1098
2327 1392
1095 1285
2651 1205
2848 1100
1129 1061
1142 1271
1448 1103
1097 1495
2657 1327
528 1218
908 1006
1385 1430
2580 1443
1099 1077
1069 1101
2481 1105
2446 1091
1601 1325
1223 1006
2206 1103
965 1061
2945 1128
2375 1236
647 1292
1601 1396
2645 1029
1854 1302
1020 1122
1233 1208
2853 1129
542 1180
2355 1494
1497 1088
2060 1253
637 1363
1543 1235
2579 1269
1549 1254
811 1114
585 1253
953 1289
1068 1251
822 1100
1515 1477
734 1357
1436 1081
911 1378
1364 1046
1104 1405
944 1475
2207 1060
1478 1480
1648 1084
628 1481
2616 1025
1908 1134
2652 1089
703 1093
2664 1330
781 1294
2904 1109
2326 1475
1831 1303
2997 1016
644 1079
2756 1413
1694 1338
2314 1449
2904 1462
897 1000
671 1323
2545 1359
787 1033
2852 1360
576 1271
1971 1201
1897 1194
589 1176
2959 1428
1907 1030
1549 1193
2988 1294
759 1478
2606 1175
2849 1421
1897 1336
1791 1477
2770 1209
1844 1483
2109 1011
2598 1215
2178 1041
2985 1483
2571 1268
2478 1429
2925 1419
679 1273
2057 1344
2972 1151
1647 1292
2653 1112
532 1240
1421 1363
2563 1148
2671 1309
1113 1361
2317 1136
2931 1440
2115 1291
2765 1280
606 1216
1558 1146
629 1265
2499 1016
2398 1273
1279 1242
2620 1480
1003 1201
2489 1297
1201 1440
1678 1359
2955 1084
2997 1179
1257 1219
2761 1462
1986 1023
2473 1055
1470 1079
1860 1247
1190 1191
1365 1234
2240 1252
2504 1233
962 1357
1091 1310
1642 1305
2911 1202
2250 1466
659 1176
998 1066
2419 1401
692 1356
868 1207
911 1067
1488 1427
675 1032
1417 1167
890 1131
2998 1436
1313 1458
1479 1034
2586 1359
1778 1363
2273 1442
2258 1270
1025 1241
2270 1146
2776 1150
869 1452
1568 1315
735 1322
1523 1449
651 1443
2058 1191
1779 1368
1901 1438
2670 1029
1649 1301
1294 1332
2815 1294
1309 1487
1807 1093
2389 1418
575 1333
782 1231
1504 1183
2893 1013
2990 1291
2688 1292
2406 1199
1935 1425
2489 1155
2852 1487
2759 1338
2912 1435
924 1456
1875 1240
1605 1475
2298 1170
2966 1265
910 1017
906 1473
1517 1034
1697 1164
887 1478
560 1241
1323 1070
1352 1125
957 1481
815 1185
2450 1040
555 1291
2246 1142
2467 1165
2808 1349
1703 1229
990 1230
2686 1173
1523 1038
2334 1162
549 1396
1236 1149
956 1304
1782 1031
1959 1300
2406 1026
1495 1321
2296 1225
784 1417
1860 1392
2931 1079
1460 1104
2630 1052
824 1381
1058 1028
2841 1203
1405 1303
2354 1083
2126 1486
1495 1440
1037 1170
667 1290
1933 1372
1393 1194
1009 1430
1573 1493
1389 1372
2021 1208
653 1352
1825 1371
2520 1440
2457 1225
1654 1023
829 1416
957 1226
2594 1437
2096 1178
1275 1299
1133 1018
981 1207
2301 1280
2861 1496
559 1375
834 1176
703 1013
2033 1292
2733 1155
1082 1267
1957 1332
536 1244
2142 1079
1869 1201
1538 1382
2130 1435
2394 1436
1032 1430
1110 1258
1065 1225
845 1331
2293 1058
837 1256
1261 1004
543 1300
748 1084
656 1053
508 1139
2069 1303
2497 1446
1407 1443
680 1249
1028 1001
2971 1448
2840 1328
2725 1018
1686 1053
814 1308
1370 1275
594 1115
1042 1060
1707 1399
708 1405
1098 1056
1995 1073
1554 1411
1967 1032
1622 1425
1821 1490
2196 1357
1552 1249
2658 1142
2154 1485
741 1360
2622 1130
724 1472
1393 1187
1552 1420
2257 1022
905 1232
2157 1157
1302 1140
2130 1437
885 1145
1355 1125
2707 1077
1454 1243
1153 1446
1102 1297
2230 1258
1678 1344
1602 1490
2707 1050
2909 1061
1355 1394
1627 1200
2612 1376
1068 1060
865 1037
1611 1447
1582 1163
827 1223
1082 1095
2128 1097
1790 1246
2179 1117
2751 1231
1460 1215
2981 1162
2387 1235
576 1306
1265 1212
1950 1226
1367 1080
2042 1298
958 1034
632 1394
1883 1167
1801 1418
2959 1329
1752 1415
1540 1355
2551 1057
1142 1310
890 1334
1061 1408
718 1042
2028 1376
734 1040
1397 1375
2086 1158
2230 1187
1493 1298
772 1329
1822 1386
2739 1103
1794 1042
634 1118
2642 1264
924 1217
1635 1176
1761 1351
1912 1233
2017 1083
1347 1014
673 1487
608 1451
2892 1060
1893 1395
2226 1160
2984 1152
1407 1300
2103 1314
1505 1003
1185 1374
2725 1182
2123 1140
2634 1086
624 1499
1615 1089
1943 1124
1772 1050
2490 1288
1866 1284
2544 1383
2937 1447
2366 1254
2010 1006
2255 1463
2405 1339
872 1069
2390 1295
2136 1419
2072 1138
831 1455
2698 1426
1876 1139
2348 1464
2485 1439
2455 1289
2062 1433
2914 1089
2365 1243
1765 1001
2233 1153
2185 1039
2847 1468
1761 1370
2683 1438
857 1269
1035 1228
1673 1120
2546 1453
1572 1334
875 1003
1398 1073
909 1317
801 1159
2664 1466
1208 1251
2601 1279
2983 1385
2148 1013
1562 1477
1437 1072
2772 1329
2313 1389
1341 1462
890 1255
1972 1026
1815 1094
1316 1360
1233 1190
1792 1239
2977 1204
1478 1441
1297 1298
1094 1083
1047 1220
669 1456
1090 1227
2785 1418
2565 1380
1713 1291
718 1018
509 1035
891 1359
2859 1361
1591 1049
828 1281
2347 1336
999 1199
2607 1416
1045 1233
608 1243
2562 1365
1507 1118
2947 1283
2303 1406
1852 1274
1760 1400
2914 1257
772 1191
600 1087
2687 1483
2842 1278
891 1139
1992 1037
1713 1372
1808 1214
969 1187
1355 1134
1701 1268
945 1013
2719 1228
816 1160
1542 1188
2636 1258
1031 1154
822 1035
612 1006
2231 1489
2960 1372
2147 1326
1686 1356
1015 1219
2565 1287
1924 1135
1003 1372
1769 1135
1675 1432
513 1354
1214 1381
1899 1033
2073 1476
1801 1004
805 1186
2087 1102
1885 1240
2315 1204
746 1095
2430 1070
2174 1264
1577 1368
2750 1454
2594 1321
863 1227
2092 1231
1536 1434
1187 1042
2722 1167
2504 1110
1047 1083
2598 1435
1967 1206
764 1269
1024 1049
2392 1183
2542 1388
2765 1123
1875 1170
1012 1035
2777 1103
1899 1243
1196 1136
2672 1251
1981 1190
1112 1398
1560 1034
2624 1374
1814 1021
2994 1136
625 1473
1182 1349
2110 1323
626 1429
2041 1228
1975 1359
998 1370
2079 1334
2388 1343
516 1257
1648 1428
2147 1251
2938 1376
1849 1109
2509 1478
2109 1274
698 1164
1545 1206
949 1203
1681 1310
1354 1026
2052 1335
1338 1144
1802 1022
1837 1020
1667 1201
755 1226
2039 1052
783 1103
2421 1033
1259 1172
2484 1260
2452 1172
2808 1410
2498 1056
2336 1103
579 1086
971 1306
598 1040
945 1064
2610 1467
2891 1118
512 1305
1777 1363
666 1329
591 1228
1058 1330
2612 1132
604 1436
1567 1373
1204 1062
1391 1435
1691 1429
2974 1001
2146 1183
2256 1402
1251 1050
509 1252
2843 1354
689 1362
1379 1441
2752 1033
1041 1435
1020 1361
2439 1338
2989 1168
1507 1441
1936 1471
2855 1302
1559 1474
2461 1400
2043 1298
2755 1363
2628 1235
2153 1381
1115 1276
2934 1485
733 1282
923 1132
2648 1326
1288 1429
614 1378
2671 1277
2764 1204
1197 1070
2217 1383
1110 1159
2377 1349
599 1175
1722 1415
2257 1298
1289 1140
1150 1296
773 1299
2135 1281
2603 1481
947 1146
2053 1253
2526 1026
1337 1177
2673 1383
1953 1289
2068 1057
2469 1040
1811 1420
2589 1100
2731 1326
1952 1457
1541 1345
2223 1186
2934 1089
2409 1257
658 1265
2035 1315
1597 1485
753 1268
1973 1358
1516 1167
1353 1303
1405 1363
2065 1210
1857 1492
810 1263
528 1361
1156 1158
2623 1454
1260 1168
1221 1402
759 1293
832 1291
2616 1319
1476 1309
1390 1032
2360 1249
1674 1398
1986 1325
2992 1468
1232 1438
1667 1398
648 1196
2705 1209
1077 1143
1645 1047
2319 1405
2759 1426
2672 1227
1117 1326
2159 1264
991 1163
1701 1230
644 1111
2562 1095
1833 1334
2497 1257
1829 1107
1555 1006
2051 1018
2547 1011
742 1323
2248 1499
1053 1064
1528 1054
1366 1228
1922 1315
711 1079
680 1111
2356 1438
2716 1041
2242 1234
2982 1399
2035 1099
2542 1069
854 1227
1992 1308
2972 1031
2615 1209
544 1031
639 1153
2093 1375
2149 1322
621 1005
1619 1061
2193 1063
990 1280
2251 1168
2571 1293
1133 1366
936 1389
2973 1062
2392 1374
2540 1497
886 1042
1336 1098
1114 1413
2880 1151
1386 1319
1516 1399
1578 1110
2956 1011
1817 1385
1878 1135
2006 1363
700 1487
1292 1437
2905 1050
2991 1079
1797 1460
2243 1418
621 1140
803 1088
2095 1193
1309 1176
1677 1398
2594 1112
2790 1117
512 1486
513 1109
694 1338
1921 1089
2929 1083
985 1137
2834 1101
2403 1464
2944 1411
1733 1108
2269 1157
1530 1078
1770 1105
600 1305
2114 1363
2526 1231
770 1058
1391 1393
1246 1290
2171 1176
1786 1095
2518 1440
1238 1161
2875 1357
2247 1192
1349 1381
1978 1071
723 1361
594 1097
1103 1474
2004 1238
1737 1139
1844 1414
613 1081
1204 1380
2438 1028
941 1257
2037 1010
1683 1354
801 1116
654 1370
1967 1285
2014 1338
1302 1490
1732 1197
2352 1170
2027 1058
2738 1266
1826 1305
884 1131
855 1436
910 1481
1011 1360
1492 1415
1694 1239
2164 1314
1128 1200
879 1462
1495 1457
1783 1144
1575 1130
2584 1232
2717 1052
2112 1476
1668 1496
2767 1491
2359 1215
1599 1404
2035 1203
1689 1279
2461 1113
2219 1421
1792 1051
2998 1301
2265 1245
2661 1205
2128 1017
2290 1024
2332 1349
1628 1495
2337 1114
1886 1491
1222 1246
2031 1370
880 1344
2430 1313
1004 1386
2902 1114
1917 1270
722 1064
2072 1427
2354 1286
1358 1406
869 1334
2465 1043
2103 1313
2673 1260
2226 1015
2975 1174
529 1274
1921 1395
903 1021
712 1173
2344 1158
1761 1159
1693 1485
900 1363
2894 1142
2476 1460
1874 1394
864 1023
1790 1412
1333 1388
1360 1228
2914 1414
2986 1235
2933 1240
1790 1233
544 1125
2067 1430
1940 1432
1416 1330
2162 1266
2304 1450
712 1386
2055 1440
1682 1217
777 1194
1290 1138
1496 1117
872 1453
2326 1436
541 1413
2499 1190
2412 1050
1070 1020
2183 1115
2245 1027
743 1289
2882 1146
1788 1168
2324 1090
844 1356
618 1139
1258 1026
1295 1484
2284 1136
2876 1099
2175 1193
1687 1222
512 1003
975 1440
2319 1281
945 1186
2761 1457
1980 1491
2093 1466
1898 1280
2748 1255
1287 1015
1957 1036
1086 1298
692 1243
2249 1196
992 1045
851 1438
682 1009
1740 1242
585 1466
2178 1477
1377 1193
1358 1448
1946 1403
854 1147
1175 1150
2889 1093
2504 1000
2059 1302
2628 1114
678 1090
796 1432
866 1444
1501 1053
1956 1057
2794 1408
1205 1487
1871 1075
2209 1401
2431 1427
1047 1287
880 1252
2992 1272
2297 1237
577 1480
2308 1323
2416 1234
2733 1255
1426 1489
2949 1018
1501 1429
2902 1452
828 1446
1637 1324
2462 1249
982 1218
1340 1288
2973 1214
1755 1353
692 1270
1401 1126
962 1103
1049 1384
1159 1341
591 1082
2487 1402
1728 1190
2927 1046
2851 1080
2882 1075
1922 1484
1920 1363
1596 1122
1213 1336
2900 1127
834 1340
550 1369
2040 1439
620 1456
556 1290
2283 1232
988 1284
537 1175
2623 1346
2825 1062
1948 1277
1241 1388
1383 1333
1435 1440
2576 1004
2339 1094
1572 1478
2014 1086
1925 1012
2172 1006
2394 1287
2452 1450
1537 1414
1423 1204
563 1354
2223 1439
2231 1170
1335 1175
2226 1404
1618 1008
779 1136
2267 1470
598 1185
669 1151
1296 1183
1535 1318
1803 1155
2630 1085
2120 1277
1366 1034
1918 1374
949 1465
1847 1486
1143 1043
1183 1359
1577 1204
543 1195
1234 1234
1827 1335
1467 1232
2945 1374
1297 1105
2650 1210
2320 1466
1161 1077
2666 1089
2510 1334
2942 1420
1519 1238
731 1322
882 1317
1951 1258
2695 1270
929 1157
1189 1259
1571 1076
1131 1150
758 1377
2657 1405
2545 1004
2278 1061
1476 1373
2871 1343
2622 1384
1769 1264
2954 1493
2695 1426
2353 1499
2373 1380
801 1118
533 1302
1436 1336
1741 1140
531 1401
2951 1076
1296 1001
2838 1015
2227 1441
2519 1341
1658 1255
2469 1124
1071 1469
1651 1389
1090 1425
521 1098
1346 1485
1896 1140
847 1126
856 1260
833 1427
1176 1393
2917 1144
2259 1081
2848 1397
786 1029
2397 1183
2687 1152
2591 1154
508 1340
563 1458
2477 1117
2318 1227
2633 1016
2723 1116
694 1034
2651 1142
896 1066
2148 1018
1251 1114
1883 1207
1242 1237
2524 1334
2860 1405
2721 1444
698 1001
2778 1369
562 1430
1847 1187
2919 1459
778 1245
1493 1220
689 1473
626 1373
1138 1196
2180 1236
2626 1428
2998 1389
2190 1193
640 1357
2905 1386
1420 1143
1019 1355
687 1153
1033 1276
1533 1168
976 1464
1522 1212
537 1175
910 1102
2894 1377
1078 1388
2431 1254
2976 1178
846 1331
1925 1397
1499 1344
807 1060
2029 1194
2732 1179
1741 1062
2768 1037
925 1029
2515 1178
1926 1447
1092 1059
2154 1369
774 1104
2199 1246
858 1362
714 1281
1708 1177
2043 1270
529 1072
2613 1406
2906 1026
2811 1479
2627 1372
2147 1080
2704 1384
2438 1173
1814 1468
532 1019
2144 1125
776 1082
971 1053
2154 1037
684 1324
1177 1373
1660 1261
2021 1213
1801 1234
580 1496
2931 1009
952 1341
2661 1170
1291 1263
2905 1009
1039 1398
2990 1247
2215 1440
987 1217
1852 1309
925 1252
832 1459
1546 1319
954 1131
2143 1124
1171 1226
2971 1411
935 1020
1930 1444
626 1104
1470 1342
642 1033
1090 1346
2299 1339
2875 1381
1563 1289
1005 1334
2179 1479
2327 1267
2223 1269
1679 1118
1220 1206
1192 1075
1148 1344
1083 1472
2811 1173
697 1345
2208 1226
2361 1019
2904 1140
1525 1253
1177 1018
2350 1120
2223 1285
2392 1124
2886 1154
1607 1373
2663 1055
1398 1169
1513 1478
2490 1368
873 1050
2229 1070
1152 1008
1845 1030
1663 1307
1971 1495
2444 1434
2311 1253
1435 1066
967 1369
1783 1089
2725 1432
2215 1436
1413 1032
1115 1434
926 1368
2807 1064
1570 1058
775 1238
2567 1409
1696 1436
1271 1220
787 1046
741 1306
1196 1027
2021 1456
834 1004
1335 1071
2973 1218
2264 1452
2013 1474
2112 1335
1261 1423
2976 1382
2581 1074
1346 1069
1557 1101
2010 1185
2666 1060
2434 1090
1676 1379
1490 1085
1576 1007
2559 1382
1759 1343
506 1004
760 1139
956 1182
2720 1228
2562 1032
1145 1473
1879 1465
2343 1090
661 1108
1369 1201
668 1202
2887 1284
1438 1390
2607 1193
545 1228
582 1054
2655 1128
2836 1462
2080 1080
2697 1103
2135 1088
1944 1121
1886 1133
1449 1206
554 1432
1668 1166
1299 1016
1279 1273
1162 1356
2160 1327
1285 1488
2231 1032
1993 1027
1536 1304
2902 1260
2821 1347
2861 1140
1933 1322
2473 1350
1973 1379
764 1180
1296 1371
827 1304
609 1412
1442 1219
540 1429
2696 1134
1438 1242
988 1431
2763 1412
2235 1329
2703 1024
730 1120
1894 1387
813 1062
2797 1283
2802 1459
2216 1390
1678 1492
2392 1265
2415 1182
2427 1044
2874 1032
537 1062
2079 1235
1338 1450
2001 1066
2001 1274
2227 1412
2431 1492
1192 1102
1092 1417
2363 1086
690 1078
2165 1353
1549 1315
1914 1391
1518 1358
605 1432
1388 1247
1602 1271
1659 1257
2997 1010
2840 1291
1079 1180
501 1360
871 1125
2588 1082
627 1196
1861 1025
1537 1206
1474 1459
1552 1048
1825 1125
2052 1066
2979 1211
2974 1250
1749 1136
707 1179
1311 1491
1701 1104
1531 1080
570 1212
2112 1157
1104 1303
1738 1393
2549 1073
907 1268
721 1231
2829 1376
649 1236
2993 1266
2975 1350
2541 1087
1055 1405
2221 1445
1112 1412
2120 1451
2335 1262
742 1246
2057 1410
725 1137
1602 1230
1269 1442
2936 1096
2003 1249
2762 1102
1442 1382
1500 1435
2079 1245
2263 1302
2603 1124
574 1083
1814 1231
2966 1314
1565 1090
1528 1093
2957 1338
1491 1215
2572 1213
2341 1399
2505 1128
1081 1173
2759 1392
1067 1224
2244 1356
1943 1150
2691 1233
1455 1000
1755 1366
2234 1294
988 1325
2586 1121
1196 1120
1685 1306
914 1010
568 1211
1798 1258
1317 1260
2626 1050
1179 1263
2768 1244
1004 1459
2837 1079
1278 1014
2315 1062
1885 1478
2832 1387
1114 1114
2631 1115
787 1211
2791 1105
2229 1335
2740 1116
1747 1415
1058 1493
804 1009
1664 1287
2497 1020
2052 1381
1406 1025
853 1244
1215 1399
873 1316
1024 1393
911 1252
2023 1374
729 1154
813 1347
706 1351
2900 1464
598 1211
1574 1290
2786 1374
1739 1279
1081 1195
1350 1452
2217 1416
2639 1172
1177 1410
1864 1491
1264 1206
2900 1288
871 1289
2621 1261
2225 1264
2005 1465
764 1275
1428 1083
896 1376
2836 1257
1429 1217
1317 1241
815 1400
2525 1157
2785 1383
1018 1107
1825 1022
1535 1164
1186 1273
2835 1324
2761 1191
1460 1316
1470 1086
791 1414
2795 1399
2336 1209
1573 1084
1082 1396
2791 1485
813 1264
692 1070
1842 1466
2131 1263
2977 1228
2938 1409
1943 1351
999 1068
2446 1417
984 1137
2765 1379
1826 1453
2271 1311
2450 1136
700 1344
1001 1150
1520 1339
2217 1387
538 1065
2931 1044
2345 1216
950 1139
996 1473
608 1262
2704 1499
1058 1203
1170 1472
2226 1080
1585 1166
2181 1445
2924 1026
2140 1234
1596 1149
2062 1137
2377 1345
547 1130
2205 1108
2679 1308
2659 1178
1669 1205
1890 1273
2708 1271
2565 1108
691 1182
1118 1096
2402 1153
1641 1495
2810 1025
561 1092
738 1172
2791 1001
1137 1405
2618 1075
1807 1315
2394 1022
941 1271
1346 1469
1748 1310
2241 1420
601 1104
938 1360
1044 1130
948 1183
2543 1373
2418 1254
1820 1177
1814 1428
1657 1220
2479 1278
1538 1394
728 1394
2423 1427
1178 1391
2475 1284
2489 1435
1078 1480
608 1101
1542 1383
698 1129
2375 1471
1067 1438
592 1308
1655 1094
2052 1325
894 1154
508 1466
1333 1475
2053 1126
1595 1248
1237 1318
1697 1324
2874 1336
1357 1339
1381 1338
1024 1482
2907 1412
2888 1173
2719 1252
671 1346
2294 1285
2189 1014
1376 1160
1681 1327
1115 1386
1626 1357
2384 1311
1094 1419
2280 1298
2904 1246
1874 1013
2021 1205
916 1235
1086 1241
1905 1398
1966 1091
2560 1324
849 1335
1459 1160
502 1233
1139 1185
2579 1099
1515 1319
948 1361
2938 1106
1247 1397
2983 1070
2405 1240
2661 1332
2104 1006
1780 1482
2458 1085
2510 1496
2838 1357
1081 1417
2900 1219
2283 1277
836 1435
1274 1267
1947 1297
1304 1183
810 1272
1062 1389
1295 1217
2524 1338
844 1043
1148 1301
1734 1349
1577 1374
1661 1165
930 1181
1018 1370
1287 1344
1687 1374
1529 1269
844 1284
2628 1371
1542 1331
815 1017
1081 1342
1240 1157
2873 1082
2597 1024
2509 1150
1936 1221
2830 1229
2559 1232
771 1362
751 1486
2381 1222
2111 1293
2054 1222
501 1383
2684 1333
2237 1209
2412 1129
1883 1440
1383 1193
840 1070
1855 1455
2626 1220
1013 1269
1463 1049
2064 1089
948 1291
1784 1229
1429 1245
1931 1061
1109 1198
1950 1490
2289 1215
1755 1049
1537 1001
2489 1420
1568 1060
1296 1096
2736 1472
1488 1328
1240 1243
1379 1351
973 1152
2037 1233
1723 1454
1484 1319
1630 1409
1000 1050
2880 1350
961 1289
1827 1328
2648 1012
536 1106
2238 1114
1013 1417
1459 1070
1083 1063
1617 1283
1942 1424
2264 1041
1310 1477
2780 1061
2376 1293
608 1328
533 1011
746 1417
2746 1019
794 1145
1426 1049
2711 1003
2039 1425
2666 1299
1762 1394
1574 1242
2743 1351
1771 1077
676 1140
1521 1160
1313 1077
1714 1168
2929 1099
716 1149
1564 1037
909 1243
935 1413
2645 1178
2844 1390
939 1480
1055 1040
2617 1323
2481 1305
731 1491
2145 1482
1147 1396
1976 1046
2034 1081
1208 1144
665 1449
1798 1046
2699 1111
968 1414
2187 1027
2462 1003
2893 1139
1930 1405
1118 1421
1129 1129
1879 1090
1451 1391
710 1234
1032 1226
2768 1478
860 1288
1075 1028
2781 1371
2400 1467
1909 1161
1789 1146
2068 1435
526 1403
631 1393
1693 1425
1181 1477
2949 1064
1051 1206
985 1288
2741 1022
1171 1442
2397 1137
1208 1421
2913 1394
1749 1344
1828 1319
1427 1130
1371 1140
2641 1054
2263 1407
1074 1337
1032 1490
1344 1428
1523 1343
2542 1152
2925 1346
1738 1476
2368 1053
1032 1308
1291 1249
764 1327
754 1454
1636 1065
2323 1248
2683 1354
2062 1190
2527 1062
2906 1050
1349 1049
1379 1055
864 1180
1440 1043
876 1462
2764 1325
1052 1308
2668 1341
1879 1268
1500 1309
2080 1120
920 1434
2086 1266
739 1457
880 1490
1243 1254
694 1481
843 1241
593 1257
1686 1272
1874 1262
1640 1202
2906 1071
730 1111
1233 1236
775 1244
2613 1495
2359 1442
911 1140
950 1481
547 1275
1240 1388
835 1031
2968 1051
1544 1342
2811 1108
668 1068
2294 1298
1976 1227
2106 1160
1648 1140
1421 1171
1005 1376
805 1315
2520 1478
549 1007
827 1064
1886 1262
2564 1066
1185 1477
541 1181
1352 1397
1017 1348
609 1273
1971 1327
1786 1285
1793 1455
2156 1385
919 1045
1917 1405
989 1488
2779 1110
1971 1495
512 1006
2964 1390
2099 1008
2768 1470
703 1076
1813 1296
1290 1098
2364 1397
2197 1485
1050 1090
879 1129
2074 1280
575 1342
1026 1329
1038 1152
2198 1092
2373 1418
690 1480
2121 1093
1725 1268
1980 1173
2086 1026
1152 1428
502 1030
2920 1403
740 1298
564 1240
1726 1373
615 1270
1711 1316
1474 1467
1529 1430
1104 1396
2352 1494
2693 1223
700 1054
1804 1424
1312 1408
2022 1195
2911 1440
2108 1278
2701 1417
1901 1494
669 1381
2138 1116
1567 1291
2839 1100
969 1417
1722 1197
934 1175
1865 1262
985 1225
972 1216
818 1378
1180 1286
1079 1352
1183 1151
2670 1355
2493 1295
1226 1283
1781 1434
550 1001
2577 1323
2293 1404
1569 1025
1497 1375
2005 1128
1548 1199
1037 1002
1208 1001
2037 1134
2670 1051
2416 1011
1897 1044
2796 1281
1087 1160
1696 1333
2528 1088
2567 1458
1407 1189
629 1203
1644 1331
2811 1171
755 1167
1559 1375
671 1449
1047 1294
2322 1394
629 1445
628 1114
1467 1377
2926 1443
2356 1237
2157 1167
2757 1174
2749 1170
1875 1412
2321 1123
1652 1195
1657 1330
2415 1316
2519 1058
2362 1253
2040 1329
1284 1357
2133 1270
1032 1171
996 1442
1209 1345
513 1353
1265 1439
973 1253
1140 1434
2967 1275
2773 1140
2551 1052
2878 1416
1659 1357
2113 1250
1063 1154
1644 1241
919 1466
1881 1398
850 1009
1671 1232
1393 1272
2389 1463
875 1228
902 1449
598 1004
2069 1332
1976 1286
686 1074
2785 1405
688 1491
1121 1163
2753 1499
1171 1242
1596 1253
2077 1420
2140 1262
1282 1356
2140 1059
2689 1286
2735 1151
2450 1475
1976 1338
1552 1425
2765 1023
2556 1094
937 1283
1724 1203
1705 1110
790 1058
1206 1154
2130 1278
1332 1435
2858 1144
1024 1432
1492 1343
1308 1380
1446 1071
1732 1499
923 1335
2583 1046
2984 1154
2426 1061
2216 1173
2848 1482
2052 1258
992 1131
1375 1004
1449 1364
1662 1146
2592 1345
914 1441
1801 1127
1835 1487
1620 1397
1777 1416
2348 1363
2715 1493
1112 1030
715 1195
1340 1017
2471 1242
823 1453
1694 1184
1296 1196
1124 1221
1078 1211
1553 1154
2906 1211
2990 1231
2480 1319
1477 1369
2813 1244
1180 1346
1584 1370
1886 1415
1661 1139
2910 1241
1851 1017
766 1300
1931 1146
1242 1440
1632 1066
1588 1001
2304 1378
1798 1287
2657 1184
2856 1136
2657 1006
2438 1163
1348 1496
794 1319
1838 1113
2466 1220
2395 1390
764 1098
572 1336
605 1003
1376 1148
2927 1371
816 1423
1558 1192
991 1258
1917 1087
2172 1123
2055 1352
1871 1228
2236 1185
2765 1417
2577 1044
2618 1335
1351 1372
1529 1387
895 1363
814 1313
1615 1284
2748 1357
1496 1348
2698 1024
752 1037
1823 1007
2767 1169
1925 1161
1735 1212
2650 1243
1811 1154
2728 1084
2116 1477
2720 1267
1495 1149
2571 1115
1014 1323
2583 1024
882 1031
1802 1228
2310 1134
1068 1484
2383 1302
1060 1139
2762 1197
2298 1397
1085 1356
2393 1034
1996 1018
1840 1217
581 1193
791 1271
2873 1182
1034 1414
876 1029
2668 1099
2551 1148
548 1283
502 1077
794 1354
566 1110
1167 1420
871 1427
1233 1274
2164 1413
743 1201
519 1209
2836 1140
2687 1001
1097 1261
1504 1193
1858 1063
2194 1173
649 1448
1231 1395
1737 1239
960 1191
850 1354
2863 1473
835 1316
2698 1035
2346 1026
1684 1239
2971 1128
740 1065
2301 1048
1307 1357
2980 1313
2219 1144
793 1293
1259 1314
2825 1234
1015 1492
1313 1424
721 1069
993 1409
2311 1253
2885 1454
1800 1348
1135 1484
2642 1139
1603 1150
769 1400
615 1425
810 1260
1051 1287
1490 1192
1201 1346
1409 1406
629 1037
2334 1290
2341 1027
624 1125
1627 1107
1141 1470
1325 1308
2158 1352
1263 1112
2119 1029
789 1212
797 1042
1864 1214
2780 1480
2950 1366
897 1408
1544 1079
1619 1476
1347 1421
2093 1098
1282 1225
2204 1453
1246 1321
1449 1178
2972 1467
977 1195
2272 1178
2511 1064
1757 1316
2485 1097
2687 1016
2921 1456
2824 1211
618 1150
886 1425
2169 1486
2608 1064
1079 1209
2390 1196
1673 1141
2073 1422
1225 1107
1016 1135
2604 1171
794 1020
2134 1391
1601 1119
1191 1475
2684 1237
1692 1174
2024 1240
1094 1212
1561 1216
2774 1021
1700 1356
1970 1047
739 1436
1159 1224
695 1481
2251 1346
1541 1255
631 1050
2556 1319
978 1203
513 1346
2978 1304
2052 1365
2445 1092
2618 1251
2322 1277
1486 1392
2446 1099
2817 1125
2164 1067
621 1293
1553 1461
957 1076
984 1224
2018 1489
1371 1442
982 1023
2469 1340
761 1487
2072 1374
2506 1169
1772 1105
2489 1383
2967 1058
1298 1189
882 1168
1369 1152
2979 1306
1843 1384
2002 1328
2440 1058
1320 1024
2820 1175
2017 1498
2904 1440
2488 1400
1685 1098
900 1129
1789 1377
2094 1431
2025 1165
777 1199
1919 1386
918 1086
550 1094
1204 1306
2516 1271
759 1026
529 1435
838 1335
1252 1434
1143 1381
2823 1317
1277 1331
2715 1142
1022 1189
886 1251
1448 1067
1099 1062
1148 1344
2858 1192
1577 1469
1830 1302
2160 1132
1683 1443
552 1361
2058 1139
536 1287
2159 1045
1351 1236
904 1342
2454 1380
2374 1388
1326 1487
921 1296
2639 1300
2529 1308
2077 1094
2698 1273
1884 1066
2247 1076
1737 1482
2047 1434
2134 1228
1527 1409
2247 1080
2848 1128
1401 1252
774 1055
1712 1145
2942 1319
1683 1491
505 1267
2494 1091
2870 1090
879 1316
1161 1115
2379 1068
1630 1214
1315 1370
2681 1099
1131 1255
2353 1076
2815 1003
544 1145
1474 1135
1250 1224
2278 1018
1736 1139
2328 1350
589 1183
2213 1225
714 1167
863 1177
2491 1097
1709 1186
2123 1061
1920 1247
2153 1341
2825 1059
1186 1467
1750 1227
1118 1306
1957 1118
1484 1476
997 1395
1193 1452
2355 1154
2761 1080
1848 1490
953 1195
2590 1415
1618 1236
2013 1408
1604 1083
2337 1286
1604 1194
561 1374
1538 1067
1706 1465
1153 1112
1475 1223
1098 1300
578 1047
2847 1370
2794 1345
2742 1361
2054 1396
2410 1033
537 1041
1342 1082
862 1244
1094 1066
1073 1181
2061 1058
782 1468
669 1400
2290 1161
1451 1202
1923 1124
1673 1428
578 1057
2812 1281
2683 1268
723 1211
2417 1281
1718 1141
2982 1141
2037 1484
1880 1012
604 1489
1473 1048
2939 1418
2920 1377
2325 1467
2202 1309
2261 1346
1831 1273
703 1184
2933 1493
1866 1266
2425 1334
2462 1343
752 1092
1143 1297
2628 1450
816 1266
1013 1176
2663 1217
507 1300
885 1375
2807 1448
1823 1405
2589 1074
2742 1446
795 1166
1237 1250
2028 1113
1350 1401
1622 1012
1487 1396
795 1155
2740 1327
2959 1134
2967 1195
2668 1314
603 1450
1006 1359
1347 1027
2248 1049
2861 1439
1387 1154
2101 1243
1234 1165
2114 1431
2792 1419
1220 1354
2849 1476
2184 1253
1609 1279
631 1165
2982 1134
1471 1283
1828 1359
1851 1072
1348 1368
2785 1007
1674 1209
1393 1067
2013 1323
853 1148
1991 1324
1851 1011
2623 1017
1790 1176
1474 1204
2294 1133
2403 1070
1972 1149
630 1320
2295 1096
2146 1145
2162 1043
2300 1462
1565 1408
2849 1282
1018 1484
1584 1346
2059 1130
2663 1369
1448 1200
2144 1389
1808 1122
2405 1281
2596 1439
1711 1485
2009 1476
1779 1259
2698 1190
2504 1239
2706 1085
521 1188
1976 1179
965 1101
1306 1444
1055 1123
679 1217
2507 1342
1734 1488
2418 1125
1049 1129
1941 1146
1657 1093
955 1033
1286 1015
1122 1468
876 1358
1072 1096
2816 1417
1669 1070
2115 1191
2850 1028
2889 1169
2637 1359
1435 1202
996 1045
2990 1144
769 1426
1801 1297
894 1001
1781 1284
1381 1484
2623 1199
2463 1015
1628 1210
2376 1483
1577 1307
998 1198
1171 1278
1845 1066
1261 1176
1164 1316
1699 1397
2671 1124
1573 1183
537 1247
2301 1152
2273 1351
2366 1302
1944 1136
2273 1280
1166 1091
2294 1053
537 1340
775 1462
1878 1286
2619 1374
2136 1033
1150 1282
2990 1055
1794 1467
1138 1081
2110 1063
792 1050
575 1108
2257 1447
1732 1482
1513 1078
1331 1391
1762 1127
1632 1009
1159 1208
2175 1294
2101 1490
1679 1372
2026 1228
2862 1294
1693 1357
2999 1062
891 1127
696 1041
1142 1106
2217 1180
1994 1480
2539 1340
1797 1328
1276 1183
1641 1433
649 1215
2134 1260
618 1135
1507 1071
2690 1478
1809 1241
1220 1250
1578 1115
2459 1307
1680 1336
1702 1428
766 1373
2996 1097
880 1418
2463 1257
1563 1445
779 1219
1843 1324
1623 1075
1832 1267
736 1052
2792 1460
1456 1305
1131 1090
2578 1415
2348 1383
1805 1101
2621 1454
1810 1272
2212 1493
702 1397
1642 1231
980 1148
1603 1041
2887 1475
2107 1427
820 1315
2659 1162
2050 1291
1961 1145
2234 1179
2379 1473
670 1238
1829 1050
1342 1472
1490 1131
1561 1110
796 1371
1070 1016
770 1119
2229 1054
2861 1083
2208 1172
1381 1188
2634 1353
2700 1036
1873 1318
2885 1289
1892 1288
2071 1061
1612 1227
1940 1166
2005 1135
641 1240
2703 1491
1167 1435
738 1185
2586 1216
2242 1182
1638 1379
1807 1266
1375 1087
1835 1269
1062 1441
1989 1123
2532 1283
1052 1323
2180 1191
1509 1241
1281 1184
2969 1073
910 1234
2654 1206
2306 1086
2450 1343
1830 1387
2065 1344
1104 1037
1360 1007
2446 1222
1905 1451
1873 1466
1016 1055
2065 1062
2392 1147
651 1153
879 1119
2092 1106
2405 1324
2324 1213
1539 1303
2293 1428
2788 1388
1752 1127
666 1045
2105 1205
1731 1324
1731 1168
717 1284
2104 1489
2966 1470
786 1427
1287 1113
1874 1225
876 1073
1009 1482
1861 1296
1365 1155
2030 1494
715 1163
599 1448
2439 1310
1684 1289
2443 1335
1330 1161
799 1262
2572 1266
546 1364
1798 1290
2438 1191
998 1086
1305 1322
2848 1344
815 1103
1565 1276
2149 1240
1430 1199
2994 1120
523 1476
2621 1044
1067 1239
2826 1133
692 1483
880 1461
2182 1169
2746 1045
1791 1298
2717 1125
868 1486
1717 1144
1811 1367
2092 1425
2818 1108
2051 1149
2757 1347
2526 1198
1906 1106
2948 1057
2031 1221
2380 1282
1419 1463
2130 1490
2767 1359
1407 1081
802 1351
2937 1388
716 1183
1974 1185
816 1149
2114 1308
1218 1221
1473 1277
775 1345
2315 1184
1845 1345
2186 1160
2680 1024
698 1332
997 1334
2893 1079
2125 1326
2049 1236
1288 1084
1845 1451
1030 1277
2861 1067
902 1133
2279 1464
1958 1371
2273 1169
829 1482
1741 1150
2332 1251
860 1458
824 1484
2377 1103
2725 1390
1797 1056
1820 1173
567 1007
1118 1079
1845 1241
835 1243
1723 1210
1871 1195
2977 1106
1328 1076
2643 1079
2260 1475
1778 1084
2868 1167
591 1031
2953 1072
2635 1020
1462 1089
1427 1452
2038 1259
1848 1206
2738 1065
2698 1271
1595 1142
2538 1098
2107 1036
2112 1486
2457 1339
923 1028
850 1392
1849 1455
1222 1289
2191 1120
997 1263
1345 1045
1582 1182
2176 1081
2748 1476
2707 1315
1581 1009
2007 1368
2425 1270
1941 1270
2172 1412
951 1230
777 1120
1219 1381
1521 1488
1633 1321
1189 1196
1255 1049
849 1400
1323 1162
1780 1404
1195 1210
2593 1087
805 1414
2797 1481
1713 1206
2419 1256
2995 1365
717 1082
1882 1343
2482 1292
962 1387
1860 1251
2716 1129
588 1280
1308 1489
2944 1044
1813 1399
2631 1264
2414 1406
2832 1234
2334 1155
874 1225
2437 1245
1484 1428
814 1285
1793 1226
981 1458
2142 1364
2132 1407
1975 1026
1683 1375
512 1064
1594 1384
2731 1329
1852 1382
1868 1435
2777 1163
2699 1385
1218 1238
1522 1314
1417 1069
2173 1488
2026 1223
975 1229
2829 1033
1685 1007
2434 1030
2042 1133
1038 1102
651 1478
2742 1407
572 1271
2268 1334
2978 1374
1740 1485
886 1290
2576 1079
1357 1147
639 1077
1684 1313
2073 1462
1128 1473
679 1223
2263 1332
2096 1067
1235 1135
1603 1386
1670 1231
1021 1182
2074 1297
1763 1306
631 1188
2898 1369
1604 1034
2771 1169
1342 1366
1754 1303
501 1182
2352 1427
1011 1004
1775 1346
1159 1346
1154 1091
1710 1289
2968 1047
1282 1373
2888 1496
2134 1489
1441 1175
1128 1432
1838 1294
1766 1225
561 1030
1633 1336
2066 1057
1392 1186
603 1301
1617 1247
1969 1328
1864 1377
675 1317
2220 1352
2805 1143
2140 1078
2571 1424
2331 1222
1645 1330
1121 1394
1227 1233
1957 1330
792 1324
1264 1400
2242 1065
1502 1019
2193 1240
1762 1429
2953 1158
1623 1196
733 1106
839 1155
1109 1268
1009 1213
2598 1172
2125 1089
2750 1057
1211 1196
2994 1352
2335 1365
2109 1064
1402 1259
629 1213
1216 1449
1584 1194
2654 1376
668 1312
1324 1150
2475 1031
556 1034
2291 1323
2063 1051
770 1353
2020 1096
1333 1425
2673 1065
2537 1331
1736 1284
877 1072
1917 1320
1061 1183
2889 1317
2181 1338
2387 1020
1055 1200
1802 1245
1135 1129
934 1375
2668 1267
1975 1063
770 1345
623 1013
943 1058
710 1085
973 1129
622 1126
2298 1471
2698 1042
1293 1478
1596 1414
1473 1185
584 1184
1888 1408
2910 1049
1684 1149
2398 1011
2082 1216
748 1236
1941 1147
2150 1222
2863 1389
2543 1425
1048 1273
1484 1074
1621 1030
727 1411
2484 1403
2635 1058
1833 1052
1647 1219
2478 1133
529 1037
1060 1164
1818 1412
1658 1264
760 1478
2086 1496
1731 1477
2904 1091
1094 1020
2180 1028
1681 1206
2486 1123
2890 1045
1743 1139
1820 1482
2194 1255
2375 1193
1519 1078
2697 1071
1700 1065
1034 1368
1390 1289
2417 1377
920 1152
1141 1475
1763 1015
2965 1114
1534 1425
1389 1221
809 1341
773 1317
2602 1260
1864 1159
1991 1411
1866 1313
2023 1021
1427 1044
2058 1346
2078 1267
2300 1391
737 1304
1423 1002
2060 1087
878 1049
1212 1222
1225 1066
1692 1002
1724 1007
714 1250
2454 1081
1917 1251
1279 1271
2490 1348
1837 1441
1788 1059
2314 1037
1343 1491
2579 1010
677 1060
2388 1208
1945 1200
2691 1261
732 1459
2006 1437
1421 1199
2123 1111
1298 1086
2077 1153
2151 1380
2360 1116
653 1172
533 1247
1980 1043
774 1170
2443 1083
1165 1498
2463 1259
1164 1153
1173 1463
2298 1445
1322 1472
1519 1481
2487 1457
2258 1155
584 1019
2050 1275
2087 1262
645 1098
577 1038
1174 1322
1672 1336
2168 1286
2917 1305
1784 1470
1904 1203
1878 1028
2055 1136
1874 1244
815 1463
2840 1238
2153 1394
1679 1158
2127 1489
1107 1376
1420 1482
1085 1191
2238 1157
758 1320
2443 1231
2046 1097
1643 1245
2514 1401
526 1023
565 1343
1588 1315
1933 1264
1893 1167
2506 1201
1804 1029
2591 1018
1077 1008
573 1120
1909 1350
1743 1451
2641 1070
1250 1218
780 1217
2148 1165
2243 1234
2442 1393
1008 1382
2022 1334
640 1329
711 1496
2480 1332
2921 1281
2777 1317
1233 1183
2091 1158
1596 1410
1122 1201
2185 1018
1496 1132
831 1033
528 1116
688 1395
891 1240
2700 1402
2976 1269
2361 1362
2703 1074
2319 1260
1586 1114
1666 1075
1783 1421
1163 1465
664 1427
1181 1245
2260 1272
1098 1134
1660 1478
1964 1433
1006 1285
2197 1402
2847 1369
2653 1081
2933 1237
2684 1351
2855 1432
2543 1263
2049 1151
1976 1271
2089 1293
1702 1381
509 1139
2928 1176
576 1114
618 1437
1620 1067
978 1341
2247 1212
1217 1307
2440 1020
763 1476
2796 1256
1526 1243
1661 1001
1895 1411
820 1311
2211 1388
1547 1078
1922 1050
712 1333
2499 1163
1994 1060
1778 1252
2630 1238
1629 1116
2359 1285
752 1014
866 1295
2571 1039
1487 1340
2059 1420
1752 1097
1855 1142
874 1284
2830 1453
915 1172
1452 1164
607 1423
2445 1303
1724 1078
2298 1344
2087 1053
1584 1299
1988 1013
1074 1379
2984 1415
656 1017
1593 1264
2088 1122
2809 1205
2593 1475
901 1419
2026 1030
1689 1471
1477 1275
2715 1289
2107 1400
2381 1113
1539 1480
913 1209
1757 1367
1815 1309
1135 1121
1432 1208
1398 1299
2457 1142
2109 1001
1776 1360
1752 1428
2460 1274
2533 1217
2681 1251
992 1077
1495 1293
2841 1251
973 1376
2865 1086
2797 1272
1210 1012
2920 1248
2392 1328
1349 1497
1275 1020
506 1339
2044 1265
1289 1282
569 1052
1633 1382
719 1030
2027 1381
1470 1048
2095 1085
1842 1154
2763 1108
546 1149
2491 1258
1322 1148
2481 1462
2750 1184
1078 1020
967 1428
1208 1173
2312 1081
2897 1164
1695 1100
2769 1468
1684 1298
2662 1101
676 1490
2224 1000
1101 1312
2006 1237
2774 1469
1674 1149
1021 1433
2886 1003
2720 1239
1259 1428
970 1072
2038 1487
1542 1131
2532 1178
2070 1147
566 1115
785 1348
2307 1321
1448 1320
1485 1120
2970 1047
1657 1078
2410 1341
1644 1380
1069 1401
677 1303
1404 1313
1275 1040
1384 1012
2816 1310
1536 1117
1411 1138
2638 1227
691 1132
2858 1214
1440 1304
772 1400
1097 1460
1995 1182
2621 1363
1329 1174
2283 1358
2716 1143
1186 1468
1245 1447
2217 1201
1851 1193
1486 1173
2797 1106
504 1135
2127 1172
2019 1147
2617 1472
2636 1334
973 1219
1237 1179
722 1402
2817 1482
1733 1382
1257 1445
1926 1405
2360 1041
789 1276
1008 1054
898 1031
734 1291
2470 1026
2003 1341
1815 1410
2183 1321
1231 1268
1747 1076
871 1228
594 1362
2890 1121
812 1086
1907 1056
2949 1266
1140 1178
2135 1138
2745 1034
2925 1236
1360 1197
1639 1207
1912 1207
2717 1152
2255 1140
1039 1376
1572 1449
2742 1056
713 1180
1104 1021
906 1022
1648 1050
1280 1329
1815 1359
1979 1377
1072 1075
2124 1496
1044 1248
2398 1392
900 1385
1389 1136
1167 1074
2274 1150
2528 1426
1173 1292
1313 1246
1959 1035
2576 1221
1337 1082
2321 1344
2638 1293
2270 1391
2599 1440
1734 1252
2788 1228
1171 1475
2571 1293
2097 1069
1400 1383
1484 1446
861 1087
515 1450
949 1387
1530 1452
1804 1128
1975 1158
2019 1040
2547 1216
1171 1278
869 1004
1436 1370
2910 1110
1192 1116
2096 1421
1622 1362
893 1000
2037 1341
1410 1328
2412 1470
2798 1033
1301 1496
1697 1226
2044 1213
1809 1468
1155 1229
2875 1067
2283 1241
1006 1329
2048 1398
1500 1296
2814 1041
739 1344
853 1130
2363 1196
2427 1277
2061 1120
1924 1249
2093 1497
2671 1134
1393 1262
950 1180
864 1378
785 1437
2291 1199
2845 1019
2849 1341
927 1127
2009 1305
2368 1201
2007 1468
2749 1075
2667 1260
2438 1484
2370 1059
1231 1182
2835 1146
832 1339
2877 1194
2927 1027
2730 1084
1354 1192
2195 1271
2019 1352
2841 1233
2698 1042
958 1068
2856 1264
2742 1184
1488 1211
1134 1108
1105 1127
1448 1210
521 1044
1904 1043
2481 1157
1367 1263
2282 1166
1862 1100
585 1149
2821 1106
1002 1047
1367 1281
2612 1474
1011 1187
959 1042
908 1036
691 1268
841 1141
2604 1474
1422 1277
784 1362
1913 1043
1019 1198
1988 1240
581 1443
2258 1202
2550 1109
1887 1006
2210 1155
1463 1068
1924 1007
2618 1111
1529 1097
2365 1327
2271 1260
585 1099
2534 1230
2836 1293
1839 1439
1010 1092
2466 1290
880 1105
2050 1031
2303 1113
2434 1495
1870 1198
1958 1174
2653 1281
697 1456
2955 1279
1430 1088
1126 1417
1950 1256
2355 1405
1674 1025
2660 1286
531 1135
840 1385
726 1315
1544 1230
936 1217
1834 1366
1276 1328
2535 1447
2570 1191
2690 1332
2444 1376
1041 1339
1429 1328
2534 1001
1522 1212
599 1484
2549 1242
2785 1301
734 1365
1522 1177
2474 1281
2481 1296
2777 1341
709 1033
1865 1405
2799 1144
2402 1420
2176 1411
1642 1159
634 1275
2566 1089
631 1418
1025 1142
1931 1332
1462 1086
668 1004
1311 1219
2600 1302
1355 1290
2495 1223
982 1072
1862 1048
1757 1172
1545 1317
2883 1480
709 1236
555 1139
2029 1009
1708 1271
1123 1189
2765 1417
1611 1429
2642 1083
2934 1270
2147 1454
560 1134
1769 1420
1707 1373
1062 1075
2358 1395
2976 1308
764 1485
1217 1087
1301 1220
2802 1103
637 1363
595 1041
1744 1018
2934 1005
553 1273
2569 1254
2002 1053
2803 1278
2293 1090
2359 1093
1984 1027
2119 1493
520 1328
1480 1192
549 1443
2911 1357
1750 1335
2347 1087
1830 1108
1841 1172
1439 1257
2357 1418
2470 1038
2166 1066
2512 1401
2638 1167
1316 1282
1493 1250
533 1193
718 1377
1127 1100
2109 1342
1175 1470
2263 1182
1061 1031
1850 1197
901 1456
840 1422
758 1239
1788 1109
1535 1228
2414 1121
1866 1339
1142 1308
1080 1137
1772 1394
1496 1393
1953 1121
2855 1468
813 1411
1186 1208
568 1110
2235 1163
2463 1414
1039 1350
1473 1069
1035 1053
2423 1116
1883 1407
1736 1469
1347 1408
2729 1183
518 1002
1001 1369
2901 1254
923 1182
1353 1083
1973 1245
602 1008
1535 1087
1484 1164
2621 1240
2901 1101
1949 1418
954 1140
2189 1314
663 1395
2852 1368
1336 1122
721 1426
2389 1424
1099 1164
1085 1156
1461 1387
1526 1174
1637 1451
676 1405
2216 1364
925 1238
1132 1252
1461 1356
686 1391
2850 1317
1028 1303
2041 1133
1789 1209
900 1190
1518 1252
2520 1303
2084 1386
1134 1319
1218 1405
594 1111
1734 1204
2364 1497
2117 1497
2049 1467
2931 1276
2271 1362
1671 1402
1152 1171
2168 1188
2978 1025
2429 1373
624 1233
2041 1365
2353 1303
2571 1242
1019 1333
1811 1467
751 1331
1205 1154
2615 1087
2149 1181
1736 1196
1775 1065
1087 1087
727 1483
1084 1210
1388 1277
600 1187
2025 1013
2995 1378
2331 1172
1520 1252
680 1405
1759 1081
586 1347
901 1463
2590 1315
2180 1491
2088 1136
2985 1437
1153 1048
2740 1080
2633 1037
1127 1285
2013 1294
598 1450
1919 1498
2138 1402
660 1110
2878 1455
2107 1411
557 1437
2880 1109
2261 1373
1409 1329
2171 1259
1867 1400
1415 1098
1230 1061
1094 1004
1586 1267
2797 1291
2946 1221
830 1091
799 1267
2732 1217
2883 1460
2772 1016
1983 1115
1574 1379
2390 1064
1756 1436
1721 1442
1889 1126
2046 1413
1048 1079
2462 1427
614 1346
869 1392
1001 1148
2641 1075
2756 1160
1745 1120
1022 1051
1335 1194
2544 1011
2981 1032
1327 1348
2721 1338
2639 1020
2776 1412
2197 1088
907 1397
2452 1010
1271 1104
2808 1488
1929 1132
2778 1365
2515 1427
1484 1180
2156 1339
2886 1278
2580 1153
725 1035
2625 1430
1337 1076
2477 1432
2006 1160
2217 1124
943 1159
891 1184
2268 1322
2110 1415
2795 1325
1143 1257
2926 1386
1957 1189
1514 1397
1545 1116
946 1457
746 1400
536 1417
1824 1462
1202 1024
1623 1147
2122 1354
2074 1267
619 1239
1135 1120
2976 1356
1335 1196
2194 1331
1738 1242
1155 1471
2875 1473
2535 1120
2900 1307
2225 1492
2370 1041
777 1325
1575 1204
878 1282
2325 1246
1995 1412
2918 1426
2827 1239
2948 1186
1106 1434
2618 1450
843 1112
1149 1122
1698 1149
1417 1344
2405 1392
969 1496
1418 1324
2289 1194
1278 1056
765 1358
2051 1306
2997 1279
1114 1375
2064 1078
1936 1162
2483 1347
570 1039
1887 1481
886 1440
1045 1221
1386 1166
1928 1376
1223 1437
2054 1018
2220 1475
898 1323
2459 1480
1498 1195
2964 1095
1478 1107
1032 1308
1759 1277
706 1494
1343 1433
1586 1401
817 1059
2655 1149
2653 1084
1658 1439
2050 1029
2056 1055
578 1185
2872 1049
860 1467
711 1134
1308 1059
1582 1438
1037 1304
1985 1498
2600 1160
1967 1386
2973 1183
2019 1391
1762 1475
886 1240
2858 1396
913 1392
2006 1165
2032 1246
1534 1105
534 1225
513 1298
1579 1331
2509 1119
1235 1291
1333 1309
2026 1266
2706 1413
2977 1024
2872 1065
2335 1018
1495 1387
608 1286
1646 1240
2506 1089
2037 1211
1801 1282
1228 1296
2883 1194
694 1284
1892 1332
2403 1408
1809 1455
2452 1440
2410 1349
2659 1382
1391 1092
1445 1160
2195 1107
2786 1357
1734 1079
1989 1434
2140 1020
1167 1438
1109 1306
1102 1284
1622 1163
1591 1183
2413 1465
1132 1016
684 1295
1753 1142
1225 1451
981 1299
770 1109
2128 1062
1895 1447
1383 1161
2094 1233
1383 1104
2467 1014
2198 1015
645 1261
953 1327
2960 1285
2091 1273
1880 1192
2749 1478
1141 1070
1870 1424
1393 1260
900 1495
1757 1384
1987 1371
513 1276
1402 1228
2981 1409
2201 1378
1849 1325
1542 1092
1621 1156
1042 1273
739 1232
955 1326
2919 1208
1857 1192
2393 1015
2230 1052
2051 1199
2350 1330
619 1273
853 1316
716 1194
2739 1478
2687 1141
2734 1216
2782 1394
1837 1441
1388 1238
2247 1091
856 1437
2193 1266
1812 1066
1880 1105
1489 1090
1215 1259
522 1315
854 1420
2825 1366
1791 1188
1230 1457
2829 1240
1381 1253
763 1290
2753 1133
2677 1457
1684 1433
1547 1078
2890 1282
1355 1002
2272 1144
1327 1057
513 1002
2566 1434
2355 1039
1322 1177
608 1399
2055 1449
2743 1136
2978 1105
2886 1492
630 1050
749 1325
2660 1085
2903 1053
506 1409
869 1071
804 1170
728 1307
1453 1231
2060 1479
1807 1233
1744 1074
1832 1041
2067 1334
2225 1192
2793 1084
2663 1058
2775 1490
1236 1414
1011 1441
2217 1189
548 1473
869 1275
2577 1482
1501 1035
2092 1104
2128 1467
1386 1355
1626 1019
1279 1220
730 1018
517 1315
2501 1075
2654 1338
881 1434
736 1038
2240 1041
2134 1299
2410 1207
1506 1381
2399 1301
2389 1036
1619 1078
2949 1121
977 1419
1960 1337
2146 1255
2392 1004
2785 1202
1768 1361
2891 1152
782 1147
1824 1404
1353 1188
2892 1250
2805 1403
2553 1497
1993 1098
1194 1050
2211 1434
973 1375
1165 1478
2769 1414
1139 1402
1406 1265
2176 1486
2227 1084
1469 1417
1866 1344
2388 1096
1446 1138
2717 1331
2826 1167
1631 1084
2254 1243
1869 1085
1546 1285
1592 1421
2851 1463
799 1067
2691 1156
2599 1361
2846 1243
2179 1062
2173 1231
1324 1336
2774 1433
1605 1318
537 1479
802 1448
1019 1143
1087 1394
646 1127
2523 1129
2052 1162
971 1182
2664 1126
2456 1280
2942 1374
524 1338
565 1456
1162 1159
1856 1231
1739 1445
2694 1050
2869 1188
1857 1369
1781 1490
1109 1319
2818 1477
2972 1112
1475 1191
2401 1354
1832 1284
2325 1087
2107 1290
711 1165
1562 1452
2556 1006
1846 1028
2669 1109
2032 1429
1975 1316
2886 1260
2830 1231
1101 1251
2047 1480
2899 1261
868 1421
2216 1464
2848 1341
673 1319
590 1315
751 1203
1208 1457
1421 1442
2815 1022
1746 1308
2496 1025
1832 1064
2653 1045
1587 1233
2547 1171
1667 1199
1552 1147
2191 1189
1946 1170
1590 1168
790 1081
2024 1035
2283 1483
2935 1396
2068 1187
2379 1075
2844 1103
1468 1168
2468 1241
1143 1299
1089 1125
1694 1347
2995 1238
1043 1264
637 1371
2164 1014
2757 1303
638 1470
1936 1171
959 1493
1301 1130
2940 1083
2522 1491
790 1390
1498 1438
768 1155
1261 1122
1363 1016
1568 1397
1568 1247
796 1239
1911 1410
2036 1327
1143 1229
2379 1443
2846 1090
2661 1023
502 1223
2929 1006
1168 1411
2081 1472
1284 1460
2218 1320
2640 1442
2948 1016
1600 1287
1357 1484
2603 1384
1383 1183
2450 1152
1519 1358
2908 1385
2934 1019
867 1078
523 1233
2876 1109
2643 1248
2724 1310
2146 1121
2065 1096
2192 1386
1754 1460
2304 1301
847 1234
1198 1318
879 1183
1272 1367
613 1257
1409 1176
1255 1327
2893 1335
718 1310
707 1109
2752 1171
1180 1057
2598 1053
1631 1269
2855 1398
2327 1322
1233 1371
1652 1438
2401 1434
1214 1101
793 1107
758 1307
1269 1282
2191 1334
1528 1494
2152 1021
2138 1248
2878 1446
2819 1407
822 1284
2890 1250
2623 1078
593 1396
910 1091
2182 1381
2831 1414
2568 1408
2999 1173
2022 1361
769 1008
771 1047
2196 1328
1164 1255
774 1315
2617 1396
2518 1013
2713 1448
1890 1387
2124 1473
1255 1418
2090 1169
1037 1372
2964 1165
2855 1456
913 1462
2788 1431
721 1052
2765 1075
2164 1227
848 1242
1300 1300
1986 1071
1794 1328
2217 1212
1783 1172
923 1248
1957 1493
2028 1480
2723 1313
1102 1412
1160 1286
850 1424
728 1295
604 1084
2097 1047
1134 1414
2641 1081
732 1035
1859 1465
777 1186
2712 1100
2798 1434
1360 1031
2974 1081
1805 1456
1148 1160
2326 1453
1662 1379
666 1161
2124 1392
1691 1443
526 1227
1608 1298
1848 1274
687 1325
2774 1461
2341 1333
2527 1233
918 1317
1651 1050
1254 1409
2925 1088
1658 1247
2381 1120
1550 1242
1791 1360
2371 1011
1455 1155
516 1047
1235 1311
2765 1076
2371 1137
588 1018
656 1024
2755 1068
2411 1100
500 1054
1836 1353
2569 1424
1840 1373
2343 1333
1972 1140
2668 1197
2359 1227
2044 1118
2039 1357
1448 1334
1696 1080
1734 1325
920 1350
643 1218
2236 1168
1327 1419
1640 1141
2828 1119
2622 1364
1256 1004
873 1023
1455 1216
1438 1048
1286 1227
2270 1448
1135 1471
1446 1422
1413 1206
1751 1336
551 1226
2551 1201
1164 1000
799 1473
2210 1311
936 1310
1424 1454
1669 1320
788 1024
2155 1113
1906 1163
1055 1096
1963 1197
2454 1325
1940 1455
1862 1273
2923 1159
2275 1345
783 1027
1973 1104
2993 1207
1855 1239
1952 1428
1598 1076
2289 1226
2233 1101
2854 1032
2726 1460
755 1276
2331 1383
1459 1158
583 1457
2166 1192
2469 1303
2616 1395
1762 1039
2451 1091
2582 1013
2683 1316
2953 1161
2832 1250
827 1057
2431 1332
1877 1290
1187 1261
2955 1483
809 1361
2949 1460
1793 1174
706 1302
1718 1428
1625 1001
1643 1343
2206 1470
2156 1214
2369 1431
1141 1131
1017 1426
1880 1281
2171 1494
2190 1314
1221 1023
1099 1486
2724 1044
2013 1416
2485 1003
1696 1049
1915 1425
1398 1257
2055 1272
2018 1032
1596 1083
2620 1163
2445 1294
1186 1288
2095 1241
1089 1415
2984 1094
1485 1115
1951 1267
1592 1136
2836 1416
989 1479
1490 1261
2445 1399
2936 1382
2754 1283
1863 1022
1352 1076
1336 1326
1446 1312
2889 1300
2140 1431
1694 1084
2261 1277
1976 1496
2655 1100
962 1021
2499 1257
1071 1079
2016 1339
1983 1070
2619 1401
2494 1380
743 1318
2599 1314
2616 1286
1653 1488
630 1156
2212 1085
1335 1279
1322 1353
2315 1485
955 1101
2408 1334
2295 1313
2210 1462
704 1100
938 1119
1159 1291
2099 1465
837 1241
2730 1080
1203 1021
1282 1438
2990 1292
755 1099
626 1449
779 1278
784 1088
1760 1111
2760 1073
1374 1496
1552 1468
1660 1251
2533 1362
630 1286
1676 1205
1808 1060
1666 1044
579 1182
1252 1113
2954 1436
666 1262
755 1331
2667 1235
2152 1378
2626 1186
953 1232
579 1140
1123 1254
737 1072
1993 1256
2867 1313
1998 1077
1960 1210
1880 1473
1009 1342
1731 1334
2227 1197
1456 1229
1841 1034
1118 1242
2072 1322
1690 1354
1013 1256
850 1105
2307 1079
1621 1411
654 1296
975 1117
1056 1035
1251 1307
1379 1437
2030 1152
774 1012
1249 1275
2657 1287
1391 1495
2342 1259
1817 1285
1959 1128
1767 1193
2388 1427
2466 1020
2089 1100
1377 1149
2633 1283
2179 1117
1784 1105
1733 1047
1303 1462
719 1101
2478 1474
1406 1479
1272 1082
625 1053
780 1276
2708 1370
2940 1185
1421 1132
1887 1474
902 1474
648 1200
1250 1082
2750 1280
1144 1428
1814 1180
1654 1238
2788 1119
2784 1352
1802 1047
2987 1268
2106 1357
2368 1396
2901 1279
570 1054
1032 1290
2573 1435
2106 1094
2302 1461
535 1280
582 1196
2971 1152
626 1284
2360 1380
1608 1000
1576 1057
1988 1193
1862 1360
1238 1256
2585 1396
2649 1448
2614 1032
2213 1363
826 1175
2729 1288
1350 1229
2524 1207
2236 1220
598 1013
1986 1142
688 1169
1048 1214
916 1015
818 1040
1216 1458
668 1481
2172 1366
1897 1140
656 1177
1684 1315
2902 1024
1122 1057
1245 1404
1607 1360
1283 1056
1851 1059
892 1115
1410 1346
1458 1204
1587 1362
1513 1430
1337 1223
1287 1133
2288 1363
1365 1005
2521 1391
695 1210
1986 1348
2780 1027
2072 1159
1416 1104
1655 1170
941 1104
2414 1258
2597 1446
1319 1300
881 1465
1872 1292
2829 1435
1536 1251
1309 1406
1770 1136
2385 1320
1144 1192
1645 1311
1091 1369
809 1330
773 1387
1108 1029
789 1020
1789 1310
926 1108
1874 1314
1125 1482
1021 1134
2306 1452
1300 1217
1484 1118
2996 1233
1096 1066
2499 1443
1727 1454
745 1187
1981 1336
2785 1100
1069 1013
2466 1143
508 1123
2285 1327
758 1153
2184 1236
2128 1177
532 1067
1798 1408
995 1144
2625 1367
2850 1214
1293 1440
2284 1360
2984 1013
2378 1302
967 1308
2197 1077
1345 1265
1770 1151
1287 1380
1163 1445
1433 1191
1988 1057
900 1109
1146 1372
1678 1227
1930 1163
2234 1211
1752 1457
2680 1024
2113 1191
2066 1395
866 1145
2240 1134
1000 1398
2179 1342
2552 1110
2053 1146
1291 1063
2087 1406
1351 1016
1661 1394
1922 1454
2192 1490
2655 1099
2366 1497
2567 1143
1997 1497
567 1127
1814 1303
602 1009
1459 1139
609 1020
1312 1482
1638 1444
1869 1004
2884 1460
2186 1201
1815 1156
2040 1288
2127 1143
1873 1006
2416 1338
1615 1350
734 1384
838 1176
1325 1316
2186 1191
2312 1128
1752 1227
2247 1293
2625 1159
2636 1062
2513 1268
1259 1254
949 1058
1309 1382
2925 1276
2865 1316
2189 1300
2610 1087
1735 1135
2866 1292
2987 1352
604 1459
590 1188
1356 1064
1283 1233
1964 1352
2759 1264
814 1040
2528 1246
2706 1190
2315 1158
2262 1397
1282 1484
1370 1358
876 1118
2790 1323
1375 1263
2985 1367
2516 1360
649 1131
2769 1266
503 1193
967 1101
1343 1114
2617 1391
1215 1048
2540 1144
2999 1180
2998 1386
1281 1146
2375 1371
1369 1407
2137 1056
1199 1014
1676 1093
1224 1091
2997 1147
1281 1268
2829 1435
2302 1435
2947 1275
2752 1118
1486 1350
2002 1267
1912 1336
1748 1105
658 1241
2803 1086
851 1322
2710 1199
1915 1350
1772 1218
985 1280
1936 1350
2160 1098
1724 1422
2480 1060
1454 1023
1686 1112
2590 1312
819 1229
605 1251
2146 1084
1367 1013
1739 1239
981 1389
1898 1056
1284 1188
625 1028
2719 1274
802 1029
557 1286
1470 1454
2186 1200
1779 1030
700 1103
516 1465
1879 1039
1579 1282
1486 1418
1474 1203
2581 1182
2639 1191
1675 1285
2562 1057
2330 1377
1374 1449
1263 1364
2929 1331
1557 1302
1967 1249
2131 1110
1877 1179
1611 1113
1533 1187
1426 1021
1453 1042
2376 1414
2874 1278
1510 1252
762 1431
2293 1410
1763 1465
1054 1455
1325 1099
1828 1276
1445 1321
1784 1464
1632 1418
2591 1123
2915 1473
1359 1335
2970 1267
2031 1250
591 1243
1247 1407
1301 1069
1138 1193
2040 1140
2247 1318
597 1361
1068 1483
1371 1345
1372 1114
1887 1479
790 1084
2405 1170
723 1112
2691 1214
1443 1262
2989 1438
779 1208
1156 1486
2605 1498
2797 1213
803 1436
2395 1160
609 1266
2847 1174
2610 1436
1388 1171
1190 1081
952 1065
1966 1197
1655 1016
560 1272
2449 1389
2259 1380
2507 1101
1474 1473
1599 1192
2517 1224
1101 1102
949 1480
2286 1494
2646 1350
2469 1393
1146 1266
793 1487
2644 1039
2740 1189
1802 1319
1077 1144
2276 1267
1295 1348
2855 1180
2310 1279
1273 1309
700 1229
783 1300
2683 1477
2017 1428
1322 1131
1519 1241
2141 1126
2824 1009
1223 1186
2118 1196
764 1019
2878 1089
1026 1182
2177 1044
575 1321
2963 1268
2724 1199
1214 1276
1580 1167
2988 1469
2513 1169
1699 1481
631 1132
1574 1364
1448 1115
1488 1060
1100 1425
2831 1352
2857 1171
1722 1189
2906 1208
570 1306
2314 1329
544 1261
946 1241
557 1290
533 1395
1537 1461
2820 1207
2364 1438
2421 1423
1649 1021
2964 1262
1577 1241
752 1459
1440 1020
2955 1169
1132 1076
1363 1368
2938 1141
2426 1413
1097 1008
1732 1295
1449 1206
1562 1316
530 1335
689 1068
2706 1456
1814 1281
1285 1204
1730 1286
2208 1159
1774 1029
1849 1247
2006 1107
753 1127
541 1392
2788 1023
1618 1461
1850 1393
2503 1042
702 1099
735 1234
2661 1264
1360 1467
1433 1158
1701 1021
2980 1152
580 1210
1140 1398
2571 1168
2680 1237
1975 1005
623 1430
984 1206
1110 1465
1769 1392
2066 1272
2802 1004
2846 1098
659 1495
1314 1104
2569 1219
1523 1368
1910 1487
2078 1405
2486 1345
2975 1461
2128 1449
2842 1431
1098 1113
1278 1072
1070 1352
1160 1429
648 1110
860 1425
1128 1480
864 1393
2354 1266
1390 1192
2035 1038
1302 1126
1154 1007
585 1385
2295 1462
2553 1261
838 1214
2875 1127
763 1341
1634 1130
1008 1243
713 1181
2974 1407
883 1103
788 1413
1932 1350
1669 1166
2973 1146
2452 1112
547 1254
1330 1161
1671 1488
2272 1358
1144 1161
1470 1282
2533 1110
1184 1201
1082 1462
669 1064
2516 1393
1281 1152
2003 1012
783 1307
2316 1060
2327 1486
1737 1165
2862 1279
2726 1201
2840 1277
2731 1020
1883 1344
2948 1051
2156 1434
552 1349
846 1148
1580 1120
2648 1150
659 1289
752 1163
1593 1116
751 1044
1499 1248
2113 1081
1673 1229
1129 1447
1811 1379
1645 1348
2174 1205
1410 1023
1915 1286
2829 1126
1997 1019
1917 1039
1531 1267
1996 1373
1720 1186
1575 1129
560 1437
2692 1143
1045 1168
646 1361
1225 1368
2876 1373
2752 1207
1497 1065
2528 1058
2465 1101
2783 1125
1107 1252
1172 1401
1434 1370
1930 1433
1950 1339
678 1275
1351 1217
1292 1151
2400 1351
2755 1328
1929 1472
1146 1079
2116 1237
1724 1051
2553 1195
2997 1487
1296 1423
2885 1246
2159 1026
1826 1492
2878 1109
950 1029
2538 1187
1543 1105
2471 1007
1839 1120
2839 1104
2725 1396
1587 1161
2501 1304
728 1044
1074 1126
776 1438
2048 1081
1401 1321
928 1392
2163 1420
2820 1156
2462 1324
2937 1290
1540 1068
2528 1176
1557 1238
1309 1019
2262 1287
1831 1209
1437 1032
722 1129
879 1157
2367 1158
2296 1258
2352 1486
1388 1461
1316 1266
2376 1024
1370 1467