5950 5000
1077 1117
2621 1410
931 1132
2385 1223
2703 1034
867 1142
1466 1323
985 1104
757 1417
1108 1355
1463 1274
1827 1262
1403 1183
2043 1312
2455 1230
2949 1207
952 1228
911 1351
569 1256
2352 1075
2883 1474
2558 1137
1158 1396
1349 1165
1858 1233
1192 1076
835 1212
1305 1423
2524 1227
1349 1245
1645 1162
2191 1470
2202 1456
2934 1026
2896 1200
1389 1275
1936 1129
923 1033
2670 1333
2227 1450
547 1363
548 1201
1104 1208
767 1194
559 1028
1294 1059
1299 1241
2098 1081
1616 1436
1104 1473
664 1409
1808 1052
1009 1262
2003 1199
1805 1125
2583 1193
2712 1286
2818 1112
1143 1003
675 1404
698 1157
538 1114
932 1398
1545 1107
1663 1004
833 1340
662 1428
1488 1470
1540 1236
2059 1481
814 1428
2547 1398
611 1384
2668 1140
1755 1136
1235 1058
1041 1486
940 1225
528 1079
509 1323
504 1002
1115 1067
1884 1249
1980 1116
1434 1404
1704 1402
2508 1286
1677 1168
1042 1042
2867 1360
1832 1056
667 1280
956 1156
1587 1401
2000 1329
649 1145
1831 1226
1464 1154
1134 1170
1289 1249
551 1313
2121 1479
2714 1280
2672 1148
2334 1160
2647 1322
830 1202
713 1360
2330 1089
1206 1291
1441 1321
695 1303
2814 1498
2834 1476
1812 1083
1564 1126
2809 1476
1492 1163
2101 1063
1464 1003
2386 1051
915 1087
1588 1017
1109 1335
1879 1330
2912 1455
642 1013
508 1096
1113 1489
1394 1075
1951 1104
2202 1405
2412 1325
977 1336
1145 1105
2354 1435
634 1430
585 1143
647 1058
1253 1327
1363 1417
2833 1247
1555 1118
578 1370
1671 1280
872 1089
1506 1347
2188 1248
2102 1050
2128 1032
1397 1477
546 1071
2240 1144
1843 1294
1125 1254
1093 1481
1303 1177
609 1117
890 1073
2077 1496
625 1146
2869 1245
2717 1451
2560 1242
2410 1260
2531 1279
2042 1253
1602 1419
2659 1003
1014 1419
680 1247
2804 1312
1277 1393
1140 1031
2186 1252
1889 1273
1710 1290
2040 1419
1462 1130
2671 1132
2636 1468
1767 1365
2881 1135
1879 1215
2426 1057
1648 1408
2808 1243
2923 1217
2827 1176
871 1020
2376 1417
2030 1293
2253 1409
660 1102
1847 1079
1868 1414
1015 1471
1676 1370
940 1495
1082 1186
1064 1348
1408 1290
2278 1381
2963 1145
2008 1251
587 1058
759 1398
1260 1001
2929 1059
1458 1181
2054 1040
2161 1259
2184 1106
1254 1435
2317 1468
1498 1324
1531 1233
1953 1490
580 1400
2745 1144
1665 1138
537 1270
798 1227
1280 1104
697 1299
645 1164
1626 1203
743 1353
2626 1066
2179 1194
1627 1165
1786 1051
2212 1094
1835 1474
2210 1050
1136 1061
1840 1362
2147 1496
2081 1252
1487 1476
657 1196
2920 1054
2990 1238
2484 1436
633 1315
1512 1284
2620 1019
609 1047
2900 1031
852 1264
510 1071
2517 1198
818 1125
2318 1181
1410 1317
2200 1160
1761 1484
1164 1361
1039 1070
2061 1311
556 1261
1694 1463
2807 1094
2184 1091
2727 1172
991 1201
1356 1222
2439 1049
607 1026
919 1462
1879 1189
2401 1169
633 1058
2925 1160
2658 1328
1344 1153
739 1153
2759 1049
1443 1472
1499 1212
2682 1480
938 1245
1010 1453
873 1204
1181 1073
1616 1126
871 1414
1638 1026
785 1402
1554 1322
602 1363
2828 1302
909 1464
553 1226
2268 1013
1914 1029
1300 1412
1267 1237
1431 1241
2242 1177
877 1013
594 1203
2686 1184
2187 1264
1433 1331
2890 1493
1261 1213
1588 1151
1827 1199
2249 1233
2076 1015
2142 1108
1343 1362
1911 1405
883 1348
1026 1157
710 1029
2051 1118
2629 1424
850 1019
2615 1188
2171 1191
1032 1315
845 1320
1027 1410
1923 1127
1278 1280
1397 1111
794 1416
1645 1465
2529 1193
2570 1307
2336 1141
2995 1059
2802 1339
2190 1110
2290 1402
2534 1480
942 1051
1739 1073
2983 1029
1727 1282
602 1278
2675 1167
1332 1208
1847 1455
862 1213
1686 1397
733 1063
1157 1362
2702 1094
755 1079
522 1022
1950 1355
2447 1284
1922 1309
2821 1008
2603 1052
1689 1345
2717 1191
2740 1042
2425 1214
2633 1304
2700 1335
2022 1200
979 1215
1636 1357
1456 1391
1182 1037
1891 1454
1028 1301
1231 1160
1291 1183
1624 1128
1201 1220
1725 1434
771 1208
789 1346
798 1323
2076 1072
2307 1441
1403 1165
2537 1137
664 1220
2875 1154
1605 1112
2102 1326
2181 1124
2256 1063
600 1425
2163 1253
1987 1485
2817 1296
1975 1300
2234 1015
2093 1490
735 1094
2575 1037
1518 1474
2360 1208
2074 1441
2524 1427
1926 1103
2845 1467
2517 1470
2660 1169
2797 1318
2488 1428
2614 1484
2180 1129
1618 1411
2347 1013
1552 1455
2109 1314
2081 1287
2158 1440
2645 1302
1822 1122
2949 1001
2883 1112
813 1196
592 1483
1963 1450
2820 1174
1357 1254
1435 1051
2997 1105
1174 1491
894 1207
1813 1461
565 1347
2607 1416
2504 1466
1997 1398
740 1290
1472 1003
1942 1038
1064 1389
696 1478
1239 1136
1135 1347
764 1255
1342 1160
2847 1470
1878 1201
2321 1007
2587 1229
2407 1060
2792 1285
1101 1033
1873 1169
964 1455
2584 1416
948 1423
2530 1276
2439 1256
1294 1163
1752 1354
2491 1091
1460 1414
954 1336
2261 1398
1469 1493
2361 1489
2908 1278
1624 1016
1479 1428
963 1364
1873 1036
2757 1450
2173 1259
2348 1102
1550 1243
693 1107
1487 1152
2604 1272
2500 1488
2059 1448
1885 1343
2467 1067
1799 1003
999 1068
553 1270
1253 1107
1682 1185
1283 1049
558 1282
527 1119
660 1279
1806 1205
931 1223
837 1455
2185 1201
2035 1144
2876 1205
2069 1430
1230 1427
1574 1241
2545 1219
1940 1352
779 1015
2455 1388
2150 1360
777 1189
1837 1476
795 1436
2356 1395
2736 1484
2323 1407
1664 1472
1882 1157
1830 1179
538 1045
2300 1207
1581 1281
2664 1357
1333 1038
625 1409
2781 1471
2319 1388
2183 1442
2195 1371
2860 1298
2527 1295
2655 1149
1712 1209
648 1174
1681 1251
1846 1196
2815 1083
2406 1041
1681 1202
1950 1065
1375 1176
2282 1067
1394 1330
2311 1062
2556 1272
597 1036
2087 1398
1103 1008
2370 1219
2625 1376
979 1429
1348 1437
1564 1072
2167 1110
1372 1150
2403 1440
835 1455
2754 1494
1487 1018
2872 1198
1531 1251
991 1090
2699 1176
2628 1071
1620 1226
2852 1125
643 1325
1090 1048
2234 1014
2605 1109
2455 1045
1699 1165
1256 1445
2804 1246
2652 1101
610 1356
2486 1384
1279 1345
1013 1106
2556 1447
591 1485
2663 1132
1267 1209
2854 1163
2420 1199
1781 1415
956 1076
1902 1441
1685 1166
2616 1218
1935 1114
1965 1269
1746 1040
1061 1192
1783 1490
1398 1278
1535 1473
1260 1064
785 1039
2977 1288
2205 1367
922 1212
2392 1167
2844 1205
1647 1424
2611 1403
2089 1025
1400 1193
2688 1397
2944 1162
1689 1146
2904 1027
854 1391
1186 1384
1643 1409
2440 1328
624 1034
2515 1230
1426 1171
1385 1137
2472 1079
696 1079
1695 1117
1435 1431
1884 1396
2167 1474
2018 1343
2557 1258
1786 1262
1648 1115
1327 1449
2052 1302
2906 1146
1126 1198
2759 1210
2962 1055
2825 1118
1222 1137
2986 1227
856 1275
1746 1322
2915 1312
1431 1000
675 1077
929 1150
2512 1107
751 1139
1057 1075
2650 1359
2776 1486
2853 1299
2860 1110
1642 1415
1283 1285
2489 1229
1000 1157
2206 1475
2696 1287
1817 1455
1923 1260
1134 1001
1575 1209
1556 1026
2045 1412
1312 1104
1888 1098
2329 1017
1916 1435
2880 1313
882 1208
1440 1263
750 1262
2895 1025
2030 1089
863 1475
588 1169
895 1202
1416 1276
2672 1468
2521 1372
570 1035
2156 1172
1328 1333
2378 1329
2994 1421
2478 1403
2525 1400
1549 1196
2570 1204
2143 1235
1275 1127
1491 1174
526 1269
745 1282
2342 1099
2750 1261
2041 1202
1663 1244
1275 1394
1538 1163
1911 1484
2262 1093
822 1126
1282 1003
1449 1098
1840 1459
1350 1135
860 1460
1478 1401
1409 1432
819 1400
2246 1153
966 1488
2684 1080
2853 1487
1944 1375
2923 1390
1411 1352
765 1486
2617 1477
2119 1069
1187 1244
1378 1463
630 1203
859 1041
1121 1132
528 1194
1561 1093
2753 1484
1001 1391
2215 1067
1251 1172
2438 1229
2626 1490
1837 1064
1010 1174
1432 1292
1470 1064
2456 1334
937 1222
2137 1159
546 1448
1988 1216
1713 1212
2370 1171
2387 1254
2221 1092
2317 1183
1061 1384
2840 1398
1712 1040
1381 1001
2144 1421
683 1110
848 1443
960 1273
1427 1110
2844 1223
2960 1312
2934 1059
2564 1026
2474 1219
1583 1402
2083 1245
932 1370
2962 1460
2865 1228
2309 1098
1745 1295
1683 1237
1347 1316
711 1477
2298 1243
2971 1157
1755 1048
2963 1243
1612 1012
2289 1205
2974 1403
1381 1040
2146 1491
747 1382
1188 1231
2082 1386
2668 1220
648 1460
949 1179
1082 1114
2193 1417
1987 1397
1764 1095
2351 1227
1768 1087
1533 1378
2142 1077
2796 1401
525 1371
1401 1468
2609 1157
1268 1321
1934 1406
1892 1033
1866 1225
2018 1301
503 1055
2980 1057
2753 1001
2951 1416
2397 1064
1677 1003
948 1213
2596 1108
1460 1483
2469 1255
2427 1361
1768 1369
1391 1181
2075 1421
2981 1239
2713 1126
2695 1063
684 1383
2233 1392
2235 1089
1630 1480
2188 1499
1201 1208
2325 1445
1024 1494
1956 1459
1464 1305
1350 1453
2731 1168
2497 1098
1206 1288
1815 1031
512 1364
2760 1284
965 1411
588 1113
2744 1313
1728 1365
2118 1016
2959 1487
2542 1236
1280 1386
2974 1102
2119 1415
1816 1114
1898 1352
2290 1366
1014 1331
662 1355
2238 1208
1180 1238
516 1048
686 1388
2993 1034
1067 1254
1444 1391
2002 1142
2168 1292
844 1125
2347 1407
1074 1280
517 1091
2981 1126
2916 1144
2485 1400
519 1234
2160 1422
1617 1086
1279 1256
1750 1311
661 1040
911 1248
2524 1301
2138 1189
2732 1297
2501 1289
2402 1017
2524 1193
1370 1365
920 1466
1985 1426
1000 1271
1702 1269
675 1320
1473 1021
600 1464
828 1470
2068 1200
1902 1252
1007 1141
1604 1054
2676 1354
2047 1042
2289 1449
1592 1372
1839 1482
1738 1256
569 1107
616 1059
1556 1224
2645 1120
1585 1247
2215 1158
2447 1203
2592 1472
2256 1201
2024 1085
2568 1118
2423 1206
512 1049
2300 1431
1306 1490
2547 1186
2037 1434
1176 1342
1711 1301
2801 1249
1087 1240
2972 1035
2330 1038
1446 1061
742 1390
2049 1498
1336 1158
2848 1306
2162 1488
2422 1189
2340 1087
2558 1213
2867 1496
1029 1167
1979 1084
1233 1137
1378 1402
1588 1180
1916 1425
2462 1055
1858 1494
2091 1205
2359 1099
1736 1018
1215 1410
2830 1456
1173 1376
1109 1315
891 1236
732 1248
2993 1346
1746 1321
2085 1129
1916 1464
922 1477
675 1000
1412 1223
744 1338
597 1130
2673 1365
1686 1435
1131 1145
1460 1206
1457 1335
1021 1260
1908 1293
1793 1102
2787 1335
2724 1215
2200 1336
2232 1127
2899 1434
1474 1251
1076 1260
1584 1135
1278 1022
2064 1380
2522 1154
2896 1420
2412 1114
524 1209
921 1264
2831 1364
772 1493
1054 1355
872 1286
2633 1135
902 1247
2061 1229
1862 1205
1663 1080
1015 1120
2404 1223
1376 1310
2076 1056
2950 1102
2866 1092
2046 1223
2640 1347
2078 1493
1542 1450
2293 1253
1998 1339
1124 1416
1124 1112
813 1247
2648 1119
574 1301
2946 1409
2105 1493
2398 1210
1457 1316
2120 1392
1185 1132
1479 1418
1838 1454
655 1446
2385 1391
843 1084
2854 1461
935 1164
1407 1034
1373 1498
1175 1362
2497 1259
1069 1452
1026 1032
2859 1044
830 1471
2805 1392
515 1064
1977 1111
938 1087
1172 1031
1815 1473
1614 1149
1356 1077
792 1015
1032 1402
1621 1354
2745 1340
791 1111
1260 1446
652 1081
503 1117
2056 1270
2624 1239
2608 1313
2511 1219
1768 1270
1011 1391
2238 1078
2089 1166
2519 1261
2764 1261
2063 1106
1115 1121
2924 1385
2221 1058
2161 1138
1594 1315
999 1424
2142 1386
1875 1246
1949 1155
2822 1449
2813 1340
969 1436
2489 1221
500 1129
1973 1114
2448 1424
2437 1439
879 1072
1094 1083
1508 1487
1358 1345
2158 1298
2901 1065
2024 1267
1775 1364
2753 1324
1967 1402
2401 1055
1039 1383
1057 1299
2801 1408
1447 1017
1993 1013
700 1101
2158 1006
2627 1477
2823 1417
1719 1401
1526 1361
1725 1390
1181 1000
1738 1467
638 1393
1487 1271
1096 1087
1711 1212
1702 1189
2049 1039
866 1257
1790 1347
2902 1417
1153 1304
1229 1472
1800 1005
2973 1404
1764 1493
2355 1105
1474 1030
1779 1391
1906 1355
2780 1331
1168 1183
915 1205
2692 1298
1897 1063
1001 1401
1758 1194
1758 1271
649 1124
573 1138
1812 1406
2445 1284
1243 1087
931 1460
886 1381
784 1122
2086 1211
2010 1219
802 1006
2103 1158
1850 1023
2382 1422
528 1334
1766 1173
1838 1077
1548 1133
2236 1171
983 1192
2392 1049
652 1208
2066 1272
1577 1312
2627 1460
1063 1138
1468 1047
952 1265
2292 1142
1928 1143
592 1007
1736 1224
1613 1363
1016 1074
1666 1471
1072 1393
2774 1055
2670 1261
1390 1353
1614 1042
2498 1174
1194 1023
2279 1009
2311 1239
2387 1334
2242 1389
820 1282
1665 1183
1380 1061
2153 1145
1765 1413
1444 1141
1746 1060
1107 1327
776 1152
2638 1208
2729 1007
653 1227
955 1111
905 1287
1402 1186
2281 1119
2273 1109
2398 1449
2352 1218
2840 1171
2894 1495
1833 1273
2573 1311
2151 1471
534 1336
587 1241
1473 1133
906 1179
2197 1107
1265 1451
1300 1366
1657 1348
2710 1053
2377 1381
1243 1263
524 1428
617 1357
1181 1303
818 1028
1324 1306
589 1111
2708 1198
1040 1029
1980 1309
643 1477
1918 1118
1183 1292
654 1188
2491 1409
943 1264
2827 1165
2885 1167
1944 1222
1918 1011
1416 1426
2013 1024
1576 1030
2878 1094
1900 1029
698 1289
795 1409
1895 1071
1821 1441
2935 1208
566 1064
2503 1411
2142 1168
2692 1299
2627 1417
1232 1024
2059 1148
1057 1038
2505 1259
2595 1466
2106 1287
2789 1142
1155 1464
1580 1187
696 1177
1215 1128
2281 1256
1077 1236
632 1178
1869 1124
725 1402
1553 1025
2756 1064
820 1363
916 1025
2130 1494
2957 1455
1913 1484
2168 1383
666 1443
831 1078
1578 1311
1918 1108
1146 1136
1146 1039
1038 1312
816 1268
942 1466
2250 1014
1053 1429
2904 1125
1115 1275
1805 1148
2193 1069
2216 1491
1737 1245
2596 1300
1098 1332
2861 1449
1580 1403
1984 1294
2427 1352
1642 1089
886 1165
2232 1276
1697 1397
1987 1284
2787 1104
2831 1303
2408 1370
606 1115
2362 1340
883 1451
1812 1309
1216 1338
1810 1473
2528 1043
765 1433
570 1148
2571 1376
1854 1428
1858 1221
1075 1041
621 1276
2348 1190
1599 1201
2242 1424
1643 1141
1875 1030
1268 1463
2710 1285
1136 1370
1424 1072
2828 1063
2385 1406
747 1189
1413 1138
1397 1068
1418 1191
2809 1063
1210 1192
1365 1341
1814 1457
2841 1059
931 1346
911 1200
1393 1016
779 1156
2846 1067
1642 1158
1270 1459
1846 1461
524 1131
1684 1254
2816 1309
1645 1174
2239 1118
1255 1201
1639 1398
1306 1133
2927 1496
2438 1186
1716 1497
2556 1187
1073 1097
1396 1341
1852 1229
2990 1377
2333 1078
1065 1191
2883 1446
1578 1069
712 1012
1468 1332
741 1115
1002 1096
1450 1295
2447 1351
880 1278
2914 1488
2944 1217
1569 1222
659 1019
2175 1275
2146 1253
1142 1484
1668 1491
2955 1412
2823 1355
2790 1420
2272 1136
1133 1192
1714 1020
2825 1012
706 1424
1263 1411
1281 1329
951 1055
608 1043
1337 1129
2262 1447
1632 1393
1445 1209
1588 1189
1567 1146
2999 1063
2249 1315
1733 1425
841 1339
2578 1469
897 1249
1763 1474
1293 1405
2875 1361
1515 1060
563 1181
2012 1113
2920 1491
889 1221
1997 1094
1234 1135
1588 1484
2134 1175
1810 1376
707 1021
625 1468
1175 1220
2989 1120
1779 1376
1761 1194
1050 1008
2468 1030
1877 1307
2661 1302
1343 1410
2030 1321
2086 1029
2061 1271
2938 1034
2005 1378
1117 1399
884 1144
2882 1326
2738 1384
954 1365
1619 1353
2959 1194
687 1194
1600 1281
1018 1420
2180 1354
1384 1190
1857 1466
1407 1305
1047 1448
756 1448
2118 1318
1003 1028
2579 1303
2379 1310
1823 1346
1809 1058
2751 1234
526 1391
1877 1386
1789 1089
743 1064
1313 1461
1326 1486
2508 1461
620 1405
1738 1118
1252 1084
1974 1057
2098 1494
2587 1412
1031 1312
2341 1266
1292 1359
2195 1271
1117 1018
2457 1124
1883 1039
729 1347
2086 1149
2712 1225
1339 1364
2224 1058
1545 1234
2342 1231
856 1275
2553 1204
1012 1452
1182 1368
1348 1090
1078 1352
2344 1417
2895 1169
2986 1122
845 1496
1708 1446
2333 1249
1065 1419
1310 1260
2857 1404
2629 1333
1101 1247
1464 1377
1651 1403
1875 1041
821 1017
706 1369
561 1105
773 1217
2779 1290
2954 1220
1804 1219
687 1442
793 1365
1436 1475
1775 1223
846 1068
919 1379
1219 1017
2753 1468
599 1486
1218 1412
1958 1393
2343 1035
2413 1295
2972 1134
1421 1462
2214 1017
2036 1377
1037 1314
1088 1248
1304 1329
2429 1429
1725 1424
1942 1383
2185 1329
2485 1229
2316 1016
1218 1097
2863 1281
1459 1129
1954 1351
1191 1443
607 1217
2114 1175
766 1268
2646 1250
1323 1362
2158 1045
1975 1291
2169 1337
893 1111
1503 1091
2489 1314
2688 1441
1566 1123
2849 1148
2145 1214
1691 1001
2052 1140
678 1338
2985 1297
786 1348
1140 1495
748 1417
1507 1228
1230 1186
961 1011
1706 1006
788 1492
1187 1451
831 1215
522 1035
1975 1218
2417 1006
1440 1183
1498 1265
1940 1457
2726 1139
2315 1167
1759 1345
2168 1220
1525 1250
1419 1127
1133 1349
1639 1100
1053 1263
1476 1005
640 1177
1146 1492
1391 1045
1842 1063
2620 1370
2370 1370
1332 1065
1750 1014
2552 1443
2576 1391
1351 1250
1351 1057
583 1043
2386 1179
1473 1110
2586 1456
2030 1138
2546 1115
1606 1102
2203 1142
1495 1226
946 1332
1194 1408
530 1336
1434 1375
1753 1332
2752 1049
1157 1431
2668 1274
926 1182
2825 1341
2447 1131
2984 1236
614 1409
1136 1449
1720 1115
1939 1139
2223 1072
2886 1008
1474 1121
1575 1399
2824 1014
2638 1019
1727 1063
2939 1364
1887 1443
1491 1374
923 1197
2070 1158
1891 1355
1228 1267
1593 1393
2015 1436
2123 1108
2524 1297
2554 1046
1597 1152
693 1213
1839 1082
1569 1455
1716 1075
2275 1022
1153 1219
2985 1182
2416 1358
1163 1409
600 1499
1078 1243
1274 1440
1120 1164
1060 1311
1345 1047
748 1072
839 1409
802 1169
1197 1101
731 1081
2976 1163
1863 1163
1220 1424
874 1346
1813 1112
2749 1045
1077 1118
2086 1108
2306 1124
2325 1264
2427 1476
1926 1198
1173 1251
1133 1376
991 1266
1368 1389
2756 1087
2645 1083
684 1112
1397 1222
2502 1405
1115 1208
1181 1034
2395 1223
2263 1251
629 1072
2389 1371
2730 1139
1942 1271
1791 1145
1167 1264
2015 1118
1065 1439
2038 1434
2822 1335
1871 1322
2342 1204
980 1251
1883 1071
550 1041
2094 1391
2540 1422
1668 1414
2323 1181
2306 1045
2491 1250
2851 1171
688 1108
2149 1084
1589 1360
2021 1013
2987 1003
2503 1363
1112 1060
1975 1233
2003 1454
1229 1088
2965 1471
2849 1139
2513 1361
1349 1051
2945 1280
1141 1330
1848 1148
634 1285
1094 1439
2776 1367
944 1467
1928 1083
2805 1050
1780 1220
1718 1480
959 1229
1107 1006
603 1164
1454 1040
503 1466
1293 1119
2584 1473
2534 1499
2333 1007
992 1080
2051 1318
1342 1408
2221 1433
1187 1447
2695 1437
1718 1227
1878 1315
1237 1178
2629 1246
2997 1367
2833 1248
1505 1145
1048 1148
2851 1229
1843 1106
836 1126
2446 1168
2504 1122
1622 1345
2295 1297
1884 1343
1902 1463
2693 1391
2366 1238
1329 1454
1483 1294
2306 1064
1204 1416
2835 1153
2986 1059
2801 1365
1584 1210
2535 1210
814 1075
1022 1005
2669 1168
1124 1061
2212 1365
2725 1213
2314 1218
2152 1206
615 1040
539 1499
1287 1254
2910 1320
2091 1140
2730 1310
2061 1145
2033 1200
1782 1459
2198 1034
2977 1182
1632 1378
831 1463
1037 1434
920 1450
2510 1215
1725 1404
1137 1358
2276 1148
2255 1491
1520 1473
1075 1104
2256 1456
614 1374
2817 1349
2702 1293
2193 1452
2823 1170
2628 1078
1272 1121
1874 1480
1436 1376
1669 1393
2970 1090
2937 1163
1848 1076
781 1405
2034 1124
1910 1142
1263 1396
1083 1421
1505 1082
2482 1274
1492 1322
863 1363
1153 1091
1540 1003
2468 1043
757 1229
608 1074
563 1299
785 1169
869 1013
1080 1336
1933 1228
1147 1036
580 1015
1111 1271
2525 1179
1500 1190
817 1357
1770 1295
515 1075
2457 1010
1879 1274
2758 1387
1712 1497
2155 1165
2316 1134
622 1204
2740 1150
1678 1405
2701 1096
2994 1248
1622 1341
1031 1130
2453 1107
1777 1185
600 1018
871 1150
1074 1478
1608 1324
2914 1225
2180 1041
1927 1306
1308 1452
2935 1002
905 1176
1565 1220
1175 1089
537 1429
2754 1498
616 1299
584 1205
2354 1209
2556 1268
2994 1172
1384 1183
957 1452
1313 1290
1897 1379
829 1495
810 1164
2976 1473
509 1446
2966 1028
1603 1310
2519 1479
1622 1305
2851 1332
1354 1261
1037 1399
2875 1073
2326 1175
1350 1299
1653 1150
1316 1496
2352 1140
2687 1262
2673 1385
2240 1465
1420 1163
759 1013
2493 1351
624 1366
1812 1342
2426 1079
1973 1411
636 1410
2939 1183
2966 1484
2559 1274
868 1359
1682 1493
2191 1230
1104 1360
854 1261
788 1179
2225 1242
1577 1085
2547 1341
1211 1242
1222 1345
1374 1444
2918 1328
695 1357
1838 1312
1599 1323
2864 1338
515 1210
573 1375
2047 1343
1837 1168
2307 1488
2128 1466
2765 1035
2330 1081
2505 1403
877 1116
2847 1151
1165 1434
1210 1219
1353 1215
2134 1242
623 1095
2893 1140
1964 1422
2479 1196
1078 1240
622 1375
2691 1478
2549 1187
1280 1431
1097 1153
2363 1427
1576 1464
962 1023
1297 1098
1145 1478
504 1012
2296 1269
917 1227
1122 1224
902 1341
756 1097
2827 1270
1242 1188
1440 1378
2688 1281
1646 1213
2263 1107
1529 1394
2871 1259
1553 1240
1952 1026
1710 1065
2419 1319
1067 1099
1279 1141
979 1033
1919 1204
1047 1140
2137 1324
2868 1480
1466 1031
948 1061
1822 1410
1239 1088
597 1320
1968 1465
627 1348
852 1352
2984 1313
557 1406
1760 1343
1806 1150
1890 1137
2368 1358
2137 1373
1707 1333
1720 1049
2494 1461
2033 1239
2239 1294
1547 1412
1622 1461
2249 1130
2942 1235
898 1181
1368 1005
1287 1442
2712 1219
1438 1356
2338 1459
1130 1428
2853 1012
1954 1493
1038 1403
1416 1340
2699 1291
1526 1432
529 1341
845 1481
1699 1257
820 1229
1799 1243
2651 1032
1107 1169
1030 1277
2001 1032
619 1092
2322 1042
2821 1031
1229 1299
973 1456
961 1141
756 1125
2145 1240
2703 1367
1720 1252
2202 1199
2469 1453
2488 1171
2357 1401
955 1198
2411 1448
2114 1073
2460 1338
2946 1086
1841 1393
2193 1160
2784 1137
1360 1405
2497 1275
2604 1214
2000 1252
2929 1298
2188 1036
1704 1262
1248 1322
1788 1480
518 1158
652 1113
1820 1256
2566 1328
1860 1274
1634 1234
1203 1313
1556 1444
532 1158
2199 1182
2139 1061
627 1039
1880 1133
1539 1101
2225 1280
1586 1071
1931 1017
2330 1169
1053 1172
1578 1166
2993 1204
2904 1227
1578 1165
2502 1464
2115 1070
2552 1261
869 1141
2284 1469
1277 1129
2497 1299
2274 1309
2823 1099
952 1105
1955 1029
1503 1171
2961 1037
2460 1340
617 1084
1758 1053
2659 1297
2067 1223
2655 1259
2584 1287
2062 1458
2485 1401
1061 1053
575 1052
2550 1179
900 1444
1058 1160
689 1120
1939 1289
2020 1166
1051 1272
1871 1006
833 1245
1227 1001
672 1213
538 1025
2996 1316
2546 1170
1199 1298
1109 1137
605 1399
1571 1280
1928 1131
537 1482
1635 1325
1596 1410
1096 1257
1393 1438
2254 1338
2888 1403
2062 1191
2191 1384
2226 1458
1958 1267
2106 1472
636 1055
2406 1227
2934 1477
909 1194
1397 1037
2853 1004
2020 1053
1482 1133
1838 1314
1626 1298
777 1133
2431 1446
2940 1067
2515 1228
2627 1241
2374 1329
2125 1498
981 1321
1220 1046
1282 1105
869 1001
1811 1491
2770 1041
1722 1407
691 1311
871 1237
1326 1063
1867 1120
2816 1324
1425 1269
1109 1234
923 1215
984 1339
1311 1292
1231 1130
1389 1144
2471 1001
2199 1017
1390 1096
2410 1126
820 1170
1354 1203
1251 1209
839 1441
1083 1098
2838 1178
1451 1082
1232 1350
2686 1023
1267 1072
2217 1078
617 1240
1184 1116
1415 1023
561 1492
2537 1050
2294 1267
2372 1306
908 1288
1036 1149
766 1474
1836 1079
964 1276
2633 1020
2456 1452
1119 1313
792 1067
1639 1401
1549 1184
2318 1337
773 1221
1026 1073
2812 1090
1303 1260
2210 1131
1265 1493
1866 1085
1639 1182
1063 1248
2979 1438
2647 1438
1581 1220
2911 1027
2820 1135
2894 1148
679 1197
2618 1417
996 1481
2601 1385
2678 1128
842 1198
865 1483
1209 1398
2434 1258
1350 1468
2877 1227
2116 1086
2429 1000
1338 1053
1527 1278
1545 1046
2721 1398
1336 1359
1024 1471
2312 1325
2074 1176
2292 1252
1724 1059
2763 1334
1877 1109
795 1110
857 1467
672 1481
1970 1463
528 1336
884 1449
2465 1301
1635 1063
2702 1098
1173 1038
861 1185
543 1347
1933 1200
2964 1495
2446 1498
2710 1256
1308 1099
2325 1205
602 1059
2973 1330
902 1479
2760 1415
2674 1128
2179 1420
2584 1140
1758 1251
2598 1153
1005 1222
964 1310
1915 1029
1963 1399
2723 1211
2504 1261
2239 1182
1751 1128
1880 1012
955 1311
2930 1016
774 1056
2728 1256
2509 1498
1978 1116
889 1374
1308 1038
2417 1256
2621 1421
2986 1181
1753 1128
1830 1348
2709 1424
1302 1303
1855 1189
2265 1010
2977 1058
2689 1228
651 1390
965 1459
2035 1330
1457 1477
2510 1425
2310 1320
2248 1075
1074 1367
1959 1418
2985 1401
1821 1426
2005 1306
1986 1254
1458 1134
613 1011
1600 1372
2999 1472
932 1426
2047 1115
2604 1347
820 1274
2200 1064
1378 1268
2565 1296
2207 1207
1017 1458
552 1259
2155 1289
2271 1440
1407 1160
1038 1128
548 1236
2394 1389
2379 1128
2457 1391
1824 1278
2744 1178
1691 1316
1491 1487
659 1278
1550 1018
1985 1277
2624 1315
507 1487
1480 1386
2857 1351
1755 1009
986 1138
2466 1311
2548 1416
1274 1336
816 1317
562 1067
2106 1229
1570 1257
2272 1276
2225 1123
2720 1239
947 1289
1764 1132
2531 1474
764 1050
2765 1180
1737 1377
541 1226
1127 1307
668 1323
2751 1095
1595 1398
2951 1291
592 1499
1219 1147
857 1200
1371 1481
2511 1255
2490 1190
851 1117
2444 1053
1800 1153
2894 1382
1711 1238
2988 1035
2926 1037
1352 1355
2439 1147
1403 1383
2650 1489
1400 1330
836 1443
1248 1291
2361 1341
751 1495
588 1081
2476 1294
2139 1403
651 1491
2862 1387
2365 1123
1899 1251
2153 1415
2984 1491
2336 1408
705 1444
1893 1206
1799 1318
1515 1186
1760 1454
1092 1271
1379 1376
1449 1380
745 1162
2345 1063
2376 1396
800 1016
2243 1026
2513 1404
727 1119
2716 1235
2223 1462
2458 1402
2300 1204
527 1340
1256 1489
1072 1010
2882 1205
1603 1190
2038 1080
2243 1052
549 1493
1882 1011
2690 1090
823 1211
1034 1381
2597 1137
1387 1149
1547 1073
2662 1072
1554 1407
776 1325
678 1294
1025 1430
1255 1362
2430 1408
1292 1434
1394 1211
1761 1393
2902 1479
2119 1444
2621 1096
2285 1035
691 1299
700 1097
2744 1424
2640 1497
1018 1342
1946 1100
2560 1438
2152 1183
965 1175
2530 1129
1673 1403
546 1297
2541 1381
1877 1093
2325 1265
1350 1407
2782 1376
1585 1322
1722 1000
2422 1141
2682 1059
2058 1284
2537 1301
2064 1094
1123 1355
1601 1099
2275 1293
2496 1126
960 1273
1731 1447
786 1161
1745 1374
2149 1253
2628 1176
732 1026
581 1443
513 1313
2956 1362
1902 1464
2160 1412
2384 1449
1529 1013
1308 1240
574 1066
1896 1414
1304 1374
909 1222
1364 1190
1352 1356
687 1408
1992 1390
1210 1211
1074 1213
2382 1393
2221 1242
2849 1468
1734 1159
2619 1142
2449 1498
2460 1027
1719 1398
2849 1371
2488 1284
2525 1388
2028 1369
1847 1222
830 1181
1979 1028
1506 1237
1223 1403
2809 1188
2425 1068
2423 1414
929 1399
1667 1215
1859 1060
2659 1344
2831 1021
1403 1105
869 1194
502 1321
1380 1494
2570 1424
2540 1007
1954 1415
2331 1350
1991 1035
2255 1454
2680 1120
2608 1224
620 1191
2959 1029
1868 1304
2891 1474
2215 1172
2820 1138
2487 1032
524 1044
2484 1127
2198 1174
2860 1029
658 1003
563 1046
909 1225
1982 1486
729 1480
2343 1119
1817 1379
2979 1194
681 1337
1497 1081
1979 1339
1687 1399
683 1385
1446 1056
519 1164
1428 1040
2153 1086
2491 1003
1535 1461
2965 1281
599 1266
628 1460
2105 1345
600 1281
722 1376
936 1404
2441 1481
1167 1281
1114 1270
1108 1216
2979 1472
2346 1199
2741 1308
1139 1336
656 1311
1337 1354
1612 1248
1506 1449
1140 1416
726 1435
2912 1354
1776 1101
581 1343
1365 1215
2975 1350
1024 1413
985 1366
2446 1192
799 1269
2376 1332
969 1098
538 1494
1430 1023
1969 1222
1689 1341
1738 1382
544 1090
1366 1137
2552 1042
2950 1479
2654 1281
1263 1463
1308 1243
1091 1051
1553 1157
2054 1113
2066 1095
2548 1354
2066 1326
2365 1163
695 1163
2282 1393
806 1060
1691 1268
2275 1245
904 1311
1485 1057
2049 1225
2381 1134
1301 1033
1889 1412
852 1446
657 1162
2222 1277
2627 1123
2306 1421
2946 1306
618 1364
2346 1006
1554 1378
2872 1126
1711 1241
1217 1385
2709 1208
2874 1304
2867 1472
1000 1012
1523 1480
2881 1249
2846 1010
1540 1200
1582 1107
1330 1427
1604 1026
590 1312
2871 1166
2847 1370
1489 1271
2148 1169
536 1298
1306 1007
2706 1188
2773 1053
2244 1093
2338 1210
2396 1123
2328 1063
2232 1330
2094 1297
2068 1473
983 1389
1235 1033
1216 1004
2951 1478
807 1237
863 1081
1635 1172
1068 1159
2120 1030
1366 1328
2679 1247
817 1310
2623 1074
1595 1423
1481 1064
1142 1016
1152 1008
1299 1183
1444 1410
1248 1035
1090 1445
2516 1191
2254 1000
785 1069
1554 1335
896 1461
2212 1421
719 1344
1127 1071
997 1324
1325 1191
656 1344
2466 1300
1131 1442
2469 1158
2265 1239
2852 1091
1763 1296
1541 1101
2804 1047
1108 1290
1611 1274
1449 1402
2192 1230
1036 1335
2351 1468
1414 1116
2289 1076
2741 1374
951 1125
2879 1350
2033 1492
2732 1122
2153 1443
2309 1370
767 1047
876 1198
878 1242
2360 1137
2241 1220
1192 1061
1568 1439
519 1264
2194 1313
648 1271
593 1176
2644 1293
2584 1095
2734 1126
2728 1266
1618 1103
2878 1361
2863 1497
682 1069
2234 1120
1258 1065
2863 1013
1923 1236
2473 1299
755 1140
1493 1194
2774 1389
1815 1163
2097 1474
2339 1169
1874 1272
825 1182
2399 1483
1366 1050
2295 1237
2314 1050
1142 1069
1196 1485
2576 1414
1973 1323
1841 1114
1575 1021
1677 1128
684 1120
1963 1490
529 1111
1762 1487
2975 1059
937 1200
522 1449
2311 1086
1107 1366
686 1443
1980 1396
1112 1411
1680 1070
826 1266
2721 1239
646 1133
1816 1375
753 1149
1160 1416
857 1024
1913 1106
1432 1009
2041 1269
1118 1357
1225 1335
949 1144
629 1114
2908 1351
2237 1221
2049 1434
1163 1493
2340 1240
2101 1460
2419 1142
934 1185
2901 1097
2903 1458
2500 1236
2009 1178
2105 1423
2806 1319
1918 1150
1733 1422
1023 1320
1181 1365
2580 1177
1801 1402
1350 1466
2127 1307
1142 1156
2676 1212
2053 1470
2503 1332
819 1206
2216 1286
1068 1396
1467 1321
2438 1429
1098 1186
1630 1091
1352 1109
1492 1171
558 1080
2007 1057
2740 1116
620 1092
2248 1493
934 1178
1581 1370
2092 1280
1611 1249
1833 1144
1049 1433
1373 1096
1217 1151
1579 1397
1796 1018
572 1458
2240 1003
935 1193
1934 1018
2132 1398
1562 1327
1734 1074
2490 1034
2146 1190
1821 1414
1613 1070
2063 1497
2585 1076
2520 1260
2306 1418
1376 1322
1770 1207
2401 1449
1692 1254
2512 1071
1916 1023
1388 1268
1035 1484
648 1414
1744 1429
2449 1279
1798 1494
2746 1043
1630 1015
866 1024
1548 1197
1182 1116
701 1410
2918 1108
1341 1230
1994 1378
712 1475
2013 1037
2957 1385
2118 1467
1893 1357
2112 1415
585 1139
1185 1076
1671 1322
2273 1222
979 1433
910 1183
2066 1410
2617 1219
880 1050
537 1278
2333 1027
2519 1232
1074 1222
1922 1095
835 1076
606 1417
1069 1449
2360 1044
1324 1024
2532 1099
1026 1163
1536 1360
2810 1379
2155 1468
2601 1456
2749 1357
2728 1218
2271 1156
1084 1129
2327 1155
2423 1230
2205 1475
1382 1324
1144 1032
1686 1285
514 1268
2781 1470
2836 1488
911 1102
1406 1303
835 1269
2749 1121
2452 1243
2940 1308
1078 1317
2011 1161
1596 1365
802 1398
1431 1237
697 1113
1467 1050
1320 1204
906 1451
2384 1264
2517 1166
2697 1335
2629 1037
1862 1473
2177 1358
2447 1221
806 1145
2282 1281
1599 1086
1991 1270
2912 1248
603 1275
605 1104
2916 1162
1497 1003
1230 1369
2566 1264
1250 1203
2195 1417
2841 1164
2893 1240
2714 1289
2254 1013
2617 1474
1588 1178
1925 1297
645 1219
2321 1210
2196 1184
1850 1276
2490 1003
2221 1282
2889 1243
629 1401
1269 1314
1898 1107
1086 1072
2447 1356
2199 1114
556 1141
1217 1378
1498 1342
2454 1265
1789 1074
645 1413
1553 1425
2642 1255
901 1012
2383 1401
667 1327
1844 1027
2705 1110
2206 1215
1260 1125
921 1169
2363 1463
2686 1154
1974 1330
1172 1053
2219 1103
1787 1293
2035 1285
1694 1109
951 1264
685 1104
1744 1081
1009 1021
1742 1036
702 1372
2864 1353
1231 1043
2813 1269
2078 1041
1789 1129
1583 1431
2933 1312
866 1479
2811 1169
2221 1292
2323 1296
540 1423
1834 1041
895 1209
2871 1326
1153 1311
1495 1384
708 1062
1428 1037
578 1109
2504 1293
2810 1452
980 1127
1169 1349
1759 1277
795 1356
1773 1194
1215 1392
573 1481
1472 1374
2892 1450
2901 1115
1622 1106
1088 1351
1347 1099
2080 1464
1916 1334
740 1380
726 1383
1019 1111
2611 1454
1207 1482
2244 1248
1301 1173
2342 1386
745 1439
1651 1341
2326 1221
1166 1177
2321 1143
2105 1164
2868 1092
1732 1236
2565 1461
2776 1145
1004 1040
1733 1272
1444 1400
1985 1039
1929 1466
2547 1105
1678 1268
1224 1146
1975 1053
825 1320
2268 1048
2965 1406
610 1442
523 1149
660 1393
1296 1251
2544 1042
1885 1201
1287 1254
2241 1105
1643 1011
2889 1414
515 1109
2747 1002
2208 1451
541 1428
2355 1254
537 1248
2213 1242
1597 1453
1106 1287
560 1192
827 1082
2389 1476
669 1339
1577 1052
2448 1063
2123 1289
2844 1288
522 1249
2117 1005
1864 1465
1270 1006
792 1345
560 1018
1473 1375
2770 1229
2257 1405
608 1152
1489 1066
728 1477
2849 1054
2313 1448
605 1216
2123 1453
1060 1087
1336 1306
1163 1368
836 1059
2845 1397
525 1323
2880 1390
676 1123
2398 1249
1540 1335
1877 1328
1883 1278
1085 1373
2428 1486
2564 1230
1228 1448
1003 1167
733 1462
714 1209
564 1385
1703 1315
2300 1096
2599 1019
1725 1473
2579 1164
877 1034
683 1190
2285 1093
1021 1082
1968 1359
2419 1074
1071 1055
1138 1052
1760 1384
2824 1332
557 1136
1598 1307
2410 1470
2309 1176
2125 1058
2484 1300
2411 1444
1777 1002
2773 1232
1503 1045
2658 1135
2819 1139
898 1490
1490 1082
944 1075
2046 1164
1024 1163
720 1321
734 1022
1383 1340
1651 1216
2853 1304
2138 1403
1998 1143
1952 1077
2727 1479
1601 1084
2941 1115
1032 1297
2106 1348
1804 1332
748 1411
1807 1451
2515 1474
1239 1084
531 1440
2373 1494
2465 1082
2249 1263
2512 1180
2406 1451
2029 1041
1547 1459
2686 1022
1132 1483
2241 1303
1361 1030
603 1310
2766 1045
2184 1397
841 1043
1118 1214
1442 1015
2959 1025
690 1325
1977 1169
2346 1324
2881 1205
1536 1274
2483 1429
1314 1364
2835 1218
702 1051
874 1315
1223 1018
1231 1236
1254 1314
1349 1230
2025 1388
1142 1291
805 1273
1847 1403
2612 1112
2833 1399
731 1022
2271 1430
552 1345
626 1463
983 1475
2358 1310
1081 1004
1595 1437
1708 1062
2700 1226
1969 1281
2782 1305
976 1190
2328 1384
2436 1137
1880 1008
1007 1019
1357 1136
2755 1045
1894 1274
1238 1001
1487 1019
2112 1123
1971 1355
1085 1367
1507 1321
1556 1249
1072 1309
2937 1498
2302 1491
2055 1393
1367 1424
1898 1283
2257 1290
1024 1401
1083 1392
1363 1323
2453 1124
2606 1302
1900 1167
1798 1040
1781 1261
2432 1011
838 1077
2305 1372
2351 1388
1096 1431
1484 1309
1330 1269
2354 1042
1962 1007
2651 1192
2217 1072
2900 1293
2121 1052
748 1162
584 1011
1282 1491
891 1346
805 1161
2215 1395
2861 1176
1933 1278
524 1138
502 1387
2461 1393
502 1103
2916 1411
2744 1099
2161 1382
1127 1430
2556 1064
769 1035
1487 1319
2768 1007
1615 1235
1748 1092
1716 1369
1036 1220
833 1298
2807 1120
1696 1469
1793 1439
1706 1309
1296 1262
1388 1134
1498 1376
1384 1363
962 1034
1525 1018
2009 1004
1263 1334
733 1392
2178 1181
1900 1432
1100 1205
1391 1399
1330 1471
2654 1049
2216 1140
910 1014
1884 1371
1256 1206
2296 1325
2464 1299
990 1267
1253 1204
2176 1201
1708 1035
917 1085
1847 1044
2992 1129
1407 1485
800 1221
2904 1007
1772 1316
1995 1099
2623 1148
1734 1102
1686 1155
2529 1493
501 1315
2315 1428
1568 1183
896 1113
2462 1043
1950 1139
982 1038
1515 1405
1963 1248
630 1007
1209 1241
769 1140
1734 1202
2923 1408
850 1041
1318 1435
2011 1176
713 1075
1839 1360
2864 1218
1803 1078
1804 1103
2535 1114
1648 1172
1057 1163
2330 1061
2200 1289
1537 1087
1795 1273
2959 1050
1536 1133
2917 1233
2729 1282
2986 1122
1067 1131
963 1030
951 1115
2237 1463
639 1175
2369 1199
1778 1156
2006 1060
1048 1424
1669 1478
1018 1450
1264 1244
1086 1324
1471 1209
1927 1019
2536 1122
1975 1213
879 1137
2444 1343
852 1319
1417 1394
1221 1257
853 1476
2590 1216
1789 1180
1138 1364
2635 1176
2901 1035
1508 1152
2797 1084
1795 1199
2071 1098
1607 1369
1284 1321
975 1310
565 1035
1537 1286
717 1115
1194 1358
2505 1102
1966 1288
2619 1426
2214 1051
1949 1491
2967 1047
802 1416
653 1199
750 1499
1535 1143
608 1213
2591 1245
1727 1019
1301 1052
1597 1193
2852 1468
1734 1370
2945 1381
2892 1439
666 1230
1024 1177
986 1452
1120 1383
1783 1299
2344 1110
1496 1477
1709 1412
1423 1475
684 1221
2960 1025
514 1105
2095 1277
1301 1003
1229 1370
2700 1498
2656 1399
2166 1409
2397 1110
1157 1466
2379 1171
581 1252
1610 1243
1620 1163
1714 1390
1733 1300
1590 1485
2682 1129
551 1250
1246 1243
1049 1402
825 1298
826 1447
932 1082
2590 1321
1582 1190
656 1418
2756 1043
1059 1062
1785 1167
1550 1438
2286 1394
1345 1435
554 1166
1958 1311
2125 1068
1983 1254
2362 1128
512 1141
1976 1200
1542 1492
639 1176
1604 1127
695 1343
1358 1091
806 1348
2298 1035
2578 1106
2291 1287
2465 1094
2032 1276
735 1393
1577 1366
847 1051
1456 1201
911 1278
2037 1146
2223 1164
2050 1041
601 1350
2703 1457
1687 1296
2419 1195
792 1053
1066 1332
2805 1164
600 1109
752 1499
2392 1201
2611 1050
2356 1125
2519 1009
2638 1424
2167 1177
2023 1277
1905 1292
1767 1046
2119 1237
1874 1288
1093 1192
547 1136
2402 1272
1105 1168
903 1058
1318 1129
656 1126
2534 1475
2511 1068
2275 1441
2217 1490
1454 1310
2331 1456
1969 1085
1744 1459
2182 1034
2275 1077
1700 1318
1918 1332
2038 1132
2718 1257
1272 1004
2535 1101
783 1219
2709 1246
821 1077
2462 1328
1280 1336
632 1467
1610 1135
2937 1140
756 1348
2711 1336
942 1406
1784 1296
701 1090
2117 1354
2889 1095
1355 1333
1818 1347
2577 1025
2716 1460
1552 1407
2328 1474
2503 1198
1937 1244
916 1072
2499 1244
2028 1334
2915 1078
2853 1276
2772 1114
617 1254
505 1289
2546 1495
1287 1095
1923 1292
2536 1261
898 1284
2091 1263
1390 1393
2456 1474
2157 1186
2814 1344
1722 1245
745 1482
2977 1496
1869 1496
2544 1268
1551 1446
1091 1338
1876 1263
1667 1030
2352 1069
1110 1060
1586 1262
2762 1397
2458 1182
1524 1102
1023 1202
2493 1038
828 1157
1157 1084
1083 1104
2064 1404
2683 1036
1632 1387
1775 1113
2043 1070
2707 1261
2401 1495
2869 1417
1315 1423
602 1080
511 1482
1042 1010
1894 1439
1651 1466
1365 1106
2532 1005
1274 1469
1585 1138
2282 1194
2716 1410
2274 1085
2145 1209
1367 1086
2855 1402
1383 1347
2704 1474
2738 1353
2576 1215
2391 1088
838 1315
2968 1479
1500 1482
2311 1004
2302 1390
1414 1011
2591 1389
2291 1242
2294 1269
613 1106
1222 1421
2474 1134
1715 1131
1261 1172
1981 1478
742 1214
654 1366
2323 1166
1669 1431
1929 1366
1146 1097
1908 1434
902 1411
2792 1338
1222 1497
1147 1141
2528 1461
536 1418
564 1436
1367 1093
2505 1297
501 1475
1808 1180
2943 1359
2001 1167
2376 1335
1316 1223
1227 1174
1634 1487
2050 1306
1724 1214
2731 1491
837 1224
2335 1210
1576 1005
2852 1457
2062 1107
2820 1124
602 1475
2911 1159
2490 1053
2352 1475
2311 1459
2152 1320
1766 1221
2369 1138
2425 1191
1497 1411
1694 1070
2786 1452
970 1060
1044 1243
2370 1217
1331 1022
2178 1035
1278 1246
952 1344
2958 1057
671 1313
2006 1143
1038 1304
1339 1354
1187 1175
2875 1468
595 1146
2735 1268
527 1373
2145 1308
822 1151
784 1229
1011 1071
2110 1149
1466 1356
2849 1392
726 1267
1182 1476
2183 1309
2004 1332
676 1159
2795 1494
1825 1147
2744 1183
1712 1252
2343 1275
1754 1433
2447 1154
669 1439
778 1334
1731 1137
1088 1032
2945 1173
1002 1345
1362 1240
1982 1112
1197 1272
1205 1174
2462 1384
1964 1358
1960 1090
1756 1139
1405 1096
502 1087
1370 1107
1435 1318
2220 1248
2060 1234
1281 1496
1402 1290
2052 1038
2321 1388
1548 1035
2467 1082
912 1408
557 1270
1445 1130
2448 1182
1292 1162
1131 1499
1413 1467
2268 1248
924 1368
1868 1287
2679 1091
915 1132
2951 1308
2053 1263
2135 1421
2399 1376
989 1324
999 1325
977 1059
1260 1218
1981 1110
2243 1172
833 1105
2546 1169
2463 1472
946 1387
585 1264
925 1115
1500 1376
2224 1382
943 1283
855 1363
1185 1102
2416 1286
638 1435
1364 1360
668 1037
2300 1097
2849 1153
1819 1198
1450 1249
2611 1156
612 1309
2475 1365
642 1344
2625 1411
2393 1297
2786 1366
2607 1288
786 1376
1404 1286
1304 1367
1924 1019
1125 1461
1798 1039
877 1344
1740 1076
2251 1126
2736 1371
1112 1263
524 1200
2798 1257
1806 1108
515 1181
2698 1352
1538 1438
1915 1033
2419 1435
2077 1496
2937 1407
1656 1345
2954 1040
587 1271
2938 1277
1361 1431
2704 1270
1978 1093
2263 1013
2055 1046
2928 1106
1038 1414
1138 1195
1148 1415
2998 1432
1740 1462
2242 1351
1456 1334
2318 1131
795 1122
1211 1139
1276 1106
1117 1241
1185 1423
1649 1236
1565 1067
827 1166
2658 1018
1488 1474
1145 1017
2078 1201
1480 1184
2959 1306
1381 1469
1108 1161
1433 1129
965 1145
2328 1462
2548 1299
1821 1253
738 1139
2627 1049
2034 1106
1927 1339
2961 1425
1365 1095
2575 1120
2211 1293
2329 1355
583 1175
1187 1079
2921 1371
1367 1261
2512 1357
1938 1479
716 1307
1031 1057
2711 1227
2025 1098
1704 1484
2819 1092
2651 1022
967 1273
508 1156
1357 1408
939 1466
1616 1324
1683 1206
2720 1309
695 1379
2929 1183
2503 1081
2439 1285
1609 1033
2009 1247
1580 1411
2188 1267
1774 1356
701 1407
2178 1236
2948 1497
2737 1315
2993 1005
2961 1012
1550 1233
792 1084
2181 1409
2717 1022
1463 1334
928 1183
2934 1241
1797 1410
859 1192
632 1074
1523 1002
2517 1052
797 1306
1101 1483
1930 1354
2149 1349
873 1495
1231 1166
1029 1283
2496 1477
1345 1489
2821 1165
2820 1011
1581 1297
2378 1062
2016 1342
1070 1409
984 1179
1133 1215
1655 1159
1794 1288
1249 1150
686 1460
1520 1421
2303 1125
2801 1245
1843 1155
2449 1137
1366 1160
1388 1133
1957 1043
1461 1184
2892 1371
2695 1476
596 1366
1572 1329
2348 1085
1759 1333
1705 1224
2855 1456
978 1072
1583 1139
2347 1385
1857 1237
2773 1234
2101 1371
889 1482
526 1265
2268 1281
2621 1008
2445 1215
2097 1074
2988 1189
1683 1134
2601 1279
2463 1211
2561 1147
828 1339
1399 1018
2404 1398
2357 1029
2311 1032
725 1090
2906 1197
780 1385
1258 1334
781 1440
1122 1002
2542 1115
1471 1439
1974 1022
1330 1458
2160 1473
2739 1227
2384 1025
1126 1264
814 1443
1479 1134
919 1057
2422 1407
1935 1373
2578 1265
1625 1366
2251 1308
2704 1102
691 1473
2116 1111
743 1225
1776 1209
744 1456
1859 1166
2559 1111
2331 1214
2539 1220
575 1185
1405 1110
1794 1093
2295 1492
2824 1189
1864 1046
520 1403
1948 1485
1624 1344
1968 1024
917 1242
787 1425
1279 1062
2036 1259
2973 1250
2056 1476
2395 1457
1164 1395
1142 1404
1152 1100
898 1488
1625 1241
579 1228
2194 1396
2933 1288
2938 1239
2830 1401
2763 1199
2305 1497
1373 1390
1950 1040
1870 1285
1527 1297
2534 1385
1353 1273
1641 1016
2176 1006
2481 1336
1021 1005
2738 1028
514 1337
2958 1040
2529 1087
2072 1015
958 1243
2600 1360
835 1299
1631 1386
2741 1447
1893 1430
2239 1125
700 1105
1579 1190
1789 1180
1558 1083
1859 1198
1143 1436
2615 1302
2161 1303
1374 1167
921 1178
598 1025
2068 1172
2612 1460
2059 1458
2022 1302
1444 1243
2917 1159
1245 1494
1688 1452
2026 1253
2456 1363
2374 1133
1472 1300
1200 1243
2455 1233
1101 1332
602 1168
2429 1414
1462 1471
1707 1483
2068 1214
2343 1386
1433 1451
1689 1009
1173 1397
2895 1111
1066 1073
1293 1050
1506 1019
1085 1393
1902 1463
2849 1489
2996 1155
1983 1383
872 1247
846 1017
2509 1234
1311 1017
2011 1038
1916 1410
1020 1466
2251 1349
2313 1356
2717 1092
2476 1279
1134 1397
875 1335
1760 1216
2015 1123
2865 1123
619 1227
2124 1270
2971 1476
2331 1244
1481 1039
2673 1197
2733 1211
1549 1271
1197 1472
1144 1427
2454 1464
649 1476
2844 1076
1520 1392
1632 1292
752 1485
1436 1264
1896 1096
648 1334
2976 1410
2861 1083
765 1071
2776 1448
2734 1252
1704 1486
2392 1102
947 1043
897 1091
1686 1313
2620 1143
1642 1242
1167 1310
2032 1250
712 1307
2851 1083
587 1401
2168 1494
2099 1308
2549 1113
950 1408
2182 1428
2871 1411
2466 1186
2592 1209
2392 1054
1701 1499
2225 1239
2978 1333
1080 1352
1709 1376
2720 1415
768 1078
2844 1343
1113 1451
921 1086
730 1460
560 1388
2941 1290
1530 1212
1586 1488
709 1054
1875 1357
2297 1304
761 1310
2944 1209
2404 1252
858 1322
1346 1060
557 1212
1937 1261
2012 1142
824 1228
1982 1072
2878 1364
1683 1069
2481 1129
580 1102
844 1349
1032 1303
2797 1191
2639 1138
1830 1191
2508 1336
1915 1065
2803 1476
940 1015
1244 1462
2844 1163
778 1453
720 1179
2077 1315
2185 1397
2646 1052
1213 1168
2643 1455
2712 1045
1324 1086
1049 1133
2422 1080
1504 1377
2774 1180
2499 1458
1487 1131
2631 1223
773 1478
2456 1053
942 1482
1086 1273
1612 1421
2455 1318
1336 1079
552 1349
2237 1096
2783 1458
910 1016
2721 1265
1795 1411
2135 1304
1543 1404
2887 1179
1280 1439
2279 1361
504 1095
2714 1428
2857 1431
770 1137
1630 1473
1652 1069
1018 1355
2431 1497
1041 1036
2639 1437
1620 1123
1444 1396
853 1337
2413 1123
1691 1252
1520 1275
2735 1075
2383 1200
2873 1452
1604 1381
1849 1432
2831 1225
1577 1291
1736 1269
1127 1209
2035 1350
2132 1132
1071 1470
1772 1260
648 1215
2880 1458
1786 1349
2618 1411
1434 1466
1690 1050
2007 1199
745 1490
1426 1395
1022 1352
2515 1273
1606 1248
1172 1013
2586 1389
1634 1291
1939 1083
2882 1090
2811 1160
2098 1447
2779 1348
2252 1060
581 1024
1115 1094
1123 1163
914 1369
1822 1439
2337 1366
1301 1163
984 1277
2799 1157
2859 1196
2166 1191
1768 1390
1423 1191
1266 1172
1920 1481
2550 1275
1886 1332
1277 1437
1164 1466
706 1323
652 1389
1673 1413
1999 1261
1598 1029
923 1014
2677 1228
2230 1490
1378 1159
1873 1086
1591 1193
1931 1356
2761 1031
1041 1364
1191 1285
753 1291
2126 1084
999 1399
580 1097
1029 1314
2184 1249
2073 1207
1971 1457
1497 1217
2432 1006
2309 1299
786 1004
735 1493
2700 1370
1285 1458
2910 1426
1481 1067
2074 1390
2475 1343
2216 1405
2620 1242
751 1157
644 1020
1861 1429
966 1024
2502 1259
2983 1233
1363 1090
2329 1069
1100 1122
1629 1136
1992 1035
2945 1208
2610 1217
1590 1384
2779 1464
1229 1398
1305 1333
2906 1250
2660 1303
2071 1167
616 1073
2012 1188
2854 1047
1385 1311
1343 1155
1386 1057
849 1168
2799 1340
2807 1277
2002 1322
1441 1291
872 1213
2894 1431
2053 1465
2338 1425
1550 1023
2694 1072
2875 1054
1436 1390
672 1444
1443 1410
2836 1466
2746 1428
2965 1245
1988 1327
1634 1116
2736 1149
773 1131
1643 1446
1745 1437
1703 1305
1283 1288
2212 1459
1667 1345
1938 1378
1498 1354
1120 1407
2029 1033
2738 1048
2729 1299
1629 1434
1588 1463
1938 1382
1095 1276
1335 1095
696 1092
2625 1199
2684 1089
947 1481
2339 1329
662 1346
1902 1422
2833 1289
617 1497
2973 1490
1520 1025
2659 1227
526 1372
1665 1419
2205 1458
985 1047
2565 1223
1303 1296
1476 1298
2697 1437
2332 1059
2390 1233
1672 1112
2441 1191
1356 1221
1695 1189
1097 1179
791 1247
2256 1236
2993 1158
1825 1001
1375 1173
1105 1147
697 1071
531 1056
718 1334
1276 1045
1084 1470
1745 1453
2204 1445
2514 1301
900 1002
860 1121
2520 1336
2806 1203
2144 1346
2212 1424
2344 1083
1366 1234
1919 1223
1384 1133
1611 1047
2322 1331
1481 1242
600 1443
1163 1141
2656 1195
1792 1477
1978 1169
2344 1024
529 1476
2262 1432
2261 1108
1098 1022
2647 1294
2977 1474
1697 1217
1508 1187
2846 1230
2145 1068
2081 1021
1982 1378
1613 1258
2035 1155
602 1299
2407 1127
2849 1092
595 1098
1754 1375
652 1238
1618 1127
889 1331
698 1472
906 1106
1140 1313
2538 1280
2618 1214
1771 1246
2344 1061
561 1100
1731 1145
2311 1108
2932 1483
2066 1004
1276 1323
1007 1296
2470 1271
718 1225
2575 1275
841 1216
2473 1253
2349 1206
1391 1315
1966 1421
1875 1035
1481 1314
2909 1142
524 1230
1112 1417
2502 1313
801 1200
2032 1119
2033 1289
1646 1254
1611 1440
2137 1357
1093 1272
501 1244
1959 1308
2767 1054
596 1025
2991 1343
714 1135
2352 1081
2173 1045
1742 1187
2821 1402
1168 1480
1858 1265
2231 1340
2848 1118
2641 1386
1295 1374
2877 1129
1169 1184
2929 1146
2705 1392
2575 1198
1239 1302
2941 1136
1036 1302
2585 1058
2210 1190
1615 1118
714 1186
1157 1138
1529 1067
2414 1028
1749 1223
1914 1038
2459 1336
1933 1243
2789 1035
795 1439
2536 1210
1954 1268
2649 1249
1376 1113
1064 1427
1411 1399
1258 1404
2360 1165
1232 1121
2750 1137
2498 1316
2401 1277
956 1044
853 1059
543 1147
2276 1390
1284 1003
806 1014
1474 1121
2952 1230
1599 1172
995 1214
2323 1493
1507 1311
2017 1264
2135 1433
2711 1360
2358 1174
2519 1260
806 1246
923 1371
629 1180
2886 1289
2403 1204
2020 1281
547 1058
1113 1350
1022 1405
2800 1109
1742 1465
999 1190
2156 1145
1013 1375
1979 1334
1848 1206
2037 1433
1417 1402
1275 1155
854 1150
1420 1313
667 1409
2243 1105
1761 1071
1015 1209
2462 1003
2565 1289
2945 1106
2854 1313
1754 1218
2561 1055
2256 1302
1430 1455
1258 1249
526 1315
1722 1181
2616 1152
1979 1230
2560 1278
1405 1033
2594 1120
700 1202
2033 1033
2534 1312
1281 1066
2331 1175
1952 1139
522 1452
1741 1009
1045 1027
1072 1138
649 1454
2983 1431
1714 1020
2196 1441
1028 1495
1047 1235
849 1366
2088 1406
1196 1213
2541 1129
1257 1467
2590 1346
998 1045
777 1264
2693 1120
659 1111
2787 1497
2909 1195
757 1245
2223 1258
2833 1012
2253 1170
1049 1489
533 1495
849 1349
2153 1078
1310 1019
616 1036
2845 1077
1639 1015
911 1327
2968 1095
2770 1238
2291 1021
1718 1007
2701 1107
2114 1400
1567 1283
2228 1298
1989 1347
836 1481
1213 1391
1312 1252
2984 1024
587 1223
2268 1008
1348 1178
805 1362
548 1356
739 1322
2762 1368
1052 1135
2181 1077
1877 1353
2801 1474
532 1263
2131 1188
1221 1222
1673 1401
2361 1174
972 1078
2629 1101
1570 1476
1984 1355
2922 1473
1572 1072
2959 1004
905 1192
1316 1279
1392 1008
1102 1200
1233 1119
2069 1170
2061 1389
1355 1459
2198 1166
2163 1009
561 1286
2710 1123
1928 1014
2728 1223
2176 1320
1039 1123
2044 1412
1901 1424
1646 1457
2790 1378
614 1180
2850 1287
2757 1014
587 1491
1031 1495
1576 1059
2501 1464
1275 1300
2936 1394
2393 1136
2876 1481
2791 1249
1748 1071
2391 1234
835 1154
2330 1447
2688 1028
655 1322
2963 1386
1685 1091
2090 1444
1054 1103
2468 1313
2257 1271
2501 1026
2593 1138
2462 1285
541 1113
1576 1098
535 1489
2383 1171
1018 1299
568 1361
664 1212
1202 1461
859 1220
2115 1072
1796 1396
594 1197
1416 1379
2180 1288
791 1136
2789 1288
2026 1478
2153 1073
2076 1158
1708 1326
1677 1465
793 1068
2580 1393
2086 1341
2418 1417
1567 1179
2150 1499
1004 1314
1876 1408
2151 1132
1407 1382
2850 1422
1682 1039
768 1272
2833 1342
2029 1235
929 1208
1344 1223
2963 1073
1000 1369
1359 1382
1779 1308
2535 1205
1943 1434
2859 1085
2455 1272
696 1080
2254 1142
825 1431
1706 1221
2920 1273
1920 1050
1395 1138
1294 1217
1532 1487
2892 1009
1520 1123
768 1237
2280 1116
766 1445
2205 1189
2259 1219
1689 1164
1313 1255
2474 1161
1932 1233
2369 1004
2300 1478
1746 1325
1440 1401
2733 1295
2614 1435
2594 1169
1979 1188
1425 1248
2328 1150
2462 1045
2792 1197
1754 1224
2724 1294
2712 1327
2986 1134
1166 1237
783 1217
2595 1411
1099 1263
603 1114
2390 1198
1423 1134
724 1238
2077 1461
907 1245
1975 1345
2079 1114
2576 1428
2843 1041
980 1179
723 1000
2629 1389
2041 1244
2983 1307
1941 1304
2242 1032
2417 1492
1801 1240
2831 1448
1530 1264
1856 1257
2206 1000
670 1221
2840 1328
1865 1176
1448 1008
1053 1460
1142 1095
2038 1229
2146 1102
2359 1040
2543 1412
1813 1470
981 1237
1905 1482
592 1470
2747 1447
2364 1288
2313 1084
794 1195
625 1372
1349 1182
1283 1025
736 1411
797 1184
1804 1292
709 1181
2334 1047
1006 1382
1515 1478
1649 1320
517 1243
918 1199
1758 1260
1521 1103
1981 1406
2414 1001
2528 1141
2348 1006
1317 1012
629 1087
2952 1246
954 1159
606 1373
699 1403
2212 1182
549 1189
2628 1371
1423 1249
1953 1371
790 1193
2208 1148
993 1161
1783 1275
1657 1242
2329 1462
1367 1171
1641 1129
1388 1201
2176 1227
1537 1061
2699 1017
1246 1197
2147 1225
2634 1004
2301 1026
797 1283
2542 1028
2773 1364
2824 1011
729 1399
835 1019
1563 1059
1943 1341
1760 1173
637 1455
2766 1377
2660 1133
630 1252
1832 1290
983 1050
557 1178
929 1222
933 1246
1678 1058
740 1168
1589 1489
2414 1369
1727 1472
2671 1494
2564 1192
2178 1362
1339 1362
1769 1021
1008 1162
2645 1248
1104 1423
1424 1426
2968 1271
2937 1464
2573 1226
536 1022
2083 1353
1373 1014
2849 1123
1061 1340
1934 1334
889 1246
1275 1098
2239 1128
1349 1259
728 1129
1516 1363
2339 1425
2535 1269
1053 1055
2870 1358
1880 1348
782 1096
2310 1215
1154 1478
2066 1228
570 1305
2627 1100
614 1081
2009 1346
1728 1438
2126 1235
957 1271
2565 1161
1543 1490
832 1380
505 1074
1297 1488
594 1488
2414 1380
637 1374
1576 1081
2069 1375
1661 1194
710 1238
2650 1023
1671 1450
585 1440
2554 1145
1689 1072
550 1015
2350 1321
2706 1245
576 1153
774 1408
2213 1041
2019 1094
835 1023
1566 1181
1426 1312
2610 1378
1810 1461
2369 1084
2233 1288
1220 1140
557 1182
1965 1479
891 1426
2724 1274
2159 1292
2798 1412
1132 1273
616 1407
1785 1307
2843 1161
822 1395
2361 1002
1806 1015
1167 1041
1891 1207
2693 1401
1153 1479
1152 1440
1397 1156
726 1144
1236 1480
1934 1307
2567 1450
683 1159
2298 1027
727 1348
1125 1286
848 1109
2435 1351
1199 1462
2529 1418
2477 1254
2779 1209
594 1403
1918 1497
826 1013
2109 1457
2118 1244
1147 1160
1741 1256
930 1315
1557 1034
2595 1262
2021 1185
2382 1444
2372 1441
897 1317
2577 1340
2413 1407
634 1384
821 1032
2311 1117
535 1241
1348 1057
1481 1498
1779 1001
1523 1331
2381 1239
2797 1079
1682 1431
1841 1080
2314 1147
839 1165
1803 1175
2163 1399
2214 1458
1155 1027
1977 1021
2408 1017
2844 1204
1013 1248
1819 1211
2015 1216
2916 1226
2318 1325
515 1154
2579 1378
2116 1031
894 1100
2792 1393
509 1118
944 1443
801 1443
735 1319
2244 1450
1685 1346
1388 1189
1671 1300
1668 1254
883 1268
752 1482
1649 1461
1480 1053
2442 1143
862 1165
830 1413
1607 1265
707 1013
2240 1233
1391 1163
1091 1320
576 1155
2860 1259
1920 1010
1948 1140
829 1165
1846 1240
2581 1416
2116 1000
970 1023
820 1287
2889 1173
1907 1475
2189 1255
2581 1233
1505 1375
2767 1301
2737 1309
982 1420
1516 1377
720 1229
1125 1422
1068 1265
2922 1464
912 1453
1670 1147
1710 1410
2012 1386
555 1000
2945 1101
2725 1246
1129 1294
1091 1327
1275 1110
1741 1228
2777 1403
770 1332
1999 1451
1182 1159
2900 1085
2343 1377
1543 1324
2157 1201
1331 1405
936 1384
2019 1391
932 1198
1101 1493
1465 1489
771 1056
1962 1052
2875 1058
721 1116
2552 1290
880 1006
1977 1317
741 1196
2247 1196
753 1477
2472 1164
565 1434
2471 1079
2973 1177
825 1247
2707 1345
1110 1154
2012 1077
729 1051
740 1243
2651 1377
2746 1281
2849 1276
2640 1362
830 1135
2916 1117
2605 1385
579 1014
1232 1175
1918 1164
1370 1148
2058 1496
1074 1161
1431 1254
617 1413
1568 1114
1407 1441
2620 1131
2010 1491
2242 1223
1243 1146
2631 1180
2455 1066
2847 1301
2382 1032
1942 1427
857 1273
693 1319
2643 1484
1924 1473
2858 1499
1544 1423
2606 1320
2137 1474
2088 1348
1453 1261
656 1053
2726 1135
2030 1177
617 1084
746 1058
676 1360
2097 1122
1896 1313
606 1189
729 1463
2537 1077
2328 1004
1492 1098
1844 1207
700 1406
2878 1374
2070 1242
1449 1004
667 1137
2515 1053
1162 1422
2594 1093
599 1005
1471 1359
703 1475
1507 1416
935 1268
2385 1328
2651 1340
1543 1408
721 1317
2985 1434
1264 1465
1060 1255
1304 1482
2179 1195
2581 1217
1016 1307
1755 1490
2026 1493
2102 1058
1859 1324
2154 1249
857 1168
2104 1452
1884 1132
2126 1196
2075 1221
1932 1476
1342 1030
2531 1311
891 1318
1794 1379
854 1160
1677 1175
1628 1373
1365 1196
1630 1313
2019 1107
1462 1303
2279 1038
2917 1183
1094 1014
667 1303
2235 1346
1703 1297
1594 1185
2689 1255
2797 1330
1184 1485
1606 1490
2558 1104
1944 1122
714 1156
2431 1204
1641 1038
2742 1461
1466 1072
955 1119
2408 1436
1180 1343
2553 1187
1954 1254
827 1167
808 1263
551 1431
2888 1065
1048 1225
2232 1328
1943 1318
1546 1363
2112 1002
1803 1184
2190 1028
1579 1478
1440 1483
2001 1264
2239 1185
1632 1287
943 1239
1722 1217
1489 1004
1837 1467
2698 1439
783 1469
2382 1071
2905 1450
2035 1376
2417 1299
1721 1078
1023 1480
777 1357
840 1272
785 1213
2721 1130
787 1297
2965 1447
1157 1352
1686 1277
2821 1155
2931 1117
2294 1180
1117 1188
1675 1211
1989 1409
1306 1102
2695 1452
2600 1312
2179 1172
1902 1191
2799 1106
1221 1196
1392 1458
1175 1148
1853 1332
2550 1487
2656 1339
554 1232
619 1302
1940 1032
657 1023
2679 1118
2513 1279
2857 1422
1549 1164
1733 1207
1672 1103
2277 1373
2309 1343
887 1341
1031 1286
2166 1297
2774 1421
1567 1497
2169 1018
602 1483
2625 1421
1981 1076
2042 1362
565 1483
1876 1040
2714 1309
2391 1447
947 1177
2232 1374
2699 1245
1295 1327
1315 1335
2348 1092
711 1094
991 1441
2820 1315
2627 1029
2965 1273
2801 1108
1131 1442
650 1037
1889 1427
506 1394
584 1224
745 1478
2312 1186
673 1412
868 1031
1211 1058
2632 1379
2627 1424
1058 1270
2506 1349
2252 1485
2973 1058
1233 1043
1430 1386
2663 1281
895 1373
1197 1171
2366 1439
592 1106
1161 1398
2211 1368
890 1068
1387 1310
2412 1176
2477 1277
1211 1314
790 1313
2377 1435
1807 1009
2671 1479
1642 1071
1456 1132
1694 1208
2944 1415
710 1323
505 1300
898 1366
2045 1396
1497 1096
2540 1420
1027 1114
2396 1299
626 1498
2785 1305
1412 1322
1433 1372
1790 1287
2341 1172
2199 1169
1195 1210
2384 1090
2067 1263
2663 1128
1772 1434
762 1466
1806 1283
1089 1443
1067 1142
2470 1037
834 1337
1420 1344
2398 1063
1112 1261
2061 1026
2359 1193
2859 1365
701 1168
949 1119
1050 1055
2545 1056
1197 1477
2918 1066
2765 1454
1693 1486
1110 1031
2953 1129
1700 1162
1190 1249
871 1307
1307 1288
2424 1449
2660 1080
1770 1419
1529 1482
1750 1445
2172 1055
897 1055
1189 1307
2651 1227
1984 1038
2189 1442
1402 1133
1773 1104
1385 1019
2352 1252
2877 1491
2431 1264
2305 1393
1272 1279
1895 1484
1563 1241
2099 1103
1983 1028
1185 1270
2029 1087
1839 1430
2971 1490
2462 1238
2345 1346
1459 1007
857 1215
599 1022
2153 1281
1454 1353
836 1409
2900 1420
502 1397
1698 1142
694 1237
2166 1443
2139 1199
2832 1218
2390 1000
1354 1463
2202 1322
2649 1199
1284 1261
2688 1166
2231 1144
1993 1328
1335 1498
941 1022
2444 1179
1267 1342
2303 1486
791 1284
512 1031
2279 1492
2118 1126
1226 1313
1879 1168
2524 1441
1761 1147
1739 1452
2436 1152
2184 1495
2937 1396
2196 1018
2052 1005
1369 1362
2290 1060
1253 1053
643 1062
1090 1281
2712 1285
732 1124
1701 1146
1645 1345
753 1069
2629 1117
2466 1443
1169 1111
1504 1191
963 1090
849 1232
1045 1296
2650 1196
997 1085
1338 1271
2860 1059
2766 1125
1092 1382
632 1212
1132 1424
1434 1463
1383 1455
1925 1409
2848 1391
2354 1426
1994 1382
1639 1274
2325 1303
1212 1375
2656 1287
2542 1037
1100 1290
849 1407
2326 1072
2639 1415
648 1383
1957 1181
2890 1065
1858 1229
2869 1251
1269 1475
2154 1443
667 1088
2137 1088
2416 1033
2682 1157
1267 1265
681 1289
2582 1011
1148 1450
1764 1292
1524 1237
2283 1262
2669 1462
1066 1090
1268 1163
2137 1382
1497 1365
1355 1126
2685 1283
1441 1286
2066 1446
2525 1098
1656 1164
582 1149
2453 1201
2604 1129
1531 1486
2826 1301
1605 1192
2551 1429
1209 1187
793 1028
1231 1431
1432 1304
545 1047
707 1388
1204 1306
2952 1445
978 1496
698 1165
553 1040
2998 1407
2155 1166
657 1063
687 1443
1167 1325
805 1403
1412 1076
1529 1142
1825 1081
829 1285
608 1273
2421 1353
591 1121
779 1039
1138 1322
1767 1485
1992 1130
2334 1276
791 1095
2155 1059
2667 1132
1173 1153
2081 1417
1783 1401
2303 1212
1770 1330
832 1300
706 1095
1877 1426
1173 1163
863 1314
504 1258
2670 1402
2928 1260
1489 1479
506 1038
954 1055
2280 1035
1067 1108
2211 1413
2788 1292
1607 1244
776 1184
1643 1414
869 1026
637 1048
668 1414
1268 1274
2098 1073
523 1474
2503 1112
549 1312
2067 1009
598 1223
608 1139
1109 1162
1882 1151
1836 1176
2503 1179
1955 1098
1832 1350
2827 1395
1446 1393
815 1134
587 1340
1900 1271
1112 1451
1982 1380
2593 1361
1843 1366
769 1238
1413 1284
1550 1182
1062 1040
1284 1405
677 1370
1943 1443
1472 1458
2464 1052
2881 1485
630 1048
2461 1132
1813 1445
1587 1424
2928 1221
730 1390
999 1416
1365 1472
1785 1493
2338 1118
2535 1018
2897 1220
928 1259
1391 1295
1780 1035
2944 1026
2507 1367
2863 1279
598 1150
1724 1339
2871 1407
1312 1466
1057 1246
835 1409
2179 1471
2309 1352
553 1449
1619 1329
598 1342
2245 1396
864 1316
1123 1267
2709 1220
2521 1165
1651 1280
2171 1387
1955 1395
1682 1310
1832 1186
937 1020
2655 1271
2191 1368
1072 1331
1024 1200
2050 1157
2640 1179
2681 1367
577 1244
2394 1040
2341 1081
1551 1484
2711 1381
2990 1026
799 1027
938 1355
1178 1291
1910 1381
714 1413
2127 1244
976 1107
802 1489
2984 1344
1202 1182
1103 1224
2647 1232
1273 1007
2587 1110
2384 1130
2062 1155
2154 1102
2101 1489
2835 1428
2122 1442
1573 1288
1805 1474
1111 1460
1790 1044
2922 1293
704 1229
2462 1487
1692 1436
2565 1064
800 1235
1505 1402
1447 1054
2877 1081
1154 1133
1059 1418
1943 1274
1715 1484
2907 1056
1953 1227
1461 1273
2051 1268
2452 1046
1800 1051
2420 1212
2951 1160
1797 1126
1335 1142
898 1332
2238 1323
766 1225
795 1265
2434 1110
1735 1335
2920 1234
1438 1317
1779 1480
2319 1146
1277 1100
2208 1443
2585 1297
2556 1338
1562 1219
916 1028
843 1149
532 1453
589 1210
2462 1427
2510 1426
2148 1375
2928 1278
2703 1176
2085 1145
2237 1188
1967 1266
1302 1153
1888 1280
995 1248
899 1384
2996 1263
2142 1244
2597 1422
2592 1278
1376 1334
1142 1229
2640 1316
875 1383
2810 1086
1792 1389
2110 1470
2008 1471
2108 1036
2740 1274
892 1347
2873 1366
1329 1305
965 1068
1100 1010
1966 1109
603 1009
2059 1056
1536 1314
1276 1305
1066 1458
2586 1276
1069 1122
1699 1435
2650 1252
2100 1113
2604 1190
2486 1078
1828 1093
1724 1012
2037 1339
544 1194
1208 1115
556 1007
1495 1255
1610 1486
1335 1476
2731 1276
804 1269
2391 1061
2081 1497
2624 1497
2744 1474
539 1017
2166 1374
1235 1080
2372 1478
1731 1271
2367 1403
623 1386
2164 1489
1003 1364
730 1435
1613 1447
2439 1043
1938 1083
2640 1242
2416 1376
1639 1064
1544 1410
2767 1210
2911 1367
1608 1204
2298 1393
1876 1356
1092 1407
1379 1133
2864 1183
1551 1269
1179 1075
1617 1396
2582 1078
1536 1331
2260 1081
2405 1012
1812 1267
1323 1347