6300 5000
572 1366
2572 1043
1930 1405
2132 1288
619 1046
2150 1092
676 1285
2676 1004
2260 1057
1804 1054
1555 1318
1681 1224
2031 1385
1290 1201
674 1413
661 1405
1914 1371
2588 1096
1125 1476
2666 1087
2168 1400
1438 1472
1633 1423
2523 1182
813 1137
2074 1165
2193 1010
647 1353
2479 1481
1406 1105
767 1345
774 1392
1083 1156
2393 1315
2160 1175
579 1241
1168 1352
1418 1267
1995 1482
1125 1233
851 1101
867 1331
2084 1433
2967 1328
2249 1268
1309 1079
1099 1077
825 1443
1432 1004
1452 1291
2549 1381
1849 1073
1904 1221
2577 1079
961 1498
1726 1418
1895 1259
1471 1093
2615 1113
1587 1088
2478 1428
619 1179
1015 1265
2494 1263
2824 1444
1703 1184
886 1445
2095 1442
2702 1457
560 1003
1914 1164
694 1482
2537 1326
1770 1254
2396 1390
2392 1473
1540 1024
1120 1281
1132 1420
2263 1251
1339 1039
2434 1368
1780 1277
543 1143
995 1246
838 1024
2157 1007
2673 1146
2051 1370
1629 1381
1777 1320
2044 1431
980 1085
2159 1468
2438 1147
2589 1105
799 1218
1554 1499
1644 1356
2325 1209
1957 1275
1809 1284
1413 1349
1148 1183
2061 1135
2705 1445
1395 1085
2949 1410
1683 1308
1369 1045
1935 1205
784 1009
1583 1207
1285 1343
656 1366
2283 1477
2735 1269
1403 1489
1450 1406
827 1366
2939 1411
1195 1020
1229 1422
1763 1358
2784 1484
2745 1057
1832 1375
2843 1328
2197 1349
1924 1015
2571 1278
1094 1376
833 1379
2848 1158
1357 1028
883 1273
2571 1339
1870 1241
1256 1172
2385 1048
1931 1429
2020 1472
1991 1127
1889 1448
2803 1469
1691 1385
1525 1289
2992 1262
1311 1387
1295 1385
1294 1229
1511 1016
1873 1025
856 1304
592 1262
544 1128
617 1000
962 1411
697 1252
2304 1408
2623 1134
1959 1084
1486 1073
682 1327
1060 1448
1790 1063
921 1134
1030 1110
2308 1115
2778 1266
1782 1013
2642 1351
1993 1351
2632 1143
511 1470
2907 1087
538 1428
993 1239
2365 1114
540 1240
2960 1133
2614 1485
716 1259
2720 1364
2733 1407
2641 1042
520 1435
2820 1480
2259 1273
2801 1446
2388 1184
1439 1140
704 1143
2711 1244
2567 1266
2410 1383
2381 1097
2096 1019
1232 1404
2544 1005
2114 1024
1627 1397
1824 1233
1694 1289
2563 1448
2356 1089
562 1234
2507 1392
2955 1256
982 1476
718 1346
1196 1134
1502 1202
2105 1485
1522 1348
867 1326
1809 1299
2300 1029
1948 1385
512 1116
2085 1256
1715 1042
2332 1211
2814 1306
2484 1101
1354 1437
2987 1189
739 1385
1211 1422
1328 1178
2456 1431
1136 1313
885 1023
1343 1044
665 1109
2680 1074
1555 1263
2887 1402
1287 1088
2799 1381
1622 1006
2223 1291
1261 1032
1545 1006
2660 1306
1629 1064
874 1353
1500 1317
975 1267
1980 1320
1609 1026
1300 1192
529 1171
2819 1348
1909 1086
1672 1414
865 1148
1116 1463
2588 1237
2032 1370
940 1274
1545 1150
1305 1453
2801 1305
2637 1061
561 1313
1031 1393
1632 1461
2752 1274
1620 1399
1097 1160
1389 1142
991 1404
1981 1356
1424 1346
665 1291
914 1102
1980 1021
2241 1130
2163 1036
1721 1253
1123 1033
1656 1090
2734 1196
1018 1022
645 1099
590 1318
1936 1135
2874 1439
640 1237
807 1434
1183 1154
1694 1035
1016 1394
2862 1434
2806 1123
1312 1019
1343 1492
2760 1046
1716 1096
2991 1089
1916 1304
2439 1299
2446 1130
2624 1367
2985 1479
2866 1330
2417 1473
1901 1126
881 1306
2529 1178
1248 1148
2799 1429
1735 1364
1275 1108
2448 1122
1400 1272
2784 1348
1115 1195
870 1068
1650 1462
1117 1499
1711 1121
1417 1130
1054 1480
732 1411
1741 1305
2612 1440
1796 1493
847 1160
623 1012
2501 1081
2733 1499
2609 1215
2677 1250
1371 1306
1274 1382
2640 1202
509 1047
1955 1307
885 1151
2301 1103
2801 1420
1091 1028
2174 1128
1414 1475
1405 1056
795 1013
1012 1369
1552 1143
2128 1006
1575 1380
2657 1482
1594 1499
2092 1405
1109 1399
1219 1164
1512 1303
1895 1205
2678 1363
2778 1195
772 1343
2531 1089
1104 1203
1783 1095
2972 1094
1886 1026
2120 1286
1870 1008
732 1141
2379 1048
1508 1215
2681 1453
1283 1209
509 1232
890 1111
1656 1294
712 1018
937 1103
1375 1310
2313 1290
2884 1215
1169 1150
2473 1153
1472 1358
892 1434
2173 1002
2687 1316
1073 1086
2102 1322
949 1175
1875 1325
904 1198
2374 1480
1203 1059
2705 1197
1458 1174
1538 1332
1586 1285
890 1197
1070 1240
824 1053
1473 1006
2861 1368
2615 1377
1346 1181
2965 1478
769 1034
2999 1210
561 1042
1715 1316
759 1276
1131 1398
2483 1060
1151 1386
2401 1168
1741 1498
515 1446
668 1118
2789 1213
1957 1295
2979 1357
622 1464
1108 1441
2705 1495
2495 1183
2846 1294
620 1054
951 1079
1976 1203
1013 1468
1523 1231
1102 1254
1286 1460
1086 1496
1149 1373
2605 1452
1538 1388
791 1184
2974 1401
1588 1310
1395 1246
1614 1208
1001 1322
1577 1106
1238 1181
2726 1046
795 1333
807 1075
2043 1189
2613 1007
1291 1475
2070 1144
2720 1140
2060 1414
1251 1299
1527 1210
1324 1236
2839 1267
1951 1033
1999 1003
2409 1417
684 1231
1161 1487
1311 1384
1059 1447
1772 1371
2237 1036
2747 1235
2899 1083
1381 1112
862 1460
807 1002
2628 1448
1124 1495
1770 1185
734 1185
1431 1190
1829 1325
1918 1045
556 1166
1128 1466
1565 1198
1933 1478
1069 1198
942 1431
898 1410
1738 1250
2797 1126
2843 1055
2607 1009
1219 1056
1658 1130
634 1229
834 1154
2204 1198
1365 1303
1128 1099
1326 1094
2791 1113
575 1189
1482 1194
2184 1179
1232 1294
2961 1356
1683 1261
806 1118
1617 1478
1377 1123
968 1245
2085 1281
2801 1210
1036 1337
1947 1187
1361 1175
2602 1459
1151 1146
1022 1391
2153 1390
2340 1187
2075 1382
627 1434
1692 1358
1115 1177
712 1141
1219 1482
1128 1277
765 1347
701 1093
1704 1146
2369 1381
1023 1488
2434 1149
2156 1340
2296 1462
2017 1307
1932 1190
1740 1426
2391 1274
1504 1355
1117 1324
2109 1471
2312 1259
2132 1080
1256 1225
2332 1485
1970 1341
1419 1100
1639 1377
2607 1210
2897 1142
2024 1329
736 1121
2073 1103
2351 1078
1062 1187
1618 1067
666 1305
1959 1390
2810 1002
558 1157
1633 1472
2278 1122
2219 1037
1450 1173
2667 1084
1238 1305
1848 1154
1485 1332
629 1391
2512 1380
2835 1206
1301 1289
652 1349
2914 1304
2543 1338
1932 1076
2218 1199
2029 1126
1781 1233
895 1349
2929 1401
2634 1477
2752 1323
1389 1458
1176 1429
529 1409
2590 1323
2207 1314
624 1256
2121 1262
1553 1307
967 1218
928 1109
850 1087
2614 1269
530 1152
2438 1222
1735 1171
1287 1402
1819 1186
1860 1409
2835 1306
2018 1454
2682 1159
603 1402
889 1435
1320 1303
2748 1246
1722 1015
2546 1384
745 1116
711 1226
1105 1359
1458 1329
1839 1312
2412 1480
2060 1394
1070 1193
2063 1418
2603 1118
2143 1244
2642 1393
1328 1406
753 1027
2313 1351
2555 1459
1592 1017
2282 1128
1947 1088
1776 1249
1814 1340
1861 1296
2925 1328
1149 1253
2555 1189
2518 1033
849 1468
798 1130
1294 1408
1586 1008
1919 1179
2157 1309
1958 1187
991 1180
2933 1333
2807 1442
2932 1479
2099 1460
1751 1277
2168 1208
2461 1418
1902 1011
2314 1233
924 1069
2578 1493
1939 1308
2357 1448
1698 1025
691 1082
2570 1404
525 1183
763 1023
2106 1293
1349 1219
1394 1171
2855 1338
2844 1249
1977 1462
511 1005
2168 1442
1461 1083
2366 1118
2865 1234
531 1219
2918 1490
1980 1014
2536 1132
2010 1171
865 1027
2412 1304
1654 1141
2836 1321
1958 1047
698 1039
1167 1367
2772 1465
1954 1284
2920 1309
2855 1042
2056 1070
2444 1358
2539 1126
1498 1330
1824 1122
2359 1188
2831 1392
2324 1268
1761 1017
656 1178
2620 1376
766 1236
2730 1134
2176 1232
1865 1022
2840 1025
1341 1431
2471 1417
2298 1425
1463 1278
2828 1284
1804 1310
887 1196
1430 1236
2560 1164
1667 1434
2841 1197
1505 1327
1654 1391
552 1320
2740 1227
2114 1003
1930 1243
1962 1068
2707 1077
2405 1120
1013 1099
991 1346
1481 1159
1729 1231
632 1047
606 1309
1475 1105
1735 1115
1236 1131
920 1081
1735 1138
518 1049
2469 1145
1612 1082
2923 1338
768 1131
1625 1237
1871 1281
701 1476
970 1345
1133 1175
1897 1359
1395 1042
2619 1132
967 1413
587 1181
566 1381
1503 1413
1706 1008
898 1122
692 1222
994 1281
2395 1411
2789 1054
1701 1056
690 1009
1871 1223
669 1019
623 1017
2665 1265
2557 1103
2241 1080
2803 1210
712 1252
2244 1465
1937 1070
1858 1069
2872 1171
2576 1285
2291 1262
873 1160
1223 1087
1919 1393
1769 1499
1786 1121
1729 1392
1385 1446
1517 1174
1222 1134
2085 1031
2073 1450
1539 1170
664 1337
1244 1390
690 1170
1143 1118
1793 1386
890 1243
915 1292
2840 1084
2659 1227
1885 1021
2937 1006
2632 1107
817 1016
2852 1244
2131 1073
2483 1319
2274 1382
2032 1374
2969 1197
1533 1492
2087 1356
2692 1081
1961 1181
1293 1311
2493 1473
2256 1087
945 1272
1951 1329
1486 1248
2934 1454
1389 1042
1658 1299
596 1473
2999 1062
1000 1436
1241 1127
1595 1303
1442 1248
1248 1460
946 1422
1231 1177
978 1343
2398 1364
2176 1177
813 1257
2481 1028
2345 1078
830 1151
2906 1392
1772 1207
2657 1056
2415 1054
2369 1205
2471 1028
2346 1006
2799 1359
2440 1268
2004 1489
522 1387
1225 1402
1746 1150
1531 1236
2791 1247
1614 1493
1637 1084
1890 1428
850 1404
1253 1274
1888 1434
2127 1043
2639 1376
1736 1084
2469 1037
1571 1359
1216 1437
2138 1345
2108 1174
2843 1257
1401 1476
585 1496
917 1014
1004 1414
1723 1349
2158 1144
2454 1029
1342 1100
1872 1147
1196 1115
1632 1008
2432 1275
1627 1305
1373 1482
2852 1167
1108 1128
1160 1181
850 1050
2634 1183
844 1228
1301 1245
716 1339
2881 1080
1291 1477
1392 1413
910 1176
831 1162
1549 1310
2380 1364
1582 1211
1609 1358
1977 1432
1530 1401
1938 1381
1453 1026
2295 1062
1612 1285
2582 1350
2131 1355
1138 1189
520 1061
1096 1000
2052 1060
1346 1240
2830 1218
1718 1391
2626 1285
2156 1000
1374 1458
1995 1207
2607 1021
2820 1358
525 1248
776 1365
2771 1180
1433 1127
1290 1045
807 1192
2552 1019
2491 1029
715 1146
2788 1440
1979 1121
1177 1236
670 1453
2046 1128
666 1302
2021 1130
568 1045
1780 1387
827 1222
678 1416
1244 1399
2859 1143
1949 1379
2734 1140
2926 1103
1899 1289
2705 1250
2153 1454
1999 1426
1240 1189
2513 1052
2954 1202
1995 1483
1533 1139
1174 1372
1328 1138
659 1112
2370 1250
2235 1045
2812 1157
1493 1441
1482 1399
2718 1441
1749 1250
1438 1350
2411 1059
995 1416
1138 1381
1927 1310
1585 1084
1574 1232
2357 1323
1665 1011
953 1383
907 1311
1740 1038
1592 1205
2602 1217
680 1426
1781 1060
1450 1109
1771 1334
1109 1050
1115 1001
2104 1426
1048 1368
524 1124
1736 1136
1806 1259
1073 1179
1299 1052
801 1220
796 1019
539 1331
1924 1127
529 1052
2612 1413
542 1109
2238 1307
1260 1010
789 1103
666 1495
2713 1225
614 1348
1536 1283
2814 1026
1192 1005
2352 1341
1871 1159
1317 1062
1148 1445
2804 1044
2409 1417
819 1231
1853 1067
621 1350
2870 1458
2072 1055
2582 1013
1327 1215
1014 1156
1580 1053
1237 1003
1580 1268
2406 1096
1953 1043
1380 1260
2939 1353
744 1206
1805 1000
1941 1280
2395 1427
1802 1381
2642 1370
2069 1242
2755 1487
1897 1479
2842 1475
1252 1003
1525 1184
2827 1077
1985 1309
1978 1199
763 1241
2209 1174
991 1057
1704 1283
1043 1240
2148 1433
1596 1493
948 1319
1707 1033
824 1249
1355 1283
1036 1246
2415 1257
1305 1421
908 1360
2190 1113
2288 1381
1487 1381
2437 1373
1059 1278
1903 1350
1226 1434
2872 1020
2613 1052
1113 1190
737 1406
2128 1071
734 1250
1740 1156
2974 1283
1229 1315
1595 1474
523 1093
2119 1168
1031 1093
1503 1282
1669 1083
662 1288
2965 1463
503 1372
1627 1453
976 1488
1958 1324
2774 1384
2031 1001
1266 1152
1431 1033
2996 1383
1988 1179
1888 1373
2770 1267
542 1108
1528 1151
2760 1494
909 1351
2497 1068
2719 1038
888 1292
2463 1382
1302 1365
2846 1010
626 1114
1960 1407
2394 1420
1988 1199
1167 1215
1742 1070
1448 1308
939 1042
524 1006
1139 1335
2847 1298
2316 1122
1584 1282
1691 1411
1019 1283
724 1108
2750 1351
1340 1048
719 1325
2780 1159
2259 1141
2448 1385
2082 1408
866 1331
2166 1449
2834 1080
1984 1210
2443 1252
993 1266
2713 1408
2828 1199
2133 1004
2490 1228
2087 1163
1803 1446
1262 1116
1774 1072
1085 1271
1869 1151
2379 1312
1415 1480
1859 1434
871 1018
620 1177
2511 1200
951 1062
2017 1164
1722 1163
2673 1339
2168 1065
2773 1228
1364 1447
2934 1036
627 1291
1794 1235
2263 1442
902 1342
1544 1429
915 1062
757 1208
996 1441
1336 1364
1237 1386
2736 1207
2886 1134
2825 1354
2171 1455
2439 1005
1891 1193
1210 1386
1426 1006
2035 1405
2420 1244
601 1059
2703 1301
1665 1307
902 1328
2387 1029
735 1130
2713 1125
2106 1104
1848 1213
764 1016
2174 1254
2622 1123
2453 1440
2324 1189
1262 1394
1334 1499
2944 1034
1592 1267
1545 1357
1159 1027
1284 1141
1726 1381
2549 1374
1823 1354
992 1128
831 1203
1469 1431
1289 1160
1092 1198
700 1187
2305 1057
1810 1307
1381 1292
1990 1217
2891 1354
1271 1113
2688 1058
1972 1100
999 1202
1010 1341
1250 1405
2287 1147
603 1054
2551 1013
2987 1228
1067 1190
886 1162
1131 1060
1760 1209
1136 1009
2456 1141
846 1199
2339 1375
2105 1451
2319 1443
1444 1316
1549 1399
2631 1026
1391 1422
2357 1051
641 1406
1677 1489
1597 1111
1685 1464
1525 1262
2324 1259
1039 1137
1239 1147
1852 1325
2795 1218
2556 1140
2834 1476
1073 1434
2345 1353
2057 1182
2438 1071
1353 1151
1778 1295
1934 1355
2454 1008
1420 1144
508 1076
2391 1045
2731 1238
1869 1235
2890 1224
1088 1323
1056 1211
982 1209
2275 1081
1109 1024
2235 1020
1267 1140
2259 1482
908 1442
2215 1291
1311 1185
925 1213
1669 1474
2127 1085
1853 1062
859 1444
2798 1260
2164 1359
2163 1101
2232 1226
1582 1057
2921 1481
1406 1030
2855 1120
1797 1285
2723 1174
1205 1132
1494 1256
976 1225
2093 1195
682 1062
1743 1053
1735 1431
709 1039
2851 1114
1505 1249
2407 1030
892 1255
2894 1121
2588 1141
546 1230
2921 1146
2102 1219
1571 1111
1560 1104
2969 1498
1971 1052
2462 1442
1380 1080
568 1053
998 1176
863 1083
1282 1062
857 1012
1521 1177
641 1079
619 1358
2754 1310
1087 1486
2814 1037
2838 1290
2149 1476
1878 1238
1887 1407
1719 1255
2101 1013
2140 1297
819 1298
668 1252
1034 1175
2631 1231
2576 1147
2579 1159
576 1210
1131 1204
2971 1485
1613 1393
612 1300
1533 1001
775 1497
794 1410
899 1066
2096 1048
2080 1304
2272 1024
2607 1436
1247 1454
998 1138
1985 1452
2180 1434
2813 1165
1810 1384
2861 1177
1384 1125
1756 1251
2989 1278
908 1089
1138 1325
2401 1466
2195 1145
2450 1428
2375 1151
1876 1140
1306 1381
1972 1321
2317 1180
1405 1072
1928 1300
2082 1483
2410 1300
788 1376
2033 1080
1223 1063
1611 1073
1946 1040
2235 1491
1910 1472
1247 1467
2180 1399
1222 1367
2103 1027
2205 1279
1352 1038
1435 1255
1351 1275
894 1268
2801 1386
537 1058
2336 1438
976 1144
1075 1319
1424 1480
1647 1306
2557 1292
2901 1298
1188 1155
1648 1451
2563 1214
1830 1259
2755 1323
2756 1369
1563 1418
2691 1142
2248 1310
861 1365
2467 1387
924 1080
711 1442
2760 1115
2329 1459
1950 1331
1628 1069
2466 1190
1464 1005
1032 1390
1726 1300
1317 1024
2260 1341
1354 1484
1122 1392
862 1224
1211 1250
2533 1035
2787 1199
696 1453
576 1310
1210 1006
1740 1243
881 1388
1603 1338
2695 1373
1193 1403
1307 1333
2285 1344
1494 1312
1155 1452
2537 1305
1381 1479
1515 1266
2458 1162
849 1264
1433 1337
797 1342
2145 1062
1048 1335
2541 1356
1441 1294
1406 1147
1134 1336
1502 1115
710 1425
2663 1297
2786 1026
2415 1004
1395 1117
880 1222
2529 1312
760 1354
908 1111
1573 1094
787 1112
1627 1174
1828 1008
2546 1369
2511 1084
2925 1231
809 1305
1087 1220
535 1387
553 1275
1825 1376
912 1128
861 1423
2761 1385
1354 1189
2457 1291
2901 1372
2641 1265
1229 1199
1380 1330
2839 1404
623 1117
2688 1145
2532 1423
2713 1417
689 1247
2858 1461
2682 1423
870 1193
1981 1176
713 1232
1527 1310
2231 1231
2486 1499
1669 1159
2233 1137
2533 1422
2749 1014
873 1468
1826 1379
850 1186
1758 1448
1209 1478
1824 1016
1736 1035
564 1127
1087 1476
1181 1251
1085 1102
2445 1354
1337 1476
698 1379
610 1434
1499 1136
2477 1316
2507 1267
2718 1402
1929 1250
1064 1242
1163 1140
1982 1301
2884 1137
1792 1447
1135 1155
682 1315
2799 1171
1971 1319
2488 1269
798 1196
1234 1232
1895 1397
909 1123
2103 1434
1866 1141
1733 1222
1522 1344
2739 1385
2085 1038
1134 1398
1909 1057
2332 1000
2005 1054
926 1048
713 1462
501 1320
686 1345
1837 1417
1040 1006
899 1490
1729 1476
2263 1160
605 1054
2521 1069
1432 1237
2350 1126
1115 1211
2285 1355
970 1183
1701 1000
639 1123
699 1469
2103 1239
1252 1037
2106 1244
1568 1263
641 1056
746 1337
1382 1191
2293 1057
1046 1470
1734 1093
2777 1045
2692 1060
519 1156
1668 1014
1923 1177
2722 1357
2984 1236
1503 1026
1345 1120
2386 1000
2199 1009
1608 1121
1804 1083
2606 1426
786 1092
2116 1304
2656 1434
2212 1385
1075 1426
2363 1192
2074 1477
1018 1031
1750 1138
1610 1273
2170 1361
803 1355
2592 1034
2113 1164
639 1225
1756 1232
2540 1364
2420 1102
2356 1263
2104 1208
1360 1464
1008 1190
2210 1118
760 1107
2546 1332
1862 1129
1853 1264
1672 1333
1970 1325
1269 1441
1756 1121
2286 1106
1690 1122
1402 1000
1606 1483
2119 1151
1777 1446
2028 1184
1651 1113
2845 1423
678 1018
1725 1421
2571 1468
1692 1349
1124 1350
2244 1438
1598 1421
1998 1349
542 1153
1842 1163
517 1045
2173 1289
1502 1112
1077 1242
2111 1203
565 1123
2985 1488
1989 1337
1435 1246
2323 1219
2800 1034
1328 1214
839 1000
2733 1262
1472 1052
2522 1265
2173 1043
766 1365
2436 1092
2564 1346
1654 1067
2112 1394
1868 1067
2796 1041
2126 1227
1260 1382
1225 1231
1161 1111
2636 1295
2030 1109
1485 1370
2366 1429
1255 1035
996 1064
1430 1059
2674 1113
2676 1432
1763 1356
508 1423
2952 1348
1460 1133
2111 1385
994 1358
1171 1005
1561 1340
1955 1435
2855 1417
2916 1058
654 1144
1640 1355
836 1353
2436 1267
1457 1265
1305 1489
800 1214
946 1354
932 1119
1635 1260
1096 1349
2319 1458
2313 1107
1770 1135
2065 1305
741 1161
701 1318
1856 1154
2162 1394
1570 1110
751 1164
544 1172
1057 1442
842 1113
1322 1357
2456 1371
1374 1288
740 1100
1194 1438
1477 1246
737 1206
2733 1440
2080 1293
731 1380
1176 1334
872 1058
2766 1016
2072 1414
1767 1368
1761 1365
2547 1080
852 1029
564 1373
520 1301
783 1034
2009 1219
1618 1120
1170 1486
2958 1439
854 1054
636 1030
2379 1287
2862 1185
1250 1066
1024 1461
1903 1285
2575 1281
2751 1411
1281 1413
1597 1441
892 1405
1599 1137
2186 1326
1361 1327
2333 1495
2864 1260
2233 1396
2095 1038
1225 1201
1689 1172
2135 1178
952 1273
1802 1333
796 1346
1326 1071
1933 1068
1185 1426
944 1097
1505 1304
2525 1229
2569 1089
1835 1293
939 1238
2666 1008
796 1207
2894 1132
1819 1023
1077 1336
1239 1148
959 1011
1312 1255
1204 1141
2049 1156
1537 1450
2831 1398
1716 1269
1646 1016
2125 1369
1480 1118
1125 1385
2730 1424
2787 1423
2855 1135
1055 1476
1000 1151
791 1211
2381 1469
753 1448
1741 1414
1814 1103
661 1081
1222 1246
2293 1152
862 1466
2738 1338
936 1114
1010 1394
1762 1088
2042 1275
2122 1207
1475 1103
802 1109
571 1266
2744 1329
2163 1093
754 1072
2163 1299
1250 1232
1024 1164
2323 1470
1221 1277
2442 1349
1260 1094
1484 1000
1725 1110
1916 1397
2550 1186
2353 1185
2425 1257
1313 1266
1814 1271
1258 1242
1296 1181
1551 1110
2082 1134
2702 1084
771 1066
1220 1070
509 1119
2658 1213
506 1467
2232 1454
2517 1207
2197 1356
741 1036
821 1434
2991 1022
2771 1348
2131 1497
2682 1073
1451 1439
2795 1161
1301 1102
2579 1452
844 1319
2343 1000
2565 1044
797 1057
1369 1237
2438 1076
1995 1032
1030 1184
2954 1274
680 1131
579 1493
2390 1107
1383 1174
700 1361
704 1064
1680 1087
503 1110
605 1380
969 1372
1729 1028
1575 1137
1099 1369
1054 1113
2982 1087
2925 1224
2520 1070
1766 1042
578 1366
2370 1357
2000 1129
787 1135
711 1021
2074 1235
581 1006
757 1488
1399 1254
1196 1380
1288 1061
2075 1203
1077 1060
2385 1332
2368 1438
1312 1070
2556 1392
2693 1061
999 1347
2483 1098
786 1357
2693 1004
2449 1225
852 1418
971 1177
2236 1154
2405 1147
1728 1174
915 1055
1153 1088
1018 1378
1522 1445
525 1218
1115 1455
2390 1469
2421 1209
576 1357
583 1089
2126 1411
2061 1060
1223 1347
2252 1354
2364 1297
2642 1011
645 1266
917 1184
2419 1463
2110 1216
1695 1411
2523 1330
788 1479
1132 1010
684 1341
2295 1437
2382 1441
1918 1335
2584 1455
1609 1388
2754 1483
951 1068
822 1391
1113 1220
2318 1408
1496 1415
2694 1144
2385 1314
2065 1156
1011 1494
1813 1321
2748 1187
2255 1493
699 1011
1849 1048
2172 1291
2827 1120
1599 1108
1964 1271
1434 1348
1855 1010
2755 1279
2507 1456
1604 1253
2479 1032
2276 1466
1248 1290
2919 1467
2029 1177
2666 1067
875 1243
1317 1075
2680 1288
654 1464
2329 1232
1031 1358
2954 1290
2815 1461
1369 1010
2005 1368
1331 1027
2083 1464
1965 1251
1107 1017
2497 1400
1169 1150
865 1333
1506 1065
1230 1115
1455 1070
2452 1459
2392 1034
1750 1294
2384 1254
2986 1124
824 1270
2770 1401
1730 1310
2251 1215
2592 1242
1140 1261
600 1127
1723 1368
1543 1335
1705 1398
2541 1173
1177 1252
1589 1302
1424 1091
1123 1119
1710 1462
1366 1473
2923 1186
1982 1035
1166 1293
1665 1487
767 1110
2705 1205
2593 1418
2811 1339
1587 1488
1847 1308
2146 1292
838 1322
1669 1184
782 1131
2962 1400
1656 1265
1522 1133
1940 1227
1593 1289
1497 1395
2358 1090
2255 1364
1751 1148
846 1413
678 1223
2279 1480
1552 1202
2689 1371
1751 1187
759 1320
2731 1333
2053 1074
815 1169
1877 1048
1752 1457
784 1199
2270 1313
1243 1289
1011 1205
1939 1430
2145 1477
2344 1460
2267 1390
2937 1350
1959 1446
1658 1043
1348 1185
2209 1371
1808 1432
826 1077
766 1055
1909 1205
1846 1101
1299 1134
2143 1492
1971 1380
847 1076
585 1265
1072 1079
1632 1468
970 1071
2526 1148
1412 1376
1641 1215
2956 1266
887 1169
948 1401
775 1284
1691 1382
1131 1176
1266 1405
2814 1463
2153 1026
2232 1481
2834 1362
1099 1041
2383 1189
537 1498
2131 1332
2270 1387
2283 1174
1231 1452
2276 1378
564 1192
1947 1289
1953 1147
1019 1031
1685 1006
656 1262
1670 1295
1499 1256
1737 1352
2213 1282
723 1326
2268 1255
583 1098
1878 1351
2920 1474
1333 1215
2946 1256
1448 1395
1887 1351
2283 1369
1963 1323
994 1199
1934 1321
1564 1151
2554 1009
673 1439
1664 1254
980 1037
2821 1279
2718 1008
1308 1281
2994 1459
1999 1103
1404 1289
2949 1480
2885 1039
1424 1137
987 1025
1690 1098
2029 1166
2010 1153
2088 1233
1161 1321
1714 1057
1840 1161
635 1440
1710 1363
1188 1227
2480 1240
2324 1489
1362 1472
1109 1350
548 1381
2101 1256
1179 1471
905 1349
722 1352
2125 1033
807 1479
1716 1245
2765 1108
1246 1067
736 1089
2277 1433
1682 1073
554 1164
587 1146
620 1455
1934 1279
597 1428
805 1068
1112 1032
2201 1400
1188 1414
1696 1499
911 1152
2493 1070
2389 1424
2761 1116
2051 1495
1017 1257
1456 1356
2177 1477
1042 1051
2573 1430
2082 1246
727 1054
618 1100
2505 1033
1069 1261
1336 1401
1774 1162
1433 1038
2166 1456
1355 1083
1540 1382
2907 1028
871 1197
526 1258
1386 1454
665 1392
1650 1426
1527 1495
2684 1317
1095 1083
1322 1325
2108 1179
1763 1180
986 1433
1162 1229
1014 1462
2447 1428
2021 1484
2187 1414
2467 1008
1077 1019
2558 1226
1615 1355
2802 1483
1018 1378
2628 1069
1096 1204
1829 1203
1952 1252
2631 1207
2095 1110
1986 1332
2709 1195
564 1469
695 1419
1092 1417
1865 1335
2620 1303
2752 1394
981 1411
2199 1395
2140 1278
1607 1292
874 1414
2279 1290
1572 1433
1946 1058
1509 1398
1342 1293
2213 1303
1831 1106
2650 1330
2647 1330
1548 1024
1327 1098
2565 1405
753 1121
1954 1045
2221 1479
2945 1497
2492 1498
2072 1174
1148 1126
2679 1456
1907 1255
2820 1477
2204 1161
615 1309
1055 1011
2658 1090
708 1174
2840 1159
2032 1122
1694 1017
1453 1098
575 1055
2507 1309
2686 1299
1009 1258
1654 1476
2435 1142
1357 1274
2862 1344
1734 1261
1083 1353
2339 1300
1701 1436
1956 1177
1507 1170
2459 1456
2884 1327
1520 1416
1975 1213
1830 1159
513 1469
2330 1237
1563 1168
2377 1410
1051 1452
2878 1488
952 1109
907 1468
971 1097
2890 1371
523 1275
2794 1158
1190 1375
2859 1428
1280 1282
2587 1186
2499 1202
2627 1397
1747 1069
596 1072
1072 1369
2215 1163
1826 1464
1549 1301
894 1173
602 1321
857 1044
2975 1444
2855 1498
2631 1245
2999 1434
2147 1491
2390 1226
2837 1095
803 1118
1233 1261
1222 1412
2367 1371
1511 1123
2139 1428
1497 1203
1361 1100
2459 1045
2289 1291
1393 1168
2777 1153
2201 1391
1812 1292
2944 1056
2427 1057
1886 1420
2081 1141
2695 1109
2109 1225
1164 1489
1633 1244
1945 1291
2010 1226
2268 1246
973 1131
895 1158
1893 1267
590 1208
1840 1209
704 1152
2445 1065
2900 1182
2451 1268
2693 1275
1143 1301
2567 1104
1936 1410
1646 1281
2513 1446
1686 1047
2211 1154
1204 1411
2907 1470
1744 1243
1345 1360
1530 1384
1673 1269
1022 1140
907 1400
2421 1376
1581 1492
2288 1477
2029 1290
985 1069
1589 1203
1104 1014
1564 1121
1343 1039
1095 1320
1121 1224
1545 1155
1949 1312
1721 1388
1663 1015
1093 1236
1623 1209
1166 1456
2540 1241
2228 1421
2643 1007
550 1209
1987 1062
964 1461
937 1172
1613 1163
2387 1006
2610 1387
1713 1385
653 1023
2519 1356
2234 1117
1030 1090
2600 1448
2381 1176
1616 1115
2460 1316
1124 1203
2885 1307
2814 1379
1552 1275
1041 1493
1023 1236
2127 1104
1500 1293
1688 1143
681 1470
956 1073
879 1007
1221 1133
2102 1309
1004 1097
2907 1087
1219 1347
2024 1282
2866 1478
1436 1156
1374 1488
1634 1268
1271 1145
2284 1057
2032 1254
1598 1377
1549 1031
607 1000
2486 1102
622 1196
1514 1106
2320 1072
2626 1276
2999 1391
986 1096
1840 1444
1227 1024
1918 1284
2718 1409
1914 1101
2162 1290
872 1339
1851 1311
1086 1221
903 1301
2774 1259
635 1095
1065 1376
688 1208
2034 1025
533 1135
2870 1112
2505 1357
808 1101
1882 1418
758 1159
1652 1133
1580 1350
2888 1449
926 1327
767 1312
755 1202
1158 1317
2837 1187
1191 1027
2141 1427
1680 1403
904 1411
2643 1156
2836 1454
1462 1475
1190 1498
2983 1199
2330 1342
724 1125
695 1212
844 1190
1757 1087
2691 1055
2725 1019
2969 1273
1675 1255
1484 1276
1812 1332
1807 1424
2327 1264
937 1220
2034 1443
2915 1115
917 1359
2253 1188
2107 1274
2142 1417
2386 1073
1861 1034
1480 1174
1750 1012
2681 1244
2002 1421
966 1475
1873 1408
2921 1452
914 1056
1919 1034
654 1155
2857 1226
1831 1445
2191 1454
559 1242
2930 1214
898 1320
590 1205
651 1237
2637 1080
515 1029
2069 1494
2359 1360
2839 1140
557 1001
2832 1399
1113 1026
1672 1376
2257 1427
2405 1438
2372 1445
2680 1304
601 1058
2796 1487
2268 1253
881 1174
2421 1001
1238 1065
834 1462
1401 1279
1471 1440
1983 1349
562 1117
721 1090
1014 1208
1463 1181
1673 1354
891 1479
2858 1151
2085 1432
963 1068
2545 1007
1977 1197
758 1268
1704 1025
856 1191
1293 1072
1309 1413
2690 1218
2103 1383
2515 1265
691 1006
1516 1205
2394 1241
1359 1080
1370 1443
2455 1242
1271 1294
2369 1306
867 1013
2165 1290
794 1177
1526 1159
1893 1109
1644 1368
1965 1257
2635 1162
2553 1138
650 1241
2400 1045
710 1441
651 1087
2945 1413
1573 1483
673 1037
2240 1251
1519 1203
1667 1412
2749 1158
762 1275
1353 1087
2863 1345
645 1490
2176 1148
2748 1478
1968 1173
2349 1083
1960 1381
2181 1209
2614 1110
1504 1158
1664 1497
2761 1358
1724 1308
1223 1405
1914 1012
1449 1427
2001 1217
1671 1377
1717 1173
1332 1473
1462 1024
1120 1038
2514 1293
2625 1302
2828 1258
945 1443
590 1405
1240 1377
653 1461
2265 1028
2787 1204
1919 1161
2669 1228
838 1286
1578 1053
1723 1352
1444 1126
925 1264
2870 1334
2463 1453
959 1440
587 1190
1916 1353
1198 1481
2059 1120
1266 1413
614 1206
2418 1146
637 1304
2790 1186
1577 1182
2856 1331
2297 1376
2234 1348
2150 1023
2651 1270
1901 1382
862 1290
780 1458
1586 1290
1254 1496
1221 1412
2161 1060
2921 1189
1443 1294
1387 1497
958 1461
1207 1306
1187 1453
1784 1076
1877 1487
1966 1258
1588 1327
1353 1352
1471 1473
1162 1095
1900 1122
825 1176
945 1325
2391 1320
2923 1357
2926 1252
1763 1148
2815 1267
1213 1483
1246 1041
1559 1126
957 1065
1519 1283
2628 1228
813 1306
1375 1152
2956 1088
2414 1468
1499 1077
2306 1322
1911 1090
2647 1197
2354 1336
2327 1198
2233 1023
1794 1069
2043 1221
2437 1383
1509 1412
2217 1091
2294 1186
2531 1081
978 1469
804 1166
1452 1257
2626 1161
991 1139
650 1112
2402 1427
1940 1016
2343 1388
1089 1136
995 1484
2178 1312
1154 1192
503 1032
1159 1216
2846 1103
1401 1480
738 1002
2137 1404
701 1114
1113 1266
1242 1243
994 1028
2472 1183
2990 1218
697 1085
1293 1283
759 1174
707 1411
863 1283
1212 1454
2483 1385
1596 1019
2289 1235
1017 1365
788 1250
2203 1271
1449 1285
1519 1381
2256 1392
1327 1038
2555 1161
2602 1428
993 1260
815 1084
2454 1035
1636 1140
543 1099
2883 1426
784 1369
1610 1432
637 1145
1713 1166
2453 1323
2684 1238
967 1467
860 1305
728 1321
1137 1436
1018 1326
751 1121
683 1113
1424 1171
676 1310
1648 1232
1648 1454
2446 1370
791 1184
2636 1372
1479 1087
2838 1222
2633 1197
1332 1213
1213 1201
2624 1369
1904 1417
1507 1121
2879 1290
2577 1011
726 1251
1602 1052
1199 1463
1010 1151
2404 1130
2862 1079
2354 1455
1038 1431
1377 1413
1536 1042
1685 1364
582 1207
1189 1228
1227 1170
520 1123
1397 1286
1502 1139
1523 1360
1567 1203
2494 1196
610 1288
923 1194
2356 1399
1224 1414
1178 1147
1652 1120
1311 1313
1651 1051
881 1270
2746 1336
724 1329
765 1340
1415 1238
2316 1387
2548 1394
2444 1405
1512 1464
1223 1315
2824 1384
1730 1084
630 1183
1785 1016
2414 1174
1424 1227
1027 1245
574 1048
1254 1215
2559 1066
1496 1455
2236 1125
886 1091
2809 1304
560 1386
2089 1327
882 1107
1693 1337
1634 1486
536 1213
2658 1328
1191 1433
821 1371
1788 1457
2096 1430
1893 1027
2346 1016
2956 1134
931 1484
1823 1048
2119 1356
2771 1154
1177 1278
2397 1169
1997 1406
2567 1212
766 1252
1362 1092
536 1271
1459 1493
901 1127
2164 1036
1954 1042
1391 1256
2150 1234
1625 1010
725 1484
1815 1113
2450 1291
1305 1120
1344 1081
2808 1170
611 1210
2927 1118
2307 1146
2352 1201
1639 1410
800 1144
1967 1113
2491 1338
2791 1151
1745 1417
2139 1128
1591 1332
1003 1074
2003 1008
517 1196
1804 1181
1368 1284
1026 1005
2538 1352
1923 1250
2118 1232
1877 1396
2833 1232
594 1190
2910 1277
2786 1050
1898 1162
2784 1340
1932 1252
727 1203
2384 1453
1910 1096
1586 1131
2786 1145
870 1464
2031 1343
751 1428
1821 1487
2502 1193
2076 1322
2297 1339
540 1303
2770 1298
2833 1082
2469 1422
1274 1296
1552 1303
1605 1491
2385 1318
1271 1141
1763 1484
2682 1155
1038 1441
1313 1373
632 1015
576 1489
1244 1481
2930 1035
2317 1154
1606 1133
1733 1242
1696 1259
2311 1401
2946 1357
2404 1389
2637 1394
1384 1335
2446 1024
2409 1014
832 1266
515 1291
1079 1023
1666 1416
2246 1243
1068 1136
963 1121
2122 1425
2474 1442
1995 1327
1200 1403
1983 1058
1193 1078
2662 1264
2411 1130
1413 1475
1659 1469
2125 1305
1961 1092
1480 1490
2487 1246
2104 1444
848 1090
996 1222
2481 1268
2593 1352
1912 1043
1417 1085
2944 1249
599 1322
1031 1147
2414 1404
2414 1452
2370 1114
1995 1448
2577 1277
1550 1346
2183 1134
592 1312
1563 1163
1662 1127
2943 1345
1743 1160
2298 1336
2050 1279
514 1478
1621 1384
1785 1103
694 1408
2663 1423
2165 1192
2983 1475
2897 1268
1857 1065
1959 1054
2172 1471
1492 1190
1081 1011
894 1477
1110 1198
912 1323
1710 1338
2387 1476
2791 1058
1541 1101
676 1406
1839 1493
1805 1407
1365 1214
1481 1347
2581 1039
960 1157
2430 1100
2774 1435
1317 1169
1371 1413
1775 1229
1653 1332
1157 1367
2344 1359
1213 1321
1084 1491
993 1130
570 1480
2550 1406
2674 1291
2882 1226
2862 1287
972 1234
2473 1362
2178 1419
1221 1000
2368 1433
2166 1174
1169 1218
1815 1429
2312 1375
1978 1211
1330 1150
1810 1072
559 1324
1972 1266
580 1016
2598 1499
938 1147
626 1362
2151 1034
1431 1313
1601 1026
2833 1466
2987 1467
562 1045
1558 1428
2721 1109
1051 1188
2451 1318
1530 1424
2579 1131
2837 1063
697 1194
2745 1035
1411 1099
2267 1308
2147 1463
828 1491
2562 1327
2691 1229
1502 1154
732 1089
2447 1405
2787 1223
2198 1481
2427 1458
2024 1392
1729 1040
1907 1166
787 1273
2092 1212
2271 1093
2164 1113
2326 1313
1154 1335
2196 1212
1317 1013
1179 1274
1628 1008
2215 1251
2643 1493
1984 1277
1878 1045
676 1181
733 1272
2643 1214
763 1496
615 1263
1876 1135
834 1460
1119 1361
1117 1303
979 1434
826 1180
1593 1183
2725 1253
846 1454
1761 1143
2572 1388
2300 1302
944 1016
2287 1478
1605 1102
2970 1002
2084 1183
2841 1011
2968 1050
910 1313
2829 1005
1719 1497
1676 1479
2414 1065
1240 1324
2499 1186
1387 1353
1680 1152
1059 1340
909 1093
857 1295
2310 1258
1772 1377
898 1086
1879 1314
2281 1436
2089 1200
761 1056
1199 1256
2706 1056
1167 1002
1436 1312
1079 1048
1278 1044
947 1083
752 1496
1219 1117
1940 1341
1390 1262
1976 1170
2352 1253
2517 1183
2071 1081
2385 1489
714 1066
1754 1039
2435 1423
1084 1386
2461 1203
2135 1476
572 1057
513 1265
1473 1175
2097 1431
555 1281
1768 1263
2456 1114
1950 1017
2477 1322
684 1497
1935 1491
1558 1092
1435 1252
2940 1146
1233 1055
1914 1081
2059 1200
2753 1422
2305 1357
2187 1120
556 1087
1299 1188
1321 1412
1532 1130
1451 1411
1646 1038
1488 1254
579 1300
1240 1086
2525 1268
1139 1411
909 1149
2833 1422
752 1296
1570 1134
2584 1158
2540 1470
1771 1405
510 1424
1655 1302
2114 1073
2363 1199
1609 1216
1437 1212
621 1388
2577 1405
559 1404
1124 1360
882 1224
1566 1117
2451 1355
1233 1307
1260 1387
1917 1178
910 1056
580 1066
2724 1365
568 1035
1818 1208
1129 1220
2944 1083
2229 1125
2697 1119
1934 1119
2854 1358
1631 1083
1930 1179
1606 1136
763 1398
574 1448
2237 1274
1262 1106
2584 1077
2918 1407
1400 1232
2376 1252
2413 1184
2479 1393
1769 1175
1146 1151
2165 1099
1335 1412
1130 1179
530 1226
769 1221
1503 1184
729 1094
1983 1242
2154 1280
2990 1301
2662 1102
2232 1468
1187 1162
701 1254
575 1261
1467 1245
2389 1155
1902 1333
503 1056
1990 1160
1932 1181
1295 1498
1060 1268
2087 1292
2157 1457
2506 1184
1093 1295
2838 1355
2913 1412
2401 1084
1717 1164
1577 1425
874 1079
1999 1392
2006 1112
2316 1323
2081 1321
830 1415
2337 1047
2607 1482
1611 1322
1766 1168
1813 1420
1960 1027
2866 1013
1834 1161
1157 1215
2125 1069
1047 1319
1945 1207
1870 1474
1460 1346
1713 1243
1963 1056
2988 1192
740 1180
2255 1189
2598 1263
763 1341
1553 1373
1837 1369
2105 1051
2110 1105
1267 1215
792 1275
2478 1456
2423 1320
2414 1490
2773 1267
1914 1058
1803 1223
2492 1407
950 1052
2316 1134
2313 1193
2030 1197
1334 1267
1990 1488
2362 1245
970 1145
1029 1103
1958 1062
1320 1332
2850 1371
610 1210
2965 1386
2809 1450
2731 1168
2933 1025
2535 1007
2071 1302
1534 1161
1375 1147
2766 1021
1227 1048
1554 1110
2213 1106
1370 1098
1517 1436
2868 1227
1708 1238
2551 1383
2825 1323
2441 1279
1178 1439
2049 1427
2305 1200
1940 1467
562 1481
2338 1360
2147 1360
1287 1487
1019 1233
1469 1226
2688 1280
2670 1357
1420 1321
2077 1309
2836 1156
1480 1197
2327 1231
1474 1066
1025 1156
511 1066
2031 1237
2596 1464
675 1357
2233 1258
2788 1405
1145 1402
1402 1153
689 1427
891 1442
1978 1058
2679 1412
2604 1269
644 1239
539 1180
1861 1459
1823 1081
2082 1264
1182 1018
549 1181
2482 1155
884 1473
2295 1479
2922 1339
1878 1170
1910 1073
1638 1455
876 1087
1061 1236
1781 1309
1326 1385
2240 1489
2418 1156
2907 1201
817 1302
605 1075
769 1327
571 1170
1370 1385
2781 1243
1025 1470
1505 1380
946 1366
2409 1302
1453 1051
2639 1085
772 1320
1178 1331
1538 1108
1194 1400
2711 1271
880 1347
2890 1465
2576 1215
1319 1311
1356 1477
1496 1448
2380 1374
2230 1335
1511 1275
2644 1182
1440 1324
2070 1029
2092 1018
1877 1070
528 1139
730 1144
2222 1223
1453 1109
1251 1418
658 1150
1263 1181
1695 1172
2908 1133
565 1054
1534 1413
2374 1466
2274 1087
2745 1452
2971 1287
2925 1319
1894 1217
2904 1318
2304 1085
735 1443
2134 1338
2389 1372
1351 1181
749 1197
2886 1244
1108 1450
2613 1349
2816 1372
1212 1346
1632 1201
2273 1494
2098 1059
2661 1490
1593 1218
2843 1056
1353 1317
2303 1315
2007 1488
1451 1234
890 1190
2657 1005
1295 1458
764 1337
1784 1127
612 1068
834 1270
2268 1059
1379 1231
2992 1181
2090 1434
2638 1150
2817 1399
2947 1143
1271 1369
1445 1074
2278 1067
2009 1337
930 1020
1007 1232
1444 1385
1944 1498
2367 1387
534 1051
1347 1062
1233 1179
697 1029
1256 1011
2949 1233
1495 1072
859 1127
2346 1408
2352 1207
1475 1265
2437 1215
1827 1178
2066 1436
799 1298
613 1201
835 1198
2767 1087
695 1088
2094 1169
1688 1323
1327 1169
1752 1117
2308 1495
1859 1208
1549 1297
1832 1207
1658 1259
2451 1009
2986 1422
2962 1482
2122 1018
2627 1067
1050 1415
1758 1195
1038 1022
972 1428
1067 1082
966 1278
702 1271
1173 1142
2841 1343
1011 1015
2819 1031
1654 1409
681 1190
2864 1188
2791 1119
1242 1165
2384 1286
967 1418
2538 1036
1873 1414
2572 1410
2157 1043
1823 1427
1844 1258
1805 1469
2540 1447
1373 1174
2766 1104
1310 1425
2644 1051
2177 1367
2744 1257
739 1456
2065 1373
2955 1383
1978 1155
917 1267
1599 1185
1695 1337
2147 1060
982 1175
2498 1368
2142 1391
1056 1239
932 1041
1363 1284
1105 1392
2281 1336
1019 1435
809 1384
1329 1379
1685 1138
2093 1097
2393 1256
2127 1174
873 1216
1142 1141
1041 1045
2003 1398
581 1182
2583 1226
1827 1206
711 1347
1177 1158
1020 1284
1130 1299
1408 1167
2122 1414
551 1183
904 1072
1240 1287
574 1480
2693 1470
718 1156
737 1176
2840 1050
1034 1311
1802 1140
1306 1112
520 1435
2163 1472
2650 1279
2445 1247
2452 1217
2325 1344
2383 1117
2851 1432
2688 1269
1623 1323
2382 1499
1784 1081
852 1023
2694 1206
519 1248
2422 1316
1716 1423
2539 1213
934 1104
1477 1291
2157 1191
1188 1152
1834 1011
1005 1104
2006 1226
943 1240
2262 1124
1890 1077
2036 1089
2472 1065
673 1443
604 1093
2841 1094
1078 1142
2617 1260
653 1218
1602 1092
1480 1265
2704 1221
1029 1274
1981 1007
2897 1493
1429 1090
1877 1347
2407 1165
1866 1100
1482 1042
1250 1089
1575 1436
720 1319
2360 1211
1745 1293
826 1279
1585 1225
856 1098
2917 1097
1969 1445
2586 1422
2581 1105
1446 1446
1225 1180
2709 1137
1032 1034
1524 1430
2942 1053
1983 1369
2807 1133
1921 1268
995 1145
2128 1130
515 1318
1267 1174
791 1384
2624 1074
2531 1417
2871 1143
2536 1419
2041 1453
2691 1053
979 1070
2772 1434
2817 1462
1639 1307
2989 1496
2613 1457
1783 1017
1411 1120
1196 1238
1208 1183
1328 1479
2883 1086
623 1406
1250 1036
554 1098
1070 1203
1528 1192
2177 1371
742 1376
2632 1417
2324 1187
1760 1061
1107 1053
1693 1196
2751 1492
1947 1021
573 1049
1859 1130
1997 1323
2142 1292
1752 1012
2357 1483
1172 1370
1006 1498
901 1472
2659 1376
1488 1203
1578 1102
615 1121
2028 1114
1279 1045
1390 1315
1369 1203
2471 1264
1329 1024
2710 1458
2710 1490
1319 1416
1640 1191
1645 1050
1874 1003
833 1180
804 1326
2601 1012
2293 1402
1050 1470
841 1222
1961 1274
1401 1293
2572 1025
1187 1149
1765 1005
2015 1413
773 1209
1272 1344
1417 1206
2116 1344
1213 1333
2413 1475
1618 1365
1297 1119
2020 1304
566 1421
1364 1461
1530 1263
935 1389
2440 1424
1978 1268
1106 1082
1678 1089
708 1317
1709 1154
2524 1244
2883 1211
1936 1277
724 1014
2069 1342
2678 1018
2534 1302
2940 1079
551 1226
1073 1183
904 1326
810 1296
1946 1409
1922 1124
767 1188
675 1033
1639 1191
1465 1107
987 1247
2276 1322
738 1069
508 1383
1256 1132
1039 1409
2128 1471
2428 1455
1815 1431
2672 1131
506 1179
1189 1148
991 1323
2958 1434
2172 1152
841 1340
2555 1250
1237 1433
685 1336
2257 1383
2472 1224
1652 1259
2768 1341
581 1415
1738 1443
1236 1372
2461 1192
1506 1260
855 1172
1727 1424
1356 1476
2956 1198
1704 1243
1175 1328
515 1470
1846 1380
1563 1155
949 1458
1978 1409
2902 1353
795 1337
1525 1044
1762 1033
1688 1146
525 1290
2626 1121
2844 1116
1601 1135
654 1303
616 1047
839 1192
2125 1019
1219 1196
1748 1364
1446 1132
2929 1307
503 1490
1103 1265
1374 1164
1204 1165
1390 1056
2409 1395
1737 1194
2379 1481
800 1157
1700 1453
2238 1294
1923 1359
1133 1365
2237 1175
774 1350
2709 1247
2143 1223
1910 1262
2915 1169
2895 1457
696 1080
2413 1486
1478 1198
1953 1165
750 1168
1514 1165
1685 1029
1686 1098
2787 1461
2874 1241
858 1254
951 1293
2873 1467
2375 1167
1157 1467
1200 1034
2103 1376
625 1003
1760 1393
2422 1135
1669 1476
737 1476
2273 1299
2204 1229
2126 1317
593 1133
824 1220
2318 1052
1949 1441
1243 1328
1489 1440
1789 1423
1738 1424
1059 1436
1687 1403
669 1227
1929 1051
2372 1437
1741 1011
2713 1336
1576 1433
1933 1342
1641 1079
800 1003
1403 1106
2784 1133
579 1274
1435 1215
2192 1000
2760 1285
807 1059
2654 1282
956 1331
1414 1453
907 1041
610 1291
994 1107
1331 1015
2043 1195
515 1007
1912 1371
1764 1174
1172 1125
1858 1190
2326 1386
550 1321
960 1335
2398 1397
1997 1017
860 1404
2719 1170
2299 1474
2428 1417
2559 1422
1954 1015
1104 1494
1303 1149
570 1284
1766 1473
1787 1079
2435 1464
983 1197
1418 1364
2502 1088
2134 1034
2920 1369
872 1332
512 1028
883 1373
1084 1251
718 1390
1554 1217
731 1044
591 1361
2810 1452
1703 1254
939 1066
2956 1221
2397 1300
2151 1184
607 1254
755 1279
1906 1427
1209 1146
2251 1381
2902 1031
2703 1210
1497 1371
1711 1374
1296 1113
1651 1177
2513 1063
1736 1362
2718 1125
2192 1416
928 1366
1582 1397
2288 1359
2550 1095
1826 1028
2001 1361
2089 1263
1236 1341
1224 1353
1421 1336
2045 1225
1725 1391
1681 1021
911 1013
619 1210
1669 1125
1132 1143
1609 1375
2104 1026
1452 1108
550 1392
1974 1187
2840 1217
1632 1086
2455 1379
900 1456
1931 1340
1962 1390
1480 1126
1647 1128
1316 1328
1930 1079
1153 1018
1792 1317
2547 1361
2092 1491
2188 1390
1960 1289
2248 1340
2007 1192
1534 1249
938 1333
2648 1034
2820 1271
1080 1029
562 1193
628 1371
1090 1459
886 1294
2793 1406
1426 1327
1238 1223
809 1356
698 1222
1433 1116
940 1227
1805 1119
540 1009
2741 1247
2272 1092
530 1452
606 1169
1649 1342
695 1490
1527 1456
660 1295
2182 1337
2712 1440
682 1003
588 1290
1981 1138
1789 1189
1714 1037
2290 1235
1864 1138
2482 1412
518 1135
716 1359
1993 1326
2589 1028
1442 1362
1428 1196
1487 1243
1340 1334
1795 1025
1121 1301
621 1497
1002 1182
2073 1065
2325 1333
778 1234
2681 1187
1027 1305
2926 1050
984 1111
2000 1422
1464 1171
2897 1075
839 1321
2994 1110
2581 1135
2210 1368
1020 1355
2694 1210
1217 1282
695 1128
2279 1336
2174 1185
1487 1042
2211 1422
1837 1311
1139 1337
2358 1431
711 1135
1037 1166
1758 1325
2774 1368
2152 1265
1160 1012
1469 1147
989 1420
2395 1459
2347 1151
2825 1487
1580 1150
1963 1289
1134 1451
2740 1282
2653 1365
2673 1215
1609 1482
890 1134
1604 1486
2213 1327
1174 1085
766 1205
1114 1418
628 1350
2311 1372
2036 1204
1545 1272
2813 1118
1969 1035
2279 1474
2374 1446
685 1365
2603 1463
1198 1094
644 1371
2091 1417
2738 1376
702 1185
2605 1415
737 1240
786 1425
1635 1032
986 1282
1756 1170
1860 1063
1808 1002
809 1488
631 1417
1193 1009
2295 1161
1487 1146
745 1369
1016 1215
1761 1353
1722 1261
657 1054
2337 1232
2949 1411
1853 1308
2556 1296
2103 1268
933 1106
813 1131
710 1191
2776 1498
1746 1454
1608 1479
1124 1179
922 1338
1548 1064
2564 1089
2101 1253
1966 1006
1936 1104
2244 1101
2313 1296
2981 1099
1262 1089
2251 1414
1845 1387
1417 1133
2973 1189
2513 1002
1173 1140
2587 1436
1693 1065
2551 1329
2243 1167
2755 1380
951 1371
727 1003
2406 1332
1963 1305
1047 1465
1215 1084
1852 1487
2100 1152
2193 1141
531 1090
2284 1493
2780 1230
1597 1214
2031 1315
1370 1143
925 1337
2367 1099
1355 1296
1514 1231
2906 1327
2142 1321
2961 1231
2043 1199
2877 1088
1879 1337
1677 1198
1365 1146
516 1010
2900 1100
1276 1095
2273 1127
2826 1375
2293 1205
2617 1177
1200 1259
1066 1090
2533 1238
1513 1472
1488 1105
911 1396
856 1100
1797 1049
1496 1039
1987 1009
1091 1141
881 1166
2052 1336
1425 1219
657 1207
668 1180
912 1423
2586 1046
799 1235
1060 1200
1205 1069
1473 1377
2646 1450
2697 1102
2278 1289
1258 1282
1726 1015
1198 1466
715 1470
2396 1132
881 1408
2330 1432
2494 1472
1700 1030
1978 1179
2475 1351
1248 1466
1856 1073
606 1056
1686 1059
2705 1401
1729 1496
1114 1148
1411 1309
1177 1251
564 1262
2299 1046
2047 1285
2141 1128
1224 1160
2230 1272
1021 1483
2545 1453
2451 1384
1620 1082
1067 1378
1882 1031
2668 1004
1181 1212
1232 1154
2389 1076
1580 1478
1145 1499
1317 1453
985 1023
2337 1119
705 1138
2035 1385
557 1374
1531 1193
2276 1136
2895 1287
572 1294
1885 1016
1011 1428
1679 1017
2266 1196
758 1083
891 1462
2021 1299
1029 1351
1589 1174
728 1206
1881 1417
2808 1210
521 1325
2706 1085
628 1369
1227 1005
1977 1411
1477 1001
2005 1157
1054 1274
2782 1433
2733 1289
705 1188
2982 1317
2622 1417
2060 1460
717 1417
2913 1310
2484 1132
1515 1477
1001 1206
2234 1102
2596 1160
1448 1029
2473 1307
878 1141
1125 1291
2058 1372
1211 1170
957 1481
1860 1215
1503 1433
656 1185
1360 1122
2932 1359
2417 1127
1450 1245
1391 1287
873 1192
1876 1403
1312 1425
2627 1076
658 1229
2372 1080
2540 1278
2905 1294
719 1311
2212 1033
2327 1146
2117 1079
1992 1216
2068 1193
1808 1392
2866 1395
2910 1189
1200 1272
2766 1384
2426 1192
2445 1270
687 1323
1833 1451
2121 1106
1643 1329
951 1420
913 1138
1973 1236
2647 1244
1019 1086
798 1296
2240 1080
2914 1490
2491 1159
1789 1228
677 1392
2646 1217
1139 1404
1757 1204
1920 1199
2032 1087
2918 1008
1597 1204
2526 1010
608 1290
1905 1169
589 1035
1559 1078
2906 1097
2009 1243
1482 1093
2532 1311
1910 1308
2779 1198
2052 1038
2737 1426
739 1159
1862 1376
734 1183
2810 1078
1242 1008
2185 1104
1844 1133
2207 1305
1638 1315
1093 1267
2814 1296
2576 1308
852 1112
830 1364
1167 1331
1301 1438
1474 1185
2580 1299
2767 1107
1254 1260
1469 1039
1068 1346
2623 1035
1920 1076
665 1164
664 1144
2163 1296
1594 1223
2113 1301
2444 1133
2599 1372
2348 1338
690 1131
1721 1234
2487 1106
2624 1177
1628 1384
2504 1151
837 1385
2994 1306
1587 1406
1525 1327
2388 1276
2637 1340
942 1285
918 1477
1088 1016
1916 1098
2143 1034
1781 1306
2673 1304
1378 1046
2458 1000
2755 1083
1032 1207
1927 1313
2589 1190
683 1126
1661 1144
1413 1457
2426 1421
1438 1163
2417 1067
2293 1057
528 1069
2904 1308
736 1399
1762 1388
1654 1018
1447 1293
1493 1110
1734 1019
1835 1176
1721 1220
761 1028
1646 1458
1423 1172
1812 1427
2112 1053
2413 1103
1073 1402
2705 1076
2757 1441
1198 1200
1310 1064
1009 1017
728 1413
2513 1297
2674 1084
762 1431
1313 1358
2909 1370
1388 1029
742 1327
2877 1377
922 1298
2524 1108
654 1158
2176 1135
502 1199
2584 1434
2870 1154
1309 1059
2703 1088
2014 1143
1805 1225
2332 1037
1738 1144
525 1262
2214 1214
2312 1129
2417 1392
1857 1174
2412 1250
2169 1484
1315 1383
644 1276
2777 1435
1577 1285
1720 1063
1666 1069
1998 1418
1937 1098
1452 1497
2783 1190
2940 1132
1501 1399
2405 1270
2127 1402
1266 1358
2940 1166
1177 1227
1973 1445
1605 1295
2679 1260
2656 1236
2163 1223
2818 1495
1361 1020
2694 1244
2179 1141
1494 1051
719 1011
1788 1091
2815 1019
2559 1267
2751 1221
2577 1328
1160 1085
2669 1006
1803 1489
1571 1372
2068 1375
2749 1411
2379 1258
1783 1334
1629 1074
855 1264
1144 1228
981 1246
2196 1206
1390 1389
2012 1282
2297 1131
1529 1326
961 1016
966 1216
1746 1057
1915 1016
2132 1327
1983 1144
2899 1408
592 1330
2798 1289
2665 1409
2292 1231
2646 1240
2522 1465
2216 1252
1492 1254
1151 1468
666 1188
1719 1235
2185 1129
1877 1128
1937 1457
2926 1058
1011 1337
736 1081
2264 1321
2168 1005
1984 1035
2350 1320
1975 1022
2209 1001
706 1437
2005 1301
2578 1462
2454 1123
789 1272
2211 1088
2465 1364
1104 1276
591 1047
1709 1035
2600 1369
2003 1431
2706 1302
690 1359
2954 1168
2496 1378
1802 1419
1462 1249
2356 1270
1468 1048
2068 1408
1590 1493
1429 1159
1560 1465
1507 1121
1186 1070
1262 1497
2727 1150
1614 1004
2994 1236
1512 1016
1969 1299
908 1392
2859 1198
2439 1106
2089 1079
2351 1250
1112 1028
1358 1216
2880 1403
1687 1377
2767 1048
2617 1293
1596 1243
1902 1336
1540 1495
2045 1157
1156 1315
1659 1067
2250 1464
1827 1339
1991 1276
2565 1224
1335 1394
1049 1239
852 1298
1588 1245
2377 1104
2630 1117
970 1226
1250 1367
1880 1387
2139 1288
2550 1071
2592 1296
1354 1358
2596 1410
2281 1415
1824 1157
2020 1488
2787 1153
1199 1117
2259 1440
2902 1159
2630 1492
2146 1217
2195 1336
2933 1050
2084 1092
2538 1457
1349 1175
2326 1260
2452 1114
2901 1083
1945 1036
2906 1130
2546 1282
1830 1173
1535 1254
1328 1023
806 1338
1361 1411
2025 1392
875 1077
2893 1064
2565 1325
2397 1364
2307 1316
852 1118
2298 1473
895 1220
597 1391
2955 1495
580 1022
797 1452
970 1372
869 1209
2768 1051
2782 1001
533 1424
576 1268
2218 1462
2790 1380
2597 1474
1420 1172
1849 1355
2051 1143
1520 1375
2469 1481
900 1385
2931 1175
1091 1302
2753 1095
669 1299
1150 1320
510 1377
2226 1294
1478 1182
1747 1430
1936 1425
2061 1017
1541 1167
656 1161
1010 1140
2571 1374
1375 1182
2730 1401
2734 1250
1385 1483
1623 1348
2701 1308
2683 1380
1010 1348
2440 1305
1231 1329
1645 1060
1398 1375
2997 1475
2085 1203
2513 1076
2109 1227
1720 1410
1427 1407
2470 1078
2491 1155
2969 1460
1708 1068
2299 1223
581 1346
2145 1148
2183 1193
1257 1168
1126 1194
2253 1137
1109 1297
2772 1116
2550 1141
2538 1146
1428 1230
784 1332
779 1352
1524 1366
1326 1130
2895 1146
2075 1462
1596 1026
1200 1427
530 1476
813 1063
1993 1152
1728 1134
1738 1365
2586 1000
2209 1100
2412 1094
2123 1421
2405 1417
1876 1332
2789 1004
1896 1471
2123 1261
2823 1011
2563 1325
2875 1414
1969 1093
2276 1323
2022 1103
523 1296
578 1369
964 1175
2542 1488
2576 1151
2048 1482
2277 1162
950 1266
1401 1424
1548 1426
508 1065
1622 1309
2482 1074
2323 1107
2342 1365
2178 1088
2990 1350
2286 1082
673 1461
1238 1027
1596 1356
2067 1311
2847 1005
1162 1385
860 1438
592 1044
2970 1288
2732 1320
1435 1180
2401 1089
771 1240
2970 1466
801 1198
2836 1029
2889 1401
744 1147
1257 1023
1874 1142
817 1295
2315 1489
803 1478
883 1229
1910 1148
1463 1153
632 1132
2301 1495
961 1145
1535 1035
1266 1325
696 1476
2387 1366
903 1429
2197 1111
2356 1242
816 1314
1627 1251
983 1269
2535 1113
644 1294
1529 1137
1271 1497
1198 1281
2553 1423
655 1057
942 1030
1683 1488
2861 1226
2838 1463
2118 1129
715 1227
757 1003
2024 1094
503 1210
1115 1242
1968 1014
501 1241
2709 1450
970 1030
1927 1190
1194 1008
2869 1493
708 1065
2503 1252
1626 1036
1961 1464
650 1448
1731 1366
1726 1121
2068 1134
2463 1201
985 1079
2932 1388
2220 1115
745 1418
1334 1077
2111 1148
2823 1196
628 1446
1238 1091
2913 1358
2993 1322
2338 1081
644 1491
1044 1031
2518 1492
687 1090
2888 1313
2541 1441
1292 1118
2354 1496
694 1490
1283 1427
2141 1285
1063 1474
616 1495
2799 1010
1457 1022
896 1047
2967 1407
2638 1219
768 1440
2119 1480
1471 1177
2506 1457
1290 1360
990 1473
2180 1173
1942 1375
2243 1073
1576 1292
2438 1266
2440 1442
2870 1451
1348 1391
746 1449
1459 1384
2725 1118
2629 1137
2277 1131
2175 1431
2616 1496
2498 1202
2050 1308
2671 1499
814 1233
1524 1456
2614 1353
1026 1032
2130 1284
500 1030
1748 1420
1158 1109
628 1032
732 1250
1904 1308
2080 1336
1696 1195
1613 1274
1329 1329
1454 1201
2039 1082
1286 1290
1021 1231
1934 1460
2766 1305
949 1121
1928 1400
2586 1169
2997 1310
1519 1306
2508 1060
2312 1411
731 1465
1414 1198
1376 1032
2884 1406
1913 1046
2811 1485
1272 1112
1183 1340
2944 1147
2634 1484
768 1036
2592 1044
2097 1148
1653 1253
2715 1456
2698 1221
2997 1117
2139 1474
2345 1162
1673 1492
1311 1220
2722 1127
2903 1056
2735 1398
570 1438
539 1371
1294 1030
1872 1207
2612 1373
2577 1332
1097 1034
2143 1477
2046 1436
1709 1436
915 1468
1327 1071
2978 1279
1671 1252
1215 1278
752 1222
508 1441
1407 1139
1408 1258
1455 1498
879 1232
1454 1051
2833 1202
806 1084
2972 1287
704 1116
2192 1254
2916 1423
2085 1407
2883 1463
818 1070
2367 1264
1210 1157
2409 1156
631 1364
1066 1214
839 1002
713 1061
1732 1132
1372 1118
1242 1176
1483 1345
770 1285
2703 1485
1240 1259
1050 1221
1229 1348
567 1147
1707 1387
2357 1494
2390 1479
1683 1136
2404 1358
2738 1448
550 1084
782 1095
1212 1091
1325 1372
2075 1003
1726 1014
1954 1227
910 1180
2663 1077
1481 1445
2848 1056
2118 1475
2146 1242
1511 1112
2933 1233
905 1123
875 1398
1073 1172
1803 1352
864 1232
2215 1169
2315 1116
2878 1119
2978 1271
1982 1105
2625 1341
2388 1355
1043 1464
604 1391
845 1251
2322 1418
669 1342
652 1475
990 1396
2894 1090
1503 1401
726 1267
2634 1303
1723 1162
1766 1230
2407 1448
2578 1401
2860 1243
2543 1050
2613 1022
2939 1478
1010 1174
2921 1056
2345 1356
1490 1166
1262 1257
1313 1404
2120 1114
2592 1484
2172 1494
2856 1270
2292 1350
652 1017
1193 1490
1139 1150
754 1296
1041 1127
2449 1101
881 1039
788 1011
2113 1008
830 1434
2949 1404
2564 1131
2362 1294
2330 1001
2089 1433
1246 1149
1091 1498
1539 1159
1219 1396
1018 1446
2615 1069
692 1275
1892 1451
2419 1297
2486 1276
1648 1366
2465 1000
1059 1461
1952 1402
2365 1118
2642 1023
2275 1455
707 1034
518 1157
2567 1076
2722 1390
1401 1323
1902 1389
2769 1018
989 1480
1624 1214
2902 1370
922 1275
832 1078
749 1142
1682 1290
2568 1132
2839 1431
1087 1491
1421 1213
2729 1000
2760 1338
2278 1184
589 1392
2749 1156
2457 1032
1721 1307
1329 1230
2320 1288
2087 1146
2648 1009
1326 1482
1298 1127
985 1066
2755 1241
1876 1476
2063 1271
2159 1331
2262 1079
938 1069
1019 1375
894 1289
1108 1033
2681 1195
1771 1022
2640 1097
1591 1063
521 1244
616 1102
1294 1146
2589 1049
2076 1433
514 1145
2682 1172
2200 1148
2164 1219
2003 1469
1590 1127
1256 1481
1852 1399
844 1002
2628 1255
891 1144
2613 1183
2919 1100
2453 1463
1832 1477
1904 1351
2244 1045
963 1355
2589 1058
1548 1054
2679 1366
2360 1442
620 1339
500 1299
1421 1457
979 1032
508 1085
2779 1234
931 1304
2310 1050
2158 1405
1713 1185
1471 1421
967 1394
1197 1046
655 1071
2370 1063
2820 1391
1321 1042
1793 1022
2026 1033
1761 1005
1384 1249
2577 1163
2414 1376
1042 1222
2462 1431
1706 1133
1855 1417
1903 1412
2914 1201
934 1382
654 1491
620 1294
2919 1301
2719 1240
2129 1182
765 1245
2519 1029
1883 1471
2492 1140
1054 1064
2297 1409
810 1235
2078 1095
538 1118
2821 1431
2444 1399
872 1393
2790 1281
823 1167
2623 1154
2370 1424
2216 1155
2683 1291
2063 1477
2351 1253
1728 1026
2201 1212
609 1406
2056 1325
1278 1315
1365 1434
2787 1104
1869 1012
1763 1267
2339 1136
2289 1333
2199 1248
2704 1035
1813 1069
2656 1153
2614 1335
1457 1448
2900 1002
2102 1038
1504 1436
1493 1143
2491 1239
2799 1430
1684 1118
2199 1164
1462 1477
1941 1428
709 1151
2370 1101
1316 1400
2964 1056
2646 1429
1481 1352
894 1345
725 1104
1593 1407
873 1336
2691 1007
556 1078
2739 1427
2379 1336
2628 1119
1810 1086
2296 1042
1620 1007
2217 1431
1097 1199
2110 1177
2420 1114
1459 1116
1378 1056
2497 1291
711 1459
1245 1035
1923 1114
2728 1371
1064 1305
2508 1330
898 1323
2520 1407
2808 1173
1445 1083
1466 1399
1817 1346
1811 1498
749 1084
2248 1400
929 1325
790 1211
2750 1364
2699 1434
1249 1463
1184 1011
2558 1106
2957 1244
2970 1032
1139 1121
2447 1104
1641 1151
841 1068
2396 1016
1927 1269
583 1081
1998 1435
1163 1425
2460 1031
1577 1315
931 1173
643 1100
1787 1317
2032 1228
2962 1411
1000 1318
1109 1165
602 1012
2283 1025
1543 1057
2950 1029
1847 1234
651 1137
570 1333
1698 1262
1131 1171
1670 1000
1698 1409
2120 1452
908 1020
2488 1319
1576 1397
2276 1175
2191 1407
2588 1174
531 1316
2075 1225
1575 1137
2396 1385
1015 1315
2810 1196
1129 1018
1928 1027
2913 1222
1323 1057
2667 1327
783 1461
1191 1132
2103 1207
1716 1124
1703 1339
684 1343
770 1128
1306 1354
2333 1120
2239 1337
2509 1491
800 1090
642 1297
2631 1403
1173 1223
2558 1100
809 1479
1031 1458
2436 1352
1465 1334
2525 1471
1506 1102
1109 1411
891 1323
2626 1369
2886 1106
1861 1374
2970 1224
2241 1066
2864 1109
2836 1084
2226 1140
1427 1128
1010 1271
1778 1316
727 1262
1897 1178
2867 1256
1345 1336
1752 1457
1549 1429
1270 1480
2999 1251
2638 1092
1056 1125
531 1296
2682 1011
2110 1177
1767 1051
2265 1091
2021 1125
2903 1355
1507 1468
2874 1065
1929 1494
1629 1252
1552 1358
2157 1155
2515 1314
1778 1183
1023 1498
1773 1347
1017 1416
1447 1467
2350 1169
1817 1421
2977 1073
2574 1496
1256 1498
2081 1287
2342 1035
2970 1245
1420 1141
2689 1473
2613 1154
543 1429
1130 1138
2541 1238
751 1486
1911 1007
2224 1346
1353 1494
1017 1104
1449 1219
916 1047
929 1100
1758 1296
1466 1082
1067 1371
1844 1170
957 1028
1443 1119
1181 1142
731 1486
1554 1080
2544 1416
701 1045
517 1086
2596 1027
2679 1276
2832 1429
1364 1416
2925 1287
1654 1195
2952 1039
1600 1317
2401 1447
1787 1319
1271 1142
2592 1130
2135 1119
1702 1406
1842 1460
2141 1143
2027 1040
2514 1227
2035 1160
2377 1220
2146 1015
2038 1467
1306 1435
2648 1299
1693 1268
1879 1343
2233 1224
1567 1129
2844 1015
2946 1389
1946 1438
2388 1101
2897 1161
1230 1115
2881 1453
863 1136
1626 1272
1024 1211
2019 1101
2101 1227
503 1029
620 1311
2965 1223
2166 1197
2851 1192
2244 1074
2131 1386
1765 1455
2120 1050
2478 1279
2650 1137
1804 1409
995 1053
635 1364
827 1358
762 1217
755 1267
1044 1304
1890 1395
802 1010
1104 1445
1050 1111
1340 1488
2004 1406
2600 1190
2435 1058
2233 1105
1775 1492
1454 1082
1028 1051
1998 1018
2939 1307
1587 1326
2480 1298
925 1036
2275 1445
2699 1082
2155 1272
2284 1478
536 1327
2588 1442
1517 1277
918 1258
1462 1075
2700 1005
2581 1105
1054 1496
599 1449
2666 1448
1436 1496
996 1438
1350 1184
2836 1317
1580 1279
2372 1375
946 1223
526 1059
1250 1039
2193 1095
2392 1262
2769 1058
1528 1004
1744 1102
1498 1296
964 1330
1072 1418
1573 1244
1750 1131
905 1010
814 1105
1400 1362
1787 1244
2901 1221
1383 1469
1170 1059
1930 1066
837 1016
627 1335
680 1229
1329 1142
2028 1398
856 1076
2332 1119
984 1452
2096 1107
586 1326
1312 1099
2851 1029
2536 1385
1913 1419
1128 1025
1074 1391
1252 1058
1493 1382
1057 1449
536 1249
2955 1313
2615 1485
634 1399
1031 1071
1371 1406
588 1090
1758 1398
2313 1420
2957 1225
2809 1189
560 1330
1234 1172
1906 1365
1054 1445
2496 1453
2125 1006
2842 1481
2149 1437
2852 1196
1497 1321
2615 1006
1820 1404
1723 1244
600 1367
562 1435
1672 1275
817 1458
847 1252
1473 1321
776 1324
2605 1468
2389 1291
1930 1085
1338 1231
1825 1293
1285 1437
2896 1493
1504 1276
1270 1126
616 1451
1634 1089
598 1065
954 1171
2582 1061
2593 1474
501 1413
2699 1342
1595 1115
2203 1429
1345 1363
749 1118
2637 1140
1389 1316
543 1295
906 1132
932 1471
2217 1051
1242 1245
1147 1436
2151 1330
931 1474
2177 1494
2522 1201
2665 1472
2636 1086
853 1262
1911 1042
1106 1325
940 1136
1594 1491
2582 1073
990 1436
1052 1095
2287 1300
1334 1349
1039 1165
2648 1103
1437 1417
2609 1059
2267 1025
1291 1260
2434 1363
2079 1441
1669 1334
1877 1418
609 1344
2860 1101
2204 1320
2215 1076
1647 1459
877 1002
2908 1335
1709 1467
2430 1260
2491 1051
501 1402
2221 1068
2613 1272
2113 1394
1158 1234
985 1305
938 1386
1356 1443
622 1236
1331 1220
2491 1444
753 1167
2389 1352
1560 1435
2339 1206
2785 1168
1018 1397
632 1185
2060 1271
1838 1132
1446 1171
2219 1492
2038 1017
2984 1197
2676 1254
2398 1499
2673 1104
1736 1436
2842 1280
2079 1357
2091 1232
2134 1205
999 1288
744 1089
1635 1305
1129 1134
2604 1077
1186 1388
2444 1405
2806 1262
2034 1331
1807 1175
1844 1033
2926 1338
1523 1452
1608 1003
1769 1157
2574 1365
2549 1282
2470 1473
1617 1358
2694 1227
1843 1190
1693 1101
2830 1441
1603 1085
736 1265
2684 1209
2815 1269
1285 1205
2145 1224
1234 1154
2646 1092
1367 1399
1747 1168
1215 1181
1554 1307
2205 1470
2770 1061
2084 1365
2144 1016
2670 1183
989 1444
2074 1150
882 1034
673 1430
2719 1190
1946 1151
824 1036
1460 1210
1220 1371
1830 1446
2456 1123
907 1212
718 1087
2785 1185
2523 1297
731 1418
1997 1345
2249 1338
1859 1412
817 1341
1199 1018
925 1288
931 1095
696 1303
659 1054
2489 1463
2900 1438
1937 1138
2445 1241
2050 1491
2908 1155
1753 1390
1474 1043
1296 1343
2741 1052
828 1414
1782 1334
2374 1004
2704 1397
2389 1208
2391 1314
669 1366
683 1305
2800 1060
2902 1190
1071 1349
2705 1019
2043 1421
566 1176
1213 1212
2216 1091
939 1437
1924 1182
990 1007
2993 1349
2626 1207
2454 1044
1425 1144
1433 1031
582 1115
2861 1170
721 1145
2382 1411
1993 1232
1336 1284
1747 1164
1064 1323
2772 1347
2208 1368
1995 1029
1151 1274
1786 1118
1229 1155
694 1018
2138 1033
1095 1213
2384 1463
2354 1031
2699 1369
1271 1266
881 1121
816 1450
2118 1456
2642 1226
732 1155
2594 1493
1887 1006
606 1121
980 1410
1801 1148
2008 1115
1513 1132
2412 1326
2807 1181
1620 1352
569 1120
2365 1339
1980 1284
2518 1132
1487 1085
2662 1247
1495 1329
2905 1101
1572 1247
1153 1494
2082 1026
1798 1047
1438 1277
2892 1034
1256 1015
2625 1233
2989 1239
1587 1391
2145 1324
2102 1045
2048 1203
1437 1213
2606 1102
2533 1156
2718 1391
2715 1201
1518 1026
1639 1060
766 1298
1683 1277
2266 1070
1996 1038
2822 1283
2269 1384
2578 1455
1731 1137
2218 1183
2821 1163
1853 1470
1538 1284
778 1096
2755 1229
511 1173
2001 1413
2894 1364
1351 1133
1673 1259
734 1430
2484 1379
2611 1169
2612 1266
1712 1225
688 1391
1190 1105
2192 1372
1072 1218
2954 1275
1014 1477
1345 1027
2837 1498
2468 1452
1555 1019
960 1074
2748 1389
2114 1117
2776 1070
2766 1017
1659 1288
2177 1283
939 1449
629 1428
2376 1211
1653 1040
2510 1395
2153 1299
2143 1403
2005 1308
1951 1133
853 1203
1015 1449
1500 1190
994 1442
2004 1224
1849 1267
1462 1472
1058 1101
1894 1178
1796 1441
2602 1200
855 1447
1837 1177
2884 1033
2939 1252
866 1092
1425 1142
1919 1024
1435 1379
2778 1410
2935 1272
2768 1154
1853 1225
2999 1365
2158 1037
2889 1421
1109 1235
2531 1368
2903 1198
2506 1178
1815 1450
2400 1084
1400 1248
2540 1112
1757 1318
2730 1052
1097 1198
1005 1355
1031 1319
1641 1164
802 1011
931 1092
2951 1264
1386 1416
2067 1311
2625 1253
1648 1330
838 1496
1986 1033
2153 1047
1659 1245
2437 1323
1168 1083
1148 1300
1883 1446
1748 1230
1263 1407
2317 1322
587 1106
2688 1372
879 1144
1861 1177
2140 1135
1559 1363
2421 1484
2102 1492
2881 1131
2653 1268
1334 1278
2463 1113
2262 1461
2297 1317
1230 1265
1890 1096
1383 1285
1024 1042
1447 1001
517 1231
1482 1081
536 1366
2514 1359
827 1409
1037 1460
1317 1057
1997 1371
1875 1499
2332 1247
1619 1263
2002 1131
2629 1323
507 1438
760 1408
1044 1308
2340 1266
1408 1299
849 1378
2449 1354
1157 1388
2333 1332
1352 1200
861 1019
1993 1002
1042 1463
2453 1494
1299 1264
2849 1233
1306 1333
816 1120
984 1233
1998 1401
2226 1027
2984 1136
817 1291
718 1047
751 1429
570 1197
1708 1042
1044 1015
985 1250
2906 1177
2044 1211
2362 1457
1933 1261
2899 1265
2965 1273
1495 1015
839 1250
1212 1485
2923 1406
2928 1032
816 1148
1173 1117
1884 1084
1636 1433
1172 1149
2449 1313
506 1336
1944 1275
811 1052
518 1494
2373 1337
1899 1436
1231 1218
2896 1432
1673 1144
564 1252
2763 1181
1840 1320
855 1476
1401 1002
2681 1113
1525 1245
2688 1082
2412 1236
2720 1396
2494 1445
2540 1381
2048 1312
1328 1174
1270 1341
782 1186
1050 1493
1582 1075
2447 1173
2366 1197
2099 1413
2697 1021
2515 1143
1819 1235
1461 1361
1095 1438
1252 1040
562 1030
990 1240
719 1443
522 1213
2425 1443
1933 1324
785 1382
2348 1384
777 1417
1666 1176
813 1048
1284 1457
2783 1269
2289 1332
1969 1172
2768 1231
914 1372
516 1266
764 1136
2849 1463
977 1014
1579 1048
1426 1139
1210 1097
1129 1234
826 1336
1831 1209
1739 1008
800 1466
1107 1133
2023 1442
2481 1112
2771 1205
1285 1411
2894 1447
1897 1351
2397 1235
1830 1088
2662 1122
714 1080
2168 1317
2015 1059
1556 1398
934 1195
2384 1459
1260 1192
1640 1315
737 1469
2076 1029
2323 1358
1157 1241
1253 1001
2494 1385
1347 1470
1063 1118
1593 1046
1676 1458
674 1435
1749 1346
2090 1295
1028 1168
1574 1091
2779 1256
1192 1464
1378 1085
1705 1312
1019 1429
1914 1302
2594 1016
1862 1273
2579 1326
1726 1439
727 1351
574 1056
1363 1139
607 1243
1977 1073
1269 1132
2658 1483
706 1120
1197 1261
1494 1239
931 1043
1435 1135
2415 1495
890 1082
2353 1070
2432 1196
2761 1276
2448 1362
1519 1246
2801 1489
2536 1364
1186 1032
867 1336
919 1177
1264 1233
841 1180
911 1107
1289 1115
1801 1030
1446 1273
1999 1284
1751 1425
2812 1404
1778 1364
2307 1388
2217 1394
1076 1419
770 1371
597 1194
514 1262
2210 1344
2935 1034
1170 1323
2340 1024
2802 1266
2843 1390
1671 1277
856 1243
2039 1489
883 1490
1007 1352
2882 1310
1115 1373
918 1200
1197 1007
2136 1453
2866 1264
2502 1207
2447 1188
1007 1022
2129 1288
2204 1039
1872 1103
1003 1428
879 1422
2954 1017
2988 1390
1180 1025
2918 1034
2554 1406
1352 1352
1252 1004
2296 1138
716 1040
1328 1450
2150 1313
2601 1012
2024 1445
1367 1391
1293 1388
2392 1013
1699 1420
2297 1385
717 1081
2312 1148
2588 1186
1020 1499
2650 1320
1114 1491
640 1064
1867 1258
2635 1152
1844 1399
1036 1319
1704 1080
1057 1046
1201 1484
1364 1175
578 1063
1368 1338
2475 1494
2368 1439
2376 1019
2853 1332
529 1336
1261 1110
1032 1198
2832 1235
984 1097
701 1271
626 1499
1868 1440
1413 1476
1406 1354
606 1032
759 1251
519 1127
692 1355
707 1026
1828 1240
1440 1308
1910 1174
2648 1220
2515 1329
1307 1184
723 1429
1327 1321
2212 1421
1427 1041
2589 1469
2479 1218