6450 5000
1232 1454
2606 1300
1566 1014
734 1181
1295 1324
2056 1480
1604 1167
568 1468
1815 1224
831 1424
1046 1399
563 1379
1378 1321
2538 1068
1622 1105
2237 1361
1060 1082
2058 1296
1841 1218
2302 1044
2640 1337
1315 1023
1869 1484
2981 1069
1815 1369
2261 1052
1475 1286
1752 1124
1742 1137
2895 1143
2381 1362
1463 1067
957 1378
1259 1348
2632 1167
1580 1328
2202 1195
1200 1451
843 1482
936 1265
2047 1389
2391 1381
645 1267
1706 1173
1199 1223
766 1485
1214 1498
2781 1417
2856 1190
962 1121
2015 1351
2860 1270
1521 1351
1533 1188
1822 1357
2231 1028
656 1133
1661 1361
977 1499
1897 1214
2892 1274
1292 1239
2157 1368
557 1072
1191 1469
1663 1299
2681 1074
2951 1363
2444 1015
526 1340
2577 1281
2523 1232
1498 1115
1859 1188
2038 1214
2913 1380
2432 1315
942 1314
841 1478
2260 1364
2154 1004
2795 1355
1628 1315
1443 1493
2307 1395
1182 1313
986 1173
2188 1266
1069 1032
808 1480
2771 1033
1953 1346
1034 1114
1737 1080
2668 1360
2202 1208
1431 1405
1124 1059
1674 1185
1647 1316
1075 1417
2661 1088
1612 1226
683 1486
1067 1034
1927 1344
2236 1324
1302 1343
2706 1314
2056 1351
1577 1015
1603 1371
2764 1226
2374 1012
658 1118
1100 1444
1900 1124
1145 1230
1509 1496
2703 1013
2710 1486
2501 1049
1588 1407
1184 1327
1455 1447
2014 1159
1367 1238
2336 1199
911 1089
997 1354
932 1469
2302 1102
2652 1081
2178 1157
2443 1413
2453 1460
2393 1264
1434 1009
922 1379
1116 1248
1217 1283
2996 1048
2936 1255
608 1011
1313 1381
2207 1469
1956 1227
554 1207
940 1249
835 1052
2943 1221
1219 1233
673 1016
2188 1000
2576 1216
583 1050
2862 1180
795 1461
2867 1457
2746 1105
2888 1178
986 1339
1330 1385
2938 1043
2051 1473
1550 1314
2783 1216
927 1322
2968 1052
1961 1086
1155 1463
1576 1118
1106 1258
2254 1255
1416 1269
2247 1295
2467 1391
2147 1231
1448 1044
587 1414
1533 1163
1655 1371
2615 1267
1532 1190
2123 1214
782 1380
1271 1413
1351 1226
2876 1262
2018 1038
2125 1080
1121 1173
625 1414
720 1381
2127 1011
2320 1410
2148 1241
1531 1356
1510 1388
2579 1468
680 1181
1908 1014
1262 1110
978 1271
2444 1140
1553 1383
2917 1148
2231 1161
1283 1176
2185 1406
1887 1334
1016 1498
549 1288
1719 1190
2566 1185
1372 1099
507 1483
1646 1357
2237 1249
1396 1089
2571 1327
2287 1216
2365 1102
1439 1217
993 1432
1749 1181
1533 1409
2678 1260
883 1331
1295 1019
2710 1271
2370 1186
2622 1133
836 1000
1115 1182
2248 1419
1425 1182
527 1071
1295 1169
2297 1053
634 1296
2821 1309
1399 1382
2332 1345
580 1108
2642 1102
1928 1074
2925 1201
2772 1356
2166 1305
2446 1414
1807 1110
543 1157
2555 1279
2414 1330
2557 1079
883 1369
2887 1246
867 1113
2070 1076
2963 1090
2295 1303
1930 1364
2515 1022
1418 1332
674 1347
2253 1079
2132 1247
1382 1423
1022 1110
578 1418
1705 1130
892 1016
843 1486
1785 1003
2428 1079
2827 1005
1595 1159
1963 1025
1660 1489
1970 1231
1255 1384
2561 1043
2600 1149
2993 1138
765 1117
738 1235
1555 1093
660 1187
1471 1074
567 1123
725 1241
2899 1383
1566 1498
1284 1434
1090 1204
1791 1132
692 1456
1204 1188
681 1380
1963 1106
1016 1143
2456 1141
2612 1413
2382 1229
1314 1491
2517 1324
1509 1436
1865 1174
766 1158
2402 1423
2942 1448
924 1050
1907 1147
2810 1182
722 1045
2868 1410
2101 1239
660 1269
2407 1366
793 1342
598 1095
1598 1436
1463 1315
961 1211
2548 1053
1869 1325
2038 1247
744 1164
2324 1281
560 1379
2744 1162
1970 1405
560 1108
2124 1389
2271 1288
2295 1059
1316 1365
645 1058
1243 1300
1823 1022
1906 1283
2563 1021
687 1342
1004 1232
2308 1138
2879 1142
716 1395
2510 1109
1300 1245
2437 1134
1411 1081
2158 1481
1796 1439
1918 1001
2764 1090
1190 1176
1202 1064
2783 1375
879 1031
2433 1384
1550 1421
1241 1148
1868 1189
2244 1156
644 1225
617 1218
2694 1151
1328 1392
2956 1210
845 1260
2818 1306
2577 1425
1833 1239
2454 1160
1543 1240
2089 1454
588 1351
2585 1152
2092 1341
2699 1224
1703 1130
1408 1114
2745 1039
906 1416
1378 1268
2583 1416
1108 1064
2257 1290
1700 1292
1377 1018
2486 1347
2500 1498
1880 1101
513 1373
1909 1396
1656 1084
2541 1193
2322 1472
2793 1286
2213 1019
1257 1102
2047 1285
2887 1417
2341 1000
2254 1393
821 1123
1511 1119
1647 1003
1617 1109
795 1202
527 1113
2945 1429
665 1391
1955 1176
2323 1124
2780 1127
980 1345
1069 1273
704 1418
1480 1084
1404 1099
1828 1096
1155 1235
2237 1150
1057 1073
2072 1471
2079 1416
2417 1163
610 1379
1311 1134
546 1475
673 1456
1751 1477
1600 1232
2537 1243
1164 1196
1372 1300
2152 1167
2176 1382
582 1341
778 1461
2452 1163
2247 1413
1999 1324
732 1217
2692 1026
2511 1467
1928 1165
1087 1088
634 1254
1890 1006
1986 1414
2596 1458
808 1368
2817 1323
1287 1441
2258 1244
2219 1179
2300 1072
1177 1137
2507 1017
2081 1091
2239 1087
2108 1310
1627 1382
640 1350
1265 1412
2541 1487
503 1222
2510 1134
1917 1279
1661 1319
2412 1173
2498 1328
2822 1150
535 1335
1013 1074
2548 1449
1246 1303
695 1142
876 1380
791 1281
743 1156
1608 1132
2509 1356
2668 1011
2175 1360
545 1126
861 1263
1361 1415
2480 1474
812 1494
2373 1384
1372 1354
565 1212
768 1483
1880 1253
2677 1360
1706 1426
1630 1158
1706 1013
2273 1223
1968 1407
2055 1115
2437 1205
2976 1303
849 1253
1672 1458
2780 1004
2791 1250
1549 1440
2122 1269
2212 1456
1283 1235
1376 1295
1590 1227
1629 1027
1548 1019
1542 1138
902 1452
771 1469
2963 1053
2437 1046
1454 1033
2095 1215
1634 1384
2426 1389
903 1471
564 1068
593 1232
1056 1075
1353 1041
2650 1130
2498 1105
905 1291
2312 1051
2558 1277
1104 1060
2856 1468
2184 1078
1286 1091
1791 1217
1299 1098
2316 1371
822 1048
1480 1249
1317 1061
1436 1269
2393 1224
716 1218
1844 1048
2095 1186
1307 1315
2405 1140
1120 1035
2569 1091
1425 1224
2252 1256
2408 1428
1796 1433
1273 1001
791 1318
1790 1494
2347 1255
2948 1125
2477 1021
2112 1160
1567 1172
960 1202
916 1104
2908 1121
1460 1008
898 1454
2177 1380
2875 1370
1593 1302
1342 1121
1633 1367
1812 1285
1275 1366
558 1419
1004 1438
1254 1490
1268 1419
2920 1499
2141 1349
1347 1321
1766 1467
2766 1390
1294 1488
2976 1487
775 1328
755 1309
1914 1227
2057 1119
2342 1334
2370 1483
1089 1255
1544 1314
870 1040
2505 1337
1028 1260
818 1425
2701 1094
843 1077
2378 1465
1229 1191
775 1152
2160 1121
1945 1075
1413 1482
670 1047
1790 1328
2555 1384
1422 1063
1464 1077
2611 1336
2756 1311
1439 1354
2411 1125
2818 1270
1160 1409
2405 1104
846 1365
1261 1384
794 1070
2517 1386
694 1301
1027 1157
2479 1412
2975 1001
2688 1058
1701 1339
1681 1112
2048 1358
2023 1248
1181 1342
2237 1020
1930 1242
679 1150
1497 1473
2030 1146
2654 1470
2632 1071
1269 1473
2196 1245
2564 1473
788 1407
2651 1134
2226 1073
521 1325
1920 1130
1263 1184
1110 1448
2462 1236
985 1278
2437 1126
2894 1494
902 1403
1058 1069
700 1098
1815 1237
2672 1243
2803 1427
821 1284
2429 1235
2063 1126
722 1011
1893 1489
1201 1238
681 1098
2892 1431
2279 1414
801 1007
1295 1154
594 1109
2227 1284
2336 1265
2779 1480
501 1490
2531 1417
2093 1232
2713 1208
1613 1382
611 1333
888 1143
1309 1341
2210 1492
1545 1227
2530 1362
2665 1088
1958 1455
2855 1339
1431 1444
1679 1474
1103 1184
2730 1123
2305 1162
1589 1229
1736 1057
2141 1026
1100 1401
1587 1091
2114 1033
2342 1490
2754 1272
2443 1204
1136 1334
782 1480
1010 1014
2739 1271
2732 1110
1485 1385
2848 1087
1519 1069
2803 1255
2131 1447
2016 1095
2310 1412
1080 1095
2098 1379
2401 1142
2568 1484
2249 1275
1299 1358
1930 1161
2548 1024
2484 1223
2346 1025
2329 1169
1915 1363
1364 1350
2588 1355
2780 1058
1736 1278
740 1339
1289 1158
2662 1092
1165 1146
589 1338
2383 1077
1347 1165
1121 1346
1632 1156
1438 1411
1967 1049
2916 1122
1476 1389
1455 1247
1998 1485
2218 1129
2236 1303
2887 1234
1100 1330
865 1139
1271 1168
2397 1341
2561 1325
2472 1022
561 1078
2115 1414
2829 1194
2262 1399
882 1177
1736 1442
2231 1320
824 1143
2860 1141
1996 1434
958 1363
1338 1394
2741 1219
2219 1410
2227 1260
2113 1237
1970 1383
1830 1093
2816 1281
1922 1143
2629 1350
2536 1172
864 1215
1319 1341
2040 1052
725 1054
816 1483
2171 1352
2111 1281
835 1340
1417 1319
1757 1007
1044 1122
1357 1264
1612 1330
1569 1248
2730 1073
1096 1211
2382 1407
1034 1300
1654 1114
836 1447
1189 1103
1731 1249
1695 1192
1370 1158
1339 1264
1499 1322
2358 1417
1845 1130
2746 1233
2930 1180
2093 1404
517 1461
845 1393
1412 1072
1250 1202
1054 1490
534 1088
1036 1337
966 1359
2081 1072
2184 1027
1304 1375
1978 1413
2406 1026
810 1249
672 1047
1281 1131
1795 1424
1316 1019
963 1044
2152 1184
1569 1235
1811 1121
603 1030
1642 1368
2928 1378
535 1314
1523 1460
2128 1202
549 1268
2163 1399
2901 1359
2541 1084
2512 1476
1555 1495
1910 1116
2321 1216
2339 1319
1442 1103
982 1145
1719 1359
2561 1495
2748 1421
890 1468
913 1000
1696 1261
1604 1144
1692 1092
2324 1212
2124 1121
1076 1246
1949 1107
2430 1021
1232 1274
863 1290
820 1081
996 1432
1976 1225
1612 1310
1976 1412
2121 1469
1581 1051
2886 1181
1707 1278
2552 1447
1669 1392
2658 1235
726 1415
1152 1357
2378 1123
1562 1082
1687 1208
2005 1095
1533 1110
2169 1333
867 1361
2650 1188
574 1372
1403 1391
2553 1488
2939 1296
681 1405
1453 1203
2142 1472
2194 1099
2171 1002
2431 1103
983 1406
1503 1306
1159 1037
1115 1395
1097 1316
712 1008
638 1184
812 1340
2666 1271
2903 1459
593 1087
2119 1311
1065 1297
2398 1149
1832 1200
984 1235
1007 1098
2450 1003
1228 1079
1852 1150
1584 1058
1961 1157
2029 1302
1732 1018
2471 1253
2474 1478
1182 1195
2360 1453
2304 1343
1152 1210
1647 1264
2054 1208
2341 1043
1430 1319
1381 1029
1373 1344
2204 1309
986 1001
2665 1013
951 1374
1896 1438
2979 1335
524 1198
1364 1396
2905 1430
1145 1351
501 1068
1513 1015
2509 1243
1909 1284
2494 1216
1250 1036
2468 1425
906 1045
1652 1292
2503 1335
2334 1322
1406 1089
2315 1206
2506 1271
2370 1305
2307 1336
1819 1384
2922 1247
1297 1137
2879 1095
2304 1486
2165 1002
1346 1350
2136 1483
1403 1078
2525 1132
719 1167
1341 1388
1735 1195
615 1174
1065 1115
2557 1253
664 1157
936 1431
795 1100
2433 1251
2606 1462
2945 1477
1912 1048
2952 1052
833 1406
1492 1054
767 1107
2152 1473
2925 1188
1559 1278
900 1387
626 1080
688 1471
1366 1117
1360 1032
1330 1064
2012 1210
852 1274
2020 1074
1347 1357
1900 1488
2185 1342
2994 1488
982 1300
1228 1288
1694 1400
1928 1003
2270 1373
2586 1371
1593 1011
2639 1133
1182 1222
1670 1051
2349 1181
683 1038
2056 1290
1126 1270
1688 1170
2452 1057
2012 1349
1726 1239
1023 1385
1523 1361
2256 1352
2290 1078
1911 1046
1829 1185
1953 1011
2407 1040
977 1477
1176 1155
2883 1388
2596 1030
597 1244
2597 1122
2856 1037
2655 1110
544 1400
826 1462
1382 1495
1793 1132
2176 1268
2641 1026
2714 1157
1255 1369
1825 1403
2149 1243
1888 1141
541 1312
1385 1404
1446 1278
1167 1408
894 1274
888 1137
2211 1376
1337 1066
2430 1201
2195 1059
527 1331
530 1235
2896 1048
1282 1367
2008 1448
2167 1486
1112 1084
743 1189
1457 1084
2376 1064
1323 1478
1630 1422
2170 1387
2788 1299
2053 1217
1823 1385
660 1280
1416 1080
2133 1007
1957 1170
2284 1333
986 1021
2347 1101
1888 1484
1781 1458
1949 1153
906 1288
2728 1436
1658 1108
2053 1005
2890 1084
2674 1038
2557 1051
2278 1418
2351 1364
2939 1361
837 1448
874 1114
1198 1005
1541 1102
2748 1481
2635 1264
2378 1122
2590 1399
707 1077
1776 1189
995 1255
2013 1305
1588 1331
2884 1114
1101 1205
1841 1391
1290 1153
2434 1384
1140 1007
2859 1399
1987 1489
1970 1085
2230 1425
2089 1250
2605 1275
777 1160
1560 1022
1489 1402
1696 1227
944 1447
2964 1046
721 1498
1807 1443
2997 1487
851 1414
1783 1174
1217 1386
782 1205
1671 1294
1113 1134
971 1258
2762 1361
1153 1165
1821 1207
1348 1062
2486 1059
1262 1483
1535 1473
1982 1074
1813 1393
856 1323
2958 1094
1933 1029
2922 1187
2225 1268
1083 1133
2352 1091
2267 1284
950 1169
1947 1270
1096 1294
1621 1375
2124 1474
2506 1113
2098 1021
988 1041
1557 1477
2827 1200
1818 1016
585 1350
1854 1413
1939 1492
2898 1029
1682 1181
2950 1171
2765 1434
1436 1261
2422 1436
2842 1172
1990 1391
1550 1039
2534 1019
1496 1246
2980 1013
2891 1287
1349 1016
876 1379
828 1392
1799 1173
1077 1338
2964 1404
1978 1480
2964 1155
1586 1490
995 1309
2847 1480
2171 1174
834 1472
2300 1313
807 1128
2051 1388
1592 1408
2796 1345
1452 1005
1819 1076
1518 1156
2921 1205
1649 1113
669 1177
2591 1292
2067 1190
847 1254
1727 1080
2644 1037
2162 1036
2824 1286
1779 1270
2093 1057
2006 1314
963 1072
841 1026
2117 1112
1367 1081
2227 1456
1246 1189
850 1047
2688 1462
1826 1391
2161 1470
2866 1225
2659 1487
2370 1264
1514 1230
1425 1384
1431 1394
951 1031
990 1015
2570 1448
540 1377
1545 1073
2338 1191
709 1337
2977 1394
2082 1138
2852 1084
2853 1454
679 1457
2466 1091
2850 1433
1664 1072
619 1039
857 1382
1253 1343
2831 1196
1685 1375
2539 1008
2255 1002
2231 1299
590 1070
1438 1068
1477 1018
2565 1090
2712 1241
2996 1326
1982 1271
2379 1329
622 1235
2470 1472
819 1390
935 1250
1502 1055
1877 1457
1429 1111
1261 1016
736 1044
1371 1199
2541 1287
2404 1316
2935 1442
2155 1275
2875 1159
1257 1328
1850 1387
791 1198
1381 1018
1495 1036
1724 1489
1818 1240
1896 1042
1383 1312
538 1403
1390 1230
2698 1228
1613 1173
784 1492
1123 1243
582 1035
1207 1416
2732 1096
2351 1058
2639 1344
2686 1402
1572 1428
1921 1179
1059 1351
1760 1149
2715 1480
2540 1296
800 1128
2361 1386
837 1445
2698 1031
1759 1076
1206 1025
1421 1132
2591 1238
1662 1322
1639 1375
1548 1066
1324 1041
1250 1390
625 1372
2369 1053
2514 1104
974 1235
1716 1165
973 1409
2111 1226
1797 1289
1426 1315
2305 1120
1457 1152
2051 1140
1459 1247
2734 1447
2581 1177
954 1250
1379 1011
1098 1031
2004 1117
661 1325
506 1139
1109 1048
2579 1007
2515 1130
2615 1115
1944 1396
1951 1182
2293 1062
2076 1472
2901 1484
2691 1198
1204 1227
961 1409
1581 1427
1315 1103
515 1403
2536 1180
1984 1290
2960 1057
2798 1383
692 1397
2495 1049
1505 1385
1874 1245
869 1356
1854 1252
2249 1132
2173 1463
1670 1438
2317 1047
2922 1479
1932 1444
819 1017
1020 1312
2835 1181
2143 1176
1032 1053
2157 1163
1212 1435
2901 1482
1871 1444
696 1410
1382 1450
1752 1126
2738 1144
1811 1081
518 1368
1883 1240
887 1379
876 1279
691 1156
2006 1041
2859 1308
1637 1435
2598 1165
2702 1100
557 1480
600 1366
908 1486
2674 1175
2911 1455
1510 1247
2332 1212
1422 1319
1390 1272
2626 1110
2192 1048
1005 1042
2125 1205
2075 1345
2125 1208
2245 1128
2921 1205
2653 1490
654 1148
1222 1381
1987 1077
2998 1282
974 1413
2869 1349
2129 1227
2492 1216
1063 1317
2644 1391
1349 1027
1135 1257
1681 1496
577 1102
1311 1129
1524 1307
948 1475
1667 1250
2057 1304
1337 1159
2645 1339
547 1443
1079 1278
2923 1363
1945 1362
541 1414
971 1331
526 1419
1090 1064
2813 1261
2220 1170
812 1347
2541 1222
2751 1004
2224 1232
903 1173
876 1347
2109 1487
2544 1333
2539 1241
1743 1401
1363 1307
2155 1195
1447 1316
2042 1200
2107 1346
1069 1371
1285 1431
2252 1088
2566 1149
1972 1004
976 1454
834 1188
2974 1395
1170 1201
1495 1398
651 1450
597 1159
2755 1144
665 1010
2292 1012
2050 1049
2558 1359
2406 1353
915 1031
2171 1294
536 1242
2731 1266
1137 1228
736 1382
2916 1283
1845 1488
1131 1328
1249 1438
2984 1446
1260 1325
1463 1120
1889 1420
2412 1247
647 1329
1185 1131
2223 1404
1420 1169
1485 1362
738 1277
951 1446
1850 1126
1120 1218
2625 1129
594 1052
1548 1424
1088 1245
2401 1198
2580 1456
2331 1330
586 1359
1367 1485
1033 1016
2599 1181
2274 1499
501 1087
1542 1493
1178 1369
2966 1176
2969 1232
2166 1340
2548 1168
563 1416
2333 1460
943 1156
627 1027
1405 1235
1663 1417
2165 1004
1182 1336
2121 1187
1332 1420
2899 1463
623 1423
615 1247
978 1123
1437 1124
846 1386
885 1258
2021 1271
1926 1306
913 1499
1392 1264
2167 1204
1878 1037
1931 1006
2068 1465
959 1347
1524 1330
2010 1293
2943 1244
1197 1402
1233 1401
1843 1299
1794 1102
837 1435
1183 1206
2515 1426
659 1260
668 1354
892 1086
2301 1084
1787 1483
1791 1216
1715 1062
1127 1495
1888 1394
1568 1083
1340 1384
622 1230
2158 1144
595 1091
2678 1150
1448 1257
1595 1055
1925 1129
2011 1099
1821 1122
1563 1455
1768 1361
865 1351
2407 1191
2583 1173
1963 1373
1023 1394
2349 1442
1849 1105
2347 1430
2848 1195
1092 1368
2843 1226
1594 1306
603 1324
2207 1263
1761 1111
1260 1403
1831 1110
2970 1249
2229 1146
2550 1192
2125 1226
1366 1350
1954 1068
2891 1443
2076 1288
705 1455
857 1290
1697 1139
2025 1073
1173 1209
533 1207
2465 1321
2285 1058
1666 1104
2542 1119
2532 1217
2337 1437
2423 1387
1823 1155
2500 1228
971 1379
2008 1269
1210 1211
2525 1198
2584 1175
2027 1256
2890 1288
2160 1499
1070 1389
2068 1430
1772 1423
2210 1049
1457 1258
2800 1220
1625 1470
755 1261
2361 1393
821 1469
1956 1056
610 1461
2828 1139
2937 1488
2900 1308
1261 1408
1798 1484
1946 1007
2629 1449
615 1325
2770 1336
2690 1443
2937 1349
2215 1365
1166 1206
2453 1460
2455 1022
2274 1396
2068 1063
2156 1107
580 1086
2033 1170
578 1041
1699 1184
2826 1257
669 1139
1308 1030
1590 1369
1776 1228
2030 1184
1280 1434
543 1066
2147 1224
2101 1115
1074 1018
1711 1087
617 1151
2282 1480
565 1145
2274 1412
2941 1430
2648 1403
2731 1421
1328 1098
1385 1153
2959 1419
2279 1195
687 1189
1090 1492
2998 1467
1054 1352
2943 1404
2840 1463
2877 1161
2025 1134
1924 1474
748 1155
2627 1423
2834 1188
2834 1156
1253 1473
1665 1172
2392 1067
949 1082
2906 1480
2778 1233
1754 1113
2054 1338
2057 1114
1780 1475
2325 1289
1588 1383
1872 1138
2105 1142
2481 1307
2365 1253
1183 1341
1632 1393
1103 1055
603 1176
1340 1419
1788 1488
1496 1010
2131 1106
995 1400
1032 1450
2630 1472
2594 1360
554 1237
2730 1225
2178 1302
2767 1497
1254 1273
1965 1306
1742 1249
2541 1196
691 1096
1457 1348
1623 1411
1932 1396
2502 1276
2064 1234
747 1146
626 1257
1502 1148
2621 1219
1536 1073
1216 1389
2246 1447
1479 1163
1454 1378
2932 1128
2357 1415
2147 1434
1848 1341
2709 1000
889 1373
1664 1326
1344 1304
1720 1170
1567 1388
715 1124
1662 1129
2536 1039
804 1013
1015 1369
2481 1475
2338 1098
1063 1426
1314 1392
2406 1208
1445 1230
2632 1049
1171 1232
1367 1383
799 1124
1801 1432
2676 1332
1844 1342
2629 1151
1515 1026
2181 1387
1671 1077
2961 1114
1170 1418
2696 1331
1089 1048
2422 1114
1757 1129
2093 1250
1261 1220
2931 1009
2744 1421
1268 1040
1229 1306
2458 1053
1824 1317
2899 1201
2811 1104
1587 1330
2442 1203
2324 1134
2563 1348
2825 1037
2298 1447
605 1103
2661 1239
677 1486
812 1306
1678 1389
1209 1385
2680 1387
2830 1092
1069 1249
1912 1364
1794 1071
1408 1023
2153 1311
1908 1239
2835 1129
594 1262
2820 1021
1051 1496
2762 1079
1670 1119
2788 1238
2970 1286
817 1377
1788 1305
1138 1227
1890 1401
1125 1198
875 1434
1641 1084
1574 1398
2394 1045
1778 1410
1232 1255
2834 1108
2059 1287
611 1457
776 1109
1956 1390
620 1042
1957 1352
2839 1228
1195 1267
2646 1112
955 1270
1124 1242
990 1399
1369 1289
2448 1196
2903 1398
1400 1061
2888 1483
816 1078
1752 1140
1050 1337
1981 1432
1350 1299
1215 1029
1426 1204
2580 1150
2199 1469
1917 1176
692 1102
2882 1171
1979 1029
780 1470
2125 1385
1789 1471
1545 1461
1036 1366
2510 1440
770 1004
1889 1058
2377 1066
1480 1042
2466 1375
1167 1126
2710 1101
2257 1374
720 1197
1417 1237
1406 1035
2645 1237
799 1240
1043 1466
2807 1368
1773 1043
1536 1311
1111 1113
2274 1361
2681 1041
2315 1079
2648 1234
2258 1143
1963 1400
2939 1351
594 1290
504 1109
932 1038
708 1299
1679 1436
2503 1232
575 1264
2113 1431
1216 1354
2714 1263
2323 1313
2504 1322
652 1436
2457 1123
2444 1477
1716 1480
2064 1142
2651 1496
2414 1238
1157 1209
1019 1082
1897 1052
786 1201
2685 1032
2290 1095
1089 1356
1544 1070
1639 1078
1629 1485
1819 1005
1340 1489
1960 1485
680 1289
1634 1200
1884 1459
1446 1083
920 1478
716 1152
2104 1262
2434 1179
646 1138
2831 1417
510 1181
1180 1473
1234 1381
1819 1140
2091 1465
1303 1360
1028 1197
1585 1220
603 1402
1332 1264
2818 1326
2946 1155
2403 1222
2379 1386
1687 1330
2994 1305
668 1422
2481 1273
2901 1136
2791 1225
1188 1333
1221 1325
2498 1444
2433 1477
849 1258
1121 1003
1366 1174
2504 1473
1499 1354
1457 1115
601 1081
2870 1261
2337 1103
2989 1257
1515 1083
2425 1498
2162 1212
2691 1266
1319 1140
1888 1101
2251 1254
2020 1362
1752 1292
1905 1222
1859 1453
2666 1343
2758 1176
2051 1237
1835 1424
879 1304
2081 1480
2635 1088
2724 1192
2482 1103
2717 1325
2462 1378
2135 1397
536 1015
1626 1279
2376 1200
1075 1283
1933 1360
798 1487
2880 1164
1928 1300
1200 1448
2594 1017
1279 1010
1896 1174
1162 1075
550 1484
1375 1490
1338 1031
1351 1279
2862 1251
1606 1459
1646 1422
1801 1468
1788 1346
1496 1256
1993 1124
2639 1010
1654 1382
713 1044
1921 1374
2482 1213
2056 1249
1831 1293
976 1094
2217 1070
1088 1298
672 1243
2896 1074
2048 1473
1210 1066
980 1456
741 1460
1574 1465
2057 1476
1814 1438
1422 1002
2842 1248
1898 1323
805 1229
1162 1025
2296 1192
1984 1236
1487 1071
2876 1451
2346 1397
1305 1176
799 1017
1194 1345
2723 1390
2937 1494
1275 1280
1601 1431
603 1285
1691 1066
2733 1432
2935 1121
2838 1466
1903 1386
1741 1221
732 1158
696 1130
1130 1103
2298 1119
2791 1057
2002 1047
2173 1288
2973 1297
2905 1111
781 1344
992 1253
1085 1280
590 1197
1623 1304
2830 1192
1889 1340
1053 1002
1620 1278
1681 1004
1775 1499
663 1064
1244 1452
995 1093
2559 1424
1133 1251
975 1005
1265 1133
2143 1287
2826 1318
1810 1295
2640 1112
1832 1202
2475 1324
2830 1187
1051 1478
1608 1378
1265 1495
1794 1462
1730 1271
2365 1242
2272 1163
1467 1016
1111 1225
2211 1315
2173 1235
1235 1150
865 1322
1156 1299
1551 1293
553 1398
2164 1493
2032 1470
673 1458
1330 1443
1050 1266
2589 1033
700 1138
1454 1221
2753 1307
2683 1194
2443 1423
2523 1411
760 1384
2753 1180
1905 1300
2378 1345
2616 1194
2686 1055
1370 1337
630 1207
1295 1413
1926 1300
1419 1490
1824 1352
2740 1292
667 1130
2878 1420
2322 1149
1221 1266
1653 1093
640 1030
1209 1090
2315 1418
2216 1095
1664 1488
2361 1309
1943 1095
543 1210
2035 1034
2496 1471
2919 1492
1044 1198
2718 1279
2933 1031
867 1091
2634 1138
1027 1108
2601 1338
1838 1312
804 1067
2479 1039
2419 1141
1140 1184
2364 1273
2396 1306
2672 1450
2068 1204
2618 1117
1912 1112
1890 1434
2537 1305
549 1220
1674 1082
2179 1017
2553 1445
784 1055
2758 1122
2515 1405
1712 1381
2792 1124
1569 1271
834 1282
884 1056
1364 1325
1859 1264
2960 1162
1842 1309
1053 1099
2229 1409
2236 1460
2846 1272
2101 1005
2935 1165
2998 1193
2523 1467
1085 1383
1158 1057
1540 1021
2861 1012
1973 1293
1120 1413
965 1098
2884 1273
2297 1050
1769 1297
1348 1297
1224 1057
2390 1159
1330 1477
2788 1146
2468 1498
2467 1487
974 1274
2270 1411
1921 1231
1732 1317
2681 1329
700 1140
970 1408
597 1345
1037 1188
1654 1059
2486 1040
1556 1410
2390 1447
2045 1019
2403 1383
2288 1100
2227 1096
2897 1193
588 1296
1653 1463
760 1362
1103 1399
853 1300
959 1475
2009 1408
2970 1473
2770 1000
2171 1006
644 1339
1416 1137
1603 1325
1333 1136
2546 1218
740 1058
1630 1045
2570 1309
2422 1319
2492 1265
1256 1397
2346 1158
1669 1255
1924 1001
1394 1170
1071 1498
1386 1215
1144 1324
512 1026
1391 1010
1015 1343
1364 1120
1364 1017
1999 1008
791 1251
642 1041
2017 1314
1560 1366
2920 1127
2982 1007
2504 1150
2837 1040
2888 1269
1006 1001
713 1024
2941 1283
1438 1449
2666 1335
1485 1084
2595 1070
2081 1478
931 1486
1107 1054
1840 1020
957 1095
2988 1076
940 1494
2891 1020
1672 1139
531 1008
2194 1076
1884 1317
1892 1215
910 1415
1671 1303
2978 1059
1503 1362
713 1458
1050 1185
1001 1067
2403 1444
765 1409
2645 1037
2723 1237
2520 1351
2833 1196
2426 1275
820 1117
1266 1387
2214 1222
842 1062
1139 1337
699 1009
1651 1061
606 1260
980 1132
2213 1409
2524 1317
1301 1359
2363 1176
1647 1038
2832 1183
2298 1214
1472 1349
913 1139
1452 1495
1788 1259
881 1118
2282 1459
2814 1206
2618 1387
2192 1129
864 1410
2918 1390
772 1215
1231 1180
2083 1376
669 1054
1365 1469
2240 1344
2486 1471
689 1329
2791 1434
888 1140
889 1059
938 1238
2224 1168
2093 1206
1617 1385
1623 1013
2552 1494
2165 1411
2436 1193
555 1273
1735 1044
2676 1003
1161 1464
1301 1057
2970 1241
904 1097
2788 1489
2406 1406
1371 1299
1689 1256
2959 1391
1215 1163
1158 1460
1637 1185
1805 1418
2582 1029
1858 1380
1289 1006
1673 1190
2791 1009
2872 1463
1842 1466
833 1071
1045 1292
1718 1035
2301 1347
2580 1210
1258 1339
668 1172
1465 1161
719 1316
1680 1349
2188 1284
2796 1434
2041 1315
847 1392
2793 1265
2788 1303
786 1297
1562 1155
1098 1241
1774 1123
2836 1407
1465 1431
687 1094
995 1191
1291 1046
2095 1210
1967 1458
1679 1013
1439 1162
630 1228
1903 1186
2316 1025
1145 1405
947 1449
513 1458
2766 1038
2494 1021
1053 1480
1094 1215
1111 1143
2186 1085
2258 1145
662 1345
741 1125
2044 1415
2418 1209
527 1391
2651 1493
1670 1458
1283 1387
1095 1170
2413 1093
2117 1224
1938 1218
2142 1118
2269 1376
713 1155
1762 1297
1137 1218
1296 1230
2235 1247
2867 1305
672 1069
2285 1156
579 1281
1602 1281
1521 1383
1132 1030
1387 1161
2230 1223
2656 1116
595 1196
1352 1098
629 1120
735 1342
1121 1300
2072 1151
970 1221
2802 1177
1368 1037
2124 1222
931 1103
1102 1210
567 1121
2227 1233
2176 1410
931 1423
1245 1241
1469 1035
1029 1422
1062 1357
1971 1476
2470 1214
1086 1119
2548 1305
2373 1298
1507 1249
1675 1224
1880 1161
1233 1054
2122 1227
1263 1270
2194 1410
2663 1460
1395 1440
1716 1228
2971 1049
1901 1405
1156 1289
2016 1471
834 1444
2750 1260
2607 1146
2401 1337
2249 1194
2285 1235
1271 1499
2838 1077
2112 1352
2711 1418
2529 1234
1512 1263
2803 1109
651 1345
1751 1466
2998 1146
678 1023
2064 1263
2041 1049
2181 1243
1158 1175
2885 1253
1420 1110
745 1218
2206 1435
1347 1371
1752 1014
695 1498
1501 1245
2648 1233
1779 1239
977 1168
1480 1070
2310 1151
1669 1323
2268 1453
892 1126
1477 1150
2006 1293
695 1060
2023 1350
787 1341
2397 1454
2573 1381
868 1351
2299 1448
1056 1419
1987 1116
1703 1384
2042 1492
2712 1092
2385 1332
1054 1358
2552 1236
2585 1006
1548 1195
2078 1153
2527 1142
1586 1087
820 1209
2060 1391
1003 1389
1485 1111
1497 1415
603 1478
2632 1354
1371 1208
2664 1285
2782 1185
1881 1006
2412 1416
1596 1342
1850 1467
2354 1215
1127 1073
2541 1244
2908 1391
592 1005
855 1012
737 1496
625 1151
543 1061
632 1199
1184 1490
2753 1155
2440 1395
2103 1187
2762 1106
2055 1136
2968 1346
566 1353
1743 1258
2752 1241
623 1264
2264 1188
1047 1136
1000 1170
2461 1101
2147 1251
2794 1079
667 1163
1801 1370
588 1039
1117 1230
1697 1171
1847 1230
2891 1262
2003 1085
2988 1489
1418 1338
1001 1081
2268 1071
625 1219
1821 1120
1723 1490
2200 1246
1851 1461
1948 1111
1557 1224
502 1309
2865 1060
2339 1494
2095 1263
2433 1341
1864 1471
2827 1186
2837 1278
2658 1201
1753 1472
954 1256
878 1177
2230 1404
718 1269
1369 1487
1082 1241
1180 1051
1523 1313
1943 1398
1387 1035
2935 1126
537 1075
2323 1474
2548 1293
2196 1498
1489 1029
2213 1454
579 1412
895 1445
1800 1255
1953 1496
1533 1290
616 1470
2953 1323
1973 1275
670 1172
2685 1319
2586 1104
697 1336
645 1055
2458 1317
1004 1097
1480 1377
2201 1436
2213 1211
1656 1003
2888 1046
2781 1438
967 1017
897 1465
2462 1033
1389 1083
2306 1082
781 1420
2502 1459
788 1132
1853 1195
921 1045
2729 1355
840 1101
1227 1191
1894 1443
868 1018
804 1199
814 1069
2431 1452
648 1048
2288 1256
1698 1411
1538 1229
909 1194
2924 1344
2894 1402
2971 1349
1137 1331
695 1110
962 1317
2629 1195
1222 1292
2151 1166
2832 1055
2577 1292
1094 1221
2660 1332
1787 1494
1482 1119
1495 1410
577 1119
1567 1061
2532 1145
567 1219
1285 1083
2982 1337
743 1333
1610 1254
1061 1386
1878 1001
1398 1017
1785 1052
2350 1268
1568 1412
1653 1389
2604 1170
2931 1389
2459 1239
1022 1148
1487 1280
2870 1367
1853 1488
1534 1214
2336 1146
617 1140
2118 1075
1986 1365
737 1429
1089 1430
1451 1206
2775 1147
1820 1058
2564 1281
697 1264
2826 1133
754 1059
1476 1285
2850 1369
2171 1412
1580 1119
1437 1425
1058 1211
1502 1421
737 1152
1044 1373
2286 1338
2580 1156
2194 1475
1801 1292
1209 1068
2651 1174
682 1365
2957 1284
886 1199
1665 1295
2765 1318
2620 1459
2767 1159
851 1162
1239 1045
1779 1429
2020 1292
1448 1407
1949 1317
2653 1173
567 1046
715 1008
1876 1037
1390 1415
677 1032
1391 1192
921 1017
2992 1434
2892 1192
2585 1303
645 1489
725 1305
1652 1332
599 1145
2733 1406
2139 1272
1620 1121
1069 1229
2842 1066
2303 1239
2430 1195
2699 1259
1667 1272
796 1367
2569 1413
2461 1080
611 1389
2879 1133
2351 1073
2706 1375
1218 1040
2220 1185
2581 1366
2668 1471
1689 1046
1736 1039
2681 1097
2849 1239
1447 1338
683 1181
1963 1260
1231 1484
870 1403
1718 1442
962 1387
2657 1358
1863 1292
2019 1027
2418 1412
1887 1426
869 1422
1083 1243
2939 1126
2039 1365
2640 1203
672 1398
2292 1204
1241 1256
1249 1332
1190 1147
2503 1457
2884 1292
1820 1226
626 1483
1696 1123
2875 1142
2848 1415
1071 1030
884 1498
1439 1296
2628 1312
1096 1199
551 1076
1342 1001
2578 1452
2944 1266
1103 1069
947 1371
2130 1458
1434 1342
735 1348
1147 1347
2529 1009
2142 1222
2147 1316
1156 1076
726 1294
655 1411
1078 1010
2109 1333
2101 1294
1148 1070
2778 1401
1618 1158
2152 1046
2296 1037
2235 1452
2293 1343
831 1090
2105 1486
1755 1466
2989 1209
2813 1354
2040 1225
2869 1009
2465 1060
2596 1340
1555 1254
1101 1118
2575 1161
1045 1350
2995 1349
646 1167
2218 1025
1245 1074
2736 1059
964 1412
1503 1348
1177 1287
2942 1161
586 1215
890 1295
1005 1416
1146 1012
2330 1045
2604 1408
2233 1297
552 1317
2570 1261
1652 1016
2317 1204
1685 1375
2325 1440
1489 1261
1730 1396
1124 1461
1004 1404
2925 1078
1531 1050
1934 1297
510 1118
2842 1020
1033 1335
1037 1248
1387 1455
2360 1195
2763 1458
598 1222
1870 1299
1977 1012
2475 1454
2283 1326
1011 1319
1348 1275
1279 1277
2530 1189
2453 1471
2636 1256
1639 1446
2495 1149
665 1045
1664 1216
2382 1325
2767 1081
2952 1002
754 1016
2940 1058
795 1109
1181 1076
1196 1302
1058 1038
2955 1491
951 1497
976 1208
1311 1328
596 1103
2002 1147
1270 1308
678 1345
1047 1263
899 1056
767 1052
1320 1352
1107 1000
638 1122
1425 1430
1199 1475
1960 1376
1723 1314
1573 1065
2354 1164
2516 1478
2065 1459
2397 1023
1411 1456
2362 1031
1697 1455
609 1386
1312 1166
2320 1207
757 1342
1163 1394
545 1024
825 1453
1251 1268
2939 1246
2958 1324
2028 1343
1087 1282
1278 1234
2054 1280
748 1209
2696 1391
1534 1331
1762 1048
2398 1292
1012 1449
2822 1137
2570 1115
2731 1128
2983 1252
2802 1318
2200 1034
2227 1329
2693 1086
911 1043
672 1377
1173 1102
1884 1495
2110 1068
2347 1062
2469 1343
1598 1419
1506 1208
2774 1487
971 1184
1525 1247
1626 1028
1146 1243
876 1060
2763 1338
2464 1404
2862 1451
2833 1447
1940 1255
2458 1029
1474 1061
2367 1481
966 1076
2061 1491
2641 1474
2281 1300
1762 1134
2512 1178
2387 1380
1107 1414
2051 1475
2207 1204
789 1173
1132 1035
1771 1055
2986 1450
1718 1498
2913 1357
854 1061
2878 1330
2942 1465
1966 1239
2210 1073
1807 1426
1826 1167
2995 1278
1760 1148
2380 1076
1471 1436
633 1160
795 1184
1809 1461
2736 1435
1260 1225
1212 1425
2818 1252
1685 1322
2653 1345
952 1220
569 1069
908 1013
1786 1274
2558 1113
2059 1229
510 1489
1270 1205
1812 1012
2000 1105
1061 1390
2336 1263
1858 1281
1057 1187
2058 1331
1996 1011
757 1466
748 1010
1039 1449
1159 1144
582 1495
666 1365
2190 1041
1085 1184
1914 1372
1325 1182
2523 1115
593 1387
1453 1289
2317 1040
1275 1153
1398 1414
2704 1190
1201 1344
600 1403
2674 1083
2044 1202
698 1012
1664 1330
2382 1309
1766 1335
1882 1295
883 1336
1651 1151
2527 1039
938 1430
670 1101
1321 1066
1532 1044
1701 1009
1673 1493
667 1028
1209 1399
629 1129
1548 1216
1939 1417
2955 1191
2335 1204
1465 1152
1669 1047
1346 1076
1531 1478
2704 1361
2033 1376
729 1470
1431 1206
2735 1182
732 1127
1099 1338
2593 1464
1349 1077
2770 1107
2643 1265
1241 1294
2500 1394
888 1043
2836 1411
2369 1436
1008 1388
640 1321
919 1184
1591 1155
2610 1448
1524 1484
2955 1183
693 1404
2833 1169
2497 1150
829 1148
2844 1059
799 1184
622 1099
889 1272
1041 1158
2302 1106
1615 1456
2655 1215
2889 1137
2976 1154
2198 1242
1885 1188
1069 1177
1227 1311
2192 1318
1829 1368
1719 1171
2393 1072
857 1013
1635 1300
2305 1318
1400 1440
750 1119
2334 1039
2669 1059
2649 1016
846 1375
1909 1408
1626 1074
731 1252
2217 1325
1283 1372
2956 1447
2716 1066
2032 1066
2351 1358
816 1054
2002 1478
2573 1055
972 1008
1250 1027
786 1295
865 1282
2192 1370
1548 1444
2885 1168
1781 1020
650 1079
981 1170
2337 1345
610 1268
1678 1203
2387 1161
1740 1073
1056 1496
1698 1327
1046 1302
1816 1416
2923 1441
2887 1453
1575 1152
2659 1326
2122 1376
856 1217
2297 1129
1638 1125
2973 1153
2305 1169
2512 1366
1726 1463
2385 1017
1826 1116
1841 1455
2661 1174
695 1095
2400 1230
2452 1361
1292 1204
1080 1453
1010 1333
1426 1369
874 1316
2003 1229
1563 1333
2633 1003
906 1247
1502 1116
2568 1260
1614 1322
1362 1443
1489 1059
610 1415
1525 1171
935 1361
2159 1222
1936 1009
2956 1110
1001 1349
1174 1364
1849 1430
1078 1411
2390 1368
2688 1430
2766 1405
2269 1157
2288 1223
1957 1410
1122 1241
1366 1015
2035 1149
2294 1293
1157 1142
2548 1113
1743 1327
1567 1476
1837 1136
1661 1306
1815 1222
1011 1136
969 1412
2618 1262
2078 1045
2313 1072
1040 1292
1768 1308
993 1042
789 1004
2124 1383
2377 1354
1338 1090
2468 1330
2234 1171
2119 1127
1719 1210
2656 1365
682 1028
2710 1410
2824 1146
1181 1185
572 1332
2398 1323
2948 1223
869 1180
2266 1075
1342 1387
742 1146
1231 1413
2631 1334
1548 1130
2198 1045
1145 1324
1107 1370
2607 1346
2221 1159
1143 1057
1170 1282
1181 1139
532 1111
573 1308
788 1061
2621 1443
2026 1150
1752 1179
2981 1276
2551 1476
622 1493
2924 1065
2766 1125
2187 1168
1523 1051
1554 1071
2259 1192
871 1230
853 1413
1789 1281
2045 1318
2182 1480
2038 1026
717 1257
504 1499
1639 1280
659 1159
1504 1090
1442 1259
1051 1383
1516 1373
2928 1328
1157 1005
2144 1446
2153 1291
1282 1300
2679 1041
1414 1380
1216 1449
2713 1127
2794 1337
1671 1247
2168 1278
1348 1270
2888 1278
703 1075
1038 1247
1787 1363
2422 1066
2801 1265
787 1232
2606 1363
2830 1101
1650 1150
2924 1079
1273 1485
1118 1052
1437 1172
1690 1197
1892 1239
1987 1112
1652 1333
835 1404
650 1196
553 1347
946 1075
2365 1039
1042 1254
2289 1108
2894 1003
840 1301
1395 1165
1935 1329
2255 1055
1680 1240
1190 1081
1308 1258
1102 1318
2420 1330
609 1130
1397 1025
1547 1144
1647 1308
2848 1251
733 1098
2773 1084
2250 1454
1521 1241
2150 1161
2770 1129
2542 1008
1976 1354
1684 1127
1440 1326
1766 1251
2350 1183
1047 1056
1487 1487
864 1208
1424 1133
1370 1383
1923 1222
1343 1417
878 1174
621 1229
1159 1390
935 1264
1952 1251
1116 1313
1825 1388
1711 1375
2331 1352
2166 1213
1958 1118
1359 1494
1634 1229
1029 1483
880 1069
626 1009
2334 1286
575 1057
798 1050
2612 1236
2256 1031
1819 1334
2755 1387
521 1126
1336 1201
1065 1327
1487 1265
2019 1323
2966 1203
574 1311
2547 1169
930 1449
2511 1059
1762 1334
2134 1001
2209 1359
2696 1319
628 1295
2638 1008
2567 1180
577 1414
1180 1368
2950 1383
1043 1446
1191 1036
1345 1228
1341 1119
2778 1178
922 1188
2752 1155
1106 1332
2782 1160
1128 1398
885 1305
2807 1106
1035 1125
540 1346
873 1099
802 1375
2802 1188
2787 1159
2091 1154
1063 1225
2316 1036
2299 1019
1046 1483
2704 1408
2862 1399
2454 1495
1343 1199
2811 1232
1554 1313
2331 1117
778 1458
1286 1450
570 1385
1378 1130
1976 1290
2780 1321
662 1404
1417 1111
2351 1233
2517 1019
915 1319
2471 1339
794 1471
1348 1360
2088 1352
2944 1497
2261 1241
1882 1000
2132 1023
2522 1114
2845 1297
787 1345
949 1364
2797 1088
2321 1016
2503 1341
1264 1489
2607 1113
1811 1487
1033 1455
1166 1471
1203 1411
2482 1076
2882 1105
2736 1087
1137 1203
1588 1147
2208 1058
2574 1125
977 1106
1449 1034
2885 1283
586 1472
1964 1103
1143 1409
746 1299
791 1111
634 1050
2191 1202
1628 1487
989 1301
813 1450
1829 1214
2340 1096
2288 1152
907 1188
2027 1110
1674 1212
1664 1367
2894 1074
2536 1468
2874 1281
2527 1484
655 1177
1487 1006
1747 1324
1351 1437
2272 1288
1605 1306
1879 1001
814 1396
2797 1126
1875 1291
980 1241
1963 1476
1162 1247
703 1158
1676 1350
666 1195
1261 1363
985 1105
2644 1231
1107 1423
2415 1190
1504 1282
1780 1354
941 1179
2964 1219
2446 1474
1647 1042
2892 1440
2229 1038
1590 1403
1974 1466
1097 1003
767 1497
1748 1453
1743 1471
2892 1178
2436 1443
2669 1144
2152 1319
1340 1465
2326 1162
2587 1109
680 1222
1372 1147
2910 1488
649 1397
2177 1199
1126 1444
2516 1222
887 1328
2678 1298
904 1045
505 1166
2336 1170
1993 1124
1854 1104
1068 1123
1934 1427
1276 1219
1611 1192
1143 1147
2241 1363
2861 1012
2871 1161
1532 1345
1596 1387
1690 1077
737 1453
1518 1086
1299 1305
2823 1388
2084 1244
2460 1111
545 1307
975 1010
736 1008
2504 1101
678 1056
1283 1343
2736 1226
1434 1027
654 1257
1939 1417
2800 1108
2109 1267
1982 1230
2623 1040
1475 1466
2789 1417
2940 1011
1985 1238
1712 1025
2998 1460
2940 1472
2101 1122
886 1303
2802 1089
2426 1317
1510 1056
1704 1256
995 1182
2380 1494
1092 1358
2903 1117
988 1231
1816 1189
2551 1470
2302 1249
1727 1421
1984 1136
614 1224
944 1346
1958 1336
542 1164
1796 1200
1992 1099
1440 1299
861 1055
2312 1194
2183 1398
1765 1446
1086 1109
2805 1278
2192 1046
1026 1156
1375 1439
2275 1200
728 1112
2580 1080
553 1293
2612 1393
2120 1496
2146 1427
1295 1240
943 1447
2184 1065
2447 1188
839 1190
1249 1179
2953 1315
1817 1404
979 1198
2439 1348
1659 1079
2146 1082
2464 1128
1128 1343
1354 1297
1726 1004
675 1252
617 1261
844 1282
1882 1324
1188 1419
2035 1315
1454 1463
724 1213
2893 1277
754 1400
1674 1106
2997 1489
885 1129
762 1042
1635 1318
2978 1345
2931 1415
1788 1013
1169 1160
1193 1489
2231 1151
1043 1431
846 1414
2340 1202
1915 1443
1063 1077
2007 1418
1531 1404
556 1310
1626 1114
2311 1036
1807 1338
1601 1254
1660 1357
1137 1289
905 1086
766 1373
1171 1212
2196 1012
2057 1074
2998 1397
520 1366
2964 1001
2606 1098
1698 1393
1884 1442
901 1072
1968 1218
2726 1116
1652 1132
2893 1440
1709 1150
1138 1359
2353 1143
1962 1070
1944 1268
1671 1041
1061 1013
2658 1094
777 1060
1369 1260
1252 1031
2044 1149
1337 1142
1156 1275
1244 1481
2199 1134
2225 1154
1348 1022
2159 1366
2898 1158
2405 1349
1771 1145
1793 1086
954 1046
1955 1000
1908 1125
2316 1468
862 1228
999 1331
2880 1220
1060 1141
1472 1335
2339 1385
1580 1161
1511 1308
941 1397
2474 1451
1688 1122
2370 1183
2925 1153
1798 1460
2532 1385
2913 1242
2017 1243
970 1335
2262 1443
1321 1118
1711 1199
2326 1089
2155 1112
2593 1272
1613 1358
1060 1321
896 1439
2984 1125
2067 1042
2547 1018
2868 1336
1351 1139
1726 1314
1060 1259
891 1132
1652 1318
2622 1237
2971 1073
1734 1069
942 1277
1299 1235
1977 1030
1264 1068
1329 1061
520 1139
1333 1082
1736 1312
1123 1100
2447 1021
574 1354
2358 1121
596 1065
1887 1405
602 1402
2993 1157
620 1018
1509 1407
717 1155
1885 1172
2404 1277
1545 1396
2131 1364
1536 1339
1953 1354
2731 1231
1133 1236
1678 1456
1186 1042
2089 1290
1192 1242
2376 1447
1287 1029
594 1379
1111 1490
1935 1400
2032 1366
2054 1041
2198 1044
1819 1447
2929 1262
1403 1394
1298 1017
1213 1352
1045 1361
1672 1495
1625 1386
1911 1055
2856 1294
529 1148
2437 1429
1055 1493
986 1099
1745 1348
1875 1376
1801 1175
554 1362
2575 1485
2731 1172
2285 1218
1856 1251
1361 1116
2637 1374
2211 1309
2629 1247
1272 1361
1693 1069
2623 1401
688 1013
2697 1204
1206 1153
2905 1458
1860 1056
1809 1090
2061 1294
1705 1155
2954 1220
2842 1307
2305 1088
597 1478
601 1299
2380 1238
2617 1280
692 1290
986 1387
658 1101
2678 1350
2354 1496
1200 1000
1681 1402
2547 1004
865 1476
1823 1045
1703 1271
567 1236
2607 1059
1957 1338
1956 1299
1023 1162
2627 1352
1166 1311
1456 1415
2018 1293
1334 1416
764 1294
1010 1361
1148 1371
2439 1044
1987 1407
2822 1481
883 1201
2319 1273
2162 1411
2359 1410
2300 1423
2752 1382
914 1142
2713 1478
2586 1024
2446 1443
1240 1145
510 1173
544 1455
2807 1175
2345 1349
2908 1002
2841 1357
1668 1036
2264 1259
1487 1096
2082 1023
2425 1014
1892 1264
580 1039
1780 1301
1013 1165
2466 1311
1600 1110
568 1091
1740 1002
1379 1099
2551 1290
1316 1303
2470 1194
538 1395
798 1266
663 1469
2050 1006
1174 1472
1410 1143
2221 1310
929 1126
1393 1069
2984 1420
1477 1345
2061 1164
2670 1451
2716 1271
2898 1358
1058 1448
2244 1424
718 1296
2909 1112
2284 1169
1718 1008
2991 1481
2091 1238
2017 1461
1609 1041
1048 1493
2479 1110
1000 1481
2368 1184
2987 1183
2128 1202
2876 1069
2491 1231
2912 1426
684 1108
733 1287
2817 1489
2011 1494
1760 1377
2069 1450
1466 1204
1633 1352
2005 1391
1550 1317
1888 1002
947 1447
1271 1221
2905 1439
863 1045
2294 1417
1662 1218
660 1111
783 1386
1009 1108
742 1048
1199 1169
2242 1398
2244 1196
1575 1232
1493 1116
2448 1389
2934 1367
2177 1332
1057 1458
1124 1041
2382 1011
737 1302
1958 1440
1872 1084
946 1017
857 1413
831 1423
2461 1152
2701 1286
1478 1456
2163 1461
1938 1376
1635 1469
1637 1215
2286 1000
2141 1080
1172 1307
575 1393
2482 1008
544 1398
2153 1142
2181 1120
1245 1418
2450 1235
2733 1493
1933 1265
2970 1289
676 1304
2913 1362
2656 1045
1009 1469
700 1185
697 1160
2472 1496
2588 1299
849 1377
2585 1428
1641 1464
532 1028
2710 1217
527 1491
705 1389
2033 1087
999 1137
502 1163
898 1444
977 1379
2847 1205
2822 1280
1668 1148
1675 1176
904 1137
635 1220
2837 1014
1958 1263
2698 1460
1162 1159
586 1272
1343 1409
2875 1375
2605 1145
1247 1219
1520 1261
1789 1181
1469 1398
2314 1176
2713 1295
1170 1471
1682 1277
2260 1304
1913 1404
2478 1434
1719 1028
1063 1080
979 1498
783 1417
1945 1466
2903 1086
1133 1382
846 1471
1287 1314
1979 1456
1421 1345
1913 1321
2070 1152
1438 1311
2308 1161
1064 1338
1199 1125
2381 1156
2369 1239
2626 1040
1360 1470
2012 1374
1165 1398
2362 1373
523 1002
1896 1216
2531 1319
1387 1231
954 1072
2172 1079
715 1077
2935 1205
834 1032
2553 1489
866 1418
2668 1371
906 1412
1710 1216
2479 1065
789 1102
856 1179
1027 1428
2864 1361
2571 1224
1231 1306
1055 1023
2158 1087
1484 1002
1952 1376
681 1277
2057 1109
2679 1322
1432 1299
1691 1297
2753 1459
1589 1481
2093 1175
1941 1164
1582 1389
2086 1218
1996 1314
1549 1049
1003 1206
949 1288
781 1087
1317 1381
1642 1234
793 1136
1207 1298
2339 1345
2271 1083
2967 1424
2397 1438
666 1200
2038 1124
682 1472
1107 1198
1167 1174
2483 1401
2166 1498
1630 1270
2560 1181
1064 1421
2816 1008
1732 1205
828 1474
2927 1323
2504 1497
1281 1418
1456 1391
1785 1019
2118 1362
1790 1046
2059 1120
919 1214
1152 1157
914 1309
1393 1265
2244 1011
2527 1108
1624 1354
1738 1020
1036 1382
563 1304
2814 1444
1188 1063
870 1332
1045 1457
2296 1288
1805 1118
615 1274
511 1470
620 1278
2911 1327
545 1328
1607 1081
2053 1278
2437 1010
2081 1331
1346 1296
656 1177
1272 1406
2337 1226
1251 1197
1597 1341
1798 1270
954 1336
2483 1381
1542 1143
1897 1208
2463 1279
1711 1233
2575 1127
1987 1111
774 1347
1411 1197
1368 1243
634 1067
2252 1162
2054 1308
2039 1231
2177 1114
658 1165
1615 1478
2339 1471
1374 1344
760 1064
1502 1350
2239 1470
2437 1013
2689 1497
2922 1425
1426 1461
511 1056
2759 1240
901 1033
720 1041
1832 1297
1461 1196
1148 1213
2633 1278
911 1323
2767 1015
2436 1315
2391 1406
732 1028
2444 1263
1444 1028
2588 1216
2313 1146
2426 1224
1595 1364
1627 1361
2558 1070
2385 1135
1372 1433
2675 1112
1544 1155
1146 1066
2852 1263
1927 1218
994 1479
1860 1154
1666 1174
965 1309
1736 1011
601 1450
1742 1179
2786 1397
1998 1070
2367 1183
1744 1357
2173 1014
1477 1121
2124 1498
1240 1340
1510 1305
2044 1187
2015 1086
2765 1343
737 1326
2705 1461
2787 1267
2849 1010
1021 1316
962 1249
2945 1383
2534 1377
1736 1003
2540 1005
2475 1434
2636 1256
1804 1387
2088 1419
1316 1042
2986 1138
2386 1009
2422 1488
1483 1069
2213 1280
2831 1335
2055 1019
2559 1494
2994 1422
887 1074
1535 1083
1231 1189
1869 1062
854 1101
1238 1435
2541 1108
1616 1339
1430 1453
1595 1492
1204 1256
1495 1313
829 1363
1365 1032
1591 1310
1719 1282
1781 1392
2742 1426
1724 1136
2219 1402
2499 1236
1858 1436
883 1324
1257 1002
776 1187
1965 1431
2090 1313
1739 1041
2944 1299
1621 1378
1222 1278
637 1143
1128 1420
1012 1151
1764 1391
2611 1335
554 1362
1943 1322
1554 1308
1995 1235
1378 1301
1065 1336
2562 1277
1411 1096
2350 1394
1014 1454
2279 1014
2245 1161
2505 1334
2764 1473
2723 1456
2623 1355
2832 1246
1172 1430
1360 1405
2433 1155
877 1137
620 1102
1895 1402
2339 1431
2809 1343
2742 1355
1010 1445
1199 1260
2741 1101
2063 1260
2496 1277
2088 1492
2933 1113
912 1246
838 1387
680 1107
692 1464
2922 1156
1247 1179
720 1380
607 1229
521 1313
1143 1093
1244 1230
1906 1246
2158 1036
2072 1276
2639 1321
2529 1100
1453 1239
1812 1412
2389 1212
2554 1270
2437 1154
1145 1057
2635 1242
1938 1466
2662 1011
1901 1407
710 1228
2278 1085
577 1091
685 1028
1931 1212
1236 1073
1263 1327
555 1056
592 1330
550 1318
2423 1356
2422 1068
1165 1254
1351 1377
1850 1379
722 1143
1661 1250
1987 1463
1516 1201
2818 1016
1738 1269
1177 1083
2799 1114
2349 1089
750 1370
2554 1279
1912 1074
1081 1315
1500 1441
1840 1288
1870 1419
2004 1209
1085 1127
1922 1039
2253 1321
1693 1030
2248 1472
1890 1356
2679 1128
2200 1079
886 1145
1158 1248
1329 1194
1221 1405
2069 1132
2573 1001
2999 1314
2926 1023
2994 1176
1959 1092
1492 1113
2527 1015
2165 1193
2014 1465
579 1255
1272 1134
1469 1126
2616 1260
2011 1478
2385 1241
500 1152
1217 1379
929 1169
1221 1209
2047 1485
2051 1185
2681 1419
1837 1280
1767 1123
2614 1241
1031 1014
2576 1156
2740 1420
2858 1316
2593 1309
2905 1312
1438 1200
946 1022
888 1134
2229 1046
1530 1120
1087 1326
2371 1122
2438 1424
2765 1203
1874 1426
1499 1484
2807 1095
2190 1278
1214 1046
586 1024
688 1357
1392 1304
1348 1473
550 1373
1477 1142
1170 1121
730 1100
910 1243
607 1170
2861 1482
2127 1386
625 1498
2876 1268
526 1251
2473 1162
2326 1301
1910 1182
1890 1309
719 1498
1741 1326
2073 1053
1169 1422
2260 1023
2600 1481
674 1182
2974 1022
2481 1424
1673 1022
1758 1138
1164 1028
1649 1326
637 1323
1169 1429
1983 1174
575 1491
1132 1339
890 1072
2711 1467
1242 1075
1398 1279
1325 1499
2343 1163
2113 1331
967 1346
653 1051
1723 1471
1614 1368
2602 1239
1294 1254
810 1082
1560 1156
1233 1318
2376 1248
1639 1066
1145 1480
2492 1162
1941 1188
2998 1367
2932 1405
1728 1486
2375 1218
1141 1254
1076 1142
1160 1386
2568 1086
1146 1154
2404 1284
2094 1356
1776 1062
2355 1061
812 1249
2675 1347
2332 1092
2348 1288
2595 1138
561 1139
2800 1096
2113 1164
2460 1165
664 1456
2073 1216
2120 1343
2935 1444
736 1487
1363 1022
1106 1116
2901 1140
1405 1307
2319 1327
923 1214
1086 1495
1356 1334
1406 1292
1176 1409
1776 1293
2069 1398
1012 1305
720 1078
1537 1455
2319 1034
1727 1191
1702 1101
2823 1420
729 1149
851 1374
2968 1363
874 1263
995 1027
2491 1242
1115 1075
2005 1105
2904 1476
2165 1329
684 1116
1505 1496
1924 1024
2737 1154
1701 1062
1430 1161
2220 1318
924 1065
2182 1089
2321 1264
2142 1450
1553 1022
2734 1494
2878 1224
1054 1153
2475 1414
705 1293
1257 1339
1698 1303
2023 1177
1352 1098
2089 1005
2234 1028
2202 1178
1718 1241
2341 1311
1514 1164
1873 1257
2984 1025
2925 1039
1257 1302
1654 1310
2569 1254
1612 1471
2725 1349
2970 1221
813 1238
1219 1301
1325 1158
1159 1079
2835 1352
554 1230
2026 1065
1640 1104
802 1210
1777 1499
949 1094
614 1361
2653 1343
2764 1022
2859 1080
2287 1410
2561 1221
2213 1254
648 1416
1954 1449
1783 1127
1938 1004
1454 1336
1522 1079
921 1399
2591 1339
2905 1292
1431 1393
1314 1138
865 1383
1424 1094
1272 1053
1211 1024
1604 1457
2734 1268
1129 1364
1386 1112
1600 1423
2999 1215
1160 1205
1562 1458
672 1211
773 1290
600 1184
527 1049
1389 1319
1684 1257
702 1027
744 1431
504 1374
1080 1179
2051 1063
1210 1366
2496 1083
1278 1288
2133 1131
814 1225
2400 1232
920 1106
536 1068
1764 1241
1211 1311
2421 1116
1556 1180
1869 1490
1094 1272
1461 1270
2399 1410
1739 1189
681 1348
1279 1474
1614 1137
649 1299
1991 1194
595 1428
2139 1396
749 1006
1602 1105
2106 1398
1770 1119
2104 1032
1022 1453
2038 1012
2812 1423
810 1193
728 1351
1212 1429
2340 1007
808 1037
2091 1498
2987 1020
1730 1300
1483 1403
1786 1381
802 1468
563 1041
2355 1399
870 1418
2008 1085
1196 1410
2895 1306
2145 1397
2183 1300
1797 1297
1917 1372
2982 1217
1376 1431
1468 1432
2424 1377
2821 1212
1677 1070
2320 1164
2103 1274
1231 1278
2470 1400
1388 1408
1811 1388
1837 1184
987 1243
2051 1411
808 1014
2824 1207
2672 1133
2057 1031
1131 1355
1307 1369
2974 1198
1083 1443
1225 1044
629 1054
2523 1100
2518 1348
1214 1476
1731 1128
994 1083
2740 1059
739 1136
1246 1038
2084 1411
1363 1363
989 1099
1587 1038
1798 1316
855 1241
2077 1135
521 1112
2620 1452
2601 1042
1942 1165
947 1480
900 1101
2497 1367
1611 1351
2016 1145
1606 1442
920 1403
1948 1346
1348 1007
2361 1018
645 1402
1214 1469
2145 1015
1086 1258
1096 1328
2693 1156
998 1269
1060 1055
2995 1160
555 1380
807 1083
1905 1249
2347 1122
2611 1429
1912 1106
2616 1397
1191 1047
2036 1440
2236 1299
2106 1344
1347 1137
915 1386
2881 1092
2453 1281
1470 1009
2574 1299
2576 1198
1957 1117
1728 1333
1729 1367
1337 1207
1375 1374
1290 1290
2930 1329
1496 1067
653 1317
2590 1475
1911 1063
2986 1253
843 1402
1631 1006
2207 1075
2390 1296
673 1126
1049 1123
749 1154
2502 1013
2050 1030
780 1134
1337 1291
2018 1322
591 1037
1176 1190
1440 1206
2329 1059
2087 1137
972 1131
2343 1439
1172 1484
2553 1420
960 1294
1750 1220
1593 1028
838 1118
1511 1212
639 1418
1335 1259
888 1249
2918 1130
1430 1232
1337 1120
984 1318
2834 1167
912 1499
895 1121
2457 1431
1196 1184
1779 1203
1455 1068
823 1429
790 1304
1266 1334
1885 1145
2069 1118
2608 1007
1653 1352
523 1458
1473 1290
595 1387
974 1174
1030 1202
937 1062
2030 1326
2281 1098
2385 1483
1894 1048
2245 1123
2073 1252
814 1481
2662 1162
853 1491
544 1164
2397 1352
1395 1396
704 1446
1483 1108
2523 1060
1142 1315
1876 1258
1350 1117
1396 1120
1327 1024
2861 1288
1884 1213
1088 1485
2509 1030
2770 1351
1448 1056
2878 1184
2188 1333
2049 1044
634 1311
2036 1326
1982 1272
951 1000
2325 1274
2290 1335
2952 1179
1133 1281
2609 1442
2060 1102
2199 1064
2233 1359
1145 1423
2771 1474
507 1004
1941 1289
1679 1279
1178 1139
1208 1043
2655 1051
1224 1155
1089 1282
2008 1033
2253 1496
2672 1123
1005 1393
2430 1020
1407 1052
1276 1128
1809 1153
538 1297
2614 1304
2957 1386
609 1376
1745 1070
507 1260
1065 1304
1983 1071
622 1157
2548 1201
2918 1114
1567 1100
2294 1460
2546 1341
677 1103
834 1489
1931 1413
1705 1408
2971 1413
902 1461
2640 1354
1308 1367
2696 1127
1490 1190
2338 1003
2802 1363
2401 1020
1942 1056
1411 1312
741 1469
1970 1086
2643 1365
1798 1177
2482 1283
2418 1396
2298 1111
1995 1274
2000 1068
2071 1424
2802 1422
2210 1357
2902 1461
1731 1080
2948 1332
1326 1096
1323 1193
2370 1362
1237 1296
1642 1376
2345 1279
2392 1289
2200 1459
1727 1372
1519 1170
2321 1046
623 1275
1678 1091
1145 1385
2966 1308
2684 1126
1676 1396
2027 1187
2584 1482
648 1023
2183 1190
699 1342
2161 1221
1641 1399
1533 1397
2596 1308
1953 1313
2396 1133
1632 1010
684 1467
1128 1422
1165 1356
1795 1087
2073 1294
2755 1026
826 1324
1415 1481
2215 1258
2562 1232
2226 1385
528 1305
964 1225
1235 1026
2658 1264
1883 1250
2046 1130
2287 1262
879 1038
1509 1116
1103 1084
1536 1217
2349 1299
1529 1461
804 1425
1198 1428
2180 1271
699 1059
1189 1440
671 1172
2606 1099
903 1226
1154 1212
1231 1237
1450 1073
2280 1415
1035 1355
1974 1134
1655 1219
1585 1189
740 1103
804 1466
2470 1416
1238 1289
2705 1300
1444 1105
2885 1447
2272 1055
2874 1358
632 1379
1978 1220
1566 1393
1194 1131
1767 1007
582 1096
970 1042
1121 1066
2054 1433
729 1248
717 1351
509 1263
1503 1134
1357 1417
2140 1339
2109 1048
1228 1345
649 1057
2520 1081
2955 1268
2109 1061
2069 1085
2682 1037
1088 1153
747 1393
1450 1029
1301 1375
1243 1016
909 1167
1452 1087
2644 1350
2006 1361
812 1002
2271 1065
2656 1095
666 1098
1477 1095
1645 1043
1815 1097
914 1345
2847 1174
1384 1237
2724 1240
1731 1309
1799 1090
1881 1158
2064 1349
1505 1358
1388 1335
1459 1281
686 1315
2745 1398
2811 1325
2261 1037
2053 1332
660 1419
2994 1453
2472 1370
2997 1307
519 1005
690 1231
1279 1356
893 1459
1548 1170
525 1318
1575 1317
1373 1329
770 1162
2499 1163
1182 1333
1397 1173
1413 1273
1934 1328
2299 1224
1652 1319
556 1391
1896 1008
2643 1297
1986 1096
1260 1028
1962 1201
527 1137
1408 1338
885 1407
2045 1400
2566 1000
1731 1495
2815 1155
2682 1103
2092 1233
2523 1169
1639 1001
810 1467
742 1323
2365 1389
2757 1456
2281 1054
586 1105
2529 1053
1435 1208
2017 1474
2262 1234
2562 1193
1880 1480
1151 1283
1702 1186
1197 1407
1421 1049
1463 1082
2026 1326
743 1148
1909 1411
1459 1452
1690 1402
1147 1434
1849 1397
1473 1408
2741 1449
1756 1461
1882 1256
1153 1262
2916 1319
1258 1466
2525 1034
2783 1306
1332 1164
2935 1289
1850 1168
2953 1446
1439 1414
2965 1021
2430 1406
2586 1320
959 1343
2394 1422
2157 1472
1385 1337
1927 1346
2396 1476
853 1380
2080 1154
925 1264
1084 1084
2724 1402
2861 1464
1791 1234
1714 1218
1198 1151
2065 1299
1030 1302
1759 1088
2190 1172
2948 1437
843 1334
2115 1377
2441 1030
2445 1497
2083 1013
2044 1168
2895 1314
965 1037
1868 1176
1707 1005
1479 1468
1384 1332
1491 1275
2385 1063
1859 1008
1029 1477
2974 1307
2174 1018
1991 1149
2307 1116
912 1212
1670 1361
1628 1368
1643 1260
710 1194
1975 1456
2424 1193
1459 1104
2460 1290
1628 1403
1843 1054
1928 1029
2023 1177
639 1487
692 1380
1671 1266
2628 1147
1314 1052
1028 1294
2968 1130
1606 1392
574 1113
2924 1236
950 1423
1215 1236
2449 1312
860 1011
1599 1095
2611 1283
993 1098
1325 1402
1864 1232
1214 1306
999 1180
2261 1274
1164 1164
1129 1448
1849 1003
2653 1146
1062 1423
1058 1379
2253 1311
962 1389
1108 1296
2925 1498
968 1310
1546 1216
1992 1457
2861 1230
2703 1442
2723 1031
2764 1094
2915 1204
2842 1070
2482 1003
1094 1452
2073 1196
706 1019
768 1496
2039 1369
2943 1425
2049 1404
915 1393
1555 1249
1170 1313
2442 1076
678 1245
2317 1386
2579 1072
2493 1315
2412 1391
2938 1172
2588 1133
2766 1321
1404 1268
1847 1346
788 1408
962 1184
1566 1135
1950 1102
1022 1124
2432 1051
1263 1421
2004 1250
2610 1029
1108 1217
1747 1063
900 1488
1850 1008
1466 1390
2512 1242
2072 1390
2583 1129
1495 1187
1131 1177
1749 1476
2513 1361
2769 1428
1889 1091
2443 1005
2603 1293
1381 1384
2528 1073
512 1400
2100 1143
2500 1287
2711 1281
1340 1387
2288 1199
513 1418
747 1132
850 1269
2839 1462
776 1039
2523 1290
2783 1228
2923 1070
950 1451
2284 1357
1857 1202
2006 1052
2770 1257
839 1192
704 1201
1288 1172
1515 1118
1546 1138
2640 1418
2739 1473
1730 1472
1243 1182
1681 1330
1790 1333
1565 1130
501 1315
657 1160
2731 1222
2673 1211
2759 1369
2358 1407
856 1125
2097 1135
2206 1364
737 1132
2754 1491
1601 1293
1477 1265
1423 1443
998 1064
883 1271
2860 1263
2750 1183
2104 1260
2565 1221
2259 1363
1456 1338
1855 1109
1318 1280
2764 1072
1436 1186
2365 1249
2381 1437
2571 1123
956 1000
2980 1167
1427 1352
2416 1225
1172 1393
2577 1048
1265 1004
1818 1404
894 1268
895 1442
2913 1083
565 1319
1592 1290
2490 1256
871 1494
1358 1402
617 1219
2979 1164
2360 1317
2941 1014
737 1319
1071 1395
1634 1258
2467 1411
590 1203
686 1372
943 1181
647 1090
1063 1338
610 1258
1847 1312
1735 1216
1436 1332
940 1263
943 1123
824 1083
1325 1192
1987 1157
1317 1251
2610 1244
2016 1036
1996 1479
1431 1340
1060 1202
2351 1229
2064 1326
1494 1229
2247 1318
2465 1285
1235 1284
1945 1295
2803 1329
2043 1264
2031 1315
2248 1254
998 1301
2101 1101
2648 1356
848 1372
2675 1368
2868 1086
2286 1149
2410 1370
2892 1127
2713 1314
634 1478
732 1046
888 1337
2186 1100
1962 1440
1694 1390
2527 1057
2518 1052
920 1203
1956 1127
2976 1382
2308 1069
2468 1458
1756 1298
2733 1150
1905 1346
1918 1323
1738 1475
1897 1259
2391 1205
820 1275
2289 1305
2826 1118
1502 1195
2406 1145
1271 1330
1698 1407
2904 1128
1263 1483
831 1440
2008 1166
1401 1460
1775 1182
1036 1257
520 1380
612 1167
2589 1396
2462 1498
1259 1283
1653 1399
722 1451
2297 1302
2239 1078
1400 1329
1347 1026
2024 1469
991 1062
868 1196
1317 1391
1355 1103
1289 1377
740 1428
2858 1358
799 1246
1681 1357
1525 1333
1172 1260
1081 1133
2637 1432
1116 1347
2076 1219
2433 1486
559 1444
1201 1026
1678 1064
2043 1401
1670 1279
2028 1317
2914 1321
2957 1189
2200 1108
2740 1355
897 1404
527 1405
2297 1276
2280 1081
1082 1010
2272 1208
530 1207
2895 1232
1316 1442
2978 1379
2600 1450
2058 1000
1694 1080
966 1090
2194 1160
1919 1409
2100 1287
2438 1130
2102 1117
618 1321
2950 1162
1142 1032
547 1405
700 1094
1751 1401
2342 1324
2112 1230
1678 1191
2091 1030
2440 1326
1806 1465
1530 1214
1067 1423
758 1170
2470 1455
2435 1479
945 1480
1889 1303
2303 1488
2843 1223
2962 1259
1745 1039
2693 1274
1566 1356
2183 1424
1454 1083
1077 1257
1367 1011
2173 1176
1919 1468
1462 1469
885 1113
1509 1116
1368 1123
894 1480
1803 1412
674 1008
1233 1039
652 1447
2185 1034
1137 1106
1227 1054
2825 1015
2391 1173
2298 1344
997 1462
1217 1260
2884 1379
2802 1319
2681 1190
682 1380
1424 1182
1056 1361
2039 1268
2801 1404
2610 1456
1200 1021
2204 1026
2040 1024
1041 1162
2791 1334
2372 1299
2218 1225
1675 1044
588 1420
1413 1040
2256 1287
2350 1096
2096 1368
2288 1367
2950 1409
1157 1063
731 1344
1798 1146
2771 1253
1986 1181
2326 1286
1884 1003
1836 1197
888 1424
2052 1022
1634 1418
1179 1062
572 1132
1055 1475
646 1019
2280 1182
2237 1325
2699 1015
591 1181
2886 1449
685 1266
1067 1384
1301 1315
1759 1234
764 1237
968 1429
2673 1212
923 1194
2738 1398
2105 1269
1341 1133
2984 1275
2942 1028
2798 1169
2598 1354
1074 1076
1211 1068
2195 1486
1439 1336
690 1212
2560 1361
1520 1403
2530 1302
2269 1054
1651 1474
986 1276
1152 1184
538 1375
1280 1154
2845 1436
1643 1358
1692 1341
1222 1430
2049 1293
717 1034
1978 1468
1230 1023
2886 1330
959 1386
2229 1035
2777 1425
1359 1194
1130 1127
1990 1063
2476 1048
800 1047
2535 1249
2888 1344
2670 1370
2181 1457
1277 1332
1247 1281
1480 1407
917 1381
1379 1298
2625 1222
2270 1371
646 1086
1575 1256
1069 1051
2016 1260
2882 1331
1013 1060
2436 1115
809 1298
2523 1085
2347 1210
2185 1339
1403 1138
2133 1450
2510 1181
2131 1181
1539 1407
2180 1181
1226 1297
1122 1372
1702 1043
1215 1109
2647 1255
1781 1172
1042 1084
2305 1223
2361 1471
760 1200
1100 1029
1963 1273
1949 1264
821 1217
2881 1140
2002 1402
2070 1201
1172 1128
2825 1415
549 1458
2767 1399
607 1077
2967 1184
900 1474
699 1074
2085 1337
2873 1119
2095 1255
1593 1072
2488 1067
1322 1200
540 1432
1573 1007
2823 1351
1904 1208
2003 1045
2164 1296
1348 1462
1942 1054
2433 1354
1019 1075
1318 1366
1557 1398
830 1268
1175 1293
1684 1078
1714 1025
2848 1467
2706 1300
1511 1148
888 1114
2638 1393
1341 1107
1894 1330
2465 1460
2409 1093
2256 1363
2384 1421
2175 1059
2139 1473
1213 1250
2217 1320
2426 1131
1160 1284
2614 1401
946 1043
832 1137
1251 1339
1242 1022
2794 1173
1632 1211
785 1194
2944 1357
1519 1053
2441 1093
1214 1069
2740 1000
2684 1409
2863 1100
2750 1473
2606 1248
2702 1142
2471 1498
1067 1256
1187 1264
1630 1251
2868 1363
2053 1456
1353 1071
2338 1308
2557 1254
965 1399
538 1433
1040 1024
611 1238
760 1056
1755 1416
1883 1286
865 1262
1296 1488
971 1349
2226 1404
2484 1070
561 1155
2011 1011
2450 1360
1984 1096
2060 1371
878 1387
533 1098
1102 1137
774 1066
1660 1223
1302 1477
2248 1128
2656 1104
537 1403
2093 1203
2929 1102
1630 1022
841 1265
1715 1163
2407 1409
2959 1109
1214 1492
2902 1425
1861 1000
1558 1158
2751 1228
904 1218
1821 1378
807 1160
1497 1487
2213 1323
1292 1135
635 1311
777 1139
2876 1237
2647 1042
2548 1148
2531 1269
2684 1105
1579 1023
1726 1256
1523 1153
2962 1103
1012 1405
1154 1144
2405 1052
1288 1119
1286 1156
1252 1208
896 1463
1040 1488
1982 1263
2031 1263
1124 1096
852 1190
1188 1032
1130 1316
1236 1248
1900 1404
2524 1492
2884 1146
2272 1382
972 1414
1757 1119
1519 1039
1466 1443
1731 1441
1661 1193
1917 1069
2884 1471
2718 1194
2638 1364
1799 1476
2576 1106
2316 1050
1816 1490
802 1498
1785 1015
2170 1389
1550 1378
1879 1072
1766 1494
912 1274
2304 1201
584 1226
546 1434
1682 1126
1963 1335
2386 1166
2741 1124
2631 1185
2601 1362
714 1157
2103 1282
1285 1314
1036 1127
800 1094
932 1358
1887 1074
2243 1070
2238 1273
849 1126
2255 1263
2412 1454
963 1075
1697 1274
2996 1454
2416 1291
1338 1488
547 1429
620 1041
1348 1334
2560 1319
730 1193
2220 1425
1275 1219
1448 1223
2349 1419
1074 1407
2828 1042
1133 1025
2361 1211
2000 1241
1641 1259
2548 1273
1917 1009
1549 1255
2429 1119
1141 1105
546 1082
534 1033
1073 1296
1605 1119
876 1017
1094 1160
738 1253
1372 1002
775 1068
1470 1089
2448 1068
1761 1327
1126 1174
2164 1288
1987 1293
727 1165
1384 1111
1658 1044
864 1023
2453 1169
1285 1478
635 1479
2891 1246
2274 1341
2801 1058
2637 1498
2314 1170
2306 1271
1900 1062
635 1343
826 1489
2957 1462
794 1435
930 1272
2849 1009
1863 1349
1494 1108
2858 1341
2163 1321
1421 1146
2393 1422
1777 1331
1675 1375
2919 1133
656 1112
1853 1330
2415 1378
521 1249
2806 1308
2199 1483
2727 1224
2049 1004
1586 1123
2558 1090
1023 1011
614 1387
1739 1177
1927 1346
1777 1268
1950 1392
2533 1195
1213 1261
2834 1211
2844 1348
2330 1224
1991 1346
2459 1236
2282 1247
2426 1100
1283 1381
1316 1070
1619 1109
745 1222
2422 1323
1944 1107
2080 1377
2023 1310
2787 1143
1539 1107
2285 1278
1611 1319
1877 1333
1341 1131
2096 1063
2205 1277
1693 1331
2535 1043
1526 1421
751 1391
2017 1000
1858 1229
1722 1481
1750 1410
2427 1015
1444 1038
542 1437
1492 1091
2957 1438
1815 1427
2977 1402
1801 1074
1045 1347
2386 1168
2312 1263
1863 1150
837 1338
2092 1472
1177 1279
1917 1446
1603 1232
1326 1490
1817 1489
787 1186
2999 1332
2914 1422
1236 1315
2387 1149
2252 1352
2377 1331
724 1163
724 1005
2267 1261
2086 1318
1549 1255
1355 1235
2408 1371
948 1066
2647 1035
989 1494
1755 1256
1263 1065
749 1007
1722 1204
1961 1372
2969 1341
2179 1332
1670 1064
2635 1321
1435 1474
1736 1092
1622 1350
1934 1400
2603 1412
797 1413
832 1023
2891 1011
569 1297
1686 1482
2930 1360
2454 1494
1674 1322
606 1349
1854 1459
890 1233
2301 1042
1103 1395
1439 1163
857 1327
1074 1459
1951 1413
2813 1301
599 1067
1054 1335
1609 1241
2788 1350
710 1237
2153 1377
2576 1478
988 1311
518 1290
573 1256
2072 1246
1385 1401
538 1392
771 1490
2879 1119
1951 1381
1442 1346
2734 1294
972 1373
1309 1083
2757 1263
2032 1178
2085 1081
813 1123
1962 1299
1799 1013
1850 1312
1269 1349
2383 1102
1692 1050
2754 1074
1336 1419
880 1439
2026 1004
2415 1045
1055 1226
1220 1460
1155 1400
2287 1182
2452 1002
2454 1040
832 1106
1792 1426
1854 1392
555 1085
1847 1304
1871 1098
1965 1234
2130 1143
831 1194
2246 1339
2285 1346
2789 1349
2888 1083
2341 1347
2930 1253
2607 1129
1155 1261
1501 1392
1206 1206
2058 1220
1668 1207
1541 1268
546 1265
1173 1111
2932 1477
744 1493
1503 1474
1917 1387
1180 1476
997 1055
2018 1056
2887 1406
1089 1185
2931 1065
2723 1239
2421 1390
1092 1315
1619 1067
1709 1256
2861 1418
1021 1157
2658 1251
2681 1415
1139 1224
662 1263
648 1116
2914 1495
2226 1183
1438 1320
1119 1242
1578 1363
926 1034
1509 1464
2155 1136
2490 1079
2067 1304
2911 1289
2391 1455
2207 1483
2623 1361
1661 1483
2661 1098
2802 1221
2557 1114
2987 1181
825 1294
1893 1072
1704 1303
2823 1111
2576 1301
1490 1066
2025 1097
2036 1397
1177 1386
1798 1341
592 1126
2387 1042
1148 1195
559 1480
1707 1003
958 1373
1272 1037
2211 1070
2600 1495
2545 1234
1058 1100
1594 1101
2781 1294
2651 1063
1582 1256
2400 1042
1496 1321
2809 1065
2902 1311
1857 1482
2873 1422
654 1035
1953 1390
2533 1380
2908 1006
885 1050
2665 1097
1934 1095
1414 1072
931 1255
804 1486
1647 1140
2374 1344
1925 1419
2279 1285
1536 1006
942 1286
2555 1472
2150 1077
1291 1057
837 1279
2501 1424
2475 1079
553 1386
957 1004
1467 1180
1849 1286
1183 1123
1345 1093
1401 1418
1236 1351
2928 1194
1496 1465
922 1473
577 1256
2935 1360
972 1364
624 1351
2334 1153
1138 1300
873 1023
1917 1481
2685 1102
1483 1202
832 1017
1377 1444
1238 1387
1940 1046
858 1490
1982 1343
2464 1202
2643 1077
2067 1087
960 1039
1795 1115
2549 1107
1992 1409
2452 1326
2842 1235
731 1090
2500 1117
1367 1369
1459 1157
597 1021
2169 1423
1276 1051
2716 1018
2333 1217
2929 1165
2154 1458
537 1466
757 1246
1903 1413
884 1184
1417 1470
2871 1468
2170 1136
1884 1189
1931 1048
1806 1277
575 1401
1705 1080
1099 1207
1076 1354
1120 1189
1388 1322
1197 1092
2304 1077
849 1476
2860 1100
2465 1369
575 1271
681 1060
1175 1117
2052 1368
1286 1415
1782 1313
2287 1386
2198 1244
737 1168
1007 1495
2903 1188
2060 1134
1451 1125
2673 1258
1623 1026
2796 1278
2845 1468
1278 1418
1497 1419
2960 1480
2084 1164
1409 1152
1162 1191
2801 1386
2449 1113
1207 1218
1702 1162
2558 1378
1757 1304
2826 1027
1287 1379
2130 1158
2414 1151
2372 1394
2854 1022
1808 1035
2596 1291
2691 1372
2106 1256
931 1234
2837 1473
2322 1212
2534 1340
2161 1461
2944 1346
2598 1426
1336 1211
1479 1030
2494 1439
824 1042
2785 1296
569 1224
1386 1263
2289 1097
2104 1359
1566 1292
1526 1439
706 1075
1551 1099
1219 1466
1555 1269
1301 1143
2040 1369
1161 1086
1162 1467
1298 1330
2641 1447
2158 1097
2799 1124
1540 1028
723 1337
2235 1269
2275 1399
2734 1495
1981 1334
1203 1429
2085 1138
509 1010
2215 1141
2909 1404
772 1467
1558 1327
1438 1473
2344 1336
1465 1026
2497 1066
2146 1063
1454 1010
1005 1165
2505 1166
881 1472
2258 1127
1520 1274
1382 1072
686 1294
724 1463
2932 1311
1827 1291
943 1431
1997 1490
660 1352
2484 1199
2223 1081
938 1482
1085 1185
1136 1451
1274 1314
2130 1323
1883 1382
700 1498
2920 1245