6850 5000
2763 1212
2987 1474
2923 1215
2464 1178
2013 1329
1104 1409
1581 1385
2536 1116
1562 1289
1529 1449
1337 1140
2603 1462
1104 1141
1162 1195
2043 1287
1241 1199
1476 1384
628 1486
2937 1244
1537 1418
1506 1095
1680 1341
2437 1162
1706 1473
2962 1395
554 1449
1190 1448
847 1484
698 1321
2487 1301
1399 1309
754 1438
1822 1199
1696 1273
547 1016
2929 1330
2298 1209
2006 1113
802 1347
2250 1106
2121 1410
2325 1165
2438 1027
2598 1491
511 1034
1512 1191
1515 1359
2670 1088
1410 1439
2993 1200
2069 1384
1633 1081
1794 1339
2975 1272
1699 1499
2150 1048
853 1449
2577 1034
1285 1415
2209 1068
2127 1085
1537 1373
1826 1479
1190 1203
2283 1246
1949 1422
2519 1270
2261 1189
2369 1061
740 1272
2615 1447
2385 1463
2367 1307
2596 1320
2504 1178
1147 1089
2095 1322
1796 1311
677 1390
1321 1189
2336 1132
2470 1216
1276 1069
902 1238
1372 1091
727 1288
1026 1065
2206 1438
2322 1182
1047 1169
1804 1123
1632 1286
913 1051
760 1436
533 1362
2493 1247
1599 1393
2911 1280
2346 1067
1562 1497
787 1148
2237 1023
2892 1205
1688 1375
1901 1458
1972 1426
2779 1386
1782 1459
819 1242
1919 1015
975 1062
1618 1341
1946 1225
2702 1422
1848 1236
1161 1081
1648 1187
1681 1258
2516 1470
2367 1238
1922 1116
2784 1350
2813 1066
2685 1178
2387 1330
2321 1033
2305 1023
1823 1247
529 1420
1913 1155
2361 1071
2243 1105
868 1110
2804 1000
1091 1215
1424 1117
584 1248
1583 1448
1689 1309
541 1148
1843 1460
2301 1142
2433 1217
2020 1086
1415 1131
1646 1095
1468 1441
2445 1495
1884 1209
2107 1424
2530 1210
1900 1383
2759 1071
565 1242
1844 1369
900 1127
2952 1197
2354 1186
975 1264
734 1351
872 1114
2431 1117
2362 1342
2958 1220
2213 1309
1610 1158
2933 1472
1591 1183
625 1390
1328 1266
2346 1446
2615 1193
826 1346
2497 1292
827 1197
1825 1109
2670 1434
1749 1041
2035 1295
516 1055
1229 1151
1118 1066
1149 1244
2688 1478
1846 1416
909 1356
2794 1415
2967 1123
2666 1083
1245 1288
1319 1019
2432 1217
2539 1418
2100 1099
2557 1322
2231 1193
2399 1232
2080 1091
1797 1178
1979 1289
2775 1074
1969 1183
1746 1018
2878 1352
2714 1429
2530 1340
2592 1049
2991 1017
2614 1477
1665 1195
1866 1284
1533 1027
652 1115
1271 1120
2111 1176
1453 1098
2313 1109
1348 1039
2774 1481
1108 1227
635 1139
1269 1330
2316 1239
1608 1419
536 1376
2128 1060
2421 1003
923 1133
611 1405
1098 1143
1180 1099
1116 1326
1390 1318
591 1428
2240 1219
778 1171
1389 1337
995 1315
1718 1495
1820 1379
1961 1340
1166 1481
713 1046
1230 1120
2113 1422
1482 1070
1021 1207
1529 1320
1165 1301
2166 1042
2712 1058
848 1033
1438 1134
2296 1247
1419 1166
572 1095
2799 1300
2464 1243
562 1068
1114 1225
1207 1308
793 1494
1574 1425
2502 1278
1957 1047
1785 1124
659 1341
890 1295
2336 1195
1936 1263
1504 1276
942 1040
1828 1257
1876 1210
787 1154
630 1276
2879 1424
1020 1332
2907 1339
2930 1185
2015 1156
1964 1384
1395 1063
853 1481
2197 1312
940 1021
2502 1258
1601 1129
2624 1402
2558 1155
2082 1217
2528 1249
2058 1394
1841 1317
2870 1257
2209 1482
1198 1281
2208 1183
2068 1455
2543 1292
1644 1028
505 1285
2985 1106
2385 1384
1942 1116
706 1460
2518 1255
2072 1406
828 1250
1055 1308
1454 1332
873 1235
1504 1309
1952 1293
1177 1348
2386 1360
1331 1386
534 1245
2213 1060
832 1055
1295 1148
1428 1246
1841 1318
1833 1407
2142 1126
2314 1441
2025 1192
2418 1377
2873 1195
1154 1086
555 1221
2572 1096
1418 1114
2678 1035
1183 1059
2950 1219
1044 1026
1232 1374
1672 1190
755 1003
597 1428
1137 1160
2108 1392
2043 1388
2251 1386
2081 1141
1783 1429
1583 1269
1530 1388
2901 1414
981 1146
892 1340
615 1141
1151 1077
2578 1242
1334 1295
2130 1011
2693 1432
2107 1119
1032 1410
1755 1092
1560 1193
2056 1202
2819 1395
2154 1150
2070 1098
2685 1035
1216 1377
2283 1431
676 1425
2170 1392
2217 1231
876 1345
1102 1075
506 1257
1660 1220
1090 1397
1790 1036
503 1009
2169 1089
1494 1425
2604 1396
1036 1370
2355 1193
1982 1061
1635 1102
1327 1268
2261 1261
2642 1083
1236 1362
1475 1461
863 1284
2988 1257
2891 1296
851 1355
2985 1156
1317 1305
1873 1401
1871 1469
2545 1102
1378 1437
1501 1245
2691 1299
981 1470
978 1099
1082 1033
1387 1173
2332 1352
810 1119
2485 1403
2433 1126
990 1148
2943 1289
1615 1121
606 1199
2699 1408
1188 1095
1766 1189
852 1303
2114 1032
730 1470
2661 1186
2628 1329
1021 1367
2218 1163
1138 1491
2552 1123
1499 1146
2436 1053
2017 1034
1989 1198
931 1477
2372 1373
641 1451
2292 1116
839 1247
2864 1370
2201 1230
2914 1280
2782 1169
2528 1170
1942 1067
2261 1323
1571 1391
2091 1350
2410 1252
1713 1245
2978 1285
980 1267
669 1385
2540 1478
2735 1090
880 1110
2554 1244
1545 1029
1811 1061
2949 1129
1065 1446
1750 1212
2259 1172
2125 1027
1816 1375
1683 1268
657 1376
765 1252
821 1309
829 1336
2379 1368
775 1293
2306 1038
2376 1250
1664 1123
1502 1483
2354 1216
1522 1217
1129 1055
2237 1053
2920 1080
2612 1068
1651 1010
2478 1006
2061 1262
2894 1405
2693 1061
2789 1212
2365 1169
1619 1293
2408 1051
2923 1161
1788 1080
1799 1114
1942 1392
759 1431
2444 1429
1765 1331
2100 1426
2994 1101
1970 1388
1120 1246
2501 1409
1536 1207
2644 1489
2145 1065
2994 1405
2351 1031
2269 1172
2969 1054
1971 1064
1719 1465
2558 1447
500 1098
2976 1452
1591 1295
1343 1226
1286 1344
1052 1264
1550 1256
867 1374
578 1011
1114 1006
1996 1481
2029 1022
1246 1048
751 1161
2455 1120
859 1423
1325 1058
2875 1436
1524 1185
1823 1416
2560 1264
2540 1487
2034 1291
2980 1413
1879 1493
1551 1182
998 1360
1027 1252
2463 1105
1436 1256
537 1092
635 1134
1797 1410
2928 1122
2598 1462
1742 1291
1192 1028
2476 1313
1659 1150
2850 1087
1456 1061
2073 1049
2248 1010
1513 1425
2940 1183
1824 1426
1331 1262
1248 1338
1008 1047
2011 1470
516 1225
839 1137
2559 1332
1009 1303
878 1399
1402 1166
2843 1494
1495 1090
733 1409
2368 1056
537 1443
601 1012
2553 1381
1896 1477
1278 1288
1777 1493
1690 1278
1926 1343
1517 1082
2076 1181
869 1076
2062 1001
1485 1012
1397 1061
618 1444
2994 1442
816 1474
1377 1302
1469 1274
1766 1474
513 1269
1473 1059
2897 1353
1291 1344
1605 1459
2698 1127
2619 1037
2810 1235
1278 1377
2226 1399
1569 1147
2277 1302
792 1449
707 1009
2954 1032
1701 1118
2399 1065
848 1205
1094 1125
2144 1367
1328 1429
2172 1061
2831 1482
2969 1063
2477 1335
2918 1460
1269 1144
1102 1143
1632 1212
1481 1280
2375 1279
1886 1490
2843 1464
2202 1397
2346 1290
2767 1453
613 1002
1636 1497
2702 1084
1464 1056
1629 1473
1934 1322
1192 1411
1534 1088
646 1346
1571 1492
970 1400
2291 1210
658 1394
1660 1094
1123 1388
652 1277
703 1495
2501 1030
930 1138
501 1414
2759 1405
2819 1164
2894 1340
1429 1303
875 1176
2587 1218
576 1499
1559 1239
1488 1404
2459 1379
2100 1102
1483 1465
2865 1151
1666 1363
708 1055
2356 1224
2495 1007
2429 1085
1401 1431
820 1469
2585 1494
1522 1222
2174 1086
1177 1198
1252 1176
828 1070
1864 1192
1665 1273
1810 1327
504 1454
2789 1061
2622 1238
2357 1015
2592 1013
2133 1032
1332 1058
2654 1196
1787 1280
670 1161
2426 1069
2433 1019
898 1241
1714 1391
1281 1032
594 1066
1850 1435
1985 1022
2796 1267
2051 1268
1307 1206
1003 1072
1161 1134
2074 1206
1292 1060
1042 1494
1845 1388
2100 1264
2243 1430
2686 1339
1000 1206
691 1455
2649 1380
2912 1137
1151 1467
2617 1199
2523 1276
1394 1092
2264 1270
1643 1115
2948 1238
1956 1376
2067 1155
614 1112
1595 1193
1178 1219
737 1179
2121 1171
2409 1163
1094 1332
1045 1089
1004 1397
1453 1479
2807 1233
943 1034
648 1115
1219 1075
676 1025
2992 1098
1417 1374
1080 1223
2519 1054
2308 1259
2673 1439
1929 1141
2826 1438
531 1219
1712 1391
2665 1309
2959 1271
1579 1476
670 1474
2544 1324
2290 1018
1015 1104
523 1205
2682 1186
2436 1031
1034 1085
2257 1429
2199 1184
789 1453
1988 1256
1964 1497
2326 1438
2115 1230
1479 1463
2956 1319
2340 1281
2315 1352
1712 1383
2607 1148
1119 1460
904 1074
1593 1348
2846 1340
704 1278
2855 1430
906 1339
1644 1050
2632 1383
1563 1412
700 1200
1033 1221
1981 1131
2482 1252
714 1213
970 1292
2645 1394
914 1440
1836 1315
2727 1026
1662 1136
1233 1217
2553 1428
1360 1060
1749 1062
2606 1309
2766 1286
1570 1050
2071 1154
1276 1062
2516 1273
2087 1436
951 1368
1389 1146
2566 1465
1405 1064
999 1361
2184 1400
1921 1228
2495 1185
2507 1472
912 1313
1450 1129
1992 1488
2724 1071
956 1014
1329 1239
1144 1131
804 1374
697 1339
2948 1080
622 1081
969 1285
1567 1130
2985 1309
1734 1015
2395 1410
2107 1213
1586 1431
1814 1275
960 1294
1891 1065
2671 1117
1486 1194
535 1257
957 1206
1652 1404
666 1036
1109 1465
534 1132
2647 1100
1560 1254
1151 1437
2814 1238
1819 1334
1583 1027
2518 1056
2114 1022
1135 1075
1651 1485
1938 1179
2670 1488
2548 1131
2124 1304
1928 1295
1721 1167
2921 1287
1241 1450
691 1367
2882 1340
616 1446
1636 1337
1598 1211
2943 1028
759 1317
1139 1090
1558 1277
2161 1055
1806 1201
1741 1309
593 1217
1888 1244
1453 1212
1432 1335
847 1484
1995 1329
2391 1011
737 1017
2322 1335
2532 1123
2985 1145
995 1385
2786 1494
2754 1327
2161 1249
1858 1166
1226 1047
529 1164
1197 1377
2954 1087
520 1092
1146 1473
1563 1165
1998 1419
643 1397
2878 1095
2079 1224
798 1291
1461 1155
556 1193
2460 1318
2101 1461
1845 1090
651 1266
2980 1350
2836 1310
2523 1131
2577 1197
1650 1098
831 1072
2933 1233
2674 1183
1966 1171
2746 1244
1191 1386
1117 1401
1479 1454
2076 1202
1348 1299
976 1469
1488 1141
1272 1070
1749 1294
1036 1174
572 1213
967 1341
2353 1227
2364 1312
1143 1465
1703 1486
2141 1382
1874 1118
2352 1031
911 1138
1321 1283
1777 1275
628 1279
2908 1415
1708 1054
709 1369
2944 1119
1000 1028
1936 1205
763 1116
1305 1132
1644 1002
2577 1034
1212 1412
510 1282
2625 1039
2934 1057
2615 1368
2919 1143
2382 1201
871 1041
2514 1336
1984 1049
1386 1487
2215 1337
628 1320
1993 1328
2435 1174
1757 1227
2586 1236
2810 1373
1891 1063
1206 1310
2074 1275
926 1232
2037 1137
1197 1268
1744 1315
599 1080
2392 1258
1218 1047
525 1145
583 1457
971 1480
838 1126
1197 1205
2274 1367
740 1081
816 1466
2265 1296
2931 1412
2820 1092
2262 1140
2504 1499
1001 1182
1830 1471
1000 1457
1401 1441
1654 1177
1494 1246
1229 1497
1056 1423
2349 1079
2393 1240
797 1376
2179 1121
1438 1447
2122 1234
1858 1306
913 1468
2246 1391
1348 1051
1770 1446
2077 1407
2480 1229
2123 1360
922 1094
1662 1358
1975 1173
2256 1078
2275 1318
748 1107
1182 1213
1235 1162
2171 1034
938 1125
1539 1224
594 1138
2503 1219
2808 1059
577 1111
1744 1433
2709 1096
744 1309
819 1362
724 1353
674 1355
1455 1066
1304 1265
2906 1328
2942 1407
2629 1047
2750 1267
1360 1412
1256 1174
1061 1233
601 1427
751 1368
1710 1498
2430 1433
1019 1065
2214 1198
2889 1380
1322 1317
1846 1363
732 1177
1069 1173
2928 1081
1599 1187
1074 1011
2569 1034
1979 1368
1214 1196
708 1045
971 1486
1841 1288
1723 1366
2969 1044
2564 1117
1776 1277
2053 1044
882 1197
642 1323
980 1442
1534 1481
2037 1292
2043 1241
1917 1367
1589 1141
2389 1067
1157 1069
1261 1254
2899 1222
2881 1382
860 1019
1378 1178
1598 1041
2579 1210
2578 1494
2070 1093
1486 1203
1957 1445
2762 1331
797 1101
1767 1194
2886 1033
1196 1029
1996 1142
930 1399
2085 1194
1188 1452
1896 1407
2250 1357
2081 1416
2735 1303
1702 1123
1506 1358
948 1039
1228 1174
2804 1202
2040 1265
2166 1308
2543 1080
878 1166
2403 1417
2298 1215
2026 1015
1548 1276
1758 1102
1802 1187
1715 1295
2794 1407
1207 1294
2912 1123
780 1137
2918 1091
2064 1028
814 1287
1070 1237
709 1275
812 1315
1771 1050
2627 1477
2927 1424
2945 1426
1876 1206
589 1460
1744 1231
2518 1463
2550 1196
602 1349
950 1395
1547 1414
900 1134
684 1079
851 1265
2205 1275
949 1247
2563 1279
1078 1225
1051 1195
1352 1128
2516 1422
1734 1133
516 1150
1344 1416
2358 1272
573 1310
1594 1426
1375 1475
1120 1306
2368 1428
1498 1139
788 1171
1940 1455
2494 1452
2715 1445
902 1200
2254 1314
1733 1023
1547 1052
2886 1466
1852 1498
839 1231
1093 1049
2492 1481
555 1208
677 1052
2745 1287
1341 1372
1292 1462
749 1121
1766 1225
2486 1047
1188 1154
2651 1374
2755 1077
2733 1329
2842 1108
2003 1061
1207 1120
1865 1303
709 1034
2225 1224
2080 1377
1384 1355
906 1329
619 1433
2426 1457
1254 1429
1828 1327
2426 1245
2155 1109
1979 1436
2770 1200
595 1369
867 1337
736 1134
2326 1226
1281 1076
2864 1082
1474 1394
1391 1437
2070 1210
1969 1232
1749 1437
892 1077
1980 1120
1891 1040
2417 1213
2049 1402
2080 1138
1484 1398
1463 1454
1897 1031
2687 1248
2782 1122
2410 1336
1297 1471
2859 1390
1068 1074
1563 1075
664 1087
2626 1250
2316 1306
1624 1061
1762 1013
971 1462
1237 1388
1116 1367
1224 1119
1830 1463
1986 1100
1640 1161
2338 1290
1531 1266
1997 1408
1282 1299
1896 1213
2538 1041
536 1197
2307 1362
825 1263
2516 1359
2752 1381
2768 1266
1214 1472
2857 1078
600 1023
2909 1424
2577 1252
2398 1333
1427 1484
722 1334
1481 1277
1459 1046
1394 1201
2942 1283
2642 1202
1601 1495
571 1416
1310 1145
900 1089
1776 1283
854 1360
2399 1292
1733 1009
1874 1185
635 1069
1954 1377
806 1069
1041 1128
1319 1177
1860 1041
1281 1132
2503 1041
2941 1225
865 1148
2680 1166
2368 1398
1015 1346
2398 1108
2704 1009
1402 1202
1892 1306
2411 1039
2579 1326
1978 1009
2346 1377
956 1101
2419 1196
1236 1404
1076 1153
1766 1382
1613 1193
2142 1019
2224 1070
1940 1259
2660 1435
660 1120
841 1045
2186 1070
2410 1299
2984 1147
1105 1257
588 1459
966 1454
991 1222
851 1003
2562 1217
1286 1213
2104 1491
1500 1142
823 1116
932 1277
2099 1151
1492 1278
1279 1393
1150 1495
1748 1083
2262 1087
1417 1293
2451 1137
959 1293
1227 1062
937 1157
1885 1481
796 1305
1679 1280
2388 1005
1469 1477
680 1469
2532 1004
1969 1069
2369 1376
1908 1337
1430 1474
1228 1433
1225 1133
1715 1443
1921 1396
2014 1443
2139 1452
2727 1483
1667 1094
1369 1131
2446 1106
1285 1215
1303 1157
2538 1349
2605 1188
2071 1435
2591 1118
769 1134
1290 1193
1120 1171
1209 1053
2356 1431
930 1177
616 1416
1353 1114
1513 1044
2124 1267
1718 1455
1616 1441
1822 1028
2963 1025
2812 1443
627 1117
1947 1208
850 1124
2153 1421
1335 1291
1531 1161
2609 1158
2284 1450
2931 1456
2003 1173
2873 1208
1123 1406
1101 1209
2464 1223
811 1400
2876 1057
1369 1237
2337 1393
710 1130
1156 1275
2062 1110
1268 1414
935 1091
1072 1038
596 1095
2287 1377
2196 1272
2250 1070
2551 1149
2575 1261
653 1168
1161 1249
2299 1222
2059 1068
2602 1095
861 1121
2701 1426
2929 1148
716 1268
2116 1162
2107 1458
2052 1313
1486 1102
713 1381
1378 1379
1752 1170
2981 1435
1791 1170
2997 1334
721 1408
1716 1386
853 1256
2945 1134
998 1222
2580 1318
2251 1042
1106 1105
759 1012
620 1274
2170 1192
1550 1408
2185 1292
1606 1264
1925 1223
740 1486
1254 1403
2229 1337
918 1414
1311 1345
1466 1245
1163 1161
1302 1417
1439 1111
532 1281
2987 1372
1655 1313
2322 1064
2014 1106
535 1399
1767 1320
1761 1047
1446 1100
2738 1057
1191 1030
1148 1182
1749 1223
1643 1150
2694 1279
1334 1186
2801 1112
2246 1014
786 1101
1645 1049
2949 1170
1917 1299
1623 1429
1553 1419
638 1249
2871 1302
2731 1317
2104 1169
2332 1375
1498 1126
2104 1081
536 1203
1834 1228
649 1469
1398 1216
812 1154
2067 1489
2238 1064
1212 1441
683 1145
2362 1369
2538 1159
2222 1275
1192 1164
1586 1183
1500 1292
1180 1316
2889 1225
1207 1216
2692 1460
2422 1016
2062 1149
2728 1027
1274 1258
2139 1255
2520 1301
832 1358
2215 1265
882 1183
1968 1496
2918 1376
2580 1287
2055 1140
1515 1375
814 1050
2979 1332
2088 1419
2065 1321
1171 1264
1316 1404
1335 1392
2050 1441
2322 1276
1591 1063
613 1285
1605 1374
1493 1196
1954 1398
517 1167
2684 1398
1661 1207
1342 1359
1061 1408
1150 1479
1583 1066
2903 1382
2809 1366
2033 1402
2347 1283
2143 1103
2923 1084
984 1311
923 1175
1050 1380
2706 1194
2008 1020
961 1298
1539 1008
2046 1479
1627 1010
2983 1305
1319 1049
835 1273
529 1314
1905 1058
2891 1225
1913 1295
2017 1155
2883 1357
1346 1351
1198 1445
2588 1143
2719 1401
2725 1191
2137 1466
2672 1134
2819 1177
716 1083
2083 1068
2615 1022
1894 1365
1105 1319
2954 1482
2204 1161
2067 1390
2282 1382
1278 1422
864 1392
2808 1055
1278 1234
1640 1406
1370 1248
2466 1405
1169 1278
2769 1284
2829 1184
1325 1228
2985 1392
1663 1423
1736 1038
2971 1080
718 1480
1415 1062
2683 1251
2355 1449
1788 1030
2399 1405
2471 1190
2144 1005
1174 1108
1428 1356
2202 1217
2468 1247
1258 1436
2775 1036
1965 1205
2452 1313
2363 1046
1609 1316
1139 1237
1740 1441
654 1209
2506 1441
2061 1123
2518 1063
1971 1167
1016 1379
1138 1055
2535 1269
1366 1489
1535 1050
2515 1215
2375 1082
2596 1119
2814 1350
1248 1317
1868 1185
1617 1370
2978 1225
2980 1142
1594 1332
2692 1372
1892 1060
1905 1398
1205 1075
657 1380
2815 1393
1646 1245
669 1382
1281 1347
1081 1457
712 1283
2182 1223
2224 1254
2109 1467
1172 1139
1703 1202
2834 1193
1237 1047
1220 1455
1110 1258
1038 1181
1246 1162
2808 1347
1255 1105
2218 1380
887 1246
2436 1497
2631 1168
2221 1216
2867 1286
880 1135
2004 1124
1649 1307
2506 1199
2016 1268
1344 1412
1336 1228
1166 1128
2767 1338
1002 1203
2615 1385
845 1042
2259 1212
2557 1114
1192 1426
2763 1273
796 1410
2535 1019
1032 1170
1902 1218
2554 1102
1351 1138
1461 1134
697 1479
844 1123
1175 1442
2629 1144
536 1119
1631 1068
2555 1282
1805 1476
2270 1411
2591 1020
2514 1169
2286 1334
2635 1489
1294 1485
2040 1213
2636 1032
1047 1028
710 1224
2795 1176
1330 1321
2294 1200
712 1092
821 1318
2914 1332
1255 1189
910 1165
1935 1268
1289 1250
711 1348
1131 1185
1420 1355
1291 1367
2437 1095
893 1256
2878 1442
743 1406
583 1029
1191 1096
1405 1121
983 1270
2826 1174
2922 1344
939 1006
2438 1373
838 1036
1537 1195
647 1190
2930 1315
1642 1200
2089 1453
2288 1340
1086 1319
670 1044
1481 1466
1466 1368
1115 1141
2023 1090
1569 1452
1190 1462
1183 1486
1833 1372
2137 1458
2199 1325
817 1070
539 1169
2776 1029
1435 1079
827 1323
1425 1092
580 1258
1774 1147
2570 1178
636 1089
1083 1443
2368 1196
1372 1103
1943 1114
702 1365
2283 1292
657 1214
2168 1121
2889 1058
2717 1091
2887 1037
1984 1098
1705 1012
2878 1123
1243 1404
2598 1199
2494 1234
2349 1322
2345 1424
695 1367
1823 1281
2558 1068
1618 1151
2710 1264
2068 1378
1587 1377
2001 1316
594 1222
2731 1363
2805 1203
1932 1347
1950 1297
1432 1089
2511 1358
1916 1191
541 1276
1699 1153
1684 1123
1911 1396
1836 1078
567 1188
2199 1257
973 1100
1377 1211
1226 1001
2513 1357
2815 1441
561 1276
1283 1476
750 1105
995 1210
1126 1013
2473 1420
2089 1428
602 1399
2285 1485
1939 1489
1457 1054
2636 1046
1246 1493
871 1190
1677 1458
2353 1199
1651 1317
1447 1369
966 1259
1487 1112
891 1298
1013 1250
1812 1009
2811 1412
1394 1486
963 1153
675 1250
1884 1209
1385 1432
2785 1301
1877 1452
1558 1327
2811 1425
2405 1343
2606 1251
1986 1370
2848 1266
2595 1005
2166 1073
1435 1233
1025 1006
2595 1483
687 1442
2781 1147
607 1127
2187 1457
792 1349
2193 1479
2193 1244
991 1294
1848 1414
2245 1101
1917 1221
982 1205
2138 1096
2625 1003
1786 1179
1995 1426
1255 1260
1494 1039
584 1112
2870 1349
1783 1268
2534 1136
2633 1021
841 1428
687 1302
1174 1131
1866 1231
2390 1078
1677 1068
1054 1294
2832 1170
716 1087
2316 1070
2663 1496
1705 1409
1692 1482
981 1434
1011 1405
2840 1024
817 1343
1696 1348
747 1208
520 1172
1811 1320
2228 1338
623 1365
1331 1380
1859 1051
1905 1401
663 1203
1269 1193
727 1149
2876 1296
1571 1334
561 1144
830 1029
545 1383
2884 1136
2274 1047
1252 1046
876 1291
2024 1206
599 1415
2688 1417
1617 1185
2460 1165
2930 1497
1113 1029
1871 1056
801 1204
1643 1312
2140 1278
1985 1122
1285 1303
2149 1394
2022 1463
2840 1413
2412 1482
703 1211
1215 1429
958 1082
2063 1490
2081 1227
1171 1426
1669 1229
1879 1103
1657 1456
1749 1410
2839 1087
2987 1026
2774 1295
1037 1179
2885 1328
1609 1388
1949 1195
970 1463
1419 1326
2089 1429
734 1314
1404 1167
2554 1288
739 1289
819 1454
1641 1175
932 1492
695 1058
2548 1179
968 1152
1588 1070
1276 1121
1930 1035
898 1050
2965 1318
543 1019
1772 1460
1558 1123
1165 1162
1877 1077
2841 1020
1100 1416
2106 1089
2354 1098
1347 1285
2710 1098
710 1045
1336 1247
1576 1453
2711 1368
2281 1377
1360 1410
742 1487
1815 1208
2985 1087
2534 1061
2772 1080
2784 1253
1827 1074
2246 1444
583 1079
2358 1099
1700 1272
768 1087
2597 1185
1488 1415
637 1234
935 1013
2158 1495
2566 1216
2809 1322
2865 1139
2308 1458
1010 1294
804 1209
869 1046
1714 1045
1102 1111
2872 1299
2774 1245
767 1010
1187 1401
1924 1218
2242 1229
2097 1146
2044 1436
1437 1408
2449 1084
1423 1173
2277 1401
577 1218
2835 1022
2460 1263
2258 1388
2450 1317
795 1391
1715 1135
2442 1305
2439 1349
531 1252
1453 1153
742 1097
1530 1105
793 1431
2803 1318
1429 1078
1708 1240
2630 1392
1616 1281
614 1337
2464 1440
949 1029
939 1192
1645 1471
1553 1421
2294 1381
1026 1383
2879 1263
1270 1108
632 1375
2173 1238
802 1180
1059 1044
1371 1088
508 1029
1583 1016
2541 1040
2837 1132
613 1466
2074 1005
2157 1174
537 1047
542 1484
2697 1425
987 1137
1056 1449
1312 1483
710 1087
1244 1119
531 1302
934 1157
886 1100
1259 1102
620 1054
1294 1105
2129 1442
2189 1319
1184 1488
943 1401
1588 1149
1033 1136
2037 1166
1793 1316
2735 1075
529 1265
1330 1036
2364 1281
2687 1454
1559 1013
2092 1351
2746 1398
1281 1415
1436 1341
1236 1107
2856 1409
1814 1219
1475 1141
804 1215
690 1473
523 1078
2226 1478
1422 1270
1096 1135
1303 1147
1660 1207
1318 1063
2848 1352
864 1498
2001 1331
935 1366
991 1400
1498 1447
548 1274
1456 1172
2877 1014
1714 1345
1759 1195
2300 1140
1494 1439
912 1360
2493 1171
2238 1489
2280 1074
987 1239
1258 1147
1928 1290
1471 1134
2775 1231
2891 1241
1255 1139
1878 1092
2972 1142
1404 1065
1347 1240
2359 1057
2256 1066
2708 1449
936 1267
971 1278
2190 1202
612 1129
2444 1369
979 1226
1763 1451
589 1452
1001 1407
2481 1465
1124 1263
637 1483
877 1258
2815 1364
779 1200
2446 1455
1871 1351
2158 1237
2261 1183
2560 1461
2103 1462
1877 1242
2446 1381
2026 1407
1111 1439
564 1148
2458 1423
2714 1135
548 1174
2223 1192
1426 1234
2063 1432
1565 1150
1632 1019
2288 1061
1144 1283
1156 1180
1533 1463
2023 1132
2622 1080
1729 1038
626 1049
2345 1450
1342 1026
1411 1222
2485 1109
2055 1140
2495 1248
923 1175
2840 1072
2103 1207
883 1245
1792 1180
2664 1028
1062 1339
2985 1036
1503 1419
2752 1129
2039 1285
2452 1411
2113 1424
2587 1459
1419 1417
676 1390
871 1351
1323 1255
949 1211
2832 1416
2787 1081
892 1330
1768 1444
2488 1269
2727 1429
2660 1093
2851 1447
1656 1348
2650 1361
1824 1284
2648 1123
2976 1261
889 1066
2863 1265
1629 1223
1562 1366
1821 1002
837 1266
1033 1402
756 1161
1210 1155
1612 1060
2020 1070
2065 1067
2051 1266
2049 1415
1639 1277
1572 1070
2536 1465
1867 1098
2071 1233
719 1450
602 1351
1798 1016
537 1489
793 1399
2045 1469
957 1316
568 1306
528 1210
1200 1346
1664 1131
676 1029
1490 1192
2694 1320
1510 1322
1265 1325
2694 1479
2546 1255
1206 1128
2899 1498
1748 1080
1648 1450
566 1178
2859 1336
2672 1032
1482 1231
712 1372
2179 1105
1869 1060
1986 1334
2761 1039
2113 1248
2838 1130
2860 1308
2985 1332
2869 1344
2924 1296
1694 1102
1590 1464
2572 1452
1820 1166
667 1153
868 1172
1651 1257
2157 1338
1483 1319
1765 1147
2121 1092
2600 1128
1758 1348
1915 1029
2702 1119
2325 1315
2549 1306
1913 1142
2348 1282
2368 1170
1814 1009
2713 1006
1085 1003
790 1427
908 1338
1233 1246
1300 1384
668 1187
989 1487
2824 1472
1848 1283
2559 1274
2861 1282
1363 1257
1808 1356
1950 1372
2259 1362
1009 1265
2310 1029
2495 1064
777 1467
978 1185
1494 1213
2784 1031
2624 1190
2248 1392
651 1297
563 1010
1588 1391
1027 1338
2404 1211
2974 1302
1226 1468
1475 1298
2465 1413
1805 1150
650 1196
880 1327
1036 1361
1726 1493
2919 1041
2145 1421
728 1397
2939 1206
2925 1147
2296 1252
1083 1172
2268 1451
1417 1454
618 1109
2683 1401
1491 1277
2480 1281
1667 1465
1438 1263
1384 1117
2123 1028
2510 1023
2150 1029
2524 1111
1286 1222
1755 1414
2035 1491
2520 1064
717 1072
591 1038
2188 1309
1104 1442
2209 1075
840 1163
1918 1030
845 1495
1946 1007
1494 1284
2917 1367
1262 1402
898 1089
569 1171
803 1484
1960 1195
2092 1057
2540 1017
1053 1009
649 1405
1159 1076
2845 1295
579 1077
641 1014
1443 1285
1486 1108
2632 1105
851 1474
1746 1426
1139 1247
1210 1486
577 1263
2355 1143
2388 1301
2739 1462
505 1225
1963 1286
1497 1423
1433 1297
969 1394
1217 1266
2776 1307
1472 1103
1765 1430
2527 1242
2352 1233
1347 1041
1848 1415
668 1172
2536 1432
766 1041
2228 1319
1207 1207
1032 1491
1369 1329
1544 1259
2911 1353
2618 1160
853 1084
2544 1277
764 1459
1370 1120
761 1344
2617 1135
1271 1001
1029 1178
1150 1187
1085 1354
976 1235
1155 1165
1237 1307
2448 1315
2343 1267
539 1467
2820 1242
1213 1375
2525 1039
2966 1415
2404 1198
2641 1199
2290 1168
1267 1365
2752 1459
1047 1161
1261 1068
1821 1080
1946 1195
1594 1370
1735 1073
871 1226
588 1310
1020 1108
758 1279
538 1233
547 1297
1835 1108
523 1370
615 1207
1592 1119
686 1210
1345 1316
1331 1475
1298 1149
2909 1085
514 1474
2323 1082
2815 1396
2300 1174
1640 1171
625 1461
1749 1179
923 1368
2199 1209
1169 1137
2456 1451
1786 1122
658 1485
2995 1134
549 1206
2927 1476
2637 1341
917 1239
1898 1478
2949 1135
2496 1013
1809 1217
1740 1218
1360 1040
1441 1135
2967 1152
1432 1195
1154 1411
1506 1341
2690 1443
2999 1078
709 1362
1761 1240
2658 1310
1702 1178
2871 1381
1673 1474
1541 1373
2714 1228
1522 1488
1285 1062
1648 1041
776 1384
1108 1129
2040 1331
1543 1197
1176 1462
2589 1047
815 1385
1677 1050
1118 1073
1760 1110
1490 1462
2514 1232
1427 1066
2451 1489
2879 1134
2715 1178
590 1319
1710 1371
1594 1274
802 1298
1032 1102
536 1005
1399 1050
2615 1480
2970 1209
2112 1296
1144 1144
2981 1053
2618 1124
1537 1418
2420 1186
2349 1465
1880 1432
2143 1440
627 1283
2073 1121
1783 1107
2861 1013
1768 1256
1904 1377
1715 1277
2283 1240
2326 1069
1441 1051
2033 1015
2298 1261
2035 1074
921 1267
784 1214
1385 1185
2722 1097
1093 1288
1617 1234
2814 1131
2906 1481
1324 1230
2963 1061
674 1178
1208 1381
1268 1152
2201 1266
2994 1251
2387 1159
1618 1060
1309 1100
1959 1150
2912 1189
848 1027
2838 1109
1559 1141
1837 1453
599 1263
1684 1318
779 1041
2090 1026
989 1455
2429 1281
947 1186
1424 1149
1014 1159
1490 1364
2199 1195
1607 1208
1956 1273
1512 1046
2364 1428
2123 1134
2622 1400
734 1298
547 1047
2889 1229
975 1448
577 1154
1635 1103
2619 1490
1540 1231
1702 1230
2253 1240
1657 1196
910 1043
2559 1040
2440 1210
2873 1230
1998 1219
1396 1057
793 1293
1373 1242
2890 1272
2285 1208
817 1280
1668 1300
2651 1384
1360 1480
2615 1386
1974 1113
2051 1444
2682 1256
1083 1204
1715 1164
1377 1049
1568 1370
2789 1332
1227 1185
2030 1194
2859 1172
673 1141
2838 1256
2500 1492
2184 1363
1080 1405
2287 1454
1067 1332
2876 1398
2017 1086
1188 1165
1817 1203
1907 1108
665 1027
2810 1145
2637 1199
539 1254
2103 1376
1754 1259
2613 1148
2667 1064
1272 1115
1527 1312
2450 1092
1407 1067
1457 1369
1429 1242
1405 1409
2333 1096
993 1350
865 1070
2060 1327
786 1139
1077 1352
956 1289
1053 1094
1530 1384
2051 1247
676 1492
2132 1202
1872 1327
2080 1112
740 1086
2519 1058
2106 1123
2438 1103
1085 1311
514 1085
2702 1329
2892 1056
2369 1278
1476 1363
575 1002
2374 1449
2535 1273
2530 1040
1203 1148
1061 1326
2948 1018
2352 1463
2636 1192
2046 1298
834 1474
740 1125
781 1358
675 1220
2619 1270
2840 1080
2795 1237
612 1365
1504 1128
1132 1443
2597 1345
514 1214
844 1056
2479 1412
1036 1264
1171 1040
2627 1471
2144 1182
707 1216
863 1259
1614 1289
1659 1079
982 1307
2824 1342
2052 1101
2485 1272
2299 1492
2278 1304
1659 1228
2670 1313
773 1414
2449 1326
2835 1422
520 1450
2223 1341
893 1313
1496 1075
1472 1476
1673 1402
1469 1120
1339 1328
1268 1494
1679 1044
2836 1227
2101 1308
2669 1211
2240 1460
1938 1271
931 1245
834 1323
1669 1372
1837 1242
526 1219
712 1412
1436 1270
2426 1415
1126 1019
1826 1166
2518 1457
719 1467
1070 1017
1324 1325
883 1050
743 1454
2899 1124
1680 1225
773 1129
1301 1479
1323 1249
2144 1172
1100 1058
2022 1174
2557 1233
1085 1332
1230 1418
1737 1055
1383 1467
1109 1461
528 1395
1439 1011
1131 1236
2315 1081
2481 1444
1546 1425
1370 1316
1887 1133
1531 1425
2388 1362
2460 1038
2839 1357
2876 1242
1483 1474
1753 1301
1219 1409
842 1053
1064 1022
1047 1014
1361 1483
1535 1299
2925 1370
1283 1239
2713 1105
1960 1160
2344 1296
2368 1259
2964 1348
830 1123
2364 1102
1398 1185
2796 1372
1732 1262
887 1273
583 1121
2676 1309
1550 1043
733 1218
1836 1264
1899 1346
1442 1323
1079 1316
2895 1237
2107 1416
1434 1408
2605 1016
2842 1414
504 1225
2660 1275
1400 1018
616 1179
2889 1467
516 1469
2926 1425
2697 1205
979 1123
964 1437
1334 1115
1553 1080
2259 1281
2161 1192
1888 1065
2178 1133
984 1061
2677 1002
2455 1029
1491 1028
1633 1328
2384 1439
882 1203
2417 1235
1497 1453
1787 1436
2434 1482
1353 1494
914 1211
1282 1169
2131 1029
2043 1361
1784 1200
815 1087
2520 1481
1770 1354
1070 1048
1660 1262
2379 1079
1066 1460
2420 1328
2638 1374
1773 1251
2461 1408
2175 1137
2931 1397
1639 1114
1548 1360
2890 1206
864 1495
700 1055
1385 1044
2087 1265
2473 1134
2651 1062
812 1063
2963 1082
551 1329
1869 1215
1907 1411
1286 1146
2872 1013
2522 1441
1458 1412
2999 1254
2346 1199
2317 1167
2487 1081
800 1058
1766 1067
1589 1063
2082 1456
1948 1208
2115 1064
1223 1236
1795 1034
1700 1087
1468 1171
1907 1362
2021 1344
1768 1261
2299 1392
1149 1349
2012 1184
958 1103
662 1357
1531 1229
2694 1236
1227 1327
920 1414
1714 1206
2706 1107
607 1060
1131 1344
2727 1143
2983 1080
2092 1353
2269 1038
2905 1049
2691 1108
2555 1057
1813 1341
1302 1289
1819 1026
1147 1075
2948 1469
1659 1182
2500 1151
2928 1054
1198 1434
2149 1121
1805 1261
2480 1006
1428 1336
808 1194
2554 1485
2473 1436
883 1099
827 1289
1593 1046
1677 1269
1236 1197
1504 1144
1306 1036
1724 1401
1525 1381
808 1019
2274 1329
2140 1145
1544 1425
2788 1192
2827 1394
966 1380
2650 1331
559 1493
2711 1448
2057 1193
672 1198
1893 1448
2218 1279
2917 1169
1188 1433
1107 1371
2874 1494
2709 1363
970 1055
1106 1250
1361 1120
1554 1029
1849 1016
2548 1273
2335 1220
1931 1108
2207 1085
1965 1427
733 1221
798 1081
756 1418
2691 1018
1765 1363
1276 1430
600 1101
2720 1066
1946 1360
2124 1061
886 1015
2672 1196
2658 1483
1874 1353
1774 1259
718 1189
1270 1276
2697 1047
1767 1148
2251 1188
1647 1270
1468 1359
1273 1163
1074 1072
693 1046
2937 1025
2793 1100
851 1074
2315 1329
1581 1255
2440 1070
1409 1046
1501 1458
1632 1008
2590 1289
785 1436
2668 1376
2502 1214
1010 1069
2206 1237
1630 1082
2056 1132
2697 1479
1536 1474
785 1040
2071 1422
2745 1275
2538 1253
1230 1321
2754 1364
1568 1162
2701 1381
2783 1453
1520 1074
703 1123
2334 1277
813 1195
2713 1425
2871 1322
2528 1122
1894 1413
1469 1331
552 1151
1861 1446
951 1314
1854 1100
2221 1219
1234 1351
2229 1048
1734 1120
2784 1348
1428 1063
1105 1273
1579 1178
748 1466
2483 1179
1017 1193
1547 1089
945 1284
1973 1360
1606 1043
923 1293
2322 1279
754 1200
844 1395
2125 1199
1950 1240
2562 1336
2900 1288
1227 1468
2563 1065
1675 1320
2562 1400
1703 1054
2979 1413
2560 1013
2746 1184
2530 1472
2798 1447
2248 1321
737 1464
1690 1131
1895 1293
1060 1261
1399 1285
1548 1054
2422 1445
1567 1178
2052 1073
1544 1040
1612 1396
1691 1423
2652 1038
2876 1160
610 1199
561 1478
2434 1239
2911 1250
534 1062
1316 1467
2493 1005
2293 1108
2621 1494
2194 1318
780 1467
691 1379
2578 1382
1329 1252
889 1409
984 1206
1754 1271
2125 1423
591 1140
2538 1056
1859 1447
2408 1481
2922 1158
2822 1054
2567 1455
1786 1087
891 1220
1528 1343
1824 1344
2441 1079
2105 1025
1295 1251
1031 1453
1790 1232
1912 1146
2300 1250
780 1348
1525 1144
1095 1217
2293 1118
1575 1499
2406 1012
1711 1195
1782 1481
2199 1099
648 1174
1648 1362
1783 1263
2009 1201
1121 1472
2438 1255
2021 1089
509 1002
2636 1357
796 1017
866 1385
1983 1270
894 1331
1124 1396
1275 1046
574 1067
1545 1036
2816 1094
1946 1480
1893 1370
2308 1331
2381 1455
2036 1359
2634 1026
2601 1053
2691 1269
2280 1202
1307 1306
2685 1438
1279 1154
2264 1290
1105 1052
780 1350
2910 1472
2252 1136
2150 1388
2624 1114
530 1005
1287 1353
2040 1192
2810 1058
1251 1302
2380 1102
2537 1192
922 1225
1512 1235
2216 1451
1842 1236
2789 1261
1238 1387
2093 1264
718 1104
2055 1004
1591 1430
1302 1062
1595 1476
643 1213
2268 1234
1243 1384
635 1015
1506 1290
2027 1218
2398 1064
2258 1393
2905 1180
2780 1354
1877 1117
1453 1216
1121 1187
2304 1215
542 1254
2090 1200
2872 1254
1080 1317
1641 1314
1497 1108
2992 1468
1112 1055
2368 1097
1555 1081
2532 1429
1360 1277
1566 1224
2566 1343
2902 1153
1151 1481
671 1014
2437 1061
1411 1404
1105 1473
2277 1303
1043 1348
637 1127
818 1115
2161 1222
870 1169
2853 1485
743 1127
527 1144
1370 1391
2276 1181
565 1022
2286 1078
2796 1030
1464 1249
1754 1407
1558 1244
1108 1471
1701 1332
2793 1413
1526 1249
676 1332
2106 1269
2028 1235
1597 1409
2620 1086
1291 1129
1566 1212
749 1066
750 1422
1970 1162
1970 1326
2139 1368
1152 1036
665 1007
2123 1481
578 1495
2012 1139
2330 1372
1198 1439
1196 1301
1393 1291
951 1429
1770 1487
1360 1141
2679 1461
2964 1434
2582 1151
2970 1304
995 1273
2655 1239
2673 1431
886 1204
2154 1418
2903 1026
1257 1355
1858 1347
1304 1341
2811 1162
514 1073
2603 1052
1544 1396
514 1114
2397 1074
2416 1147
1297 1183
988 1137
2890 1276
1666 1490
2606 1358
574 1099
557 1346
2385 1061
2996 1450
2644 1143
1942 1309
2246 1003
2580 1101
821 1352
1686 1125
2532 1295
1196 1335
2549 1097
2310 1038
1580 1305
2934 1357
1877 1327
1164 1398
1765 1122
2421 1493
1265 1285
1236 1380
1314 1248
2924 1294
1275 1119
2626 1227
660 1385
631 1292
2025 1220
958 1066
651 1303
2548 1320
2236 1025
2011 1474
637 1144
583 1355
1815 1299
2995 1179
1680 1068
2893 1047
1892 1164
2975 1010
1775 1080
1425 1253
646 1266
1602 1406
803 1194
2083 1124
539 1250
1717 1103
1188 1358
2983 1296
2709 1282
1678 1050
1910 1203
590 1400
2285 1014
591 1107
1320 1108
2255 1005
2504 1158
2557 1066
780 1191
2138 1185
1702 1496
960 1328
917 1294
2430 1493
1764 1251
2211 1161
2864 1286
544 1266
889 1137
2667 1137
1067 1133
2834 1336
1620 1163
2930 1029
2356 1485
1400 1425
1547 1424
1954 1135
2947 1480
1862 1281
2707 1066
1081 1490
2558 1166
669 1130
1769 1090
2404 1461
2754 1423
2894 1081
1591 1444
2005 1329
1809 1347
1134 1464
2670 1313
755 1370
2755 1411
718 1391
1470 1359
1230 1311
1496 1271
1880 1353
776 1427
1721 1074
2270 1224
1196 1432
612 1361
655 1444
1105 1375
2130 1130
2430 1001
1111 1102
2981 1296
1492 1218
1986 1217
2507 1310
2170 1022
649 1162
1987 1315
2702 1036
2474 1400
2565 1348
2720 1062
1717 1252
1743 1010
1710 1094
1878 1036
2957 1020
993 1112
2413 1361
2106 1007
1277 1301
1583 1327
2964 1381
1531 1139
2041 1232
1274 1144
873 1384
531 1342
601 1145
912 1167
2328 1202
615 1221
1837 1041
2578 1410
1234 1414
1080 1143
1631 1388
2462 1188
1044 1165
1834 1037
1173 1363
690 1083
2550 1467
2102 1240
1024 1434
1372 1082
2163 1073
1600 1096
2276 1112
1413 1297
2002 1120
1711 1006
1251 1152
1807 1394
1388 1099
2816 1480
1157 1293
1150 1052
2844 1260
2689 1110
2751 1035
2184 1202
2715 1348
2530 1365
965 1476
1998 1418
1476 1356
2056 1189
2816 1064
1344 1294
2592 1142
2099 1406
805 1266
856 1249
1252 1314
1249 1402
604 1413
786 1213
1406 1033
966 1007
769 1427
2369 1234
2995 1279
1485 1213
1533 1014
2967 1476
543 1382
1203 1353
2290 1191
2126 1441
1442 1403
2658 1154
865 1331
2385 1211
898 1377
964 1274
725 1436
2558 1261
2241 1472
1862 1444
1117 1114
1585 1076
796 1461
2609 1137
1699 1053
1428 1393
841 1182
948 1479
2318 1253
1927 1430
2028 1193
2109 1245
1892 1416
1564 1293
2476 1205
1384 1499
2357 1192
2388 1273
1850 1169
1058 1424
1823 1098
765 1227
2919 1325
2222 1001
1860 1228
2262 1495
1772 1144
2320 1113
1966 1078
1368 1073
1434 1340
1875 1186
1360 1196
2968 1187
2344 1210
539 1109
1580 1139
884 1120
2753 1194
1055 1011
2909 1219
1946 1490
2230 1089
669 1482
1961 1388
1928 1418
2243 1208
1654 1018
1190 1270
1683 1352
1884 1197
2606 1236
1373 1438
575 1217
844 1147
2267 1454
584 1142
2235 1440
1381 1401
2848 1014
2890 1031
1979 1468
1513 1454
1711 1390
2836 1368
934 1358
1621 1184
1981 1090
2133 1176
1736 1256
1822 1065
2332 1439
2385 1186
2908 1120
824 1187
1059 1127
806 1355
2293 1022
640 1331
2286 1496
1943 1128
1377 1377
2080 1251
2482 1480
1649 1451
761 1399
986 1019
2422 1144
2187 1266
2966 1164
1433 1001
1809 1231
1684 1070
2867 1345
2314 1463
565 1258
2620 1400
2993 1404
1156 1106
1316 1279
1276 1113
2241 1242
1807 1218
2075 1092
2237 1460
1501 1464
2520 1045
2962 1479
2233 1478
1220 1451
2889 1153
2800 1094
743 1199
538 1368
828 1113
596 1276
2843 1326
2329 1204
1013 1195
1125 1164
640 1047
2859 1052
730 1244
2534 1484
1695 1277
1484 1084
584 1409
2416 1359
2241 1472
2899 1291
1642 1474
1512 1126
1576 1189
2489 1478
1395 1240
2175 1206
1139 1312
792 1092
2179 1415
2320 1243
1423 1103
1505 1327
2697 1055
1805 1150
1654 1197
1580 1327
2524 1149
1139 1431
1298 1180
2298 1259
2320 1197
934 1474
2566 1211
2324 1431
2739 1152
1226 1040
2494 1182
2332 1355
1913 1307
581 1361
2999 1068
557 1128
2653 1179
750 1451
1333 1311
1590 1202
2262 1064
1038 1294
963 1280
2933 1487
2437 1047
1164 1062
1424 1208
2254 1479
737 1368
1448 1086
1875 1250
2581 1130
1297 1122
1230 1487
2698 1434
802 1329
992 1012
854 1213
1210 1495
1976 1465
2772 1291
1766 1220
1045 1418
2927 1276
2132 1386
1293 1141
759 1141
2638 1099
2641 1313
1160 1495
2412 1036
2317 1273
2817 1402
1870 1390
1458 1493
626 1363
2238 1236
1347 1437
2676 1134
591 1465
724 1339
753 1145
2124 1095
602 1288
1658 1096
873 1391
1577 1414
2737 1000
1157 1319
2000 1473
1541 1180
854 1412
2468 1164
2127 1486
2654 1437
1348 1443
1978 1275
2125 1148
936 1155
1625 1303
1670 1334
2106 1136
2127 1453
1643 1459
1027 1369
1016 1197
2435 1363
849 1135
2020 1483
509 1394
1347 1030
1924 1018
1418 1199
2387 1336
2896 1165
2766 1379
2796 1332
685 1045
1078 1029
677 1474
2593 1240
834 1423
1142 1111
1099 1347
2970 1221
2396 1245
1071 1453
1045 1463
2437 1422
931 1204
2385 1121
2871 1170
625 1085
953 1303
2275 1012
2484 1344
781 1475
2185 1231
1954 1219
2194 1046
1790 1389
2182 1312
1829 1459
1110 1186
1427 1149
2021 1318
2329 1317
1106 1249
1303 1029
2321 1298
2259 1225
1184 1225
812 1198
2488 1218
934 1345
2288 1343
1891 1491
2840 1321
834 1129
1942 1423
1444 1036
2770 1081
1577 1268
2370 1433
2908 1414
2936 1381
1955 1430
1404 1400
1583 1288
2479 1401
1792 1334
1553 1046
2287 1052
2838 1361
2203 1111
1407 1002
2693 1400
948 1296
1264 1176
1875 1126
2207 1037
2663 1011
1387 1415
2477 1304
2102 1322
2156 1032
1738 1449
2179 1013
2482 1447
541 1175
1383 1207
1792 1014
2679 1080
2147 1024
2825 1109
1042 1429
2202 1347
1594 1145
2315 1079
2242 1400
1203 1383
1245 1148
2853 1439
1525 1339
1466 1014
1773 1214
2500 1177
2838 1318
2772 1297
862 1204
1397 1267
1326 1429
1968 1042
696 1344
961 1302
1314 1441
1620 1255
1894 1387
2060 1239
1709 1404
614 1108
1499 1349
2035 1451
2021 1227
2925 1373
1967 1368
2720 1376
2161 1233
1341 1179
838 1151
564 1151
1842 1407
750 1444
1032 1145
2377 1230
572 1370
562 1295
2092 1158
2038 1454
2739 1131
505 1299
1142 1490
2797 1201
2024 1372
2278 1460
2791 1023
596 1319
770 1491
2950 1069
1642 1120
2317 1137
2163 1430
842 1399
2147 1289
1062 1296
2690 1352
2146 1314
1855 1143
1473 1150
2492 1411
1409 1059
2175 1267
2289 1139
1617 1105
2212 1175
1467 1455
1295 1406
1748 1012
2307 1144
2965 1068
1389 1029
2051 1017
969 1145
2292 1407
2629 1317
1193 1330
1264 1235
2639 1439
2452 1446
2225 1207
1975 1301
764 1456
1871 1272
1873 1110
926 1457
1618 1159
1970 1056
1346 1157
782 1336
1053 1211
2726 1077
678 1260
2417 1482
1478 1027
771 1401
1234 1262
1484 1198
2774 1156
2503 1355
1882 1153
1503 1003
1708 1218
1194 1016
2984 1133
850 1252
2078 1261
1582 1265
2713 1104
2150 1154
1934 1072
2812 1428
525 1297
1070 1012
1269 1174
1547 1012
2347 1077
2751 1130
674 1378
669 1324
976 1103
2585 1226
2320 1285
1880 1032
2357 1323
2215 1248
633 1363
1058 1066
2898 1001
1703 1308
1375 1177
699 1236
990 1074
992 1271
2644 1341
1187 1398
1566 1010
1964 1359
2478 1490
1542 1353
778 1100
1047 1046
2927 1330
2230 1201
1752 1373
823 1443
1133 1086
751 1313
2928 1457
1601 1133
976 1463
971 1380
2014 1377
1614 1467
2606 1390
1856 1407
692 1214
2196 1280
1533 1496
2478 1239
1081 1021
1297 1310
1718 1373
1892 1304
2081 1378
1799 1217
924 1408
929 1190
1959 1002
2091 1375
2022 1444
2459 1484
719 1276
2744 1171
1747 1061
1771 1251
2736 1145
1104 1173
2877 1195
1695 1122
1977 1095
1133 1407
882 1187
2590 1171
1196 1194
1515 1213
513 1362
2747 1195
729 1208
1233 1476
1103 1430
2948 1302
2325 1439
1514 1309
719 1157
975 1246
2094 1242
1679 1368
2939 1090
2169 1219
693 1010
767 1444
855 1235
793 1451
2090 1193
2717 1271
1780 1439
2465 1070
995 1382
703 1191
1934 1003
2497 1214
597 1347
2384 1236
2331 1126
1938 1483
2740 1347
822 1231
1179 1338
777 1099
1053 1226
1730 1127
979 1113
1881 1323
2220 1257
2254 1033
1138 1382
903 1412
923 1401
2750 1365
2109 1333
1504 1412
2786 1452
809 1314
1630 1309
2186 1494
546 1028
1419 1457
990 1442
1690 1074
1858 1380
804 1329
2535 1479
1535 1472
2870 1144
1944 1192
803 1369
1066 1145
1808 1403
1826 1156
1268 1478
1062 1277
2441 1245
2094 1166
508 1371
1671 1263
1390 1052
1563 1460
2605 1311
2099 1457
1394 1100
1904 1235
1798 1150
1736 1172
808 1264
1911 1264
1146 1271
1392 1306
602 1316
2418 1251
2499 1452
918 1314
1739 1280
2826 1276
1158 1260
1862 1113
1265 1203
1319 1322
845 1032
1967 1174
2630 1481
637 1367
2284 1295
999 1384
1566 1168
2108 1274
2496 1444
2782 1161
762 1359
1304 1465
852 1406
1951 1192
916 1331
1816 1393
1276 1157
1680 1395
2476 1268
883 1074
2029 1187
1662 1039
1887 1298
1519 1082
2170 1464
2576 1246
1566 1231
739 1128
2276 1006
2757 1461
2303 1308
1266 1373
1526 1476
1398 1418
2090 1198
979 1395
2228 1199
1996 1077
2470 1199
1510 1416
1839 1341
1796 1374
2411 1494
897 1330
734 1452
665 1154
2758 1021
2472 1154
1781 1247
709 1048
611 1389
2286 1290
984 1219
2846 1321
2562 1086
2936 1015
2334 1383
1118 1378
2000 1425
2547 1034
2430 1261
2818 1346
1626 1415
1013 1320
2685 1491
1565 1437
1482 1486
2350 1042
2820 1409
2151 1037
521 1092
1592 1107
2535 1164
1183 1082
1689 1381
1323 1276
2695 1123
2351 1059
1828 1476
2300 1167
2376 1451
609 1074
2402 1368
1152 1091
1691 1004
2452 1319
2169 1480
617 1349
1636 1442
1256 1394
1592 1086
2941 1353
681 1125
1164 1033
1639 1342
1697 1318
1229 1494
1415 1010
2445 1077
2276 1417
1213 1228
1686 1253
1948 1497
803 1166
2856 1395
524 1442
1768 1379
1499 1060
2281 1025
1477 1115
1053 1018
1575 1228
899 1402
2977 1178
2560 1160
864 1496
576 1168
2742 1348
2728 1395
862 1001
1755 1465
2964 1217
1126 1454
2612 1459
2113 1034
2268 1193
1258 1177
2748 1216
1918 1266
2798 1193
2825 1160
1108 1413
1026 1455
1868 1044
2065 1495
2098 1306
1701 1417
2370 1135
2869 1069
2362 1264
1383 1096
2343 1088
2727 1327
2775 1385
779 1499
649 1243
1010 1317
2644 1467
1768 1325
771 1256
2438 1472
1370 1285
1349 1198
2889 1067
2385 1062
2263 1004
1087 1011
2427 1390
673 1217
2220 1385
2012 1082
2768 1066
1779 1156
712 1279
1611 1312
1235 1084
1652 1193
2659 1443
1977 1016
2581 1319
2561 1282
880 1123
734 1079
1644 1076
2117 1117
2433 1391
1141 1386
2870 1484
2159 1271
2731 1437
2117 1458
2642 1364
1141 1289
815 1195
762 1194
1441 1017
2221 1075
1242 1007
2116 1015
500 1405
766 1442
2267 1130
823 1000
955 1267
1168 1024
2370 1394
1973 1488
853 1273
638 1151
2053 1209
1821 1337
1045 1024
2775 1387
1011 1365
1923 1338
2712 1476
800 1019
2069 1214
1968 1157
2924 1023
2494 1294
2112 1064
601 1316
1550 1296
567 1018
1502 1106
1881 1248
1194 1089
2769 1044
2011 1286
1705 1195
2544 1162
1341 1325
751 1477
2423 1483
2543 1234
1110 1364
773 1124
597 1206
2916 1008
1511 1165
2335 1400
911 1471
1478 1405
1509 1387
1209 1410
1456 1293
1251 1047
2751 1162
2334 1244
1359 1388
2249 1121
966 1363
1285 1333
2482 1144
2386 1383
2715 1303
1425 1184
960 1012
2663 1001
1320 1259
1249 1139
692 1028
1794 1174
1778 1279
2142 1100
2715 1162
503 1414
509 1291
2716 1011
1110 1399
2970 1049
1031 1027
992 1366
2704 1177
1726 1404
1890 1484
1959 1428
640 1305
848 1488
2991 1111
1686 1073
2129 1051
824 1108
2509 1477
2103 1439
1602 1077
1600 1431
1415 1225
1905 1009
837 1282
1284 1018
2347 1111
1943 1455
1000 1371
1738 1013
2490 1202
1229 1440
2285 1437
1397 1076
1618 1379
921 1188
2031 1183
2943 1238
2306 1261
2927 1048
2620 1071
2592 1465
1382 1248
2989 1472
847 1487
1814 1219
2034 1400
644 1171
2879 1140
1856 1168
526 1301
983 1216
2703 1141
2675 1025
1596 1371
1571 1186
1883 1065
2134 1447
550 1066
1994 1490
2835 1245
2161 1333
790 1002
2061 1372
1118 1195
2530 1138
1301 1369
2660 1217
1230 1177
2019 1474
922 1132
541 1330
1908 1201
2366 1319
2720 1231
1132 1341
1020 1419
785 1021
1213 1428
1563 1197
2776 1140
1761 1178
2255 1124
2406 1465
2785 1139
1687 1132
2434 1425
1912 1070
602 1239
2073 1485
1910 1136
1584 1359
2742 1216
1807 1225
1835 1385
2371 1056
1007 1250
2848 1304
2347 1055
763 1435
2264 1113
2227 1023
2493 1112
1406 1429
1478 1205
2467 1435
2888 1463
1279 1246
2350 1015
2085 1146
1629 1179
762 1145
1245 1341
2246 1078
2159 1429
2273 1071
2849 1043
2307 1415
2760 1442
1738 1214
1278 1134
1954 1470
2719 1166
1296 1104
2740 1051
2203 1087
629 1097
1525 1387
735 1148
528 1333
713 1306
795 1148
2866 1182
2628 1250
2902 1455
1625 1073
833 1320
2271 1058
2956 1051
1932 1196
1568 1255
2487 1270
1988 1025
823 1210
2393 1050
1834 1295
2343 1427
2213 1056
2453 1459
1475 1391
621 1415
1886 1105
570 1118
2047 1294
2031 1195
1898 1153
935 1035
1269 1107
1121 1305
2967 1371
1186 1028
1559 1245
1946 1387
2806 1447
2486 1110
2757 1142
1785 1408
1570 1038
2479 1060
2300 1382
1465 1313
2604 1261
2318 1336
1990 1066
2403 1173
2400 1245
1106 1122
2267 1209
1006 1173
2058 1143
1789 1374
1428 1144
605 1122
1100 1449
2422 1397
1980 1222
1237 1157
1675 1489
1426 1450
1975 1330
1571 1284
1019 1340
2915 1390
1595 1091
2943 1340
2953 1041
1668 1490
989 1086
1507 1017
923 1109
2149 1239
2762 1057
1837 1141
580 1232
2188 1417
2817 1407
1105 1275
856 1099
1739 1332
948 1135
831 1303
2829 1295
2908 1024
2211 1183
2066 1088
942 1090
2540 1239
2066 1375
966 1411
729 1247
2713 1347
2196 1018
559 1116
1493 1294
1665 1011
2393 1382
1331 1236
966 1395
1530 1012
2481 1187
1779 1467
2548 1415
1248 1443
575 1257
1323 1444
2228 1246
1845 1028
2518 1188
2215 1248
2264 1358
1863 1369
2015 1245
1091 1410
831 1070
2670 1160
2961 1037
1294 1014
2061 1213
1950 1292
1269 1294
2720 1287
751 1227
1242 1035
2499 1294
2463 1232
1410 1394
1986 1086
650 1468
2479 1366
2780 1470
925 1154
1266 1212
1477 1363
1725 1272
2231 1033
2927 1458
2754 1089
2491 1447
1209 1083
1621 1322
1819 1104
696 1315
518 1123
1558 1282
1963 1183
828 1458
2609 1165
655 1353
2610 1205
892 1090
2459 1314
741 1186
1703 1013
2592 1489
2176 1161
1020 1180
695 1220
1239 1036
2263 1217
906 1227
655 1078
1058 1315
2252 1356
2002 1205
2490 1413
2679 1129
2337 1327
1791 1482
729 1220
2097 1171
2459 1351
1349 1200
1768 1106
1329 1336
2783 1478
743 1011
877 1065
673 1196
1340 1122
879 1359
2093 1240
520 1380
2215 1393
2086 1157
2852 1203
2997 1362
2845 1170
2754 1093
2328 1213
1887 1395
1177 1419
2911 1328
966 1024
847 1229
1117 1156
1705 1461
1747 1024
1297 1062
2275 1405
879 1084
2033 1374
2822 1426
2156 1090
2550 1281
1910 1177
2165 1152
2587 1436
2512 1149
2189 1106
522 1362
848 1260
1084 1410
2015 1254
843 1126
1094 1430
1018 1268
1652 1457
2145 1455
1550 1038
2733 1177
622 1268
2442 1354
2534 1028
563 1416
659 1458
989 1305
1389 1153
1207 1496
600 1187
1651 1456
676 1355
802 1204
2047 1197
2703 1347
1195 1167
2901 1470
2081 1204
2442 1368
2417 1251
1376 1415
2139 1443
2128 1453
2281 1105
2765 1254
1015 1363
643 1260
1132 1456
2961 1201
1595 1176
2292 1037
861 1350
1038 1077
1459 1069
2917 1106
1262 1431
1654 1029
2940 1196
682 1098
1876 1127
1662 1014
1915 1065
870 1048
1843 1265
2289 1426
603 1368
2586 1089
2284 1317
990 1163
2916 1349
2850 1010
1444 1441
1962 1473
2801 1152
1272 1296
2175 1494
1307 1451
2453 1425
2206 1399
2705 1227
2495 1044
1517 1488
2183 1183
2496 1063
1896 1190
1846 1087
1036 1316
2564 1010
1801 1428
2052 1372
1472 1086
518 1170
1721 1110
818 1430
2555 1092
2298 1409
523 1026
1992 1385
2481 1415
2054 1212
2124 1187
2309 1106
797 1036
779 1089
2144 1001
2127 1070
938 1176
1322 1046
2181 1241
1519 1045
784 1100
902 1434
2286 1145
2017 1059
1135 1177
711 1077
914 1451
1492 1051
2430 1428
2738 1096
2201 1175
621 1087
2819 1425
842 1064
1790 1168
1194 1153
2145 1107
779 1081
2227 1026
2224 1215
1417 1249
1312 1431
1804 1020
1227 1006
1762 1327
1041 1101
1097 1019
2896 1341
2151 1215
572 1033
1760 1010
2430 1014
1806 1068
2737 1491
596 1375
2970 1379
1596 1110
2702 1210
2790 1088
857 1123
2461 1334
1804 1052
2805 1313
2057 1449
2966 1417
2929 1483
2369 1191
1175 1191
504 1462
717 1253
1716 1370
1352 1198
2011 1344
2902 1305
852 1330
2943 1228
750 1035
2934 1292
916 1061
1133 1340
1390 1150
1115 1122
1681 1164
1315 1399
1617 1209
2740 1195
1553 1106
1384 1339
2769 1287
2029 1191
2931 1477
2957 1038
2648 1029
1281 1279
2344 1281
743 1203
1907 1137
776 1438
1990 1308
1553 1062
2314 1475
852 1057
1280 1016
957 1121
2778 1375
2240 1470
1445 1451
1879 1411
659 1322
1732 1260
703 1361
1204 1249
1943 1390
1082 1415
1451 1339
1923 1051
2946 1397
2614 1187
2387 1384
1008 1483
2104 1220
2445 1434
723 1094
968 1197
2481 1218
1407 1481
1706 1461
611 1301
638 1141
1262 1473
1092 1074
1737 1383
1127 1394
1428 1221
735 1224
1531 1384
804 1313
2230 1077
2411 1235
2609 1308
2156 1468
1926 1091
2626 1238
543 1005
940 1339
2304 1087
2732 1166
2280 1146
2200 1426
2245 1301
648 1302
2564 1335
1435 1495
1667 1248
1253 1290
1125 1123
2115 1232
2543 1140
2363 1304
989 1159
1084 1454
1297 1087
1998 1435
2173 1351
1269 1389
2616 1116
2031 1379
1551 1230
1302 1250
1230 1397
1524 1353
662 1150
1212 1147
1517 1362
1309 1136
687 1468
2084 1040
1583 1068
1051 1277
772 1489
2380 1089
1538 1123
2799 1217
754 1308
2359 1061
1831 1032
501 1187
1852 1097
1822 1070
2508 1355
1544 1205
1511 1213
2103 1135
1788 1482
1190 1450
620 1495
2986 1264
1559 1291
763 1184
780 1146
1075 1328
1503 1438
2735 1460
1763 1156
517 1437
1089 1290
1743 1400
801 1421
1689 1275
655 1321
570 1002
1686 1022
1780 1227
2855 1424
2267 1353
1309 1461
1349 1216
1149 1141
2311 1145
2013 1252
741 1273
732 1192
655 1189
1149 1236
1474 1177
957 1271
1163 1267
2273 1343
1836 1462
2107 1432
2474 1130
1050 1072
2631 1480
2686 1111
1699 1256
2339 1391
2778 1432
2593 1331
944 1047
1508 1087
2415 1315
2296 1223
1539 1073
1877 1240
1217 1337
1902 1221
2067 1467
2439 1270
1028 1269
2284 1431
1055 1310
2081 1272
1156 1369
2788 1199
2890 1087
2858 1498
1441 1057
2418 1034
2120 1300
2997 1075
549 1343
685 1441
811 1316
2604 1104
2480 1129
2909 1069
989 1364
2081 1270
2241 1050
618 1460
833 1149
1572 1106
1318 1380
1490 1070
1251 1376
1923 1151
1872 1083
1707 1418
2818 1264
2885 1433
1277 1305
1016 1232
1797 1226
1401 1443
1718 1495
914 1097
2149 1107
2724 1220
667 1020
2319 1275
773 1317
2253 1243
2456 1190
1609 1330
2184 1104
755 1011
942 1487
2906 1455
676 1422
2277 1041
784 1103
1660 1462
2670 1152
859 1278
1585 1245
2544 1425
1521 1234
2662 1431
2171 1170
2290 1083
1828 1088
1587 1130
1761 1274
2774 1319
2117 1133
1359 1258
992 1401
508 1182
1185 1134
2821 1233
2223 1088
2440 1272
1597 1189
778 1314
1119 1266
1588 1058
2786 1491
2672 1173
2692 1155
1530 1025
1561 1402
993 1335
1815 1447
782 1466
2579 1242
2169 1037
2421 1152
2000 1400
2616 1194
2300 1367
2068 1464
1806 1264
1100 1306
1038 1392
2151 1479
2969 1125
2892 1012
2171 1224
1458 1127
766 1203
717 1335
2984 1466
794 1054
2267 1344
2780 1177
1790 1173
2210 1391
635 1163
2536 1065
1876 1295
1203 1413
2560 1300
2123 1460
1286 1069
2760 1091
926 1423
1925 1290
1527 1149
2897 1168
2234 1362
513 1291
2902 1468
1164 1145
1682 1180
2670 1333
1016 1279
2369 1495
964 1128
2089 1405
2522 1164
2499 1494
2210 1268
2490 1225
2448 1400
2639 1431
762 1366
599 1140
507 1020
830 1358
2919 1487
2474 1033
1508 1451
1488 1169
1628 1462
2551 1366
714 1415
1144 1094
2122 1231
2642 1331
1733 1386
1497 1026
1874 1133
1798 1317
1431 1133
2119 1197
2962 1146
712 1409
518 1387
619 1453
2177 1304
1260 1086
2434 1468
2327 1356
748 1441
2462 1216
1080 1457
2768 1039
1504 1108
1082 1377
2478 1207
1174 1094
1063 1475
1401 1274
2554 1274
1730 1136
605 1017
2675 1428
1016 1245
1775 1499
2326 1041
1836 1090
821 1437
2188 1275
2868 1011
1670 1451
856 1384
2932 1427
1015 1442
1654 1290
1358 1166
648 1372
1005 1084
2927 1324
2838 1240
2999 1359
2554 1147
672 1361
751 1175
2803 1456
966 1260
1122 1109
1673 1380
2287 1368
2861 1367
2005 1299
2024 1324
2343 1415
2680 1254
2137 1095
1182 1146
2690 1324
2409 1271
2694 1086
660 1053
2689 1253
1688 1307
1487 1125
2602 1492
1934 1012
671 1145
842 1231
1340 1055
2171 1437
1459 1428
1276 1169
631 1317
1252 1392
1015 1179
2664 1296
1624 1185
2059 1408
1481 1029
1352 1396
1187 1373
1435 1292
2983 1492
1754 1329
2579 1017
1165 1193
2001 1353
1070 1439
1139 1470
855 1381
1312 1410
2210 1237
522 1112
1305 1264
2050 1195
2596 1439
1816 1428
1844 1088
1469 1251
2935 1337
2122 1098
2073 1100
2319 1258
869 1404
1177 1015
2452 1062
737 1293
1897 1412
549 1114
1095 1471
1703 1385
2641 1072
994 1419
2055 1361
1753 1421
2574 1370
585 1441
890 1367
1833 1469
1716 1478
2381 1180
2809 1117
1737 1055
1384 1039
1911 1154
2217 1333
620 1361
2740 1481
1643 1338
1958 1448
795 1138
741 1421
1037 1172
2947 1226
1465 1048
2874 1405
2794 1213
1605 1087
1447 1126
2442 1098
2610 1099
2373 1310
1639 1454
1358 1243
2666 1336
1554 1165
2049 1431
639 1150
715 1025
2515 1350
524 1176
2499 1046
970 1129
2978 1025
1908 1475
2312 1443
2288 1459
1355 1342
2840 1040
1450 1047
2444 1184
1050 1023
2358 1002
711 1494
2113 1257
646 1138
1107 1094
2144 1441
2495 1057
694 1051
1848 1304
2942 1041
2495 1422
1870 1107
2018 1137
1405 1351
993 1374
2586 1434
2425 1411
2044 1426
2638 1315
1712 1108
1215 1116
2245 1429
1457 1290
1644 1245
1735 1464
2903 1146
2468 1459
2392 1319
2237 1094
831 1141
2184 1043
730 1265
2959 1342
1166 1490
2434 1102
2986 1138
2207 1439
903 1093
1589 1174
1691 1274
2776 1363
1481 1418
1101 1120
962 1379
1272 1023
2316 1205
2049 1179
2708 1406
1939 1240
986 1192
2218 1245
675 1118
2228 1495
2128 1461
953 1150
2309 1494
1188 1082
1788 1007
2007 1112
2030 1031
1583 1422
675 1274
1326 1201
1064 1258
1549 1312
2511 1123
1396 1062
2630 1004
1010 1183
2076 1358
2763 1463
2902 1196
2941 1231
1857 1266
2530 1126
860 1387
1434 1051
2191 1470
2697 1065
1922 1294
1378 1384
1660 1430
596 1216
880 1375
2833 1344
2688 1309
672 1281
1947 1017
1240 1043
1853 1268
2536 1281
1256 1125
2236 1462
1648 1435
1956 1086
978 1060
2150 1404
2520 1488
648 1102
1190 1090
564 1303
2683 1110
2817 1230
1174 1437
1046 1156
716 1464
1999 1103
1365 1442
774 1081
1296 1268
2236 1316
2435 1047
554 1166
2732 1282
1815 1286
696 1440
2667 1395
2147 1125
825 1429
1305 1106
890 1452
2545 1356
723 1266
2429 1164
1580 1310
2051 1151
739 1339
1046 1441
1776 1125
2758 1392
2663 1260
1119 1172
577 1353
2887 1046
1014 1172
1463 1009
2766 1038
2825 1235
2489 1242
2501 1015
2387 1436
947 1384
1341 1192
1707 1392
531 1161
2715 1252
1766 1377
1146 1417
799 1374
856 1497
1558 1069
2342 1201
2767 1499
2711 1037
2007 1491
2479 1446
712 1123
1939 1484
2062 1320
2054 1305
1624 1257
771 1021
555 1032
1803 1259
1341 1061
1239 1160
1189 1044
2079 1347
1485 1245
2573 1220
1764 1020
1050 1493
2566 1392
681 1052
1726 1494
1429 1201
1567 1376
1232 1481
1391 1269
684 1195
1193 1419
1597 1438
1548 1067
2086 1075
609 1315
1477 1032
2549 1444
2265 1103
2788 1076
2307 1471
2113 1080
1219 1364
1082 1143
606 1434
2191 1267
1423 1112
1895 1235
1517 1477
2612 1331
1506 1134
2541 1215
987 1167
1226 1020
1253 1056
2160 1010
2616 1285
1329 1200
1488 1396
1577 1483
2481 1395
1794 1068
2875 1276
2356 1457
1102 1460
1258 1491
531 1081
2208 1158
1341 1275
1571 1209
1959 1228
1243 1125
975 1013
1624 1449
1606 1452
2219 1018
2037 1186
2092 1109
513 1414
1404 1017
2570 1257
2457 1310
718 1045
1938 1058
1038 1320
1285 1249
1718 1298
2744 1141
1140 1203
2814 1238
770 1279
2930 1128
1062 1489
2706 1353
2754 1026
2455 1352
978 1187
1742 1364
2659 1270
846 1138
2125 1158
1794 1279
2298 1168
2513 1037
2051 1477
1928 1021
1566 1349
1814 1065
1066 1406
2005 1224
1352 1200
2070 1127
818 1041
2458 1109
1284 1294
1966 1109
2645 1058
685 1067
1182 1182
903 1200
2382 1084
1484 1051
1204 1184
1148 1063
1675 1132
2850 1143
2655 1299
2938 1403
2236 1434
1378 1493
1170 1428
2037 1160
2703 1499
2285 1292
1707 1099
2874 1496
638 1013
2031 1477
1243 1365
2973 1448
2623 1392
928 1034
2704 1363
2656 1339
1559 1399
2988 1022
1356 1341
1344 1280
916 1349
1559 1135
886 1208
1503 1210
706 1136
2574 1234
836 1142
1076 1398
1652 1103
2254 1016
2032 1106
1642 1200
1246 1439
1555 1388
2750 1367
539 1203
2686 1464
2277 1309
1994 1426
2919 1208
708 1368
1416 1025
1033 1222
2298 1433
2273 1496
1336 1381
2935 1036
831 1257
2851 1304
1487 1066
1154 1274
1244 1195
2181 1226
1463 1294
2003 1128
1317 1042
2103 1314
2414 1239
2471 1146
1018 1057
2537 1109
2578 1366
2579 1192
603 1485
950 1402
2142 1378
1335 1130
2752 1327
660 1184
636 1176
2533 1247
1690 1262
2507 1431
1240 1109
2549 1416
663 1345
551 1218
2680 1166
627 1356
1754 1474
1013 1399
933 1111
758 1341
930 1335
2243 1071
2513 1481
2481 1242
2743 1054
784 1326
1056 1343
2432 1412
2578 1171
659 1169
1376 1319
2895 1429
660 1390
2054 1312
2777 1275
2343 1110
2102 1126
1762 1339
1104 1310
2523 1195
1859 1213
2483 1097
1172 1406
1962 1254
1000 1291
2301 1399
1236 1069
2709 1449
974 1039
1645 1095
2129 1464
2902 1340
2096 1120
551 1283
2869 1091
1622 1426
1018 1135
2307 1309
1158 1408
2292 1057
1334 1416
1471 1048
2072 1496
566 1110
890 1105
819 1226
2077 1157
2312 1035
1192 1127
1965 1007
1644 1120
1659 1305
1312 1094
2501 1302
2335 1102
2241 1281
1076 1280
2461 1002
1212 1356
1662 1231
831 1288
799 1122
2822 1212
1377 1321
1146 1439
1360 1383
2181 1103
2939 1279
969 1266
1773 1219
2054 1228
1667 1041
2985 1013
1229 1286
1869 1186
894 1494
2235 1475
2916 1160
1278 1104
2673 1123
2366 1172
1218 1377
1977 1258
1474 1004
1783 1385
791 1268
2191 1322
2256 1124
2968 1004
1525 1470
1047 1468
2430 1226
995 1019
1851 1085
1480 1176
1767 1307
2177 1005
1743 1239
2360 1192
2775 1491
1431 1422
1608 1303
616 1487
1673 1089
2751 1360
2200 1320
971 1108
2209 1231
662 1187
2357 1090
1599 1077
2175 1007
2608 1215
1820 1118
2928 1422
2771 1179
1472 1279
1834 1218
889 1184
756 1078
2897 1022
2873 1243
1736 1104
2958 1129
2605 1102
887 1243
708 1122
745 1248
2206 1069
2811 1339
1786 1181
1706 1128
1930 1233
1554 1472
1700 1128
1567 1245
1239 1060
2128 1265
2385 1059
2539 1177
2583 1478
1540 1181
1213 1128
1074 1023
1753 1496
1037 1141
537 1164
1047 1401
940 1467
1990 1264
1073 1248
1651 1498
2593 1047
1011 1231
823 1450
2108 1039
572 1475
1748 1499
1508 1472
1686 1068
698 1482
769 1204
1596 1429
691 1485
670 1027
1655 1498
1212 1213
643 1120
1150 1346
1279 1409
612 1441
1011 1442
1484 1420
2725 1033
2627 1204
2028 1466
2289 1242
577 1379
2187 1351
2222 1015
1247 1001
1419 1159
1305 1171
2613 1278
1507 1449
2189 1426
1202 1183
1508 1175
2086 1177
1803 1252
1991 1264
1537 1303
2092 1195
2573 1400
1621 1218
1379 1335
1589 1007
1638 1374
1047 1292
582 1362
984 1362
871 1173
1280 1109
2457 1301
1301 1061
662 1395
560 1048
1041 1299
2738 1194
1025 1206
2592 1163
910 1212
743 1274
2190 1288
985 1246
1761 1257
720 1477
1462 1418
2602 1468
1670 1328
2877 1331
2758 1033
1794 1265
1934 1376
563 1253
2684 1017
795 1375
1340 1098
2126 1069
2233 1364
2877 1351
1350 1285
1067 1146
2905 1312
570 1441
1870 1329
2728 1226
1861 1341
2710 1365
1765 1308
2105 1406
1027 1255
532 1078
2687 1030
2532 1486
820 1009
2109 1400
1961 1143
1614 1050
596 1292
953 1495
1420 1225
2013 1227
2943 1065
686 1375
2587 1321
1500 1283
1967 1433
2236 1358
500 1200
1353 1297
2168 1244
2865 1236
1920 1279
1259 1032
1324 1235
1220 1383
2846 1351
1817 1415
2860 1288
2607 1123
2351 1175
2063 1120
2506 1235
2277 1345
1543 1034
2741 1368
2540 1418
2287 1146
2787 1207
2559 1438
2119 1222
1381 1280
2417 1484
930 1323
1843 1217
1125 1249
929 1397
1263 1147
631 1054
1621 1440
758 1291
2211 1446
507 1254
669 1491
1642 1078
2414 1245
930 1476
1637 1215
1471 1321
868 1084
2003 1358
2212 1135
1036 1477
1889 1419
1368 1082
2151 1318
704 1286
2565 1212
2598 1480
905 1005
2970 1262
1284 1498
1813 1448
1089 1157
2793 1257
1564 1447
1465 1428
898 1314
2695 1230
1692 1094
2443 1334
2412 1156
1139 1034
678 1231
2124 1498
871 1312
2221 1199
535 1400
1749 1401
512 1476
2857 1454
1937 1392
1682 1175
1052 1060
1607 1270
746 1356
2351 1407
1138 1415
1493 1480
1565 1381
2873 1465
1934 1493
976 1246
629 1378
939 1305
2289 1496
1208 1181
2778 1069
1124 1433
1338 1460
2159 1484
1654 1216
1625 1489
1513 1009
1574 1097
930 1047
2104 1196
2501 1427
652 1028
1202 1317
1995 1276
1140 1079
1843 1417
1527 1415
2214 1284
1225 1123
1705 1374
2353 1134
2409 1435
648 1498
1580 1461
1008 1158
1641 1257
741 1406
2128 1017
2297 1448
1575 1339
1441 1450
548 1465
707 1218
1029 1057
1418 1137
1812 1281
2270 1012
1206 1252
885 1469
1007 1101
1027 1479
1400 1369
752 1217
1819 1126
2456 1305
1194 1445
2490 1207
1496 1245
1108 1418
2627 1146
649 1370
724 1214
1087 1159
2327 1043
845 1268
1848 1388
2372 1480
561 1113
2799 1454
2645 1122
1463 1077
1665 1445
1040 1023
2924 1133
2293 1263
2907 1359
1651 1257
1126 1100
1985 1026
2078 1295
1322 1288
1167 1328
2496 1453
1000 1165
869 1169
1319 1192
2451 1026
2367 1293
2630 1484
2668 1397
1116 1078
528 1118
516 1097
1080 1495
654 1071
2424 1498
2673 1459
2613 1284
2575 1472
2294 1266
1571 1498
681 1051
2323 1406
1610 1416
2536 1397
1953 1234
1553 1447
2830 1316
2223 1340
1363 1443
1589 1404
2018 1436
1051 1085
1092 1327
865 1227
2658 1100
1782 1115
1629 1267
2792 1094
2027 1456
1183 1149
1809 1269
2426 1349
1330 1427
2140 1235
2635 1184
1110 1480
1628 1258
2765 1271
2962 1152
2552 1113
1617 1333
1569 1197
1242 1051
750 1208
921 1034
2321 1473
669 1039
662 1128
1952 1355
1250 1358
934 1477
2835 1389
1249 1412
2592 1029
1928 1026
1184 1178
2903 1314
1903 1033
873 1083
2344 1318
2857 1165
2352 1149
1263 1226
1158 1207
1423 1228
733 1277
1580 1399
1074 1327
1098 1126
1279 1065
1445 1171
1401 1478
2416 1332
2059 1227
638 1363
2155 1276
2508 1029
2700 1067
712 1395
2163 1157
1482 1386
1083 1379
2997 1349
1514 1079
1069 1319
2873 1154
2814 1155
1658 1423
2601 1201
1371 1219
1326 1125
2142 1045
2885 1428
2102 1362
1443 1021
1857 1166
1287 1043
2707 1016
1334 1048
2655 1127
2428 1278
2032 1189
1598 1101
2970 1072
1366 1421
2181 1309
727 1390
559 1446
1764 1049
555 1213
1249 1090
2833 1074
2911 1119
1678 1127
2223 1027
1113 1436
1780 1038
1186 1164
1181 1070
2952 1213
2279 1315
1213 1214
2987 1192
1108 1474
718 1245
2051 1287
880 1300
2527 1182
2953 1057
2718 1159
1979 1221
1692 1117
2430 1426
512 1251
2300 1031
1438 1070
2878 1356
1439 1053
1365 1186
1569 1321
1619 1395
1776 1460
2445 1485
2088 1222
2033 1298
2103 1119
790 1325
591 1498
2836 1021
906 1193
2289 1213
2686 1350
2665 1164
1073 1297
940 1350
1646 1400
1134 1318
1344 1387
971 1045
1676 1034
503 1355
2458 1135
1688 1228
824 1266
2084 1036
1585 1162
1682 1274
879 1308
2682 1164
2215 1096
2696 1069
2078 1072
2798 1010
1548 1186
2398 1306
2452 1154
2426 1239
2801 1128
2962 1084
2526 1470
525 1299
1287 1262
2899 1076
2341 1293
1452 1161
910 1110
1122 1009
2235 1059
1124 1255
2194 1136
2943 1252
709 1112
2280 1201
1265 1288
1381 1302
1790 1164
2803 1139
2278 1017
1644 1351
2953 1022
2713 1106
2956 1495
1456 1014
1617 1004
2676 1065
1837 1006
699 1279
2097 1011
2208 1151
652 1418
2128 1383
2849 1401
1314 1211
1758 1182
2249 1262
1410 1036
1777 1430
502 1024
1123 1429
961 1239
560 1005
2521 1429
1083 1487
1770 1469
1606 1047
2483 1495
1176 1470
2296 1274
2352 1433
1818 1408
2265 1225
2894 1059
700 1312
960 1359
1716 1014
2593 1093
2005 1344
1787 1165
618 1403
1977 1460
533 1425
590 1100
2105 1360
2903 1355
2113 1197
2441 1060
2860 1409
1157 1272
783 1300
2515 1122
1337 1248
1212 1193
2210 1147
2259 1182
2243 1146
1471 1200
2821 1466
2010 1331
1700 1428
1481 1060
2154 1089
2927 1058
2743 1047
1599 1058
1988 1298
1296 1389
1072 1126
580 1404
1019 1078
2950 1044
1320 1247
1782 1395
2312 1474
1238 1221
1660 1233
2316 1220
2318 1087
1151 1147
508 1069
2836 1317
2595 1273
2790 1368
1122 1487
2324 1202
505 1357
866 1430
2369 1018
1551 1375
2893 1468
1936 1230
2933 1464
1917 1017
2248 1306
1810 1328
2736 1147
1728 1394
2916 1083
1499 1296
2932 1123
716 1396
2516 1362
1848 1384
1163 1032
2349 1422
2915 1448
2806 1177
2098 1250
828 1473
585 1000
2561 1112
2353 1248
741 1235
982 1127
1516 1062
603 1424
968 1113
1122 1043
887 1363
536 1454
1658 1282
1052 1449
1893 1099
2435 1171
2077 1329
1446 1474
2596 1497
2359 1115
2793 1446
973 1221
1753 1022
516 1308
1874 1442
2749 1253
2344 1113
2441 1097
2451 1225
2144 1327
758 1236
2455 1090
1311 1414
827 1366
2064 1368
1821 1133
589 1175
2023 1244
2871 1030
2592 1398
1431 1224
1796 1373
1603 1485
1174 1250
2964 1425
2089 1329
1569 1194
1970 1353
1474 1391
2620 1021
2959 1337
2343 1152
2999 1144
2114 1220
1083 1433
2659 1395
1496 1427
863 1188
1469 1253
2574 1268
2874 1230
1603 1279
2905 1457
1651 1074
1533 1118
1816 1297
1688 1020
704 1461
2521 1310
1377 1496
2637 1380
510 1139
2307 1104
1952 1102
992 1229
2448 1121
2456 1467
1227 1374
2970 1335
2871 1048
2190 1218
2238 1031
1575 1164
596 1243
1970 1288
1357 1263
1304 1185
2990 1441
689 1440
645 1016
1700 1498
2202 1329
568 1129
2253 1191
830 1206
1628 1180
2775 1380
2414 1336
743 1010
963 1490
1492 1470
2152 1489
1378 1357
540 1346
570 1490
580 1293
2905 1244
808 1337
1234 1230
2869 1014
2112 1431
2266 1025
532 1161
2185 1102
1560 1061
2954 1385
2699 1237
2005 1412
506 1463
927 1015
1026 1164
1764 1107
2021 1313
2236 1043
849 1185
2963 1178
1349 1438
2875 1205
1539 1486
2050 1150
594 1380
1549 1394
964 1210
1404 1438
2577 1470
2203 1168
2151 1401
1523 1367
677 1359
1728 1447
2086 1485
1992 1433
1638 1358
2659 1279
2768 1188
1700 1036
1103 1152
824 1376
958 1064
864 1296
1414 1022
2186 1009
1085 1453
1144 1137
2379 1294
2793 1490
1252 1389
1067 1184
1911 1233
2427 1409
1575 1087
2835 1335
2228 1091
904 1396
1305 1336
1200 1331
1889 1110
2127 1302
1189 1392
1027 1204
2204 1404
1504 1496
1805 1336
2405 1140
672 1159
1120 1084
2706 1302
789 1343
798 1318
647 1169
1760 1161
1563 1375
1048 1348
2438 1135
1502 1246
2474 1159
2107 1326
2759 1333
1617 1094
1483 1358
2289 1040
2064 1251
2364 1049
2771 1268
2397 1473
900 1278
1883 1208
2187 1489
1537 1074
1191 1476
2757 1361
1141 1427
1199 1239
1684 1467
693 1462
2157 1061
973 1070
1705 1418
684 1055
1396 1015
2865 1102
2083 1245
811 1081
680 1199
2953 1326
1092 1277
1014 1439
2276 1294
2993 1267
1584 1206
2164 1489
2886 1099
956 1436
2131 1028
2976 1086
850 1117
1688 1063
1328 1041
1712 1197
1764 1473
1306 1111
530 1047
1452 1314
2813 1357
871 1009
2996 1186
1804 1003
721 1381
714 1145
2968 1135
2519 1489
1983 1476
2406 1460
2987 1054
1234 1463
1864 1498
1606 1147
2319 1027
1222 1468
1499 1480
772 1018
658 1410
2857 1026
2622 1055
1904 1324
1043 1160
2329 1003
2453 1431
2808 1439
2164 1339
2704 1217
1756 1237
2043 1136
635 1066
825 1074
2231 1131
1372 1104
1198 1296
1897 1428
2399 1204
2206 1415
1937 1210
1565 1153
2415 1063
2649 1361
1594 1279
508 1278
1357 1445
1960 1134
1607 1119
2510 1319
1005 1284
1465 1083
590 1323
2975 1111
2363 1104
1637 1349
737 1324
2919 1490
1464 1087
2817 1125
1554 1161
766 1419
1091 1488
2726 1087
1626 1444
1875 1361
1072 1243
2138 1023
2623 1038
564 1439
2450 1112
1721 1052
2863 1300
1283 1128
948 1207
2210 1394
2428 1132
1852 1335
669 1378
2589 1290
2811 1215
1494 1087
1146 1209
2184 1273
2019 1099
1043 1494
507 1100
1995 1319
2004 1391
1170 1242
1917 1445
1682 1134
1058 1069
2312 1256
2292 1011
1578 1118
2423 1181
2948 1154
2854 1015
1092 1062
824 1250
2550 1240
2998 1355
2424 1244
1325 1308
1732 1196
2257 1194
2911 1128
2004 1367
2075 1021
808 1288
2602 1127
1000 1488
1344 1314
2898 1386
2023 1043
2157 1487
2698 1049
2243 1498
2157 1225
1231 1431
1792 1439
1573 1424
941 1123
779 1033
1467 1383
1122 1477
2602 1053
1226 1311
1466 1052
1695 1493
2762 1068
2453 1077
1334 1106
2427 1225
874 1283
1144 1174
2320 1227
1887 1353
1737 1141
1434 1375
2278 1235
529 1188
586 1010
1552 1406
2582 1454
2221 1008
993 1037
1662 1223
2666 1496
2144 1115
575 1330
1377 1010
1117 1258
1120 1395
799 1022
2759 1283
503 1432
2149 1352
1562 1107
1569 1100
1585 1171
523 1428
2089 1133
1480 1427
2451 1336
2474 1061
801 1276
1045 1070
1727 1425
1454 1027
2914 1438
816 1370
2882 1238
2056 1089
553 1441
639 1442
979 1006
2806 1323
1755 1414
2238 1290
2007 1115
2765 1040
1020 1389
798 1016
1806 1108
2634 1412
2485 1398
1082 1151
775 1047
1225 1356
1728 1085
2634 1059