7350 5000
2761 1009
2378 1353
2078 1314
2502 1409
1310 1459
2404 1243
1907 1209
1383 1257
2326 1192
2811 1383
1888 1481
1238 1405
2647 1234
572 1389
1519 1456
1943 1026
1050 1323
2233 1296
2212 1223
2738 1352
2909 1432
804 1369
2600 1113
1828 1361
2317 1174
2756 1221
1985 1287
2634 1311
2775 1002
520 1218
1065 1017
656 1077
2771 1006
1241 1436
662 1298
1385 1302
2968 1412
2909 1171
1336 1368
1274 1098
1305 1185
2242 1274
640 1055
572 1417
1692 1020
1541 1304
1710 1456
1724 1270
2095 1366
2537 1078
557 1189
2828 1418
2873 1191
956 1181
1667 1237
507 1304
589 1067
2153 1196
751 1370
1553 1213
1607 1443
1623 1111
1234 1437
628 1369
2153 1142
1936 1345
1730 1116
1672 1276
1099 1247
765 1431
1816 1261
592 1138
2400 1271
1454 1000
2806 1469
1737 1347
1423 1165
1969 1124
2036 1489
2984 1192
2529 1263
940 1406
739 1001
942 1267
691 1463
1023 1315
1734 1156
1222 1132
2428 1406
1066 1200
1117 1103
968 1006
2719 1171
2358 1402
1833 1038
1951 1354
2393 1170
1323 1367
942 1170
837 1146
1169 1326
878 1373
2464 1423
859 1313
1329 1402
2360 1375
1521 1299
1602 1483
2976 1185
586 1199
2304 1286
2505 1228
2290 1155
1625 1275
861 1124
1040 1371
2710 1370
1390 1421
2522 1162
2155 1212
2727 1304
822 1010
2251 1495
2277 1451
1766 1168
2440 1436
2377 1140
1624 1350
518 1167
579 1216
1168 1078
2899 1328
2267 1111
1043 1454
2365 1146
1730 1306
856 1408
2982 1028
543 1244
2132 1223
1392 1271
1101 1019
2008 1171
2339 1020
2850 1374
2163 1212
1696 1312
1714 1042
500 1273
2060 1256
2031 1353
914 1033
2293 1278
2405 1207
2197 1475
2312 1375
1196 1006
2819 1473
1984 1365
1756 1141
2263 1070
1307 1451
1007 1256
1454 1029
1099 1266
2130 1185
1704 1322
2519 1299
2345 1259
1522 1059
1675 1222
1881 1350
651 1357
1918 1018
2141 1312
2631 1123
2588 1376
1874 1009
2246 1480
1727 1295
1841 1021
1870 1177
725 1452
2268 1012
1357 1206
2159 1186
584 1069
2391 1234
2750 1171
2312 1191
1522 1286
1439 1234
1564 1363
2706 1174
2979 1200
1390 1466
1716 1425
1296 1289
2384 1413
2894 1169
2388 1198
1827 1482
2449 1345
1147 1450
888 1176
512 1127
2140 1425
1936 1194
2903 1372
1822 1384
2962 1489
1783 1195
696 1134
1924 1013
1657 1448
2403 1413
2489 1415
2537 1340
2696 1135
2334 1327
2066 1328
902 1216
2907 1051
596 1249
2215 1093
2976 1438
1111 1066
1832 1434
2371 1088
2115 1143
2046 1456
963 1146
1442 1121
1930 1365
2972 1006
2407 1334
527 1380
1004 1322
658 1030
1406 1084
2309 1424
1094 1052
1714 1269
2935 1080
1941 1144
1802 1039
2947 1425
922 1066
1310 1142
586 1291
617 1027
1831 1135
2693 1445
1236 1171
2823 1485
2031 1274
2077 1018
2998 1296
2799 1355
2762 1249
1983 1194
732 1172
1962 1213
1849 1088
1422 1091
2222 1485
2855 1115
2553 1188
2849 1459
2931 1309
764 1286
866 1047
625 1024
1983 1399
2696 1020
1858 1107
2380 1365
2408 1316
1862 1493
2645 1396
945 1485
680 1472
1337 1293
615 1169
1968 1243
739 1472
715 1263
1466 1105
1108 1101
2685 1080
950 1074
1123 1161
1120 1423
1794 1242
2787 1046
822 1193
834 1002
2485 1060
2602 1003
1974 1413
1516 1102
2203 1372
2658 1143
2460 1055
781 1113
1489 1337
2903 1085
607 1198
2968 1451
877 1258
1715 1070
566 1224
988 1306
2531 1434
1647 1318
2731 1118
1933 1458
1572 1433
1295 1107
962 1310
1621 1314
2492 1431
2576 1430
1872 1368
750 1252
1378 1202
1081 1211
2968 1489
1330 1116
626 1086
1784 1402
2810 1261
1478 1213
535 1263
1308 1451
1828 1419
1712 1425
969 1180
2325 1390
2613 1268
2452 1414
2384 1421
725 1199
2376 1162
2955 1182
2769 1467
721 1091
854 1371
2887 1181
2283 1400
1624 1331
1254 1383
2206 1128
1306 1001
1813 1210
2954 1483
1932 1051
1316 1140
2436 1451
2346 1291
1003 1186
1175 1090
1248 1108
1538 1137
2300 1403
882 1011
2219 1162
887 1288
1900 1376
2762 1191
576 1026
1040 1460
1703 1135
2871 1408
2154 1103
2611 1432
856 1434
771 1426
2838 1396
1452 1219
1466 1127
1763 1409
1699 1239
683 1011
1943 1106
2105 1013
2401 1358
1885 1430
539 1089
2888 1029
2221 1494
2187 1046
1844 1442
2260 1307
2562 1399
2717 1462
2888 1169
637 1272
1510 1316
968 1226
1538 1200
2963 1484
1071 1283
888 1433
2613 1199
2550 1262
2154 1409
2009 1241
1431 1059
1138 1422
2454 1201
2874 1310
1980 1026
2557 1485
2999 1289
1139 1123
2301 1231
590 1458
2845 1046
2376 1184
1379 1215
1138 1147
704 1239
1005 1429
1671 1157
836 1077
1930 1479
1440 1260
666 1395
729 1002
2685 1145
1081 1145
2119 1168
2013 1464
2764 1367
1916 1049
1490 1491
2697 1309
2338 1441
1231 1196
1185 1469
1025 1329
1933 1001
727 1280
1530 1058
2487 1187
1453 1092
1550 1199
734 1182
2195 1317
1266 1486
620 1367
2109 1269
2864 1057
1529 1472
2623 1370
799 1462
1779 1095
955 1104
1116 1013
611 1457
636 1096
1638 1165
2751 1098
2178 1184
1379 1310
1880 1027
1347 1033
1486 1093
622 1372
1930 1102
1463 1182
2745 1383
1769 1302
2645 1094
2757 1262
1974 1077
1894 1476
1027 1079
619 1364
1645 1207
2892 1396
1348 1439
1066 1157
506 1349
1064 1000
1761 1063
1914 1231
679 1012
2931 1474
651 1265
1062 1151
2695 1056
1860 1138
2545 1245
1979 1487
1609 1454
2382 1325
2837 1439
2101 1495
2562 1156
1809 1017
964 1381
1298 1133
2491 1182
2131 1199
2927 1380
1681 1152
2522 1242
1364 1157
1749 1497
1020 1407
609 1331
1182 1437
2729 1453
2534 1020
1704 1331
2596 1115
1708 1470
2775 1117
2558 1152
2667 1223
1181 1334
1245 1278
570 1309
2759 1134
2243 1245
2531 1238
2256 1008
2731 1009
1575 1149
1874 1342
1962 1123
2211 1344
1495 1206
1869 1390
1589 1295
2017 1079
1064 1123
1528 1201
832 1477
1353 1191
1997 1455
1637 1170
2736 1040
2344 1041
2920 1021
2126 1482
1621 1050
1498 1042
2880 1256
2770 1466
2980 1466
2811 1075
504 1139
2380 1253
2453 1298
2606 1222
2661 1261
1457 1321
2107 1390
2213 1333
1307 1310
1608 1228
1754 1015
1285 1078
2067 1453
2057 1230
1904 1441
2153 1057
1898 1142
1983 1052
2897 1042
1775 1357
2301 1260
2935 1027
1775 1438
2705 1054
2249 1003
541 1008
2706 1077
1640 1169
1901 1279
600 1256
1421 1302
887 1126
2046 1028
2009 1455
2160 1099
698 1480
2293 1430
2529 1084
1641 1253
2422 1363
608 1471
535 1386
2311 1271
1201 1193
1012 1250
2460 1105
992 1053
1633 1132
1098 1207
2015 1476
1908 1121
2334 1092
2723 1379
1736 1306
2862 1159
1411 1008
582 1472
1920 1016
2003 1096
1462 1062
1415 1327
2694 1296
1055 1313
1308 1335
1663 1407
2135 1233
563 1170
1569 1067
2077 1005
1093 1368
852 1137
2785 1123
2944 1117
1368 1437
636 1434
1196 1108
1522 1031
1336 1176
2090 1254
2232 1394
2751 1178
980 1168
1011 1084
1340 1024
1144 1435
2469 1329
2037 1019
2031 1307
2611 1136
2707 1331
1060 1228
2187 1211
2084 1419
1128 1273
1830 1013
2385 1181
563 1249
533 1487
1137 1036
834 1038
1860 1054
1848 1212
1362 1241
2314 1429
1920 1342
2638 1132
2836 1385
1821 1365
732 1466
1043 1011
1968 1173
2038 1420
2724 1279
1241 1331
1097 1412
2159 1115
1806 1390
1463 1106
1696 1199
2723 1341
1005 1180
711 1414
949 1234
2603 1409
1272 1264
2207 1350
1708 1362
973 1177
595 1180
566 1286
1286 1401
1519 1136
2963 1441
2757 1407
1706 1187
1295 1493
2668 1341
1479 1234
1422 1351
2250 1348
2172 1495
2237 1426
2830 1108
2625 1297
2672 1454
1140 1309
1490 1288
2433 1101
754 1013
1660 1248
2668 1066
816 1186
2417 1091
1362 1304
2953 1284
898 1238
1091 1037
1845 1104
1854 1119
2403 1238
705 1206
544 1111
1895 1216
2347 1112
2182 1270
1336 1406
1274 1052
1055 1340
2430 1435
1404 1472
728 1285
2585 1112
2375 1077
728 1325
1516 1325
1084 1022
2852 1415
941 1154
2741 1367
793 1351
1482 1355
1798 1419
1914 1085
1106 1144
2682 1441
2758 1120
1267 1181
2018 1156
2917 1218
2073 1234
1893 1195
1439 1257
2835 1355
1741 1208
705 1021
2141 1494
2046 1377
1423 1191
2728 1084
1746 1457
1956 1299
1553 1266
1782 1184
2591 1101
2287 1311
2211 1303
2783 1345
1901 1295
1471 1097
1694 1065
921 1361
1973 1238
2858 1489
2239 1229
1464 1047
1509 1107
2738 1184
2162 1304
2056 1470
2775 1172
1742 1455
511 1297
2214 1266
1493 1495
2008 1216
715 1117
1629 1468
1496 1431
1327 1368
736 1190
1161 1243
1936 1134
835 1423
853 1467
753 1485
918 1162
1112 1203
2840 1053
811 1282
563 1085
2828 1345
880 1271
2688 1167
586 1359
810 1244
2055 1079
793 1123
2843 1323
873 1217
1286 1169
2712 1478
1379 1251
2936 1189
2449 1110
591 1398
2243 1100
2372 1357
715 1483
615 1433
1601 1201
1451 1460
2049 1295
1116 1476
753 1396
2056 1482
1841 1215
2421 1054
1845 1309
1426 1472
1588 1384
867 1380
782 1117
705 1090
1972 1431
2754 1300
2761 1218
1235 1486
631 1464
1977 1335
1365 1093
965 1166
1706 1076
2165 1293
1205 1279
2606 1428
2965 1054
1021 1202
1369 1200
967 1269
2512 1416
2167 1340
2847 1367
2330 1168
1346 1120
1595 1014
2455 1088
566 1044
2543 1264
661 1329
1276 1352
1346 1039
1943 1199
2589 1133
2797 1449
1860 1216
1415 1306
1605 1029
2797 1159
951 1059
1733 1346
976 1491
1302 1063
965 1430
1826 1094
2312 1362
2687 1391
875 1361
1864 1360
694 1171
1750 1339
2887 1482
860 1242
2172 1494
1656 1030
1087 1144
778 1374
1389 1189
2692 1473
934 1393
1535 1284
969 1422
1454 1243
571 1453
832 1190
997 1230
1069 1209
751 1427
2747 1110
2916 1370
2999 1289
1861 1385
1573 1355
2880 1128
547 1383
2967 1184
2055 1357
1485 1303
1432 1046
745 1390
2543 1017
1025 1227
2914 1055
946 1412
555 1139
1912 1001
2548 1477
1597 1074
614 1351
1927 1275
2495 1125
1847 1282
1783 1485
2334 1129
2596 1215
2673 1258
2599 1099
1600 1001
895 1354
2984 1429
605 1001
1903 1228
1722 1145
2161 1072
2548 1207
1198 1407
517 1324
843 1232
1000 1485
1522 1415
796 1293
740 1101
681 1153
614 1100
532 1465
1996 1031
2815 1328
1750 1358
939 1378
2245 1073
966 1345
2631 1374
791 1182
1289 1019
1992 1112
2193 1315
2295 1466
1708 1246
552 1411
885 1378
2615 1390
2957 1083
2239 1077
548 1279
872 1434
2521 1201
2066 1305
1491 1153
559 1361
686 1055
2790 1401
1582 1247
2560 1044
2132 1234
1812 1395
2766 1057
1682 1158
1983 1035
1431 1269
820 1467
2041 1010
1188 1146
691 1183
504 1266
901 1137
1347 1450
2125 1336
2379 1092
602 1196
604 1375
2183 1197
2001 1256
1048 1000
1059 1000
1282 1144
2637 1166
2771 1085
1058 1435
1420 1071
1635 1112
2905 1144
974 1084
1579 1282
1239 1497
2681 1091
798 1300
853 1159
1809 1181
1636 1388
875 1113
1790 1306
871 1118
2887 1487
2981 1231
1822 1087
601 1333
2408 1301
2596 1191
1407 1460
1648 1302
623 1362
2317 1264
733 1233
1273 1070
1548 1358
2085 1193
2602 1260
976 1412
1201 1250
1821 1042
512 1253
736 1371
2968 1181
2431 1077
651 1207
1262 1463
2368 1137
2057 1442
2843 1005
859 1048
1117 1312
1000 1043
2894 1022
2016 1431
705 1393
2849 1325
2099 1157
1818 1382
687 1437
2338 1230
516 1392
1619 1304
1188 1487
1806 1458
1473 1464
1925 1128
2037 1084
2122 1383
744 1164
580 1437
1187 1474
1710 1025
2381 1462
572 1283
922 1433
2986 1114
971 1051
1500 1019
2009 1177
2687 1485
989 1286
1701 1337
788 1189
2760 1372
638 1107
1340 1459
1526 1147
1502 1319
1188 1071
1200 1499
1930 1171
2512 1059
1022 1025
2043 1080
2885 1122
1417 1219
2841 1286
1172 1102
2757 1090
989 1372
1931 1298
1286 1308
1681 1031
2846 1026
985 1095
1463 1080
2089 1099
1590 1184
2463 1361
2897 1261
1970 1311
1281 1307
1896 1394
1379 1033
1817 1374
1203 1279
2810 1273
1943 1400
2337 1103
2654 1081
2609 1381
2168 1242
858 1174
1865 1274
1461 1350
2758 1226
511 1450
2916 1029
1993 1152
1400 1021
1244 1444
2444 1456
918 1302
2320 1148
1611 1240
2612 1425
806 1200
2158 1137
548 1224
1607 1381
892 1440
875 1491
2785 1369
2678 1264
2382 1349
1289 1295
659 1329
1871 1353
1439 1356
590 1284
2660 1422
1813 1171
2963 1067
1302 1217
1627 1466
1979 1077
1207 1414
2669 1030
1105 1253
2650 1422
2917 1448
1918 1192
1291 1026
1657 1252
2952 1385
1108 1229
1092 1159
1255 1280
1743 1077
556 1214
1161 1380
2075 1089
971 1425
585 1409
1037 1045
2992 1102
1757 1239
2808 1005
1855 1209
2075 1130
1510 1400
500 1171
2347 1376
1641 1137
509 1188
2438 1126
583 1029
2568 1360
992 1485
2043 1355
2213 1275
2534 1085
1740 1044
1893 1265
1447 1012
2371 1169
1587 1142
2343 1088
1968 1366
716 1082
971 1414
2298 1006
1455 1490
1792 1478
1056 1221
2192 1332
1943 1149
1642 1349
784 1158
1346 1063
2478 1446
704 1464
959 1360
2793 1429
2879 1011
1755 1178
2022 1116
2498 1021
2411 1199
613 1429
2183 1460
2575 1230
2555 1119
758 1280
2600 1145
2859 1278
925 1308
746 1485
2101 1407
2392 1173
2362 1462
2760 1038
2050 1427
664 1482
2383 1353
1329 1024
756 1316
2623 1438
2541 1227
1853 1479
1450 1229
729 1499
1120 1041
1820 1426
2364 1283
821 1341
968 1151
2411 1237
2913 1155
743 1036
2461 1484
2448 1387
2504 1238
2771 1187
2111 1498
1631 1444
1422 1370
2687 1230
2225 1099
1742 1178
814 1491
2845 1498
1499 1043
1509 1269
799 1479
1905 1038
1914 1094
706 1169
1164 1326
1664 1292
1283 1368
729 1478
1406 1211
741 1138
1833 1248
814 1163
2470 1176
1047 1048
937 1364
1301 1127
1779 1373
2148 1132
2517 1269
1467 1316
805 1073
1237 1278
1984 1154
2154 1285
817 1337
626 1474
2048 1411
2332 1015
1887 1115
1134 1080
1658 1145
694 1149
2776 1042
2989 1316
2672 1361
552 1165
883 1029
2324 1148
1818 1285
2211 1158
2534 1298
2570 1321
508 1259
2947 1048
880 1464
2136 1008
2066 1345
1861 1125
2568 1251
1789 1165
1391 1393
1274 1291
1209 1301
1272 1481
1861 1328
2831 1483
1104 1251
804 1211
1357 1010
2846 1266
2624 1410
2552 1491
1601 1371
609 1415
785 1470
2060 1201
1411 1434
2643 1441
2677 1454
571 1436
1784 1361
2397 1121
1007 1186
785 1263
524 1039
1385 1390
2814 1420
1044 1004
2039 1295
2364 1041
1703 1086
1700 1341
1405 1156
2460 1237
1376 1045
2648 1489
1037 1265
558 1466
1163 1437
1366 1483
1182 1036
1127 1049
2919 1045
2206 1365
2583 1304
2813 1388
2041 1248
2911 1321
1889 1377
1639 1445
2748 1482
2330 1482
2523 1336
2153 1166
2292 1462
506 1032
2937 1419
2211 1040
2329 1471
2443 1344
1540 1242
1986 1288
1992 1131
1179 1284
2203 1404
688 1382
1144 1076
844 1332
520 1435
1406 1070
1395 1266
1343 1296
2811 1392
1630 1206
2516 1072
2695 1401
933 1475
607 1100
2865 1328
2245 1192
2225 1489
2018 1122
2346 1202
1569 1452
2999 1358
569 1187
2100 1068
1516 1391
604 1252
1559 1151
2931 1222
2377 1497
2835 1285
2799 1437
2515 1385
693 1312
1636 1014
1033 1199
2559 1234
632 1487
2185 1276
2086 1374
690 1100
2188 1123
1174 1067
1957 1333
2185 1196
2797 1118
2742 1352
1402 1412
1466 1009
1188 1229
687 1427
2049 1107
1296 1456
876 1247
2651 1165
1666 1323
2117 1461
1219 1201
1126 1054
2652 1230
2191 1101
582 1032
1232 1308
2936 1293
2824 1023
1380 1364
1961 1342
1372 1295
1039 1226
2913 1444
2221 1347
2388 1086
2661 1318
796 1238
2756 1064
1237 1250
2818 1298
1215 1305
1462 1039
580 1283
667 1375
2168 1311
1422 1074
1300 1440
642 1172
2721 1169
2058 1266
2414 1104
1554 1398
2690 1014
979 1424
2472 1022
1109 1453
1665 1432
2079 1332
922 1490
768 1283
2669 1252
2395 1062
2365 1096
2580 1486
2032 1395
717 1148
1887 1411
2772 1067
2606 1334
936 1330
1570 1038
1753 1397
1883 1279
1024 1297
1702 1275
1238 1133
644 1126
2485 1194
2304 1218
2427 1186
2409 1268
1840 1055
897 1007
1262 1233
2280 1082
811 1115
1038 1288
1825 1035
1279 1242
1302 1186
2920 1158
704 1346
1338 1459
2720 1106
2862 1005
1199 1041
1578 1017
760 1419
2820 1438
1397 1031
538 1310
1356 1455
1558 1237
1084 1302
2884 1023
822 1388
2540 1043
1196 1224
2915 1210
956 1007
619 1133
2477 1291
1377 1064
1959 1153
526 1213
2967 1135
980 1339
2626 1163
2411 1197
2695 1301
943 1129
1527 1458
2589 1113
973 1014
1503 1419
556 1098
1951 1108
1234 1413
2220 1108
2768 1120
2260 1299
2161 1239
2993 1148
616 1200
1362 1247
511 1494
1021 1085
2393 1033
1814 1475
2875 1140
855 1206
2171 1448
1480 1374
2774 1486
2900 1453
2111 1299
1551 1192
2841 1440
1313 1104
2787 1210
1663 1274
1504 1255
2065 1339
2339 1274
2095 1430
635 1169
2156 1330
2882 1348
1657 1016
2203 1394
2387 1239
741 1456
1852 1426
2588 1251
2533 1035
2649 1064
1677 1179
2326 1347
2788 1046
2244 1257
689 1355
2114 1254
2112 1404
916 1459
678 1309
2234 1126
1319 1214
1694 1188
1411 1494
1550 1443
2146 1443
1887 1056
1119 1128
2705 1108
2486 1095
2636 1127
2419 1373
1328 1117
1280 1269
1113 1081
1433 1436
2634 1341
1129 1037
2791 1379
1362 1331
940 1370
2534 1066
2678 1425
912 1165
1166 1260
967 1054
1172 1410
2362 1376
2484 1142
2749 1156
1484 1485
714 1101
2340 1036
1548 1242
953 1112
1915 1096
1379 1393
899 1019
1615 1017
2890 1423
2712 1301
2253 1312
941 1312
787 1218
2198 1248
2628 1210
1006 1356
1076 1428
1628 1035
1708 1375
2957 1175
2559 1107
681 1191
2404 1311
1228 1382
2875 1048
2870 1039
2791 1454
536 1301
574 1488
2646 1425
741 1204
2714 1009
2626 1032
768 1258
803 1237
2821 1018
660 1422
606 1210
2605 1281
1242 1105
1722 1121
2145 1073
1628 1055
2124 1463
943 1450
2864 1096
2540 1046
501 1054
2363 1047
2475 1412
2588 1159
2980 1361
2346 1248
1668 1058
2547 1143
759 1474
2132 1186
1426 1210
1947 1050
2601 1356
2385 1362
2581 1196
538 1440
641 1161
1272 1338
1349 1460
1988 1393
2327 1271
1641 1464
2876 1360
2499 1043
2905 1108
2293 1366
877 1380
948 1437
2335 1086
2481 1186
785 1169
2722 1223
2681 1151
2279 1486
1583 1140
1843 1218
2699 1158
589 1309
2544 1291
1579 1454
961 1465
2341 1096
2827 1398
1450 1128
1622 1166
1718 1222
1068 1438
2720 1406
1267 1270
2969 1155
776 1143
1033 1087
2488 1079
1107 1102
1091 1039
2588 1162
2787 1082
1649 1376
1461 1278
1580 1066
2276 1082
1152 1206
1584 1073
2511 1009
1265 1211
615 1152
1953 1203
1211 1194
1655 1166
1037 1471
1308 1231
2648 1070
1956 1008
2369 1287
1766 1242
2185 1066
2151 1122
703 1342
1885 1137
1436 1006
589 1049
635 1260
1855 1046
2519 1186
2220 1178
1771 1203
2756 1332
1057 1101
2102 1175
2111 1031
724 1422
1224 1444
1281 1074
2103 1196
1128 1085
1965 1280
2837 1395
602 1017
822 1377
2808 1011
939 1074
518 1259
2260 1280
1210 1272
2508 1082
652 1272
1360 1484
996 1392
570 1092
2248 1368
2384 1243
1033 1311
1369 1324
2931 1016
1616 1214
2273 1456
1586 1348
2990 1118
1755 1102
2002 1296
870 1092
1507 1091
1922 1429
748 1350
947 1328
2717 1118
2590 1485
666 1432
1188 1164
1789 1382
2327 1355
1372 1187
1539 1173
588 1415
638 1106
1888 1352
1409 1283
2601 1284
1376 1179
2553 1058
1815 1371
742 1452
1243 1010
2631 1096
2003 1223
2556 1389
2290 1428
1051 1008
2717 1062
948 1450
2644 1415
2256 1394
2763 1460
1785 1214
1804 1490
2934 1425
2616 1237
825 1126
2641 1236
1006 1337
958 1289
2914 1164
1594 1139
1904 1065
1139 1391
1372 1385
1118 1152
1775 1196
1242 1207
1508 1273
785 1263
1987 1283
616 1479
801 1240
2224 1327
744 1068
673 1405
1410 1286
2857 1184
645 1476
1381 1024
1200 1116
2063 1360
1075 1485
2603 1168
2761 1282
1337 1200
1414 1441
2872 1203
2199 1403
500 1321
949 1075
2300 1173
2288 1279
1159 1376
2609 1161
629 1002
2891 1116
1904 1045
1536 1054
1501 1073
2115 1481
2376 1311
1661 1442
2011 1392
1482 1261
2485 1312
2396 1006
881 1102
2823 1087
803 1092
2110 1056
2924 1477
562 1418
1970 1252
2061 1465
1377 1319
2815 1491
1309 1303
2007 1461
1633 1022
689 1068
2276 1043
1269 1368
1159 1153
1558 1358
2483 1402
834 1227
2633 1499
2705 1465
1309 1139
1188 1116
2570 1090
2743 1294
1215 1436
542 1303
1542 1323
2291 1054
1675 1491
1508 1128
1752 1007
525 1398
587 1234
2815 1266
1746 1151
2394 1444
2774 1287
1678 1382
2018 1362
2812 1190
2943 1025
2971 1052
722 1031
1590 1046
917 1270
1000 1060
2244 1380
800 1365
2202 1441
1584 1167
2620 1356
1689 1396
2963 1316
676 1058
611 1121
1314 1393
2874 1161
1054 1083
1444 1152
1004 1391
1692 1392
2394 1066
1456 1259
1643 1265
1259 1037
2439 1132
2995 1040
1294 1216
1224 1374
2717 1487
2047 1456
2659 1354
1558 1030
750 1365
1587 1481
902 1366
2128 1162
2766 1130
2442 1103
795 1239
533 1242
1069 1171
872 1252
1260 1071
1619 1123
920 1209
796 1233
600 1168
2230 1305
608 1365
2814 1004
1771 1196
2087 1120
1256 1366
2656 1190
2608 1131
1431 1143
2957 1049
1573 1112
506 1343
573 1250
2173 1422
2849 1424
994 1032
1507 1376
1480 1423
1972 1200
1978 1489
2675 1228
548 1440
2085 1462
1053 1346
1367 1451
1308 1166
669 1368
2456 1475
2442 1296
1775 1190
1036 1263
2685 1070
2990 1257
1778 1205
1941 1135
1783 1084
1531 1124
1134 1164
2009 1438
2126 1353
648 1287
1582 1235
2085 1476
975 1328
2695 1002
1749 1281
2541 1296
1034 1247
806 1003
2325 1050
1089 1091
1170 1161
2697 1224
896 1241
1359 1188
1107 1432
1164 1393
2789 1491
2204 1001
1804 1206
2120 1081
1975 1295
2243 1386
1685 1247
2503 1417
575 1344
1339 1357
2916 1260
1558 1053
1238 1359
951 1494
2319 1496
1455 1262
2884 1000
581 1026
2434 1062
2329 1025
1993 1315
2918 1154
1009 1247
1541 1246
2151 1289
2850 1420
1671 1308
2039 1343
1532 1217
743 1401
1583 1165
1269 1344
2340 1184
1514 1150
2978 1061
2461 1141
2846 1231
1896 1454
2049 1216
2889 1460
1262 1441
804 1061
1281 1355
2146 1402
2477 1426
2061 1143
2984 1114
2288 1150
1561 1166
2755 1137
1393 1433
1945 1105
2896 1117
1432 1268
2609 1324
1613 1130
1242 1014
2561 1128
2069 1385
1056 1466
2749 1116
1461 1052
2882 1240
1468 1478
998 1082
1528 1011
651 1480
2971 1012
2512 1015
2554 1036
887 1412
595 1172
2467 1400
2024 1217
2342 1290
2890 1252
1935 1191
1663 1008
1920 1322
773 1101
2320 1328
2801 1031
2866 1170
1154 1295
1907 1009
1697 1142
1273 1289
2781 1496
2280 1159
1762 1463
1612 1319
1770 1287
1660 1071
743 1469
1237 1018
652 1071
2615 1411
2725 1455
2872 1185
1180 1030
2454 1126
2345 1037
1631 1070
821 1373
2350 1242
580 1204
1520 1129
615 1459
2243 1203
1950 1175
1545 1461
2455 1212
810 1369
1709 1024
2398 1450
2684 1481
1116 1213
2622 1004
1555 1314
2602 1213
2821 1379
2368 1215
2436 1291
1167 1403
2264 1000
1958 1018
1040 1111
1249 1142
2036 1102
1827 1377
694 1354
783 1137
2057 1399
680 1354
2584 1480
1940 1216
1157 1143
2998 1031
2924 1039
1966 1048
2683 1295
1317 1211
2874 1017
587 1414
986 1246
607 1196
1951 1322
2584 1167
1744 1420
1534 1029
1713 1109
944 1075
2876 1281
2114 1135
856 1322
974 1405
509 1100
1459 1385
2745 1078
1774 1124
2434 1041
602 1384
2683 1343
2028 1162
2899 1120
1741 1341
1531 1169
2993 1018
1281 1179
2445 1038
2870 1000
1052 1129
2517 1303
1590 1450
1277 1254
973 1146
1180 1213
2494 1317
2421 1067
830 1445
867 1062
1523 1056
1577 1348
2360 1453
2410 1336
1781 1135
829 1284
1793 1139
689 1481
2241 1427
1817 1052
2662 1266
2717 1121
634 1368
1563 1269
1516 1180
2277 1487
632 1472
657 1093
1088 1121
1688 1406
2626 1471
1269 1070
2223 1126
2735 1370
2949 1311
2441 1223
1085 1164
1781 1416
1741 1187
1924 1327
1893 1165
1354 1425
2108 1023
2588 1359
1335 1192
2824 1016
1381 1423
2220 1451
2753 1414
1826 1102
2865 1431
1166 1337
1680 1461
2008 1127
2028 1097
1806 1095
1722 1404
1881 1386
1940 1146
1701 1491
2727 1245
789 1311
2754 1492
2594 1446
1167 1283
1490 1493
1022 1130
2243 1392
503 1165
1228 1000
2916 1192
1074 1309
1936 1414
949 1187
2314 1385
755 1001
2348 1023
2276 1408
1761 1060
1296 1181
2988 1116
2814 1111
1336 1393
1831 1277
2754 1027
1515 1094
1006 1004
1901 1030
1222 1269
1018 1486
743 1288
630 1128
2556 1349
2110 1403
2710 1171
1068 1110
2490 1434
1014 1408
841 1408
1768 1366
2482 1097
2710 1317
1120 1014
2054 1233
1386 1279
1039 1221
651 1459
2916 1350
2259 1419
2950 1453
780 1103
1047 1209
846 1191
2525 1034
2735 1060
526 1172
1042 1010
2314 1376
1634 1150
1973 1289
2870 1273
2348 1018
2886 1250
758 1032
2669 1037
2969 1185
907 1318
2689 1151
1064 1473
2372 1314
1053 1254
2066 1053
2080 1107
1101 1458
2824 1105
918 1013
852 1117
544 1278
1793 1449
1725 1421
1737 1048
781 1315
2993 1357
2101 1136
1648 1264
2714 1180
1875 1372
1116 1453
2640 1462
1163 1289
1236 1019
2384 1425
2949 1158
843 1118
658 1373
2417 1455
1021 1133
1705 1422
2639 1032
1652 1479
2609 1410
660 1440
1484 1108
2764 1209
1466 1472
2860 1258
2026 1452
631 1415
2963 1034
1778 1248
960 1418
1349 1375
1689 1073
1582 1226
2616 1187
792 1419
2229 1316
863 1284
1037 1156
600 1241
627 1284
2906 1244
1378 1115
1315 1235
679 1348
1094 1232
853 1272
2335 1051
1040 1027
2241 1220
2146 1134
1129 1153
1185 1103
1972 1184
2089 1042
2557 1478
1706 1129
1214 1040
2662 1165
1744 1246
2919 1298
2317 1468
558 1265
1674 1203
1974 1375
849 1378
2653 1103
2376 1342
766 1190
2693 1012
2971 1478
1154 1009
2822 1392
862 1452
2554 1225
1514 1465
2997 1067
2002 1363
2084 1289
1762 1463
2510 1355
843 1178
2099 1116
914 1420
670 1200
2082 1403
2584 1349
1129 1455
863 1385
737 1425
1546 1431
995 1444
2113 1370
1492 1182
1584 1241
2497 1494
2478 1204
1576 1027
2882 1378
1893 1452
1498 1179
2458 1070
2051 1096
1972 1105
2273 1255
1207 1016
1391 1470
2499 1015
2177 1216
1437 1291
1719 1421
731 1051
1975 1328
2914 1222
1107 1184
2245 1346
1607 1390
814 1047
2130 1025
2409 1080
924 1390
1909 1003
2070 1427
1298 1389
2694 1181
666 1258
1763 1259
1680 1075
2376 1024
1592 1400
1763 1324
2159 1248
2948 1157
2389 1183
1858 1482
2085 1385
2745 1307
1330 1375
1411 1112
2618 1056
752 1109
2597 1168
810 1409
1390 1290
718 1115
1878 1122
922 1039
2441 1386
971 1405
2558 1166
2200 1409
1514 1165
599 1268
2802 1371
1411 1023
1781 1169
2692 1270
1458 1428
1514 1148
1589 1295
2608 1197
2792 1319
1433 1330
1758 1122
1321 1395
732 1462
2372 1205
1497 1226
1543 1153
1191 1141
2745 1151
1680 1259
631 1469
1174 1425
964 1260
2645 1493
2264 1416
1029 1149
1315 1320
819 1424
1610 1143
2294 1438
1967 1106
2223 1243
2047 1384
2863 1067
1221 1036
1728 1175
2957 1048
1830 1291
946 1156
734 1424
1966 1045
1951 1392
2257 1053
2645 1387
602 1200
1216 1309
1733 1331
2115 1057
1499 1119
840 1418
1491 1289
2723 1480
1677 1007
1134 1103
2248 1366
1695 1140
2448 1482
2915 1018
1321 1242
2675 1159
2505 1312
1145 1156
1836 1372
2702 1284
1350 1167
2370 1396
963 1408
1015 1494
1683 1150
515 1024
2656 1411
2619 1032
2957 1083
1115 1145
846 1036
610 1034
2707 1394
2947 1271
1843 1111
1007 1050
2921 1381
2225 1016
831 1459
2947 1472
2593 1219
608 1282
1785 1241
690 1044
1534 1200
2899 1055
2193 1156
1304 1457
1236 1413
2610 1421
2076 1113
1386 1318
1868 1175
2537 1261
2969 1414
1857 1310
2493 1300
1804 1450
2880 1379
1518 1083
2678 1344
1637 1227
1163 1193
1072 1454
1569 1065
2518 1240
583 1389
2585 1278
2374 1087
1993 1364
1944 1390
1344 1474
2038 1381
1578 1399
678 1354
906 1330
2080 1008
1718 1112
1867 1438
1886 1163
2005 1128
1050 1128
2536 1362
610 1225
1565 1352
1646 1056
780 1380
2741 1176
590 1407
2721 1431
510 1269
1976 1249
1147 1028
577 1460
1749 1151
2821 1245
2821 1269
2267 1150
606 1432
2468 1064
2288 1228
2027 1137
917 1071
1467 1209
2393 1341
1886 1038
1918 1173
2297 1470
1959 1357
2891 1368
1360 1262
1552 1261
967 1487
602 1091
2969 1442
1333 1212
880 1167
624 1176
2968 1231
1271 1037
1689 1076
1967 1460
2901 1422
2698 1472
1853 1233
1014 1254
2407 1173
2464 1400
966 1285
2652 1157
541 1213
1858 1420
1281 1233
1156 1171
2242 1241
516 1430
2625 1073
553 1144
2211 1282
726 1000
507 1104
1912 1238
1920 1346
1097 1362
2696 1192
2948 1012
2240 1061
2729 1121
2170 1148
1564 1322
2591 1157
2528 1145
1249 1263
1283 1191
1882 1293
1417 1282
2362 1144
1812 1420
2776 1085
2893 1012
1235 1332
2472 1380
774 1056
755 1012
1836 1325
2117 1485
2775 1383
2345 1408
1083 1146
833 1387
1372 1336
1925 1074
2178 1136
2503 1300
794 1316
2866 1259
1737 1384
2751 1215
2802 1381
1436 1094
2087 1202
1402 1203
978 1145
2231 1241
2489 1195
1272 1318
2676 1476
909 1062
2409 1024
2501 1477
2097 1140
1629 1423
2340 1080
2374 1275
2567 1309
1343 1030
2100 1466
2193 1093
2733 1266
1001 1392
2091 1392
748 1137
1237 1147
2196 1047
1326 1360
2026 1423
1604 1308
1106 1285
1487 1252
945 1090
1240 1104
1637 1281
762 1149
1420 1366
1744 1433
1414 1292
1087 1209
980 1409
2835 1133
1811 1003
1355 1486
1058 1238
1505 1269
1694 1143
1214 1387
673 1382
793 1322
1220 1413
2450 1012
2882 1048
2979 1385
1897 1000
609 1233
879 1496
2786 1062
2472 1424
2685 1383
2646 1339
1493 1429
2593 1373
2382 1300
1997 1482
2861 1490
2971 1403
2754 1452
1310 1095
1600 1331
2845 1099
543 1176
810 1397
1893 1356
723 1051
1180 1364
1683 1120
1609 1254
2495 1256
1005 1189
2130 1061
2466 1490
870 1324
2936 1069
1549 1362
684 1232
1626 1090
1354 1308
1699 1087
2129 1148
2880 1051
2597 1122
873 1367
690 1323
1775 1496
1799 1031
1231 1055
1684 1088
1451 1337
2690 1442
1991 1171
2360 1396
2650 1355
2114 1311
1276 1306
2428 1466
1476 1361
1382 1338
1211 1116
902 1466
897 1333
2826 1469
2209 1030
2386 1472
1749 1476
2970 1082
2713 1271
1655 1295
2304 1130
2823 1143
1695 1492
1372 1051
1511 1465
2761 1380
815 1051
2245 1271
2146 1316
1608 1287
906 1459
828 1419
1385 1497
2209 1268
565 1122
2697 1377
1206 1128
2534 1000
1162 1208
2204 1187
919 1402
534 1165
930 1071
1828 1160
1741 1092
2000 1001
2911 1361
2752 1396
1729 1085
597 1422
662 1249
2779 1482
2013 1221
2923 1367
2023 1082
504 1274
771 1366
2301 1186
1642 1027
2348 1383
2291 1055
2422 1427
1120 1146
1951 1066
1732 1154
2396 1182
2875 1320
1764 1451
2054 1099
1478 1272
2092 1316
592 1018
2394 1135
2898 1104
2478 1261
847 1146
2722 1402
2296 1290
1723 1076
2493 1471
2213 1379
1045 1475
1557 1253
557 1317
1927 1268
1380 1489
1228 1196
693 1274
2901 1386
1423 1124
1344 1289
956 1438
1935 1275
2312 1178
2646 1266
1361 1270
770 1234
1514 1190
1398 1018
2042 1316
2974 1281
1511 1446
2368 1218
1333 1172
1765 1163
1707 1365
688 1271
1006 1461
873 1303
1307 1015
2046 1124
556 1033
1940 1195
1593 1013
2212 1114
1654 1247
1707 1068
2185 1444
924 1107
805 1295
1710 1172
2349 1134
2942 1351
1356 1119
1495 1018
1022 1370
2203 1131
2362 1085
2735 1364
1503 1181
1784 1265
2659 1412
1984 1235
572 1464
2419 1377
1377 1089
609 1067
751 1376
2375 1049
1515 1262
842 1047
2661 1085
2529 1481
1467 1296
1394 1281
2715 1340
2161 1170
1487 1119
2771 1082
1849 1434
1103 1401
1149 1093
688 1277
1855 1458
2319 1329
852 1341
509 1455
2831 1414
1946 1393
1398 1408
741 1032
822 1179
1979 1339
2281 1324
525 1113
1926 1487
2512 1482
645 1230
1322 1002
2976 1400
2333 1427
1487 1016
1492 1290
2005 1131
1459 1495
2834 1111
2858 1432
2329 1079
1445 1488
2961 1335
1020 1160
970 1484
525 1119
2943 1133
1874 1490
2059 1096
2126 1290
1807 1277
2290 1087
599 1223
532 1296
2043 1412
1814 1388
2303 1005
2749 1100
2876 1381
2362 1495
1457 1291
1570 1081
2726 1459
998 1463
790 1059
2667 1347
891 1308
1280 1149
2552 1475
2520 1096
1508 1313
1703 1238
1760 1312
1100 1007
2345 1390
2895 1031
946 1223
1005 1489
1208 1485
1282 1067
526 1453
1162 1226
1899 1379
918 1395
629 1097
2658 1412
2077 1273
2116 1016
1361 1231
793 1472
2530 1041
2149 1187
1954 1079
1312 1411
805 1090
2097 1451
2019 1163
2882 1479
2335 1061
2250 1254
1919 1120
2048 1054
2772 1272
1861 1363
897 1000
1765 1093
1383 1194
1151 1293
790 1412
1758 1124
1691 1467
2350 1141
2705 1147
1272 1476
516 1286
973 1391
1042 1275
1812 1347
1115 1146
2868 1424
1068 1475
2384 1314
1671 1407
2568 1015
2371 1274
1683 1351
1583 1403
928 1487
2223 1061
2961 1182
2682 1245
2183 1030
566 1341
2569 1285
1625 1199
1398 1326
2762 1323
2801 1400
2669 1101
1646 1103
2385 1270
1431 1408
2105 1069
2854 1033
717 1428
1970 1463
1927 1287
1385 1289
2219 1015
565 1064
2060 1062
2479 1265
2422 1456
1665 1124
1952 1303
1455 1324
1670 1099
1330 1475
958 1115
1019 1144
2497 1340
503 1477
1360 1248
1785 1042
1925 1150
1126 1380
2910 1285
643 1092
2592 1393
2103 1121
1531 1100
870 1152
2984 1484
916 1301
1718 1407
2665 1123
2132 1034
1000 1123
1408 1284
1130 1463
2766 1391
1265 1285
2203 1208
2331 1200
1856 1042
1041 1317
2232 1336
2081 1065
531 1012
1156 1484
561 1197
2791 1462
1591 1313
2021 1448
2008 1208
1670 1410
2331 1013
2977 1415
1311 1411
1122 1416
716 1459
2146 1299
1972 1087
2235 1322
1334 1408
2077 1173
1159 1305
2113 1197
1787 1281
605 1308
787 1397
2382 1311
2922 1193
1766 1222
1607 1092
2483 1079
1551 1181
1217 1090
2632 1344
2339 1317
1152 1046
794 1304
2386 1088
1642 1346
1731 1144
2479 1272
2652 1487
2319 1474
768 1047
2292 1095
571 1215
724 1124
673 1276
1604 1206
1295 1236
2753 1327
2421 1135
739 1281
1491 1242
2956 1010
2742 1398
769 1219
1094 1384
1410 1470
855 1084
1963 1013
1827 1364
2868 1142
1375 1065
825 1436
2142 1179
1636 1058
2339 1133
2900 1492
1925 1387
1389 1295
558 1242
816 1205
1368 1247
1632 1279
2229 1207
2848 1111
2995 1473
1837 1141
2613 1425
2324 1175
1006 1376
811 1146
950 1002
2133 1411
2996 1037
761 1352
1607 1170
1500 1249
784 1287
2574 1475
1865 1003
807 1413
606 1234
2382 1146
2848 1134
999 1059
2591 1274
2332 1061
2720 1489
2479 1272
735 1084
2561 1163
1211 1006
1833 1454
1827 1263
635 1159
1909 1365
1873 1279
2211 1253
2411 1292
837 1260
2047 1162
2924 1431
2741 1457
2238 1287
566 1487
1302 1394
2802 1355
605 1406
771 1387
1525 1315
1683 1205
855 1257
2713 1310
1303 1031
2011 1430
571 1415
1905 1331
1108 1395
2142 1188
1569 1255
1733 1307
1436 1409
1522 1274
2781 1210
1441 1270
1932 1213
658 1372
2982 1170
1670 1082
2982 1429
1584 1486
2259 1091
1823 1451
1563 1344
1757 1207
2141 1005
1355 1002
2161 1035
854 1346
2354 1189
1315 1382
980 1315
2907 1456
1659 1297
2072 1329
2393 1150
1704 1200
1176 1049
1141 1469
1270 1424
1235 1161
2399 1080
2465 1255
780 1494
2491 1234
2976 1402
2466 1397
1820 1395
1329 1336
1441 1113
1690 1405
1681 1491
2596 1157
787 1254
2874 1353
1092 1280
1805 1386
2861 1102
2109 1267
697 1116
1391 1449
2017 1431
792 1384
699 1082
2366 1318
1954 1395
1707 1192
1762 1062
2352 1297
2404 1048
1944 1463
2706 1281
1119 1438
2930 1203
2278 1056
739 1134
1409 1313
1367 1416
1799 1354
1015 1276
2183 1093
2462 1377
2966 1224
528 1001
1374 1026
1599 1385
2139 1106
1714 1404
2621 1152
993 1266
1058 1480
1365 1476
2632 1499
2180 1118
1723 1433
1088 1226
2124 1188
2045 1061
1362 1039
1307 1006
1589 1307
1099 1082
2069 1244
1212 1418
1555 1317
1744 1140
1403 1351
670 1422
1506 1241
1961 1397
2174 1032
2265 1413
708 1144
540 1198
1206 1207
778 1176
2230 1374
1577 1139
2150 1035
2705 1153
1758 1399
2233 1062
2329 1346
2513 1356
2682 1248
2909 1269
2431 1183
1305 1268
1125 1447
2624 1191
1787 1464
2771 1007
1224 1230
1635 1373
2910 1170
2516 1458
1654 1377
1679 1440
2538 1033
1350 1373
2032 1323
855 1408
2351 1144
1605 1047
829 1335
1912 1252
2134 1409
1572 1393
2326 1174
629 1155
955 1157
2263 1172
725 1048
2463 1308
2361 1328
2257 1018
954 1255
791 1403
2719 1491
1051 1159
2916 1284
1551 1319
1744 1000
1441 1417
1373 1288
1443 1425
1330 1117
2411 1001
1520 1388
2222 1018
2598 1426
571 1270
2916 1356
804 1235
2950 1212
941 1293
1477 1113
2083 1205
824 1081
937 1263
2919 1229
1543 1426
1663 1411
2929 1400
2134 1399
644 1438
2327 1130
877 1401
2291 1249
1710 1312
1120 1109
1026 1212
2796 1041
2634 1122
2161 1403
2338 1224
2101 1244
1281 1429
1115 1341
665 1091
2308 1113
1493 1468
945 1330
2444 1377
2438 1232
2089 1093
1889 1497
2645 1030
785 1216
540 1459
2010 1128
1626 1078
983 1132
1222 1343
2986 1047
2407 1022
1441 1313
1061 1130
2546 1105
2110 1025
727 1288
2840 1281
582 1253
1941 1206
2335 1450
2417 1494
1915 1015
534 1407
1518 1059
2855 1219
1320 1496
1791 1404
651 1355
2143 1195
621 1152
2275 1168
2619 1266
1488 1099
984 1148
995 1335
1479 1113
1877 1052
1864 1015
1420 1365
994 1069
1594 1390
512 1055
948 1280
2974 1272
2654 1295
702 1017
2132 1015
1275 1404
2895 1007
1028 1042
1954 1206
1346 1239
1836 1287
2015 1317
794 1205
715 1465
2524 1194
1551 1278
1405 1103
2326 1197
2386 1492
2032 1498
1115 1438
1458 1240
741 1138
2011 1293
2448 1398
2661 1365
1517 1056
2165 1088
1501 1184
2712 1082
1390 1141
1162 1295
2245 1025
1410 1219
885 1125
592 1164
729 1133
2848 1388
2469 1252
1625 1390
1818 1367
1625 1384
2567 1420
2449 1431
1097 1363
2677 1301
2944 1267
2891 1025
2436 1085
557 1229
818 1161
1788 1115
1552 1400
2032 1477
2365 1168
2312 1263
2554 1099
1724 1181
1108 1437
2080 1369
2326 1498
1726 1392
1957 1488
1486 1212
1738 1201
2847 1458
2717 1029
2614 1061
1621 1030
1836 1319
2088 1491
2944 1161
2864 1422
2592 1210
836 1181
535 1481
2006 1465
2824 1451
2689 1101
2962 1367
2128 1441
891 1120
1264 1370
1324 1071
1424 1163
1950 1228
1752 1173
670 1474
1309 1168
1140 1356
1559 1490
2726 1437
2292 1350
1430 1492
2391 1269
2948 1455
984 1231
2022 1469
2840 1463
795 1331
876 1029
1692 1064
1632 1467
2961 1497
2603 1486
2612 1334
1453 1433
1935 1342
1795 1315
2739 1421
1625 1097
1141 1342
2994 1135
614 1338
1053 1098
2779 1355
1265 1398
2134 1237
568 1358
815 1370
1949 1213
2198 1107
2392 1054
1412 1427
2964 1438
2542 1189
1859 1231
2587 1021
2587 1096
1599 1127
2760 1448
1559 1488
827 1343
1892 1296
1564 1397
2188 1359
1252 1316
2996 1498
1629 1193
2191 1305
2189 1113
2747 1257
2680 1064
2657 1300
2260 1213
831 1202
2817 1132
542 1311
805 1213
1045 1427
2750 1431
1351 1445
2174 1352
1518 1277
2117 1255
1118 1228
2516 1075
1385 1341
863 1405
1433 1412
2877 1324
1755 1291
2136 1108
1609 1078
2572 1478
2821 1308
2497 1379
1393 1450
2875 1208
519 1250
2420 1185
1180 1119
1152 1465
770 1261
1377 1359
1934 1194
2847 1045
1775 1282
1329 1134
2446 1224
1545 1072
2479 1041
2928 1130
1640 1418
2984 1493
1635 1470
1981 1336
1724 1228
1389 1190
1761 1357
1102 1028
1772 1022
1222 1224
539 1476
1099 1252
2977 1102
2030 1187
1312 1145
1791 1006
867 1472
610 1036
2664 1261
1605 1086
1018 1399
562 1450
981 1282
1853 1109
1200 1023
2714 1342
2160 1003
1425 1392
2246 1194
1478 1221
1337 1108
1145 1355
1500 1176
2865 1332
1200 1409
2779 1434
1542 1290
2814 1176
996 1108
2639 1031
2457 1324
2793 1308
819 1000
859 1164
2875 1163
832 1489
2930 1065
1842 1144
1788 1060
2798 1392
553 1334
2212 1150
781 1242
845 1240
1479 1432
1289 1135
1197 1232
664 1331
833 1437
1983 1321
2652 1397
2854 1461
1061 1238
1770 1118
1024 1333
2883 1420
2692 1449
1361 1189
803 1398
2739 1149
2519 1359
817 1185
2521 1376
1141 1409
2006 1209
1572 1008
1525 1283
2984 1259
2825 1486
2017 1322
1205 1360
2174 1489
641 1329
1395 1487
2361 1290
1931 1495
999 1485
1852 1345
2119 1045
535 1471
2037 1010
2313 1031
2985 1279
1994 1405
2890 1269
2689 1299
2458 1129
1035 1278
614 1323
1848 1122
2008 1013
2849 1257
1287 1395
1633 1198
2080 1092
1201 1408
842 1351
1090 1082
1370 1001
1851 1024
2161 1140
844 1206
2334 1211
2497 1395
1727 1439
1578 1373
1889 1139
2786 1133
1764 1055
2552 1163
1955 1210
2244 1285
2690 1401
2325 1114
1456 1392
2729 1027
2822 1190
2590 1376
2325 1230
2504 1358
1320 1317
2721 1012
1809 1430
932 1123
2338 1274
629 1409
1672 1485
2585 1091
2720 1430
1999 1106
2010 1269
673 1084
1534 1093
2345 1288
516 1360
2213 1320
1724 1354
2113 1180
1235 1264
1704 1069
2939 1293
620 1260
1628 1095
2815 1430
2378 1220
652 1240
2729 1190
2517 1370
1194 1259
2742 1050
931 1239
1199 1289
768 1466
1578 1322
2833 1158
1869 1411
2528 1272
1226 1323
2526 1040
2341 1238
1959 1133
2983 1194
882 1390
2349 1352
2426 1167
2267 1340
1257 1208
1530 1432
738 1381
2149 1227
1641 1001
1722 1000
1369 1159
902 1031
1310 1319
1949 1190
1474 1224
2160 1227
791 1178
2468 1101
2878 1401
1545 1365
2923 1060
2910 1259
609 1486
910 1069
1699 1129
1795 1392
2015 1417
1934 1044
2128 1228
2746 1152
991 1483
2516 1380
1704 1039
930 1228
2993 1360
1908 1497
1221 1047
1259 1176
2655 1495
2084 1212
1818 1151
2258 1454
1918 1246
708 1326
2777 1246
1352 1459
760 1350
2604 1154
2891 1185
886 1019
1641 1040
1309 1232
2860 1429
2230 1010
1045 1051
1815 1247
688 1351
2805 1213
1854 1279
830 1356
1675 1163
1195 1490
2610 1304
1556 1401
2680 1126
1382 1258
2401 1391
1428 1089
503 1045
1142 1014
2243 1079
1762 1483
2591 1108
1152 1340
1009 1234
934 1328
818 1301
1502 1146
2281 1285
2484 1236
888 1463
1754 1006
1113 1386
2590 1137
2445 1152
1763 1048
2774 1238
1664 1419
1824 1287
1298 1338
1015 1024
2177 1437
2092 1448
2639 1296
2904 1196
1079 1261
1472 1294
1038 1224
2011 1454
1811 1485
646 1099
1588 1237
1047 1172
2163 1253
2734 1072
1966 1428
2463 1340
1012 1295
707 1241
2344 1359
580 1324
941 1194
593 1004
1510 1384
1266 1444
2950 1073
2277 1076
2401 1127
2381 1307
2289 1105
1906 1423
2229 1196
1025 1178
1792 1230
1173 1013
1985 1246
1152 1246
1467 1280
2369 1128
2698 1403
2718 1488
2371 1361
1895 1224
2231 1063
542 1130
2269 1402
1332 1497
2957 1435
677 1018
947 1473
1571 1222
2985 1441
2297 1359
956 1021
2113 1037
1817 1290
1487 1011
1636 1395
1481 1003
2755 1048
2919 1288
1105 1491
2476 1260
647 1293
1854 1015
2719 1188
2433 1379
1523 1497
2881 1087
1821 1351
1139 1481
1831 1419
2948 1135
1738 1180
1910 1306
2127 1066
876 1413
2666 1477
2725 1314
1232 1026
1584 1191
756 1022
665 1452
1505 1241
2642 1256
2842 1278
1162 1069
2026 1242
2542 1181
1610 1089
2975 1165
1537 1256
616 1318
2041 1479
2745 1064
2085 1232
1428 1366
856 1025
626 1448
1025 1053
1568 1214
2498 1032
1586 1079
1702 1031
2847 1054
1711 1490
2990 1403
830 1278
1887 1272
2928 1473
2817 1213
2082 1209
1072 1471
2210 1153
2911 1122
2614 1210
2129 1285
2034 1195
1495 1330
1791 1199
2137 1288
1964 1147
1064 1157
2438 1353
1064 1446
1405 1425
2891 1041
1371 1089
1462 1459
2947 1308
1852 1458
1884 1474
2256 1325
2728 1352
888 1240
2835 1193
2362 1089
1129 1083
941 1054
1547 1457
1910 1246
1164 1007
2114 1147
2645 1495
2033 1158
614 1409
2388 1210
2116 1471
2069 1016
2657 1263
1990 1424
1758 1091
1874 1017
1950 1203
1829 1098
1948 1111
706 1021
2654 1460
2196 1332
2981 1457
2573 1421
1087 1155
691 1134
2981 1393
2354 1414
1162 1346
1210 1173
2294 1481
2407 1143
1837 1330
1899 1169
1542 1071
2106 1425
2367 1113
1824 1019
2357 1344
2916 1331
767 1416
2886 1009
2181 1214
716 1369
1595 1046
933 1304
2635 1209
1874 1130
1366 1297
766 1434
2575 1368
1627 1368
1182 1361
2374 1269
1741 1035
662 1248
786 1384
645 1024
1116 1456
2871 1246
2066 1002
2966 1367
2917 1278
821 1396
2427 1209
2358 1202
2293 1354
1524 1193
1046 1072
679 1020
1515 1210
1707 1112
2058 1217
833 1387
2655 1276
1186 1252
2879 1112
2205 1345
2857 1242
2706 1022
2174 1258
2164 1466
1347 1149
1147 1466
1242 1360
510 1354
2944 1287
517 1358
1832 1204
1198 1455
2592 1118
744 1141
509 1357
2303 1338
1516 1450
1601 1168
2749 1362
927 1188
2853 1257
1669 1293
992 1440
900 1215
2927 1441
2551 1282
528 1246
2487 1037
1135 1418
2433 1394
2138 1397
2367 1205
2415 1307
1275 1271
2569 1295
2279 1186
904 1398
762 1004
1308 1247
2805 1325
1496 1013
1720 1345
703 1245
2699 1392
1377 1145
1187 1260
2363 1221
1089 1142
2453 1378
2277 1410
1146 1237
1044 1344
2519 1229
2655 1380
1138 1456
2571 1366
1339 1109
1582 1478
2951 1010
2473 1495
1644 1079
2682 1006
1984 1261
2723 1329
967 1050
1088 1482
2259 1390
1930 1460
1864 1216
1544 1125
2263 1193
1682 1024
2092 1263
1242 1110
1662 1198
1732 1140
2932 1037
1693 1246
2264 1016
1712 1076
2743 1053
1414 1136
1847 1470
1647 1350
933 1377
2872 1031
2640 1487
1360 1215
876 1439
1603 1000
2561 1345
2586 1165
1861 1112
1472 1066
511 1100
2536 1102
798 1106
504 1308
2641 1399
2844 1004
2158 1467
1869 1085
678 1392
2134 1341
520 1380
2819 1232
2230 1446
1889 1041
2355 1217
1444 1435
1946 1205
1058 1132
1303 1189
1345 1020
827 1337
2449 1247
2987 1467
1295 1482
515 1033
1453 1279
1996 1088
2973 1175
1771 1111
2497 1275
1120 1314
1970 1327
1082 1485
900 1418
2282 1059
2867 1461
2453 1301
2920 1017
1036 1246
2222 1254
759 1255
1720 1470
621 1128
1224 1241
1899 1492
1521 1368
2543 1043
1270 1321
945 1328
2042 1181
2966 1005
726 1440
812 1296
2271 1281
940 1350
2315 1122
2666 1079
2701 1090
871 1102
2289 1048
1965 1295
503 1492
2268 1419
627 1097
2463 1469
1865 1154
1702 1477
740 1094
1845 1050
2334 1455
1508 1018
2683 1229
1093 1073
1330 1338
2992 1171
578 1448
1940 1371
1459 1189
1402 1175
2017 1044
909 1419
2419 1345
2856 1485
629 1264
2893 1254
1242 1103
973 1232
1531 1420
1056 1346
2873 1364
2105 1101
2428 1145
2899 1359
1432 1325
2569 1054
2764 1071
1189 1403
1205 1442
1689 1418
1631 1285
1648 1331
2998 1323
2868 1120
2592 1274
1506 1359
1520 1127
1136 1356
2904 1450
709 1380
1585 1214
2600 1089
2570 1369
1136 1252
2934 1028
2334 1423
2914 1066
2267 1499
764 1000
2575 1033
1403 1097
1510 1229
1686 1111
2911 1246
2044 1281
1423 1170
2148 1318
2411 1266
1151 1299
1922 1133
502 1235
2580 1109
766 1207
1540 1397
2393 1403
1696 1168
2416 1124
1185 1367
2125 1100
1609 1392
1980 1191
2785 1451
1009 1202
2902 1419
2555 1302
863 1459
1305 1396
875 1147
681 1050
829 1457
1059 1319
2512 1422
714 1017
2232 1123
1504 1345
2418 1368
2473 1146
1803 1018
1739 1190
1248 1078
2421 1229
1256 1368
2425 1411
1449 1055
2486 1489
1872 1483
1145 1049
510 1486
2116 1394
1287 1380
1233 1385
1783 1204
572 1240
2810 1003
562 1008
2456 1202
2541 1074
2394 1488
973 1164
2162 1113
2319 1107
1486 1159
725 1225
2994 1495
889 1044
2887 1108
2042 1223
594 1477
1492 1119
2825 1317
2242 1086
1581 1233
2552 1356
2225 1154
2061 1383
1894 1420
2228 1429
586 1399
1293 1350
1964 1489
2009 1102
1958 1270
1263 1112
2192 1095
2222 1494
2123 1169
806 1187
2153 1137
1788 1164
1140 1259
2624 1172
712 1073
912 1408
2941 1450
1418 1092
2078 1006
1163 1236
2815 1188
1244 1044
1167 1118
2858 1133
1267 1063
1676 1130
1724 1457
695 1234
662 1441
1186 1453
1310 1289
2093 1204
1853 1018
537 1441
951 1263
2815 1326
1969 1480
1840 1224
2069 1188
670 1169
1373 1160
2299 1460
1129 1213
1968 1016
691 1147
1373 1071
2257 1209
2433 1240
2675 1295
2201 1371
2756 1292
2976 1072
1213 1296
1190 1310
2409 1071
1904 1247
2075 1312
1137 1264
2216 1470
1113 1345
1374 1394
2728 1107
719 1283
1094 1165
2128 1253
2119 1271
2933 1435
2656 1081
2603 1021
2997 1144
1343 1420
897 1412
1687 1169
1635 1332
2537 1275
1177 1234
695 1382
1291 1489
1568 1349
2823 1216
630 1231
2466 1022
2849 1327
2129 1435
760 1247
2369 1276
1571 1155
2050 1136
1580 1406
2150 1397
827 1359
1444 1171
1828 1217
623 1049
2573 1186
1342 1274
2211 1196
1855 1395
1290 1283
684 1418
2111 1427
753 1160
904 1115
1581 1269
2448 1011
1233 1458
1817 1314
678 1384
2632 1022
1187 1191
1822 1346
2392 1118
984 1171
1571 1232
1016 1442
2439 1403
2137 1285
826 1496
2033 1128
607 1337
2826 1334
626 1130
1161 1059
745 1460
1617 1487
789 1058
2178 1479
1066 1377
2830 1241
2113 1291
1386 1246
2280 1409
1901 1161
2260 1141
1286 1069
2362 1470
2435 1451
1892 1230
2055 1498
2408 1397
663 1014
2603 1427
1381 1405
2715 1026
506 1268
2413 1124
723 1082
2827 1028
2232 1123
1237 1459
1939 1000
1630 1422
2457 1342
2904 1143
2058 1381
2952 1072
1120 1457
2269 1115
2370 1185
2281 1429
2089 1066
1102 1329
1987 1482
2348 1408
1877 1186
509 1187
2037 1445
1783 1174
781 1197
1790 1164
532 1484
2615 1250
2115 1129
2989 1101
1443 1202
2841 1348
2554 1410
506 1399
1769 1074
807 1168
1066 1381
2184 1210
1393 1447
1470 1380
1083 1137
2622 1380
1388 1279
870 1342
763 1321
2684 1204
1617 1142
2829 1254
503 1236
547 1174
2993 1382
2911 1408
1667 1372
2836 1414
1391 1447
2527 1304
1348 1096
1698 1130
745 1496
768 1014
1512 1203
2122 1439
697 1367
1529 1490
2655 1332
2174 1457
797 1229
582 1050
1106 1331
1528 1017
1042 1155
1048 1426
1728 1152
657 1390
2790 1251
2967 1065
2137 1366
1900 1497
1524 1385
2887 1157
2052 1331
583 1483
2447 1434
781 1298
2183 1037
1016 1256
2507 1029
2756 1241
1582 1052
1443 1259
2698 1242
513 1198
578 1447
1209 1377
748 1014
2305 1367
2093 1287
2225 1116
2034 1387
658 1323
1765 1478
1596 1370
1740 1151
1317 1178
2014 1074
851 1212
1462 1494
1969 1274
2615 1202
857 1355
635 1278
850 1463
813 1498
990 1479
1078 1384
716 1236
577 1148
2264 1006
2306 1475
1727 1302
830 1025
2548 1359
676 1218
2942 1453
710 1273
2605 1095
2375 1015
1476 1411
1081 1300
2956 1124
2951 1012
586 1060
2508 1324
2729 1260
2453 1304
1886 1219
1658 1294
2752 1486
2056 1336
2830 1367
2803 1430
1514 1217
659 1373
1670 1030
1313 1499
1301 1053
2252 1388
2928 1401
871 1023
2018 1110
2615 1106
2172 1051
1187 1187
1759 1428
1531 1392
1669 1065
1050 1040
1876 1203
1322 1049
1410 1260
2465 1145
893 1414
1274 1268
1603 1087
603 1105
2113 1164
1797 1451
1310 1450
2911 1429
1495 1436
1952 1437
2583 1088
2875 1310
1264 1471
2208 1142
1171 1067
2931 1067
1497 1271
1435 1335
1136 1250
2760 1374
1677 1431
2393 1323
1310 1147
1843 1404
1187 1021
803 1122
2267 1316
539 1205
1314 1316
1699 1292
771 1478
2353 1384
2662 1107
1123 1277
2423 1055
1408 1191
1715 1428
1862 1194
2033 1184
2989 1025
1743 1446
1304 1390
2867 1365
574 1097
733 1026
2494 1057
884 1413
1607 1455
2608 1333
658 1235
2788 1300
2249 1405
2756 1088
1673 1324
1759 1248
1692 1287
919 1185
894 1485
1064 1115
2629 1423
1235 1053
1007 1067
2530 1149
1110 1140
2686 1320
1281 1084
2857 1055
2225 1362
1982 1343
1957 1244
939 1437
2722 1399
2943 1354
828 1327
2264 1194
1958 1401
1219 1011
1184 1431
918 1197
1338 1052
2742 1037
1101 1104
768 1089
1373 1310
1177 1356
1361 1301
1904 1060
1946 1390
2643 1337
1751 1061
877 1283
1656 1300
2422 1057
1282 1246
1355 1128
1322 1007
1965 1297
1334 1420
811 1277
1639 1038
1640 1181
1968 1401
1206 1468
824 1057
2016 1204
2112 1254
646 1402
1144 1367
1978 1251
2080 1360
2642 1419
1257 1140
975 1282
2753 1089
1645 1088
1173 1286
2099 1302
1540 1227
2350 1206
2235 1195
2679 1347
1669 1013
2386 1192
545 1286
2626 1421
1827 1053
2730 1170
1040 1198
625 1068
1832 1270
2994 1290
2803 1142
1731 1180
2724 1395
2325 1302
1306 1141
2081 1221
1923 1055
2310 1336
1226 1172
1142 1207
719 1070
2592 1468
1559 1099
1681 1413
1859 1107
2474 1090
2717 1082
1374 1485
2152 1292
2446 1172
2735 1160
2224 1429
2044 1335
1465 1022
1175 1424
2395 1093
1254 1183
2986 1318
764 1408
591 1040
1580 1320
1470 1186
2956 1242
517 1171
2132 1495
1969 1222
2245 1190
2570 1120
2426 1387
1514 1473
851 1220
1622 1318
2402 1043
1031 1036
1517 1495
2185 1175
1877 1371
691 1367
2505 1426
511 1108
890 1253
817 1419
904 1247
804 1436
1661 1492
1027 1234
1798 1435
2769 1005
593 1479
2687 1402
1105 1165
1771 1124
1845 1253
1281 1162
2872 1405
1751 1313
2136 1287
1696 1093
2969 1080
1169 1074
2145 1004
1999 1397
744 1161
809 1068
1184 1177
892 1075
671 1185
2502 1096
630 1036
883 1216
1113 1184
2219 1474
802 1123
1745 1004
2834 1491
2374 1132
1516 1425
1816 1064
874 1292
2347 1223
633 1211
2688 1023
1577 1148
2855 1474
964 1149
2103 1450
2371 1080
2352 1124
1303 1430
962 1278
824 1451
2767 1008
592 1117
1728 1486
1920 1405
2688 1111
1586 1487
718 1180
2113 1308
1107 1076
1298 1386
2791 1135
1263 1261
955 1275
1299 1064
2602 1227
2741 1352
2153 1185
2586 1017
1138 1490
1611 1100
1960 1470
2104 1285
2063 1224
1090 1099
1414 1436
644 1212
2782 1041
733 1224
666 1025
2194 1233
1008 1459
1930 1457
849 1002
2455 1121
2258 1489
2534 1351
2111 1425
2970 1085
2736 1296
2604 1348
2049 1228
1328 1318
1139 1484
780 1094
885 1350
2380 1400
2336 1431
2932 1387
1805 1062
1425 1160
2319 1196
790 1357
722 1257
1309 1476
1534 1387
536 1036
2806 1311
2878 1333
1761 1355
1961 1297
2964 1272
2844 1409
1690 1096
2844 1472
1387 1249
2877 1026
656 1489
1713 1139
2222 1226
1780 1381
2491 1425
776 1255
2993 1419
1219 1066
688 1460
1861 1455
1991 1118
2874 1142
1496 1414
1343 1092
988 1209
737 1329
2342 1212
628 1409
2008 1115
1487 1109
2937 1027
1354 1233
2184 1114
2622 1204
2328 1034
1610 1434
2344 1235
2585 1121
1185 1318
2542 1201
2145 1497
1972 1335
1164 1045
2485 1495
1616 1300
683 1169
2858 1044
2220 1053
1374 1286
2063 1356
1307 1004
716 1456
988 1380
1733 1340
1123 1382
634 1363
1342 1466
1597 1328
860 1004
2783 1307
860 1340
2289 1350
746 1030
1104 1475
652 1431
557 1189
769 1459
1128 1372
1369 1060
2875 1458
1766 1021
995 1412
1214 1105
2435 1350
1651 1439
755 1466
2341 1226
2467 1425
1083 1476
557 1023
580 1354
2336 1085
561 1213
2998 1205
2727 1187
927 1072
1932 1106
2513 1444
2692 1210
1791 1151
2261 1432
2523 1469
649 1319
2448 1092
2891 1466
2040 1453
1032 1073
580 1190
1340 1180
646 1263
1338 1200
2066 1261
2924 1455
1880 1361
1620 1462
1028 1410
2408 1348
562 1470
1526 1110
2970 1343
2549 1398
1299 1355
1468 1492
1381 1443
1763 1105
2842 1202
1184 1174
1619 1017
2854 1126
1101 1357
1007 1442
918 1180
807 1363
2542 1279
2615 1072
2094 1002
2044 1413
569 1395
2847 1163
1789 1313
2313 1415
2994 1031
1996 1471
1233 1178
1952 1140
1399 1390
2410 1095
825 1023
870 1482
1837 1251
1641 1154
2522 1014
2780 1466
1365 1442
1356 1383
2238 1202
1101 1412
1255 1296
898 1321
2304 1240
2196 1132
1335 1101
1378 1277
2843 1496
2509 1325
1970 1363
2541 1305
1759 1171
1120 1197
2532 1012
2509 1352
1342 1111
2537 1179
772 1273
2686 1081
1334 1042
936 1138
887 1089
796 1038
1658 1176
2700 1467
985 1422
1184 1436
1187 1113
2794 1260
1458 1423
1024 1158
540 1409
1438 1156
2770 1399
715 1374
2785 1458
1294 1171
2554 1415
1358 1391
607 1006
667 1252
2830 1045
1347 1125
2520 1145
2236 1253
1071 1238
2126 1323
629 1378
2677 1228
1577 1365
1221 1472
1226 1111
2110 1346
2953 1486
1763 1369
758 1219
1750 1148
2323 1382
1389 1020
1395 1195
1664 1114
2746 1273
1315 1034
1317 1450
2304 1088
1803 1366
2170 1340
1152 1399
935 1315
893 1482
1917 1461
1729 1341
2309 1348
860 1291
739 1344
2284 1154
1254 1305
1087 1183
884 1287
2403 1452
1647 1496
1255 1348
2978 1136
2329 1116
1077 1457
522 1105
1062 1221
1949 1199
2558 1062
789 1099
1781 1161
1334 1066
1218 1233
1095 1471
929 1184
2452 1299
2970 1214
2922 1094
2718 1240
888 1020
1956 1056
2048 1448
1642 1214
878 1334
946 1220
702 1406
1697 1261
1386 1112
1294 1422
2237 1449
920 1428
537 1169
2819 1008
1798 1113
1240 1312
2751 1244
2413 1442
2688 1328
2217 1358
911 1338
2082 1267
1293 1300
2986 1367
2286 1425
836 1333
1343 1133
2750 1456
2602 1443
1378 1186
1218 1413
1055 1121
1331 1290
2674 1167
1831 1263
2194 1321
2326 1293
2602 1295
2781 1407
664 1419
2761 1275
1467 1065
1315 1429
2675 1297
1103 1229
1290 1444
2681 1220
1687 1028
2629 1470
1759 1060
1464 1377
1900 1105
1040 1037
1036 1205
2901 1017
1360 1175
1767 1420
2388 1146
2901 1404
2965 1225
1914 1183
1707 1015
2922 1120
1538 1077
742 1295
890 1342
1271 1069
2247 1232
1241 1288
528 1393
1378 1379
1267 1464
539 1040
1857 1365
2915 1456
2862 1116
1457 1106
1592 1322
2612 1282
1924 1384
2165 1265
1434 1213
2617 1079
561 1281
642 1027
2543 1079
1940 1244
867 1499
1468 1285
2351 1102
508 1466
906 1169
1450 1100
1480 1292
2361 1444
2897 1425
1279 1180
615 1253
2035 1306
738 1427
2426 1437
1570 1277
2058 1127
2396 1212
2367 1405
708 1474
2545 1072
532 1403
2829 1360
2847 1296
2204 1356
2495 1053
2431 1288
1479 1376
1407 1079
2170 1139
645 1419
1086 1136
560 1283
2945 1228
881 1156
2521 1158
2522 1054
787 1167
2407 1411
1793 1283
1548 1109
980 1382
2675 1024
2326 1392
2900 1259
1741 1395
2691 1104
2198 1478
721 1389
2033 1252
1707 1029
619 1491
2936 1350
1868 1390
2953 1175
1862 1198
2065 1025
2378 1129
1165 1110
2787 1473
2512 1381
1429 1303
2287 1294
2801 1292
936 1288
1655 1072
2990 1409
2148 1257
1702 1208
910 1328
1593 1386
1410 1017
2580 1425
2769 1011
1091 1160
1564 1323
2589 1479
2198 1252
1362 1117
1570 1060
1357 1341
887 1029
776 1041
2411 1064
2878 1100
1071 1004
728 1220
1145 1110
1611 1424
607 1039
528 1167
1820 1000
2786 1351
1339 1117
1078 1159
2616 1175
929 1185
637 1008
1048 1386
806 1475
602 1481
1372 1244
1101 1494
2551 1300
2307 1446
1704 1450
621 1219
902 1436
1290 1484
1456 1069
2841 1438
1445 1241
521 1028
576 1494
1966 1205
1715 1422
2242 1293
1196 1059
893 1030
891 1013
2092 1279
1068 1430
1043 1209
1063 1017
1252 1194
1459 1086
542 1299
2599 1091
2141 1228
2738 1333
2786 1205
2374 1173
1378 1492
2459 1136
692 1291
1225 1109
557 1423
2133 1423
1565 1163
749 1242
2339 1305
2802 1407
1689 1361
2950 1405
2306 1083
1241 1495
2691 1090
2047 1352
1236 1486
2648 1105
924 1153
2878 1363
933 1130
1911 1449
1100 1496
673 1427
1466 1157
583 1427
1343 1237
1518 1317
2090 1122
1477 1334
909 1497
800 1066
2740 1122
2090 1120
2262 1399
1998 1091
961 1205
1683 1057
1569 1054
2738 1122
2014 1289
2382 1103
2750 1054
2842 1011
2657 1211
1891 1499
1301 1203
1521 1270
2450 1146
2188 1190
2576 1427
1972 1172
1495 1406
1014 1499
723 1298
2419 1379
1375 1365
958 1242
1843 1404
1201 1205
1021 1351
1171 1127
2142 1243
1242 1232
2513 1363
2926 1208
1460 1149
571 1070
2145 1050
601 1050
849 1000
1254 1413
1441 1164
1364 1081
2768 1081
1264 1097
633 1441
865 1381
2587 1016
803 1390
2468 1107
500 1458
2171 1208
1753 1307
2163 1041
1693 1449
771 1386
596 1223
771 1473
1115 1256
2274 1294
596 1260
1705 1147
1086 1430
1094 1226
2381 1060
2554 1313
1765 1047
2104 1277
2298 1070
2912 1084
737 1091
595 1083
1998 1211
745 1346
1738 1105
1434 1321
2643 1331
891 1326
1226 1214
1650 1398
681 1264
2806 1139
2257 1194
917 1251
2910 1478
1743 1397
876 1243
649 1176
1882 1036
1491 1317
2295 1372
1977 1141
2077 1082
1478 1079
1411 1150
2152 1429
1422 1108
2267 1195
2558 1219
1132 1055
2206 1299
2131 1267
2019 1143
1206 1174
971 1439
761 1037
1664 1194
1118 1422
1100 1468
2298 1158
695 1459
1944 1249
2016 1077
2087 1117
1119 1356
639 1201
2071 1138
534 1408
2764 1354
2250 1187
2870 1469
1966 1179
2235 1222
1934 1490
1831 1417
2739 1109
2861 1180
1753 1382
2214 1479
1051 1249
2691 1387
2542 1322
2738 1075
2797 1347
2044 1047
2447 1420
2103 1485
2391 1412
1241 1022
1538 1220
620 1067
1533 1460
2826 1189
884 1275
1732 1268
2459 1352
2148 1202
2960 1018
2630 1339
2735 1380
1355 1495
1900 1233
1370 1352
2082 1053
635 1242
606 1404
1699 1224
2792 1218
2456 1014
1737 1461
2667 1249
2766 1438
609 1456
2534 1375
2102 1042
1034 1255
2780 1387
2458 1326
1613 1372
766 1433
2297 1088
2260 1464
2435 1171
1645 1238
1361 1460
2379 1091
1201 1463
1772 1087
1200 1381
1266 1319
1228 1463
2347 1212
1621 1007
2499 1121
2992 1368
1545 1321
2182 1112
920 1261
2389 1417
504 1396
2511 1493
2350 1401
786 1341
1935 1231
1080 1287
1780 1478
1789 1466
583 1321
1273 1462
1718 1095
1376 1357
1767 1335
2555 1185
2327 1463
1039 1252
2403 1062
2216 1450
2584 1274
2041 1074
2542 1430
829 1482
2247 1161
2311 1247
2619 1095
1175 1034
2813 1025
2582 1351
1234 1145
1102 1309
913 1147
529 1452
1148 1195
780 1287
2160 1125
2518 1230
1237 1380
1710 1358
1056 1147
2985 1076
2027 1135
2726 1496
1311 1286
667 1419
2789 1482
1219 1023
1287 1079
2648 1204
543 1462
2162 1104
1815 1054
1944 1059
1462 1330
975 1026
1658 1388
1172 1006
1816 1102
902 1128
1528 1208
1988 1244
2681 1092
2571 1185
2243 1290
1464 1382
812 1359
2719 1322
1343 1073
2639 1030
1409 1354
997 1495
1729 1325
1307 1242
913 1001
2593 1041
2329 1060
2914 1110
579 1255
1002 1131
2354 1110
1549 1476
2573 1320
555 1434
830 1470
2056 1332
1062 1104
2518 1175
2872 1071
1621 1062
1824 1011
910 1321
721 1489
519 1270
2100 1486
2127 1167
2853 1350
2938 1435
2968 1495
2243 1160
984 1061
2962 1055
940 1240
1126 1247
790 1023
2321 1186
851 1162
2797 1471
2189 1268
2720 1037
786 1474
1417 1172
1213 1416
2550 1057
1099 1242
1471 1061
1128 1027
2740 1492
2320 1348
2371 1470
2099 1205
2688 1038
2711 1058
912 1454
2684 1479
2436 1365
770 1018
1821 1055
600 1207
2908 1195
2382 1259
1393 1391
778 1285
2002 1165
1206 1484
817 1213
2897 1054
2779 1153
2129 1386
2231 1161
1454 1383
1597 1347
1171 1205
1834 1070
2188 1350
1990 1131
785 1301
1982 1320
1778 1165
2094 1006
1597 1191
1099 1480
2065 1225
1475 1230
2548 1180
2043 1030
805 1251
2336 1366
1728 1110
937 1186
1430 1360
2879 1298
2035 1135
1068 1264
2553 1398
1671 1434
1449 1046
2621 1369
2053 1121
1259 1157
756 1032
1652 1116
2547 1370
1130 1322
1899 1257
2527 1137
2277 1061
816 1110
2151 1443
1434 1105
1511 1114
609 1410
1825 1216
1501 1459
1111 1007
740 1195
1471 1022
1015 1277
983 1216
2636 1068
2514 1418
2892 1474
2206 1157
2771 1166
2525 1113
659 1401
1640 1392
2994 1084
1549 1259
1452 1160
2001 1220
649 1452
2287 1047
2690 1292
1024 1220
2992 1266
1214 1374
2881 1308
1230 1137
769 1423
1887 1220
2302 1397
2003 1432
2963 1427
1008 1209
961 1393
811 1267
1365 1206
1400 1440
531 1001
2340 1478
2678 1409
724 1122
1464 1111
1175 1345
2950 1287
2462 1447
2110 1092
1340 1186
692 1353
2288 1016
2724 1097
710 1405
1439 1238
2952 1226
1081 1048
1280 1025
2954 1062
782 1010
1448 1313
2734 1451
848 1388
1889 1338
2241 1249
1970 1062
553 1111
2739 1080
2954 1159
883 1131
2703 1098
2617 1172
723 1056
587 1183
1018 1405
900 1235
1582 1249
2209 1431
2958 1327
603 1022
2167 1204
1860 1122
2097 1227
955 1401
754 1457
2924 1038
1202 1357
1114 1366
1208 1444
1345 1336
519 1299
2955 1278
1189 1065
2278 1185
2633 1199
2682 1017
2928 1082
746 1217
2347 1091
2262 1282
1498 1141
552 1223
691 1496
1227 1268
1917 1306
515 1196
2781 1200
924 1102
2094 1317
1282 1036
1598 1281
2647 1131
740 1479
1918 1474
2662 1066
1334 1402
2383 1450
734 1284
502 1269
1395 1025
2012 1427
1478 1359
824 1296
600 1140
1236 1456
2757 1397
2281 1116
1748 1188
2816 1104
981 1413
1670 1260
542 1348
2006 1483
2368 1360
2979 1453
595 1070
2302 1302
910 1083
1495 1378
1360 1093
1279 1280
2039 1406
2174 1268
2100 1057
1432 1456
2510 1001
707 1075
1668 1420
1273 1118
558 1136
616 1338
590 1266
2178 1125
2056 1164
2101 1445
1620 1135
1506 1479
2238 1219
1353 1385
1474 1262
1379 1394
1733 1249
963 1421
2315 1250
2036 1086
2498 1462
1099 1188
1630 1233
1756 1051
852 1058
2639 1198
847 1022
1983 1448
2971 1424
1170 1256
904 1197
1896 1072
2436 1005
2909 1352
2973 1136
1659 1039
1659 1452
2244 1093
1680 1478
2347 1131
1914 1454
2019 1200
1688 1416
963 1402
729 1044
2472 1325
1358 1352
2463 1115
2295 1263
2687 1233
1066 1272
1384 1129
1206 1428
2658 1399
1914 1349
2692 1295
1023 1031
2581 1031
2968 1463
1208 1163
1865 1206
2306 1153
1596 1289
1317 1209
2713 1194
1375 1421
2969 1008
1969 1299
2104 1420
1500 1028
827 1279
1675 1255
2964 1048
1756 1081
2344 1400
2215 1223
1007 1166
1437 1138
1869 1171
1680 1424
1622 1350
1391 1043
2780 1390
1925 1106
2285 1268
2424 1230
2140 1189
2940 1176
2481 1239
2056 1239
2288 1230
1527 1473
2603 1114
531 1152
2669 1497
2633 1326
794 1136
738 1010
560 1414
640 1257
1371 1083
2011 1086
2995 1216
1051 1170
923 1141
2309 1330
2457 1163
2533 1486
2405 1466
1988 1081
1034 1131
1181 1197
806 1329
1014 1241
2513 1107
529 1168
1015 1009
512 1108
2258 1443
2112 1083
1534 1233
2647 1155
516 1362
1189 1352
2253 1296
1384 1082
844 1281
1042 1408
2130 1040
696 1076
1257 1177
1147 1460
752 1047
800 1343
1044 1086
1960 1241
528 1457
2492 1118
2844 1219
759 1243
1726 1445
866 1333
2595 1090
2144 1250
2041 1070
2785 1381
2917 1129
1723 1021
721 1202
522 1074
2916 1066
1517 1164
645 1349
1132 1488
732 1251
532 1355
1224 1223
2580 1002
2147 1295
1357 1357
1511 1034
1162 1409
1810 1487
2925 1171
2187 1156
2583 1268
1720 1374
2804 1454
2351 1129
1694 1363
2909 1384
1694 1226
2699 1165
2377 1270
1492 1339
2197 1061
1126 1155
2610 1448
2766 1417
943 1112
1483 1398
1053 1346
1059 1247
2565 1090
677 1331
1438 1487
842 1309
851 1355
2897 1448
2000 1397
2142 1448
1160 1037
1974 1417
932 1497
2921 1240
2081 1067
773 1129
2281 1350
1590 1023
966 1366
738 1281
885 1494
1105 1355
1829 1265
1092 1150
2648 1136
2932 1495
2063 1142
1476 1279
522 1369
2493 1362
2688 1471
1598 1060
730 1111
739 1406
1233 1388
705 1342
2285 1257
1625 1456
752 1399
2191 1072
1533 1394
2048 1006
1702 1428
803 1239
972 1319
1713 1291
1329 1360
1676 1132
2244 1110
1041 1364
594 1499
2448 1081
501 1008
672 1219
2069 1247
789 1111
2538 1126
1135 1468
2018 1110
2764 1177
843 1396
1851 1402
2932 1186
2494 1090
2425 1390
2043 1061
660 1050
1997 1355
741 1184
2448 1393
2105 1449
504 1389
2761 1314
543 1006
1065 1156
2354 1433
567 1437
2979 1343
1517 1175
1577 1207
1062 1254
1829 1368
2570 1487
2818 1439
2098 1365
2169 1301
2877 1212
551 1188
1697 1491
1457 1278
1631 1073
1716 1018
2998 1428
1988 1082
1256 1274
2031 1194
1488 1281
1764 1290
2296 1424
671 1270
2066 1453
1857 1413
624 1300
2606 1499
2447 1495
2695 1168
2537 1336
724 1363
666 1160
774 1149
1051 1379
930 1176
894 1033
1495 1461
1968 1000
1706 1120
2037 1113
1204 1385
628 1034
986 1086
894 1447
582 1113
971 1455
863 1466
2298 1092
860 1207
2776 1452
2177 1009
1762 1295
2711 1360
1456 1209
2133 1007
909 1286
577 1212
912 1454
1077 1168
2360 1125
2753 1344
2317 1385
934 1335
946 1003
1513 1024
2572 1399
1894 1247
1053 1475
1210 1242
1895 1420
2801 1206
928 1410
1906 1399
1821 1005
2807 1107
2744 1031
1710 1350
1682 1033
796 1222
1914 1460
971 1318
779 1452
1090 1356
2857 1496
1845 1235
744 1281
2856 1467
2003 1040
2202 1378
2225 1409
515 1169
2463 1158
2453 1129
2505 1259
1617 1180
987 1145
2520 1399
828 1293
2985 1185
2411 1281
2842 1072
1630 1032
1336 1024
2118 1236
2902 1003
1532 1378
2856 1072
1908 1060
656 1288
613 1431
574 1431
2347 1257
590 1100
2161 1425
2484 1246
1716 1114
1459 1009
2007 1187
2155 1426
2783 1353
1177 1286
649 1072
2724 1480
1740 1457
528 1018
2302 1214
1470 1218
2511 1263
2493 1497
2672 1305
788 1042
2164 1197
1853 1414
505 1196
1666 1426
737 1321
1996 1040
2000 1079
2120 1392
2545 1226
884 1301
682 1217
1256 1277
1676 1269
2282 1329
956 1045
1827 1126
2092 1287
2218 1478
2409 1369
2920 1119
2562 1440
801 1352
2832 1339
665 1098
2149 1203
557 1058
2535 1077
2158 1222
521 1422
2364 1195
2376 1041
1575 1484
1720 1286
720 1099
2457 1194
2755 1204
2302 1262
2707 1379
1740 1354
1045 1098
1913 1460
1504 1316
1234 1160
2558 1400
1975 1241
1089 1272
2366 1231
532 1264
2903 1372
2705 1434
839 1375
2834 1211
568 1175
2454 1393
557 1007
2540 1097
2478 1380
2657 1430
2474 1382
1227 1475
2978 1103
2323 1440
2023 1005
1843 1420
839 1047
1683 1182
972 1431
1401 1318
1048 1141
1222 1420
2482 1016
2877 1377
2007 1086
1090 1254
2045 1332
964 1134
2679 1366
702 1335
1763 1144
1429 1267
2653 1169
1423 1370
2097 1306
2293 1164
2016 1004
524 1498
2952 1009
1194 1266
2211 1401
697 1019
1236 1426
1121 1475
2276 1007
1269 1207
2382 1128
1038 1212
674 1260
1384 1224
918 1045
2956 1385
2535 1459
2391 1028
901 1356
2316 1094
2853 1285
1942 1390
2339 1021
741 1197
2310 1493
1466 1325
2120 1269
2572 1111
2857 1084
2615 1029
1691 1409
1813 1040
1602 1197
2974 1016
2421 1043
1286 1314
1204 1452
2471 1036
2791 1465
2794 1000
2042 1260
902 1449
2638 1099
2314 1065
1246 1055
1359 1076
1533 1446
1385 1303
1751 1457
1192 1479
1971 1406
2658 1061
2128 1220
1529 1469
2493 1294
2257 1114
2241 1068
2860 1136
2345 1171
1391 1348
1722 1328
1419 1402
1606 1209
2187 1437
949 1100
1851 1265
559 1409
2149 1157
867 1124
541 1405
1613 1265
767 1148
1399 1155
1747 1415
2298 1009
1717 1328
973 1317
2604 1301
720 1155
762 1078
848 1014
2182 1340
2138 1029
1711 1046
609 1238
2683 1316
2439 1274
1379 1310
851 1382
854 1061
1693 1301
1471 1217
2613 1008
2031 1366
2923 1198
2627 1350
1574 1337
911 1098
1249 1143
1853 1043
2411 1091
1334 1476
1638 1461
1913 1141
808 1210
2457 1486
2785 1100
1953 1370
1385 1215
1809 1171
1430 1197
656 1119
1831 1297
1547 1177
2265 1022
2766 1182
2129 1408
1799 1273
706 1212
892 1457
2100 1017
1348 1403
1022 1071
1069 1012
1687 1354
1745 1135
1063 1204
2345 1430
2583 1162
2293 1276
1749 1186
2529 1031
1886 1379
1658 1053
2975 1231
2969 1136
1343 1221
663 1275
2411 1236
1728 1086
2816 1349
1754 1279
1006 1195
2076 1218
2911 1369
1986 1404
1444 1234
2472 1001
2762 1300
1346 1078
1976 1242
2705 1335
2848 1264
2881 1024
1405 1261
2074 1122
1899 1250
1410 1161
831 1037
504 1040
1867 1418
1237 1212
2265 1183
1316 1109
2290 1210
954 1233
1613 1209
1468 1483
1118 1365
741 1294
2987 1211
1624 1228
1711 1018
626 1407
825 1195
2734 1482
1425 1276
1298 1055
2020 1390
2897 1149
2607 1110
1585 1153
711 1399
2519 1473
683 1131
2839 1229
1503 1089
551 1128
646 1446
1174 1201
2414 1102
2812 1331
2409 1435
1014 1330
543 1430
905 1046
732 1165
934 1411
2233 1123
2352 1061
2493 1269
1613 1275
2575 1008
2145 1405
2514 1253
1406 1072
825 1131
1557 1216
588 1362
770 1184
2538 1102
529 1292
2220 1180
1423 1424
790 1277
1611 1120
2956 1466
2205 1428
791 1033
2052 1318
1034 1447
2974 1333
2166 1378
1192 1473
2753 1387
1237 1404
1401 1306
595 1411
2943 1414
1358 1146
2118 1160
2109 1210
2548 1278
1601 1311
2870 1148
2639 1050
1867 1030
2648 1098
2389 1133
925 1423
2871 1077
1763 1347
1805 1227
1829 1107
2138 1004
2299 1053
995 1044
1409 1434
1181 1365
1414 1322
1430 1414
803 1453
650 1331
2166 1487
2721 1222
1749 1019
2846 1393
2725 1224
745 1391
1635 1492
2008 1345
749 1497
2418 1341
885 1184
1226 1040
1676 1436
2642 1048
2396 1120
1447 1092
853 1056
2390 1421
2607 1020
2107 1169
652 1057
1573 1369
683 1107
1035 1395
680 1046
2782 1148
685 1148
1992 1256
1965 1457
1137 1087
2656 1393
2729 1492
1478 1019
1721 1192
2354 1326
2992 1182
1441 1378
691 1188
1850 1447
2828 1099
1315 1304
2925 1306
1161 1340
1499 1173
2800 1337
2686 1006
1095 1259
1338 1130
1986 1253
1112 1260
712 1422
2564 1388
2168 1146
1337 1222
2269 1215
889 1412
2527 1046
2616 1321
2300 1028
1244 1384
697 1489
2961 1062
693 1379
870 1326
2995 1242
607 1096
2274 1309
687 1342
2104 1325
2631 1342
782 1133
1739 1171
2300 1141
1250 1045
1291 1286
584 1003
2841 1362
1814 1296
1909 1477
1040 1459
2308 1261
547 1302
1516 1391
1274 1416
1049 1064
2284 1052
510 1118
2682 1060
1133 1137
1563 1407
1072 1267
1351 1096
501 1176
762 1199
2753 1317
1624 1110
1174 1249
1859 1363
993 1350
2540 1248
630 1152
2010 1288
1928 1225
2717 1292
993 1238
2817 1210
798 1039
1473 1359
1884 1238
2647 1484
1917 1408
1470 1151
1898 1345
983 1251
510 1398
1394 1143
2412 1436
1411 1106
2718 1186
669 1170
1331 1261
675 1309
1529 1478
898 1441
2258 1450
2811 1185
2124 1143
2695 1498
2793 1406
2021 1009
1232 1137
816 1456
2210 1018
1424 1304
784 1491
1997 1113
2402 1210
2512 1184
520 1043
786 1213
1146 1258
1722 1472
516 1069
2928 1018
1020 1424
987 1230
1189 1490
2521 1071
1813 1419
1751 1166
1032 1246
676 1477
802 1263
1925 1471
1087 1134
2915 1285
2276 1010
806 1125
1866 1047
1675 1435
2551 1189
1805 1005
1235 1165
2515 1440
2655 1139
1021 1317
1438 1461
862 1049
1115 1209
806 1481
2018 1435
899 1030
2315 1471
2760 1103
840 1252
1465 1107
1318 1329
730 1038
767 1333
2558 1477
1406 1315
1362 1263
1811 1386
1845 1188
923 1363
2042 1414
1715 1199
1774 1279
1122 1458
2512 1161
1750 1175
2712 1448
2458 1499
666 1000
2159 1118
2507 1292
1382 1402
2167 1467
911 1165
2881 1276
1374 1317
1959 1342
2188 1185
1822 1319
1331 1481
2422 1018
636 1482
1250 1094
746 1059
2816 1449
1359 1058
2827 1375
2794 1414
1291 1026
1767 1166
836 1330
2864 1055
2312 1382
841 1211
2569 1293
604 1048
2322 1304
1665 1237
2538 1090
1474 1463
1102 1485
530 1331
2186 1136
2143 1196
878 1139
1948 1277
1809 1499
519 1389
1850 1024
2119 1047
2696 1367
2984 1115
603 1098
1532 1377
2032 1185
1074 1296
2497 1044
943 1345
641 1348
2819 1264
986 1346
584 1475
1413 1261
2101 1497
551 1445
2531 1217
1864 1012
2146 1336
2721 1346
1564 1218
649 1430
1237 1249
1379 1410
1411 1182
587 1272
2731 1233
2616 1023
522 1295
2360 1381
508 1214
1882 1185
2700 1318
866 1007
1207 1147
2888 1329
1230 1273
1682 1333
608 1396
1920 1282
2108 1002
777 1004
2992 1221
2280 1045
2512 1170
1284 1018
2362 1221
2054 1421
836 1064
2014 1050
2314 1085
2073 1134
2780 1080
2045 1232
2023 1168
690 1320
2751 1342
2898 1392
1045 1269
2693 1036
901 1371
2231 1433
2480 1335
2102 1329
2155 1241
601 1420
859 1177
963 1126
1093 1375
2219 1001
983 1490
2579 1241
2867 1304
1392 1329
1006 1169
1118 1326
932 1186
1913 1347
2289 1404
2820 1360
2905 1406
2727 1067
2870 1086
2294 1172
1661 1029
1117 1041
2748 1197
2276 1490
2571 1390
2764 1054
2825 1399
1141 1369
2056 1383
1647 1431
1632 1212
2981 1076
849 1322
1776 1499
1864 1050
1034 1369
1319 1109
1054 1482
811 1104
2376 1324
1005 1477
2437 1043
644 1202
2700 1206
2602 1407
1574 1353
2263 1023
1318 1496
1613 1108
864 1450
2149 1286
2119 1046
1497 1123
2711 1366
1244 1458
638 1363
987 1441
2442 1048
736 1119
1061 1335
2499 1477
1261 1455
1397 1175
1980 1341
1729 1170
1437 1458
820 1193
2652 1410
2399 1335
2329 1154
1827 1130
2812 1282
1171 1411
912 1108
1435 1320
2149 1017
2198 1424
585 1057
625 1093
955 1010
1513 1041
1906 1346
1378 1437
1568 1343
1924 1094
1826 1018
1692 1249
2589 1279
1622 1494
936 1020
926 1267
2522 1450
1875 1342
2184 1372
2659 1112
2700 1346
1117 1201
976 1384
2673 1038
568 1148
1621 1408
1902 1046
2965 1284
654 1262
2085 1297
2318 1294
1187 1234
2852 1136
2570 1211
1800 1405
2485 1178
2338 1084
762 1331
1172 1013
2439 1069
1005 1288
2357 1130
546 1444
758 1023
630 1473
2728 1145
1960 1246
1186 1102
1917 1201
1183 1488
1501 1078
2319 1309
1505 1239
1751 1110
1283 1306
2880 1250
1785 1250
2789 1231
834 1374
2772 1179
1600 1105
707 1326
2800 1268
1861 1047
2203 1347
2774 1365
560 1136
1829 1376
2018 1313
1284 1468
1230 1117
2055 1060
1697 1090
2906 1269
1609 1069
2244 1105
544 1356
606 1225
1457 1452
991 1168
514 1223
1654 1109
603 1012
2557 1078
1412 1282
661 1445
1948 1118
2638 1472
2086 1470
2815 1167
1671 1475
2157 1396
1812 1300
1483 1484
2231 1076
1571 1404
2380 1391
2295 1186
1184 1416
2086 1114
1471 1205
2521 1220
1752 1342
1842 1290
2023 1252
922 1239
521 1374
2503 1279
1696 1217
1632 1082
680 1316
1805 1289
2982 1448
1320 1487
2786 1055
1176 1452
2248 1464
2663 1224
1219 1221
555 1160
2521 1287
1946 1182
2610 1301
2633 1295
2103 1047
785 1157
2962 1410
2000 1301
2626 1191
617 1487
2936 1001
1717 1180
746 1334
515 1052
1396 1260
1350 1030
2200 1205
1227 1173
586 1043
581 1399
2415 1393
2917 1474
2088 1057
2536 1034
1558 1272
1437 1031
541 1083
1461 1440
2400 1140
2634 1374
851 1367
863 1020
1803 1009
2672 1009
2722 1452
2165 1366
1009 1179
1556 1001
2951 1431
609 1306
1603 1049
1783 1180
2252 1046
1417 1333
1879 1117
1759 1083
1073 1332
2557 1357
2613 1493
1466 1121
1727 1261
556 1039
1080 1304
2567 1021
1509 1127
1020 1276
1264 1210
1217 1011
2313 1463
2978 1310
655 1370
1993 1226
1735 1199
2527 1154
888 1229
2812 1439
1975 1026
1040 1119
1632 1302
2525 1053
2893 1312
921 1186
1517 1293
2740 1481
1902 1115
1425 1304
544 1324
1810 1085
692 1410
2860 1477
2400 1188
2787 1355
2922 1000
1293 1286
1960 1241
2004 1312
1024 1370
574 1487
2606 1192
815 1183
2479 1338
2100 1356
2988 1022
710 1059
2700 1239
1062 1376
1986 1339
2311 1128
594 1201
2559 1284
1200 1315
2702 1044
2942 1433
957 1205
650 1498
2657 1234