1000 3500
33 1231
28 1286
34 1092
14 1391
22 1471
28 1425
39 1425
30 1103
44 1024
38 1145
28 1076
18 1266
15 1355
26 1005
45 1083
48 1202
41 1038
11 1321
43 1316
18 1418
47 1368
38 1444
45 1491
33 1218
41 1418
17 1286
47 1286
48 1199
37 1106
11 1077
21 1175
28 1154
33 1295
49 1432
35 1015
40 1234
20 1352
10 1242
26 1090
29 1347
15 1432
11 1290
47 1236
46 1082
36 1139
32 1250
35 1462
32 1316
41 1454
14 1088
24 1366
39 1146
39 1021
42 1026
19 1019
24 1326
31 1462
23 1290
21 1094
32 1265
17 1208
42 1494
22 1259
12 1130
46 1133
41 1275
30 1069
23 1420
22 1025
34 1292
11 1201
13 1414
27 1334
29 1438
30 1072
13 1465
13 1287
47 1208
26 1425
19 1204
29 1154
22 1350
11 1090
32 1361
23 1168
28 1381
38 1019
35 1462
37 1138
46 1442
22 1187
45 1335
27 1149
26 1199
24 1149
21 1235
24 1216
11 1364
47 1491
47 1431
30 1304
17 1311
19 1376
12 1033
17 1450
36 1126
22 1371
17 1236
40 1328
46 1172
18 1296
33 1168
31 1017
22 1005
16 1147
33 1112
21 1310
26 1422
26 1207
33 1187
48 1427
27 1457
32 1018
19 1117
22 1105
38 1299
27 1334
19 1351
49 1098
38 1442
31 1381
42 1123
17 1209
15 1157
33 1305
42 1082
10 1096
14 1444
18 1148
25 1120
16 1111
29 1120
47 1222
13 1473
13 1340
28 1028
35 1473
11 1198
35 1100
10 1440
37 1427
11 1265
41 1437
25 1067
31 1014
39 1061
43 1198
47 1216
47 1094
12 1390
21 1340
17 1203
29 1138
28 1273
41 1029
17 1137
14 1326
41 1315
46 1357
17 1332
38 1278
11 1389
11 1434
34 1266
19 1465
29 1090
16 1324
29 1325
44 1293
48 1462
33 1027
22 1017
33 1341
29 1145
34 1290
41 1286
10 1382
22 1203
36 1240
28 1026
12 1066
14 1241
14 1000
17 1106
15 1281
46 1268
49 1072
48 1391
13 1485
42 1339
37 1477
16 1377
15 1196
35 1035
29 1101
33 1118
40 1012
27 1007
46 1407
38 1020
49 1428
40 1471
32 1194
10 1485
26 1006
44 1115
14 1243
18 1317
17 1122
43 1118
16 1214
32 1260
13 1166
35 1178
37 1007
18 1266
22 1088
22 1234
28 1348
27 1290
49 1165
42 1127
10 1436
14 1257
46 1199
44 1444
26 1135
28 1304
22 1099
35 1493
11 1481
39 1023
12 1059
12 1297
19 1474
31 1459
27 1481
28 1480
16 1319
10 1416
12 1097
42 1412
42 1172
24 1037
32 1333
36 1189
29 1139
18 1258
15 1277
13 1196
31 1079
44 1354
16 1252
16 1187
34 1063
45 1453
43 1494
21 1405
27 1005
16 1037
35 1020
30 1047
16 1380
14 1272
42 1315
45 1189
45 1253
12 1129
49 1065
27 1468
22 1146
27 1053
12 1173
18 1165
43 1250
33 1235
34 1142
41 1052
19 1153
48 1287
19 1291
45 1202
31 1455
46 1382
23 1103
24 1184
43 1069
47 1016
21 1052
37 1350
35 1074
44 1248
11 1124
35 1225
41 1306
41 1208
36 1196
28 1149
31 1062
44 1193
25 1444
30 1290
19 1261
43 1410
13 1042
14 1075
14 1179
47 1413
31 1286
46 1400
43 1258
41 1266
38 1410
13 1144
49 1262
17 1386
10 1428
42 1158
25 1241
24 1075
11 1154
19 1217
49 1368
16 1117
39 1409
27 1183
13 1152
44 1302
19 1192
30 1277
48 1191
39 1075
18 1171
24 1375
29 1014
27 1487
41 1019
45 1281
36 1281
47 1133
45 1489
13 1351
15 1426
20 1357
29 1124
43 1107
29 1082
22 1205
18 1005
10 1064
26 1037
40 1456
43 1090
44 1157
42 1057
45 1091
13 1383
14 1271
21 1206
28 1404
41 1493
26 1408
39 1489
45 1274
21 1078
24 1407
49 1045
45 1166
46 1288
18 1440
10 1043
17 1030
41 1459
11 1309
36 1365
47 1005
48 1292
39 1015
24 1131
31 1021
32 1181
28 1196
34 1430
24 1172
36 1226
48 1336
47 1498
17 1031
15 1122
23 1479
38 1264
41 1462
46 1018
37 1187
41 1292
29 1380
37 1122
47 1186
24 1314
23 1453
13 1096
48 1290
20 1023
15 1488
38 1323
13 1478
23 1292
43 1432
43 1434
12 1255
32 1009
34 1383
21 1336
38 1185
13 1416
33 1091
26 1183
48 1383
14 1081
28 1149
43 1402
16 1264
13 1078
45 1093
41 1191
23 1285
35 1108
12 1147
41 1393
18 1100
41 1463
43 1042
34 1247
19 1224
35 1102
32 1098
40 1259
41 1010
24 1059
41 1389
41 1067
18 1369
16 1016
38 1267
20 1239
43 1245
49 1198
12 1154
14 1085
19 1064
25 1093
35 1245
20 1071
26 1297
34 1489
29 1306
33 1382
37 1084
36 1322
41 1346
20 1188
39 1457
12 1383
12 1139
30 1065
22 1312
14 1382
18 1014
39 1367
18 1357
31 1352
32 1366
30 1424
13 1067
26 1283
35 1034
34 1202
22 1082
33 1056
26 1434
46 1056
29 1345
46 1025
48 1332
10 1433
18 1340
24 1489
37 1191
10 1179
48 1267
38 1332
33 1107
49 1444
25 1440
42 1148
29 1295
19 1206
42 1440
39 1193
10 1128
45 1108
47 1081
47 1008
14 1446
17 1395
39 1107
19 1497
35 1430
30 1424
32 1276
48 1288
15 1391
28 1074
47 1176
36 1124
18 1360
10 1287
47 1208
18 1270
46 1256
37 1448
15 1082
36 1417
31 1218
46 1126
36 1067
13 1067
40 1495
19 1309
34 1269
34 1356
31 1036
30 1146
48 1411
19 1207
31 1487
26 1013
34 1015
26 1319
46 1238
25 1035
49 1424
26 1319
31 1448
39 1175
23 1215
27 1148
16 1450
41 1491
47 1122
33 1202
24 1177
30 1136
23 1312
12 1403
46 1462
46 1045
38 1201
33 1176
18 1033
25 1057
23 1225
43 1435
21 1001
26 1121
11 1302
44 1348
31 1159
12 1333
40 1007
31 1374
38 1486
13 1386
28 1283
20 1100
46 1333
18 1031
28 1231
22 1268
44 1271
31 1391
40 1091
47 1007
18 1253
26 1499
10 1485
40 1201
42 1167
16 1362
37 1355
47 1085
19 1144
20 1012
20 1416
20 1488
36 1405
23 1144
36 1247
30 1255
33 1120
45 1331
13 1451
37 1143
48 1405
41 1114
43 1030
33 1071
18 1235
18 1287
24 1246
17 1483
14 1042
41 1308
26 1186
46 1477
10 1348
29 1413
28 1345
26 1264
31 1254
31 1409
11 1370
19 1269
41 1057
40 1125
27 1341
43 1233
26 1088
21 1179
25 1347
21 1098
46 1285
34 1182
33 1329
43 1383
26 1075
26 1233
28 1030
36 1098
15 1267
23 1039
17 1293
24 1414
31 1174
10 1044
31 1138
19 1176
47 1239
36 1142
32 1448
48 1090
34 1023
11 1144
36 1056
39 1415
44 1330
17 1368
22 1124
20 1456
35 1193
40 1252
45 1489
29 1394
28 1365
35 1212
20 1034
40 1164
21 1381
44 1176
20 1223
26 1308
31 1481
16 1138
43 1074
16 1131
11 1439
40 1023
21 1426
13 1127
34 1047
10 1459
39 1228
21 1394
40 1464
18 1460
23 1343
23 1463
11 1426
33 1320
30 1086
25 1116
13 1482
45 1103
32 1468
23 1373
49 1271
39 1481
27 1325
27 1241
41 1263
31 1234
12 1338
37 1186
40 1321
16 1255
47 1366
20 1296
31 1272
19 1170
23 1366
27 1081
39 1079
16 1245
10 1168
21 1440
25 1478
20 1450
21 1172
32 1403
16 1233
13 1368
26 1021
16 1076
33 1339
28 1381
25 1340
18 1333
45 1380
45 1398
22 1343
18 1154
11 1114
19 1279
24 1314
47 1169
30 1488
42 1305
49 1198
27 1285
25 1496
23 1219
31 1199
48 1335
24 1149
26 1044
22 1228
35 1206
19 1347
20 1128
19 1241
14 1244
23 1445
41 1223
38 1241
37 1373
48 1019
23 1217
20 1114
30 1393
17 1337
31 1388
27 1170
49 1417
30 1485
45 1474
43 1387
42 1292
28 1058
19 1222
38 1072
26 1392
38 1300
22 1357
15 1057
26 1488
42 1306
47 1025
27 1298
35 1219
19 1153
42 1261
30 1246
14 1132
25 1383
39 1073
25 1251
20 1227
46 1207
48 1471
14 1436
13 1279
31 1188
15 1047
47 1208
47 1468
11 1069
15 1193
29 1445
13 1479
44 1302
49 1461
24 1356
27 1118
12 1204
23 1028
41 1134
11 1494
27 1245
42 1169
22 1121
28 1283
40 1263
11 1307
49 1088
11 1089
10 1076
21 1162
10 1237
15 1225
23 1027
39 1248
23 1079
15 1143
33 1459
34 1353
37 1029
31 1449
28 1196
44 1106
27 1339
24 1418
18 1462
28 1113
38 1406
17 1082
43 1095
45 1257
23 1027
32 1375
25 1123
48 1490
26 1074
31 1150
25 1006
46 1265
14 1200
38 1056
38 1086
22 1279
48 1432
27 1219
38 1266
46 1363
32 1405
12 1390
48 1063
45 1307
38 1175
30 1348
10 1190
27 1231
21 1457
41 1433
20 1279
23 1161
25 1454
47 1417
23 1211
20 1427
27 1413
47 1089
34 1008
29 1193
12 1133
23 1426
12 1478
32 1310
48 1042
39 1077
32 1351
20 1377
36 1288
34 1172
17 1404
41 1023
19 1108
28 1193
23 1113
35 1198
22 1211
33 1389
10 1217
15 1263
14 1318
33 1422
48 1022
38 1143
17 1193
35 1405
37 1057
29 1259
37 1090
44 1374
49 1200
14 1194
38 1099
27 1212
24 1075
37 1393
28 1459
13 1465
32 1451
32 1072
11 1363
39 1030
44 1063
36 1046
26 1204
13 1073
14 1360
40 1271
13 1159
45 1272
11 1254
14 1325
43 1016
46 1085
46 1029
11 1369
23 1039
18 1310
41 1383
47 1181
13 1122
16 1379
25 1226
14 1141
22 1225
11 1364
33 1361
40 1126
22 1389
33 1456
29 1449
34 1353
17 1411
44 1305
22 1101
23 1156
43 1241
48 1095
24 1350
37 1061
20 1021
35 1258
40 1051
41 1030
44 1264
15 1171
16 1172
42 1006
43 1168
24 1276
22 1446
38 1088
17 1232
36 1289
16 1392
19 1308
15 1039
42 1383
34 1314
24 1128
39 1228
18 1158
40 1072
34 1264
48 1185
49 1086
14 1266
26 1077
23 1105
15 1355
14 1325
39 1211
42 1479
22 1236
10 1340
27 1134
43 1250