1000 2500
31 1461
46 1066
39 1269
10 1406
24 1048
19 1334
26 1370
32 1369
11 1059
22 1335
11 1233
17 1149
33 1307
47 1347
12 1064
29 1275
44 1233
23 1304
38 1412
46 1116
14 1091
34 1051
27 1335
43 1136
48 1356
12 1466
44 1394
31 1113
31 1165
47 1091
14 1241
39 1109
45 1334
18 1240
34 1113
36 1454
35 1241
41 1004
37 1274
37 1329
40 1036
22 1138
19 1371
13 1007
45 1193
48 1335
37 1295
47 1087
17 1235
12 1177
32 1208
48 1423
12 1047
42 1408
18 1165
42 1242
15 1449
43 1381
36 1354
40 1083
33 1218
42 1324
12 1307
28 1148
38 1105
34 1212
12 1321
34 1352
45 1120
16 1082
23 1437
10 1446
46 1049
30 1473
22 1434
29 1160
46 1124
32 1034
19 1298
36 1065
26 1044
41 1424
17 1372
32 1045
15 1292
10 1037
38 1233
29 1050
31 1458
21 1201
22 1131
16 1194
32 1252
15 1487
31 1407
25 1174
47 1233
11 1215
24 1306
32 1108
12 1383
11 1130
33 1254
43 1414
27 1014
38 1008
48 1391
41 1230
40 1210
24 1368
36 1324
36 1179
16 1127
34 1304
24 1007
45 1414
30 1025
45 1045
20 1274
30 1403
40 1435
15 1213
47 1494
27 1411
21 1396
35 1292
31 1307
45 1410
44 1301
44 1372
31 1185
34 1079
40 1445
32 1138
10 1295
21 1087
42 1276
47 1226
10 1210
24 1398
26 1339
37 1050
22 1103
19 1110
46 1224
32 1441
40 1475
48 1438
36 1431
35 1218
13 1442
23 1372
14 1241
27 1040
29 1387
47 1287
14 1056
39 1316
46 1407
42 1118
32 1492
16 1032
11 1497
19 1499
28 1255
41 1121
42 1475
16 1215
21 1272
16 1388
38 1453
14 1476
32 1493
40 1117
22 1061
25 1028
34 1039
10 1163
16 1016
45 1494
27 1351
18 1195
30 1490
49 1209
47 1027
34 1428
40 1144
15 1234
38 1389
42 1296
20 1124
18 1261
46 1023
49 1019
41 1414
44 1105
22 1233
20 1048
18 1326
19 1220
16 1223
28 1224
43 1119
48 1050
24 1462
36 1028
31 1293
43 1440
15 1327
23 1211
42 1443
41 1234
42 1093
40 1015
43 1418
16 1287
49 1376
14 1108
18 1234
14 1093
14 1492
11 1260
17 1383
41 1117
31 1146
43 1345
19 1040
18 1381
47 1209
23 1061
42 1238
47 1147
20 1299
16 1358
20 1362
30 1195
19 1269
43 1216
38 1383
20 1066
34 1099
16 1477
49 1047
28 1110
16 1477
15 1387
22 1416
32 1267
40 1396
11 1386
43 1397
24 1176
39 1046
23 1285
26 1252
16 1033
19 1418
12 1289
21 1135
14 1281
17 1009
15 1233
43 1028
46 1484
18 1127
42 1331
23 1433
20 1482
22 1056
23 1294
17 1083
47 1010
15 1023
30 1017
49 1037
14 1137
20 1203
35 1264
38 1370
29 1078
44 1382
16 1001
26 1447
48 1251
44 1294
12 1029
14 1048
18 1216
37 1458
40 1327
33 1461
32 1142
34 1219
30 1095
38 1049
20 1058
36 1324
29 1247
30 1105
12 1461
27 1349
30 1376
16 1017
49 1183
17 1039
12 1021
49 1152
40 1195
19 1163
14 1236
30 1205
47 1486
13 1390
46 1434
35 1337
34 1465
40 1413
10 1093
34 1445
38 1021
16 1224
36 1481
32 1075
23 1038
27 1377
15 1424
25 1004
42 1204
43 1016
35 1196
41 1346
46 1079
12 1164
44 1379
33 1410
10 1207
46 1325
45 1112
38 1130
49 1088
22 1170
36 1432
37 1340
34 1333
21 1342
45 1153
33 1405
12 1056
35 1115
20 1131
24 1446
47 1454
23 1219
46 1218
25 1001
18 1368
13 1364
46 1382
33 1442
31 1288
24 1440
22 1359
48 1217
45 1268
47 1184
37 1115
34 1046
12 1117
49 1102
17 1441
26 1118
43 1374
30 1441
49 1017
22 1144
26 1038
20 1016
30 1390
38 1032
13 1263
24 1127
37 1014
42 1442
20 1132
14 1218
30 1249
44 1399
37 1217
45 1425
42 1273
23 1427
36 1002
26 1064
43 1415
35 1205
16 1027
29 1316
39 1003
34 1462
23 1468
45 1435
47 1154
27 1263
12 1019
20 1362
25 1430
42 1177
30 1255
39 1371
21 1399
48 1265
20 1000
39 1299
36 1158
11 1069
10 1147
38 1441
13 1420
42 1435
35 1060
14 1420
18 1177
41 1395
16 1327
37 1394
40 1198
24 1388
28 1294
47 1199
43 1261
35 1137
26 1120
41 1145
26 1234
40 1179
40 1357
35 1039
47 1131
27 1402
30 1203
37 1204
21 1022
49 1172
41 1497
27 1397
20 1088
46 1457
26 1213
23 1196
12 1460
35 1075
17 1398
33 1083
10 1031
11 1024
47 1191
36 1068
45 1307
11 1468
25 1052
10 1427
15 1451
33 1371
26 1473
47 1497
30 1118
20 1162
13 1357
21 1181
49 1230
17 1286
34 1302
33 1134
49 1482
11 1033
38 1286
42 1460
34 1424
15 1383
25 1041
42 1422
23 1106
19 1453
11 1298
38 1261
34 1304
22 1276
22 1492
30 1156
48 1286
24 1151
24 1192
31 1361
16 1437
47 1088
42 1435
42 1382
29 1285
39 1475
37 1361
29 1304
38 1298
14 1231
24 1416
26 1089
28 1066
11 1043
38 1365
49 1476
24 1466
37 1165
43 1438
33 1186
12 1147
38 1231
17 1475
24 1346
49 1201
30 1419
41 1447
19 1036
19 1346
19 1313
30 1143
45 1400
26 1312
22 1173
13 1234
10 1480
42 1394
43 1256
31 1469
14 1073
18 1470
31 1430
14 1324
43 1416
31 1412
45 1306
24 1328
23 1110
21 1363
15 1012
37 1270
35 1102
16 1039
26 1230
26 1423
40 1038
14 1486
21 1448
24 1266
29 1356
33 1017
19 1234
46 1155
14 1086
27 1355
24 1085
26 1360
29 1498
26 1423
47 1423
49 1109
25 1375
43 1499
35 1338
46 1334
47 1320
33 1128
22 1397
17 1307
16 1217
13 1353
18 1205
21 1418
11 1061
30 1332
25 1114
14 1114
19 1487
10 1164
14 1371
15 1124
40 1084
22 1296
30 1455
42 1002
17 1280
27 1013
39 1337
19 1027
45 1418
39 1468
31 1469
38 1056
11 1436
23 1269
34 1444
10 1427
12 1324
25 1427
32 1010
32 1000
20 1317
30 1207
23 1310
29 1321
21 1457
17 1096
37 1257
43 1465
35 1466
44 1206
15 1438
42 1306
42 1280
15 1475
39 1216
14 1481
33 1158
26 1347
27 1442
14 1432
29 1127
40 1305
34 1138
48 1354
49 1291
38 1222
35 1260
18 1264
10 1374
49 1354
18 1019
16 1332
47 1063
48 1343
36 1336
46 1378
10 1377
30 1274
24 1278
47 1284
10 1213
24 1179
48 1270
17 1071
37 1210
15 1359
40 1200
10 1403
18 1062
15 1252
23 1184
18 1377
35 1091
25 1304
33 1437
28 1311
20 1402
19 1340
35 1302
44 1221
32 1088
40 1030
28 1237
42 1402
43 1441
20 1280
28 1249
48 1133
22 1186
45 1179
37 1188
13 1077
25 1023
26 1300
30 1029
25 1183
36 1365
49 1117
24 1128
24 1130
40 1436
27 1427
28 1459
44 1398
33 1437
36 1203
22 1344
40 1347
47 1329
33 1202
28 1491
43 1420
30 1472
49 1492
48 1303
23 1274
46 1142
28 1252
48 1139
23 1116
31 1264
28 1444
27 1073
24 1389
35 1032
26 1362
41 1392
40 1113
19 1032
26 1474
38 1459
43 1185
46 1330
22 1114
18 1327
43 1301
46 1059
30 1148
27 1014
23 1484
34 1470
18 1227
15 1415
37 1341
47 1268
38 1142
40 1079
19 1336
33 1072
35 1312
42 1345
19 1395
22 1126
31 1225
47 1305
37 1189
41 1402
33 1268
48 1146
13 1289
24 1280
44 1320
43 1487
35 1369
11 1042
12 1245
30 1416
29 1185
36 1134
12 1212
17 1316
32 1363
25 1171
16 1437
39 1106
24 1407
17 1400
40 1342
46 1216
11 1181
12 1184
40 1141
19 1418
49 1356
25 1129
17 1255
14 1174
26 1132
27 1255
13 1429
28 1323
28 1444
33 1012
27 1366
42 1022
41 1459
24 1266
33 1338
31 1159
37 1437
15 1494
15 1382
15 1173
27 1196
37 1435
34 1021
48 1397
30 1039
15 1120
25 1498
25 1460
31 1317
20 1170
39 1378
44 1062
20 1375
25 1199
10 1301
27 1463
22 1459
10 1143
19 1049
24 1497
10 1034
38 1131
17 1486
32 1008
14 1130
27 1078
15 1267
39 1016
44 1019
22 1226
13 1390
22 1246
38 1014
14 1218
29 1347
41 1217
26 1271
16 1075
38 1278
26 1219
41 1434
44 1467
18 1116
22 1206
26 1289
32 1194
48 1465
16 1354
44 1264
47 1496
33 1342
41 1406
37 1074
38 1152
44 1359
21 1365
15 1462
28 1066
30 1161
12 1484
47 1343
12 1334
22 1013
40 1133
47 1265
25 1268
19 1348
37 1368
16 1473
48 1000
26 1060
32 1324
36 1170
33 1276
24 1384
26 1232
34 1126
29 1391
44 1126
16 1062
41 1359
15 1334
41 1378
46 1077
48 1378
33 1415
23 1120
16 1090
18 1373
10 1197
29 1071
37 1478
10 1411
41 1455
32 1340
11 1096
15 1013
38 1309
33 1242
37 1145
20 1074
17 1403
27 1450
39 1292
41 1388
11 1318
17 1024
17 1499
38 1023
32 1309
37 1125
28 1486
35 1236
17 1265
23 1265
15 1396
16 1340
11 1001
26 1305
25 1458
44 1099
39 1401
36 1245
10 1235
32 1347
43 1100
37 1450
22 1466
43 1436
37 1465
26 1437
14 1294
33 1085
36 1123
26 1427
25 1056
32 1363
29 1059
48 1395
25 1186
29 1269
44 1454
38 1070
14 1361
16 1243
44 1191
27 1270
21 1497
12 1382
17 1193
37 1476
31 1003
21 1144
17 1428
24 1343
45 1094
11 1318
44 1008
49 1364
38 1385
10 1033
35 1115
23 1055
27 1351
17 1183
27 1271
35 1123
46 1291
39 1261
10 1167
34 1412
15 1185
40 1233
40 1148
29 1125
15 1446
30 1309
12 1204
20 1129
46 1155
47 1044
43 1150
20 1131
17 1044
13 1469
41 1122
27 1086
27 1141
33 1253
48 1162
38 1108
40 1349
41 1386
35 1119
13 1182
18 1416
17 1174
41 1096
16 1264
11 1235
40 1007
25 1238
49 1107
49 1405
25 1281
22 1156
47 1220
21 1321
46 1196
22 1198
29 1471
13 1087
49 1432