1000 5500
28 1039
10 1018
27 1376
22 1379
19 1289
31 1495
48 1438
48 1297
19 1245
45 1094
49 1122
46 1374
31 1071
17 1356
48 1020
41 1084
26 1352
26 1400
31 1343
29 1181
31 1328
44 1288
37 1176
18 1398
33 1158
14 1125
29 1212
48 1127
38 1213
19 1488
18 1319
34 1077
27 1284
32 1299
22 1073
13 1175
21 1148
45 1036
38 1230
26 1474
36 1422
31 1394
18 1383
15 1265
38 1494
49 1214
10 1218
29 1450
12 1441
11 1489
41 1082
24 1212
36 1346
26 1084
10 1234
23 1193
38 1429
19 1161
33 1401
24 1230
45 1105
11 1113
12 1299
32 1408
10 1231
33 1459
16 1036
48 1331
33 1039
30 1027
43 1300
26 1392
22 1364
33 1030
48 1299
11 1435
35 1038
11 1138
35 1455
39 1479
42 1276
35 1443
19 1433
20 1298
48 1464
21 1345
49 1291
47 1089
38 1056
38 1017
15 1237
19 1267
22 1496
11 1310
41 1176
10 1028
29 1497
28 1352
39 1446
21 1428
47 1256
45 1352
25 1045
12 1459
12 1063
49 1406
31 1175
22 1066
46 1086
22 1446
49 1218
13 1157
24 1294
38 1175
45 1146
39 1284
27 1454
30 1250
34 1363
32 1062
44 1184
18 1055
34 1411
26 1257
41 1271
29 1330
29 1484
21 1077
32 1140
35 1099
11 1315
48 1343
45 1317
22 1330
49 1433
28 1189
36 1065
41 1217
17 1131
48 1149
29 1140
19 1202
34 1281
30 1331
35 1243
20 1095
36 1303
21 1083
16 1295
17 1342
23 1120
24 1037
35 1173
20 1210
20 1228
36 1353
45 1365
29 1491
33 1291
24 1286
11 1352
33 1488
15 1411
15 1141
38 1163
15 1108
17 1064
22 1174
32 1305
32 1042
24 1178
33 1477
40 1420
15 1311
12 1170
38 1160
17 1336
21 1233
21 1282
25 1069
25 1263
49 1079
29 1286
24 1488
22 1268
24 1330
27 1127
39 1056
28 1356
28 1280
12 1176
35 1320
11 1358
32 1112
36 1451
19 1126
39 1407
32 1099
43 1421
34 1193
35 1497
27 1003
26 1226
27 1037
33 1203
38 1360
21 1414
25 1455
47 1115
13 1177
39 1286
42 1351
16 1261
17 1352
38 1415
48 1289
43 1264
34 1462
37 1217
22 1164
35 1280
17 1493
36 1095
22 1260
43 1452
49 1342
35 1459
49 1215
21 1100
47 1488
16 1054
40 1145
14 1447
48 1421
39 1193
32 1191
32 1414
42 1047
13 1499
48 1158
27 1047
49 1035
27 1078
24 1307
24 1451
31 1465
15 1125
45 1007
22 1010
15 1160
49 1029
29 1465
10 1058
28 1072
48 1215
19 1338
23 1446
45 1357
24 1051
16 1269
43 1053
43 1452
33 1380
15 1024
26 1002
24 1114
25 1069
49 1199
24 1451
28 1314
27 1048
45 1033
46 1354
28 1124
23 1361
36 1420
38 1454
33 1340
21 1390
40 1074
30 1147
19 1452
44 1488
17 1372
48 1461
27 1211
35 1403
13 1415
10 1217
21 1426
23 1048
18 1228
36 1424
37 1434
14 1354
28 1188
46 1407
48 1144
34 1161
38 1049
12 1310
12 1290
13 1421
26 1249
23 1353
19 1007
15 1269
36 1394
47 1133
23 1400
33 1346
21 1237
18 1090
31 1044
13 1387
37 1280
40 1243
19 1230
11 1499
39 1317
15 1143
10 1063
33 1159
39 1296
32 1345
38 1494
45 1039
36 1098
42 1456
45 1467
15 1032
42 1018
10 1060
41 1138
15 1478
29 1175
25 1130
28 1319
37 1368
34 1311
45 1308
36 1438
39 1150
22 1441
35 1091
12 1213
23 1416
21 1142
29 1091
44 1019
31 1367
37 1163
27 1330
18 1215
14 1268
18 1041
38 1278
33 1192
46 1248
22 1087
20 1366
10 1113
10 1442
32 1454
41 1063
22 1250
37 1284
18 1132
38 1196
46 1114
22 1345
22 1466
28 1151
31 1004
33 1004
11 1281
20 1061
24 1298
25 1040
16 1217
41 1158
28 1133
28 1427
27 1152
43 1360
25 1487
20 1239
17 1143
15 1069
24 1299
14 1341
23 1196
40 1187
13 1253
49 1191
38 1186
21 1139
28 1190
26 1335
47 1397
23 1469
45 1333
26 1328
31 1276
20 1282
42 1063
36 1069
26 1271
41 1082
30 1276
14 1457
43 1400
17 1291
40 1321
20 1344
33 1442
40 1330
19 1326
45 1313
20 1026
40 1208
30 1071
31 1457
20 1019
12 1453
10 1466
13 1000
25 1043
35 1323
10 1266
39 1135
42 1355
48 1107
42 1113
18 1292
37 1404
47 1296
20 1163
16 1284
16 1129
27 1290
31 1197
18 1144
22 1105
26 1281
47 1380
17 1306
26 1072
46 1122
45 1029
20 1298
49 1245
36 1062
26 1055
13 1125
46 1353
26 1054
20 1069
41 1391
23 1120
10 1357
20 1384
32 1188
20 1340
17 1165
20 1116
29 1098
18 1190
11 1099
38 1060
47 1166
17 1347
20 1345
30 1056
20 1227
41 1358
13 1331
45 1311
38 1317
18 1307
43 1126
42 1081
15 1332
20 1456
39 1106
22 1241
38 1130
15 1207
20 1202
46 1139
29 1303
12 1497
33 1184
13 1412
41 1320
34 1058
49 1402
21 1060
24 1066
11 1439
37 1479
42 1041
18 1090
26 1044
23 1446
23 1145
28 1047
47 1347
44 1454
41 1064
20 1440
47 1075
16 1381
16 1107
20 1488
34 1485
40 1345
37 1338
37 1470
30 1300
12 1261
23 1269
49 1327
18 1074
28 1421
23 1330
34 1312
21 1101
38 1299
34 1277
41 1405
25 1451
27 1441
45 1188
14 1113
37 1433
36 1040
12 1057
35 1327
32 1268
36 1239
18 1129
26 1354
36 1291
12 1272
20 1022
39 1028
24 1409
48 1296
47 1407
19 1247
31 1354
34 1312
21 1266
23 1456
35 1341
31 1445
44 1036
18 1103
19 1095
48 1098
43 1343
38 1135
44 1496
44 1051
29 1008
48 1151
24 1343
16 1085
28 1484
13 1202
37 1339
31 1351
19 1439
39 1452
48 1281
41 1361
45 1477
30 1126
35 1011
18 1349
33 1078
22 1403
27 1398
25 1000
25 1271
29 1255
46 1042
15 1415
14 1111
30 1416
25 1401
48 1178
33 1154
16 1255
40 1194
34 1243
20 1126
30 1096
11 1331
15 1143
21 1026
36 1020
29 1194
46 1485
45 1213
31 1084
11 1081
19 1303
40 1451
17 1372
44 1293
19 1095
21 1181
30 1221
35 1332
16 1214
17 1084
23 1072
17 1456
21 1272
40 1191
40 1054
26 1398
29 1053
30 1458
13 1237
23 1298
35 1040
34 1417
40 1409
49 1319
26 1166
38 1297
32 1061
21 1228
18 1086
34 1207
33 1213
29 1111
13 1453
11 1400
25 1243
37 1413
31 1394
32 1013
14 1012
16 1434
15 1489
10 1381
22 1093
38 1033
34 1361
26 1474
24 1079
15 1396
12 1016
16 1064
36 1225
49 1481
29 1235
42 1491
42 1096
15 1417
16 1040
43 1363
13 1091
25 1071
38 1307
36 1155
16 1259
38 1110
42 1321
32 1037
30 1375
27 1247
38 1318
32 1117
10 1172
20 1292
32 1307
18 1176
45 1094
24 1081
18 1225
30 1351
15 1394
12 1172
10 1053
15 1334
48 1010
35 1037
38 1341
18 1092
13 1430
48 1290
16 1473
20 1036
21 1256
39 1183
27 1336
31 1136
43 1093
13 1206
17 1473
35 1400
46 1195
40 1426
38 1182
34 1147
20 1467
48 1273
34 1215
14 1280
15 1254
16 1244
30 1352
16 1268
36 1456
46 1083
41 1421
42 1016
16 1287
34 1080
37 1018
35 1332
23 1306
45 1212
23 1295
40 1052
21 1465
24 1385
44 1106
44 1161
37 1013
27 1329
45 1076
48 1148
13 1062
15 1012
40 1369
26 1288
30 1052
15 1073
43 1254
48 1265
19 1318
40 1268
43 1120
23 1063
14 1369
20 1026
35 1373
19 1148
16 1453
25 1238
35 1042
46 1255
43 1212
47 1162
36 1300
15 1460
24 1029
30 1357
16 1142
14 1120
49 1177
29 1179
14 1457
40 1346
11 1179
19 1054
35 1298
42 1033
11 1408
18 1305
30 1493
40 1299
40 1328
31 1095
37 1154
18 1106
25 1244
44 1317
47 1270
36 1335
18 1420
14 1076
45 1131
40 1051
24 1412
31 1481
47 1045
34 1159
44 1461
39 1350
35 1060
48 1167
37 1156
35 1025
45 1088
42 1102
43 1231
29 1347
37 1402
41 1416
28 1439
26 1424
19 1395
20 1166
19 1458
40 1350
19 1037
16 1170
30 1164
20 1146
22 1235
27 1297
35 1479
34 1481
23 1212
17 1163
49 1460
49 1152
11 1204
23 1320
25 1216
32 1056
45 1151
47 1012
39 1223
19 1072
36 1220
42 1272
19 1329
47 1258
40 1492
12 1138
17 1398
18 1218
33 1459
34 1165
40 1103
23 1129
37 1414
26 1309
12 1350
15 1478
44 1487
27 1375
10 1208
41 1311
18 1277
31 1009
44 1255
43 1247
11 1047
14 1458
29 1049
14 1323
40 1341
22 1438
12 1474
11 1289
24 1442
32 1106
48 1219
15 1310
31 1269
36 1385
13 1229
45 1016
45 1187
23 1079
36 1330
42 1127
30 1250
49 1164
17 1019
35 1162
48 1320
31 1377
18 1334
20 1415
10 1080
24 1347
12 1296
28 1078
36 1249
46 1082
27 1259
39 1157
33 1122
30 1491
46 1429
27 1390
28 1109
36 1495
41 1272
41 1392
48 1239
32 1322
19 1010
21 1360
24 1345
23 1488
13 1144
36 1108
15 1361
25 1318
48 1082
40 1076
32 1252
23 1333
22 1005
19 1346
44 1324
46 1082
33 1187
40 1116
49 1017
14 1156
27 1465
41 1057
47 1066
10 1127
46 1151
24 1226
10 1044
13 1050
42 1367
25 1254
19 1199
15 1290
20 1067
45 1462
31 1401
43 1260
25 1357
15 1315
46 1404
43 1238
41 1443
33 1169
47 1045
44 1171
44 1385
33 1150
47 1091
15 1484
11 1497
17 1277
18 1247
14 1145
18 1292
37 1046
40 1148
16 1026
36 1477
28 1127
34 1231
16 1480
27 1126
13 1076
20 1053
29 1109
39 1049
31 1429
21 1222
32 1206
11 1493
47 1037
46 1384
28 1224
44 1186
12 1320
28 1471
30 1429
35 1133
47 1118
25 1195
31 1258
49 1397
13 1437
39 1002
34 1404
22 1283
35 1401
16 1317
11 1243
43 1455
26 1341
10 1363
15 1159
35 1333
24 1091
25 1420
49 1357
30 1386
31 1276