1500 5000
40 1069
13 1084
41 1463
37 1491
39 1385
34 1156
39 1171
17 1167
43 1315
15 1342
39 1169
17 1118
13 1174
45 1121
20 1488
41 1184
15 1181
38 1256
33 1083
18 1048
15 1487
18 1371
33 1069
14 1019
45 1140
25 1217
33 1121
40 1331
17 1183
24 1038
36 1276
20 1401
28 1017
24 1109
25 1300
43 1167
37 1492
47 1438
33 1409
42 1309
42 1376
45 1054
17 1016
13 1221
25 1235
23 1467
42 1420
29 1071
24 1323
20 1359
15 1416
38 1455
17 1073
49 1291
23 1318
11 1187
21 1395
39 1100
19 1328
16 1197
16 1404
17 1263
18 1319
34 1039
48 1207
35 1439
43 1128
17 1082
18 1235
13 1134
49 1161
41 1217
47 1044
11 1005
48 1054
22 1094
23 1364
46 1071
44 1486
21 1281
22 1372
35 1472
12 1156
15 1220
45 1158
28 1004
29 1064
12 1417
49 1498
30 1457
17 1174
25 1210
31 1474
49 1302
15 1492
44 1120
22 1035
40 1278
15 1026
31 1345
42 1235
39 1234
11 1334
45 1264
15 1051
17 1466
39 1192
14 1333
18 1037
30 1244
11 1153
25 1326
11 1246
12 1397
43 1392
13 1069
22 1484
17 1433
45 1465
28 1388
26 1053
18 1292
33 1019
26 1047
11 1373
36 1436
19 1006
34 1292
47 1497
46 1170
35 1450
43 1010
31 1459
28 1396
41 1449
28 1206
37 1304
39 1176
39 1118
43 1400
21 1322
37 1303
37 1121
45 1065
20 1300
34 1366
29 1291
27 1410
39 1213
26 1393
23 1258
45 1166
40 1431
11 1143
16 1054
37 1353
43 1491
13 1053
14 1330
11 1243
37 1025
22 1441
44 1296
49 1465
28 1182
30 1056
16 1098
14 1223
37 1183
17 1494
11 1159
31 1143
24 1116
12 1016
49 1476
42 1119
21 1069
14 1040
31 1483
36 1148
18 1326
40 1149
37 1308
10 1049
30 1193
18 1097
45 1434
26 1131
49 1336
45 1274
40 1356
15 1431
13 1145
35 1259
45 1303
21 1475
35 1445
41 1137
49 1359
28 1205
18 1194
18 1090
37 1399
16 1033
36 1317
38 1407
22 1262
33 1106
49 1285
31 1354
11 1087
36 1465
33 1054
41 1369
45 1459
26 1323
47 1155
46 1301
47 1156
33 1358
46 1488
20 1231
24 1070
17 1211
39 1489
24 1038
11 1223
48 1370
27 1400
11 1288
21 1085
43 1447
39 1499
49 1329
35 1375
23 1277
16 1023
42 1222
33 1196
11 1160
39 1095
28 1302
31 1295
28 1071
19 1411
36 1389
17 1401
10 1161
20 1301
46 1475
46 1491
46 1131
46 1140
36 1370
49 1262
22 1116
10 1188
37 1266
28 1237
27 1354
29 1385
33 1202
17 1197
17 1367
39 1188
28 1137
10 1402
18 1429
47 1292
17 1315
36 1063
31 1491
19 1440
10 1406
11 1179
10 1343
39 1279
43 1279
38 1263
43 1270
18 1124
49 1096
37 1140
46 1019
43 1404
22 1476
33 1381
23 1466
12 1081
25 1436
46 1125
10 1036
40 1332
37 1193
10 1400
31 1440
28 1077
47 1096
14 1392
44 1101
26 1433
30 1095
19 1417
40 1244
22 1417
32 1289
42 1277
31 1447
35 1183
31 1282
26 1420
28 1238
22 1450
24 1014
37 1462
11 1191
35 1009
12 1459
40 1484
27 1251
17 1219
32 1436
11 1119
32 1402
38 1136
37 1346
48 1103
32 1462
20 1054
17 1047
13 1084
17 1217
25 1239
47 1137
43 1233
48 1206
37 1043
21 1387
42 1146
13 1037
40 1311
37 1062
46 1110
23 1113
47 1081
22 1462
14 1057
34 1472
40 1179
26 1440
41 1180
18 1018
49 1307
26 1004
47 1405
37 1456
30 1026
45 1478
14 1046
38 1168
42 1401
39 1478
26 1302
17 1418
26 1105
32 1221
45 1161
35 1435
15 1175
33 1165
34 1326
34 1202
49 1194
17 1245
32 1109
27 1472
29 1334
45 1290
17 1055
48 1486
19 1198
35 1046
41 1353
20 1331
42 1284
48 1142
19 1420
24 1025
19 1358
21 1245
42 1342
11 1359
30 1174
13 1341
46 1057
15 1133
32 1266
30 1128
19 1032
41 1445
15 1050
10 1193
38 1140
45 1229
40 1438
21 1348
47 1447
25 1420
18 1109
17 1337
40 1285
22 1451
22 1282
36 1060
22 1297
46 1416
29 1062
41 1074
14 1413
16 1425
36 1337
48 1390
29 1330
17 1346
20 1010
47 1244
26 1351
22 1149
21 1220
36 1264
19 1209
22 1020
28 1214
32 1204
44 1391
42 1223
29 1486
46 1347
23 1017
46 1127
30 1090
15 1490
44 1335
48 1336
41 1483
37 1090
43 1216
10 1326
10 1256
31 1073
45 1489
27 1433
24 1121
46 1039
25 1395
12 1362
21 1123
49 1176
46 1063
47 1234
18 1471
38 1437
24 1170
25 1408
36 1075
34 1013
11 1034
28 1485
36 1204
47 1339
40 1061
14 1246
31 1144
26 1037
29 1251
45 1176
16 1214
41 1258
43 1029
42 1291
12 1271
36 1138
45 1391
24 1151
46 1463
18 1257
34 1184
48 1254
16 1460
14 1255
30 1158
16 1432
42 1050
42 1058
49 1193
21 1468
39 1301
41 1082
35 1293
22 1031
12 1188
26 1355
22 1046
29 1324
46 1178
11 1097
32 1334
30 1353
26 1472
46 1177
29 1291
47 1308
34 1143
27 1275
40 1182
49 1426
12 1099
32 1316
23 1322
24 1318
21 1031
47 1094
21 1234
45 1279
21 1287
14 1072
43 1431
17 1135
38 1364
40 1166
30 1005
44 1008
17 1129
49 1240
12 1076
27 1487
32 1162
18 1023
16 1376
23 1390
35 1412
14 1161
34 1020
16 1209
46 1480
43 1236
11 1317
40 1050
21 1075
37 1394
34 1387
12 1154
15 1113
25 1112
16 1034
31 1179
16 1385
28 1328
19 1251
46 1153
37 1465
33 1131
38 1477
39 1170
40 1339
27 1158
31 1169
39 1345
21 1338
14 1208
20 1026
16 1221
11 1133
35 1476
37 1204
41 1370
34 1257
30 1142
30 1366
12 1476
46 1248
39 1149
41 1088
11 1192
36 1353
43 1092
43 1161
11 1486
38 1134
40 1009
18 1187
18 1250
22 1380
27 1460
47 1216
30 1264
15 1439
15 1388
35 1125
32 1094
47 1106
30 1231
37 1340
42 1300
37 1382
28 1099
16 1322
48 1057
34 1094
19 1161
15 1162
28 1154
10 1362
44 1392
31 1045
34 1389
33 1155
24 1211
47 1083
32 1189
24 1314
28 1148
14 1296
42 1095
35 1414
18 1256
15 1424
42 1221
14 1053
31 1072
18 1364
12 1118
14 1494
32 1069
13 1233
43 1034
46 1432
33 1386
17 1343
22 1002
36 1395
40 1038
44 1449
28 1035
24 1313
28 1417
35 1387
11 1347
48 1024
37 1175
36 1258
31 1262
27 1335
38 1009
15 1076
13 1407
28 1067
43 1213
26 1047
38 1355
12 1358
42 1102
47 1222
41 1008
24 1088
42 1489
12 1004
35 1046
45 1095
39 1025
15 1237
32 1202
37 1199
17 1480
24 1366
13 1491
36 1002
10 1489
18 1036
30 1284
17 1378
13 1498
23 1369
45 1005
26 1047
30 1144
13 1342
26 1320
17 1204
17 1068
18 1066
43 1374
36 1296
20 1431
37 1432
42 1382
23 1495
30 1220
32 1047
23 1065
22 1420
40 1215
20 1233
19 1325
14 1328
28 1124
12 1363
39 1324
20 1176
14 1380
17 1465
15 1278
28 1184
49 1362
48 1062
16 1488
23 1430
18 1333
35 1367
17 1223
34 1042
48 1048
39 1388
47 1219
44 1392
44 1031
36 1247
44 1375
20 1178
15 1400
20 1381
28 1320
35 1017
46 1263
22 1347
34 1061
37 1059
41 1346
46 1218
44 1301
15 1301
10 1322
17 1415
27 1473
43 1458
28 1405
14 1428
40 1490
10 1252
19 1207
11 1043
40 1116
41 1346
30 1472
20 1088
26 1340
45 1022
13 1142
42 1024
38 1329
17 1282
19 1323
28 1147
20 1413
49 1020
16 1326
27 1151
13 1154
18 1329
44 1110
44 1489
16 1154
13 1107
24 1343
37 1347
26 1394
20 1457
15 1133
36 1010
27 1110
10 1399
30 1406
41 1187
14 1268
22 1305
16 1430
24 1312
24 1179
31 1330
45 1250
24 1324
30 1110
46 1290
38 1010
10 1258
12 1469
10 1124
28 1101
16 1246
27 1183
10 1238
40 1110
25 1014
10 1070
16 1144
13 1148
21 1455
45 1365
28 1171
16 1226
24 1372
10 1271
41 1139
44 1315
21 1018
48 1331
34 1066
23 1469
13 1298
24 1013
17 1129
48 1159
23 1095
44 1438
23 1449
20 1188
43 1387
42 1480
41 1408
31 1255
17 1497
36 1498
19 1454
32 1428
21 1212
28 1254
42 1317
39 1125
42 1259
14 1475
49 1380
21 1267
31 1032
28 1179
46 1133
43 1322
28 1293
10 1154
28 1257
27 1339
32 1402
23 1472
16 1366
23 1213
12 1028
32 1110
15 1051
26 1333
30 1070
47 1104
42 1463
41 1456
36 1076
20 1241
16 1131
22 1024
24 1011
12 1039
19 1199
16 1065
14 1469
18 1220
36 1331
18 1013
37 1335
23 1346
16 1081
38 1049
36 1183
37 1479
25 1462
24 1035
27 1300
34 1005
49 1400
13 1398
12 1346
15 1210
49 1293
23 1490
23 1320
26 1387
29 1017
25 1448
31 1406
35 1486
20 1420
19 1362
32 1079
31 1197
15 1265
27 1498
10 1493
15 1175
22 1209
18 1171
24 1448
17 1133
38 1187
24 1467
28 1141
17 1330
10 1177
31 1192
44 1300
48 1337
20 1291
41 1335
31 1115
24 1491
31 1330
20 1084
39 1137
14 1025
32 1372
21 1238
16 1148
46 1175
22 1290
13 1421
38 1121
20 1384
49 1391
30 1289
35 1467
33 1451
45 1302
34 1185
29 1117
23 1432
24 1492
37 1377
15 1093
22 1295
43 1252
39 1261
42 1483
13 1224
15 1098
16 1313
38 1120
40 1130
18 1067
17 1372
35 1050
38 1411
11 1101
17 1268
20 1375
17 1113
34 1121
36 1143
44 1347
39 1068
34 1134
27 1129
23 1096
23 1368
38 1440
26 1457
43 1493
12 1262
26 1431
46 1384
47 1345
11 1190
12 1117
28 1291
17 1271
36 1191
31 1473
45 1098
21 1016
17 1165
45 1497
25 1463
26 1018
32 1053
14 1354
27 1212
11 1101
32 1387
48 1078
34 1155
23 1382
11 1403
13 1456
34 1140
19 1311
40 1328
21 1220
13 1190
46 1126
13 1194
41 1271
41 1363
46 1076
21 1432
28 1271
49 1298
18 1070
44 1171
24 1431
27 1362
49 1373
40 1342
11 1434
47 1397
14 1025
30 1007
13 1475
10 1078
18 1103
24 1243
37 1479
37 1056
32 1225
48 1489
17 1155
42 1089
20 1385
23 1229
38 1389
16 1439
21 1040
44 1320
48 1465
11 1422
31 1262
19 1154
30 1367
39 1124
10 1130
26 1108
45 1140
43 1283
18 1245
39 1013
17 1397
44 1036
32 1221
48 1053
15 1374
27 1246
41 1226
23 1293
38 1410
33 1447
11 1275
34 1010
44 1344
37 1321
15 1391
36 1317
41 1290
28 1353
15 1290
43 1205
28 1087
17 1039
15 1200
21 1365
38 1319
35 1454
26 1136
45 1012
42 1196
35 1042
42 1425
13 1225
22 1079
33 1179
34 1276
31 1264
42 1297
41 1481
30 1486
18 1274
42 1216
34 1359
17 1457
10 1018
45 1020
28 1490
11 1049
36 1352
36 1406
36 1212
17 1028
13 1107
18 1370
31 1408
44 1103
35 1119
31 1320
45 1007
40 1268
46 1394
22 1000
14 1234
45 1413
19 1217
31 1295
27 1139
12 1065
41 1059
30 1332
46 1444
19 1010
39 1309
14 1391
33 1276
11 1413
40 1141
11 1186
24 1134
43 1391
38 1466
17 1458
44 1323
40 1022
35 1144
24 1307
28 1216
10 1141
15 1018
37 1474
20 1343
13 1407
23 1273
32 1428
48 1440
12 1459
43 1211
25 1009
17 1139
24 1216
18 1109
25 1421
34 1050
13 1468
24 1092
23 1256
37 1370
26 1437
16 1218
35 1224
40 1221
19 1270
17 1195
16 1193
27 1026
20 1089
39 1245
16 1346
44 1196
23 1432
16 1101
44 1183
44 1103
27 1213
11 1410
13 1231
46 1007
43 1084
18 1428
37 1147
12 1029
33 1297
36 1187
10 1034
15 1173
45 1307
18 1262
18 1328
36 1162
34 1448
19 1438
15 1177
19 1321
39 1162
32 1459
29 1423
33 1451
36 1219
46 1063
14 1197
48 1480
38 1420
10 1433
23 1179
10 1119
37 1291
36 1235
26 1410
22 1489
39 1160
22 1327
26 1179
12 1093
19 1015
38 1055
49 1098
12 1082
44 1052
40 1065
26 1346
32 1358
24 1354
11 1438
40 1339
37 1230
38 1328
15 1056
16 1037
18 1476
15 1026
39 1386
46 1396
46 1408
20 1178
22 1171
43 1165
41 1220
48 1082
21 1492
14 1382
33 1178
44 1061
45 1385
48 1325
37 1236
26 1471
27 1068
11 1072
30 1329
20 1111
37 1416
22 1106
34 1334
25 1251
36 1095
13 1366
46 1129
12 1154
44 1441
33 1031
33 1443
15 1011
16 1023
31 1280
48 1017
40 1391
16 1227
19 1301
22 1461
33 1087
39 1179
23 1136
24 1477
14 1460
11 1028
15 1360
48 1198
48 1396
13 1064
16 1409
27 1448
47 1291
35 1160
25 1205
34 1189
46 1148
41 1245
28 1164
32 1001
35 1303
34 1220
19 1161
27 1395
37 1080
34 1404
20 1132
14 1121
25 1172
27 1106
34 1462
48 1175
10 1174
42 1047
31 1406
27 1124
34 1285
19 1406
20 1197
14 1470
40 1350
11 1425
24 1301
45 1204
46 1468
47 1221
48 1051
35 1365
43 1175
35 1098
28 1314
48 1492
43 1464
33 1030
27 1125
48 1078
17 1134
47 1451
31 1276
20 1029
38 1032
32 1225
48 1023
41 1087
38 1030
14 1301
14 1357
49 1067
25 1286
35 1433
49 1289
35 1282
17 1357
47 1337
38 1489
27 1125
23 1045
30 1132
27 1402
45 1433
42 1234
36 1401
47 1419
37 1365
20 1120
48 1005
28 1355
17 1309
16 1058
27 1104
19 1140
17 1445
19 1238
41 1414
35 1044
14 1319
18 1253
48 1420
31 1402
49 1103
32 1028
22 1153
24 1360
17 1155
42 1355
47 1117
17 1284
25 1025
11 1426
14 1115
36 1127
18 1326
25 1314
38 1390
21 1343
39 1152
26 1224
44 1437
20 1231
20 1299
37 1099
49 1096
13 1327
44 1213
16 1330
32 1424
15 1237
43 1051
29 1131
42 1077
39 1066
13 1029
37 1067
16 1226
19 1388
37 1030
14 1095
41 1421
37 1142
46 1185
29 1297
26 1358
39 1426
25 1226
44 1256
31 1391
11 1037
44 1488
18 1335
39 1411
23 1140
44 1246
40 1387
36 1050
44 1399
45 1363
17 1188
19 1156
42 1096
10 1011
49 1402
46 1271
39 1151
23 1231
28 1390
25 1370
44 1258
13 1441
17 1201
30 1254
42 1069
37 1112
35 1192
17 1339
46 1204
40 1039
16 1187
40 1023
35 1032
36 1142
43 1279
15 1326
11 1214
22 1282
30 1049
37 1496
48 1067
37 1333
48 1317
33 1129
12 1215
14 1269
19 1037
20 1475
44 1170
21 1382
40 1207
19 1292
25 1064
23 1345
42 1260
32 1059
21 1313
48 1448
30 1369
47 1404
48 1259
31 1065
45 1407
24 1122
49 1010
43 1051
34 1281
44 1433
47 1037
44 1168
15 1329
30 1327
13 1104
46 1399
31 1352
43 1204
19 1356
21 1291
33 1042
13 1351
26 1200
36 1436
23 1057
29 1055
13 1328
46 1082
48 1447
46 1453