1500 5500
21 1278
13 1442
25 1474
25 1265
39 1239
31 1271
24 1086
28 1062
21 1205
40 1213
12 1236
17 1109
42 1274
14 1277
29 1070
31 1339
47 1476
35 1207
22 1130
33 1440
26 1097
30 1044
28 1476
35 1468
49 1439
11 1455
39 1110
43 1079
31 1020
17 1014
18 1407
16 1413
42 1394
26 1395
45 1084
34 1274
36 1239
25 1304
44 1104
24 1193
11 1304
37 1244
36 1133
37 1272
26 1194
37 1094
26 1159
47 1410
24 1043
14 1011
12 1380
24 1114
21 1255
37 1240
17 1491
24 1440
11 1339
11 1052
34 1163
40 1077
14 1296
10 1352
25 1178
11 1109
44 1062
11 1376
22 1469
14 1380
19 1439
33 1197
47 1275
30 1022
17 1267
30 1342
13 1442
31 1137
47 1330
14 1400
33 1350
40 1328
19 1018
42 1376
26 1066
25 1282
20 1009
23 1181
38 1231
24 1056
31 1096
27 1261
35 1408
13 1283
21 1465
33 1251
16 1490
20 1365
25 1258
48 1011
35 1341
13 1367
25 1436
39 1241
29 1314
38 1402
23 1301
43 1091
36 1169
18 1376
49 1476
11 1335
43 1215
10 1123
31 1465
49 1102
27 1414
45 1312
37 1414
38 1089
16 1410
26 1485
25 1218
10 1193
15 1335
36 1325
39 1498
42 1342
24 1418
37 1486
36 1308
39 1258
18 1492
27 1300
20 1184
32 1299
46 1108
12 1410
35 1002
31 1452
39 1247
45 1145
22 1070
30 1332
37 1259
24 1092
39 1298
25 1435
46 1330
45 1192
36 1135
43 1266
46 1262
46 1428
38 1122
29 1223
22 1000
48 1488
45 1106
23 1413
39 1107
12 1447
17 1217
20 1480
13 1181
29 1278
41 1012
35 1144
23 1325
43 1260
27 1148
36 1294
15 1163
44 1276
13 1373
43 1442
44 1012
21 1458
48 1112
31 1074
30 1303
32 1166
13 1466
48 1239
20 1425
20 1353
39 1235
45 1323
39 1280
33 1411
12 1385
49 1132
32 1219
46 1022
26 1146
42 1044
46 1112
40 1060
49 1062
30 1474
25 1096
42 1329
15 1146
44 1013
47 1200
38 1238
17 1167
19 1256
17 1155
32 1035
45 1215
46 1114
22 1328
40 1117
32 1056
20 1128
38 1123
25 1059
37 1191
26 1202
36 1151
18 1276
19 1084
12 1204
25 1104
20 1184
17 1182
48 1175
42 1464
45 1231
38 1499
33 1003
25 1380
41 1422
20 1303
33 1250
13 1447
36 1297
20 1199
16 1125
42 1239
22 1313
43 1413
22 1312
12 1076
46 1196
14 1108
30 1416
46 1484
28 1068
48 1241
25 1409
31 1114
47 1137
15 1489
16 1496
33 1009
21 1165
34 1152
26 1466
28 1229
10 1003
46 1496
14 1174
47 1287
39 1428
14 1429
20 1316
33 1291
32 1070
19 1442
22 1236
13 1297
23 1122
13 1015
26 1394
29 1455
44 1423
17 1248
30 1373
36 1336
23 1246
15 1062
28 1073
22 1318
44 1421
34 1357
49 1361
48 1258
24 1322
25 1276
43 1404
14 1038
42 1487
21 1241
41 1074
23 1053
37 1488
32 1398
47 1119
33 1268
31 1113
49 1459
22 1373
14 1441
24 1071
13 1366
28 1396
40 1389
34 1177
40 1443
26 1451
26 1435
36 1226
46 1057
47 1102
48 1059
32 1127
15 1220
22 1447
16 1005
39 1499
12 1020
17 1362
44 1449
22 1398
43 1101
28 1277
17 1182
14 1109
20 1414
22 1089
45 1051
40 1471
23 1274
34 1012
34 1020
41 1400
12 1219
35 1354
23 1072
41 1260
14 1356
29 1432
45 1177
22 1446
18 1270
38 1172
31 1481
14 1174
46 1287
36 1405
28 1429
16 1487
19 1090
28 1452
19 1040
30 1449
45 1401
49 1294
29 1462
18 1481
13 1426
42 1086
20 1455
33 1378
43 1202
13 1066
37 1449
34 1459
45 1179
14 1070
42 1346
38 1313
28 1397
34 1325
15 1024
20 1130
12 1421
17 1351
17 1195
15 1271
35 1455
25 1244
42 1477
25 1225
38 1351
34 1492
24 1273
41 1261
18 1272
15 1469
41 1149
49 1157
22 1009
18 1381
18 1018
11 1345
39 1420
11 1451
28 1386
25 1277
32 1084
24 1397
38 1097
38 1289
19 1322
11 1136
35 1145
22 1067
23 1192
44 1055
48 1448
23 1256
25 1154
25 1125
20 1264
46 1108
19 1322
38 1477
20 1332
36 1108
12 1226
16 1160
26 1322
31 1442
46 1430
28 1487
19 1018
13 1168
23 1382
42 1163
37 1324
26 1051
15 1439
24 1147
24 1087
32 1200
10 1232
32 1332
10 1152
41 1452
16 1300
48 1409
27 1374
42 1204
11 1399
26 1344
27 1198
41 1476
17 1218
48 1372
32 1024
23 1120
15 1133
20 1188
23 1338
31 1097
25 1054
12 1227
28 1084
10 1077
16 1297
41 1406
24 1126
34 1479
40 1113
34 1001
22 1397
17 1243
13 1143
47 1062
26 1272
28 1314
40 1206
20 1325
39 1134
41 1186
10 1029
23 1023
48 1200
11 1245
38 1315
46 1031
23 1472
14 1282
48 1063
27 1285
18 1353
38 1073
11 1351
39 1038
43 1113
17 1113
13 1162
28 1332
23 1192
14 1228
38 1243
35 1226
19 1344
27 1054
23 1340
33 1029
37 1101
17 1395
25 1111
24 1044
28 1223
43 1405
13 1043
13 1282
18 1335
28 1172
19 1342
34 1184
49 1279
34 1156
44 1252
27 1390
18 1196
26 1320
22 1098
40 1105
27 1265
12 1451
17 1465
30 1356
45 1388
27 1225
49 1138
41 1045
26 1499
34 1441
24 1037
25 1089
40 1071
31 1430
49 1021
40 1251
29 1473
14 1218
14 1498
16 1005
13 1443
24 1288
12 1071
35 1289
10 1483
29 1444
23 1210
47 1115
29 1072
40 1225
12 1183
39 1378
12 1189
24 1157
44 1088
12 1035
14 1136
29 1486
49 1429
14 1085
13 1335
25 1301
34 1088
19 1073
49 1130
21 1411
27 1008
48 1324
35 1265
39 1414
30 1379
45 1049
25 1057
45 1274
29 1283
24 1029
39 1107
10 1483
22 1141
34 1332
48 1143
43 1472
20 1493
18 1317
20 1302
23 1198
14 1238
33 1246
15 1145
39 1375
36 1081
19 1443
23 1481
15 1231
20 1025
38 1084
47 1059
39 1352
36 1334
18 1267
31 1267
28 1159
16 1239
49 1339
14 1199
21 1393
49 1273
48 1293
30 1253
13 1200
16 1150
30 1408
44 1086
15 1122
39 1291
49 1284
10 1216
11 1317
41 1283
37 1168
44 1246
28 1134
21 1347
35 1005
36 1386
33 1477
49 1298
40 1048
43 1264
31 1471
23 1301
22 1259
49 1207
25 1164
37 1165
40 1422
49 1386
41 1482
14 1196
28 1298
12 1177
41 1208
37 1455
29 1251
49 1172
49 1112
17 1141
35 1050
22 1300
10 1303
17 1055
35 1414
36 1413
36 1434
42 1050
24 1136
22 1001
28 1350
22 1409
21 1047
33 1389
28 1000
49 1233
23 1447
34 1488
14 1261
32 1249
20 1218
28 1159
47 1112
35 1256
13 1019
33 1005
20 1025
49 1105
37 1341
49 1125
43 1088
45 1046
21 1325
46 1103
19 1059
25 1092
38 1226
38 1081
42 1011
44 1127
28 1088
28 1128
21 1205
46 1349
41 1126
38 1183
22 1366
37 1224
24 1227
32 1426
21 1256
16 1051
30 1462
26 1091
47 1363
25 1105
45 1076
32 1024
30 1332
34 1022
25 1354
44 1015
43 1421
27 1108
31 1037
48 1453
17 1272
15 1012
44 1086
42 1343
21 1269
27 1291
35 1369
31 1146
27 1109
45 1341
10 1193
30 1307
34 1360
26 1239
24 1265
48 1409
45 1347
48 1293
21 1378
28 1252
30 1413
33 1003
22 1407
35 1228
30 1168
15 1322
17 1268
48 1403
39 1281
13 1179
28 1159
37 1162
25 1034
39 1270
48 1042
35 1122
48 1017
27 1017
28 1254
31 1431
22 1452
26 1365
24 1201
43 1489
44 1328
44 1428
21 1197
23 1079
47 1129
49 1096
37 1039
11 1158
24 1484
26 1430
44 1216
34 1007
43 1027
14 1313
29 1352
27 1488
15 1016
33 1430
26 1040
49 1499
27 1082
34 1020
41 1109
11 1175
21 1117
18 1218
20 1157
45 1219
35 1275
32 1325
40 1248
14 1183
25 1153
37 1481
33 1308
23 1343
29 1491
16 1449
15 1257
43 1359
15 1203
27 1436
40 1482
30 1197
15 1272
28 1355
36 1122
35 1059
34 1165
32 1218
34 1021
16 1375
11 1264
13 1079
49 1300
45 1225
40 1041
15 1146
15 1072
27 1470
40 1413
31 1151
21 1027
35 1001
26 1043
47 1124
29 1064
30 1452
19 1355
34 1377
44 1492
39 1204
21 1488
24 1336
10 1358
29 1379
19 1205
25 1139
24 1488
42 1119
33 1159
24 1290
40 1272
43 1201
30 1215
35 1208
47 1002
34 1140
22 1330
28 1426
30 1434
11 1229
28 1132
17 1496
31 1458
37 1028
24 1137
35 1276
15 1488
33 1169
49 1398
14 1335
18 1129
30 1461
33 1204
36 1001
18 1279
44 1022
49 1167
38 1043
42 1451
42 1258
14 1331
10 1374
18 1305
37 1279
26 1456
44 1009
48 1437
43 1055
43 1223
43 1426
35 1318
30 1017
39 1084
40 1175
41 1398
16 1421
37 1054
37 1461
26 1076
33 1102
43 1098
26 1229
49 1225
17 1438
27 1325
24 1154
11 1296
34 1300
22 1458
29 1389
35 1363
20 1476
34 1302
16 1099
29 1323
17 1351
36 1220
32 1069
48 1071
14 1490
16 1404
37 1237
10 1362
11 1346
43 1053
35 1264
18 1189
41 1416
30 1493
31 1412
34 1320
10 1474
38 1245
33 1283
49 1248
48 1230
46 1207
49 1038
10 1265
34 1230
39 1393
15 1393
26 1026
31 1350
21 1121
28 1244
26 1018
11 1219
48 1455
20 1347
47 1396
35 1221
27 1070
32 1126
21 1400
40 1061
18 1414
13 1282
36 1127
32 1022
13 1050
39 1386
22 1324
19 1394
15 1358
45 1383
11 1457
26 1247
40 1124
46 1401
42 1163
41 1104
32 1136
45 1022
42 1013
49 1177
37 1167
31 1152
37 1414
40 1056
48 1329
26 1104
15 1062
36 1495
34 1060
47 1316
33 1104
32 1496
45 1030
33 1222
20 1089
24 1364
40 1354
33 1077
36 1047
37 1498
49 1475
33 1235
12 1442
23 1246
27 1269
49 1054
29 1201
33 1355
27 1071
35 1274
14 1171
33 1320
19 1026
26 1293
46 1102
30 1037
14 1280
23 1230
14 1123
44 1234
21 1295
34 1071
47 1145
32 1226
20 1400
37 1188
25 1169
38 1389
48 1147
33 1187
18 1000
16 1464
47 1371
42 1398
24 1475
22 1049
30 1047
23 1033
24 1361
11 1028
15 1458
25 1486
42 1493
36 1329
34 1234
31 1434
24 1171
20 1363
43 1258
17 1486
22 1041
40 1089
26 1331
30 1060
49 1193
29 1490
29 1476
43 1190
46 1029
37 1324
14 1293
45 1380
31 1048
10 1112
38 1439
35 1092
13 1396
49 1249
27 1388
37 1251
10 1079
11 1395
29 1423
14 1184
27 1030
31 1070
47 1367
28 1448
18 1388
23 1209
20 1418
27 1104
20 1180
44 1334
17 1082
26 1065
47 1109
41 1397
26 1196
39 1089
40 1125
27 1470
23 1323
23 1176
28 1270
15 1103
21 1299
27 1265
32 1475
43 1370
14 1307
31 1212
23 1146
12 1045
35 1291
46 1148
12 1426
30 1193
10 1222
18 1385
22 1115
34 1435
49 1048
12 1073
13 1404
19 1109
26 1413
45 1009
33 1202
21 1483
34 1151
39 1173
33 1237
47 1096
34 1484
17 1414
29 1082
41 1377
22 1201
26 1042
48 1264
42 1414
49 1116
29 1498
49 1105
16 1479
44 1192
40 1252
21 1211
23 1322
11 1089
38 1380
15 1307
21 1331
43 1448
34 1468
28 1236
49 1444
48 1000
29 1291
47 1288
22 1317
45 1088
40 1447
45 1179
45 1028
15 1105
12 1486
40 1188
30 1466
17 1448
49 1439
11 1122
28 1472
45 1159
32 1133
27 1183
48 1457
19 1203
15 1118
48 1327
37 1238
45 1123
14 1187
25 1334
39 1343
26 1049
10 1419
27 1352
26 1051
24 1291
49 1123
22 1407
42 1232
37 1054
33 1149
24 1200
41 1081
45 1095
41 1124
27 1470
13 1089
48 1241
22 1411
38 1020
42 1209
25 1173
11 1289
27 1392
39 1163
28 1382
49 1136
47 1005
47 1060
49 1004
25 1076
20 1322
23 1393
26 1403
42 1004
24 1192
18 1192
42 1322
24 1465
10 1164
19 1410
16 1048
42 1130
21 1041
21 1221
49 1071
10 1145
30 1287
40 1110
47 1458
19 1066
27 1020
47 1379
40 1148
24 1090
14 1453
37 1190
41 1482
24 1347
40 1167
33 1243
27 1137
15 1117
17 1214
31 1245
46 1135
13 1372
15 1471
44 1257
45 1310
12 1475
24 1377
45 1129
43 1451
18 1094
16 1370
38 1314
42 1383
49 1180
18 1082
11 1350
12 1063
11 1267
32 1090
19 1357
23 1304
12 1288
43 1040
45 1156
22 1417
25 1301
42 1355
16 1488
44 1013
39 1490
10 1277
26 1156
16 1202
32 1145
27 1499
33 1433
42 1436
39 1191
20 1261
26 1054
10 1229
40 1284
31 1155
29 1101
36 1254
25 1389
35 1448
29 1298
29 1000
26 1107
14 1365
22 1294
46 1140
27 1328
47 1082
16 1241
37 1180
32 1113
19 1407
32 1481
47 1123
48 1493
37 1354
45 1251
33 1488
21 1099
16 1209
19 1162
42 1366
19 1414
35 1361
10 1096
28 1242
32 1145
43 1220
24 1374
24 1410
14 1001
47 1107
44 1166
49 1237
18 1201
24 1461
29 1485
19 1025
45 1091
41 1256
25 1032
11 1415
37 1408
35 1267
17 1229
21 1390
30 1405
36 1044
36 1087
18 1456
43 1158
32 1033
45 1217
22 1437
48 1335
37 1491
10 1209
32 1319
13 1275
40 1408
23 1301
22 1234
14 1152
38 1333
26 1277
10 1083
30 1057
29 1216
36 1090
16 1417
31 1004
21 1307
14 1011
46 1162
29 1115
35 1471
20 1018
27 1181
20 1015
15 1171
13 1498
13 1477
15 1152
22 1222
34 1302
23 1157
38 1039
37 1223
48 1343
22 1345
17 1384
25 1400
26 1179
25 1155
22 1474
42 1248
11 1004
48 1428
45 1358
14 1181
19 1468
12 1009
30 1403
20 1410
36 1066
15 1093
18 1236
27 1393
35 1200
46 1020
25 1193
28 1252
26 1030
44 1156
47 1153
27 1225
47 1412
35 1019
13 1309
17 1026
34 1354
47 1230
16 1279
34 1216
43 1295
39 1040
29 1413
48 1086
44 1068
40 1459
48 1043
18 1140
31 1385
39 1413
32 1407
10 1342
14 1177
48 1260
14 1411
48 1447
42 1316
25 1468
17 1139
41 1358
40 1487
30 1473
44 1350
11 1329
22 1496
35 1477
28 1202
18 1475
22 1477
45 1433
41 1476
38 1393
31 1259
26 1308
17 1414
35 1173
33 1059
45 1208
28 1024
29 1482
40 1070
16 1280
10 1115
16 1221
41 1340
11 1064
12 1151
13 1491
25 1081
18 1197
16 1328
45 1368
49 1037
17 1014
23 1134
29 1251
16 1110
22 1493
13 1100
26 1197
29 1149
26 1367
29 1181
32 1086
15 1167
44 1277
24 1353
33 1256
46 1437
47 1368
35 1325
47 1063
14 1338
45 1352
23 1255
49 1341
11 1190
11 1412
33 1213
38 1416
45 1224
48 1352
16 1015
19 1027
30 1313
37 1057
12 1399
44 1028
44 1458
36 1279
29 1443
24 1287
25 1198
40 1085
27 1320
48 1336
34 1360
41 1356
28 1411
43 1080
39 1337
43 1145