1500 4500
34 1275
31 1250
44 1181
24 1385
20 1210
45 1156
13 1295
32 1253
26 1144
31 1118
30 1113
34 1090
35 1349
32 1443
32 1171
24 1484
21 1494
36 1227
14 1283
14 1257
49 1492
42 1270
10 1374
44 1274
20 1200
20 1469
27 1141
42 1076
25 1234
30 1349
20 1031
19 1448
29 1012
30 1093
17 1216
44 1191
17 1238
11 1194
18 1099
35 1229
49 1487
11 1114
18 1119
28 1421
41 1258
21 1085
48 1345
22 1041
42 1414
13 1398
33 1044
20 1077
44 1032
40 1089
41 1062
17 1005
20 1344
16 1485
36 1004
45 1075
45 1339
37 1076
33 1454
27 1308
41 1034
17 1498
35 1347
30 1481
45 1402
45 1464
35 1150
42 1162
12 1088
46 1102
42 1058
24 1265
18 1261
44 1167
45 1434
36 1417
43 1082
43 1274
25 1456
48 1494
15 1054
16 1352
14 1388
35 1369
22 1457
30 1359
24 1169
42 1180
13 1254
20 1202
25 1226
19 1489
40 1265
48 1032
46 1234
44 1291
33 1259
42 1423
13 1021
31 1397
17 1049
49 1405
19 1356
24 1119
22 1423
35 1012
28 1161
35 1343
26 1037
34 1379
44 1354
14 1318
16 1373
47 1228
49 1250
45 1484
32 1264
14 1205
44 1235
41 1003
13 1255
16 1067
21 1316
27 1302
31 1339
10 1252
43 1189
19 1335
35 1441
25 1243
34 1221
42 1449
20 1271
42 1145
26 1214
10 1245
23 1202
13 1151
29 1326
37 1462
34 1062
15 1477
42 1058
30 1017
41 1423
47 1486
47 1195
12 1320
28 1026
15 1046
19 1078
47 1222
20 1106
26 1448
36 1041
40 1122
19 1195
23 1229
27 1403
30 1234
41 1223
17 1232
28 1350
44 1145
21 1311
40 1371
14 1342
15 1477
33 1009
46 1020
19 1298
42 1444
15 1336
47 1303
38 1417
48 1235
43 1049
17 1349
33 1109
39 1286
43 1331
39 1465
24 1386
27 1057
38 1492
31 1406
44 1072
10 1383
47 1376
44 1488
28 1401
30 1095
36 1119
25 1294
48 1307
20 1175
20 1422
49 1246
41 1096
37 1058
19 1060
45 1149
41 1307
18 1314
37 1066
11 1281
20 1004
32 1091
20 1059
13 1230
37 1286
12 1243
15 1314
33 1065
25 1234
12 1229
25 1280
16 1041
18 1209
24 1041
22 1344
46 1167
49 1448
21 1165
39 1456
40 1103
10 1317
21 1105
39 1332
10 1330
30 1245
15 1088
42 1334
35 1102
25 1355
39 1240
48 1019
16 1081
32 1023
18 1299
46 1218
27 1280
48 1373
37 1299
18 1377
11 1174
34 1463
32 1124
32 1480
33 1273
10 1215
23 1438
35 1117
26 1312
37 1188
21 1366
26 1342
43 1037
14 1282
46 1094
45 1456
38 1091
31 1037
10 1054
33 1125
49 1119
46 1015
36 1451
14 1211
44 1219
28 1307
26 1392
20 1148
13 1449
20 1047
32 1090
11 1122
43 1290
48 1178
46 1043
30 1086
26 1271
18 1005
26 1320
33 1000
34 1059
40 1191
46 1314
19 1106
42 1332
17 1424
26 1336
26 1309
24 1360
17 1204
19 1196
33 1451
41 1437
15 1056
27 1149
28 1493
35 1235
48 1189
17 1203
32 1052
32 1197
39 1285
43 1295
45 1279
16 1445
21 1187
26 1181
20 1481
22 1085
43 1244
39 1466
41 1163
41 1238
40 1341
30 1348
32 1473
45 1217
30 1442
35 1334
48 1161
11 1436
31 1237
46 1227
45 1146
11 1021
35 1470
32 1234
18 1461
42 1304
42 1195
18 1129
41 1093
15 1458
34 1162
25 1329
22 1367
23 1267
10 1034
45 1316
39 1211
26 1282
44 1201
27 1213
38 1355
38 1113
12 1031
22 1398
14 1200
30 1056
48 1173
11 1385
31 1146
22 1005
45 1453
48 1307
25 1261
43 1498
17 1455
31 1463
18 1270
38 1408
16 1131
26 1386
35 1288
29 1137
43 1376
24 1292
43 1145
36 1323
26 1492
39 1120
43 1159
48 1028
11 1279
28 1322
20 1140
47 1108
43 1271
29 1250
48 1139
38 1337
13 1009
12 1026
35 1187
18 1444
26 1423
39 1351
19 1427
24 1283
39 1152
27 1407
46 1466
21 1202
20 1398
19 1093
20 1144
31 1269
17 1486
24 1058
40 1444
49 1007
19 1114
25 1262
24 1440
38 1301
28 1412
40 1423
23 1295
28 1458
34 1351
29 1264
44 1492
21 1212
36 1260
45 1188
39 1010
17 1028
10 1241
37 1061
47 1215
23 1343
10 1332
44 1264
35 1211
29 1065
48 1218
36 1406
42 1375
37 1346
31 1348
31 1026
30 1364
23 1142
30 1115
44 1140
12 1467
44 1289
27 1233
35 1344
48 1362
28 1193
18 1245
21 1007
43 1100
43 1461
40 1010
15 1101
14 1030
11 1025
33 1129
44 1125
15 1199
15 1391
40 1358
46 1091
45 1195
17 1039
31 1296
31 1425
18 1120
20 1036
12 1099
48 1393
30 1330
11 1236
32 1281
17 1499
20 1457
19 1353
31 1423
19 1202
39 1360
28 1061
22 1362
26 1292
20 1127
28 1284
29 1411
32 1236
21 1063
22 1361
28 1191
36 1266
24 1119
32 1409
19 1329
22 1417
26 1155
18 1320
46 1184
44 1096
16 1171
38 1227
30 1485
45 1329
15 1035
44 1010
14 1382
49 1281
43 1201
23 1381
46 1096
10 1376
17 1309
26 1028
34 1096
13 1121
48 1472
49 1416
36 1313
19 1341
47 1184
34 1235
27 1218
21 1118
39 1102
13 1308
20 1118
23 1430
34 1228
35 1456
19 1317
30 1050
49 1453
34 1227
30 1367
15 1487
43 1273
31 1224
36 1253
29 1302
37 1270
13 1383
34 1116
29 1109
33 1291
30 1416
45 1111
38 1237
23 1193
25 1183
34 1246
35 1268
32 1264
42 1398
48 1346
32 1140
11 1216
46 1032
37 1149
13 1467
28 1304
35 1132
29 1137
49 1420
10 1181
22 1333
18 1456
26 1401
44 1248
23 1464
21 1194
22 1210
33 1365
27 1302
22 1308
39 1002
33 1272
15 1046
31 1228
28 1110
44 1260
43 1300
21 1136
37 1106
42 1498
34 1414
13 1375
32 1266
28 1481
30 1415
42 1082
29 1028
21 1233
20 1357
20 1315
20 1127
21 1013
17 1052
13 1157
22 1228
45 1042
42 1140
46 1306
18 1267
19 1002
39 1293
45 1216
38 1275
17 1062
18 1150
25 1258
17 1040
45 1486
14 1295
34 1402
36 1436
10 1183
11 1072
10 1196
22 1188
35 1283
16 1196
17 1474
28 1061
45 1404
43 1094
17 1393
12 1186
39 1387
38 1039
21 1450
23 1487
26 1182
18 1289
38 1476
30 1052
37 1408
17 1003
37 1376
43 1131
23 1046
13 1091
25 1354
35 1152
31 1388
17 1126
35 1446
41 1110
10 1064
10 1033
31 1338
20 1434
25 1277
46 1453
24 1217
39 1209
24 1420
18 1078
48 1076
24 1003
31 1481
27 1312
40 1182
10 1128
17 1033
22 1123
32 1474
43 1413
35 1173
12 1252
12 1478
47 1321
48 1408
48 1093
22 1090
30 1471
17 1019
31 1160
28 1258
40 1008
29 1417
13 1358
41 1218
10 1256
15 1462
35 1251
29 1236
44 1310
13 1233
26 1378
36 1476
42 1234
37 1347
15 1441
34 1470
45 1459
19 1436
36 1122
11 1319
48 1388
16 1276
10 1360
17 1361
32 1169
34 1174
19 1134
36 1238
35 1464
45 1125
13 1085
42 1413
29 1092
14 1218
39 1226
20 1332
15 1379
14 1046
12 1155
41 1092
20 1013
27 1157
14 1405
42 1116
17 1004
14 1305
24 1340
41 1161
22 1248
10 1119
24 1270
45 1339
32 1483
26 1010
36 1461
49 1494
11 1168
23 1042
12 1460
26 1401
25 1491
18 1129
34 1407
17 1408
15 1118
27 1094
19 1368
36 1156
12 1082
34 1040
10 1185
25 1170
45 1138
39 1389
13 1338
15 1361
10 1196
10 1053
41 1401
28 1266
34 1075
39 1180
44 1297
34 1056
45 1301
11 1470
16 1226
29 1040
30 1159
42 1419
32 1256
32 1066
40 1166
11 1392
28 1044
33 1308
39 1474
28 1011
42 1274
19 1142
28 1158
44 1357
17 1340
11 1172
11 1014
39 1298
16 1271
16 1487
44 1432
34 1018
22 1444
26 1462
32 1269
24 1452
41 1481
13 1354
48 1436
32 1018
38 1096
34 1258
24 1151
21 1037
34 1314
19 1160
37 1126
17 1026
14 1176
38 1463
21 1416
21 1316
36 1195
43 1206
42 1090
37 1480
37 1484
47 1376
28 1358
36 1123
17 1319
29 1277
16 1223
34 1028
12 1437
47 1102
40 1190
25 1352
29 1118
24 1022
48 1195
22 1157
11 1409
22 1241
47 1020
47 1106
34 1152
28 1161
37 1216
32 1230
14 1030
25 1306
21 1382
31 1097
22 1412
28 1205
22 1334
35 1178
39 1091
38 1304
41 1209
45 1477
46 1217
10 1039
30 1081
19 1081
44 1358
21 1218
15 1274
16 1342
36 1069
28 1122
47 1366
25 1249
38 1162
13 1263
45 1314
28 1224
14 1442
19 1288
26 1145
48 1347
18 1023
11 1395
37 1273
45 1442
11 1207
15 1235
38 1328
35 1200
24 1283
49 1378
11 1025
27 1140
46 1397
33 1071
16 1266
27 1057
26 1122
19 1220
20 1002
48 1002
48 1315
16 1067
45 1322
29 1210
21 1466
12 1342
32 1442
17 1126
20 1067
33 1306
39 1024
22 1326
24 1313
37 1090
29 1003
45 1088
46 1200
37 1095
22 1381
22 1244
30 1049
49 1380
17 1035
40 1310
34 1172
47 1380
31 1365
48 1438
13 1036
20 1071
29 1302
19 1151
49 1009
11 1278
13 1124
35 1144
27 1211
36 1412
28 1301
25 1176
22 1490
17 1399
33 1235
19 1209
12 1119
33 1498
21 1239
47 1286
29 1201
25 1450
34 1010
49 1205
43 1066
19 1211
12 1396
25 1140
22 1286
38 1120
36 1371
42 1052
45 1115
44 1103
27 1203
11 1306
24 1359
22 1041
21 1402
44 1401
10 1184
15 1298
44 1249
10 1345
24 1124
34 1030
26 1284
30 1196
40 1197
25 1052
27 1068
40 1054
27 1391
39 1387
10 1415
45 1177
16 1303
30 1014
24 1446
11 1039
35 1389
34 1442
42 1156
42 1061
19 1259
26 1347
44 1222
47 1101
38 1381
15 1187
40 1483
27 1311
46 1000
49 1126
45 1107
28 1356
43 1255
46 1363
34 1037
25 1437
43 1465
29 1025
45 1114
16 1377
29 1366
31 1441
30 1177
28 1008
35 1274
15 1347
36 1024
43 1479
40 1358
17 1315
31 1190
38 1278
31 1025
34 1471
28 1190
40 1319
37 1372
31 1112
44 1193
33 1276
17 1028
44 1476
16 1220
37 1142
25 1126
16 1431
38 1143
17 1099
25 1022
24 1147
13 1355
28 1400
17 1148
32 1370
41 1336
22 1285
32 1432
42 1298
34 1350
48 1352
44 1054
33 1481
15 1121
18 1017
48 1264
26 1161
46 1375
42 1276
24 1441
41 1407
22 1272
12 1053
49 1186
14 1151
22 1026
25 1053
25 1119
46 1431
19 1087
35 1449
45 1473
36 1431
29 1086
13 1272
46 1373
43 1402
18 1032
18 1032
38 1251
35 1422
17 1342
34 1494
47 1023
24 1473
33 1273
43 1064
25 1135
48 1401
11 1161
41 1222
28 1427
33 1032
28 1410
38 1489
14 1190
18 1396
11 1496
20 1332
25 1269
48 1025
38 1259
10 1295
13 1373
26 1482
41 1044
15 1426
25 1171
37 1242
38 1478
46 1125
19 1337
47 1424
16 1029
39 1297
33 1223
42 1330
23 1193
33 1000
14 1450
39 1109
40 1244
22 1239
31 1293
49 1342
10 1379
39 1206
34 1487
21 1132
12 1167
31 1476
41 1135
27 1382
33 1374
25 1018
13 1291
12 1072
19 1349
43 1093
41 1094
12 1022
45 1496
40 1458
40 1246
10 1380
16 1432
22 1063
30 1237
25 1100
29 1066
41 1448
23 1470
29 1363
41 1282
13 1126
18 1478
24 1269
30 1339
27 1062
42 1075
23 1413
21 1371
45 1291
32 1088
35 1422
31 1427
41 1311
19 1147
10 1038
11 1184
15 1173
16 1450
26 1024
41 1170
27 1365
36 1483
11 1228
45 1092
11 1280
27 1028
17 1437
35 1083
35 1212
23 1258
34 1409
20 1132
29 1187
45 1154
15 1383
11 1469
42 1204
28 1355
42 1337
33 1061
23 1199
20 1146
33 1493
35 1198
46 1058
27 1241
28 1359
38 1142
48 1083
22 1311
28 1126
10 1247
16 1120
10 1119
49 1239
42 1360
12 1449
43 1216
33 1257
15 1384
33 1375
32 1470
18 1308
23 1025
36 1401
17 1086
28 1330
26 1375
32 1113
21 1142
27 1033
38 1234
21 1172
23 1428
19 1340
38 1132
25 1374
35 1315
49 1315
37 1075
20 1111
33 1378
10 1081
32 1389
43 1066
31 1183
21 1126
21 1347
19 1341
42 1215
34 1333
13 1180
30 1421
15 1461
15 1084
39 1426
18 1453
23 1004
33 1271
19 1424
11 1484
31 1387
37 1079
24 1262
18 1161
40 1222
44 1428
37 1031
18 1324
33 1335
22 1363
25 1023
30 1303
27 1036
41 1218
10 1163
38 1488
24 1308
43 1343
47 1173
27 1497
36 1078
12 1411
45 1282
34 1011
45 1110
22 1116
42 1198
34 1353
16 1280
41 1078
30 1294
14 1189
35 1370
48 1476
33 1058
21 1398
45 1442
38 1476
43 1394
27 1194
14 1370
35 1413
44 1217
32 1242
30 1185
47 1208
35 1427
13 1031
42 1147
17 1376
46 1332
42 1130
27 1182
13 1205
42 1309
13 1443
48 1175
20 1260
11 1000
14 1457
26 1088
33 1166
16 1455
27 1035
12 1287
16 1011
41 1035
36 1192
24 1361
40 1145
37 1379
49 1338
29 1033
36 1494
40 1132
32 1384
23 1060
24 1063
32 1449
23 1091
28 1309
36 1048
17 1372
14 1358
17 1454
14 1213
37 1091
49 1425
37 1329
17 1134
17 1103
49 1437
19 1404
17 1360
32 1184
49 1150
30 1122
16 1391
33 1265
20 1086
32 1434
43 1106
30 1016
32 1334
29 1386
18 1377
12 1005
30 1006
45 1369
30 1137
18 1196
20 1113
48 1250
36 1435
41 1284
10 1099
22 1371
26 1350
21 1391
36 1370
25 1378
19 1314
19 1191
25 1257
31 1069
26 1370
49 1397
29 1291
28 1184
28 1243
25 1234
46 1284
30 1058
44 1398
26 1035
44 1094
33 1064
25 1131
18 1399
35 1437
18 1217
39 1137
45 1374
16 1191
11 1252
42 1289
12 1486
26 1258
39 1399
38 1126
22 1085
31 1265
26 1469
32 1226
12 1192
10 1036
24 1088
40 1459
41 1205
42 1443
43 1247
17 1055
27 1206
38 1467
37 1291
22 1196
13 1213
49 1250
21 1338
30 1390
38 1053
23 1037
27 1323
13 1133
39 1300
29 1432
36 1402
17 1426
49 1020
27 1369
40 1098
27 1394
30 1208
37 1086
21 1179
14 1341
24 1372
17 1228
44 1399
46 1382
13 1460
48 1092
30 1261
41 1333
45 1464
43 1173
15 1424
40 1391
26 1031
26 1124
17 1013
32 1080
24 1325
48 1421
13 1058
21 1287
27 1436
36 1317
13 1302
13 1134
11 1268
30 1300
31 1299
46 1259
11 1231
23 1240
39 1365
14 1275
24 1294
48 1030
10 1090
26 1070
24 1346
31 1181
41 1248
26 1053
11 1373
33 1097
25 1166
14 1301
25 1353
17 1143
20 1038
16 1431
23 1170
12 1199
23 1293
36 1304
24 1230
27 1209
41 1332
49 1054
42 1454
16 1402
37 1182
44 1270
46 1389
12 1276
28 1470
27 1463
40 1090
19 1176
39 1278
44 1362
14 1339