1500 3000
13 1250
10 1259
40 1266
49 1257
40 1098
36 1249
46 1461
37 1354
28 1090
21 1433
39 1109
21 1382
43 1419
13 1427
10 1235
13 1302
39 1300
27 1337
36 1153
16 1305
48 1303
15 1014
23 1309
44 1425
22 1109
23 1203
23 1087
13 1326
29 1160
22 1302
37 1330
34 1484
43 1327
39 1493
47 1023
45 1289
24 1485
14 1315
38 1132
14 1025
48 1326
48 1167
17 1353
32 1395
44 1171
49 1107
15 1371
41 1120
35 1388
42 1468
39 1389
17 1430
29 1400
42 1361
16 1465
26 1004
23 1147
34 1249
33 1198
11 1436
46 1336
22 1294
48 1107
29 1021
10 1443
38 1346
46 1191
20 1447
21 1323
40 1093
49 1010
48 1050
20 1176
33 1053
21 1129
11 1499
39 1401
39 1427
41 1442
14 1127
48 1271
34 1030
37 1319
42 1215
11 1396
25 1122
27 1014
42 1357
40 1184
48 1378
11 1293
39 1278
27 1281
21 1048
19 1263
27 1346
19 1290
42 1396
10 1098
24 1337
45 1142
28 1204
36 1319
31 1262
35 1115
19 1149
29 1094
34 1080
48 1115
43 1000
28 1479
15 1402
12 1296
37 1268
34 1365
14 1278
44 1095
18 1067
21 1052
18 1069
33 1327
20 1058
25 1368
21 1034
44 1185
42 1004
33 1114
21 1391
20 1095
25 1110
27 1482
32 1323
16 1193
38 1017
18 1154
31 1216
34 1330
43 1419
45 1405
16 1205
38 1045
16 1293
18 1291
19 1439
45 1318
35 1407
15 1093
28 1131
22 1058
23 1102
49 1071
19 1131
34 1073
14 1440
12 1473
23 1058
27 1348
21 1378
43 1077
29 1313
27 1221
49 1441
42 1341
19 1455
12 1288
40 1240
40 1314
49 1237
32 1333
42 1387
24 1272
11 1464
29 1104
29 1214
39 1320
20 1478
35 1466
46 1242
42 1037
31 1079
41 1205
48 1326
40 1252
20 1364
26 1098
43 1251
10 1246
20 1083
49 1006
19 1432
17 1172
10 1413
15 1302
10 1397
17 1347
40 1340
33 1070
18 1259
11 1270
14 1149
19 1046
21 1301
23 1050
13 1390
32 1485
19 1146
37 1443
26 1338
20 1045
26 1200
27 1396
44 1083
40 1219
23 1419
49 1490
20 1421
16 1181
15 1328
40 1221
39 1397
18 1056
49 1194
43 1399
40 1482
21 1018
12 1149
14 1493
34 1157
31 1186
34 1406
26 1149
28 1046
44 1024
45 1068
44 1242
10 1191
10 1439
48 1404
49 1365
11 1238
16 1096
31 1475
31 1453
41 1493
25 1421
30 1361
37 1049
27 1199
40 1201
45 1473
23 1217
41 1474
46 1394
21 1456
35 1281
13 1476
44 1017
37 1375
28 1462
17 1381
13 1020
17 1192
16 1346
11 1470
14 1265
30 1062
48 1248
43 1010
13 1154
43 1183
21 1022
14 1434
32 1383
27 1241
40 1135
18 1290
29 1036
41 1361
41 1005
41 1312
17 1441
31 1328
44 1280
38 1417
28 1431
31 1121
23 1376
23 1259
19 1463
30 1299
45 1166
17 1027
31 1187
38 1303
14 1396
18 1133
41 1305
10 1438
16 1384
11 1037
40 1105
26 1054
36 1342
29 1233
13 1359
19 1018
49 1235
21 1471
41 1252
26 1390
36 1398
13 1216
47 1379
17 1119
43 1284
37 1198
46 1028
12 1325
48 1209
36 1017
25 1445
32 1074
49 1473
14 1173
19 1270
13 1450
30 1101
30 1496
12 1251
34 1169
15 1251
42 1309
22 1126
34 1136
46 1014
49 1447
39 1254
44 1239
13 1317
29 1019
13 1422
44 1431
37 1150
36 1244
27 1205
44 1385
19 1326
25 1389
13 1096
48 1463
45 1292
25 1017
42 1450
11 1020
47 1363
35 1043
18 1032
12 1406
38 1372
18 1486
41 1288
14 1112
17 1481
42 1113
26 1349
30 1465
25 1123
45 1228
24 1169
34 1015
41 1260
33 1075
10 1276
44 1224
29 1375
26 1277
33 1314
44 1077
36 1453
45 1445
36 1063
43 1361
39 1377
11 1095
19 1395
21 1110
30 1455
19 1397
35 1077
11 1020
18 1026
36 1241
20 1330
18 1332
37 1351
23 1011
40 1109
14 1195
25 1340
12 1409
46 1193
13 1267
14 1320
10 1167
26 1242
28 1259
18 1191
21 1235
27 1184
40 1178
14 1396
24 1299
41 1461
38 1004
28 1386
47 1397
48 1318
48 1319
41 1468
24 1013
34 1075
49 1299
26 1403
39 1334
34 1100
17 1471
38 1245
40 1260
45 1380
23 1283
31 1026
31 1346
38 1110
20 1212
31 1125
46 1320
49 1176
29 1076
33 1149
25 1127
12 1208
47 1323
40 1420
16 1199
12 1382
31 1364
38 1433
44 1223
32 1332
42 1451
30 1034
14 1178
33 1233
22 1047
17 1262
44 1236
17 1390
21 1032
23 1389
20 1444
32 1166
21 1493
15 1404
32 1143
40 1094
33 1261
42 1233
36 1162
28 1173
33 1377
29 1440
24 1368
46 1087
38 1151
27 1405
20 1473
24 1009
49 1164
26 1494
35 1010
13 1219
34 1294
40 1038
47 1479
22 1355
12 1454
33 1323
23 1498
15 1278
43 1043
49 1051
25 1340
43 1126
31 1155
49 1446
18 1348
23 1146
47 1265
49 1158
39 1153
24 1126
44 1485
39 1495
23 1274
45 1380
31 1158
29 1282
46 1102
43 1050
26 1341
31 1392
30 1351
49 1480
15 1202
17 1173
39 1352
44 1347
42 1066
22 1041
34 1305
49 1086
13 1116
13 1455
18 1347
14 1423
26 1076
37 1335
25 1107
46 1361
15 1150
45 1383
13 1083
25 1498
47 1178
31 1383
49 1127
42 1015
38 1489
10 1057
23 1098
41 1235
41 1381
23 1351
39 1179
22 1250
40 1474
47 1089
27 1380
48 1119
15 1144
17 1211
11 1203
36 1070
19 1090
16 1096
10 1421
28 1027
18 1486
30 1461
29 1033
27 1109
24 1153
31 1173
36 1410
36 1420
18 1127
20 1360
25 1403
33 1266
43 1420
22 1105
19 1248
40 1464
20 1260
32 1436
43 1301
19 1492
44 1310
21 1348
10 1111
39 1426
48 1391
46 1482
44 1107
35 1412
29 1438
13 1026
35 1107
37 1493
28 1314
44 1365
26 1204
49 1026
17 1103
18 1395
27 1412
12 1326
44 1173
24 1151
32 1492
49 1250
43 1073
17 1486
16 1476
29 1207
48 1052
20 1079
16 1277
34 1499
30 1476
16 1489
36 1343
46 1159
38 1191
30 1358
25 1202
38 1352
48 1120
33 1270
35 1043
15 1042
13 1423
42 1410
30 1402
12 1286
35 1220
28 1285
12 1422
41 1410
10 1181
27 1091
47 1171
30 1188
26 1045
34 1455
42 1301
16 1295
30 1068
26 1343
17 1252
31 1207
35 1299
16 1371
48 1457
26 1289
20 1070
37 1205
36 1140
46 1138
41 1348
46 1199
29 1427
47 1170
17 1169
18 1407
23 1491
30 1238
26 1232
40 1081
48 1474
26 1352
20 1146
49 1282
14 1353
37 1069
32 1250
35 1374
40 1452
11 1206
40 1139
19 1307
21 1281
25 1106
23 1207
44 1285
36 1170
32 1374
21 1335
35 1398
19 1482
12 1247
17 1206
41 1420
33 1388
18 1082
30 1238
40 1185
15 1413
31 1305
21 1491
14 1175
42 1433
28 1274
47 1283
49 1482
34 1489
39 1267
30 1310
49 1022
30 1070
46 1274
35 1221
34 1141
33 1010
23 1376
49 1129
30 1448
33 1055
31 1082
42 1353
10 1304
47 1090
17 1344
11 1334
19 1140
27 1271
23 1350
37 1104
10 1279
48 1028
20 1418
43 1414
23 1497
17 1126
48 1243
33 1138
15 1322
46 1186
10 1361
10 1063
21 1406
13 1021
12 1414
17 1422
11 1431
17 1252
45 1242
37 1261
12 1118
44 1339
22 1078
39 1468
47 1479
17 1366
40 1163
44 1321
28 1088
47 1246
10 1396
12 1091
10 1249
17 1353
12 1264
27 1118
14 1394
42 1331
18 1364
22 1407
38 1158
33 1185
18 1080
36 1198
45 1132
49 1305
44 1090
34 1255
42 1161
17 1278
18 1218
38 1116
49 1357
40 1404
37 1310
41 1370
31 1278
16 1173
12 1017
37 1182
36 1137
36 1179
19 1427
18 1408
34 1115
39 1367
10 1296
38 1073
16 1019
41 1472
26 1140
49 1019
34 1315
48 1473
36 1256
20 1308
17 1419
26 1050
24 1008
29 1394
26 1061
10 1481
10 1359
23 1160
38 1025
28 1047
19 1020
23 1142
15 1015
46 1082
48 1152
20 1012
27 1151
13 1311
32 1194
25 1000
18 1079
35 1195
35 1068
45 1047
15 1360
28 1462
18 1070
25 1131
45 1051
16 1402
32 1478
11 1139
37 1404
26 1197
15 1300
23 1357
41 1292
30 1167
21 1376
29 1218
16 1105
13 1228
44 1374
18 1172
48 1429
35 1052
41 1042
42 1460
32 1082
41 1466
44 1107
39 1358
48 1242
21 1373
15 1025
28 1464
27 1023
16 1314
18 1081
16 1196
26 1020
28 1114
48 1417
33 1114
39 1140
16 1332
18 1348
21 1113
17 1206
24 1073
11 1451
25 1141
12 1239
26 1206
31 1315
20 1318
49 1471
11 1096
30 1204
44 1494
18 1200
35 1420
43 1028
44 1166
17 1272
27 1156
20 1167
45 1212
17 1218
42 1095
19 1021
47 1004
27 1355
46 1320
39 1364
45 1462
47 1093
15 1062
18 1072
44 1308
22 1151
18 1365
37 1101
32 1030
34 1092
10 1419
37 1227
36 1047
27 1008
19 1493
31 1002
33 1425
37 1109
25 1118
47 1087
37 1293
47 1388
21 1342
30 1293
31 1194
12 1451
34 1164
30 1485
39 1287
22 1176
26 1201
36 1361
30 1248
15 1129
41 1405
41 1287
27 1152
45 1153
36 1081
14 1172
39 1008
45 1387
35 1387
18 1232
29 1037
12 1188
30 1113
23 1096
22 1095
20 1214
36 1161
38 1484
41 1058
12 1334
39 1278
11 1073
43 1261
17 1130
44 1449
15 1043
11 1355
28 1230
25 1076
47 1187
28 1410
30 1368
17 1430
41 1016
15 1278
16 1124
32 1263
33 1089
10 1489
49 1222
48 1127
40 1063
14 1367
16 1017
27 1115
27 1410
34 1352
20 1160
19 1291
39 1316
35 1296
19 1170
39 1375
24 1334
11 1419
35 1275
15 1019
36 1075
27 1249
11 1036
39 1008
42 1023
48 1079
21 1153
46 1288
37 1196
27 1191
40 1033
16 1184
43 1065
18 1211
48 1065
41 1074
32 1382
12 1118
47 1004
22 1343
19 1196
36 1033
16 1085
48 1022
49 1000
29 1467
34 1073
39 1140
37 1235
49 1333
30 1210
37 1448
29 1205
21 1254
23 1479
49 1077
48 1106
49 1464
22 1425
11 1322
40 1002
27 1260
17 1005
42 1208
47 1259
39 1014
20 1039
33 1431
11 1220
40 1038
45 1379
13 1388
17 1269
22 1300
21 1172
12 1480
46 1153
41 1130
33 1230
26 1267
20 1152
20 1206
30 1126
46 1154
47 1483
45 1498
48 1184
32 1037
48 1285
35 1403
19 1355
17 1378
15 1440
14 1370
31 1048
28 1074
48 1217
31 1185
11 1304
41 1278
24 1409
45 1351
14 1262
15 1115
11 1164
45 1285
49 1109
22 1164
41 1022
10 1128
25 1116
38 1277
20 1224
17 1422
44 1178
30 1426
38 1206
43 1013
44 1207
44 1259
15 1331
20 1115
43 1214
15 1150
12 1231
15 1114
26 1189
27 1220
39 1157
15 1311
15 1359
47 1100
35 1212
45 1393
16 1447
46 1413
17 1216
33 1165
27 1222
17 1014
32 1407
36 1164
13 1107
34 1068
22 1283
22 1067
12 1137
13 1220
38 1314
48 1173
29 1469
41 1021
12 1403
33 1235
13 1358
16 1208
36 1274
47 1349
24 1499
38 1045
10 1323
25 1361
26 1296
43 1401
39 1096
16 1225
19 1389
28 1220
49 1433
42 1398
41 1364
20 1142
36 1033
26 1035
32 1472
13 1372
14 1470
14 1458
35 1213
44 1465
49 1218
25 1168
46 1162
23 1271
37 1291
24 1021
49 1212
19 1173
30 1297
33 1432
10 1292
45 1134
22 1464
46 1440
44 1091
12 1289
44 1323
46 1128
11 1369
20 1404
48 1346
34 1331
45 1146
48 1010
28 1197
28 1248
31 1398
25 1021
28 1061
38 1241
37 1323
36 1306
23 1097
48 1039
21 1253
30 1134
22 1207
34 1130
21 1257
44 1308
32 1458
13 1044
48 1047
40 1066
38 1297
48 1322
24 1134
34 1247
17 1076
30 1350
26 1332
32 1040
36 1205
38 1135
49 1205
31 1042
49 1385
44 1175
29 1499
48 1258
40 1075
37 1374
14 1322
16 1258
12 1262
39 1480
21 1166
37 1271
19 1153
12 1315
30 1310
23 1161
29 1391
37 1331
30 1470
29 1006
14 1155
10 1302
19 1376
23 1346
49 1101
34 1421
24 1440
23 1396
12 1098
41 1184
20 1381
26 1259
45 1260
47 1209
12 1345
30 1457
43 1087
10 1304
48 1138
10 1158
21 1242
23 1426
26 1167
45 1015
31 1381
16 1199
12 1301
35 1120
19 1441
25 1208
26 1127
28 1092
12 1171
17 1064
23 1356
45 1009
23 1126
11 1248
15 1252
48 1356
24 1287
20 1104
12 1063
39 1018
49 1029
38 1336
43 1107
12 1249
23 1175
19 1346
10 1302
13 1191
30 1014
31 1029
45 1173
24 1422
46 1061
34 1110
37 1333
29 1467
48 1003
18 1265
37 1019
14 1031
44 1184
43 1174
17 1359
49 1073
45 1077
31 1320
42 1152
30 1125
48 1364
35 1178
20 1330
12 1272
11 1235
49 1309
41 1186
12 1410
39 1474
48 1414
37 1184
39 1082
32 1035
18 1285
16 1286
23 1324
21 1336
36 1464
48 1273
16 1197
32 1078
23 1464
40 1491
42 1150
43 1085
23 1307
23 1128
31 1273
36 1139
38 1132
10 1196
47 1357
26 1145
36 1094
19 1415
10 1138
28 1422
36 1126
30 1489
27 1417
28 1487
33 1427
33 1469
32 1231
32 1347
12 1081
22 1270
14 1191
37 1453
11 1148
34 1154
41 1234
45 1288
32 1467
44 1357
31 1145
38 1411
19 1476
48 1323
23 1043
23 1338
38 1272
46 1430
39 1380
32 1233
46 1391
37 1055
11 1169
22 1396
19 1138
25 1165
46 1481
47 1484
41 1373
41 1037
40 1341
26 1096
42 1246
42 1228
44 1036
39 1016
26 1494
35 1245
34 1112
46 1090
33 1083
39 1440
46 1187
31 1117
23 1476
22 1002
26 1350
43 1256
13 1044
10 1165
29 1336
42 1127
30 1140
28 1183
17 1055
35 1095
35 1100
16 1313
30 1089
40 1189
31 1269
23 1056
41 1102
40 1047
17 1169
24 1390
39 1178
30 1195
46 1167
32 1338
35 1012
16 1009
32 1124
15 1004
47 1372
25 1314
43 1016
14 1197
16 1382
48 1419
36 1496
44 1088
18 1328
41 1391
43 1394
31 1154
22 1120
40 1168
20 1240
45 1005
19 1109
16 1391
44 1157
11 1185
11 1448
29 1350
37 1265
20 1056
46 1341
38 1266
28 1432
29 1041
42 1492
45 1097
43 1451
27 1138
45 1464
39 1146
35 1493
46 1337
19 1313
40 1273
35 1246
48 1331
12 1225
23 1127
48 1286
32 1008
21 1130
25 1381
34 1496
38 1111
43 1226
45 1477
22 1458
44 1440
37 1289
23 1072
39 1467
33 1312
31 1205
26 1371
40 1149
35 1481
45 1492
44 1341
38 1327
21 1333
40 1396
37 1362
47 1230
26 1261
46 1268
31 1442
18 1307
29 1234
16 1121
10 1395
26 1224
14 1428
10 1269
49 1425
22 1393
26 1129
20 1384
46 1127
11 1185
32 1001
42 1144
36 1259
35 1356
35 1014
22 1084
40 1046
30 1296
38 1004
31 1171