1500 2500
35 1213
23 1454
10 1392
16 1236
39 1328
37 1338
42 1274
39 1054
41 1161
43 1003
31 1168
36 1105
26 1380
13 1463
48 1079
42 1269
31 1373
21 1271
28 1471
36 1250
21 1181
26 1402
45 1417
32 1498
10 1388
12 1196
46 1254
20 1348
11 1344
29 1381
10 1272
39 1310
28 1324
26 1349
39 1228
43 1307
39 1203
27 1403
32 1127
20 1353
33 1186
36 1214
40 1057
45 1456
31 1349
22 1156
28 1231
27 1056
14 1230
34 1322
30 1155
32 1388
49 1014
15 1315
11 1371
30 1191
14 1180
19 1180
10 1200
45 1322
11 1481
47 1057
23 1466
39 1324
43 1473
22 1061
10 1090
49 1447
38 1386
10 1046
49 1402
35 1365
49 1451
31 1380
23 1199
38 1051
33 1116
14 1391
22 1197
22 1246
32 1203
17 1121
35 1303
48 1335
37 1130
14 1408
38 1484
35 1169
20 1268
20 1298
49 1119
41 1438
45 1157
48 1001
22 1485
46 1147
19 1027
25 1134
14 1405
27 1046
43 1312
43 1077
44 1404
38 1191
28 1233
38 1486
37 1368
42 1421
48 1428
13 1326
12 1409
49 1469
13 1310
40 1436
47 1140
20 1014
37 1055
10 1375
17 1324
43 1237
29 1112
39 1039
12 1247
21 1312
16 1068
21 1003
14 1472
46 1138
47 1043
18 1405
18 1017
11 1243
27 1172
24 1319
42 1050
47 1357
15 1213
24 1259
38 1253
47 1262
13 1131
15 1346
28 1133
19 1152
17 1000
30 1096
38 1121
30 1322
46 1125
44 1474
40 1270
34 1466
39 1192
14 1030
47 1394
16 1414
48 1418
16 1311
38 1439
40 1075
11 1438
11 1334
16 1370
21 1152
44 1049
37 1277
31 1423
48 1231
44 1226
31 1275
40 1106
29 1452
48 1493
30 1498
49 1482
32 1202
19 1167
33 1198
21 1475
43 1448
40 1496
38 1064
47 1235
27 1023
15 1281
14 1462
19 1019
45 1081
40 1337
26 1355
20 1485
10 1263
12 1034
21 1094
15 1474
38 1060
46 1094
30 1311
34 1393
31 1369
49 1280
24 1122
11 1425
48 1122
26 1449
39 1020
11 1291
18 1001
28 1133
28 1344
10 1420
32 1302
47 1353
35 1331
48 1197
37 1152
38 1198
40 1344
49 1463
15 1497
49 1410
14 1254
42 1271
12 1434
38 1111
23 1261
26 1191
14 1260
41 1171
30 1359
27 1454
39 1471
16 1349
38 1200
21 1018
10 1147
20 1309
19 1305
13 1443
47 1058
45 1133
43 1151
10 1349
21 1219
43 1050
30 1129
10 1349
37 1125
41 1436
41 1311
22 1354
39 1238
22 1266
46 1138
24 1453
28 1004
41 1428
36 1260
35 1231
14 1183
14 1063
49 1199
16 1038
31 1273
14 1240
32 1364
40 1458
37 1311
31 1227
47 1007
41 1389
38 1326
46 1034
20 1276
47 1188
39 1426
18 1382
20 1360
29 1193
15 1461
35 1411
47 1151
40 1145
20 1271
16 1069
38 1035
45 1173
47 1035
19 1089
31 1073
28 1266
17 1273
38 1095
47 1021
25 1006
49 1361
22 1123
40 1216
29 1430
16 1215
45 1235
37 1211
28 1367
36 1361
15 1016
13 1114
10 1073
30 1296
42 1040
38 1103
36 1258
10 1156
40 1418
15 1453
32 1194
14 1112
25 1126
34 1438
21 1393
39 1053
36 1170
49 1105
17 1060
20 1019
25 1062
38 1089
32 1159
31 1168
45 1379
14 1404
36 1496
11 1290
33 1017
33 1462
40 1373
49 1350
35 1209
35 1010
24 1477
29 1109
27 1476
11 1264
13 1234
26 1316
25 1072
18 1233
44 1182
34 1297
48 1381
19 1020
32 1411
20 1211
48 1146
23 1031
20 1009
16 1496
44 1361
31 1394
41 1460
45 1227
31 1133
16 1266
48 1071
28 1174
49 1493
27 1187
24 1353
33 1262
25 1199
10 1053
29 1348
35 1065
27 1383
28 1141
39 1140
48 1195
26 1016
45 1030
24 1008
13 1403
45 1371
11 1193
42 1303
20 1456
16 1269
11 1024
14 1389
46 1058
36 1357
18 1358
21 1181
22 1304
20 1424
30 1428
19 1400
18 1146
42 1433
31 1411
12 1074
15 1014
31 1157
13 1115
10 1198
31 1451
25 1359
18 1052
20 1390
17 1123
19 1458
29 1435
40 1125
20 1001
15 1341
20 1315
24 1119
21 1274
39 1209
21 1431
41 1120
43 1413
25 1043
37 1329
35 1242
32 1058
40 1317
37 1165
48 1192
30 1266
43 1470
19 1400
21 1325
12 1191
41 1267
42 1358
20 1484
41 1352
15 1155
18 1360
42 1271
43 1101
47 1365
26 1480
18 1235
32 1332
14 1437
16 1238
16 1410
38 1049
12 1164
36 1362
48 1323
47 1423
13 1284
20 1200
34 1435
27 1152
10 1177
38 1366
36 1393
34 1437
30 1443
42 1147
49 1446
34 1009
47 1365
25 1100
10 1373
44 1280
34 1270
25 1287
12 1390
11 1206
37 1165
10 1428
29 1472
10 1220
38 1408
35 1155
31 1304
43 1123
36 1415
35 1128
38 1022
19 1402
18 1267
41 1310
24 1299
49 1276
15 1228
16 1365
24 1223
39 1444
41 1218
33 1382
39 1362
27 1117
15 1202
46 1289
48 1153
49 1246
45 1097
30 1133
48 1445
17 1086
24 1226
27 1427
22 1093
37 1422
46 1272
14 1102
24 1317
34 1000
26 1146
19 1285
46 1087
47 1199
15 1365
21 1193
20 1397
31 1266
21 1138
41 1334
20 1452
46 1449
14 1016
38 1432
13 1457
46 1195
40 1085
27 1499
17 1034
23 1238
42 1312
42 1120
22 1332
12 1329
21 1124
41 1356
18 1194
45 1267
15 1364
39 1091
34 1089
18 1223
45 1190
46 1332
46 1432
19 1440
31 1085
31 1247
45 1071
33 1054
28 1122
45 1207
35 1329
12 1002
16 1497
43 1182
43 1401
20 1373
38 1424
15 1112
18 1303
39 1360
39 1242
26 1397
40 1126
25 1471
20 1117
34 1047
30 1098
16 1135
37 1091
12 1318
49 1430
10 1344
17 1354
29 1317
31 1351
21 1487
39 1349
37 1371
26 1358
27 1496
32 1262
23 1342
16 1047
41 1301
46 1099
32 1158
44 1059
26 1222
27 1260
18 1259
16 1319
38 1256
25 1097
16 1194
28 1489
21 1081
24 1259
34 1268
45 1139
40 1474
49 1337
40 1371
42 1210
45 1118
47 1458
12 1035
17 1022
33 1102
45 1495
41 1014
26 1103
46 1403
46 1429
44 1070
30 1258
29 1369
42 1186
39 1305
41 1208
48 1076
14 1156
15 1310
13 1415
37 1401
49 1335
24 1343
46 1189
22 1007
31 1303
38 1262
44 1230
41 1335
18 1313
48 1106
42 1021
14 1191
29 1004
10 1357
15 1350
13 1204
39 1288
48 1434
31 1082
12 1376
35 1397
31 1475
24 1202
15 1106
16 1086
24 1233
18 1049
39 1367
25 1074
33 1209
34 1396
44 1161
18 1240
10 1048
46 1069
29 1152
24 1237
14 1261
23 1208
27 1013
23 1185
22 1204
46 1380
11 1223
17 1443
39 1441
38 1464
15 1289
33 1288
18 1012
41 1253
27 1406
29 1077
41 1454
15 1218
37 1446
10 1384
42 1175
28 1326
41 1169
40 1069
26 1186
48 1466
23 1017
33 1238
23 1483
46 1062
48 1291
18 1369
47 1388
35 1497
23 1098
15 1190
27 1198
41 1218
13 1063
23 1319
37 1356
18 1014
48 1132
23 1437
21 1400
34 1254
21 1105
48 1214
14 1402
24 1342
12 1134
43 1334
20 1319
28 1056
46 1402
15 1428
12 1263
46 1173
15 1420
13 1297
17 1278
44 1370
13 1223
26 1252
30 1288
10 1385
33 1092
22 1320
23 1292
35 1387
30 1071
21 1235
10 1328
22 1485
16 1112
48 1397
12 1152
16 1203
14 1365
12 1468
28 1245
18 1467
17 1449
20 1273
23 1275
23 1335
34 1336
34 1022
25 1041
24 1332
43 1290
10 1278
27 1485
10 1195
40 1291
44 1380
47 1257
12 1086
46 1396
13 1223
37 1021
46 1271
35 1077
25 1424
46 1130
32 1204
27 1470
45 1485
36 1204
49 1278
48 1281
42 1259
47 1173
10 1029
31 1475
26 1317
20 1415
19 1227
13 1195
37 1075
47 1244
37 1392
40 1370
34 1020
46 1412
21 1134
38 1158
10 1404
30 1091
23 1324
42 1025
17 1344
32 1381
31 1340
28 1316
35 1302
27 1329
49 1399
35 1002
22 1042
39 1368
11 1480
22 1384
15 1285
42 1276
24 1025
39 1412
45 1294
44 1359
15 1328
30 1118
37 1176
13 1207
16 1358
26 1165
32 1054
15 1064
11 1058
40 1415
33 1228
42 1061
41 1224
23 1288
13 1482
41 1061
49 1274
30 1013
24 1173
28 1299
20 1407
22 1202
24 1050
18 1098
29 1084
14 1226
26 1223
34 1462
36 1114
16 1134
34 1079
36 1156
45 1212
26 1326
27 1231
16 1173
18 1195
19 1456
39 1386
38 1075
47 1010
32 1232
15 1234
28 1159
40 1155
46 1254
40 1293
13 1488
23 1341
33 1006
45 1046
34 1347
29 1478
13 1424
34 1328
11 1408
18 1043
20 1112
11 1249
42 1043
44 1127
14 1411
41 1056
32 1249
48 1355
22 1369
25 1248
48 1175
30 1471
37 1199
14 1173
39 1374
18 1359
25 1245
39 1331
38 1384
35 1014
44 1006
27 1385
25 1207
27 1154
18 1389
15 1475
17 1409
31 1468
30 1489
22 1046
16 1214
23 1026
35 1174
26 1101
36 1014
28 1251
43 1118
13 1424
29 1064
23 1474
31 1409
30 1165
11 1241
22 1353
47 1316
18 1038
10 1150
23 1118
11 1408
20 1246
14 1103
19 1115
25 1059
35 1375
12 1189
21 1424
44 1205
42 1310
28 1314
36 1079
33 1173
25 1339
37 1151
33 1224
38 1030
49 1384
17 1040
26 1123
34 1216
17 1138
31 1367
34 1033
20 1004
14 1192
22 1143
46 1470
37 1287
48 1070
37 1374
46 1067
45 1279
39 1393
48 1314
12 1035
45 1034
17 1353
20 1016
39 1428
37 1075
11 1235
34 1298
31 1370
25 1375
18 1025
48 1285
22 1199
47 1399
26 1302
48 1068
31 1021
19 1058
16 1306
20 1443
49 1154
37 1093
36 1322
43 1364
20 1357
34 1011
39 1187
20 1327
35 1410
28 1293
40 1368
19 1378
45 1406
27 1102
14 1478
34 1372
22 1237
41 1302
48 1317
10 1201
19 1040
11 1368
15 1172
21 1366
11 1342
33 1249
17 1069
26 1057
45 1434
31 1261
14 1337
24 1311
34 1421
36 1202
30 1098
45 1389
17 1129
14 1454
18 1157
21 1402
30 1150
31 1402
29 1134
27 1388
10 1071
17 1155
46 1087
14 1297
42 1269
16 1293
27 1286
17 1206
33 1295
26 1311
48 1352
11 1237
33 1440
13 1070
41 1480
38 1011
16 1492
48 1423
22 1414
31 1290
45 1221
26 1172
43 1420
45 1451
29 1476
19 1027
16 1209
34 1300
33 1199
36 1395
36 1055
46 1178
23 1299
24 1149
27 1340
43 1062
24 1313
43 1000
15 1402
20 1433
40 1336
10 1020
19 1397
32 1456
47 1229
41 1318
38 1091
35 1135
32 1254
41 1050
44 1249
27 1093
42 1196
39 1053
49 1101
21 1015
10 1396
16 1195
38 1387
43 1181
38 1022
48 1394
46 1365
15 1135
25 1199
48 1319
16 1120
37 1314
11 1062
27 1473
24 1348
12 1462
38 1308
44 1050
35 1371
23 1211
27 1412
41 1014
26 1198
12 1031
12 1263
14 1202
16 1307
23 1254
36 1069
12 1381
18 1177
46 1088
39 1227
20 1123
38 1076
34 1100
17 1221
42 1399
15 1379
10 1274
40 1046
14 1333
22 1073
44 1173
42 1480
15 1035
48 1466
46 1416
40 1207
18 1344
25 1446
12 1020
44 1320
21 1359
41 1240
28 1421
30 1335
41 1033
32 1424
18 1356
41 1142
14 1069
28 1158
24 1130
45 1103
41 1135
33 1105
20 1082
44 1463
47 1441
29 1266
43 1085
39 1304
41 1133
17 1323
23 1038
19 1248
46 1374
43 1309
35 1237
43 1009
21 1179
44 1444
10 1364
21 1219
20 1071
37 1006
20 1322
25 1183
41 1273
13 1345
31 1332
23 1446
44 1444
37 1480
49 1165
44 1293
37 1442
12 1487
15 1269
18 1284
46 1436
26 1171
35 1084
27 1003
17 1219
10 1126
18 1236
20 1177
40 1288
43 1027
46 1205
23 1430
26 1394
11 1022
14 1011
39 1082
12 1264
17 1268
17 1438
18 1251
12 1050
22 1049
35 1352
21 1080
41 1479
32 1336
17 1340
10 1078
45 1288
11 1477
10 1070
37 1109
24 1158
18 1376
23 1306
39 1184
43 1128
40 1491
40 1187
38 1252
10 1056
11 1181
18 1258
36 1017
29 1373
32 1054
18 1153
41 1035
25 1315
45 1377
11 1167
16 1190
36 1139
49 1073
20 1321
24 1453
20 1045
31 1319
43 1044
24 1349
23 1418
35 1379
22 1344
33 1281
41 1426
38 1431
38 1428
25 1335
45 1361
43 1028
20 1136
29 1394
48 1251
22 1408
22 1237
11 1050
43 1003
14 1187
41 1114
17 1418
34 1090
24 1450
16 1474
46 1388
27 1055
27 1436
29 1198
27 1304
12 1126
46 1329
47 1186
22 1378
41 1254
25 1154
26 1371
37 1162
46 1012
35 1310
44 1274
22 1054
10 1199
41 1214
33 1355
29 1440
10 1027
22 1299
45 1131
38 1218
37 1172
19 1483
35 1007
23 1306
17 1081
33 1042
21 1440
31 1038
48 1098
49 1210
38 1382
32 1042
19 1144
21 1378
35 1097
19 1233
33 1343
30 1064
38 1014
20 1298
36 1403
20 1492
30 1270
32 1469
14 1220
35 1302
15 1261
24 1314
48 1148
37 1334
17 1391
10 1418
27 1156
38 1413
23 1193
36 1287
49 1053
46 1253
40 1140
20 1461
13 1028
49 1190
23 1353
25 1116
18 1268
14 1315
16 1484
39 1247
49 1223
41 1408
17 1114
44 1228
25 1194
22 1018
19 1017
27 1463
22 1455
45 1012
39 1245
15 1151
44 1136
48 1270
12 1072
47 1456
38 1024
19 1336
38 1411
23 1002
10 1328
45 1164
22 1467
43 1442
11 1328
39 1399
19 1105
28 1111
47 1130
10 1493
45 1020
19 1312
41 1401
38 1486
38 1457
12 1491
26 1029
27 1033
31 1173
34 1297
23 1036
11 1372
38 1240
20 1172
24 1135
31 1220
36 1259
42 1433
33 1021
26 1122
43 1273
27 1337
42 1056
44 1290
37 1165
47 1369
18 1338
32 1300
15 1187
38 1246
26 1301
36 1494
13 1246
34 1318
32 1134
13 1288
29 1360
41 1289
39 1055
32 1430
49 1312
11 1431
19 1185
18 1202
35 1088
35 1239
30 1064
46 1445
14 1312
11 1356
31 1257
23 1256
28 1278
38 1237
29 1468
30 1423
49 1172
31 1094
15 1258
41 1434
35 1333
10 1093
40 1365
24 1113
25 1210
11 1027
12 1471
41 1130
48 1193
25 1057
15 1401
36 1450
42 1087
35 1002
12 1282
17 1276
44 1438
10 1300
27 1104
19 1361
37 1449
49 1313
49 1494
13 1224
23 1181
12 1393
11 1024
35 1044
38 1494
33 1070
45 1428
35 1216
21 1014
18 1328
21 1377
47 1430
24 1223
22 1051
20 1186
21 1287
40 1051
43 1317
32 1061
34 1285
42 1010
16 1018
45 1351
48 1005
34 1433
47 1016
37 1461
43 1055
17 1401
42 1409
17 1112
38 1235
37 1121
30 1277
33 1035
40 1164
35 1482
15 1195
39 1214
26 1012
19 1124
13 1039
15 1255
13 1147
36 1442
45 1083
31 1234
15 1465
34 1116
46 1313
32 1386
49 1245
17 1235
11 1047
26 1279