2000 4500
31 1106
32 1331
38 1431
30 1320
37 1177
24 1490
26 1135
24 1448
19 1076
30 1446
31 1010
48 1387
19 1334
10 1149
16 1317
28 1383
48 1077
25 1168
34 1292
21 1129
25 1065
16 1470
28 1353
22 1459
12 1461
35 1380
11 1455
23 1011
10 1399
26 1205
15 1413
30 1338
25 1051
42 1222
34 1416
26 1220
14 1033
41 1213
39 1420
41 1017
12 1066
17 1301
40 1224
11 1283
21 1161
37 1239
33 1133
10 1370
35 1350
49 1000
45 1165
34 1391
23 1130
43 1414
47 1212
15 1188
17 1016
20 1444
22 1454
28 1005
33 1386
23 1000
41 1034
19 1143
19 1157
13 1491
39 1404
45 1151
31 1408
29 1153
41 1207
17 1143
47 1336
12 1132
36 1223
36 1212
33 1040
24 1346
19 1040
19 1279
22 1297
28 1260
36 1186
18 1157
36 1364
34 1493
27 1250
30 1324
14 1329
33 1149
42 1476
46 1355
25 1392
27 1000
27 1244
36 1472
20 1180
36 1004
35 1140
38 1224
23 1480
41 1296
17 1437
34 1268
37 1407
32 1308
35 1324
10 1417
21 1307
46 1474
36 1170
37 1374
17 1223
29 1431
32 1488
41 1415
15 1357
43 1372
23 1172
25 1324
24 1235
46 1165
46 1097
40 1071
29 1174
46 1010
39 1229
45 1171
41 1460
21 1109
40 1200
43 1404
19 1226
24 1455
41 1372
29 1126
14 1174
31 1096
44 1439
12 1299
42 1488
40 1042
11 1329
43 1231
12 1035
41 1050
35 1141
22 1146
43 1029
10 1153
28 1026
41 1414
25 1202
29 1465
42 1349
27 1345
35 1159
48 1418
21 1391
44 1352
10 1058
22 1129
17 1423
28 1051
42 1035
13 1467
26 1297
26 1102
25 1095
21 1093
36 1261
36 1340
10 1177
36 1002
25 1416
46 1360
15 1083
25 1097
23 1440
36 1005
49 1252
38 1212
23 1345
25 1029
15 1135
19 1405
33 1343
31 1354
34 1127
25 1490
46 1404
32 1377
14 1334
10 1053
30 1369
40 1274
18 1398
35 1008
21 1078
40 1462
30 1100
21 1107
39 1095
14 1450
23 1373
25 1042
28 1208
12 1068
11 1258
34 1064
44 1083
48 1048
32 1397
26 1465
33 1208
33 1460
40 1146
18 1365
37 1206
25 1353
16 1291
19 1057
18 1453
35 1266
29 1402
34 1471
38 1468
48 1400
22 1185
14 1365
13 1328
11 1085
40 1315
15 1419
48 1231
10 1390
13 1058
21 1455
11 1131
19 1256
31 1089
41 1276
25 1028
36 1390
19 1069
45 1248
31 1395
43 1254
43 1139
23 1399
41 1239
48 1461
47 1060
41 1015
36 1335
14 1272
21 1353
27 1462
11 1367
39 1161
14 1191
29 1422
16 1065
31 1313
15 1202
37 1144
43 1395
35 1268
36 1106
48 1049
15 1463
10 1360
36 1104
19 1019
45 1256
39 1336
22 1339
45 1088
31 1103
30 1366
46 1076
14 1253
49 1446
35 1311
38 1323
44 1466
21 1004
31 1099
12 1070
27 1321
37 1303
22 1017
22 1423
38 1459
46 1363
34 1208
17 1260
13 1234
36 1457
36 1303
20 1073
46 1337
30 1137
35 1182
45 1424
10 1082
14 1117
42 1116
39 1282
12 1010
48 1198
40 1039
32 1108
10 1341
48 1322
12 1240
48 1445
18 1325
32 1289
18 1183
46 1165
36 1032
42 1353
15 1079
49 1486
19 1274
42 1319
46 1028
40 1455
12 1137
12 1280
35 1046
24 1264
11 1215
37 1236
46 1327
41 1437
34 1194
21 1304
13 1261
24 1255
47 1472
14 1270
23 1304
12 1261
37 1275
48 1176
26 1104
19 1107
34 1126
21 1355
32 1021
41 1384
29 1350
37 1327
30 1229
48 1437
43 1300
35 1089
26 1048
46 1491
24 1408
14 1378
10 1311
16 1397
40 1437
13 1389
28 1450
43 1121
26 1323
31 1132
13 1017
15 1298
40 1312
12 1450
47 1188
24 1234
40 1187
24 1062
44 1274
15 1371
47 1205
26 1425
48 1273
15 1146
15 1213
28 1079
17 1125
42 1398
32 1121
34 1220
11 1203
37 1186
14 1387
34 1249
11 1428
30 1390
10 1184
21 1484
24 1311
34 1344
28 1222
41 1093
17 1289
37 1408
45 1302
42 1180
48 1371
26 1049
44 1348
33 1235
16 1230
11 1356
25 1284
43 1444
16 1287
33 1488
19 1158
44 1092
30 1176
21 1280
48 1313
26 1001
15 1117
29 1278
38 1075
41 1447
49 1095
11 1396
34 1002
23 1338
23 1419
31 1051
48 1441
19 1342
35 1107
23 1225
11 1439
41 1078
10 1215
46 1358
48 1278
33 1000
32 1170
31 1177
40 1139
46 1236
25 1024
38 1015
31 1170
21 1057
28 1483
15 1476
42 1249
44 1122
22 1044
49 1461
18 1258
15 1154
23 1044
13 1423
43 1204
20 1138
34 1489
26 1330
15 1120
46 1086
44 1316
21 1138
29 1385
34 1041
43 1137
15 1009
34 1278
29 1445
49 1058
47 1420
48 1281
17 1180
38 1415
44 1176
23 1344
21 1025
12 1092
29 1238
18 1234
17 1291
16 1182
45 1012
44 1055
38 1234
45 1110
32 1101
48 1248
35 1154
11 1244
47 1235
36 1412
29 1371
32 1454
26 1133
21 1175
32 1437
13 1357
40 1315
22 1436
17 1257
12 1156
28 1456
21 1293
14 1347
27 1094
13 1493
48 1243
33 1171
14 1366
43 1407
28 1176
25 1281
33 1027
13 1068
47 1331
25 1018
41 1416
22 1432
26 1490
24 1083
21 1460
42 1163
26 1387
22 1271
47 1061
29 1202
21 1086
45 1418
40 1053
45 1472
45 1367
11 1448
25 1337
31 1262
32 1128
37 1082
36 1083
11 1292
11 1279
46 1102
42 1145
20 1444
20 1299
35 1151
30 1341
36 1455
14 1438
13 1188
39 1489
24 1467
26 1367
32 1498
29 1346
43 1273
13 1032
27 1453
20 1225
48 1322
38 1229
45 1449
29 1053
14 1015
19 1157
40 1068
26 1374
44 1292
28 1016
42 1243
49 1375
12 1310
23 1467
46 1157
32 1186
46 1389
34 1497
33 1024
24 1148
25 1114
41 1183
39 1072
28 1260
34 1366
18 1300
10 1453
31 1450
29 1052
29 1206
44 1460
27 1152
45 1394
49 1296
39 1073
43 1445
15 1292
43 1226
41 1043
40 1217
38 1064
26 1064
19 1370
16 1325
25 1030
34 1386
38 1456
31 1034
40 1463
25 1090
47 1158
45 1311
25 1152
45 1476
35 1279
26 1369
10 1206
39 1287
10 1211
43 1359
45 1346
31 1336
19 1312
44 1295
16 1205
26 1429
35 1242
14 1477
19 1454
47 1132
17 1089
17 1035
20 1496
21 1335
49 1375
46 1239
40 1042
12 1109
15 1190
28 1104
31 1467
41 1237
38 1433
45 1228
24 1368
26 1309
44 1103
24 1422
25 1341
24 1366
40 1008
41 1258
30 1487
11 1237
43 1053
40 1156
37 1330
17 1487
16 1057
28 1392
41 1393
36 1395
40 1175
33 1459
42 1171
44 1224
24 1429
44 1362
18 1016
41 1366
11 1444
36 1185
16 1054
17 1061
41 1261
28 1414
28 1051
20 1204
17 1334
36 1496
15 1038
43 1164
30 1247
11 1028
33 1384
22 1025
22 1070
33 1250
16 1116
13 1475
35 1018
37 1496
24 1307
15 1144
25 1491
33 1234
44 1323
31 1323
31 1305
44 1116
40 1185
27 1030
39 1204
36 1414
16 1157
45 1493
33 1059
18 1113
11 1424
49 1479
26 1073
38 1210
15 1259
30 1083
35 1361
10 1103
22 1117
10 1027
41 1071
17 1395
24 1398
26 1015
10 1484
32 1286
46 1418
48 1050
24 1337
47 1210
18 1437
28 1098
19 1199
22 1042
25 1320
20 1215
45 1145
10 1096
41 1315
22 1258
39 1475
27 1239
32 1046
12 1390
45 1220
47 1073
11 1288
16 1229
21 1298
10 1199
10 1040
13 1026
10 1480
42 1305
26 1437
30 1151
22 1482
18 1355
26 1152
13 1349
49 1490
42 1335
30 1032
48 1184
40 1232
21 1205
35 1451
40 1498
19 1071
33 1450
13 1368
11 1373
34 1088
36 1462
21 1281
25 1268
18 1108
49 1301
23 1251
34 1338
10 1261
41 1094
38 1210
30 1016
34 1331
19 1463
35 1264
21 1228
46 1055
27 1299
26 1170
26 1234
19 1490
22 1359
21 1427
22 1391
44 1453
19 1420
35 1309
43 1259
34 1412
12 1029
16 1151
35 1297
30 1292
43 1340
31 1309
35 1378
39 1103
44 1121
28 1424
29 1428
42 1011
34 1103
27 1474
27 1316
14 1065
22 1162
47 1264
45 1383
15 1220
20 1216
19 1257
42 1353
21 1420
11 1161
17 1049
13 1448
18 1265
22 1038
41 1411
30 1338
19 1210
24 1371
41 1213
28 1177
27 1479
31 1286
21 1149
46 1071
44 1309
26 1251
42 1027
46 1245
40 1455
32 1206
13 1198
40 1369
42 1455
40 1443
22 1164
20 1410
38 1246
33 1353
23 1364
35 1124
21 1044
23 1288
15 1207
19 1204
27 1464
47 1202
34 1350
49 1133
26 1456
10 1009
12 1280
40 1467
26 1018
12 1226
25 1095
40 1126
43 1060
43 1073
41 1090
42 1321
46 1317
45 1202
44 1077
26 1174
40 1257
45 1227
13 1033
30 1403
29 1197
22 1099
36 1024
17 1051
38 1220
11 1174
20 1030
41 1201
30 1426
24 1260
21 1490
30 1496
45 1483
38 1449
26 1454
10 1064
20 1266
47 1386
42 1098
14 1439
32 1182
29 1019
16 1297
46 1139
35 1119
23 1069
37 1115
31 1112
44 1408
32 1396
42 1028
47 1151
11 1301
10 1018
35 1397
32 1130
22 1305
27 1295
45 1275
19 1273
13 1209
14 1086
37 1321
29 1144
45 1245
28 1136
11 1362
38 1461
16 1065
15 1101
21 1041
31 1105
39 1438
45 1287
24 1279
10 1023
34 1132
27 1290
49 1428
19 1092
49 1093
39 1189
31 1063
43 1054
36 1026
16 1019
31 1282
29 1000
14 1349
20 1447
44 1165
38 1093
41 1114
17 1214
28 1323
18 1274
36 1474
43 1085
40 1457
14 1054
33 1429
43 1486
45 1346
13 1288
40 1248
39 1269
35 1184
21 1182
48 1264
15 1391
43 1174
31 1253
15 1481
36 1358
28 1487
48 1177
30 1341
31 1293
36 1426
18 1218
41 1107
14 1130
13 1249
37 1301
40 1336
47 1120
27 1412
48 1469
15 1465
45 1188
27 1330
42 1381
28 1028
49 1284
47 1194
25 1444
15 1330
17 1300
37 1259
38 1177
44 1068
28 1151
24 1433
34 1075
18 1372
36 1434
36 1190
43 1194
41 1365
21 1137
30 1381
36 1400
25 1481
22 1339
25 1283
45 1414
11 1478
47 1483
16 1407
24 1191
37 1453
32 1165
30 1159
10 1339
18 1438
41 1394
21 1470
23 1144
33 1049
24 1223
30 1100
11 1037
14 1006
42 1336
41 1264
38 1459
38 1068
15 1450
23 1236
25 1005
49 1156
30 1190
49 1351
45 1229
36 1286
42 1118
45 1091
19 1418
35 1496
15 1113
10 1255
35 1298
15 1070
45 1191
19 1234
42 1199
42 1001
34 1101
37 1325
13 1468
22 1316
37 1315
34 1389
11 1282
19 1172
12 1327
16 1492
34 1358
11 1415
42 1440
32 1296
41 1058
44 1042
29 1328
40 1274
14 1232
32 1498
31 1076
27 1229
29 1267
15 1174
39 1381
32 1397
38 1461
44 1238
40 1317
34 1211
21 1267
10 1036
10 1050
40 1046
25 1434
13 1480
41 1332
47 1430
42 1096
35 1427
13 1082
47 1431
15 1304
42 1493
16 1389
40 1215
39 1440
34 1188
48 1466
30 1377
15 1458
28 1287
12 1104
35 1413
22 1129
45 1060
32 1354
18 1360
36 1315
26 1486
18 1297
33 1498
29 1356
33 1252
22 1364
31 1416
12 1251
19 1004
37 1145
40 1082
37 1246
35 1083
49 1286
10 1191
47 1175
17 1379
22 1025
10 1044
49 1327
37 1193
48 1163
27 1495
40 1211
17 1220
18 1050
23 1250
39 1222
43 1210
37 1365
41 1479
24 1158
45 1404
38 1411
24 1054
33 1267
25 1493
12 1438
36 1293
12 1480
47 1371
14 1252
15 1174
45 1163
18 1341
13 1051
35 1494
21 1004
10 1019
16 1238
11 1382
36 1123
46 1466
12 1487
37 1041
12 1303
38 1332
15 1007
48 1174
48 1381
23 1255
37 1296
27 1327
27 1288
39 1482
36 1203
27 1160
15 1383
34 1404
30 1103
23 1360
28 1465
42 1198
43 1468
12 1199
46 1445
39 1486
38 1292
25 1146
25 1084
49 1092
16 1246
30 1340
28 1192
29 1203
38 1366
37 1150
44 1246
44 1140
22 1017
46 1364
29 1067
31 1049
24 1205
15 1241
10 1250
14 1097
27 1046
44 1246
37 1274
42 1073
23 1396
37 1040
22 1183
31 1020
24 1189
32 1032
44 1216
47 1126
37 1128
38 1133
12 1409
24 1302
49 1310
10 1116
28 1151
30 1355
23 1049
27 1494
30 1288
11 1367
46 1046
42 1071
24 1182
32 1479
23 1243
23 1033
38 1213
31 1251
18 1306
41 1357
25 1335
12 1331
38 1398
44 1153
46 1099
17 1016
34 1320
45 1384
49 1015
39 1477
39 1235
41 1185
44 1133
24 1213
21 1040
17 1144
32 1276
29 1491
14 1217
15 1012
24 1234
34 1172
12 1348
11 1471
44 1288
37 1301
46 1384
33 1064
29 1206
11 1447
26 1187
34 1393
19 1468
15 1260
37 1184
17 1460
24 1037
30 1227
39 1089
21 1015
25 1308
37 1112
17 1111
40 1374
40 1111
21 1297
24 1302
17 1423
28 1089
11 1256
35 1138
20 1485
31 1364
16 1037
11 1366
12 1376
32 1130
27 1312
43 1450
12 1226
48 1326
42 1197
29 1477
48 1460
46 1393
37 1363
26 1372
42 1026
39 1347
19 1475
25 1000
40 1155
39 1238
47 1299
29 1392
46 1368
23 1471
15 1135
38 1336
40 1001
26 1440
33 1274
11 1317
15 1257
12 1215
21 1196
45 1103
30 1052
23 1477
17 1167
33 1348
16 1199
21 1452
38 1043
39 1398
33 1458
31 1104
13 1194
33 1252
16 1476
22 1353
40 1440
42 1135
13 1374
35 1264
18 1007
12 1174
45 1019
46 1187
17 1136
38 1110
38 1100
35 1023
14 1368
40 1129
42 1282
13 1309
17 1497
12 1063
17 1142
43 1054
22 1444
42 1122
48 1251
23 1458
27 1226
45 1141
23 1103
10 1246
16 1156
10 1263
21 1322
47 1015
35 1337
36 1274
30 1270
26 1446
23 1190
22 1404
30 1170
28 1186
23 1065
11 1177
10 1427
21 1359
18 1223
41 1464
12 1422
14 1180
41 1380
20 1223
20 1238
13 1350
24 1465
49 1449
15 1353
28 1235
44 1451
48 1188
42 1378
24 1166
43 1271
29 1040
32 1207
12 1071
16 1196
33 1385
31 1048
40 1286
44 1149
47 1190
18 1260
18 1249
13 1029
44 1219
36 1132
30 1048
10 1117
41 1292
48 1398
45 1032
25 1218
48 1272
49 1439
32 1220
19 1311
47 1422
27 1423
30 1375
32 1178
41 1265
14 1235
46 1277
18 1072
22 1026
43 1474
45 1028
25 1388
39 1159
43 1026
22 1424
33 1313
46 1027
29 1201
41 1098
49 1238
34 1233
26 1065
40 1257
36 1046
48 1324
14 1048
20 1162
34 1355
43 1083
39 1409
38 1286
33 1030
23 1481
10 1115
15 1032
47 1040
46 1474
19 1388
12 1301
38 1267
17 1393
14 1441
31 1393
16 1218
27 1316
48 1465
44 1064
20 1029
21 1403
18 1147
12 1381
48 1266
31 1493
21 1045
24 1216
44 1203
46 1149
17 1149
31 1165
36 1110
40 1381
19 1439
30 1165
30 1488
29 1414
22 1270
32 1381
24 1012
30 1372
34 1043
34 1115
46 1014
46 1457
33 1060
27 1144
49 1116
45 1498
14 1130
41 1397
19 1066
28 1012
24 1373
43 1060
36 1032
17 1498
17 1406
48 1254
20 1020
12 1391
38 1135
10 1369
48 1266
18 1178
15 1412
36 1292
45 1335
15 1492
31 1028
19 1328
30 1349
14 1255
33 1030
33 1438
18 1381
21 1310
32 1202
25 1316
40 1300
48 1108
28 1070
20 1351
22 1148
44 1111
40 1343
31 1104
33 1390
39 1023
36 1008
23 1194
42 1168
47 1107
38 1173
46 1369
26 1012
48 1480
23 1011
26 1394
24 1339
17 1361
14 1289
38 1371
10 1149
38 1223
30 1264
22 1499
24 1139
13 1263
19 1158
49 1493
47 1025
38 1477
30 1167
41 1025
20 1069
13 1457
48 1070
48 1481
24 1048
19 1210
23 1385
46 1128
39 1077
27 1247
15 1471
39 1459
12 1358
47 1470
16 1282
34 1074
12 1197
16 1077
17 1308
30 1368
35 1049
49 1360
33 1306
26 1159
13 1313
38 1157
41 1146
30 1364
20 1223
45 1245
25 1142
30 1010
11 1477
45 1419
35 1200
48 1101
18 1418
37 1463
27 1140
26 1208
34 1118
19 1360
48 1355
25 1043
24 1233
12 1298
26 1324
38 1342
41 1354
17 1107
37 1277
35 1149
48 1276
40 1064
14 1019
38 1399
36 1384
21 1270
35 1210
32 1270
15 1462
12 1092
34 1322
43 1012
14 1344
11 1191
25 1141
39 1129
31 1082
37 1118
25 1290
17 1122
36 1204
22 1283
49 1278
25 1422
11 1484
40 1310
13 1098
38 1001
44 1390
28 1243
41 1300
34 1086
19 1142
37 1368
36 1234
45 1035
11 1256
33 1220
15 1398
13 1371
41 1407
13 1083
47 1355
13 1496
45 1485
41 1304
20 1320
33 1101
36 1412
34 1250
42 1032
35 1315
10 1162
23 1356
12 1031
17 1215
43 1346
28 1457
30 1141
13 1282
38 1377
32 1185
38 1446
19 1144
38 1140
28 1436
18 1261
25 1418
16 1182
16 1053
21 1070
21 1262
12 1119
20 1257
25 1167
14 1310
24 1249
29 1043
24 1496
32 1430
34 1104
39 1426
10 1257
42 1320
43 1491
40 1188
44 1062
36 1443
39 1325
23 1491
17 1437
36 1100
47 1246
26 1378
20 1426
36 1280
28 1324
27 1298
13 1050
49 1044
28 1155
26 1439
20 1012
21 1262
18 1431
12 1057
34 1041
12 1446
44 1008
23 1161
35 1177
48 1409
23 1115
37 1473
35 1277
21 1387
21 1451
14 1438
26 1024
46 1137
15 1400
12 1222
43 1164
32 1209
38 1275
47 1309
10 1158
47 1421
28 1426
17 1447
26 1279
39 1287
46 1301
41 1279
17 1492
12 1309
23 1090
20 1354
36 1244
24 1468
19 1159
47 1253
31 1239
25 1168
21 1433
49 1481
14 1001
18 1004
13 1211
19 1361
10 1259
36 1231
25 1259
29 1248
22 1230
34 1484
38 1460
44 1179
43 1298
27 1493
43 1480
25 1344
41 1350
42 1368
17 1084
15 1106
10 1054
26 1370
27 1108
32 1450
38 1029
13 1370
25 1461
40 1044
11 1416
28 1384
14 1074
47 1093
37 1401
45 1165
15 1278
26 1342
12 1049
15 1293
31 1194
20 1266
22 1476
33 1250
45 1249
36 1319
26 1440
33 1364
20 1262
45 1395
15 1222
32 1001
10 1006
48 1496
33 1360
32 1037
49 1460
30 1347
37 1198
13 1422
16 1116
37 1233
38 1358
42 1418
44 1197
33 1157
49 1330
23 1135
13 1425
41 1469
35 1267
22 1027
10 1460
33 1165
38 1062
31 1482
19 1165
13 1336
45 1290
36 1046
45 1355
40 1022
30 1043
37 1004
48 1131
45 1235
17 1439
48 1142
37 1137
10 1347
19 1020
26 1406
26 1262
16 1339
43 1048
26 1092
39 1222
34 1268
31 1290
21 1155
37 1216
37 1138
41 1143
20 1498
43 1050
11 1191
34 1343
39 1282
36 1265
33 1412
14 1044
41 1162
44 1486
48 1371
37 1319
11 1344
42 1289
42 1219
49 1434
36 1243
13 1335
27 1259
16 1152
48 1106
10 1207
21 1329
23 1157
35 1064
48 1071
27 1216
10 1263
16 1466
46 1206
24 1473
37 1225
16 1383
44 1240
18 1160
49 1449
14 1184
24 1448
43 1236
49 1242
49 1494
37 1397
23 1302
22 1305
24 1408
27 1405
26 1233
13 1435
29 1227
22 1079
46 1258
31 1454
11 1469
21 1388
30 1028
33 1047
49 1095
24 1371
35 1477
36 1254
14 1375
47 1092
18 1471
40 1401
29 1156
22 1040
28 1380
49 1244
37 1215
22 1351
12 1486
29 1065
47 1365
44 1163
38 1398
40 1318
40 1162
42 1037
46 1379
15 1293
29 1436
37 1105
25 1026
32 1123
48 1424
38 1284
14 1298
46 1177
27 1050
25 1015
24 1449
13 1340
35 1143
41 1282
17 1119
26 1391
13 1098
15 1332
42 1295
35 1035
43 1112
10 1120
49 1394
34 1398
37 1208
48 1476
24 1241
15 1462
15 1100
10 1114
33 1476
48 1132
44 1143
13 1332
40 1309
46 1141
15 1300
15 1137
45 1320