2500 6500
46 1298
12 1149
35 1155
14 1014
45 1314
11 1178
29 1191
37 1336
33 1429
27 1237
48 1158
42 1020
45 1305
48 1038
36 1395
33 1047
13 1057
26 1288
23 1049
26 1132
32 1159
16 1233
30 1379
27 1099
32 1411
34 1186
18 1383
37 1460
47 1329
49 1194
38 1326
46 1197
33 1336
24 1338
20 1313
11 1204
36 1308
35 1472
30 1330
47 1012
15 1312
45 1217
43 1291
26 1320
16 1286
40 1174
24 1258
28 1447
26 1348
23 1004
36 1487
33 1437
30 1441
42 1258
26 1402
32 1277
13 1185
10 1417
15 1028
18 1265
28 1175
33 1368
26 1237
23 1333
11 1141
28 1215
15 1393
13 1015
44 1351
48 1420
26 1311
44 1433
18 1138
18 1269
16 1267
14 1032
30 1194
39 1223
32 1418
22 1463
11 1041
12 1208
47 1202
35 1472
10 1031
24 1341
28 1116
38 1064
28 1444
45 1368
18 1140
19 1213
24 1358
32 1329
38 1352
47 1204
30 1042
23 1039
39 1075
11 1174
47 1007
16 1130
33 1036
21 1232
17 1075
22 1162
39 1112
21 1284
43 1125
23 1128
16 1439
43 1428
43 1117
21 1387
30 1113
34 1135
28 1264
45 1230
30 1190
35 1327
30 1408
19 1006
15 1276
30 1277
33 1048
15 1236
16 1344
24 1231
26 1272
22 1108
26 1125
26 1307
14 1047
46 1327
30 1094
35 1285
49 1158
32 1431
46 1233
42 1069
32 1072
46 1343
33 1281
41 1004
44 1060
26 1429
22 1137
32 1204
30 1121
30 1428
49 1135
16 1446
37 1216
18 1391
19 1257
38 1333
23 1039
49 1413
10 1451
34 1319
12 1413
11 1470
27 1073
22 1265
19 1309
47 1009
30 1059
43 1031
13 1162
43 1415
30 1131
16 1257
32 1202
47 1487
32 1174
48 1092
35 1272
25 1348
37 1317
19 1013
39 1193
20 1326
49 1022
47 1141
42 1361
17 1492
28 1266
11 1198
11 1034
30 1446
23 1467
21 1110
12 1031
37 1431
24 1057
48 1314
31 1292
14 1464
40 1359
25 1276
23 1475
46 1421
25 1304
29 1109
25 1137
45 1206
30 1157
21 1076
48 1023
11 1259
40 1339
14 1120
19 1176
28 1020
49 1149
37 1442
19 1126
47 1385
32 1360
17 1379
14 1321
39 1205
30 1202
36 1458
33 1413
41 1001
10 1499
39 1416
16 1119
39 1462
47 1040
23 1316
19 1119
31 1183
46 1395
42 1083
41 1200
23 1130
36 1260
14 1022
21 1485
16 1095
25 1143
48 1042
47 1067
27 1415
31 1351
45 1232
40 1429
41 1363
15 1037
41 1489
36 1237
17 1084
25 1352
25 1079
19 1302
20 1009
37 1227
37 1074
35 1311
11 1038
33 1431
10 1104
43 1452
12 1011
28 1457
48 1309
28 1303
40 1203
27 1374
47 1182
44 1325
17 1179
33 1319
12 1314
37 1300
31 1055
30 1220
21 1373
33 1245
40 1011
29 1105
42 1155
13 1401
41 1200
38 1438
23 1376
35 1434
29 1262
39 1113
36 1038
24 1032
34 1296
33 1357
42 1375
34 1450
44 1001
25 1493
20 1023
46 1377
11 1472
34 1072
24 1295
21 1499
39 1005
17 1001
35 1474
38 1428
12 1163
42 1338
29 1391
40 1458
17 1450
39 1167
49 1140
40 1023
26 1159
45 1014
48 1259
28 1129
32 1211
23 1126
12 1174
12 1194
44 1457
47 1117
12 1487
14 1199
28 1038
11 1494
20 1421
10 1150
47 1106
37 1066
31 1392
23 1313
21 1250
26 1115
42 1451
22 1006
41 1473
22 1397
34 1254
35 1276
18 1369
24 1138
42 1286
10 1086
15 1254
39 1124
12 1175
35 1380
45 1044
24 1328
24 1462
10 1094
33 1369
27 1014
31 1148
34 1385
10 1474
39 1498
13 1019
47 1246
27 1443
14 1183
17 1180
33 1491
19 1249
15 1497
15 1114
43 1449
24 1184
40 1448
20 1488
40 1310
29 1002
33 1291
30 1419
34 1312
18 1324
13 1029
16 1217
13 1294
46 1116
39 1206
44 1115
28 1425
34 1396
49 1099
20 1165
39 1156
36 1354
10 1137
29 1021
37 1191
18 1474
25 1383
48 1096
26 1047
39 1351
16 1308
21 1179
30 1273
21 1231
22 1299
22 1199
27 1225
36 1013
29 1303
37 1008
10 1090
12 1240
36 1111
16 1160
46 1459
21 1346
32 1265
41 1448
10 1145
36 1248
38 1029
10 1070
10 1074
48 1441
48 1267
25 1167
18 1045
44 1092
47 1058
38 1083
21 1007
35 1064
15 1106
10 1152
14 1087
11 1005
45 1469
31 1356
37 1000
41 1000
22 1056
21 1328
39 1490
11 1147
41 1326
18 1127
36 1312
25 1028
32 1040
45 1224
22 1230
41 1284
17 1326
44 1493
24 1130
17 1333
34 1451
28 1159
27 1075
38 1448
17 1371
31 1387
30 1100
38 1285
10 1007
34 1380
24 1020
29 1494
18 1110
31 1261
22 1242
25 1447
34 1496
10 1193
29 1220
33 1124
39 1419
30 1135
33 1467
41 1206
44 1178
13 1155
45 1208
13 1247
10 1267
14 1403
15 1389
18 1451
26 1305
37 1121
25 1150
16 1406
11 1167
36 1352
29 1381
22 1093
44 1385
32 1195
12 1486
39 1487
29 1056
26 1123
16 1283
20 1431
48 1175
18 1225
35 1422
39 1496
37 1031
17 1367
40 1490
43 1132
38 1138
15 1377
24 1184
43 1128
49 1340
30 1125
25 1312
12 1213
46 1238
23 1386
35 1220
47 1125
40 1039
19 1199
38 1423
15 1410
41 1004
11 1227
44 1011
23 1279
44 1185
28 1043
36 1024
15 1368
29 1411
44 1475
39 1092
19 1463
17 1095
21 1461
45 1473
23 1384
38 1485
15 1406
27 1421
19 1344
25 1364
10 1496
25 1012
10 1317
17 1427
42 1340
38 1002
28 1030
28 1349
44 1204
18 1272
36 1069
39 1417
42 1241
39 1414
28 1099
16 1239
27 1129
22 1401
49 1454
25 1269
29 1390
25 1114
15 1020
37 1385
28 1416
33 1459
32 1414
18 1488
11 1050
33 1068
40 1010
30 1302
43 1284
49 1376
39 1205
26 1112
15 1129
35 1079
49 1307
26 1490
36 1307
18 1082
34 1091
26 1422
34 1060
18 1170
16 1349
22 1011
34 1379
47 1262
49 1325
12 1436
43 1338
22 1269
34 1146
48 1054
14 1465
37 1275
37 1130
26 1219
20 1439
30 1359
23 1361
12 1395
33 1162
45 1238
12 1319
26 1050
20 1433
10 1081
22 1422
34 1303
35 1458
24 1380
16 1095
17 1209
28 1152
17 1311
26 1133
49 1488
49 1149
42 1325
47 1212
23 1365
32 1396
48 1154
42 1418
11 1357
41 1295
10 1262
33 1135
14 1302
24 1478
12 1203
21 1049
21 1016
40 1064
21 1119
41 1016
31 1190
16 1234
21 1291
35 1457
21 1221
25 1217
44 1149
43 1167
46 1462
17 1188
15 1276
32 1382
35 1285
39 1108
37 1189
27 1126
38 1466
41 1318
23 1358
47 1374
27 1453
34 1097
15 1414
32 1051
35 1164
19 1093
35 1457
33 1408
47 1374
19 1443
10 1226
20 1226
41 1211
13 1424
31 1214
36 1437
32 1082
17 1204
48 1170
39 1448
38 1290
42 1201
10 1060
18 1376
17 1028
11 1099
46 1069
32 1170
32 1485
13 1498
18 1104
38 1360
17 1076
36 1179
28 1426
27 1011
47 1367
19 1363
23 1251
16 1047
12 1158
47 1117
15 1201
17 1402
41 1439
42 1035
26 1231
28 1099
34 1202
45 1368
19 1197
27 1479
37 1114
48 1433
11 1472
44 1062
25 1352
14 1423
36 1453
33 1447
37 1397
44 1236
17 1444
25 1399
18 1419
19 1398
40 1002
28 1334
22 1195
40 1491
38 1363
36 1076
19 1263
45 1025
25 1369
11 1049
32 1288
17 1281
19 1144
42 1342
21 1040
41 1191
41 1480
24 1424
41 1138
49 1358
15 1485
21 1493
33 1231
49 1157
43 1411
46 1396
48 1447
46 1307
46 1153
20 1434
16 1240
16 1008
23 1302
46 1380
42 1303
14 1189
12 1175
33 1452
18 1413
44 1480
44 1065
34 1266
41 1149
13 1419
10 1369
44 1426
41 1110
37 1229
18 1407
12 1203
30 1262
11 1020
23 1343
27 1125
29 1459
42 1243
32 1226
26 1182
44 1170
42 1399
41 1196
22 1198
16 1014
45 1186
13 1275
39 1248
17 1154
13 1215
38 1493
38 1051
29 1145
35 1290
22 1043
14 1267
32 1187
47 1284
34 1236
46 1461
43 1184
23 1340
46 1180
38 1078
39 1222
30 1490
28 1001
32 1318
25 1365
13 1413
21 1097
10 1484
18 1312
35 1464
45 1416
43 1297
41 1386
43 1178
11 1217
26 1406
18 1245
14 1372
29 1195
38 1220
38 1392
25 1051
25 1023
19 1401
29 1455
35 1250
41 1040
44 1381
20 1189
27 1376
21 1451
12 1113
37 1495
32 1242
47 1239
40 1295
30 1183
12 1184
14 1341
37 1387
30 1111
39 1325
38 1369
28 1353
37 1353
22 1192
46 1078
17 1023
28 1474
10 1166
17 1221
34 1159
40 1203
10 1197
16 1276
37 1346
48 1028
39 1308
26 1009
15 1187
28 1455
23 1486
45 1126
47 1188
44 1284
32 1179
33 1067
40 1423
46 1267
38 1139
13 1145
12 1222
14 1304
36 1277
49 1114
18 1272
44 1157
37 1092
12 1337
13 1445
28 1107
10 1154
38 1109
17 1093
18 1212
23 1242
45 1003
14 1251
23 1283
25 1387
25 1489
40 1492
30 1427
21 1462
22 1034
45 1247
15 1138
38 1010
48 1101
44 1105
29 1156
30 1273
22 1401
30 1157
45 1298
27 1248
45 1152
30 1213
29 1462
40 1031
26 1459
31 1180
31 1406
39 1233
10 1189
13 1340
49 1360
47 1239
45 1479
10 1121
19 1388
23 1115
15 1227
39 1432
34 1281
30 1392
26 1376
39 1447
20 1462
12 1349
12 1373
46 1279
23 1209
48 1152
39 1413
10 1370
22 1216
15 1171
24 1446
31 1031
34 1253
12 1369
12 1477
32 1290
23 1430
33 1370
36 1239
32 1058
35 1197
37 1130
38 1493
31 1104
44 1255
12 1025
29 1286
49 1227
17 1114
43 1444
47 1395
27 1060
30 1054
33 1036
40 1154
41 1286
23 1208
11 1336
25 1472
43 1225
13 1206
38 1021
10 1097
12 1124
32 1326
21 1285
27 1363
44 1379
21 1459
41 1279
47 1186
28 1140
35 1243
27 1065
44 1094
16 1071
34 1272
47 1262
12 1299
24 1484
38 1205
28 1202
32 1191
41 1118
36 1021
32 1383
20 1433
31 1054
34 1164
44 1391
19 1119
47 1465
29 1169
14 1257
34 1069
32 1113
42 1173
22 1197
48 1080
14 1373
15 1232
11 1382
35 1182
18 1414
21 1104
44 1208
13 1372
40 1250
15 1473
36 1398
35 1382
34 1307
25 1062
42 1179
30 1311
12 1493
48 1148
17 1076
47 1260
30 1072
20 1277
44 1028
45 1311
27 1423
24 1100
32 1026
36 1306
14 1360
25 1020
13 1480
22 1470
41 1149
41 1246
15 1432
20 1359
36 1299
41 1095
22 1428
22 1173
10 1024
48 1433
27 1463
46 1303
12 1316
28 1289
43 1223
45 1332
47 1073
49 1107
27 1084
45 1356
47 1121
14 1439
13 1296
41 1320
27 1027
49 1465
47 1378
49 1163
36 1435
19 1239
15 1065
44 1462
43 1158
18 1034
44 1228
32 1272
40 1345
14 1148
34 1283
46 1395
29 1014
43 1301
15 1382
28 1057
10 1093
17 1314
44 1108
20 1170
29 1177
39 1420
14 1320
12 1419
12 1409
18 1365
18 1048
24 1069
30 1193
36 1044
48 1040
19 1262
46 1075
43 1039
34 1279
48 1401
28 1285
34 1283
14 1354
31 1420
11 1428
39 1207
44 1154
14 1264
28 1175
11 1111
25 1184
29 1130
38 1330
23 1147
47 1106
29 1197
39 1293
22 1092
41 1035
44 1256
17 1396
14 1259
28 1081
38 1103
45 1300
25 1400
33 1154
47 1276
39 1481
12 1137
38 1479
14 1216
23 1376
38 1153
47 1419
15 1260
18 1361
40 1385
20 1453
22 1076
15 1101
43 1363
45 1104
29 1315
19 1245
10 1180
41 1434
32 1262
35 1277
12 1021
26 1221
38 1348
14 1345
23 1429
30 1182
39 1217
26 1165
25 1289
36 1122
37 1370
17 1173
47 1495
48 1236
25 1201
48 1088
47 1054
13 1312
37 1479
45 1039
20 1290
41 1273
40 1465
10 1378
16 1152
22 1247
47 1458
40 1349
49 1229
49 1259
41 1489
27 1211
43 1460
34 1144
17 1071
12 1453
32 1216
31 1491
36 1140
15 1032
36 1179
10 1097
41 1357
43 1163
21 1468
27 1213
42 1009
33 1186
41 1416
18 1007
37 1135
15 1024
27 1483
36 1222
31 1268
33 1190
18 1242
43 1115
18 1389
16 1212
31 1163
20 1310
48 1301
48 1297
12 1151
29 1340
18 1268
41 1192
15 1362
36 1059
32 1111
38 1040
26 1339
22 1456
31 1425
12 1349
12 1378
25 1366
21 1117
13 1381
20 1261
19 1270
28 1138
26 1156
23 1001
27 1258
49 1365
19 1260
21 1234
26 1405
42 1157
48 1275
15 1302
17 1047
41 1283
45 1028
47 1391
25 1434
10 1449
14 1386
40 1355
24 1197
47 1177
34 1162
25 1013
34 1218
28 1254
24 1018
15 1295
26 1459
44 1151
14 1372
18 1223
31 1356
32 1219
41 1360
29 1051
25 1166
10 1143
40 1154
17 1179
21 1353
17 1465
32 1132
38 1402
10 1099
14 1197
47 1455
35 1072
25 1279
30 1238
28 1092
19 1265
29 1014
49 1044
20 1286
17 1088
49 1150
41 1179
44 1178
18 1078
31 1142
36 1217
43 1163
46 1353
24 1098
27 1145
28 1425
10 1219
46 1060
49 1338
14 1170
48 1146
25 1301
44 1311
47 1053
44 1200
21 1321
16 1349
18 1035
39 1168
13 1490
29 1231
24 1223
32 1495
29 1125
42 1320
12 1135
21 1385
43 1157
18 1256
41 1293
30 1408
32 1389
42 1359
37 1025
49 1057
35 1488
35 1145
47 1242
30 1025
31 1173
30 1106
17 1448
42 1414
17 1309
41 1323
42 1207
43 1471
10 1434
41 1417
10 1479
23 1424
19 1239
39 1097
20 1333
28 1222
35 1345
19 1092
34 1034
47 1472
34 1148
13 1379
37 1446
14 1346
36 1379
28 1345
45 1265
32 1379
20 1397
38 1154
39 1082
14 1473
26 1487
13 1499
37 1477
12 1445
31 1270
41 1269
22 1422
10 1188
34 1098
27 1014
41 1097
32 1226
22 1131
33 1276
28 1132
34 1044
13 1317
39 1457
23 1307
35 1090
37 1476
15 1307
17 1080
37 1373
25 1156
21 1428
21 1020
28 1271
43 1306
27 1352
15 1326
47 1105
44 1021
33 1138
21 1118
31 1402
26 1127
17 1335
28 1078
43 1489
31 1002
33 1384
35 1070
29 1234
18 1264
24 1295
38 1458
49 1497
23 1437
19 1223
13 1202
26 1291
13 1240
14 1302
35 1028
23 1355
23 1043
16 1340
45 1302
19 1084
12 1289
42 1354
49 1109
28 1400
15 1157
27 1395
19 1094
18 1233
41 1123
19 1254
16 1273
42 1045
34 1415
43 1222
40 1027
10 1080
12 1405
40 1083
19 1128
26 1269
25 1275
26 1392
24 1344
14 1073
35 1017
20 1404
11 1218
12 1197
24 1018
26 1058
40 1373
47 1387
42 1455
28 1311
36 1321
35 1495
30 1157
27 1247
42 1197
21 1244
41 1382
33 1415
35 1138
47 1127
39 1461
34 1096
37 1246
22 1389
10 1485
12 1017
34 1325
16 1388
30 1430
23 1084
40 1462
46 1128
25 1117
48 1063
49 1276
46 1226
19 1332
17 1219
38 1119
35 1497
21 1071
48 1248
19 1062
31 1022
30 1002
10 1011
29 1346
29 1073
26 1194
30 1212
48 1446
18 1346
26 1293
49 1387
31 1247
31 1148
10 1470
11 1315
12 1264
15 1225
42 1340
13 1304
22 1124
38 1493
39 1161
12 1068
36 1165
46 1183
15 1376
42 1350
37 1161
24 1065
34 1159
13 1351
40 1135
17 1335
16 1057
21 1225
26 1208
22 1419
41 1445
25 1376
35 1449
31 1204
45 1243
43 1149
28 1262
21 1284
37 1312
33 1432
38 1025
26 1002
48 1464
33 1297
21 1499
34 1022
17 1400
23 1497
44 1028
46 1206
19 1149
47 1209
32 1407
47 1332
31 1269
17 1312
33 1082
46 1460
37 1347
12 1100
11 1304
34 1241
16 1331
32 1460
47 1353
24 1465
26 1372
11 1387
27 1433
39 1406
23 1044
45 1330
45 1293
30 1361
23 1209
47 1152
22 1145
46 1074
26 1354
12 1395
42 1169
42 1033
40 1224
31 1011
25 1435
42 1376
26 1465
30 1116
17 1013
46 1350
48 1304
31 1294
25 1337
35 1237
28 1157
29 1069
24 1140
42 1042
15 1489
10 1150
31 1230
36 1434
27 1280
30 1454
32 1376
27 1278
33 1344
14 1303
21 1162
18 1479
40 1043
39 1491
22 1431
24 1163
13 1061
36 1341
43 1096
18 1083
37 1324
24 1218
18 1263
36 1257
41 1184
38 1411
48 1111
13 1099
29 1240
34 1437
24 1460
48 1391
40 1121
48 1192
49 1194
46 1246
26 1472
41 1423
23 1086
20 1242
27 1144
44 1222
39 1045
31 1320
45 1138
11 1323
35 1239
25 1058
39 1330
36 1157
24 1194
33 1211
25 1022
20 1207
25 1228
36 1297
25 1086
42 1359
23 1312
19 1124
41 1415
34 1317
24 1482
16 1180
13 1021
49 1215
44 1214
33 1424
12 1216
17 1487
29 1274
14 1102
36 1392
11 1171
48 1492
27 1256
23 1047
25 1113
16 1291
21 1456
30 1079
43 1394
37 1459
20 1296
40 1046
38 1080
16 1122
44 1141
45 1123
15 1047
10 1009
31 1109
22 1084
36 1382
49 1228
33 1021
12 1164
26 1026
36 1282
30 1304
48 1364
31 1426
26 1111
40 1213
43 1164
33 1032
18 1222
27 1413
23 1300
21 1360
11 1019
17 1190
20 1148
38 1217
23 1247
16 1497
25 1341
47 1312
37 1460
27 1131
26 1341
26 1293
29 1071
24 1095
32 1162
27 1326
45 1071
34 1456
45 1277
36 1075
46 1490
23 1413
10 1016
33 1135
23 1438
22 1205
31 1083
30 1139
16 1063
20 1288
26 1439
10 1189
16 1218
27 1107
29 1338
23 1139
28 1475
49 1067
21 1229
48 1051
36 1305
14 1461
34 1493
25 1331
25 1317
17 1276
25 1119
40 1245
33 1314
40 1009
31 1494
17 1282
26 1383
36 1318
48 1139
36 1198
30 1480
22 1450
27 1115
37 1484
30 1021
36 1161
48 1477
40 1312
31 1208
24 1096
23 1033
26 1440
45 1239
30 1499
26 1177
32 1386
36 1461
15 1321
13 1009
35 1355
48 1235
16 1235
16 1122
11 1049
33 1182
29 1231
19 1376
11 1211
49 1280
26 1178
10 1120
27 1392
34 1442
40 1477
47 1026
29 1453
30 1131
21 1451
37 1290
31 1100
37 1411
20 1430
38 1416
16 1405
30 1017
41 1166
29 1399
12 1404
47 1068
20 1306
10 1441
39 1020
23 1413
44 1073
34 1499
16 1339
20 1417
14 1042
19 1465
18 1295
47 1124
30 1022
28 1338
16 1036
33 1053
32 1468
15 1240
31 1206
35 1464
21 1096
45 1426
38 1235
26 1223
12 1175
46 1417
33 1340
26 1114
42 1429
17 1417
18 1039
35 1290
49 1478
32 1141
16 1280
17 1009
33 1171
40 1239
25 1052
45 1330
39 1193
45 1006
42 1289
34 1436
26 1045
22 1222
12 1001
15 1023
43 1493
47 1194
44 1452
46 1476
48 1268
47 1306
48 1148
35 1171
10 1053
23 1028
45 1313
38 1062
19 1423
23 1127
49 1106
26 1052
38 1221
38 1495
23 1416
34 1136
13 1361
10 1340
15 1357
21 1443
36 1259
43 1477
11 1058
12 1361
12 1108
32 1262
10 1106
42 1038
30 1494
46 1027
18 1339
47 1159
20 1492
32 1305
28 1178
43 1348
35 1059
49 1210
15 1424
14 1442
46 1245
12 1362
39 1203
16 1119
31 1142
45 1194
18 1004
29 1160
10 1444
29 1118
26 1095
17 1051
34 1314
27 1235
25 1169
44 1342
30 1262
48 1199
24 1330
18 1201
22 1124
19 1322
36 1223
34 1419
25 1143
48 1186
19 1022
11 1035
29 1014
31 1250
49 1369
25 1347
42 1344
25 1050
49 1276
13 1262
24 1013
44 1232
13 1069
11 1032
48 1325
12 1288
12 1276
20 1182
41 1165
35 1302
26 1170
10 1389
35 1384
20 1493
31 1079
12 1237
14 1419
37 1084
36 1412
49 1001
11 1207
31 1288
19 1003
14 1461
19 1315
49 1174
32 1448
25 1451
38 1381
31 1349
22 1327
46 1307
40 1400
20 1440
13 1017
37 1165
29 1397
15 1447
40 1095
36 1085
42 1478
40 1446
28 1446
45 1126
32 1403
49 1461
20 1162
34 1134
20 1247
39 1116
19 1422
29 1296
25 1104
12 1258
11 1384
32 1086
20 1405
20 1410
24 1017
40 1308
36 1015
29 1204
34 1114
11 1257
14 1002
48 1349
42 1064
40 1176
24 1065
47 1423
49 1477
11 1295
28 1044
11 1124
15 1145
12 1425
14 1172
32 1341
41 1407
29 1103
33 1314
15 1395
10 1318
38 1242
30 1108
39 1483
40 1294
15 1362
33 1367
16 1288
14 1411
35 1353
24 1361
44 1411
42 1340
44 1239
47 1021
41 1412
16 1146
45 1271
33 1323
30 1009
14 1184
26 1001
39 1415
23 1015
17 1025
13 1189
10 1199
24 1336
27 1174
33 1173
20 1015
19 1157
35 1228
18 1134
46 1295
16 1053
36 1161
44 1400
20 1427
40 1064
22 1132
14 1097
25 1366
21 1173
25 1173
24 1135
41 1225
10 1094
29 1121
21 1299
40 1405
26 1175
44 1028
32 1270
18 1180
33 1246
39 1275
16 1264
44 1177
15 1359
27 1154
47 1297
33 1486
22 1402
14 1186
31 1144
49 1280
19 1161
43 1153
43 1464
30 1444
38 1309
14 1049
44 1461
32 1162
45 1241
40 1370
47 1133
25 1478
32 1232
43 1312
39 1489
24 1185
35 1282
15 1460
37 1036
13 1207
28 1381
29 1495
37 1158
20 1426
40 1201
30 1152
39 1166
25 1102
18 1262
31 1153
17 1188
47 1289
36 1082
12 1195
35 1227
17 1023
48 1020
42 1190
40 1020
34 1212
48 1302
20 1493
22 1411
46 1098
11 1323
26 1457
32 1423
34 1156
26 1328
31 1341
29 1334
24 1109
34 1305
25 1243
26 1263
33 1032
39 1419
41 1069
14 1319
36 1359
26 1464
20 1093
11 1396
34 1377
37 1030
23 1219
18 1317
15 1151
10 1327
19 1186
37 1490
41 1228
36 1081
41 1079
34 1435
43 1159
30 1496
21 1375
28 1000
35 1310
47 1445
41 1009
42 1123
41 1223
15 1142
34 1245
18 1468
31 1299
30 1213
15 1194
20 1224
43 1252
30 1427
10 1112
28 1399
43 1314
40 1362
33 1293
36 1448
40 1365
26 1213
45 1016
29 1492
35 1213
24 1018
42 1262
43 1285
33 1478
16 1486
42 1344
28 1079
37 1392
34 1059
42 1238
34 1270
19 1122
26 1091
25 1275
41 1452
48 1322
40 1049
32 1307
39 1157
46 1107
14 1419
27 1489
48 1034
10 1102
27 1357
11 1174
10 1215
30 1247
44 1395
37 1043
37 1454
31 1253
18 1267
36 1332
18 1434
25 1228
33 1187
24 1350
23 1272
36 1281
16 1468
43 1352
39 1434
17 1097
28 1459
22 1355
45 1211
15 1105
27 1151
41 1473
32 1043
35 1217
15 1282
30 1039
18 1310
22 1182
23 1330
24 1101
40 1294
12 1226
20 1453
48 1270
29 1082
37 1441
13 1038
24 1257
36 1216
34 1430
16 1131
48 1485
31 1443
29 1144
30 1416
23 1073
26 1066
24 1160
37 1425
15 1031
27 1025
39 1416
14 1142
38 1202
26 1013
44 1101
16 1211
24 1149
45 1496
48 1253
14 1459
35 1084
42 1072
29 1334
33 1117
32 1249
15 1163
39 1100
30 1422
27 1462
47 1132
43 1353
16 1496
47 1190
20 1434
15 1486
27 1168
20 1014
17 1084
16 1391
48 1473
19 1071
21 1496
37 1110
11 1257
10 1065
27 1256
22 1100
15 1185
15 1064
23 1485
43 1106
11 1012
23 1378
19 1411
13 1446
46 1072
13 1446
25 1176
40 1175
33 1439
23 1461
40 1339
39 1381
37 1195
15 1483
11 1374
35 1248
44 1046
21 1479
32 1350
49 1267
22 1130
48 1306
44 1253
44 1409
17 1166
20 1179
48 1136
45 1436
28 1043
32 1453
14 1147
40 1025
24 1032
48 1068
31 1199
26 1484
16 1064
23 1212
24 1108
29 1193
11 1349
31 1224
16 1049
13 1099
42 1020
12 1356
48 1430
32 1023
37 1038
30 1181
34 1442
22 1038
39 1447
14 1033
42 1198
18 1346
11 1159
33 1295
35 1084
48 1370
29 1155
18 1048
29 1061
10 1021
46 1136
41 1158
24 1309
38 1481
28 1164
37 1155
24 1398
29 1172
18 1098
13 1113
45 1064
32 1450
16 1282
11 1356
41 1496
49 1260
39 1345
42 1152
35 1197
42 1182
42 1228
48 1421
30 1067
18 1283
24 1307
28 1311
14 1330
45 1177
16 1297
47 1344
19 1151
36 1122
49 1015
41 1432
16 1415
41 1332
20 1232
27 1172
19 1287
37 1045
46 1270
33 1321
11 1432
39 1231
33 1350
18 1362
22 1296
30 1136
10 1375
24 1385
18 1028
10 1209
11 1315
17 1016
38 1273
20 1156
14 1077
30 1297
11 1375
14 1002
39 1218
19 1105
49 1321
40 1103
16 1404
10 1182
25 1303
46 1441
44 1218
49 1119
46 1231
19 1442
44 1419
28 1449
40 1322
32 1390
36 1463
48 1269
41 1384
37 1368
43 1319
23 1444
44 1087
31 1414
18 1363
25 1066
22 1126
36 1223
35 1309
18 1020
34 1130
24 1145
11 1452
19 1308
49 1012
49 1036
33 1362
22 1241
13 1114
25 1342
15 1283
10 1404
44 1039
21 1087
12 1024