2500 5000
30 1035
17 1233
49 1078
20 1419
30 1415
21 1290
11 1096
40 1233
47 1221
41 1077
32 1376
34 1253
14 1219
49 1389
46 1454
41 1434
46 1016
10 1103
14 1249
30 1333
10 1121
28 1448
40 1054
21 1431
35 1361
16 1000
12 1004
19 1476
20 1096
46 1080
34 1169
40 1189
21 1296
12 1077
43 1349
32 1483
41 1257
13 1421
42 1196
46 1252
44 1178
23 1328
37 1027
34 1202
45 1078
43 1369
42 1022
46 1442
34 1053
15 1068
36 1022
38 1122
27 1166
48 1343
30 1214
30 1121
22 1048
12 1078
14 1438
25 1151
37 1475
41 1004
40 1357
13 1211
40 1249
29 1004
14 1331
22 1235
47 1431
48 1090
19 1266
37 1438
21 1417
15 1486
41 1364
13 1006
36 1493
31 1053
29 1339
21 1349
40 1497
19 1447
11 1073
32 1273
24 1241
35 1359
20 1467
21 1262
38 1183
37 1184
31 1441
30 1368
28 1263
29 1264
32 1009
17 1168
28 1496
15 1321
31 1013
38 1244
37 1150
27 1416
14 1157
31 1111
11 1082
43 1167
46 1355
16 1471
11 1302
18 1330
12 1195
33 1025
40 1348
15 1132
34 1222
10 1209
17 1091
11 1230
21 1084
35 1012
40 1150
23 1263
20 1045
38 1461
38 1498
38 1361
45 1038
12 1239
35 1253
26 1456
42 1308
33 1407
30 1443
37 1283
15 1473
17 1460
43 1114
21 1395
35 1168
40 1058
10 1139
27 1203
45 1343
39 1307
36 1344
18 1306
10 1029
19 1414
13 1153
41 1152
45 1213
45 1414
39 1477
33 1402
49 1082
45 1249
47 1305
36 1134
42 1244
42 1233
16 1441
29 1034
28 1186
18 1049
44 1336
26 1418
21 1297
18 1391
27 1066
18 1323
48 1112
25 1339
30 1046
41 1280
14 1163
35 1326
15 1134
37 1450
38 1313
30 1161
39 1418
48 1232
23 1169
34 1480
27 1281
25 1450
19 1166
23 1309
39 1066
33 1238
19 1401
27 1185
25 1494
28 1293
49 1064
17 1095
23 1487
19 1237
21 1222
26 1320
45 1322
27 1019
42 1108
16 1418
49 1101
34 1203
37 1139
18 1405
35 1488
12 1274
10 1248
24 1278
11 1042
39 1152
35 1219
25 1030
34 1366
28 1233
15 1468
30 1408
23 1285
18 1152
19 1409
14 1325
37 1359
48 1386
14 1223
44 1373
25 1364
38 1261
29 1490
31 1476
36 1495
28 1036
32 1116
29 1056
14 1146
38 1209
18 1321
23 1060
22 1220
14 1137
29 1417
14 1489
26 1308
36 1244
33 1387
22 1361
43 1452
33 1461
20 1068
35 1059
17 1210
29 1334
25 1110
15 1055
10 1374
40 1308
30 1006
25 1467
33 1074
28 1137
39 1175
25 1185
19 1260
17 1220
23 1436
21 1030
25 1109
45 1430
15 1149
22 1232
25 1287
49 1141
38 1160
17 1170
24 1484
27 1165
32 1094
47 1212
12 1000
18 1307
36 1239
33 1101
10 1271
41 1087
19 1268
25 1183
47 1036
48 1389
45 1014
19 1010
17 1229
32 1384
47 1217
25 1140
35 1362
12 1314
17 1352
41 1344
17 1158
35 1498
32 1433
23 1364
16 1276
37 1357
37 1253
19 1375
33 1230
20 1419
12 1018
48 1127
31 1005
46 1206
38 1308
41 1151
31 1252
12 1205
40 1219
31 1056
47 1240
14 1254
23 1167
27 1222
31 1176
48 1243
43 1065
19 1174
42 1053
22 1232
45 1367
25 1098
28 1364
34 1432
11 1046
46 1410
42 1209
46 1297
17 1118
21 1020
40 1164
25 1332
21 1499
36 1466
37 1270
40 1342
27 1031
38 1201
21 1276
28 1330
30 1152
34 1217
41 1435
37 1036
15 1458
21 1191
15 1461
26 1390
19 1018
30 1251
20 1459
10 1055
33 1238
31 1180
30 1174
42 1143
15 1147
36 1201
37 1366
12 1219
16 1007
28 1372
45 1414
37 1031
49 1440
49 1073
15 1078
48 1309
46 1343
20 1401
46 1258
18 1205
29 1136
49 1333
17 1389
44 1280
32 1061
20 1064
37 1378
45 1364
30 1229
13 1062
47 1227
14 1048
43 1185
12 1112
46 1118
11 1301
15 1411
24 1169
41 1184
43 1181
22 1063
11 1039
29 1167
18 1424
25 1496
12 1489
17 1339
18 1101
46 1162
28 1172
43 1472
38 1486
31 1477
37 1393
49 1459
10 1350
32 1176
35 1445
29 1132
22 1067
32 1430
24 1351
36 1191
37 1192
17 1385
47 1073
28 1090
43 1337
43 1411
44 1199
16 1435
13 1025
44 1211
16 1256
48 1022
42 1040
13 1180
26 1068
10 1058
28 1301
24 1152
19 1368
13 1123
46 1015
48 1243
26 1150
21 1286
26 1368
14 1005
18 1083
11 1059
13 1134
46 1469
12 1243
31 1054
24 1399
23 1125
32 1099
46 1285
46 1251
17 1323
44 1270
38 1293
46 1323
41 1389
43 1472
14 1227
21 1236
31 1353
26 1065
17 1452
15 1452
23 1125
32 1253
34 1342
10 1163
37 1391
24 1378
35 1300
41 1436
44 1378
22 1436
17 1369
30 1388
35 1358
39 1445
21 1060
30 1184
44 1333
44 1151
44 1026
34 1424
47 1124
20 1493
31 1318
20 1386
17 1387
36 1166
14 1401
14 1401
33 1472
29 1363
13 1231
32 1136
37 1391
44 1342
29 1002
16 1129
28 1051
33 1111
20 1049
46 1132
12 1469
26 1123
15 1301
11 1007
37 1060
45 1153
20 1128
44 1207
20 1012
11 1150
42 1279
28 1491
48 1235
46 1202
12 1103
48 1404
17 1255
25 1491
22 1450
42 1450
17 1121
39 1076
45 1484
11 1417
34 1159
46 1346
17 1466
47 1326
27 1032
14 1164
20 1129
20 1127
36 1439
19 1418
39 1314
42 1015
19 1315
36 1342
21 1444
47 1160
36 1118
49 1260
17 1388
46 1378
16 1035
37 1419
36 1476
30 1257
18 1123
29 1209
12 1318
40 1272
33 1193
12 1061
37 1402
22 1013
33 1121
31 1499
47 1467
11 1416
38 1284
33 1068
46 1238
27 1362
27 1305
22 1421
11 1449
23 1383
25 1057
22 1032
40 1289
43 1140
14 1477
25 1309
39 1431
19 1170
36 1142
46 1005
34 1331
28 1085
23 1052
15 1065
32 1195
13 1374
46 1211
14 1091
12 1117
43 1152
45 1078
23 1423
25 1239
40 1230
12 1165
32 1201
26 1334
42 1473
44 1298
20 1176
37 1491
23 1364
38 1411
39 1440
36 1313
47 1356
40 1277
32 1073
49 1299
43 1112
20 1484
17 1154
46 1074
29 1012
23 1024
15 1403
42 1169
45 1354
39 1329
12 1356
40 1310
38 1058
18 1181
41 1190
38 1017
21 1188
31 1485
33 1185
28 1458
34 1085
15 1114
39 1272
22 1010
40 1425
15 1226
22 1364
17 1185
25 1477
34 1420
38 1114
49 1304
24 1473
45 1017
43 1075
42 1444
12 1424
14 1187
48 1044
11 1008
31 1046
25 1249
48 1321
30 1036
35 1290
49 1285
28 1001
44 1245
26 1306
15 1198
22 1399
26 1438
34 1106
48 1290
29 1051
12 1470
49 1483
39 1249
15 1456
49 1261
11 1256
14 1447
36 1164
40 1470
38 1330
31 1427
24 1020
18 1306
18 1492
29 1091
28 1490
18 1153
37 1421
31 1391
21 1124
15 1425
17 1129
13 1087
27 1433
24 1424
12 1302
16 1005
39 1420
33 1044
41 1229
12 1404
42 1156
36 1145
46 1078
23 1316
20 1382
37 1018
28 1102
25 1386
14 1059
27 1494
25 1161
47 1364
26 1070
23 1349
27 1060
43 1117
16 1297
17 1037
45 1488
31 1388
10 1325
31 1376
38 1085
47 1183
20 1135
19 1005
19 1457
29 1064
25 1488
31 1124
11 1448
46 1172
43 1107
19 1141
48 1012
29 1363
47 1053
42 1106
22 1383
12 1052
29 1141
44 1381
22 1389
29 1117
11 1148
17 1205
27 1391
31 1419
30 1392
42 1407
37 1256
32 1334
15 1103
21 1354
13 1211
45 1124
39 1246
21 1335
32 1020
15 1389
42 1268
38 1297
30 1475
42 1041
23 1047
23 1183
16 1057
49 1269
37 1203
43 1147
15 1255
42 1476
15 1463
18 1251
44 1295
24 1404
47 1080
17 1306
40 1142
29 1348
24 1423
19 1017
27 1042
44 1307
37 1215
27 1195
47 1397
19 1262
16 1457
48 1292
48 1281
34 1317
26 1451
15 1089
21 1115
39 1318
10 1079
45 1379
47 1133
20 1131
22 1126
12 1147
24 1405
46 1227
36 1329
19 1109
40 1407
17 1383
24 1123
11 1220
18 1134
41 1137
40 1052
28 1397
44 1025
15 1078
28 1411
25 1345
25 1257
41 1266
46 1344
32 1482
31 1046
16 1410
11 1324
46 1497
44 1052
24 1034
23 1359
26 1419
16 1204
45 1340
29 1381
13 1300
18 1150
36 1076
18 1227
32 1257
19 1400
13 1079
13 1294
16 1358
14 1153
34 1403
11 1175
26 1151
33 1094
47 1316
33 1432
36 1314
37 1372
16 1067
36 1292
14 1158
19 1367
46 1333
30 1277
30 1158
13 1081
31 1263
11 1182
23 1310
43 1015
16 1219
22 1263
20 1009
16 1224
42 1168
12 1000
26 1056
30 1243
35 1421
34 1288
15 1189
19 1012
42 1207
43 1304
31 1403
31 1364
14 1102
12 1176
16 1200
43 1193
20 1212
17 1423
29 1106
33 1210
32 1204
32 1238
34 1476
14 1421
33 1020
48 1313
49 1400
40 1023
44 1315
13 1208
33 1440
32 1029
25 1477
38 1254
45 1455
36 1054
37 1286
30 1475
14 1079
19 1397
18 1228
36 1250
33 1490
19 1103
43 1461
48 1468
21 1082
47 1250
25 1094
30 1330
32 1023
20 1062
45 1321
19 1494
32 1408
27 1132
47 1052
37 1100
37 1102
36 1054
16 1110
45 1349
21 1207
33 1324
16 1377
46 1208
19 1432
10 1450
15 1105
29 1277
13 1306
35 1405
40 1065
17 1210
13 1470
41 1083
10 1208
39 1034
30 1254
13 1239
17 1467
40 1244
30 1495
40 1214
30 1157
29 1317
40 1366
42 1452
12 1211
12 1232
22 1006
31 1020
31 1101
22 1102
11 1292
33 1192
34 1281
11 1344
28 1044
32 1105
48 1453
24 1406
16 1403
15 1137
16 1267
33 1398
39 1309
12 1388
37 1498
38 1247
30 1416
43 1350
13 1399
35 1252
24 1163
17 1345
31 1422
36 1200
25 1347
26 1420
27 1046
31 1446
39 1404
22 1289
34 1280
18 1317
11 1115
24 1022
49 1434
12 1289
40 1113
12 1410
43 1054
39 1187
36 1188
21 1380
34 1014
31 1100
21 1201
19 1405
22 1256
22 1407
41 1368
38 1169
11 1172
34 1286
13 1022
34 1055
33 1446
12 1300
38 1362
21 1103
34 1005
10 1316
32 1356
29 1379
15 1479
16 1057
26 1261
38 1135
21 1322
11 1463
45 1407
36 1000
45 1448
15 1132
30 1447
16 1193
15 1347
31 1276
46 1129
47 1207
41 1205
27 1326
44 1377
37 1278
14 1209
45 1296
49 1243
26 1199
23 1051
41 1237
20 1481
34 1086
46 1101
15 1211
49 1209
43 1064
20 1361
23 1426
16 1134
33 1110
33 1103
19 1421
43 1439
42 1476
39 1027
13 1482
15 1390
39 1270
24 1282
28 1008
35 1101
26 1405
15 1356
39 1361
46 1294
36 1466
45 1222
47 1302
48 1096
14 1334
32 1277
24 1016
48 1048
33 1165
48 1437
42 1183
25 1351
16 1252
16 1012
47 1487
23 1112
37 1080
31 1374
18 1416
35 1184
20 1418
28 1270
26 1081
49 1240
41 1358
40 1010
49 1479
20 1311
46 1123
42 1104
10 1460
34 1016
47 1387
30 1106
21 1459
44 1294
29 1160
37 1111
41 1320
35 1277
48 1416
34 1497
37 1019
24 1183
40 1301
11 1149
22 1197
49 1481
27 1221
11 1057
47 1183
27 1449
17 1116
46 1225
15 1442
35 1171
35 1449
38 1392
16 1451
13 1253
40 1320
22 1343
48 1414
47 1495
40 1132
37 1412
26 1106
40 1142
24 1209
41 1449
34 1313
48 1115
16 1434
26 1002
45 1173
12 1415
44 1329
16 1107
25 1382
26 1043
41 1478
26 1135
40 1108
26 1030
34 1235
25 1459
47 1121
13 1278
33 1439
42 1282
36 1180
14 1052
22 1171
24 1068
46 1126
19 1340
18 1244
44 1258
16 1183
26 1463
39 1242
23 1124
44 1197
35 1255
31 1421
15 1280
35 1169
24 1052
39 1008
17 1058
29 1054
24 1221
19 1401
11 1276
32 1019
39 1117
45 1297
33 1179
12 1038
32 1379
45 1259
18 1019
34 1083
39 1345
25 1288
33 1391
44 1340
27 1394
34 1473
18 1361
16 1271
10 1250
40 1056
24 1352
13 1232
24 1420
39 1210
42 1155
34 1060
22 1029
35 1277
33 1089
17 1275
13 1385
14 1209
39 1031
29 1127
22 1495
26 1064
36 1120
45 1190
17 1198
47 1255
18 1339
20 1295
32 1137
42 1383
38 1406
44 1058
17 1314
32 1161
14 1033
35 1474
10 1465
32 1446
25 1423
11 1137
16 1460
18 1180
43 1099
37 1088
43 1423
10 1113
49 1230
33 1360
15 1065
20 1340
19 1307
26 1169
34 1002
16 1032
18 1023
48 1273
48 1221
14 1310
19 1073
34 1402
26 1348
42 1193
44 1126
49 1464
17 1397
37 1164
23 1250
29 1470
32 1081
45 1371
13 1426
26 1384
15 1284
41 1437
16 1035
45 1311
33 1226
29 1039
49 1007
30 1027
20 1345
33 1160
32 1214
27 1140
45 1282
25 1134
39 1131
41 1473
36 1377
34 1295
47 1381
36 1360
41 1017
34 1353
31 1270
17 1353
38 1255
41 1168
36 1154
17 1412
49 1393
15 1143
18 1484
26 1429
13 1047
24 1098
43 1047
18 1294
28 1177
36 1211
49 1085
46 1377
32 1282
18 1355
32 1062
19 1140
44 1173
34 1203
42 1113
45 1307
44 1178
19 1304
32 1099
11 1150
21 1089
17 1309
42 1218
42 1241
48 1116
37 1362
36 1048
21 1342
40 1415
30 1097
36 1125
37 1265
13 1251
29 1413
20 1267
23 1319
40 1497
43 1161
17 1464
24 1348
26 1398
30 1156
25 1289
26 1168
45 1253
44 1295
25 1476
36 1350
10 1268
19 1166
44 1274
37 1054
34 1319
22 1042
17 1039
34 1409
34 1010
30 1063
30 1262
31 1046
40 1043
10 1147
16 1133
47 1435
48 1239
11 1072
12 1206
45 1257
42 1053
35 1095
21 1486
29 1068
38 1170
28 1387
27 1052
11 1390
20 1184
48 1002
39 1186
48 1389
21 1298
14 1355
16 1280
21 1464
35 1479
36 1274
23 1009
31 1210
12 1253
41 1324
24 1340
27 1174
31 1442
40 1072
15 1034
43 1404
16 1176
26 1310
10 1090
25 1396
30 1106
33 1039
10 1248
40 1216
19 1254
38 1313
44 1487
45 1052
33 1052
28 1108
19 1434
13 1073
33 1381
29 1237
47 1458
42 1137
19 1454
17 1283
16 1464
47 1024
16 1451
40 1234
41 1448
46 1360
31 1242
40 1326
32 1422
32 1405
41 1351
31 1160
21 1006
14 1192
45 1489
23 1071
22 1108
14 1446
22 1262
29 1094
10 1471
16 1006
47 1391
12 1314
26 1037
21 1279
34 1186
25 1387
32 1440
32 1235
39 1123
18 1300
20 1041
28 1030
25 1355
10 1404
34 1445
23 1162
13 1068
14 1486
42 1140
31 1196
34 1119
32 1164
40 1168
35 1289
32 1489
25 1000
37 1336
38 1124
42 1256
28 1072
38 1262
36 1175
24 1083
37 1051
27 1404
28 1109
37 1480
27 1440
41 1454
13 1122
48 1300
34 1397
34 1194
21 1042
24 1025
16 1405
15 1363
12 1004
27 1001
38 1059
11 1451
37 1115
10 1149
35 1323
26 1396
27 1184
40 1434
33 1208
49 1389
28 1394
39 1050
28 1013
37 1266
47 1054
43 1133
45 1258
38 1286
46 1081
23 1424
45 1344
36 1183
32 1435
14 1444
30 1459
22 1479
46 1170
15 1068
27 1056
41 1311
35 1380
14 1030
30 1104
23 1485
42 1076
39 1430
32 1001
18 1361
32 1392
28 1462
35 1258
34 1021
39 1462
16 1069
13 1281
45 1132
32 1162
30 1015
22 1284
35 1482
42 1435
41 1144
27 1460
11 1264
45 1038
42 1328
14 1002
23 1220
44 1314
34 1453
31 1259
39 1145
19 1430
16 1421
31 1084
41 1198
13 1125
33 1034
17 1226
26 1304
20 1422
40 1254
38 1197
49 1451
45 1147
34 1051
27 1278
26 1340
49 1452
37 1466
36 1277
30 1095
38 1232
46 1214
42 1069
29 1329
44 1448
47 1401
28 1291
42 1318
13 1270
39 1357
28 1427
47 1082
31 1326
10 1170
17 1296
28 1094
17 1283
35 1187
41 1416
15 1102
32 1298
24 1164
41 1458
38 1319
24 1326
31 1363
46 1170
10 1086
47 1440
12 1194
38 1361
27 1315
23 1189
49 1024
33 1009
34 1303
48 1142
11 1389
49 1444
19 1256
31 1100
11 1016
20 1101
45 1121
42 1121
19 1403
43 1187
32 1261
37 1257
16 1276
46 1211
28 1140
35 1432
17 1098
28 1122
41 1091
28 1122
14 1214
21 1070
35 1202
39 1030
35 1113
39 1006
18 1187
17 1418
45 1350
21 1104
23 1119
42 1398
30 1383
46 1218
24 1043
42 1429
46 1226
45 1237
27 1241
17 1397
43 1191
42 1104
36 1130
48 1251
11 1344
46 1420
26 1375
27 1318
44 1017
25 1202
13 1391
26 1098
10 1453
26 1474
15 1008
25 1294
15 1450
16 1056
43 1189
11 1124
43 1101
16 1089
38 1020
42 1179
25 1402
44 1221
23 1274
25 1026
31 1094
22 1461
15 1176
21 1402
48 1331
36 1033
12 1282
17 1293
41 1412
44 1098
48 1464
17 1328
20 1101
11 1131
49 1014
15 1250
40 1267
31 1093
24 1258
45 1081
49 1237
39 1086
33 1069
34 1298
40 1201
35 1142
15 1092
34 1154
22 1426
24 1417
30 1273
19 1341
45 1312
33 1015
31 1045
13 1193
38 1004
36 1220
38 1236
15 1405
25 1363
40 1052
34 1201
46 1405
26 1038
44 1384
27 1426
33 1434
13 1466
26 1474
42 1291
34 1132
48 1309
33 1343
35 1138
13 1062
47 1437
46 1308
46 1379
49 1055
10 1371
43 1319
27 1013
15 1132
27 1406
24 1051
14 1201
21 1377
27 1271
44 1384
27 1192
37 1097
36 1463
30 1156
48 1361
47 1395
30 1360
40 1098
42 1031
31 1253
44 1000
33 1308
20 1208
11 1066
33 1378
38 1351
28 1466
37 1067
26 1177
44 1487
29 1190
39 1490
17 1184
35 1477
44 1485
10 1338
20 1003
13 1107
35 1159
32 1162
14 1100
17 1056
49 1014
25 1337
46 1206
47 1456
41 1341
42 1455
35 1249
17 1348
42 1266
38 1201
43 1447
21 1213
43 1435
35 1431
34 1443
46 1035
37 1127
13 1486
42 1388
17 1465
16 1093
29 1290
28 1110
41 1439
21 1191
25 1247
35 1214
43 1379
29 1089
11 1266
22 1242
12 1339
36 1336
34 1006
17 1398
18 1484
18 1300
17 1297
18 1312
40 1401
10 1136
39 1070
19 1255
26 1034
27 1422
38 1308
26 1412
11 1458
10 1372
22 1039
11 1016
17 1001
22 1300
28 1020
25 1242
23 1145
13 1105
33 1127
49 1190
24 1300
41 1378
13 1282
38 1459
20 1174
26 1016
18 1382
34 1001
42 1228
18 1278
21 1487
30 1214
44 1424
37 1244
15 1349
17 1277
36 1029
43 1153
46 1066
44 1047
38 1187
13 1474
14 1196
25 1252
30 1327
21 1192
20 1011
10 1493
23 1112
46 1003
33 1450
13 1268
11 1053
24 1315
40 1088
49 1039
32 1436
20 1404
38 1149
38 1095
49 1250
49 1493
46 1224
36 1060
34 1130
48 1108
37 1306
46 1128
39 1206
23 1176
16 1114
40 1446
24 1184
44 1192
14 1362
33 1016
41 1099
16 1069
13 1107
45 1214
29 1237
21 1164
10 1476
28 1010
43 1067
36 1017
21 1453
34 1254
18 1301
31 1376
18 1242
10 1181
49 1218
32 1063
40 1134
29 1107
45 1446
43 1343
12 1218
22 1384
15 1409
24 1088
11 1057
34 1463
11 1219
16 1010
30 1009
21 1129
26 1494
43 1285
42 1255
28 1357
13 1152
16 1050
40 1339
24 1008
20 1034
46 1131
12 1268
25 1241
38 1336
29 1115
45 1387
34 1272
45 1052
47 1103
17 1222
44 1102
36 1213
13 1178
21 1451
27 1429
35 1203
18 1308
43 1363
34 1127
41 1186
42 1349
26 1364
41 1470
28 1091
13 1085
13 1328
47 1387
41 1064
32 1264
36 1364
39 1198
24 1127
23 1446
19 1484
33 1188
27 1497
44 1439
44 1447
39 1224
44 1429
35 1063
46 1381
36 1287
47 1321
37 1199
37 1365
34 1046
46 1165
38 1394
44 1423
41 1232
30 1100
15 1449
39 1476
41 1221
39 1449
32 1482
23 1307
11 1069
24 1441
14 1160
44 1088
21 1428
42 1026
26 1105
16 1214
45 1146
39 1299
25 1312
15 1028
13 1401
49 1354
38 1118
24 1088
44 1387
39 1092
38 1248
19 1088
22 1461
45 1032
25 1230
25 1040
32 1094
15 1326
19 1481
36 1495
42 1435
35 1409
48 1349
20 1423
12 1161
11 1119
11 1423
47 1432
14 1361
10 1297
17 1074
41 1233
13 1297
11 1022
40 1103
21 1013
11 1149
39 1006
32 1486
19 1237
45 1222
38 1265
15 1046
34 1249
47 1231
25 1205
33 1338
48 1397
26 1389
19 1068
12 1351
41 1183
46 1335
28 1396
36 1089
17 1070
46 1364
11 1004
28 1107
16 1346
37 1260
17 1442
45 1138
15 1030
19 1477
29 1399
10 1138
39 1317
48 1344
12 1036
37 1070
30 1492
14 1398
23 1146
11 1162
29 1237
43 1023
22 1141
14 1172
35 1363
32 1327
33 1411
19 1049
45 1055
19 1109
26 1392
35 1461
25 1489
46 1411
29 1301
34 1260
33 1398
37 1198
43 1116
12 1450
30 1360
33 1295
31 1119
49 1349
40 1223
39 1065
27 1076
28 1227
22 1029
12 1273
49 1123
46 1476
11 1133
44 1492
36 1220
11 1184
25 1262
25 1498
15 1372
47 1124
27 1060
39 1451
46 1132
32 1322
32 1006
44 1437
32 1289
32 1395
34 1485
34 1356
48 1456
48 1089
22 1470
22 1288
37 1321
11 1343
12 1272
34 1071
26 1262
30 1429
42 1164
35 1058
33 1241
32 1048
19 1318
18 1221
19 1115
30 1197
28 1480
16 1177
18 1352
41 1021
10 1225
26 1354
47 1291
36 1090
37 1089
24 1477
20 1307
24 1226
36 1197
43 1182
17 1214
11 1062
34 1169
19 1071
20 1079
22 1221
22 1085
10 1406
38 1371
45 1371
21 1484
22 1055
38 1117
40 1243
23 1051
49 1214
35 1291
29 1262
30 1442
26 1133
11 1045
16 1414
44 1174
24 1006
33 1324
34 1137
46 1075
45 1489
25 1030
20 1414
44 1408
17 1347
25 1224
49 1030
47 1280
32 1336
41 1444
10 1433
40 1336
39 1124
24 1227
42 1151
46 1191
21 1051
26 1332
32 1487
49 1124
23 1064
41 1215
33 1494
25 1157
44 1305
13 1367
43 1403
28 1276
40 1242
39 1379
29 1256
20 1266
19 1175
26 1179
45 1241
13 1438
47 1217
19 1356
26 1177
11 1244
49 1011
16 1076
47 1488
17 1288
37 1393
29 1449
36 1371
17 1409
21 1185
33 1291
48 1449
37 1055
39 1470
31 1038
45 1493
13 1161
20 1186
10 1285
16 1315
34 1008
44 1441
10 1181
29 1260
35 1200
24 1294
44 1213
26 1470
16 1249
48 1395
13 1021
13 1074
18 1457
40 1243
22 1172
24 1182
29 1471
30 1039
42 1078
37 1269
43 1002
17 1409
26 1452
14 1263
11 1162
44 1149
11 1393
13 1335
31 1101
39 1464
37 1393
11 1041
27 1251
16 1431
43 1305
22 1176
19 1092
38 1385
36 1222
14 1369
22 1189
35 1148
44 1497
45 1347
28 1100
38 1348
33 1385
46 1004
29 1116
26 1359
19 1077
28 1479
34 1447
22 1266
33 1440
42 1051
18 1411
48 1128
20 1078
32 1077
34 1008
36 1028
47 1492
30 1402
39 1092
12 1449
40 1300
45 1059
48 1455
38 1334
35 1063
17 1228
22 1322
38 1098
44 1448
32 1433
32 1130
41 1093
16 1395
42 1485
17 1145
28 1206
34 1451
35 1441
15 1499
16 1365
10 1100
32 1430
29 1002
34 1208
24 1225
37 1262
43 1348
46 1197
37 1167
19 1029
11 1291
34 1046
12 1128
27 1015
34 1311
47 1126
30 1386
41 1279
42 1296
31 1455
49 1052
33 1443
41 1398
49 1460
24 1449
17 1321
27 1484
10 1273
25 1417
34 1231
30 1390
41 1483
49 1435
17 1320
12 1305
15 1163
17 1265
21 1213
24 1139
20 1339
23 1396
10 1256
47 1390
22 1080
35 1003
31 1422
44 1033
16 1035
20 1119
31 1114
40 1257
32 1462
14 1019
36 1019
39 1072
19 1233
25 1033
48 1229
29 1355
13 1331
36 1017
14 1184
38 1458
13 1161
48 1458
22 1388
13 1210
49 1402
12 1435
10 1145
18 1437
35 1244
21 1113
33 1109
31 1262
18 1147
18 1109
26 1460
41 1247
41 1279
28 1439
38 1228
37 1408
33 1485
20 1341
26 1372
36 1157
31 1175
39 1183
38 1180
25 1421
20 1281
20 1343
18 1135
10 1333
29 1148
15 1238
37 1149
38 1152
25 1039
41 1027
19 1075
14 1071
16 1220
44 1470
15 1377
40 1398
46 1355
42 1038
26 1241
19 1172
25 1472
15 1461
39 1196
19 1219
32 1325
49 1072
18 1463
20 1227
30 1140
41 1360
23 1072
26 1121
40 1109
22 1120
13 1265
39 1103
34 1118
32 1114
40 1425
48 1107
19 1224
26 1401
17 1125
45 1404
49 1474
31 1388
41 1371
42 1095
20 1175
35 1350
24 1318
28 1474
35 1206
23 1210
18 1222
31 1499
37 1319
15 1180
31 1456
31 1278
36 1026
48 1153
17 1325
44 1178
48 1020
49 1406
20 1134
16 1480