2500 2500
36 1293
19 1443
44 1231
43 1386
26 1414
46 1354
17 1057
41 1058
18 1027
38 1364
38 1266
18 1369
11 1284
17 1429
23 1442
39 1134
16 1343
31 1428
44 1211
32 1235
49 1313
36 1291
11 1029
37 1385
28 1408
44 1029
39 1405
28 1204
29 1001
31 1028
29 1210
23 1484
43 1221
43 1341
40 1459
29 1006
23 1480
14 1251
16 1154
25 1055
14 1347
38 1351
21 1173
11 1263
17 1405
22 1247
22 1395
21 1413
22 1166
11 1410
34 1487
27 1473
26 1450
38 1496
14 1112
35 1022
45 1215
43 1174
18 1414
36 1411
48 1478
23 1106
36 1080
38 1342
15 1124
25 1097
16 1407
10 1422
34 1013
17 1464
16 1405
40 1230
42 1364
43 1438
18 1313
29 1273
38 1060
37 1364
22 1123
13 1192
20 1438
39 1492
37 1429
19 1067
33 1490
49 1147
40 1011
22 1038
42 1253
36 1317
11 1139
44 1483
41 1035
35 1234
20 1008
29 1316
34 1313
34 1362
43 1332
45 1254
11 1201
18 1462
43 1219
21 1035
13 1472
23 1244
35 1185
10 1325
40 1210
45 1006
43 1124
42 1442
24 1149
49 1300
24 1326
34 1054
25 1447
14 1186
20 1368
23 1171
39 1282
10 1211
29 1271
13 1470
16 1402
42 1392
28 1321
40 1240
17 1386
38 1285
30 1261
42 1142
15 1113
33 1057
18 1419
12 1351
45 1388
22 1187
40 1300
30 1230
16 1003
20 1216
45 1268
20 1211
25 1068
32 1066
41 1198
44 1261
41 1254
44 1485
40 1007
47 1192
23 1412
29 1170
14 1353
14 1372
42 1348
15 1145
26 1324
28 1007
26 1313
34 1047
34 1223
15 1190
16 1150
10 1272
46 1331
21 1029
29 1499
30 1102
37 1487
47 1114
29 1436
11 1441
37 1380
48 1183
41 1176
19 1393
37 1093
19 1438
10 1291
43 1167
40 1411
31 1069
11 1366
31 1424
37 1343
22 1011
37 1290
17 1022
12 1339
35 1063
43 1308
14 1238
14 1237
24 1142
34 1251
19 1150
18 1493
17 1226
39 1072
41 1014
18 1084
12 1010
43 1062
19 1248
48 1452
45 1498
27 1213
25 1122
40 1077
47 1193
30 1052
20 1258
31 1045
19 1087
19 1144
32 1036
23 1122
20 1202
14 1236
25 1267
44 1399
34 1408
48 1419
21 1165
35 1383
34 1173
38 1239
18 1452
43 1059
10 1181
42 1352
49 1229
16 1498
30 1364
37 1284
47 1327
17 1175
21 1453
25 1352
33 1393
19 1151
45 1002
23 1122
13 1470
43 1395
23 1159
32 1451
10 1369
47 1237
36 1177
19 1282
48 1060
45 1091
45 1294
44 1300
27 1278
49 1430
38 1351
30 1444
13 1359
33 1315
21 1139
29 1409
29 1032
11 1158
24 1171
20 1147
19 1379
41 1498
22 1455
30 1227
46 1252
24 1414
31 1387
38 1005
46 1263
31 1358
31 1147
18 1423
27 1310
34 1253
24 1230
13 1324
46 1349
45 1112
37 1396
48 1039
30 1160
22 1340
28 1453
38 1117
38 1480
33 1383
21 1189
40 1124
16 1265
18 1273
36 1202
16 1407
27 1456
24 1372
29 1135
29 1079
41 1436
39 1242
25 1337
26 1471
20 1282
10 1062
16 1326
44 1464
42 1240
48 1086
44 1425
47 1045
13 1416
17 1163
31 1217
37 1026
17 1076
27 1118
46 1139
21 1304
16 1122
17 1447
20 1099
24 1401
45 1224
35 1209
37 1262
18 1383
25 1395
31 1350
28 1215
20 1028
33 1066
14 1190
48 1290
31 1011
48 1064
23 1423
19 1179
26 1368
43 1260
10 1121
44 1106
44 1139
38 1213
19 1163
43 1363
31 1088
17 1098
46 1287
41 1022
27 1089
26 1453
20 1360
40 1098
39 1434
30 1349
44 1369
45 1379
46 1177
28 1452
15 1459
28 1164
20 1092
10 1346
27 1476
24 1123
26 1403
19 1015
37 1284
22 1187
24 1165
26 1236
21 1358
22 1221
17 1085
10 1414
12 1217
31 1237
28 1102
19 1307
28 1408
28 1033
20 1005
20 1382
30 1449
20 1252
43 1114
18 1302
33 1213
43 1414
28 1488
16 1080
24 1086
12 1338
40 1150
31 1165
13 1312
43 1255
32 1154
49 1261
17 1062
21 1181
28 1272
13 1052
18 1106
38 1000
13 1005
26 1336
47 1014
43 1038
32 1472
39 1071
29 1064
19 1252
29 1123
25 1481
22 1289
16 1158
12 1133
39 1028
21 1374
24 1039
33 1086
36 1329
28 1243
24 1171
41 1365
40 1479
13 1242
48 1477
25 1153
30 1462
43 1151
44 1056
27 1045
24 1147
49 1313
49 1396
15 1038
41 1027
31 1208
38 1131
26 1494
47 1497
11 1365
38 1043
32 1280
14 1409
36 1353
28 1337
20 1344
49 1011
21 1273
44 1477
45 1096
24 1218
34 1373
38 1154
49 1357
24 1407
47 1394
27 1236
41 1207
26 1317
30 1138
14 1164
39 1080
36 1063
32 1184
40 1337
22 1283
36 1350
38 1223
16 1063
36 1455
40 1283
49 1381
44 1049
49 1212
37 1487
32 1228
15 1241
40 1291
43 1199
35 1380
24 1164
13 1211
39 1103
15 1427
36 1233
16 1462
49 1068
39 1166
46 1488
49 1440
37 1294
15 1482
11 1285
17 1182
45 1132
47 1223
45 1083
39 1085
41 1479
48 1403
46 1029
19 1425
27 1489
29 1072
16 1062
32 1051
28 1169
22 1237
27 1362
44 1180
21 1421
46 1356
12 1431
16 1295
41 1236
21 1041
32 1223
23 1058
40 1213
24 1457
33 1451
28 1355
10 1054
33 1210
13 1145
37 1052
41 1318
17 1378
38 1096
22 1292
35 1376
10 1081
46 1449
12 1049
36 1253
41 1413
46 1336
11 1424
38 1049
12 1212
13 1076
45 1262
18 1280
37 1352
14 1389
18 1171
12 1325
16 1487
25 1495
47 1105
49 1235
37 1275
29 1331
46 1043
21 1496
17 1129
12 1189
37 1128
16 1227
11 1037
49 1297
18 1367
20 1205
10 1412
37 1167
43 1042
29 1374
12 1145
26 1357
49 1391
18 1182
47 1007
10 1172
29 1454
24 1241
17 1353
18 1091
42 1281
33 1147
36 1310
46 1017
42 1183
44 1387
25 1135
48 1057
24 1233
41 1328
25 1445
34 1003
41 1493
45 1087
11 1421
18 1161
15 1255
34 1041
28 1338
42 1276
19 1381
26 1494
24 1448
25 1198
33 1169
46 1126
11 1133
33 1480
40 1400
26 1012
26 1195
18 1086
48 1275
21 1490
22 1365
42 1075
21 1112
19 1326
36 1399
43 1450
18 1454
10 1019
38 1393
38 1487
29 1209
40 1384
25 1318
41 1050
35 1419
18 1067
16 1452
28 1310
14 1152
43 1383
46 1105
33 1129
22 1347
10 1200
17 1031
49 1349
36 1300
12 1069
48 1213
42 1165
28 1114
36 1161
17 1210
38 1411
38 1003
13 1186
41 1234
20 1382
40 1311
46 1385
11 1300
16 1127
32 1416
22 1088
42 1007
19 1257
44 1343
39 1153
11 1088
34 1113
35 1117
33 1252
33 1305
44 1239
18 1403
45 1271
18 1462
13 1002
16 1298
26 1271
25 1270
30 1251
27 1072
23 1422
30 1419
42 1309
17 1472
36 1266
13 1327
38 1488
21 1117
37 1332
24 1207
27 1384
37 1193
41 1048
49 1149
30 1401
49 1189
29 1233
41 1113
13 1341
32 1240
22 1068
28 1179
29 1266
25 1486
46 1395
22 1251
25 1406
34 1128
22 1485
10 1089
40 1335
35 1050
37 1142
37 1092
49 1038
28 1290
17 1405
28 1265
36 1348
27 1370
19 1046
27 1271
33 1005
48 1339
18 1093
18 1407
14 1271
35 1087
48 1371
34 1463
24 1147
43 1082
29 1193
12 1120
48 1250
15 1082
28 1425
15 1066
18 1014
24 1058
43 1296
30 1088
30 1410
30 1148
35 1138
34 1494
21 1214
24 1104
24 1017
47 1262
16 1309
31 1208
37 1277
12 1282
40 1359
12 1471
27 1095
40 1005
46 1164
22 1417
14 1196
10 1155
32 1049
20 1041
22 1109
21 1067
46 1491
10 1392
49 1118
17 1126
41 1480
40 1073
26 1337
39 1243
17 1319
24 1109
19 1027
43 1164
35 1437
21 1479
44 1465
18 1373
18 1094
30 1472
13 1306
15 1089
22 1100
40 1460
39 1092
42 1280
37 1017
28 1177
47 1495
21 1161
19 1385
33 1211
41 1332
30 1163
40 1148
22 1400
42 1109
19 1299
11 1051
42 1018
39 1467
48 1289
39 1489
22 1209
35 1484
28 1402
31 1235
46 1425
48 1011
16 1120
38 1470
21 1102
25 1168
19 1306
19 1349
40 1267
37 1041
23 1499
43 1011
47 1428
35 1050
40 1317
23 1214
20 1069
24 1497
40 1397
44 1086
17 1140
43 1440
48 1496
25 1057
43 1236
32 1383
35 1281
26 1018
35 1479
22 1219
32 1430
18 1366
26 1458
16 1366
23 1271
10 1004
26 1041
46 1304
48 1211
49 1041
33 1122
16 1374
49 1311
24 1234
43 1236
29 1481
46 1465
45 1228
36 1257
46 1027
35 1012
36 1318
47 1309
47 1409
23 1061
45 1053
27 1036
26 1125
41 1368
14 1418
13 1197
32 1320
31 1015
31 1154
33 1352
46 1312
13 1315
14 1477
13 1030
41 1191
10 1342
26 1205
43 1017
37 1328
22 1283
47 1473
20 1112
48 1490
24 1427
31 1455
38 1245
44 1141
29 1357
43 1475
24 1473
22 1276
18 1406
47 1343
38 1247
11 1425
27 1318
31 1276
48 1160
41 1026
43 1086
40 1269
13 1334
43 1401
13 1074
18 1185
21 1342
31 1341
23 1395
48 1101
23 1346
34 1134
24 1368
29 1373
10 1249
32 1327
48 1310
17 1362
40 1390
13 1249
15 1424
47 1100
38 1293
37 1350
40 1476
23 1194
49 1325
22 1063
47 1448
20 1212
15 1095
24 1220
33 1486
21 1192
26 1079
14 1074
28 1368
16 1466
30 1260
45 1048
43 1194
19 1296
34 1082
21 1172
30 1236
12 1312
12 1451
19 1387
10 1428
35 1210
17 1465
41 1310
13 1277
31 1209
25 1024
20 1074
33 1083
30 1324
12 1222
33 1086
37 1342
45 1418
18 1285
36 1457
18 1498
48 1254
12 1232
30 1264
17 1088
39 1187
25 1373
30 1489
33 1232
46 1416
20 1421
13 1053
36 1202
19 1371
41 1331
30 1139
16 1351
17 1445
41 1390
34 1436
25 1008
33 1398
36 1087
17 1390
29 1087
11 1327
39 1474
27 1265
46 1313
14 1407
45 1499
19 1261
17 1061
41 1373
31 1151
45 1057
33 1301
30 1139
36 1319
45 1217
10 1486
47 1399
38 1310
30 1042
46 1188
48 1181
45 1463
37 1191
25 1177
15 1309
20 1018
33 1038
43 1093
14 1373
25 1240
37 1029
45 1163
33 1035
20 1059
44 1125
49 1000
31 1271
15 1268
27 1112
14 1457
45 1281
45 1038
27 1294
45 1042
44 1159
32 1457
26 1374
36 1155
18 1077
45 1068
42 1266
37 1312
47 1001
28 1253
23 1027
27 1164
15 1278
45 1112
29 1474
49 1071
17 1176
30 1236
17 1199
35 1460
37 1072
21 1405
41 1254
41 1325
17 1135
15 1245
43 1027
48 1037
30 1162
26 1064
27 1189
24 1000
26 1211
18 1251
42 1461
18 1133
41 1030
49 1371
32 1424
46 1009
25 1205
13 1269
20 1314
32 1205
47 1329
25 1255
10 1402
15 1311
20 1367
29 1047
15 1449
13 1413
38 1310
13 1230
49 1269
38 1441
41 1050
28 1098
40 1280
28 1121
24 1210
40 1201
40 1314
13 1284
30 1268
17 1413
47 1444
37 1187
31 1045
10 1337
20 1326
23 1291
31 1495
47 1337
20 1369
38 1076
38 1212
44 1014
41 1061
33 1066
14 1015
27 1487
43 1366
40 1496
35 1080
48 1385
21 1125
21 1063
12 1293
44 1418
23 1068
48 1462
11 1447
10 1086
44 1168
12 1097
28 1352
49 1105
26 1343
39 1111
49 1394
39 1096
42 1172
11 1030
12 1325
10 1394
44 1351
14 1378
34 1060
30 1354
20 1495
11 1313
17 1472
29 1109
10 1226
33 1386
49 1450
40 1357
11 1470
48 1314
22 1309
23 1464
19 1408
44 1039
18 1377
49 1221
32 1005
29 1273
29 1298
16 1343
28 1489
35 1212
21 1086
27 1197
15 1397
21 1461
47 1167
46 1386
13 1319
22 1020
45 1035
18 1352
32 1336
35 1141
38 1201
25 1291
17 1090
32 1081
18 1353
19 1069
33 1091
15 1263
41 1066
29 1499
42 1261
49 1359
39 1385
20 1213
18 1376
19 1284
21 1259
44 1296
29 1227
10 1002
21 1040
40 1074
41 1302
35 1400
29 1227
22 1092
28 1125
19 1471
16 1262
33 1176
29 1304
16 1091
37 1277
48 1254
30 1451
44 1095
11 1158
34 1395
29 1112
22 1227
24 1418
18 1186
24 1488
40 1469
11 1083
21 1060
40 1318
11 1059
45 1000
20 1083
44 1142
19 1300
34 1019
37 1212
19 1075
38 1454
48 1262
28 1163
30 1009
49 1363
11 1124
42 1404
24 1416
46 1078
29 1466
24 1209
48 1012
35 1474
14 1303
15 1264
28 1118
20 1296
48 1364
34 1034
18 1473
38 1020
37 1264
28 1154
13 1324
11 1233
31 1474
13 1073
24 1467
19 1037
38 1289
11 1106
16 1249
17 1411
43 1343
42 1435
22 1005
37 1483
26 1058
37 1006
31 1113
32 1208
33 1273
25 1141
37 1379
24 1060
13 1094
13 1018
39 1335
34 1253
43 1379
24 1471
37 1218
48 1217
37 1059
20 1340
46 1120
38 1241
38 1098
30 1391
41 1168
30 1303
22 1475
19 1023
37 1308
31 1010
35 1082
45 1049
26 1243
14 1225
19 1178
33 1284
15 1006
33 1052
15 1328
30 1287
47 1300
15 1119
10 1265
43 1084
27 1387
21 1366
23 1004
20 1085
16 1349
45 1248
16 1395
33 1129
20 1269
28 1074
37 1000
33 1189
20 1173
30 1344
34 1282
19 1200
13 1460
29 1217
10 1238
18 1116
31 1133
30 1440
20 1466
41 1061
17 1063
12 1352
37 1490
36 1021
26 1092
42 1455
12 1145
47 1041
36 1317
20 1119
16 1014
39 1095
42 1202
40 1325
41 1193
26 1028
12 1073
38 1274
31 1074
18 1189
46 1253
32 1375
44 1383
44 1192
13 1378
11 1373
43 1317
34 1444
24 1159
36 1023
22 1288
28 1233
41 1442
24 1045
43 1230
37 1049
48 1042
17 1412
46 1082
48 1165
15 1045
22 1101
46 1353
24 1402
36 1319
34 1202
16 1173
23 1397
36 1400
24 1485
27 1150
49 1279
20 1319
12 1251
10 1050
18 1247
40 1024
35 1310
10 1473
25 1328
34 1242
12 1358
44 1255
34 1002
42 1375
27 1333
12 1348
45 1063
17 1021
21 1153
34 1227
36 1342
30 1086
45 1224
19 1460
41 1456
30 1047
31 1237
28 1448
49 1349
33 1175
47 1173
34 1452
29 1288
37 1403
42 1083
22 1095
34 1098
47 1004
40 1380
30 1434
49 1230
20 1040
14 1181
24 1453
27 1043
19 1039
46 1063
38 1305
17 1466
49 1023
36 1002
10 1214
12 1450
43 1107
43 1000
13 1025
25 1011
41 1180
28 1027
25 1251
45 1180
37 1178
34 1255
35 1144
46 1021
43 1343
44 1095
44 1299
18 1145
21 1444
36 1306
15 1351
30 1464
40 1340
35 1207
14 1318
19 1018
21 1480
49 1279
14 1409
41 1141
29 1030
19 1499
41 1342
44 1341
17 1487
49 1308
22 1448
22 1140
17 1443
41 1127
24 1442
32 1117
35 1407
40 1345
22 1185
34 1439
49 1464
21 1145
30 1418
22 1098
25 1056
20 1322
36 1172
32 1485
27 1195
30 1096
12 1189
23 1485
32 1226
24 1114
48 1429
11 1184
40 1447
19 1091
21 1461
14 1259
41 1415
32 1367
31 1377
41 1227
27 1005
14 1290
27 1451
41 1071
49 1322
17 1363
40 1406
19 1328
49 1315
13 1313
13 1349
40 1480
23 1422
38 1490
25 1209
16 1274
30 1084
37 1010
42 1390
43 1414
46 1429
35 1168
41 1413
36 1066
37 1214
48 1425
46 1312
40 1489
37 1134
44 1490
42 1288
26 1281
29 1191
18 1336
47 1039
44 1406
13 1412
13 1036
28 1421
38 1290
35 1001
42 1142
21 1344
17 1234
16 1081
31 1002
14 1380
42 1136
25 1465
25 1444
19 1434
42 1142
24 1197
15 1154
23 1345
11 1052
18 1425
20 1477
36 1182
28 1303
24 1422
21 1412
15 1383
30 1312
11 1317
27 1453
12 1334
33 1139
40 1320
19 1473
16 1196
32 1226
21 1111
10 1406
36 1076
12 1203
28 1207
22 1368
14 1388
30 1061
47 1319
25 1417
43 1184
37 1255
22 1012
28 1017
44 1355
39 1429
40 1115
22 1170
43 1202
40 1183
39 1120
12 1392
25 1375
29 1479
35 1087
36 1417
25 1036
39 1330
49 1452
48 1280
38 1297
11 1483
18 1428
25 1394
38 1138
32 1018
20 1039
25 1415
29 1147
40 1495
31 1010
28 1250
37 1487
37 1156
18 1034
37 1101
21 1326
31 1487
35 1319
29 1317
33 1270
47 1065
25 1137
16 1443
18 1407
28 1401
28 1210
48 1486
13 1458
41 1147
28 1231
34 1035
25 1018
15 1485
35 1195
35 1397
19 1128
12 1409
33 1215
33 1281
30 1163
49 1359
44 1218
19 1214
16 1284
43 1214
36 1036
48 1117
20 1463
48 1118
25 1385
25 1254
46 1181
37 1098
47 1164
31 1459
27 1402
33 1077
19 1140
45 1497
36 1394
25 1494
45 1229
45 1412
11 1044
25 1168
40 1399
49 1018
32 1322
37 1450
14 1099
22 1291
26 1452
48 1010
18 1153
48 1255
31 1155
12 1264
21 1186
11 1009
17 1063
42 1491
11 1326
31 1032
27 1241
39 1054
24 1074
27 1304
33 1112
34 1135
26 1131
13 1116
14 1037
42 1403
33 1411
19 1311
47 1143
31 1431
26 1207
45 1207
27 1196
24 1222
30 1035
35 1455
35 1351
33 1110
47 1089
44 1165
48 1301
39 1118
11 1162
37 1092
47 1089
29 1110
40 1327
36 1012
43 1145
15 1226
21 1124
47 1422
20 1450
35 1131
12 1391
42 1328
39 1069
43 1409
37 1364
46 1088
13 1394
20 1467
24 1187
34 1299
17 1119
14 1057
24 1168
25 1152
13 1034
25 1047
42 1271
24 1169
20 1031
31 1045
31 1044
49 1106
40 1069
38 1058
13 1134
18 1208
34 1079
26 1054
29 1058
17 1178
43 1357
44 1054
23 1163
48 1014
23 1086
42 1415
31 1458
47 1036
24 1121
11 1232
36 1078
34 1232
24 1329
15 1143
41 1488
15 1215
38 1464
14 1215
18 1407
18 1052
22 1158
33 1069
13 1300
33 1100
35 1335
14 1000
22 1072
12 1297
20 1416
37 1484
31 1489
36 1197
11 1477
12 1088
22 1425
49 1076
27 1090
29 1427
48 1277
18 1042
46 1199
31 1000
10 1279
46 1126
29 1178
21 1117
48 1124
14 1132
34 1183
17 1102
15 1012
25 1066
21 1073
49 1071
47 1005
21 1068
44 1164
44 1454
44 1401
19 1039
18 1001
20 1403
40 1002
39 1186
32 1120
22 1009
23 1146
24 1341
22 1384
43 1290
44 1119
11 1156
30 1053
25 1133
17 1389
45 1393
37 1077
29 1173
39 1022
45 1047
48 1408
11 1122
10 1181
27 1438
46 1486
24 1140
36 1281
46 1189
34 1422
44 1022
31 1403
28 1282
12 1331
28 1013
10 1446
25 1112
36 1202
46 1303
40 1469
38 1072
22 1245
18 1072
32 1254
48 1417
38 1403
16 1376
34 1235
17 1027
10 1154
34 1158
44 1000
29 1185
27 1465
22 1385
40 1097
46 1052
18 1158
49 1327
29 1068
33 1406
20 1045
42 1382
34 1245
17 1146
46 1022
23 1235
10 1376
24 1281
18 1437
22 1289
10 1444
26 1285
18 1200
22 1329
35 1218
27 1157
44 1159
25 1314
25 1483
24 1472
42 1473
24 1110
42 1109
16 1402
49 1435
39 1249
20 1312
12 1087
33 1285
44 1460
11 1194
38 1392
37 1005
32 1471
48 1272
42 1457
46 1016
28 1416
48 1341
30 1088
30 1285
20 1155
29 1097
38 1042
27 1083
48 1473
25 1057
34 1236
37 1433
18 1040
17 1291
48 1277
49 1273
43 1007
27 1171
32 1249
14 1331
18 1205
32 1475
22 1343
30 1375
37 1270
42 1016
30 1222
14 1466
48 1486
35 1223
10 1109
18 1298
16 1165
28 1459
30 1080
41 1158
22 1309
17 1399
26 1024
46 1165
36 1499
10 1004
29 1080
37 1456
38 1210
31 1290
26 1187
20 1466
24 1387
18 1047
41 1286
22 1001
25 1391
40 1287
36 1040
26 1324
21 1081
38 1014
41 1372
28 1034
19 1170
20 1163
38 1138
18 1406
15 1247
41 1316
17 1449
16 1151
39 1142
10 1146
29 1178
30 1457
14 1234
35 1030
27 1026
11 1342
44 1292
33 1075
35 1148
12 1413
44 1250
31 1334
46 1299
16 1415
24 1303
48 1080
31 1254
30 1452
40 1037
37 1347
10 1433
15 1171
42 1427
49 1336
17 1031
31 1324
16 1457
18 1389
22 1486
12 1124
46 1419
24 1366
36 1433
11 1101
36 1344
40 1179
48 1405
19 1059
29 1024
38 1146
34 1110
30 1430
14 1321
12 1477
47 1334
32 1378
32 1133
13 1360
22 1145
37 1483
44 1146
37 1123
23 1123
16 1403
18 1144
41 1468
13 1313
38 1416
40 1234
29 1451
27 1285
10 1303
23 1461
19 1321
29 1442
29 1279
43 1221
47 1436
37 1174
19 1249
16 1112
28 1318
48 1358
19 1327
43 1084
43 1385
21 1132
14 1103
48 1440
16 1491
13 1363
13 1384
14 1218
49 1072
19 1250
31 1237
49 1222
32 1062
45 1143
20 1069
34 1491
31 1495
43 1254
43 1433
37 1097
41 1422
34 1022
29 1270
48 1404
39 1421
18 1344
40 1053
44 1383
28 1237
28 1383
20 1019
26 1062
20 1434
38 1023
31 1128
33 1336
41 1016
39 1017
19 1007
13 1019
37 1016
13 1069
47 1048
26 1439
27 1114
36 1440
40 1476
32 1261
31 1247
25 1136
32 1175
44 1176
34 1097
41 1215
28 1335
23 1489
41 1266
35 1198
38 1370
44 1251
17 1026
14 1025
33 1015
37 1446
49 1477
11 1123
31 1473
18 1137
43 1081
20 1472
44 1357
22 1436
23 1357
32 1161
18 1347
12 1337
20 1086
34 1335
27 1031
17 1451
45 1021
36 1114
49 1032
31 1233
16 1487
42 1444
39 1389
17 1410
14 1042
28 1161
43 1058
15 1028
34 1063
36 1268
46 1412
24 1088
19 1445
13 1365
30 1034
20 1313
24 1075
27 1052
21 1499
46 1412
47 1059
39 1469
28 1403
11 1230
27 1353
32 1470
26 1096
14 1288
49 1234
11 1127
11 1096
35 1344
25 1380
13 1366
46 1316
43 1003
20 1352
38 1213
32 1343
21 1052
26 1113
46 1002
23 1099
14 1308
46 1433
44 1492
36 1414
35 1417
48 1180
45 1230
23 1233
28 1319
19 1128
36 1262
26 1328
23 1191
32 1127
33 1079
18 1286
11 1350
40 1022
39 1175
30 1190
20 1041
28 1368
22 1464
38 1048
20 1192
46 1076
32 1283
45 1146
34 1423
43 1050
19 1240
31 1452
47 1130
24 1449
41 1152
36 1105
13 1045
20 1391
41 1175
24 1044
20 1282
21 1272
42 1086
20 1031
48 1130
23 1021
26 1498
41 1363
21 1400
37 1291
18 1031
12 1040
42 1198
12 1048
28 1358
48 1381
44 1132
30 1207
14 1392
36 1080
11 1374
35 1411
47 1374
49 1090
43 1330
14 1133
36 1056
45 1329
49 1281
27 1246
41 1104
19 1282
43 1288
29 1107
48 1136
13 1355
42 1001
11 1475
42 1448
39 1155
44 1118
35 1165
24 1259
19 1464
16 1015
31 1141
37 1459
15 1444
32 1258
49 1271
32 1315
35 1103
26 1422
21 1461
29 1365
11 1456
42 1176
46 1029
38 1239
26 1447
43 1242
26 1142
44 1257
13 1292
14 1450
13 1488
12 1012
40 1258
19 1186
38 1229
44 1062
24 1137
19 1203
18 1089
37 1462
18 1224
47 1411
30 1173
49 1113
42 1448
26 1340
37 1461
48 1075
22 1335
23 1201
25 1425
10 1473
22 1014
25 1095
23 1175
43 1453
49 1322
18 1247
25 1290
35 1279
25 1299
29 1415
40 1412
28 1233
26 1096
36 1164
21 1352
44 1394
12 1171
44 1357
14 1406
23 1469
16 1119
43 1228
46 1254
46 1225
36 1247
45 1356
20 1258
20 1050
26 1394
27 1455
27 1166
40 1138
20 1219
29 1353
13 1190
32 1115
25 1430
39 1241
49 1445
21 1087
44 1015
31 1009
45 1251
17 1165
35 1477
17 1045
22 1016
19 1185
43 1153
12 1158
23 1258
29 1467
19 1100
30 1372
31 1279
44 1388
11 1211
21 1201
16 1303
12 1193
15 1084
34 1246
32 1110
43 1140
33 1064
47 1452
42 1496
23 1044
33 1000
23 1436
27 1279
46 1198
19 1249
47 1090
35 1266
33 1092
10 1419
31 1189
40 1367
12 1407
19 1496
22 1164
28 1074
36 1388
39 1007
31 1106
12 1315
22 1437
17 1406
25 1222
48 1450
11 1058
10 1082
24 1007
19 1469
27 1499
43 1208
15 1095
39 1452
41 1098
24 1154
16 1459
18 1311
49 1000
48 1288
21 1221
22 1277
16 1424
31 1459
19 1449
22 1424
19 1359
40 1143
18 1460
26 1424
22 1362
25 1317
23 1115
24 1012
12 1012
30 1375
16 1383
10 1022
42 1362
16 1156
37 1348
49 1314
41 1463
11 1357
13 1026
40 1405
15 1034
48 1473
31 1470
13 1224
20 1330
40 1338
12 1054
21 1407
37 1326
10 1243
35 1131
44 1271
39 1312
47 1149
24 1153
18 1199
29 1409
31 1429
46 1108
48 1375
12 1240
11 1459
26 1490
14 1225
40 1199
29 1250
16 1412
29 1142
43 1490
32 1124
34 1088
26 1068
10 1395
45 1244
18 1244
47 1446
23 1081
39 1428
43 1211
19 1138
37 1469
35 1341