2500 1500
19 1258
15 1499
36 1205
13 1042
35 1402
47 1182
43 1165
46 1119
34 1266
19 1359
10 1302
41 1162
15 1261
26 1029
24 1362
37 1172
28 1205
31 1051
42 1480
19 1355
11 1220
15 1408
26 1378
23 1073
14 1489
24 1141
24 1415
46 1171
47 1166
33 1076
27 1116
32 1231
32 1179
46 1184
13 1363
31 1440
19 1488
45 1492
35 1304
12 1035
37 1178
35 1157
22 1144
14 1419
29 1005
26 1209
14 1473
35 1081
27 1253
31 1420
38 1201
12 1454
20 1230
41 1363
11 1145
40 1049
17 1000
37 1372
21 1101
11 1389
14 1226
19 1393
49 1412
32 1466
17 1120
37 1389
11 1496
21 1128
23 1329
34 1200
41 1461
39 1302
32 1429
31 1203
48 1431
21 1338
39 1186
35 1224
21 1262
12 1088
14 1383
15 1033
18 1136
32 1326
36 1010
13 1308
22 1215
31 1057
49 1099
18 1182
16 1186
19 1308
47 1326
40 1020
34 1220
21 1317
31 1108
48 1456
13 1262
47 1330
16 1112
11 1242
35 1170
11 1466
30 1434
28 1073
18 1262
38 1296
11 1454
14 1188
21 1194
21 1221
23 1432
23 1066
22 1056
36 1177
29 1442
49 1076
23 1415
19 1450
49 1016
26 1287
33 1048
10 1031
46 1197
41 1265
13 1452
19 1023
27 1397
15 1053
21 1162
49 1121
15 1100
17 1128
21 1124
43 1108
31 1476
38 1027
33 1288
44 1264
12 1179
49 1256
22 1208
40 1086
19 1055
14 1415
34 1438
17 1007
38 1408
44 1302
43 1284
29 1087
44 1040
17 1495
26 1290
33 1030
37 1137
27 1277
13 1076
40 1263
12 1217
32 1110
10 1332
25 1184
13 1069
32 1160
29 1291
34 1415
10 1078
14 1130
33 1467
11 1092
38 1059
20 1163
33 1157
28 1256
19 1035
34 1146
15 1218
36 1403
49 1120
35 1336
22 1475
35 1134
45 1335
38 1339
41 1478
43 1351
15 1059
14 1404
20 1353
35 1138
11 1217
45 1380
19 1110
41 1260
11 1381
36 1283
33 1402
31 1332
44 1253
19 1340
25 1015
44 1353
27 1164
16 1099
42 1022
15 1270
27 1102
32 1240
39 1421
11 1273
23 1176
49 1444
21 1215
13 1012
12 1374
11 1281
44 1199
14 1409
38 1349
44 1214
11 1495
25 1370
49 1251
36 1088
37 1346
31 1222
46 1146
11 1301
27 1276
25 1415
45 1368
10 1371
18 1311
23 1359
41 1481
23 1342
38 1002
47 1125
35 1048
44 1237
45 1326
20 1320
43 1262
45 1034
27 1398
43 1026
13 1484
23 1107
25 1031
18 1002
23 1407
37 1347
26 1291
12 1150
32 1390
38 1194
17 1041
36 1196
29 1231
48 1165
10 1215
32 1352
13 1017
33 1087
17 1356
20 1206
14 1383
18 1442
24 1079
35 1462
44 1197
44 1183
19 1416
46 1469
18 1101
22 1239
19 1220
20 1145
40 1369
39 1287
22 1404
12 1081
42 1245
24 1067
48 1026
40 1202
45 1150
38 1075
40 1451
44 1121
20 1043
33 1266
33 1370
35 1095
34 1212
46 1466
21 1176
47 1409
34 1317
43 1163
24 1168
19 1070
19 1091
15 1468
45 1068
42 1452
28 1096
45 1122
39 1476
36 1149
43 1082
41 1200
44 1225
14 1371
18 1250
26 1082
49 1037
19 1311
43 1085
47 1417
29 1357
36 1082
32 1068
21 1248
39 1247
23 1021
26 1070
25 1428
12 1214
14 1369
46 1377
44 1421
15 1332
44 1251
27 1080
16 1406
12 1379
19 1221
48 1118
26 1313
34 1446
49 1397
21 1299
14 1405
13 1185
17 1326
18 1070
10 1128
42 1408
10 1138
41 1164
11 1208
35 1321
21 1272
44 1366
27 1088
20 1434
36 1109
43 1205
23 1267
17 1175
43 1247
11 1404
27 1181
16 1416
11 1064
15 1302
43 1489
25 1481
33 1296
39 1277
24 1308
46 1456
27 1000
40 1129
46 1347
26 1095
47 1115
39 1205
27 1204
20 1087
47 1329
45 1287
18 1188
34 1438
19 1110
43 1318
10 1053
48 1419
25 1321
36 1269
47 1378
28 1280
45 1106
34 1255
26 1494
44 1153
42 1124
10 1249
21 1108
36 1147
13 1097
40 1361
18 1415
46 1135
31 1431
31 1228
27 1157
22 1374
22 1097
19 1340
12 1003
21 1454
17 1167
16 1419
27 1173
23 1445
31 1126
48 1148
43 1071
29 1206
20 1217
22 1342
25 1033
48 1041
49 1245
37 1255
23 1491
25 1156
48 1350
38 1470
26 1005
45 1370
34 1012
21 1048
29 1233
29 1254
23 1143
17 1390
42 1060
39 1487
40 1300
23 1420
24 1094
37 1133
33 1415
40 1095
33 1001
38 1493
48 1425
40 1346
22 1181
31 1100
16 1108
14 1370
41 1289
14 1454
42 1025
12 1151
10 1322
47 1443
29 1002
36 1139
36 1007
10 1021
39 1271
12 1313
19 1017
18 1447
34 1245
37 1015
34 1313
29 1353
30 1405
48 1222
35 1005
26 1025
24 1362
36 1367
42 1442
38 1138
20 1310
15 1233
33 1468
40 1483
45 1482
28 1010
10 1108
10 1246
29 1389
48 1364
45 1130
22 1364
45 1474
20 1420
12 1180
42 1406
18 1338
38 1271
27 1215
19 1249
49 1042
33 1257
36 1064
22 1237
26 1114
37 1042
21 1378
24 1447
27 1303
19 1026
16 1187
33 1497
28 1179
22 1054
27 1155
37 1155
29 1467
42 1168
37 1256
18 1408
14 1214
18 1438
34 1186
23 1180
43 1090
42 1380
40 1495
37 1414
43 1487
48 1289
49 1298
41 1135
44 1030
18 1310
17 1135
45 1002
15 1434
38 1398
46 1118
27 1446
45 1253
12 1000
38 1319
44 1393
41 1272
21 1300
28 1194
14 1137
42 1084
44 1389
36 1302
47 1288
22 1363
40 1286
24 1288
39 1109
20 1453
38 1104
25 1233
47 1389
21 1483
46 1037
42 1126
12 1065
48 1364
21 1316
34 1231
46 1033
20 1363
22 1003
30 1132
29 1243
36 1442
15 1248
41 1024
40 1312
37 1255
26 1219
31 1169
35 1419
38 1419
49 1462
29 1181
46 1434
49 1302
33 1018
28 1202
44 1184
16 1393
34 1363
12 1402
48 1113
39 1139
25 1002
43 1492
15 1371
40 1375
19 1497
24 1309
32 1434
45 1035
38 1193
14 1387
41 1251
29 1470
15 1400
35 1205
30 1228
19 1026
21 1247
16 1435
39 1128
38 1347
13 1070
12 1133
21 1350
45 1237
39 1237
41 1406
11 1119
43 1265
14 1022
26 1317
38 1139
21 1151
46 1346
46 1250
39 1008
10 1408
26 1101
18 1031
27 1320
20 1099
44 1274
18 1056
26 1225
44 1241
36 1453
18 1403
47 1325
11 1354
42 1455
35 1304
31 1319
38 1497
48 1441
12 1154
13 1107
24 1397
10 1425
44 1158
21 1483
30 1212
48 1331
29 1142
27 1417
18 1474
39 1495
40 1223
12 1013
26 1450
39 1174
35 1240
29 1474
27 1275
17 1209
38 1046
31 1395
39 1292
43 1295
38 1226
31 1499
38 1147
30 1399
18 1477
38 1147
43 1018
33 1379
18 1440
24 1222
35 1019
13 1126
20 1068
42 1004
26 1397
25 1156
41 1486
19 1165
28 1265
44 1462
35 1274
21 1384
46 1056
45 1063
19 1067
13 1037
24 1435
36 1033
14 1073
13 1160
17 1209
18 1153
39 1323
40 1140
44 1485
10 1391
43 1292
42 1374
47 1229
22 1121
14 1419
15 1209
27 1419
25 1216
47 1396
13 1134
42 1221
38 1173
41 1412
46 1037
41 1283
18 1325
39 1381
25 1378
24 1405
21 1483
31 1416
27 1194
22 1062
29 1397
17 1397
26 1152
45 1260
18 1167
30 1238
33 1414
26 1466
16 1494
24 1018
38 1041
40 1222
42 1317
26 1447
41 1264
29 1207
43 1358
42 1093
23 1391
11 1113
26 1073
32 1407
27 1118
12 1290
18 1195
39 1133
13 1407
14 1182
37 1136
27 1451
31 1259
10 1339
30 1403
21 1245
31 1394
10 1242
16 1422
35 1383
14 1317
13 1089
35 1150
47 1491
24 1496
23 1398
41 1414
28 1347
34 1486
31 1273
26 1414
28 1497
14 1076
44 1378
13 1426
21 1107
26 1096
23 1430
32 1350
28 1248
41 1113
21 1379
12 1462
13 1114
19 1167
21 1131
18 1411
10 1158
14 1416
26 1020
35 1351
24 1009
38 1373
15 1326
31 1282
17 1416
12 1072
11 1374
38 1332
32 1090
19 1417
43 1394
43 1292
47 1002
43 1077
16 1056
27 1412
43 1042
20 1335
10 1094
43 1208
44 1200
25 1112
27 1137
19 1317
21 1167
21 1461
12 1152
46 1235
22 1226
31 1087
26 1351
33 1183
45 1092
32 1165
41 1466
40 1047
35 1316
39 1197
40 1175
37 1236
23 1223
14 1350
15 1349
40 1189
29 1380
19 1050
23 1045
39 1272
15 1079
31 1321
32 1395
35 1014
14 1048
18 1255
46 1096
39 1326
13 1145
36 1104
44 1280
17 1411
26 1320
21 1070
17 1259
14 1029
45 1125
46 1466
33 1340
43 1277
43 1454
27 1410
17 1147
36 1479
42 1368
44 1388
47 1341
16 1388
43 1437
41 1013
47 1421
35 1168
17 1272
39 1467
35 1284
37 1128
42 1083
35 1327
44 1103
30 1220
32 1486
44 1012
19 1024
18 1053
26 1357
39 1003
10 1153
19 1095
44 1047
26 1170
35 1474
20 1055
25 1397
30 1325
12 1022
23 1090
37 1245
36 1038
22 1037
29 1005
46 1425
16 1420
46 1319
48 1138
21 1131
32 1357
29 1456
24 1166
40 1197
44 1201
36 1363
47 1056
31 1309
23 1191
31 1146
48 1467
37 1193
22 1000
35 1403
22 1174
37 1390
41 1029
43 1371
31 1215
46 1073
36 1417
20 1237
44 1439
26 1340
17 1320
36 1348
38 1215
13 1230
31 1011
36 1245
16 1441
30 1104
44 1300
43 1376
38 1346
17 1039
32 1137
27 1023
20 1488
11 1025
41 1323
11 1087
37 1137
16 1376
37 1066
43 1095
14 1285
19 1416
14 1416
37 1310
24 1319
28 1388
44 1006
19 1108
14 1304
35 1406
16 1055
47 1346
38 1252
25 1442
15 1078
18 1337
38 1113
15 1411
22 1185
31 1495
21 1270
33 1121
10 1055
33 1060
16 1193
19 1304
46 1228
49 1191
33 1210
19 1072
37 1427
42 1373
13 1284
46 1216
29 1205
33 1303
15 1316
38 1214
39 1121
39 1292
32 1273
24 1359
47 1165
22 1165
32 1027
13 1402
14 1288
20 1452
25 1380
38 1482
48 1165
46 1435
18 1005
32 1181
12 1228
48 1113
22 1010
34 1070
33 1415
33 1307
49 1492
39 1422
39 1484
16 1089
32 1152
40 1274
36 1256
41 1206
41 1420
32 1221
24 1146
33 1148
35 1410
37 1186
14 1471
38 1320
36 1438
31 1379
15 1306
36 1014
10 1468
16 1372
14 1219
48 1443
44 1431
24 1353
19 1104
23 1158
23 1400
28 1297
34 1285
29 1126
20 1477
34 1265
17 1424
14 1190
47 1360
42 1007
43 1334
37 1185
19 1002
49 1060
37 1003
40 1422
35 1088
20 1040
40 1340
15 1378
11 1163
15 1495
31 1032
31 1194
35 1496
17 1467
31 1354
48 1455
33 1357
43 1071
46 1220
12 1290
13 1460
10 1089
46 1061
28 1428
41 1445
28 1180
34 1241
37 1440
21 1021
10 1465
45 1422
15 1385
25 1429
10 1109
45 1284
38 1038
23 1166
44 1311
38 1199
16 1020
16 1020
19 1474
22 1236
10 1039
30 1181
11 1491
12 1086
46 1069
45 1317
35 1143
15 1318
38 1208
31 1184
10 1359
19 1491
24 1454
29 1410
23 1004
35 1080
44 1129
43 1177
21 1412
22 1346
36 1118
21 1486
29 1121
45 1046
31 1104
26 1267
24 1190
32 1465
25 1284
47 1264
31 1095
37 1471
40 1348
37 1434
27 1122
17 1469
47 1225
26 1487
42 1203
14 1232
26 1166
32 1316
32 1013
17 1288
20 1084
21 1311
40 1091
29 1391
39 1417
34 1342
33 1346
26 1359
18 1451
19 1455
41 1354
49 1040
10 1348
42 1021
35 1226
40 1243
42 1008
30 1099
42 1318
23 1265
24 1201
33 1113
22 1354
27 1007
44 1472
15 1393
26 1176
27 1449
18 1046
45 1451
32 1494
15 1205
37 1406
47 1419
34 1313
18 1351
20 1494
31 1204
36 1298
43 1174
22 1000
32 1247
34 1159
49 1007
19 1270
40 1178
47 1449
23 1006
41 1019
45 1133
18 1367
11 1485
20 1455
18 1097
45 1015
46 1311
18 1083
12 1083
14 1361
37 1217
11 1027
35 1117
22 1102
28 1100
30 1143
48 1183
46 1312
42 1005
38 1450
23 1281
18 1433
14 1298
47 1008
47 1256
33 1390
15 1319
46 1067
36 1273
16 1020
39 1098
18 1494
43 1426
11 1460
14 1237
43 1036
27 1336
35 1046
42 1097
24 1365
46 1084
16 1243
47 1324
21 1083
37 1323
22 1240
46 1160
11 1106
15 1042
31 1422
41 1270
30 1105
22 1225
48 1017
32 1002
40 1317
44 1441
20 1383
22 1194
41 1360
10 1359
33 1102
47 1330
25 1121
44 1415
35 1272
20 1133
17 1240
43 1323
13 1183
37 1161
40 1130
47 1497
21 1370
22 1305
34 1416
31 1262
32 1042
12 1318
36 1172
37 1159
25 1398
18 1321
42 1448
10 1382
12 1142
41 1213
11 1172
10 1292
16 1349
25 1138
43 1062
15 1161
32 1047
11 1478
12 1168
47 1089
33 1281
35 1118
38 1459
11 1345
44 1384
48 1043
40 1285
24 1348
13 1251
16 1196
14 1481
26 1131
23 1337
29 1383
34 1194
12 1106
33 1017
36 1092
24 1486
43 1322
47 1217
37 1393
37 1414
25 1057
13 1472
32 1255
47 1302
45 1029
20 1069
17 1206
15 1008
29 1188
38 1403
29 1278
37 1197
37 1215
38 1168
49 1432
24 1446
26 1155
39 1133
43 1150
25 1037
42 1199
45 1289
46 1007
40 1048
22 1365
46 1002
20 1408
46 1051
13 1241
46 1014
35 1439
16 1490
45 1441
45 1459
43 1236
23 1317
45 1156
15 1425
43 1319
34 1444
42 1272
25 1250
18 1248
38 1364
18 1350
22 1209
18 1160
32 1205
39 1456
36 1183
41 1211
40 1267
17 1068
37 1457
31 1433
26 1421
34 1366
20 1272
24 1169
45 1160
35 1073
40 1214
14 1342
21 1281
43 1465
18 1227
41 1033
33 1118
14 1461
49 1451
15 1075
24 1115
34 1054
47 1273
29 1498
19 1045
14 1154
37 1213
37 1313
43 1278
19 1164
10 1411
38 1389
44 1123
49 1150
34 1391
34 1227
34 1498
32 1005
39 1243
33 1136
33 1250
18 1273
43 1455
41 1451
18 1135
16 1453
44 1147
29 1214
47 1396
19 1419
49 1215
11 1397
43 1478
15 1481
39 1451
35 1418
21 1257
25 1422
48 1145
17 1148
16 1345
35 1199
28 1072
31 1083
24 1244
15 1302
38 1205
27 1438
44 1309
38 1107
34 1169
27 1075
14 1462
42 1396
32 1265
18 1167
44 1408
45 1151
31 1467
46 1420
13 1007
18 1069
24 1442
11 1259
32 1080
27 1237
43 1089
12 1402
43 1324
18 1086
32 1322
35 1227
27 1274
32 1221
22 1429
39 1088
44 1062
49 1434
21 1066
36 1234
24 1380
21 1008
46 1112
36 1321
39 1135
12 1185
22 1292
40 1098
14 1303
22 1045
22 1274
27 1048
12 1000
19 1382
37 1325
33 1021
39 1058
26 1084
39 1094
40 1034
48 1231
21 1272
45 1202
31 1028
21 1357
45 1111
26 1119
32 1042
28 1167
38 1453
36 1019
42 1080
47 1187
31 1076
44 1251
34 1069
36 1439
30 1395
14 1031
13 1299
42 1107
24 1160
16 1112
43 1181
16 1328
35 1293
21 1273
14 1477
49 1160
23 1315
39 1068
22 1278
22 1018
12 1041
16 1406
12 1049
31 1470
20 1110
44 1059
37 1152
15 1100
40 1414
35 1421
39 1140
41 1310
22 1362
45 1438
12 1039
39 1355
40 1112
49 1290
26 1292
23 1367
46 1484
28 1115
12 1082
16 1300
30 1061
28 1110
11 1086
46 1098
20 1380
35 1465
26 1476
21 1025
39 1485
24 1206
25 1459
13 1072
10 1319
15 1451
11 1250
32 1064
12 1303
16 1374
29 1214
33 1016
48 1496
26 1232
10 1195
29 1171
19 1008
37 1136
45 1321
37 1373
14 1173
16 1221
36 1006
23 1200
44 1424
12 1000
39 1133
29 1413
28 1102
40 1028
47 1311
20 1289
32 1050
27 1212
12 1076
27 1166
25 1431
40 1361
45 1326
21 1005
44 1403
37 1270
28 1187
24 1263
37 1024
37 1419
14 1255
48 1349
10 1395
18 1386
31 1387
18 1195
45 1415
20 1097
47 1259
21 1051
26 1413
44 1079
19 1214
49 1097
35 1281
31 1252
10 1483
27 1053
32 1311
46 1284
14 1362
12 1036
29 1086
19 1038
34 1016
48 1011
19 1173
35 1021
19 1305
44 1322
47 1282
21 1402
25 1230
13 1449
28 1277
21 1267
45 1172
47 1177
25 1161
31 1430
45 1467
39 1022
22 1085
22 1361
10 1039
26 1377
34 1479
30 1360
32 1241
25 1429
49 1091
23 1311
35 1028
48 1171
27 1155
29 1229
16 1251
21 1179
35 1028
12 1164
37 1331
24 1250
18 1321
48 1216
40 1460
48 1487
34 1190
48 1194
11 1405
38 1372
44 1344
23 1223
48 1111
41 1181
14 1048
22 1049
20 1169
39 1225
11 1147
43 1481
35 1311
45 1024
10 1014
17 1170
26 1123
31 1021
34 1204
17 1210
14 1450
10 1396
48 1117
19 1069
39 1106
17 1459
32 1110
18 1295
28 1453
27 1060
10 1341
13 1158
41 1363
23 1036
19 1105
31 1026
16 1219
20 1057
13 1110
28 1062
22 1266
48 1453
16 1468
21 1064
16 1420
12 1282
34 1263
10 1493
30 1498
29 1234
25 1000
39 1449
31 1334
19 1392
23 1202
11 1131
44 1118
31 1288
37 1041
17 1329
34 1420
22 1423
29 1418
36 1457
46 1381
35 1264
30 1298
21 1451
46 1435
30 1086
10 1465
39 1064
43 1037
34 1188
12 1380
46 1257
46 1013
32 1270
15 1379
42 1272
23 1357
30 1035
34 1246
42 1358
22 1107
34 1031
27 1287
45 1036
24 1437
26 1009
14 1258
14 1261
14 1235
14 1465
41 1179
11 1188
33 1229
26 1136
25 1268
10 1254
41 1047
30 1127
26 1299
36 1247
38 1060
11 1009
32 1270
18 1245
24 1437
38 1493
44 1455
32 1194
27 1361
10 1020
31 1283
30 1330
42 1193
34 1324
15 1277
20 1245
42 1296
43 1248
12 1374
34 1046
36 1382
14 1436
13 1072
23 1244
27 1287
25 1465
20 1241
49 1422
45 1276
33 1479
35 1414
40 1199
28 1124
18 1265
20 1487
36 1185
20 1095
36 1399
40 1479
27 1197
32 1419
39 1181
39 1219
28 1207
46 1462
25 1277
25 1330
13 1312
37 1421
10 1262
46 1380
10 1020
11 1141
40 1452
33 1364
13 1018
11 1047
42 1275
23 1317
45 1349
10 1440
18 1296
31 1046
15 1025
46 1443
42 1309
20 1167
45 1202
32 1161
48 1002
10 1035
32 1300
30 1044
21 1365
27 1211
36 1448
14 1020
37 1076
13 1025
40 1375
30 1102
28 1038
32 1047
38 1400
20 1242
27 1397
12 1338
27 1051
10 1147
40 1024
35 1388
32 1130
41 1370
26 1450
47 1239
25 1298
15 1399
40 1232
13 1349
32 1416
33 1489
39 1456
25 1015
35 1202
45 1422
24 1170
31 1019
41 1041
29 1114
28 1308
40 1490
46 1496
10 1335
38 1128
19 1073
21 1498
41 1428
41 1375
40 1310
27 1029
40 1256
31 1051
29 1389
47 1409
29 1152
37 1253
26 1328
16 1481
29 1128
19 1340
35 1106
47 1461
19 1134
27 1163
33 1165
25 1148
25 1236
32 1392
45 1322
16 1325
47 1157
42 1489
40 1035
48 1309
45 1050
23 1216
32 1045
25 1262
16 1003
17 1318
41 1216
40 1367
18 1395
32 1025
17 1419
45 1111
45 1426
43 1073
48 1348
47 1202
11 1468
30 1440
35 1191
20 1196
18 1008
10 1183
22 1379
43 1442
12 1358
31 1456
25 1190
27 1067
19 1279
11 1287
23 1185
12 1350
35 1358
39 1266
49 1183
22 1445
20 1172
13 1398
30 1368
30 1044
44 1077
14 1020
42 1468
36 1386
38 1442
18 1268
33 1141
22 1211
15 1329
10 1082
40 1076
38 1264
42 1025
16 1276
22 1130
23 1015
40 1394
43 1310
23 1316
35 1059
17 1160
22 1262
25 1124
25 1140
47 1389
20 1469
38 1351
40 1018
28 1496
37 1329
42 1176
10 1230
13 1173
44 1377
21 1379
24 1025
37 1329
41 1334
41 1234
49 1188
39 1421
41 1071
15 1275
39 1398
17 1089
16 1408
16 1394
30 1371
12 1169
44 1063
46 1423
35 1188
42 1293
44 1460
33 1306
13 1311
22 1044
36 1311
38 1428
38 1000
21 1041
28 1279
28 1027
44 1329
48 1261
11 1105
42 1080
48 1205
33 1159
30 1001
44 1101
49 1480
14 1338
43 1152
22 1215
30 1130
12 1140
43 1306
24 1031
18 1459
38 1184
24 1255
39 1128
43 1438
15 1329
27 1152
27 1175
45 1322
12 1093
16 1403
37 1206
40 1352
28 1131
16 1282
10 1371
41 1336
43 1331
24 1248
37 1319
18 1285
31 1382
32 1282
38 1068
43 1014
48 1186
36 1468
33 1341
41 1266
18 1371
46 1260
38 1380
30 1428
42 1374
40 1471
18 1056
18 1247
16 1072
29 1150
41 1486
20 1308
30 1254
12 1263
26 1426
21 1038
37 1366
44 1475
23 1020
41 1106
42 1047
12 1016
31 1385
38 1240
39 1489
21 1162
15 1386
13 1156
28 1182
40 1310
25 1482
23 1012
45 1168
29 1149
42 1111
48 1277
47 1195
46 1328
11 1237
37 1039
18 1123
48 1455
37 1249
24 1398
48 1226
24 1000
15 1025
42 1122
28 1313
35 1221
34 1471
30 1449
46 1466
31 1474
29 1165
14 1311
18 1005
41 1208
49 1074
17 1448
14 1081
20 1080
43 1417
24 1104
34 1286
45 1349
14 1059
18 1210
41 1425
39 1163
28 1116
46 1362
10 1008
22 1034
20 1126
16 1185
39 1482
26 1079
44 1388
13 1387
26 1468
40 1213
44 1272
46 1192
27 1260
25 1392
48 1166
12 1214
20 1329
23 1441
21 1355
23 1360
19 1066
42 1281
42 1325
36 1027
24 1089
14 1365
45 1200
34 1158
46 1250
24 1094
28 1218
12 1332
10 1135
18 1306
17 1300
21 1419
44 1282
47 1026
14 1446
34 1025
20 1244
42 1369
44 1020
39 1443
17 1204
45 1172
31 1432
25 1228
13 1051
26 1356
40 1162
45 1315
43 1066
10 1319
42 1183
38 1368
34 1316
30 1253
33 1138
18 1415
21 1152
48 1454
35 1016
13 1097
45 1183
25 1391
25 1032
33 1130
32 1102
38 1450
30 1314
44 1252
22 1241
38 1053
25 1126
36 1196
28 1445
47 1262
40 1296
10 1380
26 1001
48 1221
28 1117
17 1380
47 1472
46 1287
40 1489
33 1476
48 1249
25 1071
27 1045
29 1009
21 1328
44 1110
32 1239
23 1277
13 1036
24 1285
37 1079
22 1360
15 1409
18 1104
22 1090
45 1350
22 1483
13 1218
23 1091
20 1438
24 1236
20 1222
15 1324
16 1019
41 1048
39 1396
10 1485
14 1040
45 1306
22 1069
40 1161
10 1130
25 1220
11 1014
22 1071
13 1407
29 1059
17 1456
30 1122
27 1042
31 1339
24 1410
10 1169
43 1145
23 1087
39 1287
11 1423
37 1347
28 1392
21 1379
26 1385
15 1159
27 1085
31 1005
19 1013
36 1059
38 1070
48 1484
16 1282
42 1402
19 1227
38 1340
13 1418
33 1132
38 1138
36 1228
38 1208
42 1261
13 1373
13 1290
49 1105
10 1357
26 1140
21 1022
17 1420
38 1323
44 1378
25 1276
20 1120
29 1082
48 1320
20 1202
46 1326
44 1328
37 1275
11 1284
27 1317
46 1114
18 1000
34 1260
21 1119
32 1249
27 1304
20 1493
33 1408
31 1181
47 1372
35 1273
18 1285
17 1376
36 1271
41 1024
33 1126
13 1129
16 1257
21 1347
13 1006
35 1058
30 1407
49 1246
39 1148
25 1334
27 1028
13 1098
17 1106
14 1460
19 1114
26 1028
39 1152
44 1100
36 1148
28 1170
46 1269
20 1120
10 1304
44 1214
21 1239
19 1475
33 1484
34 1015
21 1217
11 1362
13 1246
14 1152
48 1394
15 1210
45 1146
40 1105
46 1404
27 1110
24 1195
22 1315
32 1257
40 1339
35 1164
46 1239
30 1189
43 1357
15 1377
39 1139
18 1011
11 1029
13 1406
42 1247
28 1203
17 1106
24 1332
36 1225
23 1280
47 1282
48 1215
26 1276
23 1260
27 1109
26 1114
25 1045
12 1062
45 1456
45 1133
22 1389
39 1426
23 1230
47 1418
14 1289
26 1427
20 1428
39 1266
34 1186
13 1286
22 1375
14 1369
16 1331
24 1166
46 1156
27 1435
33 1495
19 1359
10 1209
11 1284
40 1357
34 1255
12 1136
12 1473
47 1228
35 1153
10 1473
13 1007
33 1058
47 1319
36 1123
33 1063
28 1239
21 1088
45 1205
40 1078
14 1418
49 1060
25 1173
43 1205
42 1300
49 1006
39 1052
32 1016
10 1287
24 1263
48 1149
25 1116
44 1428
40 1432
48 1208
12 1242
39 1211
27 1279
31 1108
32 1285
42 1430
13 1322
41 1167
17 1024
30 1233
41 1104
38 1449
28 1009
46 1205
19 1124
49 1070
41 1072
13 1427
45 1247
17 1471
16 1205
46 1052
47 1394
35 1054
10 1272
19 1358
13 1442
27 1152
33 1484
37 1185
29 1343
25 1294
36 1182
32 1416
48 1004
33 1290
19 1340
23 1280
15 1163
43 1472
42 1413
43 1271
49 1176
39 1325
38 1325
17 1338
17 1295
22 1043
33 1470
14 1117
35 1048
38 1362
46 1438
25 1497
49 1430
13 1196
39 1478
49 1112