3000 4000
29 1332
47 1031
25 1451
33 1170
46 1116
17 1483
41 1395
21 1443
39 1162
35 1245
38 1341
16 1113
30 1194
26 1073
37 1150
34 1447
13 1148
39 1070
24 1006
37 1328
24 1446
31 1459
46 1295
39 1346
37 1179
18 1037
35 1208
42 1106
40 1433
31 1128
38 1327
45 1469
39 1184
17 1145
45 1448
34 1165
10 1193
10 1119
21 1218
31 1439
48 1251
49 1436
15 1484
38 1457
15 1376
16 1234
21 1221
41 1278
22 1038
40 1382
14 1467
46 1401
13 1147
22 1022
31 1490
40 1278
34 1476
42 1127
33 1307
24 1261
13 1103
16 1261
16 1284
41 1211
18 1060
45 1329
22 1112
29 1230
13 1142
25 1341
47 1414
49 1212
15 1230
13 1226
24 1225
35 1296
16 1297
23 1346
35 1389
33 1470
35 1374
48 1459
37 1374
18 1306
39 1401
44 1020
39 1239
26 1210
15 1146
26 1064
28 1183
30 1143
27 1236
30 1442
48 1227
39 1492
11 1212
38 1433
21 1431
22 1200
22 1094
45 1403
28 1038
25 1186
22 1187
26 1408
28 1043
43 1224
10 1286
14 1262
18 1202
21 1237
14 1056
35 1263
39 1141
23 1334
38 1166
28 1350
45 1417
31 1285
19 1211
48 1011
17 1223
37 1476
30 1158
23 1223
34 1131
22 1081
48 1245
12 1287
39 1234
26 1185
44 1212
47 1278
20 1471
41 1109
15 1139
36 1305
11 1043
47 1442
45 1131
37 1009
12 1064
48 1328
21 1230
45 1353
37 1314
18 1176
48 1195
16 1473
33 1035
19 1092
12 1355
31 1311
35 1130
12 1097
25 1395
18 1473
45 1316
33 1230
29 1359
49 1244
45 1322
16 1146
45 1423
44 1134
42 1094
26 1214
24 1234
10 1239
35 1036
28 1074
37 1355
17 1356
32 1185
36 1334
47 1113
29 1498
26 1071
12 1012
40 1015
32 1368
34 1012
19 1476
33 1415
24 1072
24 1180
47 1229
38 1299
46 1071
41 1195
48 1046
48 1441
23 1162
42 1408
37 1129
39 1097
12 1474
22 1002
23 1176
14 1398
10 1483
13 1357
25 1495
39 1080
17 1199
27 1269
14 1190
17 1255
41 1405
29 1096
28 1367
12 1244
41 1433
19 1136
16 1415
45 1102
16 1188
27 1001
28 1350
12 1202
21 1266
24 1464
32 1043
24 1274
38 1177
22 1115
34 1305
40 1127
19 1453
13 1040
42 1056
16 1262
26 1124
30 1169
41 1278
12 1345
40 1244
27 1062
29 1444
32 1023
18 1256
35 1424
46 1192
25 1157
37 1122
12 1279
13 1445
13 1185
16 1471
47 1271
17 1113
22 1388
21 1336
31 1452
30 1236
31 1032
42 1151
36 1164
12 1394
23 1026
13 1226
43 1358
26 1183
41 1446
25 1226
44 1408
25 1384
22 1479
47 1178
44 1455
37 1039
29 1095
47 1225
44 1020
17 1477
31 1254
35 1491
26 1210
33 1244
33 1331
31 1339
33 1347
12 1377
10 1453
33 1106
38 1450
18 1445
39 1375
49 1413
19 1162
20 1126
18 1379
34 1319
36 1470
26 1496
45 1357
13 1128
38 1097
38 1489
30 1389
25 1353
10 1371
22 1433
21 1489
22 1484
33 1400
49 1403
35 1466
14 1429
46 1044
44 1139
25 1172
31 1115
32 1454
26 1118
17 1205
43 1497
16 1216
31 1226
33 1152
17 1248
27 1405
25 1375
31 1111
31 1104
10 1337
15 1167
12 1244
49 1175
27 1323
33 1255
46 1167
14 1103
26 1291
11 1390
39 1442
44 1456
17 1176
22 1399
46 1379
12 1257
18 1338
11 1099
13 1397
28 1340
23 1163
40 1065
12 1143
48 1045
11 1224
40 1013
41 1097
38 1137
42 1309
42 1394
29 1112
22 1083
18 1051
43 1151
29 1437
33 1145
12 1295
40 1482
47 1410
42 1107
17 1452
43 1236
48 1184
12 1442
31 1177
24 1019
30 1088
28 1164
13 1333
35 1028
28 1001
30 1150
15 1002
25 1297
19 1180
30 1047
45 1235
26 1108
41 1042
41 1183
16 1262
41 1037
36 1099
22 1156
32 1072
15 1408
33 1099
42 1154
21 1316
19 1122
39 1416
23 1004
28 1099
31 1313
15 1103
25 1089
41 1151
10 1227
32 1315
36 1323
15 1283
32 1426
44 1260
37 1369
28 1252
35 1149
40 1469
37 1092
19 1047
25 1084
26 1174
35 1002
40 1349
49 1369
42 1079
23 1381
10 1206
26 1404
27 1026
23 1146
19 1202
11 1298
28 1470
27 1060
16 1192
37 1439
21 1273
11 1079
14 1068
19 1306
14 1497
13 1233
11 1251
29 1446
10 1474
45 1346
15 1131
45 1116
23 1488
36 1453
48 1232
30 1249
17 1018
17 1340
44 1274
44 1273
31 1278
35 1002
18 1153
32 1483
15 1332
39 1265
42 1028
14 1177
19 1189
10 1410
44 1273
13 1445
26 1216
14 1101
21 1375
26 1229
45 1277
34 1434
23 1308
17 1014
24 1325
16 1413
34 1355
45 1322
10 1447
23 1155
32 1259
12 1053
29 1460
24 1253
43 1379
16 1492
15 1393
15 1406
23 1308
45 1319
42 1477
37 1196
17 1457
30 1411
17 1216
31 1328
47 1478
34 1121
24 1455
22 1381
44 1183
14 1388
22 1156
14 1212
12 1470
45 1491
17 1196
29 1462
39 1089
28 1208
30 1255
21 1152
48 1163
26 1492
15 1048
36 1493
30 1318
44 1283
32 1309
28 1247
25 1492
49 1195
29 1224
35 1019
12 1026
43 1267
26 1157
34 1411
10 1062
19 1196
35 1031
44 1364
31 1051
39 1431
22 1271
32 1183
31 1245
29 1406
43 1307
43 1256
23 1122
18 1311
46 1331
15 1225
49 1414
24 1330
14 1230
42 1184
41 1219
37 1153
40 1006
37 1036
32 1099
47 1073
48 1056
22 1089
25 1310
40 1202
13 1416
31 1012
17 1000
36 1097
29 1035
36 1132
21 1211
22 1254
13 1345
40 1039
42 1101
14 1111
11 1172
39 1355
32 1407
23 1175
29 1399
47 1385
38 1205
28 1393
24 1005
37 1344
28 1159
39 1324
24 1470
41 1336
39 1060
32 1238
13 1128
46 1459
25 1141
38 1091
29 1194
21 1158
28 1232
48 1258
11 1463
16 1142
37 1394
44 1407
10 1174
10 1111
25 1447
38 1484
18 1088
40 1106
20 1068
30 1116
15 1054
38 1342
49 1054
11 1181
27 1084
34 1091
13 1180
25 1365
13 1165
20 1389
49 1454
38 1283
47 1112
14 1335
47 1357
45 1372
41 1167
31 1445
10 1280
17 1229
39 1160
40 1074
33 1204
11 1311
25 1176
26 1160
36 1215
18 1224
22 1153
38 1447
11 1212
12 1376
21 1167
22 1060
27 1274
29 1337
29 1298
36 1062
24 1232
22 1089
48 1218
33 1153
24 1414
46 1058
47 1205
29 1064
28 1298
38 1200
26 1176
38 1363
25 1260
29 1262
30 1177
12 1374
22 1026
45 1355
16 1262
28 1086
29 1140
31 1155
39 1211
31 1489
19 1115
15 1313
40 1363
28 1135
35 1002
12 1242
47 1495
11 1034
31 1333
31 1436
42 1150
12 1498
28 1461
33 1125
15 1027
49 1314
24 1065
42 1454
12 1462
31 1386
16 1119
43 1044
13 1344
23 1471
18 1099
37 1320
13 1400
14 1029
17 1275
28 1257
43 1131
16 1468
33 1099
48 1325
15 1328
34 1112
49 1290
34 1444
37 1053
25 1022
11 1136
13 1318
18 1262
25 1331
35 1161
34 1257
24 1361
31 1168
31 1051
48 1079
28 1105
10 1426
23 1226
13 1047
25 1159
39 1454
22 1147
16 1465
27 1009
43 1425
47 1298
42 1208
36 1054
37 1495
29 1497
25 1285
28 1431
28 1350
39 1171
45 1187
48 1055
46 1392
42 1439
37 1148
36 1383
29 1435
22 1253
15 1254
40 1342
35 1318
48 1061
36 1181
25 1437
47 1374
35 1045
10 1144
47 1111
28 1406
38 1169
12 1423
21 1400
10 1388
18 1287
31 1231
32 1477
13 1009
33 1220
17 1105
14 1037
28 1277
46 1367
26 1339
18 1394
19 1492
42 1303
31 1145
48 1015
35 1369
29 1249
36 1368
22 1261
30 1494
48 1035
20 1020
13 1366
40 1228
23 1165
11 1257
10 1381
18 1273
11 1367
46 1234
11 1262
20 1359
48 1165
31 1016
33 1354
30 1113
36 1273
24 1311
20 1268
48 1027
28 1313
39 1397
11 1408
48 1014
36 1268
13 1100
20 1452
46 1357
16 1342
19 1126
25 1275
23 1463
49 1423
33 1025
37 1338
14 1251
15 1332
46 1278
40 1105
19 1003
23 1250
33 1278
14 1100
36 1053
32 1196
31 1134
43 1026
46 1116
10 1097
19 1367
48 1380
19 1429
20 1097
27 1432
34 1204
40 1302
29 1402
49 1318
12 1470
29 1127
26 1371
25 1461
27 1465
27 1227
18 1218
33 1389
41 1139
37 1424
17 1333
29 1269
11 1294
48 1159
26 1070
31 1300
29 1463
30 1125
39 1268
29 1058
42 1226
48 1296
21 1071
31 1124
32 1040
20 1352
40 1135
37 1409
10 1367
11 1192
46 1024
43 1163
34 1453
32 1155
45 1455
21 1338
46 1005
49 1415
42 1134
45 1281
35 1234
32 1190
37 1462
44 1352
12 1198
33 1396
41 1346
27 1269
30 1312
36 1469
35 1412
18 1082
45 1077
11 1052
13 1290
20 1428
30 1129
33 1026
38 1163
15 1489
10 1098
14 1286
42 1209
42 1433
49 1483
44 1494
17 1178
23 1431
49 1126
48 1215
43 1090
20 1152
35 1205
15 1052
11 1394
48 1383
36 1350
12 1455
31 1050
22 1095
28 1222
42 1411
45 1246
15 1017
19 1371
12 1347
27 1422
35 1413
23 1286
47 1367
49 1445
44 1062
10 1364
47 1445
41 1236
36 1216
46 1178
15 1050
29 1012
47 1293
10 1159
44 1438
46 1150
45 1066
49 1195
34 1249
26 1226
15 1323
33 1212
47 1079
18 1374
15 1044
25 1153
48 1497
41 1193
45 1024
45 1029
47 1376
24 1055
45 1298
29 1034
26 1464
44 1133
19 1469
21 1355
27 1236
15 1356
24 1210
39 1355
27 1023
34 1289
24 1453
31 1205
45 1006
17 1116
19 1204
30 1034
34 1053
13 1496
36 1497
40 1461
10 1277
31 1139
20 1260
24 1358
49 1070
16 1416
17 1001
13 1309
23 1437
21 1235
28 1272
13 1056
44 1243
10 1211
12 1104
24 1222
34 1080
18 1137
46 1422
32 1392
34 1017
27 1094
36 1496
40 1239
25 1417
34 1401
46 1069
33 1400
37 1396
49 1216
10 1425
42 1346
42 1291
13 1290
19 1057
31 1389
41 1021
26 1120
25 1354
43 1067
38 1335
13 1087
26 1372
19 1454
30 1264
16 1332
42 1066
25 1051
39 1350
40 1198
35 1042
30 1186
48 1193
19 1328
27 1319
49 1126
40 1296
22 1043
22 1315
22 1041
44 1327
18 1122
36 1239
19 1340
42 1460
22 1487
21 1402
27 1238
23 1253
15 1158
29 1099
24 1086
47 1368
30 1370
42 1474
25 1052
16 1121
35 1039
41 1132
32 1103
17 1304
29 1343
26 1362
22 1399
18 1395
33 1260
48 1271
32 1301
31 1452
32 1137
49 1403
32 1170
34 1495
43 1032
44 1142
12 1118
22 1427
19 1309
30 1336
48 1024
42 1410
12 1028
18 1330
47 1108
14 1363
49 1437
32 1378
11 1093
37 1192
11 1418
46 1437
13 1299
33 1247
48 1480
39 1332
36 1265
22 1330
43 1009
39 1381
16 1174
14 1302
11 1185
24 1209
13 1047
16 1226
13 1063
14 1081
49 1037
10 1477
21 1024
20 1450
14 1492
20 1328
45 1075
28 1114
33 1167
48 1167
27 1442
39 1143
20 1037
40 1088
27 1382
47 1003
28 1171
17 1035
47 1426
40 1439
35 1492
16 1239
18 1445
44 1020
35 1424
45 1259
20 1416
17 1322
40 1369
29 1152
28 1037
31 1137
42 1134
49 1271
34 1257
28 1134
27 1243
36 1087
21 1013
33 1388
20 1298
20 1311
31 1362
13 1237
17 1458
45 1374
15 1144
31 1483
10 1443
22 1295
21 1326
34 1157
23 1182
44 1317
30 1335
42 1441
26 1335
49 1463
36 1447
36 1124
19 1033
11 1419
19 1060
15 1026
29 1041
23 1082
12 1286
35 1024
36 1185
17 1289
20 1005
10 1199
39 1142
48 1139
34 1249
13 1309
21 1038
34 1436
25 1067
20 1085
17 1098
48 1398
42 1214
35 1329
22 1459
24 1464
23 1294
43 1407
19 1401
48 1349
47 1118
18 1262
49 1116
31 1065
42 1104
26 1460
20 1436
48 1079
18 1227
17 1046
31 1230
11 1325
46 1146
42 1469
16 1012
11 1048
37 1443
40 1356
17 1045
22 1299
31 1082
37 1405
29 1131
11 1362
39 1489
41 1493
34 1361
35 1263
22 1412
15 1419
47 1224
49 1168
27 1155
15 1075
33 1185
21 1068
40 1365
17 1132
10 1292
24 1319
41 1174
24 1302
45 1322
12 1447
32 1009
31 1312
32 1455
46 1166
17 1050
25 1370
42 1010
21 1100
11 1259
30 1109
46 1490
34 1367
22 1103
12 1396
35 1048
29 1335
32 1189
41 1044
25 1216
38 1150
23 1432
34 1271
41 1183
35 1480
45 1434
48 1337
16 1078
12 1020
30 1000
37 1476
49 1314
33 1026
12 1202
36 1096
33 1023
39 1111
17 1168
18 1330
22 1087
27 1414
11 1347
21 1135
19 1093
21 1129
45 1301
22 1097
39 1335
49 1429
48 1313
38 1323
48 1360
35 1232
23 1275
27 1054
21 1343
49 1064
13 1373
17 1345
46 1063
47 1314
28 1309
20 1273
10 1279
32 1325
42 1351
46 1499
11 1027
37 1441
30 1312
29 1460
32 1014
47 1195
28 1398
10 1258
47 1218
39 1258
33 1375
34 1003
25 1101
10 1124
49 1123
34 1336
25 1067
23 1431
25 1009
38 1473
11 1201
40 1481
43 1399
16 1148
47 1351
35 1254
45 1135
10 1205
27 1486
18 1208
49 1124
48 1461
40 1147
19 1365
33 1356
12 1404
45 1356
43 1167
26 1314
37 1118
19 1251
28 1456
10 1222
25 1437
25 1275
40 1231
14 1175
36 1208
13 1056
29 1477
44 1494
45 1006
25 1293
40 1239
15 1390
47 1175
25 1128
22 1029
10 1218
31 1057
40 1120
34 1135
46 1343
10 1103
29 1388
20 1238
48 1157
46 1060
14 1068
21 1379
11 1220
16 1301
16 1044
21 1082
25 1244
46 1281
10 1029
24 1497
20 1235
10 1038
43 1187
35 1257
37 1295
12 1127
10 1408
36 1014
48 1317
20 1346
47 1272
24 1429
19 1465
36 1268
13 1307
35 1471
22 1388
31 1232
22 1319
33 1064
25 1059
20 1247
48 1327
24 1191
43 1488
26 1413
41 1055
38 1360
48 1086
13 1118
23 1406
20 1171
19 1415
26 1084
30 1157
13 1136
21 1450
38 1447
30 1444
22 1127
29 1270
38 1440
33 1059
38 1360
31 1388
11 1114
17 1451
33 1358
44 1304
20 1267
45 1239
13 1452
10 1334
44 1007
22 1403
10 1474
41 1028
30 1214
10 1319
37 1414
28 1313
39 1386
14 1155
17 1470
36 1382
23 1165
47 1350
35 1153
14 1166
27 1407
29 1066
40 1046
12 1133
29 1146
32 1211
36 1470
35 1038
15 1308
40 1314
25 1050
39 1425
22 1497
29 1281
48 1228
19 1430
17 1130
20 1373
16 1425
32 1404
24 1000
25 1073
18 1168
22 1250
37 1233
27 1182
30 1339
16 1465
38 1010
48 1444
40 1001
19 1064
29 1391
46 1174
26 1335
37 1184
44 1432
42 1085
30 1342
17 1371
24 1494
26 1035
38 1152
21 1150
17 1385
31 1205
44 1008
33 1098
37 1101
27 1354
10 1292
18 1312
30 1086
38 1111
32 1083
38 1220
25 1391
14 1116
43 1064
39 1272
26 1314
44 1189
34 1128
35 1134
29 1126
29 1177
46 1147
25 1422
22 1122
25 1234
48 1431
33 1143
21 1416
32 1297
22 1008
18 1256
39 1143
13 1345
47 1354
24 1482
25 1020
32 1221
38 1028
49 1044
28 1413
24 1447
29 1115
24 1123
35 1093
42 1139
31 1081
37 1072
37 1094
14 1466
17 1173
13 1312
42 1380
20 1231
15 1237
21 1067
12 1071
26 1210
26 1387
39 1145
32 1211
49 1435
27 1039
38 1037
43 1110
16 1248
30 1369
28 1207
11 1129
37 1190
35 1075
34 1145
34 1405
25 1352
38 1085
11 1024
23 1184
49 1102
31 1339
16 1462
48 1366
38 1362
36 1263
35 1435
34 1429
14 1389
42 1419
26 1394
32 1133
41 1407
41 1243
16 1361
45 1149
26 1278
33 1036
33 1132
27 1085
29 1491
41 1363
13 1431
29 1322
16 1389
40 1155
41 1175
35 1329
37 1205
49 1303
11 1166
33 1284
33 1152
44 1237
23 1013
29 1098
16 1325
20 1445
41 1087
24 1418
41 1351
10 1309
19 1329
48 1137
28 1145
14 1225
21 1433
12 1266
36 1415
13 1498
10 1066
28 1383
23 1105
41 1046
25 1419
36 1276
30 1468
18 1135
21 1137
37 1295
25 1400
47 1132
22 1015
44 1368
37 1010
31 1482
31 1083
30 1314
39 1067
28 1456
12 1044
46 1219
15 1103
22 1033
29 1262
26 1359
14 1207
14 1223
43 1271
34 1438
48 1388
33 1347
23 1092
21 1161
34 1439
28 1497
18 1434
23 1489
41 1036
38 1277
45 1019
35 1052
11 1378
36 1207
34 1045
26 1321
25 1025
49 1091
49 1254
22 1001
40 1066
44 1242
27 1134
46 1180
19 1170
34 1188
25 1294
17 1172
27 1399
27 1379
48 1446
22 1037
22 1311
22 1317
34 1338
24 1276
30 1321
32 1249
26 1462
26 1290
21 1318
23 1306
12 1391
10 1072
22 1339
16 1208
42 1122
39 1408
35 1274
24 1093
31 1107
28 1034
45 1202
16 1476
46 1315
35 1464
45 1024
45 1186
13 1079
25 1265
43 1279
21 1180
10 1293
28 1461
41 1116
15 1174
23 1138
21 1335
13 1168
15 1114
11 1104
18 1064
49 1033
34 1048
18 1139
46 1158
22 1497
49 1494
48 1284
38 1378
27 1213
25 1184
37 1045
47 1498
49 1167
46 1140
14 1338
39 1179
48 1146
13 1241
26 1431
36 1374
42 1000
39 1190
13 1256
20 1128
22 1487
39 1464
44 1453
45 1377
21 1027
10 1128
18 1330
21 1293
45 1424
24 1114
29 1221
39 1019
26 1002
16 1318
48 1173
35 1250
33 1227
14 1067
35 1319
45 1122
35 1424
46 1334
46 1237
17 1490
38 1071
36 1262
29 1186
46 1364
21 1013
26 1400
44 1263
27 1277
10 1301
37 1391
33 1264
36 1472
38 1008
30 1082
25 1346
13 1137
40 1463
23 1292
29 1158
40 1098
44 1396
16 1303
19 1400
38 1101
44 1387
48 1201
23 1101
22 1388
19 1044
43 1401
24 1024
12 1207
28 1221
26 1049
38 1052
37 1049
22 1338
30 1442
44 1120
12 1038
14 1457
32 1326
44 1275
33 1205
27 1267
34 1314
28 1318
19 1499
10 1065
28 1154
28 1057
24 1297
14 1031
34 1498
37 1064
31 1011
38 1179
10 1162
47 1038
35 1147
36 1465
24 1218
30 1229
21 1163
37 1420
46 1353
22 1418
48 1312
48 1227
45 1414
33 1113
45 1161
38 1367
22 1237
46 1391
29 1249
19 1146
35 1420
46 1049
20 1195
16 1279
24 1429
48 1083
39 1181
36 1013
34 1274
23 1119
46 1115
26 1184
13 1112
42 1337
10 1091
19 1343
33 1054
35 1054
36 1147
48 1192
23 1483
48 1040
43 1323
29 1471
26 1493
26 1486
27 1164
40 1380
44 1446
45 1084
43 1105
43 1168
20 1244
10 1111
47 1012
28 1154
39 1454
12 1242
35 1318
47 1398
14 1282
13 1299
32 1388
19 1188
40 1003
34 1369
44 1367
28 1306
32 1039
20 1249
23 1068
13 1192
14 1267
33 1079
24 1358
37 1336
15 1402
29 1389
37 1023
27 1173
29 1326
30 1152
26 1074
20 1258
12 1368
29 1150
27 1391
22 1178
34 1270
47 1456
13 1488
13 1293
30 1337
42 1201
46 1192
11 1265
23 1087
45 1063
16 1241
19 1462
40 1186
23 1026
42 1364
11 1069
49 1047
36 1049
33 1462
23 1074
47 1467
47 1270
25 1195
47 1387
30 1302
42 1293
28 1272
13 1218
39 1194
28 1050
31 1027
45 1342
28 1457
33 1319
23 1229
34 1120
25 1284
11 1455
46 1499
40 1049
18 1057
27 1236
19 1060
41 1016
27 1393
30 1442
21 1458
40 1019
21 1154
33 1188
31 1086
39 1014
18 1415
17 1018
30 1261
40 1257
47 1031
16 1224
36 1162
11 1216
12 1024
19 1301
28 1427
24 1306
13 1250
44 1320
36 1400
48 1027
23 1278
42 1122
14 1155
21 1305
28 1409
20 1303
12 1036
16 1205
21 1444
30 1475
22 1336
14 1337
48 1133
38 1030
29 1378
31 1043
43 1210
23 1298
45 1298
43 1037
35 1044
34 1321
18 1114
47 1152
21 1373
20 1456
40 1032
10 1188
14 1367
36 1474
38 1370
40 1141
33 1367
20 1375
13 1389
39 1457
36 1270
43 1388
13 1054
29 1071
22 1321
23 1350
16 1004
33 1395
33 1205
32 1347
44 1140
22 1209
39 1004
31 1366
43 1470
39 1137
20 1496
26 1136
25 1141
45 1269
41 1412
42 1163
42 1487
11 1231
15 1164
49 1224
40 1090
37 1439
37 1099
47 1058
23 1448
48 1469
28 1323
15 1127
44 1093
12 1209
12 1039
27 1341
40 1259
40 1150
49 1313
40 1449
17 1296
22 1192
38 1161
24 1328
44 1094
16 1024
35 1411
27 1112
33 1063
21 1101
44 1157
38 1467
28 1263
18 1349
15 1300
45 1043
22 1307
16 1180
31 1448
34 1259
26 1115
16 1121
11 1101
36 1451
30 1316
38 1162
46 1248
34 1453
44 1399
46 1216
27 1269
49 1320
31 1373
21 1337
15 1130
27 1021
29 1457
46 1057
41 1241
17 1108
16 1384
47 1058
24 1438
21 1187
29 1194
11 1055
44 1032
13 1126
38 1462
15 1317
25 1229
15 1342
11 1395
31 1167
18 1338
42 1028
37 1135
43 1248
28 1384
36 1097
43 1327
48 1452
15 1227
38 1177
12 1139
35 1010
34 1490
12 1185
23 1178
11 1463
49 1139
23 1269
26 1459
20 1036
38 1243
35 1214
42 1415
32 1291
18 1039
28 1054
38 1018
46 1182
40 1248
17 1166
15 1223
21 1310
44 1372
48 1056
28 1321
35 1248
48 1481
39 1166
36 1292
13 1107
17 1404
47 1222
44 1154
22 1220
44 1375
33 1183
18 1093
25 1004
12 1409
40 1297
41 1455
33 1203
17 1342
40 1380
18 1491
45 1358
40 1138
32 1412
49 1442
38 1399
34 1272
45 1091
15 1073
18 1247
19 1338
11 1437
22 1023
48 1363
49 1497
33 1087
35 1374
42 1496
13 1311
11 1074
44 1489
11 1077
26 1243
46 1333
22 1205
25 1051
28 1270
40 1294
12 1374
28 1088
17 1410
30 1164
11 1469
47 1341
30 1467
35 1402
33 1087
13 1108
32 1316
38 1021
12 1158
20 1080
36 1287
36 1289
31 1235
39 1194
11 1248
18 1445
37 1421
11 1335
16 1085
14 1131
18 1198
33 1059
15 1148
35 1470
34 1000
35 1219
36 1055
41 1008
42 1016
45 1243
45 1000
42 1365
48 1420
20 1355
36 1310
14 1390
23 1196
39 1241
46 1022
15 1406
26 1340
29 1441
41 1360
21 1435
21 1443
30 1285
13 1213
37 1083
34 1088
32 1493
14 1094
10 1073
11 1447
27 1359
46 1416
46 1216
12 1133
40 1116
19 1261
28 1401
29 1435
44 1491
26 1493
25 1159
24 1235
32 1356
39 1042
22 1066
36 1163
34 1377
48 1326
31 1015
36 1267
35 1106
19 1109
30 1071
35 1425
19 1042
46 1302
13 1467
29 1362
33 1394
23 1464
27 1156
40 1453
36 1124
25 1372
31 1157
15 1229
39 1158
33 1100
42 1170
31 1495
10 1454
39 1173
49 1349
43 1152
41 1188
49 1437
16 1409
43 1333
12 1377
38 1487
15 1103
25 1134
48 1004
29 1453
13 1422
13 1009
10 1472
18 1251
20 1191
17 1019
49 1273
16 1177
28 1321
14 1237
24 1147
28 1443
40 1271
39 1267
12 1067
46 1215
47 1125
15 1081
16 1400
37 1143
13 1337
22 1449
27 1044
13 1418
30 1166
40 1385
35 1057
15 1154
11 1423
15 1100
16 1153
44 1329
17 1144
12 1075
42 1054
20 1457
19 1056
46 1253
15 1283
22 1394
39 1469
20 1285
44 1292
48 1454
22 1387
31 1049
13 1012
11 1467
16 1109
12 1204
33 1258
43 1025
42 1174
34 1115
34 1393
41 1042
28 1064
48 1152
20 1114
40 1334
23 1282
30 1489
29 1177
26 1307
18 1226
40 1384
42 1000
15 1305
12 1182
47 1468
38 1356
11 1066
11 1183
17 1373
33 1009
36 1155
19 1453
25 1496
20 1196
35 1088
26 1318
22 1163
39 1163
14 1434
24 1064
39 1126
47 1027
10 1179
13 1007
20 1040
20 1036
26 1108
43 1329
33 1338
35 1353
10 1357
40 1092
14 1176
10 1231
30 1273
35 1438
30 1016
44 1098
47 1009
27 1059
43 1173
17 1335
17 1009
13 1183
37 1163
21 1090
21 1113
19 1034
10 1324
18 1491
16 1479
13 1228
22 1435
30 1332
26 1249
37 1128
16 1103
34 1466
19 1381
12 1210
26 1052
46 1473
29 1074
45 1299
28 1450
26 1309
22 1076
34 1080
12 1427
48 1290
11 1057
17 1326
36 1121
19 1276
21 1138
33 1266
19 1281
26 1019
13 1329
32 1377
24 1374
22 1472
42 1480
15 1490
44 1436
38 1088
47 1341
17 1189
15 1392
32 1095
39 1107
19 1095
24 1233
40 1294
20 1270
41 1236
46 1150
17 1298
24 1023
27 1371
17 1263
14 1289
24 1045
40 1227
44 1035
16 1341
41 1322
21 1027
34 1134
31 1270
26 1337
25 1016
45 1216
45 1182
28 1014
42 1258
48 1273
22 1342
25 1112
35 1152
30 1437
12 1045
25 1252
48 1250
47 1437
35 1446
39 1419
21 1156
15 1280
35 1136
24 1473
13 1231
25 1094
31 1407
42 1435
35 1062
10 1169
10 1067
41 1067
15 1425
16 1066
12 1458
32 1372
18 1161
19 1180
47 1163
17 1492
34 1092
32 1139
15 1281
44 1210
22 1331
47 1438
17 1087
43 1166
18 1372
46 1078
18 1049
19 1153
35 1457
38 1447
22 1432
11 1378
39 1418
45 1489
20 1102
27 1002
18 1390
17 1148
48 1050
38 1145
49 1387
47 1053
38 1358
25 1122
15 1205
47 1444
20 1431
24 1349
48 1236
19 1260
32 1245
26 1272
17 1420
33 1285
19 1430
38 1209
11 1325
22 1475
46 1302
18 1164
23 1343
26 1297
42 1137
30 1175
48 1440
46 1065
44 1079
19 1408
22 1469
27 1198
12 1022
14 1416
29 1179
44 1005
33 1005
41 1003
37 1001
38 1283
39 1297
28 1241
33 1467
23 1264
38 1075
11 1002
38 1386
15 1281
20 1218
41 1016
34 1366
48 1194
49 1429
29 1474
42 1279
19 1418
21 1307
31 1020
23 1014
11 1180
26 1421
45 1079
39 1112
27 1100
13 1392
28 1150
40 1336
40 1398
33 1359
22 1002
10 1143
29 1268
36 1439
22 1161
46 1247
13 1222
10 1465
32 1110
28 1077
34 1289
36 1263
29 1018
40 1010
42 1029
49 1363
45 1402
21 1344
30 1215
49 1178
11 1442
37 1092
21 1199
48 1207
35 1212
24 1442
31 1144
25 1148
35 1015
33 1214
38 1354
16 1126
28 1296
20 1176
31 1296
28 1177
20 1066
39 1194
30 1211
43 1493
48 1177
46 1486
36 1118
20 1478
14 1058
25 1121
13 1058
24 1176
32 1435
39 1400
18 1003
42 1294
23 1186
37 1076
45 1229
20 1183
29 1360
42 1133
27 1154
11 1499
12 1332
34 1053
38 1327
27 1330
22 1384
20 1426
22 1295
17 1357
16 1134
17 1205
38 1194
13 1234
11 1411
31 1374
11 1259
26 1100
48 1286
32 1283
20 1344
15 1318
23 1335
25 1326
27 1349
20 1491
38 1045
44 1141
27 1382
13 1187
34 1471
18 1229
19 1283
29 1409
18 1171
31 1357
36 1306
49 1282
45 1345
46 1310
12 1474
46 1053
46 1183
43 1271
35 1462
21 1426
27 1130
10 1436
44 1347
43 1400
31 1212
21 1418
39 1334
38 1422
12 1280
16 1008
11 1357
31 1037
11 1054
13 1208
11 1147
30 1294
23 1360
44 1035
45 1048
11 1104
40 1290
25 1023
28 1448
49 1288
11 1298
29 1419
47 1384
49 1483
31 1407
43 1460
16 1348
45 1320
47 1391
41 1089
22 1158
24 1242
49 1091
12 1356
26 1105
46 1220
41 1141
30 1283
27 1230
21 1096
24 1046
20 1245
12 1207
42 1073
18 1200
44 1254
16 1110
37 1283
47 1133
37 1457
16 1428
10 1024
25 1058
28 1201
38 1287
11 1203
16 1470
23 1354
15 1469
24 1483
28 1321
37 1308
45 1061
18 1255
41 1482
17 1252
31 1386
20 1025
18 1152
35 1314
43 1415
37 1189
26 1385
25 1403
38 1130
15 1248
36 1417
11 1499
40 1244
12 1193
42 1041
20 1018
22 1385
15 1132
35 1248
11 1366
21 1216
34 1324
45 1453
34 1183
49 1310
42 1207
26 1471
39 1219
34 1074
45 1157
46 1329
23 1184
46 1096
27 1133
27 1051
32 1232
45 1381
13 1450
25 1292
44 1147
42 1093
33 1348
32 1184
49 1018
28 1246
46 1173
18 1447
10 1272
48 1101
18 1483
25 1411
20 1294
30 1494
35 1211
42 1134
40 1442
15 1278
46 1298
40 1144
21 1368
42 1036
48 1048
21 1302
26 1052
23 1399
14 1030
37 1036
37 1397
44 1045
20 1032
33 1469
36 1250
11 1169
13 1303
19 1423
14 1435
26 1380
46 1306
22 1240
37 1142
40 1288
22 1422
29 1369
11 1430
21 1304
31 1075
24 1350
14 1161
44 1320
32 1266
44 1489
21 1376
13 1279
29 1256
41 1171
29 1198
13 1401
34 1150
37 1035
17 1275
15 1102
18 1218
32 1198
44 1008
49 1211
11 1441
31 1010
35 1319
15 1160
29 1067
31 1145
22 1080
42 1392
31 1165
38 1476
30 1027
40 1117
17 1210
44 1213
35 1331
26 1211
30 1271
27 1470
34 1142
45 1118
27 1410
40 1087
34 1051
33 1434
44 1235
45 1326
20 1458
12 1445
43 1141
46 1071
48 1170
38 1145
40 1228
41 1343
27 1252
23 1468
44 1085
24 1059
45 1367
11 1249
11 1071
10 1004
16 1494
15 1473
15 1413
44 1284
30 1289
17 1128
11 1036
14 1222
12 1230
33 1468
26 1140
32 1185
49 1074
30 1227
44 1351
40 1116
43 1446
34 1035
44 1000
12 1365
26 1341
20 1287
13 1323
14 1425
17 1085
16 1238
46 1454
12 1205
38 1488
42 1159
31 1256
17 1436
23 1139
36 1476
16 1375
21 1499
15 1453
43 1468
12 1029
37 1266
28 1246
31 1280
27 1479
12 1093
21 1205
40 1297
45 1297
36 1366
18 1118
25 1381
19 1045
44 1291
20 1264
35 1214
35 1303
29 1372
26 1232
26 1270
26 1272
25 1227
20 1110
10 1240
49 1238
48 1125
35 1224
11 1079