3500 5500
47 1014
36 1360
17 1015
20 1197
27 1386
42 1109
43 1120
24 1040
26 1245
22 1017
33 1364
27 1138
43 1035
13 1449
16 1198
15 1195
11 1146
41 1329
38 1262
47 1375
39 1397
34 1242
28 1484
44 1132
31 1101
33 1426
11 1286
33 1483
37 1249
21 1461
23 1216
46 1398
40 1262
17 1283
17 1377
13 1060
30 1277
48 1039
16 1246
19 1418
36 1093
25 1355
31 1213
21 1385
49 1482
35 1164
32 1111
39 1016
44 1328
40 1354
21 1145
18 1243
31 1352
17 1328
26 1418
44 1013
35 1171
26 1167
10 1495
26 1238
33 1183
12 1445
14 1451
28 1023
25 1288
49 1460
30 1304
20 1235
25 1365
20 1228
40 1312
28 1337
46 1236
34 1077
35 1322
19 1169
31 1030
29 1131
31 1282
14 1170
14 1089
33 1242
17 1040
33 1387
45 1264
15 1431
36 1461
33 1457
30 1146
49 1275
19 1263
20 1219
40 1025
47 1253
31 1149
47 1373
35 1062
48 1364
40 1016
21 1455
12 1090
26 1097
47 1046
32 1165
49 1435
34 1488
23 1225
19 1413
13 1306
12 1464
27 1306
34 1403
38 1062
47 1457
42 1103
28 1466
30 1444
17 1098
27 1355
39 1317
21 1152
15 1433
13 1173
45 1408
23 1328
10 1040
41 1463
47 1314
18 1469
42 1237
39 1218
11 1139
29 1204
48 1253
38 1238
34 1258
12 1279
40 1430
26 1053
18 1473
10 1317
28 1012
30 1045
43 1449
30 1223
39 1120
36 1053
18 1290
33 1240
40 1172
24 1356
16 1377
17 1435
33 1253
29 1002
48 1174
18 1041
32 1091
31 1020
14 1104
38 1417
36 1148
37 1061
45 1363
18 1499
36 1325
34 1134
11 1419
48 1442
49 1182
22 1437
13 1255
10 1444
12 1072
14 1107
47 1373
17 1205
14 1461
33 1433
30 1294
18 1443
26 1433
35 1277
47 1158
47 1352
35 1170
24 1193
10 1212
40 1450
34 1234
45 1274
12 1469
12 1143
23 1017
44 1441
40 1239
44 1279
23 1185
36 1120
48 1246
12 1144
21 1406
24 1178
32 1414
24 1185
39 1037
43 1287
21 1309
24 1384
24 1455
43 1328
15 1459
26 1462
39 1098
15 1442
45 1071
38 1346
46 1208
49 1455
34 1429
27 1201
25 1272
41 1304
31 1295
11 1072
25 1222
32 1324
21 1417
30 1246
31 1091
45 1327
20 1110
22 1225
32 1370
27 1250
11 1492
12 1089
44 1207
11 1410
22 1412
28 1402
35 1251
16 1205
21 1386
17 1484
45 1093
29 1098
31 1023
43 1320
12 1356
26 1323
21 1408
39 1031
12 1413
27 1270
30 1044
16 1257
20 1450
46 1297
28 1405
47 1386
29 1258
26 1461
33 1322
15 1408
42 1474
27 1286
15 1204
41 1340
33 1140
38 1268
18 1222
32 1331
11 1300
16 1425
37 1019
45 1383
16 1317
11 1201
35 1295
44 1182
31 1246
14 1234
36 1321
44 1145
37 1445
13 1197
47 1274
36 1451
28 1433
15 1462
43 1317
21 1320
37 1363
38 1493
20 1161
36 1034
11 1120
28 1491
23 1014
32 1186
20 1057
45 1265
37 1373
33 1402
12 1048
23 1294
13 1483
28 1432
14 1283
49 1030
18 1344
45 1253
36 1193
25 1258
21 1281
40 1443
45 1059
44 1368
25 1379
41 1412
22 1484
47 1373
49 1193
21 1336
42 1012
45 1020
46 1368
31 1398
39 1475
41 1082
21 1072
23 1398
39 1317
29 1260
16 1478
28 1016
15 1000
27 1080
31 1418
27 1159
28 1116
43 1073
38 1440
48 1112
24 1000
42 1354
23 1096
12 1157
40 1000
41 1162
42 1418
35 1040
12 1370
21 1146
48 1165
40 1186
19 1437
20 1302
42 1448
34 1314
19 1028
13 1320
19 1138
35 1158
14 1117
17 1151
19 1328
15 1024
45 1039
36 1358
41 1288
17 1032
25 1427
20 1385
20 1112
11 1459
16 1309
38 1175
45 1313
33 1211
26 1209
27 1443
12 1230
12 1484
31 1258
48 1480
36 1092
30 1057
21 1383
22 1447
34 1116
11 1267
26 1475
20 1048
40 1259
10 1119
26 1427
48 1224
15 1164
47 1346
17 1229
29 1200
42 1283
17 1225
27 1084
41 1277
46 1208
27 1248
49 1115
34 1060
18 1133
40 1451
21 1489
23 1074
29 1459
39 1439
18 1031
30 1081
24 1478
17 1018
25 1079
42 1261
25 1499
17 1066
45 1357
39 1453
10 1341
29 1031
27 1091
16 1007
46 1119
22 1231
12 1400
49 1305
28 1370
44 1095
10 1241
23 1330
30 1319
26 1406
38 1425
23 1299
39 1491
26 1458
30 1435
32 1118
14 1447
34 1028
16 1434
25 1379
40 1005
14 1115
14 1467
48 1092
43 1442
34 1398
16 1184
41 1046
14 1417
41 1071
44 1309
28 1238
30 1293
11 1391
47 1130
36 1326
28 1147
45 1016
17 1449
38 1122
24 1330
14 1107
23 1227
12 1344
14 1321
23 1275
42 1395
10 1457
12 1056
40 1156
11 1187
38 1322
42 1355
29 1031
41 1439
40 1244
14 1365
49 1007
31 1096
19 1492
28 1423
19 1473
14 1178
26 1449
46 1195
31 1446
26 1031
40 1078
48 1385
44 1307
17 1324
41 1080
12 1286
16 1251
43 1285
27 1050
35 1290
18 1235
30 1018
11 1010
47 1164
28 1089
18 1049
32 1341
16 1270
45 1182
49 1180
20 1126
25 1423
16 1017
25 1464
31 1287
11 1043
31 1402
35 1116
18 1035
49 1496
33 1349
28 1012
10 1007
24 1221
46 1132
30 1484
48 1040
35 1455
40 1337
10 1430
37 1479
47 1134
18 1224
40 1343
12 1067
13 1209
31 1204
11 1119
27 1350
29 1443
39 1478
29 1222
42 1136
11 1299
24 1377
32 1441
20 1022
29 1469
29 1159
26 1475
41 1460
12 1194
24 1208
45 1336
18 1119
28 1247
15 1289
30 1292
32 1070
28 1480
35 1370
43 1061
44 1085
13 1064
49 1266
10 1268
15 1290
31 1169
35 1456
23 1134
21 1036
23 1009
38 1226
21 1080
47 1105
42 1022
36 1247
26 1405
16 1265
39 1379
20 1269
16 1445
44 1372
47 1073
42 1040
18 1007
20 1228
46 1466
14 1157
45 1257
46 1101
22 1168
32 1141
20 1224
29 1357
37 1264
36 1298
41 1090
16 1162
46 1413
38 1049
12 1081
25 1034
14 1387
35 1007
24 1071
42 1310
10 1244
13 1424
10 1182
44 1121
38 1373
12 1329
49 1139
20 1131
34 1406
40 1133
35 1183
43 1143
19 1013
37 1428
49 1449
41 1463
21 1438
40 1290
17 1250
33 1050
19 1357
33 1156
33 1356
20 1429
46 1116
31 1447
16 1424
30 1053
48 1471
37 1178
33 1273
24 1088
19 1037
47 1440
40 1025
29 1343
33 1294
24 1379
39 1396
42 1296
18 1194
23 1096
31 1341
26 1279
14 1169
23 1094
45 1360
49 1396
34 1453
41 1413
33 1261
11 1237
33 1260
48 1206
18 1404
47 1025
15 1407
28 1122
28 1346
37 1272
26 1309
22 1275
49 1201
20 1399
36 1074
28 1159
15 1175
29 1029
38 1272
43 1053
31 1102
26 1014
15 1350
18 1305
14 1359
43 1316
31 1004
16 1255
27 1109
35 1492
17 1296
45 1056
16 1352
31 1090
26 1255
41 1459
22 1384
11 1401
14 1027
33 1398
36 1224
13 1419
37 1429
24 1055
19 1405
42 1446
23 1039
18 1411
15 1068
10 1188
45 1381
15 1197
38 1132
44 1475
10 1267
11 1390
21 1209
31 1328
19 1475
42 1490
27 1263
36 1152
10 1236
45 1344
41 1039
40 1165
40 1483
34 1254
22 1255
16 1015
22 1012
37 1303
25 1170
24 1279
29 1489
26 1374
19 1245
27 1097
37 1463
28 1112
45 1283
26 1000
13 1175
49 1300
10 1130
20 1140
13 1127
25 1037
25 1113
48 1020
20 1012
36 1102
17 1439
37 1015
32 1117
21 1377
25 1037
24 1159
18 1340
41 1260
15 1191
42 1348
13 1074
17 1459
20 1129
49 1262
24 1348
22 1182
24 1233
37 1251
26 1297
27 1354
30 1081
43 1260
11 1295
12 1434
43 1218
48 1335
10 1182
19 1108
18 1394
42 1492
33 1248
39 1352
42 1318
13 1372
22 1246
11 1258
40 1166
21 1447
16 1419
18 1056
29 1081
36 1339
41 1464
28 1181
43 1092
16 1187
25 1463
16 1142
23 1121
44 1040
32 1281
13 1058
42 1372
14 1041
26 1112
33 1111
37 1373
44 1087
23 1189
48 1429
17 1339
35 1318
27 1133
24 1089
32 1026
43 1103
12 1214
41 1435
26 1403
31 1264
45 1393
24 1476
19 1052
41 1169
43 1270
31 1487
14 1411
44 1252
40 1286
46 1339
31 1041
34 1281
39 1136
29 1259
13 1420
11 1220
32 1273
23 1292
24 1394
20 1351
11 1384
44 1428
42 1142
48 1378
29 1085
33 1162
30 1065
14 1253
45 1224
20 1147
30 1063
14 1440
33 1082
26 1409
36 1067
14 1253
23 1219
32 1380
38 1473
31 1019
44 1045
49 1365
16 1233
41 1392
29 1336
14 1076
31 1303
33 1490
47 1024
25 1184
35 1421
49 1086
36 1397
14 1361
25 1129
12 1349
13 1375
46 1473
13 1363
41 1319
28 1292
34 1222
40 1448
38 1307
25 1082
16 1087
13 1128
38 1483
13 1113
49 1210
27 1443
38 1012
21 1316
17 1433
17 1271
47 1115
49 1129
41 1397
36 1077
25 1439
20 1119
19 1473
13 1202
40 1003
44 1324
34 1129
43 1378
48 1195
35 1204
29 1283
34 1319
13 1127
17 1015
18 1239
41 1231
48 1023
38 1021
12 1002
17 1360
14 1217
21 1132
36 1290
46 1298
22 1169
39 1346
36 1353
23 1407
47 1029
21 1420
29 1493
35 1257
38 1215
14 1039
16 1114
21 1425
12 1185
31 1435
42 1128
35 1299
23 1172
15 1055
33 1080
27 1225
37 1446
18 1100
24 1407
29 1251
46 1175
17 1240
39 1134
20 1213
31 1316
27 1349
43 1135
22 1416
25 1176
49 1235
41 1161
47 1033
24 1059
15 1435
11 1237
26 1214
43 1154
47 1336
17 1371
31 1281
37 1461
35 1070
49 1276
31 1289
27 1081
45 1457
12 1346
48 1277
13 1179
49 1212
26 1355
17 1175
45 1228
32 1426
43 1199
41 1373
17 1378
32 1434
34 1115
47 1357
13 1330
43 1470
37 1155
13 1495
31 1465
32 1089
22 1043
38 1048
12 1315
49 1381
46 1446
49 1018
25 1223
15 1222
29 1380
14 1257
12 1464
44 1207
30 1283
38 1271
33 1457
10 1447
42 1161
31 1454
30 1046
30 1479
46 1204
37 1272
16 1264
12 1097
16 1322
16 1299
12 1275
42 1092
13 1028
38 1129
20 1033
18 1269
47 1370
33 1057
29 1424
10 1029
29 1054
45 1167
24 1281
27 1410
33 1417
11 1101
32 1429
23 1431
23 1137
20 1278
11 1279
36 1173
22 1116
33 1039
18 1144
43 1063
27 1198
36 1358
23 1047
14 1018
44 1119
16 1152
44 1499
43 1407
24 1377
33 1403
43 1407
36 1119
31 1096
34 1423
47 1274
24 1271
28 1017
10 1135
44 1496
38 1278
32 1405
36 1367
37 1381
40 1424
28 1326
43 1421
22 1275
20 1185
19 1206
40 1126
38 1492
49 1103
23 1044
16 1029
21 1470
46 1041
45 1095
29 1306
14 1369
35 1090
45 1298
45 1386
34 1109
44 1233
47 1182
45 1160
38 1145
31 1241
20 1228
19 1482
26 1294
37 1008
45 1196
49 1409
12 1199
44 1161
36 1103
13 1303
34 1398
10 1266
44 1253
24 1351
42 1210
27 1229
45 1445
44 1300
14 1214
48 1270
12 1097
44 1113
45 1383
14 1001
15 1365
25 1345
31 1461
18 1415
40 1235
40 1132
36 1185
16 1269
16 1130
42 1052
13 1317
13 1356
16 1007
19 1346
36 1366
30 1251
39 1016
20 1380
39 1080
43 1103
10 1215
39 1117
19 1156
36 1230
16 1299
45 1226
18 1483
17 1171
46 1396
27 1222
28 1039
21 1036
28 1473
14 1045
28 1267
21 1339
48 1341
17 1185
13 1237
24 1134
20 1106
41 1395
36 1113
40 1106
35 1180
49 1424
24 1019
12 1033
25 1186
42 1344
13 1028
27 1291
35 1407
42 1022
33 1113
43 1384
45 1324
33 1498
43 1057
36 1079
16 1304
49 1409
43 1178
29 1101
46 1463
28 1351
41 1369
13 1438
16 1385
26 1097
21 1182
47 1476
32 1066
39 1494
19 1455
33 1123
33 1364
15 1124
46 1327
44 1209
23 1098
24 1121
21 1147
29 1110
23 1213
48 1130
25 1118
21 1025
21 1058
40 1415
45 1429
30 1287
49 1017
12 1473
31 1133
36 1118
20 1344
14 1253
24 1231
41 1413
17 1316
18 1324
13 1175
22 1070
46 1365
10 1158
45 1191
41 1259
19 1405
33 1072
32 1207
32 1485
29 1425
45 1250
18 1367
27 1110
44 1093
20 1480
40 1121
39 1471
47 1404
38 1329
38 1162
32 1434
41 1205
13 1213
16 1465
41 1069
39 1402
34 1103
10 1474
28 1281
42 1148
16 1056
35 1327
20 1487
37 1414
25 1167
30 1465
41 1257
48 1248
19 1392
21 1087
41 1173
12 1242
42 1151
10 1053
24 1256
32 1221
26 1113
32 1047
10 1328
39 1262
40 1112
26 1279
14 1043
38 1007
26 1390
15 1282
14 1075
24 1038
20 1236
37 1239
36 1121
11 1400
10 1325
47 1256
29 1492
21 1162
19 1095
25 1313
49 1241
42 1021
33 1108
38 1334
16 1227
46 1366
37 1423
38 1219
12 1217
32 1214
35 1498
20 1499
11 1383
20 1368
23 1418
24 1431
26 1109
47 1081
11 1287
44 1429
44 1233
42 1289
28 1014
34 1488
37 1179
24 1256
40 1357
32 1418
29 1076
19 1176
47 1271
21 1438
40 1073
39 1319
49 1214
33 1493
46 1433
35 1470
16 1367
49 1484
38 1316
13 1482
35 1103
34 1237
19 1054
19 1108
33 1457
47 1039
13 1441
42 1340
16 1192
15 1418
48 1355
13 1082
14 1390
33 1353
23 1060
42 1177
18 1233
22 1297
43 1355
36 1048
25 1159
41 1072
12 1390
29 1042
35 1247
47 1130
29 1289
45 1069
44 1325
14 1367
40 1374
11 1236
17 1293
42 1213
26 1406
44 1027
21 1135
13 1286
28 1304
14 1497
23 1447
25 1124
32 1170
26 1316
46 1325
42 1131
25 1022
17 1174
47 1347
28 1344
28 1438
47 1100
22 1385
34 1055
22 1466
23 1363
29 1143
40 1389
29 1309
11 1207
45 1275
10 1231
37 1304
43 1301
34 1323
37 1371
20 1364
34 1417
12 1347
30 1467
14 1206
20 1096
41 1041
47 1419
25 1398
17 1341
29 1377
29 1071
45 1247
29 1070
19 1441
31 1068
16 1067
28 1245
28 1174
48 1008
38 1175
13 1223
16 1438
10 1306
40 1222
20 1145
35 1112
42 1425
43 1395
29 1104
12 1208
26 1285
10 1097
12 1387
13 1474
26 1425
47 1203
11 1246
31 1461
43 1382
44 1129
44 1120
41 1269
39 1233
45 1308
47 1311
42 1432
19 1098
47 1096
22 1161
23 1378
24 1031
46 1166
27 1236
31 1390
17 1238
21 1482
35 1445
34 1425
27 1312
42 1381
41 1185
43 1073
47 1423
44 1147
18 1053
47 1323
31 1308
39 1140
25 1409
27 1177
25 1178
45 1258
35 1237
18 1404
26 1146
16 1353
33 1237
49 1216
31 1317
14 1395
46 1125
29 1026
32 1420
18 1279
37 1454
12 1395
12 1426
20 1247
33 1045
16 1386
28 1475
38 1078
28 1394
45 1464
49 1162
44 1155
17 1180
22 1024
47 1155
40 1053
41 1357
20 1296
21 1019
45 1260
22 1422
49 1414
22 1388
38 1349
14 1298
16 1168
17 1169
47 1327
36 1189
47 1128
10 1478
17 1382
21 1040
47 1124
49 1030
38 1362
28 1231
34 1475
11 1486
17 1486
42 1064
15 1004
23 1422
45 1347
42 1375
37 1409
48 1065
28 1303
33 1223
49 1067
49 1305
25 1464
25 1236
36 1261
27 1384
29 1291
31 1349
39 1458
13 1014
15 1256
30 1204
28 1333
33 1272
27 1485
20 1475
10 1380
29 1240
14 1072
18 1104
39 1142
13 1370
46 1299
19 1442
25 1420
47 1248
46 1182
25 1221
24 1341
34 1368
44 1228
35 1084
20 1426
41 1475
44 1147
15 1110
27 1092
32 1389
10 1100
24 1287
15 1394
48 1396
44 1088
31 1067
45 1261
32 1331
47 1179
45 1276
29 1100
38 1194
45 1279
27 1221
48 1223
18 1025
37 1325
11 1344
42 1197
15 1316
20 1132
34 1065
38 1054
32 1431
36 1162
29 1463
35 1446
19 1293
38 1031
27 1482
15 1356
29 1101
33 1277
14 1316
35 1054
11 1274
41 1349
33 1266
26 1105
14 1496
10 1008
23 1498
27 1495
42 1049
10 1234
31 1467
15 1133
41 1080
25 1331
41 1191
22 1006
48 1355
30 1445
16 1083
45 1029
28 1364
43 1448
11 1212
46 1105
44 1157
30 1460
27 1037
36 1152
42 1339
13 1439
31 1138
49 1108
21 1288
41 1281
44 1125
16 1062
27 1307
40 1158
32 1353
43 1134
10 1305
42 1367
11 1272
24 1099
39 1211
48 1085
21 1159
41 1154
16 1046
31 1499
49 1107
15 1495
13 1371
35 1168
29 1331
37 1251
49 1481
46 1157
44 1095
11 1131
19 1258
15 1280
38 1019
31 1373
12 1149
17 1443
48 1116
40 1135
23 1012
11 1333
21 1132
12 1230
48 1118
36 1329
12 1116
35 1178
39 1075
43 1332
10 1493
40 1471
43 1259
43 1265
17 1259
46 1290
45 1457
39 1193
27 1454
40 1471
45 1095
19 1479
34 1246
27 1457
12 1416
14 1342
49 1323
42 1208
35 1103
27 1139
41 1284
40 1282
36 1086
28 1022
35 1119
22 1193
38 1255
48 1071
33 1375
16 1173
16 1140
32 1493
17 1253
42 1055
46 1197
12 1179
30 1017
36 1495
47 1353
36 1111
10 1012
49 1073
15 1188
18 1395
18 1348
27 1307
21 1014
20 1156
25 1146
46 1354
34 1064
20 1019
14 1349
28 1041
18 1210
25 1103
48 1318
31 1060
49 1044
33 1109
13 1437
44 1405
13 1260
47 1382
22 1311
41 1090
42 1151
28 1097
26 1108
36 1222
29 1304
14 1128
32 1388
13 1292
13 1280
32 1049
41 1443
18 1447
46 1337
12 1082
21 1186
18 1319
21 1344
18 1159
27 1393
29 1001
16 1035
14 1227
21 1441
14 1491
13 1042
29 1214
18 1397
22 1395
29 1089
30 1477
32 1358
49 1171
39 1110
43 1158
29 1423
34 1025
25 1348
37 1396
34 1235
15 1121
10 1234
13 1056
14 1188
26 1311
38 1339
46 1141
12 1194
46 1178
31 1406
14 1459
13 1415
13 1492
13 1387
31 1076
14 1268
29 1267
21 1102
38 1116
35 1235
26 1145
42 1189
38 1081
29 1187
36 1156
15 1355
17 1392
13 1157
13 1066
16 1085
17 1449
45 1051
20 1350
44 1192
37 1200
34 1269
39 1146
20 1285
10 1468
49 1428
38 1338
34 1467
14 1107
37 1112
44 1494
29 1220
33 1182
47 1014
48 1086
19 1385
19 1326
19 1408
16 1097
29 1339
11 1210
11 1431
10 1073
18 1080
24 1203
37 1123
43 1010
16 1339
42 1295
25 1176
44 1327
45 1276
19 1168
19 1097
24 1041
18 1282
40 1006
39 1371
23 1245
10 1260
16 1205
32 1131
21 1198
28 1262
32 1429
13 1123
42 1033
36 1331
47 1019
28 1337
28 1136
21 1293
14 1068
16 1375
39 1131
30 1193
15 1381
24 1499
43 1008
43 1192
29 1375
25 1116
19 1448
36 1401
28 1459
31 1075
30 1317
46 1361
16 1210
45 1352
20 1263
21 1264
44 1300
13 1370
40 1414
42 1177
12 1026
29 1164
46 1029
42 1183
44 1235
11 1469
17 1345
38 1386
36 1029
12 1271
18 1134
36 1006
13 1129
37 1332
31 1367
33 1097
12 1057
14 1025
46 1274
10 1404
17 1252
17 1263
33 1337
45 1021
12 1167
34 1251
23 1019
45 1392
42 1332
24 1225
22 1047
14 1168
39 1067
38 1181
36 1397
35 1359
46 1381
25 1321
47 1292
37 1401
40 1326
18 1272
11 1128
33 1001
24 1319
25 1321
35 1097
47 1343
41 1021
45 1305
21 1132
11 1124
34 1395
45 1173
14 1443
28 1395
16 1042
25 1471
25 1048
30 1190
28 1029
19 1358
19 1284
32 1010
36 1035
43 1140
35 1452
41 1055
27 1470
11 1030
12 1031
38 1376
46 1293
18 1295
13 1302
45 1183
13 1189
41 1008
25 1110
43 1417
11 1238
48 1428
25 1159
45 1048
35 1037
30 1133
41 1395
16 1187
25 1451
27 1425
31 1238
27 1377
20 1490
15 1369
37 1362
41 1281
17 1169
38 1412
49 1429
21 1414
44 1454
19 1339
45 1250
24 1119
40 1430
35 1257
49 1165
37 1027
16 1443
39 1163
44 1093
39 1167
30 1422
48 1424
42 1374
21 1258
38 1053
29 1144
27 1008
16 1367
37 1300
49 1298
32 1442
26 1000
15 1417
28 1021
32 1022
29 1103
25 1100
20 1191
49 1031
10 1400
10 1437
40 1382
47 1057
29 1439
31 1117
12 1497
12 1414
19 1146
15 1126
49 1161
39 1453
36 1232
10 1061
38 1333
23 1185
15 1314
39 1126
41 1416
29 1248
17 1086
33 1293
22 1159
10 1454
35 1183
31 1449
16 1241
22 1440
16 1168
20 1180
44 1359
29 1443
24 1140
34 1442
17 1370
34 1057
17 1193
27 1337
34 1286
29 1246
33 1086
37 1323
16 1273
20 1403
17 1216
47 1367
19 1380
29 1212
43 1459
12 1193
43 1494
10 1325
25 1136
19 1025
37 1089
40 1224
22 1303
49 1230
19 1062
26 1349
11 1212
37 1473
47 1076
20 1376
11 1304
31 1473
27 1272
20 1323
41 1288
16 1321
45 1139
41 1192
37 1018
26 1079
14 1259
16 1078
41 1174
45 1289
47 1089
24 1147
19 1372
38 1495
46 1493
14 1086
15 1369
25 1105
35 1030
10 1075
22 1341
14 1133
41 1387
15 1157
18 1204
29 1000
48 1221
24 1336
34 1167
32 1025
21 1437
18 1432
49 1414
47 1185
20 1164
44 1191
36 1434
14 1499
12 1444
41 1448
43 1002
11 1004
15 1482
32 1352
19 1442
47 1425
32 1220
26 1407
13 1142
24 1481
43 1117
24 1113
21 1090
10 1423
22 1469
19 1287
17 1432
35 1428
49 1408
28 1066
26 1208
10 1398
16 1367
44 1300
32 1237
49 1117
24 1227
25 1090
15 1305
13 1270
43 1434
18 1225
10 1349
23 1150
36 1251
47 1119
28 1198
15 1495
36 1368
14 1334
44 1285
43 1013
13 1124
44 1321
33 1405
39 1099
33 1246
22 1293
22 1472
30 1093
24 1037
25 1161
41 1321
34 1124
34 1299
38 1037
16 1469
38 1161
48 1336
22 1259
18 1295
33 1177
24 1433
42 1097
17 1125
44 1331
27 1013
23 1433
40 1430
34 1473
40 1351
44 1013
47 1186
20 1385
38 1172
45 1254
11 1001
26 1021
13 1252
17 1364
43 1354
45 1224
31 1165
23 1375
18 1331
21 1311
22 1224
18 1382
19 1361
31 1497
13 1056
27 1091
46 1258
49 1254
47 1057
45 1460
34 1450
42 1474
42 1196
38 1363
32 1049
41 1261
18 1284
33 1122
30 1455
20 1185
21 1299
40 1065
44 1401
15 1074
21 1366
45 1132
28 1152
25 1469
11 1345
22 1471
27 1436
48 1373
17 1472
23 1035
44 1049
44 1020
38 1109
48 1002
24 1214
42 1398
11 1209
39 1181
35 1367
15 1156
40 1174
25 1021
38 1072
38 1296
49 1367
42 1266
27 1315
33 1276
24 1327
38 1383
27 1314
23 1095
23 1011
14 1155
11 1075
33 1415
28 1460
44 1284
28 1373
40 1360
36 1398
16 1484
48 1225
41 1275
31 1412
19 1236
42 1413
25 1203
29 1046
23 1249
37 1084
30 1339
23 1258
23 1128
14 1283
18 1468
25 1144
31 1115
39 1357
31 1298
46 1285
33 1159
14 1287
30 1007
38 1170
34 1159
19 1261
30 1257
30 1300
30 1406
49 1225
11 1040
36 1332
40 1045
39 1477
47 1054
20 1131
42 1306
18 1382
49 1167
20 1456
41 1477
11 1274
22 1465
38 1081
21 1420
14 1014
29 1029
21 1047
19 1358
33 1354
23 1202
38 1239
28 1277
28 1396
46 1100
25 1170
11 1396
47 1144
12 1289
15 1078
22 1398
18 1161
36 1067
47 1193
21 1064
39 1358
43 1468
42 1153
38 1429
30 1021
10 1095
43 1191
42 1423
37 1002
20 1122
14 1171
31 1166
18 1109
18 1020
19 1018
35 1208
24 1046
34 1022
10 1023
24 1298
31 1017
41 1304
24 1491
37 1000
13 1078
32 1094
31 1176
41 1262
36 1332
42 1236
13 1100
36 1086
15 1253
35 1257
10 1123
32 1347
16 1267
20 1447
13 1085
24 1358
26 1122
31 1268
25 1189
28 1333
18 1427
38 1397
26 1049
27 1108
27 1086
48 1409
17 1340
36 1245
43 1448
13 1135
16 1169
42 1154
15 1444
20 1024
13 1347
43 1269
18 1105
23 1231
27 1295
39 1391
49 1031
38 1458
34 1193
31 1255
42 1171
36 1194
16 1418
29 1112
37 1349
42 1475
20 1462
32 1436
42 1190
15 1371
26 1372
33 1111
24 1423
13 1498
32 1272
45 1342
16 1390
32 1080
19 1204
10 1332
15 1492
41 1299
12 1320
14 1136
23 1365
48 1072
46 1072
21 1147
40 1462
11 1057
45 1479
35 1492
46 1224
45 1458
21 1184
39 1352
19 1391
28 1300
10 1177
13 1235
22 1319
25 1054
38 1395
39 1442
42 1309
34 1354
27 1354
15 1092
17 1106
10 1079
12 1299
34 1433
31 1305
29 1186
25 1259
15 1112
49 1286
16 1473
14 1077
30 1370
45 1159
22 1101
36 1195
12 1366
22 1151
46 1381
49 1348
23 1017
30 1145
43 1166
25 1289
14 1061
13 1043
48 1189
41 1283
39 1070
14 1033
13 1466
18 1050
45 1456
42 1259
15 1139
38 1287
45 1007
28 1268
44 1464
45 1119
12 1460
47 1002
35 1336
31 1364
17 1281
25 1102
41 1129
46 1128
48 1276
40 1206
21 1103
24 1185
37 1459
20 1156
46 1309
28 1358
29 1086
39 1249
21 1173
32 1058
10 1104
14 1406
12 1272
45 1180
24 1233
43 1235
14 1371
11 1239
44 1384
42 1079
20 1365
22 1469
30 1248
27 1358
10 1034
13 1359
22 1019
21 1478
46 1207
36 1183
31 1454
26 1123
10 1398
13 1212
24 1358
38 1121
23 1480
40 1057
30 1153
29 1212
23 1218
28 1336
28 1330
38 1261
39 1010
12 1132
47 1236
39 1026
18 1414
47 1215
41 1286
21 1082
33 1117
16 1027
11 1263
21 1230
40 1314
25 1255
14 1259
34 1493
23 1106
26 1371
21 1160
41 1022
49 1373
12 1431
47 1226
36 1204
22 1230
18 1430
45 1069
31 1311
38 1396
21 1176
10 1318
46 1152
32 1266
47 1289
43 1028
29 1254
38 1318
20 1102
23 1203
46 1421
23 1492
32 1131
38 1250
25 1405
24 1445
17 1276
30 1380
36 1302
29 1244
40 1322
12 1141
47 1378
16 1175
42 1058
40 1090
28 1451
29 1018
10 1499
33 1476
14 1105
26 1173
21 1341
11 1116
33 1276
40 1124
35 1494
29 1354
26 1116
44 1247
23 1216
44 1201
21 1328
31 1438
19 1413
29 1272
18 1450
27 1360
44 1316
22 1053
24 1429
19 1193
40 1117
30 1394
20 1380
47 1363
19 1039
28 1171
11 1245
23 1043
31 1011
36 1177
22 1142
44 1494
10 1217
28 1215
24 1034
40 1123
37 1448
40 1166
45 1294
21 1355
37 1056
47 1316
40 1320
13 1193
47 1116
14 1210
35 1095
40 1078
26 1009
47 1251
27 1361
20 1210
23 1054
14 1381
41 1109
41 1125
25 1335
36 1439
35 1062
19 1198
42 1356
44 1224
21 1237
46 1411
34 1210
34 1260
35 1022
27 1265
30 1259
10 1451
33 1215
40 1045
37 1252
31 1226
40 1074
16 1213
47 1089
21 1326
33 1287
45 1189
26 1269
46 1312
16 1272
21 1138
22 1092
36 1364
15 1472
41 1011
47 1351
30 1164
27 1061
36 1257
43 1089
24 1433
21 1362
42 1404
16 1478
12 1113
45 1112
13 1410
24 1389
20 1467
37 1019
16 1108
17 1223
22 1265
23 1088
41 1234
45 1402
25 1399
20 1061
30 1298
48 1441
17 1192
46 1194
10 1378
19 1095
17 1096
47 1411
31 1415
40 1115
40 1231
45 1102
20 1312
44 1398
34 1175
29 1014
36 1251
28 1146
15 1418
28 1365
22 1348
37 1096
30 1465
17 1264
42 1158
14 1075
36 1197
26 1198
20 1056
46 1026
25 1325
15 1001
49 1308
21 1438
13 1364
49 1174
43 1249
21 1459
18 1087
33 1120
23 1001
15 1451
33 1272
39 1454
22 1161
49 1178
15 1340
15 1155
36 1121
13 1045
10 1019
22 1390
32 1146
34 1121
40 1010
27 1137
35 1093
29 1305
43 1368
45 1264
37 1143
33 1090
38 1049
37 1081
15 1473
18 1345
19 1223
47 1138
20 1491
41 1204
14 1263
44 1230
12 1299
48 1338
27 1393
27 1416
45 1253
30 1071
14 1059
49 1016
41 1417
22 1136
17 1292
34 1303
44 1361
45 1020
16 1079
26 1023
39 1111
42 1192
20 1012
42 1139
16 1438
41 1145
33 1097
35 1269
13 1286
40 1259
21 1108
18 1143
19 1378
15 1308
31 1004
25 1119
11 1149
45 1366
19 1311
10 1070
39 1262
36 1143
17 1380
17 1020
25 1056
21 1227
36 1174
25 1393
26 1436
43 1220
35 1466
45 1434
40 1161
20 1146
30 1032
18 1288
44 1300
43 1221
37 1016
34 1382
40 1078
25 1277
44 1104
34 1266
17 1247
46 1209
22 1429
39 1299
22 1033
11 1080
28 1386
45 1280
41 1303
48 1487
38 1260
25 1093
20 1109
35 1216
40 1361
43 1180
46 1169
18 1099
39 1137
38 1067
27 1231
33 1422
34 1039
10 1177
22 1069
29 1491
31 1052
32 1125
27 1271
49 1463
16 1425
26 1394
25 1370
25 1291
45 1300
28 1208
49 1062
29 1032
21 1061
35 1074
17 1320
14 1090
47 1095
13 1250
15 1220
17 1274
47 1469
13 1408
17 1365
20 1464
12 1132
42 1253
45 1461
29 1321
35 1031
32 1251
45 1401
31 1219
46 1482
33 1157
29 1363
14 1047
30 1057
35 1003
45 1452
16 1143
37 1097
19 1397
20 1020
42 1129
36 1392
31 1237
25 1434
45 1256
40 1437
19 1290
39 1028
45 1017
15 1224
24 1139
10 1134
17 1030
40 1477
48 1047
42 1009
48 1264
35 1386
27 1438
38 1047
37 1368
49 1116
32 1086
10 1305
45 1289
44 1456
48 1022
27 1420
26 1324
23 1047
28 1159
28 1162
24 1136
34 1168
16 1053
45 1340
17 1212
16 1480
36 1461
33 1454
13 1411
15 1408
47 1226
31 1179
21 1264
43 1325
14 1370
25 1104
38 1421
15 1319
27 1299
23 1421
19 1304
28 1079
26 1401
19 1109
41 1469
42 1143
13 1416
27 1022
47 1027
44 1064
26 1212
49 1181
44 1035
33 1134
26 1144
49 1476
26 1488
11 1375
25 1341
49 1491
11 1304
34 1361
33 1220
39 1196
26 1016
22 1057
21 1207
13 1247
23 1416
44 1423
11 1108
42 1436
36 1380
20 1240
11 1032
11 1407
27 1299
14 1028
20 1244
38 1243
13 1256
33 1311
21 1189
44 1414
27 1027
14 1066
37 1118
24 1189
49 1364
40 1331
44 1353
48 1035
41 1423
11 1490
34 1328
26 1231
31 1288
14 1294
22 1336
44 1257
47 1094
15 1099
20 1204
46 1011
32 1196
37 1226
28 1076
18 1372
21 1053
37 1270
11 1445
26 1110
36 1095
34 1256
25 1373
13 1486
12 1467
41 1489
36 1438
19 1135
46 1435
20 1157
26 1284
39 1122
24 1329
24 1494
21 1055
18 1033
10 1193
11 1022
39 1362
43 1230
37 1212
25 1233
12 1431
34 1111
17 1216
15 1237
40 1486
27 1430
17 1407
20 1046
20 1107
49 1043
37 1478
44 1488
44 1323
19 1283
10 1426
18 1222
11 1267
49 1241
21 1221
38 1037
47 1353
24 1158
10 1334
27 1023
16 1450
40 1160
16 1097
21 1211
32 1448
13 1456
11 1487
23 1237
35 1222
26 1253
11 1316
45 1220
18 1182
32 1442
40 1341
18 1450
20 1289
36 1347
25 1187
34 1229
28 1088
19 1339
48 1114
20 1273
15 1426
47 1121
18 1109
14 1386
13 1499
33 1010
10 1355
44 1146
10 1356
13 1149
33 1247
14 1482
26 1083
14 1269
10 1406
12 1405
18 1381
44 1137
48 1157
31 1328
16 1355
26 1276
43 1117
14 1270
10 1376
48 1410
43 1428
20 1168
37 1081
16 1384
48 1167
35 1435
22 1211
31 1092
17 1130
31 1260
49 1173
18 1418
37 1277
43 1276
15 1435
33 1294
23 1084
49 1357
26 1172
16 1044
20 1191
10 1015
30 1027
18 1298
37 1012
25 1015
17 1210
42 1245
19 1093
19 1014
40 1177
19 1406
23 1453
20 1329
18 1120
15 1441
31 1195
19 1243
11 1215
34 1446
48 1025
21 1114
34 1113
39 1054
47 1354
47 1058
16 1415
21 1131
11 1362
22 1440
49 1274
10 1230
19 1175
30 1167
10 1106
40 1370
14 1322
46 1329
46 1125
36 1233
18 1469
33 1291
43 1331
10 1327
17 1158
38 1080
29 1178
14 1092
13 1323
12 1343
19 1436
13 1321
30 1232
43 1216
11 1444
38 1432
43 1417
49 1151
41 1005
47 1196
29 1340
24 1149
31 1347
26 1051
27 1490
18 1004
13 1161
27 1470
31 1275
19 1375
19 1193
32 1282
19 1050
31 1096
22 1211
13 1055
46 1149
12 1308
14 1366
20 1185
37 1195
35 1052
12 1022
13 1085
11 1308
13 1493
44 1318
33 1043
18 1272
29 1141
47 1213
21 1416
34 1197
15 1309
18 1448
36 1288
40 1283
19 1391
16 1411
16 1372
19 1254
36 1089
13 1312
37 1156
45 1445
33 1113
11 1141
44 1054
23 1239
48 1430
49 1347
18 1285
20 1193
37 1176
24 1479
25 1045
29 1427
29 1312
22 1096
14 1028
13 1080
21 1133
16 1477
19 1180
24 1248
11 1469
13 1225
49 1391
49 1424
46 1431
31 1364
29 1312
17 1414
28 1437
16 1090
25 1406
25 1307
23 1128
17 1483
30 1464
41 1426
10 1263
27 1252
22 1168
29 1115
17 1469
17 1283
13 1434
26 1309
32 1229
29 1397
34 1208
26 1274
12 1347
11 1168
28 1419
39 1491
38 1342
47 1376
41 1039
47 1335
20 1374
28 1136
12 1196
34 1297
29 1153
19 1446
34 1353
48 1350
28 1325
29 1174
21 1343
47 1311
26 1249
34 1388
15 1358
32 1022
30 1004
24 1321
11 1277
29 1098
20 1075
27 1013
14 1449
39 1101
27 1118
18 1295
14 1301
24 1434
32 1301
48 1164
43 1027
37 1001
24 1480
21 1093
21 1210
24 1270
27 1104
45 1160
44 1315
30 1297
11 1368
10 1133
18 1078
49 1457
12 1046
39 1179
32 1238
37 1073
33 1184
33 1246
16 1187
43 1364
11 1428
32 1335
15 1455
39 1270
11 1215
42 1191
48 1073
29 1239
22 1091
29 1088
21 1028
16 1319
38 1198
24 1388
42 1163
27 1114
11 1410
24 1462
39 1241
25 1079
38 1491
13 1253
19 1025
41 1099
44 1089
42 1150
26 1491
16 1497
18 1305
38 1305
19 1231
36 1027
17 1078
47 1014
45 1383
35 1446
12 1371
12 1465
17 1308
30 1345
47 1477
33 1369
34 1206
48 1362
37 1006
13 1106
16 1438
27 1290
35 1037
14 1469
47 1071
31 1432
21 1117
21 1129
18 1065
37 1464
47 1354
21 1322
26 1385
14 1328
46 1458
32 1361
21 1073
45 1041
23 1387
42 1336
21 1377
17 1321
14 1400
46 1149
33 1063
24 1245
44 1484
31 1372
24 1442
26 1350
37 1057
30 1210
42 1185
12 1160
36 1278
11 1343
19 1172
25 1175
22 1211
22 1287
31 1021
40 1093
47 1034
37 1430
42 1218
30 1437
23 1161
16 1032
39 1247
25 1173
43 1118
10 1304
12 1422
33 1082
18 1151
20 1085
18 1458
19 1021
21 1101
26 1288
28 1457