3500 6500
47 1190
26 1334
41 1439
13 1162
35 1216
18 1158
43 1497
32 1217
44 1338
24 1339
40 1243
41 1167
33 1449
12 1061
38 1359
35 1402
10 1413
16 1013
20 1334
40 1008
35 1361
46 1176
16 1110
37 1334
13 1418
18 1221
45 1133
13 1247
38 1489
11 1270
29 1033
21 1099
36 1347
13 1421
42 1197
23 1405
29 1443
43 1224
26 1499
12 1108
47 1409
44 1111
45 1296
23 1120
35 1120
30 1062
14 1028
47 1148
13 1170
11 1008
41 1489
21 1069
36 1221
44 1379
19 1197
41 1363
17 1003
22 1112
27 1011
20 1486
24 1386
11 1364
44 1221
27 1167
23 1089
43 1149
43 1121
20 1022
27 1081
27 1251
39 1421
20 1320
21 1299
29 1148
29 1132
22 1487
22 1443
42 1073
40 1027
21 1129
14 1443
43 1476
48 1321
17 1191
47 1441
26 1225
49 1099
43 1098
23 1165
40 1024
27 1355
38 1311
24 1419
21 1390
43 1410
13 1438
16 1221
47 1430
38 1214
40 1407
43 1269
14 1049
49 1013
38 1170
15 1428
30 1010
37 1451
35 1107
24 1202
11 1227
34 1051
21 1290
31 1287
45 1181
32 1310
40 1042
39 1148
10 1011
39 1082
34 1216
37 1339
26 1298
26 1339
46 1153
24 1283
20 1035
16 1498
13 1047
46 1256
33 1127
42 1469
11 1207
44 1276
37 1449
25 1275
21 1420
22 1334
28 1266
10 1076
33 1371
29 1449
49 1169
47 1464
19 1121
41 1163
49 1332
21 1175
40 1264
32 1411
25 1193
38 1371
48 1049
43 1249
42 1208
15 1231
40 1459
30 1282
10 1464
24 1339
19 1068
42 1263
14 1351
19 1081
10 1258
10 1127
44 1372
37 1301
14 1426
49 1152
28 1384
21 1389
28 1284
18 1136
36 1099
23 1126
15 1115
38 1029
12 1298
47 1409
48 1040
25 1157
21 1159
10 1452
43 1478
28 1488
39 1099
17 1477
10 1445
32 1054
18 1367
22 1414
47 1043
46 1389
45 1000
34 1462
19 1311
24 1305
42 1484
32 1375
22 1430
31 1209
16 1361
45 1135
28 1257
41 1395
47 1327
25 1208
47 1038
26 1009
36 1000
34 1102
22 1192
29 1293
20 1194
35 1041
27 1354
49 1481
34 1260
21 1392
13 1196
46 1288
24 1093
43 1017
25 1029
40 1362
32 1115
14 1134
48 1496
40 1060
22 1133
25 1136
32 1145
33 1059
16 1068
25 1077
37 1352
16 1021
20 1189
31 1390
12 1478
40 1027
20 1155
11 1060
19 1042
10 1053
20 1189
47 1489
34 1226
17 1411
38 1262
35 1137
29 1201
48 1196
30 1373
22 1416
37 1105
17 1346
48 1012
49 1149
28 1427
17 1117
16 1218
44 1050
13 1425
27 1047
44 1270
13 1021
49 1315
23 1051
46 1332
36 1169
44 1193
18 1048
18 1220
46 1359
24 1223
11 1480
49 1112
25 1302
23 1360
45 1389
14 1431
10 1370
37 1063
36 1266
15 1287
15 1390
29 1244
41 1368
20 1167
47 1201
32 1343
35 1015
15 1380
13 1120
29 1138
17 1460
43 1323
41 1427
16 1283
16 1192
31 1230
26 1482
15 1191
13 1445
17 1076
23 1458
44 1211
29 1292
48 1247
10 1467
32 1023
36 1342
15 1032
16 1337
23 1348
26 1198
36 1263
25 1094
20 1023
38 1377
46 1214
28 1159
15 1275
39 1449
25 1088
24 1414
31 1089
35 1167
37 1203
26 1100
21 1280
35 1354
30 1000
12 1049
49 1131
20 1263
21 1079
14 1371
42 1169
22 1331
10 1269
26 1277
29 1398
17 1093
42 1444
21 1094
12 1004
11 1390
16 1419
31 1002
10 1049
42 1081
34 1055
25 1471
40 1151
15 1000
27 1357
24 1346
28 1134
39 1002
40 1229
42 1174
14 1079
44 1312
14 1073
13 1050
20 1420
19 1131
35 1362
18 1221
18 1470
48 1116
39 1356
18 1385
24 1202
22 1457
19 1029
17 1000
34 1254
10 1135
22 1187
20 1017
38 1470
26 1413
30 1444
23 1201
22 1026
38 1129
20 1440
11 1108
22 1244
23 1074
38 1006
33 1336
27 1325
42 1274
49 1303
34 1322
31 1110
14 1082
32 1097
13 1315
38 1054
35 1222
19 1303
16 1492
14 1118
34 1140
29 1351
38 1183
14 1157
45 1111
22 1011
12 1187
49 1410
35 1390
43 1051
31 1310
13 1498
13 1133
44 1181
36 1347
37 1175
41 1152
24 1346
32 1120
18 1079
39 1481
31 1157
18 1388
28 1049
37 1024
24 1411
33 1219
39 1495
21 1489
25 1496
27 1372
19 1100
15 1466
32 1454
11 1496
16 1098
12 1354
17 1328
30 1088
40 1142
15 1329
31 1025
30 1104
31 1165
40 1454
36 1469
24 1397
36 1270
29 1374
37 1394
25 1241
17 1054
36 1182
36 1326
30 1002
44 1266
46 1492
28 1328
26 1029
25 1081
34 1113
34 1001
36 1259
20 1030
36 1471
10 1356
16 1344
37 1196
27 1349
15 1387
39 1208
24 1008
47 1065
19 1025
13 1319
45 1061
29 1144
49 1284
39 1300
45 1387
37 1454
46 1314
37 1440
41 1223
13 1435
28 1227
44 1237
16 1141
40 1194
31 1358
34 1431
17 1213
28 1321
12 1075
45 1334
27 1249
17 1455
23 1296
20 1381
11 1154
26 1274
10 1337
10 1174
48 1319
37 1078
16 1127
11 1175
32 1038
42 1297
37 1216
36 1055
14 1414
27 1333
34 1481
14 1038
40 1371
30 1289
43 1189
46 1415
28 1338
33 1222
23 1111
12 1252
36 1182
43 1405
14 1156
37 1238
42 1136
31 1493
49 1461
47 1468
23 1327
37 1484
33 1239
29 1255
41 1207
21 1195
22 1307
25 1238
10 1167
21 1438
36 1099
22 1026
48 1333
20 1011
21 1279
21 1090
14 1070
22 1066
49 1183
10 1441
23 1248
21 1382
11 1349
14 1189
43 1471
32 1210
18 1180
32 1287
42 1082
29 1285
32 1417
30 1252
19 1467
23 1049
19 1378
27 1422
32 1415
10 1023
39 1046
43 1069
36 1476
10 1134
47 1470
20 1330
19 1301
20 1472
46 1471
42 1230
14 1096
49 1297
28 1222
35 1201
36 1147
10 1188
12 1181
43 1066
36 1145
28 1043
46 1466
18 1305
38 1050
42 1298
45 1222
10 1344
44 1151
31 1100
21 1110
34 1028
38 1177
23 1275
14 1166
38 1026
47 1433
17 1268
30 1480
37 1469
23 1404
35 1202
11 1228
22 1329
28 1183
28 1466
21 1177
36 1295
36 1136
15 1343
44 1215
13 1408
21 1196
33 1216
47 1015
46 1029
29 1058
43 1030
46 1284
46 1050
27 1416
13 1471
49 1301
35 1054
11 1074
12 1120
30 1007
25 1123
43 1478
46 1445
40 1318
11 1404
49 1392
21 1194
12 1356
18 1021
38 1080
12 1425
11 1407
48 1083
39 1270
31 1076
42 1474
14 1074
32 1094
37 1150
19 1191
42 1363
34 1495
24 1313
18 1472
40 1391
32 1079
10 1149
15 1293
22 1398
11 1388
15 1489
18 1068
14 1058
49 1103
19 1201
48 1472
35 1137
41 1346
18 1251
27 1272
37 1039
23 1271
15 1495
34 1296
29 1144
16 1260
45 1339
15 1358
14 1160
45 1088
28 1449
30 1258
33 1145
38 1113
35 1314
35 1117
24 1383
17 1180
29 1441
22 1193
20 1392
34 1341
42 1459
32 1053
43 1017
32 1323
49 1274
18 1131
31 1246
42 1176
33 1418
21 1339
32 1194
13 1251
43 1434
18 1344
13 1241
18 1094
43 1021
31 1029
11 1140
19 1075
24 1310
18 1104
30 1051
13 1415
40 1360
42 1324
48 1251
33 1315
36 1399
12 1478
44 1108
48 1114
13 1123
35 1459
32 1073
34 1083
28 1025
18 1102
35 1381
43 1036
42 1107
33 1352
10 1040
27 1135
28 1146
17 1367
22 1047
31 1241
22 1455
20 1129
43 1035
41 1107
20 1129
39 1135
48 1111
32 1435
41 1083
26 1310
20 1137
36 1150
38 1257
36 1035
23 1162
12 1010
17 1452
30 1341
31 1022
47 1144
30 1101
22 1485
18 1328
37 1124
37 1270
46 1485
18 1229
12 1472
33 1266
21 1073
38 1355
10 1073
32 1176
26 1084
32 1402
46 1467
23 1018
42 1223
30 1126
28 1266
41 1421
33 1041
32 1000
48 1047
31 1482
37 1138
14 1077
37 1303
42 1152
33 1394
31 1276
13 1497
15 1035
36 1283
42 1335
27 1160
18 1482
48 1330
35 1238
18 1243
19 1057
19 1278
11 1379
48 1301
10 1026
11 1134
10 1344
37 1229
25 1237
20 1350
12 1439
29 1282
32 1291
19 1359
20 1344
36 1009
11 1310
35 1355
35 1359
37 1281
48 1213
34 1080
18 1188
31 1482
35 1198
44 1262
38 1139
21 1108
46 1221
13 1117
22 1288
28 1065
34 1328
49 1073
22 1018
40 1458
39 1220
11 1463
20 1224
20 1177
11 1353
39 1476
33 1416
25 1173
18 1351
38 1106
27 1394
41 1332
18 1009
10 1146
45 1461
33 1153
16 1464
24 1062
43 1008
45 1057
25 1461
25 1383
15 1257
21 1346
19 1163
49 1320
18 1214
37 1489
19 1061
14 1117
17 1123
38 1264
19 1083
40 1301
26 1327
48 1139
30 1327
21 1023
35 1479
14 1360
24 1224
14 1152
37 1022
45 1254
44 1226
14 1008
31 1363
45 1361
15 1133
49 1484
43 1339
12 1096
38 1300
22 1025
41 1480
18 1429
22 1094
14 1181
10 1310
26 1124
11 1071
32 1042
25 1186
48 1412
37 1305
15 1163
34 1413
24 1425
48 1087
49 1270
26 1481
25 1369
43 1191
48 1268
45 1212
48 1278
47 1246
31 1361
48 1234
40 1269
29 1270
25 1465
39 1277
14 1077
36 1331
19 1117
22 1097
34 1202
45 1405
14 1132
43 1130
46 1197
26 1491
27 1484
23 1330
43 1169
49 1084
28 1252
31 1472
36 1113
33 1484
25 1299
47 1029
49 1193
20 1035
25 1211
29 1494
20 1314
27 1270
31 1065
42 1423
44 1069
28 1409
37 1115
26 1021
40 1351
43 1401
16 1374
11 1108
47 1336
42 1303
18 1283
41 1495
42 1446
23 1018
15 1135
30 1105
32 1232
38 1457
35 1190
37 1097
11 1443
27 1017
44 1478
43 1425
48 1010
11 1486
18 1401
17 1356
49 1056
30 1413
45 1466
25 1201
38 1407
30 1358
38 1248
37 1455
21 1123
14 1347
12 1424
35 1008
22 1080
24 1249
46 1018
40 1281
11 1456
36 1204
47 1037
47 1003
14 1164
34 1499
38 1201
34 1361
46 1042
38 1466
44 1499
26 1358
30 1268
49 1103
30 1190
32 1408
13 1262
44 1457
37 1143
26 1060
36 1195
35 1479
43 1249
11 1255
37 1444
16 1285
42 1041
29 1269
36 1396
14 1343
35 1382
17 1150
40 1467
43 1156
42 1261
24 1301
39 1422
14 1448
29 1479
23 1058
11 1459
21 1188
25 1407
27 1152
41 1453
20 1073
42 1441
27 1146
15 1066
10 1272
21 1292
44 1303
23 1084
13 1418
26 1064
44 1249
10 1483
41 1470
13 1231
14 1099
49 1110
35 1131
46 1438
43 1416
23 1303
17 1311
41 1153
23 1352
37 1226
20 1154
24 1083
18 1196
22 1352
23 1109
35 1468
23 1022
36 1322
21 1350
34 1496
31 1230
39 1298
49 1173
27 1462
28 1065
38 1040
18 1185
16 1133
48 1180
39 1164
23 1441
19 1174
21 1414
49 1386
38 1053
20 1044
12 1400
48 1400
48 1407
32 1155
21 1031
40 1007
25 1382
30 1235
30 1115
41 1221
28 1096
41 1255
20 1290
24 1416
41 1471
11 1117
49 1441
23 1309
48 1236
14 1223
30 1078
41 1294
16 1004
11 1265
14 1465
22 1229
39 1180
45 1033
48 1192
46 1238
12 1483
13 1345
31 1242
30 1322
36 1386
15 1409
49 1078
47 1241
40 1087
44 1157
26 1269
39 1362
42 1186
21 1393
44 1114
22 1335
15 1242
46 1133
28 1201
23 1019
29 1464
28 1139
35 1478
17 1317
10 1096
33 1318
19 1174
39 1221
19 1484
34 1062
48 1254
37 1201
17 1090
22 1140
41 1213
12 1348
15 1376
19 1336
46 1451
22 1004
37 1053
43 1341
44 1391
35 1043
33 1034
13 1259
40 1353
44 1431
38 1196
11 1317
49 1392
10 1099
38 1246
15 1228
22 1308
36 1329
38 1342
12 1465
26 1238
24 1120
28 1466
11 1054
45 1025
18 1158
20 1376
25 1238
28 1301
38 1307
11 1166
12 1181
43 1486
36 1136
25 1231
29 1478
24 1018
12 1179
11 1071
42 1415
10 1455
13 1455
43 1047
38 1058
39 1469
26 1224
48 1479
30 1480
33 1022
12 1480
18 1264
32 1003
30 1406
47 1321
41 1352
38 1117
22 1025
32 1014
49 1306
36 1436
36 1345
32 1412
38 1470
30 1349
40 1096
31 1489
33 1380
15 1090
29 1063
21 1391
47 1288
10 1028
31 1310
19 1393
40 1404
13 1481
11 1008
37 1434
15 1003
47 1083
29 1056
44 1282
48 1171
13 1208
35 1079
14 1471
44 1479
38 1050
40 1197
43 1478
14 1408
23 1489
24 1225
43 1071
29 1033
31 1165
24 1380
45 1177
12 1261
42 1357
24 1056
30 1452
31 1365
41 1203
27 1058
33 1283
36 1277
33 1496
15 1200
31 1451
33 1037
38 1398
16 1146
24 1455
36 1114
12 1349
43 1227
41 1031
41 1331
41 1007
34 1428
44 1082
21 1347
36 1065
29 1298
29 1193
17 1093
21 1383
17 1381
25 1370
29 1061
26 1434
14 1349
44 1363
21 1495
31 1167
36 1351
39 1473
40 1498
37 1413
37 1231
10 1398
31 1044
18 1459
33 1497
25 1163
39 1489
39 1377
44 1496
40 1281
42 1363
38 1371
24 1479
34 1326
29 1238
33 1456
27 1120
45 1030
25 1366
37 1360
45 1207
12 1398
14 1346
34 1459
48 1119
49 1366
27 1265
30 1350
42 1134
19 1334
17 1145
20 1244
25 1247
45 1464
39 1119
19 1031
30 1179
43 1064
38 1016
41 1161
39 1199
20 1493
37 1185
27 1288
13 1453
10 1121
34 1005
32 1228
34 1433
43 1322
10 1360
15 1460
35 1464
21 1107
46 1336
14 1255
15 1391
13 1273
16 1441
19 1491
39 1089
34 1231
22 1170
49 1026
23 1449
10 1143
41 1122
17 1040
32 1003
34 1389
35 1169
37 1453
27 1368
46 1135
33 1094
33 1300
25 1205
33 1043
24 1375
26 1373
18 1159
45 1497
13 1414
12 1374
27 1198
43 1021
16 1138
15 1267
36 1319
45 1234
21 1228
46 1311
48 1450
34 1090
18 1044
44 1054
18 1238
49 1360
13 1455
47 1104
31 1098
22 1169
46 1485
25 1010
10 1266
33 1485
38 1475
29 1272
47 1225
27 1147
41 1273
19 1166
11 1249
28 1173
18 1033
45 1268
36 1467
18 1261
21 1437
25 1476
45 1010
26 1207
24 1284
18 1134
17 1385
14 1221
10 1144
46 1191
37 1485
34 1436
14 1282
39 1235
23 1184
31 1232
18 1466
17 1495
42 1253
38 1373
27 1294
38 1345
19 1132
34 1433
49 1013
41 1304
32 1280
37 1203
45 1293
27 1489
27 1000
11 1136
49 1052
44 1267
21 1498
33 1489
38 1153
42 1248
26 1307
20 1165
24 1194
35 1441
10 1458
24 1282
38 1097
23 1211
42 1436
32 1388
13 1028
32 1236
48 1321
47 1381
31 1370
18 1400
40 1393
29 1161
24 1006
22 1315
13 1162
33 1426
24 1236
25 1250
27 1205
33 1203
46 1439
44 1106
16 1152
14 1461
35 1333
40 1022
36 1203
21 1063
16 1010
40 1427
10 1371
11 1434
47 1291
37 1131
28 1330
48 1048
11 1113
38 1046
16 1394
41 1119
10 1266
30 1342
31 1466
49 1064
12 1205
28 1180
14 1107
15 1449
49 1140
48 1451
40 1174
36 1189
49 1231
18 1009
19 1455
25 1395
23 1310
38 1306
31 1453
18 1026
38 1096
40 1091
44 1380
19 1256
42 1425
25 1181
24 1415
44 1040
21 1488
14 1090
26 1340
31 1047
43 1400
32 1026
40 1464
33 1396
25 1318
37 1360
29 1329
28 1057
47 1313
46 1039
46 1443
36 1108
34 1173
47 1056
28 1296
34 1281
28 1363
22 1178
15 1053
22 1149
11 1384
48 1054
22 1472
47 1344
24 1105
37 1323
22 1161
29 1444
11 1053
41 1489
28 1029
39 1104
12 1478
31 1003
23 1290
14 1371
40 1164
41 1024
32 1153
23 1468
26 1445
34 1219
29 1048
37 1415
32 1331
36 1238
27 1177
29 1108
40 1099
29 1052
41 1422
13 1305
44 1152
35 1412
27 1225
20 1138
31 1360
10 1404
42 1427
43 1143
27 1112
29 1103
12 1304
24 1323
34 1485
17 1411
43 1007
38 1296
48 1017
43 1144
16 1236
28 1360
14 1053
25 1107
23 1230
19 1046
32 1191
17 1275
31 1068
11 1434
43 1009
20 1170
33 1063
12 1452
27 1103
26 1009
25 1063
33 1365
27 1429
11 1213
42 1275
23 1367
41 1123
10 1334
38 1224
28 1355
19 1279
29 1476
18 1473
16 1068
40 1377
11 1449
31 1285
38 1100
44 1272
10 1217
28 1327
37 1224
31 1138
37 1292
48 1080
25 1166
41 1496
30 1423
27 1351
34 1135
28 1136
41 1468
47 1424
38 1183
16 1197
21 1089
16 1222
26 1003
22 1006
26 1312
20 1365
10 1084
37 1166
30 1125
28 1341
25 1096
27 1377
39 1374
34 1348
46 1234
22 1127
25 1044
20 1209
27 1423
47 1092
19 1482
37 1118
30 1052
14 1279
45 1474
46 1256
20 1131
29 1046
37 1270
39 1071
19 1068
17 1168
28 1181
49 1445
12 1038
12 1157
17 1198
47 1036
29 1049
16 1068
32 1089
28 1104
38 1000
10 1492
13 1033
16 1307
37 1054
20 1409
36 1141
23 1260
29 1411
30 1180
25 1248
22 1303
11 1019
49 1345
28 1215
47 1031
33 1284
43 1287
35 1245
13 1016
12 1204
29 1447
35 1113
48 1144
11 1487
43 1468
41 1354
43 1403
14 1439
24 1215
12 1115
42 1148
42 1126
18 1135
26 1432
48 1137
45 1179
47 1167
28 1021
45 1054
27 1110
20 1386
21 1080
16 1486
47 1040
39 1247
15 1181
26 1130
41 1335
29 1089
26 1112
29 1423
37 1289
39 1057
47 1400
45 1027
20 1084
32 1197
32 1347
16 1415
23 1060
22 1315
45 1206
22 1262
32 1034
49 1315
30 1075
10 1235
35 1362
48 1284
48 1447
29 1193
12 1307
41 1108
47 1379
14 1266
45 1159
28 1437
44 1077
12 1451
44 1470
37 1421
34 1251
33 1048
14 1082
22 1117
30 1330
36 1037
34 1035
48 1011
33 1332
22 1096
47 1065
25 1132
18 1064
48 1482
14 1458
22 1276
11 1353
37 1445
24 1100
20 1112
45 1291
14 1492
26 1383
31 1460
41 1414
43 1354
35 1496
26 1072
48 1260
31 1153
28 1238
19 1197
19 1276
47 1063
22 1168
29 1187
11 1084
21 1242
14 1491
49 1434
34 1482
37 1189
46 1077
37 1355
11 1100
14 1323
43 1411
49 1127
17 1269
49 1340
23 1408
39 1092
48 1488
21 1321
29 1117
41 1228
25 1474
13 1022
20 1102
34 1282
31 1360
34 1351
48 1253
47 1257
45 1447
19 1238
49 1063
34 1108
45 1377
46 1492
33 1451
33 1072
24 1142
11 1465
32 1163
18 1487
46 1313
27 1261
39 1471
46 1346
30 1247
28 1483
18 1206
40 1246
42 1355
14 1161
19 1420
46 1174
33 1096
30 1057
39 1254
10 1044
12 1362
14 1303
31 1493
45 1344
15 1064
35 1420
36 1018
27 1208
33 1181
45 1211
30 1416
29 1192
45 1360
34 1152
28 1340
46 1058
15 1017
18 1487
25 1302
10 1213
29 1398
34 1377
39 1376
48 1262
31 1356
32 1495
48 1078
26 1039
17 1346
12 1127
18 1459
14 1158
46 1448
38 1315
35 1118
32 1110
23 1372
36 1359
21 1170
49 1192
10 1191
21 1251
23 1339
30 1496
15 1327
43 1287
49 1351
21 1191
49 1145
11 1224
33 1366
32 1013
26 1140
35 1256
49 1481
41 1005
45 1354
41 1169
22 1445
10 1382
30 1429
27 1332
19 1213
13 1456
35 1454
38 1220
24 1259
26 1387
48 1081
19 1117
15 1046
34 1075
12 1198
46 1173
22 1493
31 1181
29 1126
47 1037
37 1049
31 1031
39 1369
11 1483
25 1430
27 1376
46 1059
18 1490
42 1317
39 1415
43 1251
22 1299
32 1477
26 1357
42 1078
30 1388
31 1055
39 1015
34 1216
27 1431
34 1046
26 1031
45 1167
42 1060
20 1386
27 1087
28 1253
45 1366
35 1038
42 1489
36 1071
26 1047
48 1041
34 1230
13 1475
30 1157
41 1396
41 1405
15 1374
41 1142
30 1319
15 1233
29 1244
18 1145
42 1481
18 1330
17 1259
21 1111
49 1051
45 1236
42 1275
23 1350
41 1450
19 1173
13 1293
40 1338
17 1050
39 1107
15 1318
27 1072
11 1371
46 1369
39 1128
41 1390
11 1419
43 1278
46 1002
12 1133
11 1076
13 1247
39 1371
18 1237
15 1378
37 1184
29 1453
29 1300
21 1328
44 1089
29 1336
19 1121
46 1091
15 1094
31 1330
26 1314
14 1298
14 1031
45 1402
26 1384
49 1492
24 1281
14 1043
45 1391
16 1280
31 1069
16 1380
24 1383
11 1094
17 1448
32 1441
14 1295
16 1450
37 1163
12 1075
25 1342
25 1226
47 1374
21 1312
42 1008
27 1425
33 1286
43 1421
34 1106
20 1342
14 1253
12 1039
39 1212
36 1144
47 1020
33 1036
11 1375
23 1106
17 1151
31 1245
31 1171
19 1225
24 1285
36 1105
10 1359
18 1200
29 1084
31 1336
19 1172
20 1419
29 1258
24 1349
25 1064
45 1334
48 1492
28 1105
48 1247
17 1175
31 1210
35 1263
16 1069
32 1207
19 1363
38 1275
35 1033
46 1253
36 1439
14 1157
29 1348
43 1225
41 1211
19 1069
34 1017
28 1069
12 1326
18 1403
25 1141
49 1287
38 1161
48 1310
38 1407
12 1116
38 1268
12 1422
22 1284
40 1243
14 1193
21 1412
32 1387
32 1248
46 1311
40 1280
20 1307
48 1242
22 1138
20 1382
40 1461
10 1332
42 1494
36 1100
40 1261
31 1316
46 1168
23 1038
12 1440
13 1019
35 1100
30 1059
16 1457
25 1109
39 1025
11 1170
38 1040
46 1203
15 1293
45 1479
24 1345
29 1089
33 1289
31 1004
11 1044
20 1366
30 1183
40 1278
12 1336
33 1312
48 1215
28 1225
19 1470
38 1368
36 1498
32 1268
13 1411
24 1108
14 1233
30 1169
44 1081
37 1413
49 1450
28 1026
40 1436
24 1150
22 1288
34 1346
36 1180
28 1236
48 1346
22 1380
10 1344
42 1061
46 1209
27 1080
12 1021
37 1066
48 1018
47 1213
42 1206
33 1201
12 1080
13 1204
28 1434
31 1166
15 1475
14 1171
45 1012
19 1122
36 1228
48 1217
30 1102
46 1173
20 1301
49 1428
38 1063
20 1277
23 1099
40 1474
17 1259
17 1227
15 1370
40 1050
21 1029
16 1179
35 1244
26 1063
14 1178
14 1317
15 1187
22 1269
27 1197
39 1097
44 1400
35 1016
29 1373
13 1335
25 1353
39 1368
44 1330
33 1022
26 1378
20 1203
11 1466
28 1093
24 1030
32 1348
31 1059
23 1401
47 1431
25 1270
36 1398
15 1147
20 1370
36 1407
37 1219
25 1466
41 1435
18 1131
30 1360
40 1478
38 1185
13 1281
38 1174
14 1193
29 1083
17 1048
44 1471
40 1028
33 1337
23 1189
10 1270
33 1304
19 1146
13 1162
20 1028
32 1334
41 1491
30 1200
36 1387
23 1408
22 1403
26 1081
10 1313
30 1425
47 1490
38 1308
18 1477
40 1208
46 1114
26 1435
34 1444
11 1331
12 1155
23 1226
19 1257
14 1352
30 1142
22 1243
25 1426
38 1399
49 1264
15 1350
27 1126
39 1277
23 1099
33 1178
31 1431
47 1495
45 1302
33 1170
45 1302
38 1152
44 1082
22 1427
44 1265
33 1443
26 1401
32 1372
28 1167
18 1476
14 1451
30 1193
17 1302
29 1374
25 1108
19 1391
36 1125
37 1287
43 1439
44 1046
31 1020
46 1021
43 1213
17 1415
38 1045
14 1251
45 1318
20 1399
37 1162
20 1156
43 1021
36 1414
11 1077
42 1422
17 1063
17 1032
25 1258
12 1143
24 1366
11 1037
34 1447
29 1249
15 1196
27 1007
35 1480
28 1252
49 1405
31 1051
10 1463
30 1147
48 1005
39 1300
11 1267
37 1421
24 1183
24 1002
48 1413
49 1257
21 1397
37 1367
22 1074
16 1358
30 1227
45 1380
29 1276
29 1290
11 1334
16 1417
41 1048
40 1118
40 1294
20 1457
18 1497
43 1346
34 1230
28 1012
38 1009
40 1244
43 1274
39 1099
28 1089
16 1433
27 1389
30 1106
11 1088
13 1386
17 1190
36 1305
40 1350
40 1143
14 1160
35 1299
37 1281
32 1059
39 1355
22 1254
28 1103
11 1210
27 1373
30 1091
37 1154
35 1330
48 1308
11 1235
31 1451
24 1211
18 1332
32 1376
40 1232
26 1239
11 1218
45 1208
16 1111
31 1205
40 1239
35 1274
46 1300
48 1329
15 1495
42 1264
35 1145
14 1278
16 1004
35 1458
45 1135
40 1468
16 1413
47 1340
42 1361
35 1009
12 1137
13 1266
28 1405
41 1498
37 1208
34 1132
17 1210
31 1412
15 1060
38 1035
49 1487
14 1442
48 1456
47 1366
32 1224
12 1151
29 1488
23 1459
26 1090
36 1398
12 1015
16 1421
16 1109
36 1207
31 1017
43 1249
24 1379
25 1190
10 1018
25 1045
45 1465
46 1386
23 1113
10 1384
42 1467
14 1344
10 1489
19 1153
42 1415
19 1203
19 1425
19 1013
40 1214
42 1367
19 1011
45 1330
11 1471
36 1216
34 1051
34 1092
10 1179
14 1462
22 1122
20 1150
24 1495
43 1125
12 1255
18 1027
32 1194
33 1494
24 1148
41 1039
21 1470
19 1356
10 1287
16 1119
15 1166
19 1041
32 1064
36 1384
31 1259
42 1084
11 1019
10 1330
32 1074
29 1103
21 1472
18 1342
43 1298
32 1026
40 1122
46 1425
41 1183
10 1239
39 1291
35 1220
25 1330
16 1091
10 1168
15 1075
48 1046
38 1368
32 1368
25 1090
43 1150
28 1410
26 1087
37 1319
29 1266
43 1071
29 1385
31 1451
10 1464
15 1096
48 1170
26 1486
45 1000
22 1020
34 1041
20 1057
29 1240
23 1074
25 1359
22 1383
37 1447
12 1126
18 1266
30 1458
35 1404
47 1187
35 1361
35 1442
43 1202
40 1389
15 1315
20 1345
23 1022
14 1186
37 1179
44 1455
16 1318
27 1022
30 1068
38 1087
18 1236
37 1260
29 1404
33 1366
15 1447
19 1128
19 1198
14 1183
26 1387
32 1278
49 1393
33 1293
30 1473
44 1409
39 1147
26 1024
47 1474
40 1040
39 1206
31 1485
25 1288
22 1004
44 1154
19 1255
28 1229
36 1280
43 1180
35 1168
16 1027
34 1202
47 1277
39 1184
25 1190
18 1230
39 1397
41 1461
29 1400
33 1415
21 1348
23 1443
20 1427
31 1134
24 1306
29 1272
47 1178
45 1039
42 1383
39 1125
18 1119
46 1466
38 1030
17 1365
21 1011
40 1126
39 1128
39 1055
20 1239
16 1282
45 1423
29 1263
43 1343
34 1492
20 1142
33 1164
48 1081
45 1315
45 1447
17 1014
12 1033
33 1152
20 1481
42 1479
44 1179
45 1230
23 1104
12 1486
41 1143
28 1108
21 1432
32 1245
31 1140
34 1283
16 1347
28 1337
46 1468
19 1402
38 1039
43 1366
46 1087
21 1137
48 1038
20 1375
33 1488
16 1158
24 1332
18 1204
39 1063
24 1335
12 1364
15 1281
42 1032
43 1483
27 1353
26 1060
26 1216
46 1239
14 1455
23 1315
12 1458
44 1416
48 1140
22 1134
43 1267
20 1061
34 1073
25 1077
28 1247
22 1337
22 1024
25 1147
34 1110
36 1113
35 1391
40 1493
24 1028
45 1045
43 1445
41 1040
45 1370
11 1192
11 1418
16 1041
38 1084
23 1323
45 1308
29 1391
14 1354
18 1409
23 1188
25 1153
23 1405
47 1007
17 1236
35 1395
32 1430
40 1030
48 1414
28 1246
44 1202
11 1133
22 1117
31 1136
18 1190
41 1336
42 1181
24 1362
43 1226
14 1468
15 1352
27 1133
41 1221
15 1105
40 1370
23 1251
15 1240
15 1000
27 1195
41 1438
15 1488
22 1448
48 1204
35 1046
18 1475
46 1204
43 1302
23 1258
32 1281
26 1108
29 1171
15 1487
17 1153
30 1448
12 1185
39 1189
17 1072
11 1356
49 1029
45 1388
32 1339
16 1302
41 1134
27 1025
17 1015
20 1087
14 1456
49 1119
35 1101
13 1229
39 1346
12 1415
28 1492
17 1465
33 1223
23 1360
43 1468
29 1207
28 1296
29 1125
22 1222
48 1236
22 1481
12 1406
18 1350
23 1124
10 1014
47 1277
32 1165
18 1155
14 1411
37 1214
10 1438
42 1038
44 1185
23 1136
22 1315
22 1452
34 1158
48 1000
40 1163
34 1397
47 1019
28 1215
28 1429
12 1255
37 1143
34 1031
21 1222
15 1111
42 1013
30 1387
39 1398
32 1241
18 1152
10 1364
28 1342
15 1251
25 1458
24 1440
47 1253
20 1427
25 1348
26 1096
29 1047
21 1159
37 1095
36 1058
15 1300
39 1046
28 1175
30 1277
13 1115
25 1055
49 1460
40 1153
10 1427
32 1021
37 1205
42 1315
19 1171
29 1391
21 1034
14 1230
37 1325
40 1256
34 1105
13 1485
25 1445
45 1360
10 1080
24 1090
15 1374
22 1382
44 1021
17 1120
27 1410
33 1029
12 1151
29 1015
26 1259
22 1047
32 1024
15 1342
21 1275
40 1145
33 1089
29 1045
44 1147
32 1314
21 1233
22 1177
24 1313
32 1264
36 1220
42 1267
33 1405
29 1352
15 1393
29 1236
45 1068
27 1346
27 1243
43 1209
34 1457
36 1221
10 1377
49 1005
13 1146
15 1181
31 1159
48 1400
41 1257
12 1369
21 1452
22 1053
28 1135
49 1385
34 1094
36 1259
33 1235
17 1308
40 1162
27 1332
19 1343
45 1265
43 1408
33 1210
48 1182
44 1019
38 1432
30 1351
12 1274
41 1325
17 1266
35 1119
17 1076
21 1487
43 1265
48 1105
48 1418
46 1012
25 1204
38 1354
30 1392
46 1344
15 1320
37 1071
19 1256
42 1351
37 1006
33 1262
19 1447
48 1134
44 1372
10 1245
27 1077
35 1026
23 1232
30 1065
42 1416
30 1284
43 1109
33 1183
24 1028
44 1467
32 1132
31 1307
19 1444
18 1158
17 1129
47 1091
21 1470
14 1254
14 1491
14 1451
45 1390
23 1409
49 1340
43 1301
33 1034
35 1156
49 1180
31 1447
15 1276
49 1233
24 1279
47 1429
36 1025
35 1158
31 1361
16 1081
12 1090
25 1446
49 1170
28 1077
43 1364
48 1358
43 1233
32 1274
37 1326
20 1420
38 1167
32 1008
15 1106
49 1332
44 1169
24 1320
32 1257
48 1115
11 1490
10 1199
16 1153
46 1402
12 1328
23 1391
31 1366
35 1315
19 1145
14 1431
48 1320
36 1239
22 1420
13 1489
15 1448
46 1308
36 1481
49 1162
21 1055
39 1122
21 1205
21 1065
45 1125
43 1493
11 1443
45 1009
41 1235
10 1059
36 1087
43 1067
34 1214
22 1040
20 1287
29 1465
20 1356
12 1182
23 1470
34 1361
28 1133
31 1245
26 1334
18 1060
39 1428
22 1325
42 1223
41 1372
40 1268
45 1084
45 1462
21 1309
29 1059
26 1100
17 1344
17 1499
15 1209
32 1427
12 1465
20 1247
37 1352
46 1038
32 1367
26 1047
32 1338
13 1396
16 1386
48 1118
34 1206
28 1208
19 1274
12 1062
43 1335
20 1335
19 1137
10 1466
30 1324
28 1248
25 1398
42 1260
24 1226
44 1258
29 1067
45 1464
22 1185
20 1387
42 1305
34 1491
26 1297
12 1307
10 1441
28 1458
17 1493
11 1367
20 1229
48 1199
39 1187
42 1056
48 1315
46 1430
15 1468
25 1099
30 1347
39 1320
43 1419
21 1181
29 1019
14 1152
22 1236
42 1311
25 1359
29 1472
37 1437
49 1040
48 1025
29 1235
35 1376
36 1208
19 1300
21 1160
44 1248
43 1239
43 1001
32 1473
27 1402
14 1340
37 1164
33 1242
45 1477
17 1199
23 1091
28 1213
24 1329
47 1058
44 1185
46 1407
25 1041
38 1411
13 1027
33 1094
28 1267
34 1466
27 1125
28 1119
43 1419
34 1184
45 1162
15 1006
14 1097
37 1333
49 1427
12 1239
32 1058
10 1020
12 1332
47 1093
13 1471
30 1440
36 1362
38 1235
32 1073
19 1196
26 1315
39 1308
44 1010
24 1254
47 1148
41 1488
47 1433
11 1289
49 1367
14 1183
49 1055
24 1240
27 1331
10 1122
49 1249
37 1010
20 1090
38 1203
36 1454
36 1478
49 1219
29 1108
40 1248
35 1233
23 1038
42 1423
11 1430
12 1131
45 1040
29 1135
27 1016
43 1148
44 1233
39 1402
20 1112
16 1078
31 1428
33 1211
38 1370
41 1402
31 1103
14 1166
15 1484
18 1196
31 1336
47 1134
34 1419
17 1170
16 1438
20 1043
18 1032
20 1409
36 1286
29 1178
48 1335
29 1414
44 1385
14 1034
42 1052
34 1413
41 1409
32 1393
47 1485
49 1111
46 1118
16 1464
47 1229
12 1007
19 1237
39 1452
19 1080
13 1334
36 1026
47 1236
36 1008
31 1305
22 1056
26 1190
37 1289
24 1049
37 1036
36 1097
41 1377
26 1250
26 1405
12 1236
41 1194
33 1095
20 1110
30 1425
29 1203
17 1031
27 1263
18 1259
32 1198
31 1094
37 1107
36 1156
32 1085
21 1114
12 1117
31 1221
42 1417
33 1314
47 1036
42 1188
49 1035
37 1037
45 1311
27 1135
24 1437
35 1403
37 1353
10 1278
12 1056
41 1308
25 1238
22 1005
33 1053
23 1005
10 1380
35 1399
34 1299
47 1127
27 1106
37 1276
20 1028
49 1250
24 1048
46 1377
34 1260
45 1452
41 1313
47 1446
19 1071
30 1094
22 1028
40 1314
17 1211
23 1275
11 1475
31 1252
20 1067
25 1422
41 1422
18 1430
18 1329
25 1241
37 1382
14 1348
21 1158
22 1278
22 1011
38 1083
40 1320
39 1473
18 1370
10 1429
29 1496
29 1489
11 1233
19 1349
17 1445
22 1092
10 1312
19 1468
45 1122
22 1106
46 1032
45 1387
49 1206
30 1203
32 1365
48 1271
39 1257
22 1431
37 1447
13 1123
32 1397
40 1367
30 1254
21 1438
43 1089
25 1194
13 1228
35 1153
11 1189
28 1147
28 1401
21 1443
20 1206
27 1264
10 1088
12 1432
18 1016
28 1419
13 1011
34 1051
29 1217
16 1246
42 1325
14 1166
49 1339
31 1185
14 1405
30 1057
40 1134
23 1064
48 1457
28 1008
34 1102
34 1148
49 1384
37 1344
13 1174
39 1483
37 1345
37 1084
41 1162
30 1468
24 1418
28 1046
28 1034
26 1390
44 1045
36 1127
48 1243
21 1190
35 1085
38 1165
27 1097
42 1447
41 1080
33 1394
31 1260
32 1218
22 1424
20 1078
33 1048
12 1261
11 1239
46 1374
24 1348
32 1425
15 1240
36 1031
10 1192
22 1130
28 1447
11 1401
10 1086
44 1103
30 1383
28 1176
48 1164
25 1211
41 1402
38 1086
29 1211
47 1041
31 1178
21 1041
13 1387
29 1314
26 1214
25 1114
44 1044
34 1109
43 1086
18 1013
30 1147
39 1243
17 1377
49 1378
29 1207
40 1380
34 1422
41 1140
24 1388
47 1419
18 1360
10 1468
13 1095
38 1058
47 1060
29 1204
34 1299
11 1452
26 1481
10 1028
30 1300
37 1157
11 1183
39 1361
49 1007
19 1453
19 1068
16 1474
30 1035
34 1112
24 1187
44 1026
10 1483
11 1118
42 1287
36 1433
48 1129
20 1367
44 1228
17 1113
34 1328
30 1070
44 1251
11 1469
49 1432
14 1490
39 1225
17 1401
39 1149
33 1212
25 1441
21 1234
41 1127
47 1206
28 1236
12 1098
18 1090
43 1342
26 1015
43 1218
47 1272
30 1185
46 1317
34 1045
11 1202
29 1428
10 1115
43 1477
40 1222
31 1222
22 1168
44 1002
41 1186
41 1336
13 1177
47 1239
33 1113
33 1137
39 1177
46 1056
36 1229
29 1428