3500 7000
26 1194
37 1451
14 1459
23 1418
47 1021
43 1219
16 1209
21 1218
23 1455
29 1205
16 1293
21 1434
35 1440
34 1491
13 1403
33 1470
16 1150
26 1441
13 1435
29 1231
29 1063
30 1157
33 1205
44 1250
27 1366
14 1424
48 1347
28 1214
30 1258
34 1458
20 1307
20 1414
36 1083
35 1306
49 1409
32 1461
43 1057
19 1048
33 1306
14 1327
13 1231
14 1313
21 1145
19 1240
35 1422
23 1184
26 1095
12 1290
27 1057
24 1001
42 1012
39 1424
27 1424
22 1081
24 1367
16 1028
30 1223
21 1063
20 1330
32 1209
38 1220
35 1424
38 1350
35 1487
48 1133
13 1453
27 1143
24 1190
20 1140
35 1300
11 1304
22 1110
24 1061
36 1336
38 1022
34 1313
22 1054
16 1164
43 1107
45 1319
26 1080
42 1440
31 1141
42 1029
46 1389
42 1093
26 1347
26 1394
49 1387
20 1112
38 1005
30 1183
47 1284
24 1160
25 1254
41 1194
46 1288
32 1446
11 1472
29 1093
45 1343
49 1412
36 1338
28 1201
17 1118
36 1068
19 1145
43 1287
41 1280
33 1125
15 1273
34 1317
45 1093
36 1327
25 1240
23 1089
40 1019
11 1055
21 1154
28 1072
39 1414
13 1237
31 1190
41 1162
14 1172
31 1405
44 1382
29 1146
38 1394
28 1123
46 1032
18 1301
42 1346
21 1083
25 1161
47 1445
29 1372
16 1005
33 1266
19 1391
35 1027
24 1335
25 1495
25 1072
38 1244
13 1367
34 1086
32 1362
24 1373
17 1234
45 1408
16 1042
13 1408
11 1447
35 1061
39 1324
21 1476
27 1376
26 1354
49 1142
36 1168
34 1137
14 1225
21 1161
37 1186
43 1233
26 1472
44 1161
25 1287
18 1250
18 1229
30 1292
37 1484
40 1372
28 1155
49 1296
30 1320
30 1408
22 1328
47 1099
24 1204
26 1328
46 1036
12 1222
43 1172
14 1039
46 1377
37 1022
40 1040
10 1453
25 1286
17 1488
18 1457
30 1206
10 1077
49 1323
49 1153
35 1253
36 1306
21 1499
23 1095
12 1154
42 1099
37 1148
15 1266
35 1194
24 1112
29 1363
14 1069
15 1400
32 1008
32 1225
13 1443
40 1412
15 1089
40 1468
31 1339
17 1212
18 1355
40 1400
41 1297
44 1450
31 1152
37 1089
29 1286
19 1001
10 1268
30 1312
39 1489
21 1189
20 1311
11 1345
44 1152
21 1397
22 1039
30 1047
45 1340
30 1390
34 1445
10 1037
25 1194
36 1047
35 1025
10 1359
21 1471
44 1089
43 1005
32 1044
17 1373
25 1435
37 1098
29 1047
18 1153
46 1104
22 1460
41 1225
31 1353
35 1185
36 1096
43 1489
19 1004
45 1488
11 1400
36 1121
24 1051
21 1238
17 1431
13 1266
18 1271
33 1351
13 1081
49 1184
38 1164
19 1461
18 1116
10 1300
42 1053
33 1339
25 1298
40 1049
41 1334
29 1004
33 1203
47 1120
12 1345
44 1208
17 1235
30 1238
35 1275
43 1395
30 1185
30 1112
37 1104
20 1451
30 1163
47 1008
46 1298
25 1071
32 1023
13 1310
16 1165
12 1128
39 1120
33 1042
45 1492
43 1157
42 1479
47 1346
19 1126
28 1014
17 1165
43 1212
18 1139
12 1208
25 1465
21 1028
28 1349
11 1281
16 1192
22 1460
19 1173
20 1194
26 1352
15 1229
13 1202
12 1201
36 1013
27 1071
30 1137
16 1181
17 1338
38 1441
11 1498
24 1163
33 1163
20 1469
10 1235
27 1168
48 1437
15 1101
33 1259
41 1451
44 1049
26 1418
24 1164
46 1394
11 1190
48 1163
22 1003
39 1330
14 1126
41 1439
37 1196
42 1069
19 1186
13 1050
19 1282
31 1153
30 1251
34 1270
42 1246
11 1017
19 1074
43 1309
44 1236
34 1008
37 1484
25 1465
34 1444
24 1307
24 1224
22 1127
35 1309
34 1476
42 1178
18 1040
37 1139
38 1264
15 1137
47 1037
35 1044
14 1084
10 1171
16 1367
42 1410
21 1385
11 1426
44 1003
45 1223
36 1321
46 1120
28 1180
45 1275
48 1020
24 1406
31 1246
19 1031
28 1134
28 1179
10 1415
20 1284
16 1124
34 1477
35 1307
45 1254
31 1107
46 1106
29 1209
24 1309
33 1022
14 1398
37 1259
39 1074
36 1477
35 1267
12 1342
32 1067
43 1463
28 1203
38 1460
44 1188
44 1040
17 1419
45 1363
14 1129
11 1268
21 1293
15 1494
21 1349
15 1478
10 1329
43 1315
27 1022
44 1040
27 1217
45 1158
21 1172
23 1109
32 1285
30 1479
26 1399
46 1421
14 1003
40 1346
24 1152
37 1174
42 1437
36 1145
42 1209
22 1418
19 1025
15 1423
42 1207
19 1378
24 1423
29 1419
34 1190
48 1174
42 1379
17 1259
25 1017
12 1176
12 1142
18 1276
44 1287
33 1090
28 1183
44 1318
45 1084
24 1363
26 1041
47 1304
10 1172
48 1056
23 1320
13 1271
21 1193
35 1291
31 1338
13 1106
42 1315
17 1280
16 1175
49 1407
19 1257
44 1161
44 1211
26 1468
45 1353
12 1213
43 1025
32 1369
34 1208
12 1493
23 1085
20 1389
36 1155
13 1423
42 1420
10 1443
44 1157
24 1178
25 1277
18 1419
21 1282
24 1255
34 1062
40 1453
24 1379
11 1323
43 1052
43 1067
25 1220
21 1252
38 1322
41 1466
30 1047
30 1024
11 1481
35 1103
22 1360
29 1185
25 1299
13 1096
28 1060
46 1499
43 1090
31 1102
29 1049
40 1467
35 1354
12 1202
23 1457
22 1459
47 1473
35 1227
38 1285
28 1089
12 1244
23 1188
43 1198
39 1376
48 1188
37 1496
27 1342
14 1433
32 1015
48 1343
46 1064
16 1306
14 1413
15 1305
16 1059
33 1013
48 1397
47 1038
36 1395
17 1272
36 1405
20 1343
26 1333
32 1257
13 1371
23 1079
43 1349
32 1498
42 1091
38 1015
40 1420
40 1226
40 1291
49 1164
31 1245
15 1244
41 1475
37 1228
16 1002
33 1094
49 1075
28 1203
13 1162
49 1373
37 1348
13 1367
19 1322
31 1434
19 1386
26 1407
22 1391
34 1372
18 1438
10 1137
11 1396
45 1434
48 1250
39 1002
10 1098
44 1049
30 1247
49 1390
40 1012
29 1348
46 1416
42 1116
28 1098
38 1034
20 1223
48 1342
42 1396
23 1110
21 1188
41 1263
48 1046
28 1367
39 1062
28 1258
37 1283
11 1342
22 1107
15 1175
44 1365
29 1020
40 1394
15 1127
10 1289
13 1495
43 1479
47 1439
11 1006
39 1473
33 1370
45 1411
29 1149
11 1321
16 1124
17 1316
18 1127
47 1054
22 1243
17 1017
22 1274
44 1236
41 1008
25 1463
33 1027
26 1245
43 1385
10 1149
26 1017
27 1459
26 1152
47 1402
33 1029
32 1389
22 1042
42 1377
16 1275
20 1313
49 1428
18 1091
30 1467
18 1384
46 1021
32 1247
37 1403
38 1155
12 1157
40 1152
40 1286
18 1028
15 1269
11 1193
39 1090
47 1251
11 1191
22 1246
26 1433
13 1115
10 1409
39 1316
43 1216
47 1393
43 1332
23 1129
17 1000
38 1342
15 1439
46 1161
38 1212
22 1023
38 1322
17 1348
33 1454
28 1200
36 1013
45 1063
30 1064
31 1372
35 1421
42 1474
40 1383
45 1120
11 1310
33 1015
24 1190
11 1335
37 1364
31 1211
39 1223
13 1119
27 1203
17 1236
15 1061
21 1474
37 1498
14 1026
38 1129
19 1294
18 1446
16 1466
12 1242
33 1058
18 1401
35 1311
20 1495
33 1262
16 1467
20 1346
19 1056
47 1074
30 1236
40 1205
39 1135
32 1398
36 1106
49 1273
15 1016
22 1489
46 1237
26 1194
47 1163
10 1086
36 1268
27 1143
40 1059
22 1363
30 1489
11 1449
31 1315
39 1029
11 1165
21 1426
22 1424
15 1172
32 1453
45 1221
26 1042
44 1371
10 1255
45 1069
20 1083
21 1223
14 1380
19 1032
19 1313
33 1291
39 1086
30 1084
38 1057
12 1316
11 1272
23 1319
38 1113
37 1300
43 1175
38 1216
26 1045
23 1043
37 1157
39 1482
41 1222
19 1408
20 1327
43 1367
27 1025
12 1004
44 1369
10 1056
14 1421
27 1480
19 1415
23 1244
28 1266
38 1161
43 1263
30 1411
11 1425
41 1383
16 1475
44 1447
12 1487
47 1130
27 1397
34 1493
46 1071
16 1466
36 1414
32 1043
14 1304
36 1019
44 1140
18 1339
10 1065
41 1031
18 1084
47 1408
34 1487
23 1273
38 1487
28 1011
25 1262
40 1418
13 1125
44 1016
13 1442
40 1289
17 1267
10 1268
16 1476
22 1327
17 1098
12 1482
29 1275
34 1114
37 1290
17 1056
22 1155
38 1328
33 1183
14 1037
40 1228
18 1444
15 1224
39 1055
44 1392
38 1045
17 1380
43 1082
41 1362
18 1443
19 1003
15 1369
27 1258
46 1127
42 1312
10 1019
39 1387
36 1342
46 1020
10 1334
34 1070
38 1493
29 1366
22 1187
34 1400
18 1034
23 1206
44 1422
11 1150
26 1471
46 1215
24 1302
36 1291
37 1415
32 1149
18 1069
22 1308
40 1247
43 1485
31 1161
42 1348
19 1354
43 1174
48 1130
33 1017
11 1203
40 1172
25 1436
23 1202
43 1064
26 1246
19 1280
15 1061
19 1318
32 1272
47 1099
32 1309
18 1025
29 1119
25 1086
32 1049
32 1151
31 1307
38 1443
42 1185
17 1057
45 1162
31 1499
29 1319
23 1022
13 1070
39 1091
29 1159
39 1325
24 1441
19 1218
45 1252
39 1192
30 1016
25 1344
24 1325
29 1259
18 1053
27 1028
23 1110
19 1002
49 1016
10 1362
38 1430
16 1450
12 1434
18 1027
27 1145
14 1355
17 1129
38 1118
44 1056
41 1110
30 1289
14 1413
33 1145
48 1237
31 1083
26 1069
40 1111
17 1068
31 1081
36 1066
19 1392
49 1290
40 1007
32 1037
38 1303
33 1142
45 1469
33 1115
45 1191
23 1444
32 1391
21 1286
39 1483
30 1493
16 1160
24 1382
32 1489
10 1216
23 1078
21 1371
12 1487
46 1390
29 1252
22 1384
30 1316
10 1423
23 1060
13 1478
37 1035
45 1143
33 1136
22 1345
37 1130
21 1147
26 1344
34 1188
40 1473
34 1401
16 1106
12 1148
20 1432
22 1202
30 1324
16 1479
26 1324
28 1337
10 1038
43 1068
39 1363
24 1299
35 1072
15 1370
22 1064
45 1211
45 1242
49 1344
48 1209
26 1410
42 1316
23 1490
46 1156
31 1471
18 1470
44 1122
19 1418
36 1421
40 1341
14 1016
11 1449
41 1477
11 1037
22 1023
47 1350
45 1096
40 1191
29 1215
36 1279
48 1047
26 1091
43 1128
15 1465
32 1046
14 1249
21 1030
30 1007
42 1413
45 1085
30 1495
39 1276
31 1486
23 1315
14 1465
13 1347
39 1197
26 1289
26 1331
14 1272
36 1182
46 1240
33 1257
35 1486
27 1227
23 1213
34 1137
22 1051
30 1180
17 1373
18 1041
28 1364
12 1145
40 1241
35 1104
35 1457
18 1376
42 1255
47 1351
28 1479
15 1086
43 1330
10 1080
20 1047
48 1488
29 1209
29 1355
12 1499
37 1438
28 1022
20 1386
34 1430
24 1453
14 1251
34 1133
33 1389
38 1175
29 1013
27 1420
23 1478
37 1477
47 1124
30 1474
12 1354
23 1033
21 1024
36 1429
36 1412
15 1253
46 1083
19 1231
14 1125
33 1419
47 1204
37 1380
46 1175
35 1118
44 1030
45 1105
14 1007
25 1065
15 1082
19 1498
39 1050
11 1397
47 1276
24 1415
13 1368
48 1356
42 1495
40 1346
11 1168
39 1011
29 1088
36 1017
22 1006
23 1411
18 1039
30 1159
44 1403
16 1330
25 1444
49 1045
39 1399
16 1020
19 1441
13 1350
21 1173
15 1135
12 1248
25 1359
37 1099
21 1249
45 1340
47 1317
49 1089
34 1176
43 1074
24 1424
45 1020
13 1253
34 1201
36 1010
16 1442
28 1281
43 1319
46 1120
45 1150
12 1175
36 1065
29 1032
29 1336
40 1385
15 1377
40 1287
40 1115
41 1228
30 1485
12 1249
18 1006
41 1114
14 1266
20 1302
23 1010
36 1001
41 1070
48 1176
45 1348
35 1165
11 1133
20 1139
30 1485
10 1458
19 1297
43 1119
35 1025
34 1318
15 1425
40 1282
28 1248
49 1340
47 1458
27 1209
32 1384
28 1312
36 1135
47 1435
39 1240
44 1079
37 1427
42 1331
28 1103
13 1458
40 1010
29 1402
45 1236
35 1427
23 1008
26 1310
39 1180
16 1350
44 1345
14 1419
25 1146
33 1165
49 1349
16 1070
38 1438
15 1184
14 1164
26 1460
35 1466
17 1238
30 1073
13 1365
33 1072
24 1438
13 1085
29 1023
46 1043
22 1108
36 1162
13 1360
41 1434
11 1357
25 1425
17 1464
12 1449
40 1223
13 1462
37 1076
39 1093
28 1013
18 1346
41 1252
19 1358
35 1439
39 1048
26 1281
12 1169
34 1149
25 1104
44 1277
21 1029
39 1383
30 1317
26 1134
17 1480
12 1454
10 1000
40 1162
20 1434
13 1105
39 1077
39 1494
28 1148
11 1273
18 1120
23 1214
15 1486
15 1421
14 1458
18 1271
17 1181
37 1058
14 1159
19 1412
32 1410
32 1094
43 1157
44 1069
18 1248
19 1130
37 1009
24 1437
35 1292
37 1322
47 1081
41 1015
11 1307
31 1300
42 1001
32 1219
37 1002
30 1003
46 1470
21 1076
21 1008
32 1365
43 1423
24 1162
18 1308
12 1248
47 1068
20 1209
46 1089
36 1289
16 1006
43 1180
25 1372
12 1290
47 1066
29 1020
25 1167
24 1272
20 1065
30 1006
24 1444
24 1324
31 1246
30 1180
14 1317
32 1168
18 1082
19 1374
31 1285
33 1049
17 1491
39 1274
38 1229
15 1043
10 1303
40 1421
11 1269
17 1329
40 1110
24 1191
30 1168
42 1430
23 1159
10 1240
30 1275
26 1459
40 1442
48 1373
31 1390
27 1409
22 1192
49 1428
16 1188
12 1033
35 1071
46 1204
13 1169
12 1043
32 1082
30 1248
39 1430
21 1343
25 1482
12 1114
15 1208
39 1346
17 1189
23 1176
14 1326
29 1394
47 1477
45 1003
46 1387
39 1048
14 1225
16 1142
34 1153
31 1447
32 1116
20 1081
33 1111
39 1375
14 1114
13 1381
16 1485
15 1300
18 1161
16 1252
13 1154
10 1306
45 1120
34 1183
48 1493
35 1067
34 1360
11 1251
19 1276
20 1428
28 1403
48 1136
12 1433
12 1371
13 1162
25 1103
13 1335
22 1100
49 1026
11 1085
23 1454
35 1010
35 1344
37 1151
28 1362
28 1247
45 1177
21 1026
15 1400
27 1258
21 1355
20 1240
13 1443
19 1269
30 1186
36 1435
38 1284
11 1409
12 1404
19 1123
42 1470
35 1184
22 1073
35 1146
42 1260
38 1322
13 1374
11 1095
29 1230
28 1018
20 1243
46 1467
40 1024
49 1126
27 1096
48 1463
43 1017
28 1419
37 1388
31 1451
44 1098
47 1150
27 1469
13 1364
40 1218
28 1096
43 1161
31 1139
16 1088
13 1433
35 1005
37 1252
20 1385
33 1084
46 1116
29 1428
33 1231
14 1026
11 1429
33 1122
28 1380
20 1301
38 1268
39 1338
46 1059
44 1498
28 1092
14 1072
42 1035
16 1105
32 1218
47 1463
46 1334
49 1054
11 1368
42 1285
21 1084
43 1000
28 1075
39 1113
44 1230
26 1184
38 1308
36 1189
10 1448
34 1400
15 1083
12 1233
27 1222
30 1287
38 1134
18 1486
17 1013
30 1302
38 1323
11 1299
16 1052
17 1262
41 1234
21 1259
10 1340
43 1141
11 1379
36 1208
49 1302
11 1333
46 1339
42 1027
37 1250
23 1416
21 1414
41 1494
40 1495
20 1011
41 1450
41 1356
43 1125
14 1286
35 1288
36 1325
48 1247
26 1456
45 1104
35 1498
19 1323
12 1269
36 1025
32 1118
36 1458
48 1496
27 1426
30 1236
37 1226
14 1119
44 1348
18 1235
30 1158
28 1110
27 1095
29 1368
38 1357
31 1175
17 1062
23 1353
10 1129
13 1132
18 1433
29 1400
42 1491
15 1392
15 1037
16 1342
32 1275
19 1499
42 1099
46 1362
10 1198
18 1479
10 1425
46 1098
11 1466
46 1273
12 1283
10 1463
44 1424
28 1227
34 1327
13 1232
46 1265
43 1246
25 1085
35 1105
42 1032
43 1104
43 1251
18 1139
29 1285
16 1238
10 1238
29 1459
49 1085
29 1203
17 1289
31 1254
38 1090
24 1055
39 1274
23 1184
27 1060
25 1364
17 1282
45 1430
28 1062
23 1323
43 1175
39 1445
33 1223
26 1066
22 1390
49 1392
26 1287
33 1297
13 1394
36 1226
28 1208
11 1069
33 1461
11 1196
38 1320
37 1307
43 1118
32 1399
45 1377
19 1489
43 1079
49 1164
12 1010
37 1040
25 1474
46 1281
43 1459
37 1411
31 1190
20 1494
45 1287
32 1071
40 1193
16 1004
48 1361
19 1152
43 1292
10 1425
44 1314
19 1362
45 1422
47 1150
30 1337
44 1229
41 1329
33 1191
12 1219
37 1473
20 1391
13 1482
15 1078
27 1188
11 1022
29 1460
30 1239
43 1459
22 1128
40 1288
30 1155
41 1399
21 1069
44 1392
32 1148
30 1165
18 1114
20 1161
34 1067
35 1451
49 1208
21 1142
32 1021
34 1221
24 1220
24 1265
47 1015
27 1361
39 1024
35 1096
40 1072
31 1276
19 1217
22 1226
41 1337
47 1483
20 1009
37 1236
41 1029
20 1485
12 1477
25 1297
27 1131
16 1397
12 1345
12 1476
26 1089
26 1312
25 1357
44 1466
39 1356
32 1178
48 1283
17 1177
27 1051
45 1011
39 1465
35 1204
35 1222
12 1023
15 1132
24 1196
20 1210
32 1302
35 1134
36 1441
39 1115
20 1289
26 1392
36 1473
28 1221
10 1116
47 1183
40 1089
32 1379
10 1427
29 1334
25 1463
48 1057
45 1301
30 1162
28 1384
39 1343
32 1462
39 1425
16 1334
39 1259
40 1366
25 1166
38 1225
12 1495
26 1083
10 1222
10 1129
39 1015
30 1385
43 1326
47 1147
39 1008
18 1403
46 1465
28 1401
49 1452
45 1367
22 1336
44 1203
48 1027
35 1461
23 1374
35 1290
13 1224
41 1380
27 1020
33 1144
34 1251
24 1049
13 1384
10 1049
16 1204
30 1019
28 1393
32 1000
14 1280
30 1212
49 1155
38 1225
37 1374
39 1432
23 1489
38 1328
38 1273
12 1023
14 1277
42 1112
46 1055
23 1048
20 1292
41 1313
21 1272
41 1073
18 1037
33 1111
49 1237
42 1373
29 1108
37 1077
24 1155
41 1235
36 1281
15 1489
20 1278
27 1201
27 1400
45 1471
38 1148
43 1171
29 1449
17 1306
15 1181
26 1438
11 1409
44 1457
16 1095
28 1333
39 1026
24 1308
18 1049
43 1243
26 1451
44 1298
10 1335
37 1226
23 1405
29 1198
26 1200
43 1092
25 1032
42 1351
17 1230
46 1128
11 1256
40 1000
11 1313
26 1358
45 1415
13 1048
15 1455
41 1230
20 1075
30 1403
47 1133
32 1311
49 1105
16 1186
29 1255
17 1252
22 1054
28 1455
26 1300
48 1428
47 1329
19 1323
16 1203
34 1484
26 1057
40 1431
44 1004
12 1321
28 1032
35 1325
23 1128
39 1427
24 1194
49 1199
42 1190
32 1359
35 1477
14 1212
14 1231
12 1331
24 1106
30 1185
45 1457
40 1131
28 1117
34 1230
17 1498
15 1220
13 1413
44 1258
19 1163
45 1458
15 1224
11 1035
31 1032
11 1441
45 1470
41 1030
47 1074
37 1175
23 1134
16 1494
49 1204
10 1021
47 1050
32 1012
42 1381
39 1282
26 1129
49 1355
16 1346
42 1098
24 1120
35 1480
40 1074
18 1071
48 1115
22 1029
29 1392
20 1021
22 1441
44 1103
35 1246
19 1055
46 1497
34 1335
28 1245
41 1139
10 1021
22 1038
23 1005
36 1221
40 1191
41 1461
38 1249
46 1124
32 1395
18 1463
27 1166
17 1411
37 1145
20 1062
11 1369
32 1401
37 1453
47 1131
42 1057
36 1275
33 1277
21 1116
41 1181
35 1387
37 1268
11 1326
31 1169
18 1258
34 1299
17 1191
27 1455
32 1391
16 1145
27 1379
30 1114
31 1449
21 1280
29 1063
19 1097
24 1371
16 1103
26 1069
14 1064
14 1464
14 1433
26 1017
38 1327
36 1242
31 1451
48 1168
44 1423
44 1319
24 1456
10 1000
13 1256
43 1322
40 1464
11 1432
31 1271
17 1339
42 1050
49 1234
16 1239
47 1310
14 1064
11 1039
13 1253
20 1351
35 1334
17 1193
23 1213
28 1005
11 1150
43 1202
12 1372
35 1379
39 1182
19 1241
14 1269
26 1291
36 1152
29 1151
39 1166
48 1290
20 1426
31 1486
45 1149
34 1026
26 1466
46 1185
36 1186
26 1433
48 1215
44 1255
47 1259
23 1016
35 1010
32 1274
48 1458
21 1045
19 1430
42 1142
30 1065
22 1332
37 1355
18 1041
44 1194
28 1442
30 1295
45 1223
34 1213
31 1365
35 1454
34 1129
22 1351
44 1244
46 1266
15 1099
27 1010
14 1308
33 1386
23 1027
20 1172
36 1294
10 1383
17 1359
18 1178
11 1260
43 1142
31 1407
24 1140
29 1102
18 1174
31 1447
46 1366
19 1021
49 1199
28 1495
32 1433
40 1343
20 1141
25 1013
35 1042
40 1317
42 1003
13 1254
33 1069
17 1282
19 1463
28 1477
18 1225
48 1142
33 1166
39 1218
20 1284
39 1468
32 1097
38 1440
35 1268
28 1354
40 1095
25 1441
20 1210
32 1474
16 1323
28 1001
43 1241
35 1164
23 1137
21 1326
41 1473
39 1190
17 1184
26 1348
45 1421
42 1243
27 1188
48 1405
10 1217
30 1182
10 1089
18 1396
39 1243
34 1079
36 1169
10 1348
22 1454
19 1133
28 1186
18 1333
32 1388
15 1384
47 1050
17 1155
47 1037
41 1330
25 1054
41 1374
41 1114
47 1219
20 1260
19 1277
32 1343
20 1329
14 1276
45 1114
33 1138
47 1319
27 1081
25 1231
16 1161
15 1029
46 1112
17 1078
28 1203
48 1267
13 1173
33 1024
24 1475
22 1008
38 1113
41 1100
27 1392
21 1298
44 1493
32 1247
48 1324
31 1033
34 1246
46 1361
11 1411
41 1268
20 1151
23 1107
32 1495
33 1008
32 1105
38 1087
13 1057
11 1175
21 1491
22 1334
27 1244
45 1253
38 1045
25 1289
47 1057
38 1278
24 1188
46 1247
29 1170
39 1160
12 1226
12 1446
34 1264
43 1195
36 1369
27 1359
17 1167
47 1066
44 1444
21 1480
10 1400
30 1075
41 1285
22 1322
35 1488
27 1295
41 1076
36 1063
18 1257
43 1455
45 1086
15 1474
42 1044
24 1196
25 1425
43 1486
19 1192
46 1204
10 1197
17 1466
20 1022
37 1394
26 1361
28 1238
30 1077
22 1027
41 1439
17 1312
38 1287
47 1288
17 1344
27 1444
16 1080
34 1016
35 1006
17 1015
10 1209
38 1111
17 1482
29 1063
13 1384
47 1029
49 1317
42 1136
37 1110
33 1007
17 1039
34 1065
36 1100
41 1053
31 1444
34 1454
36 1409
11 1231
34 1405
31 1160
41 1076
14 1068
47 1499
26 1146
12 1456
19 1162
23 1084
44 1450
12 1310
19 1103
48 1141
12 1282
19 1249
35 1242
34 1250
48 1238
27 1268
41 1145
21 1188
35 1082
40 1018
33 1057
34 1461
43 1275
28 1428
46 1257
17 1254
30 1333
44 1285
27 1157
33 1334
46 1412
16 1346
48 1327
29 1122
18 1202
23 1132
19 1451
47 1275
43 1403
32 1129
35 1355
16 1491
40 1152
48 1360
27 1144
15 1494
47 1129
42 1314
37 1201
21 1189
27 1279
14 1074
18 1007
12 1428
45 1243
32 1103
23 1136
28 1247
44 1293
31 1096
38 1127
22 1359
47 1001
41 1291
10 1353
12 1037
40 1091
41 1307
41 1378
34 1140
21 1413
48 1356
20 1103
39 1387
40 1398
46 1435
31 1082
25 1315
46 1020
32 1101
34 1112
43 1275
23 1468
48 1083
34 1182
31 1058
24 1480
41 1029
31 1330
24 1228
37 1417
36 1357
36 1221
21 1093
32 1244
38 1387
21 1456
38 1065
35 1066
18 1460
46 1102
46 1325
44 1381
45 1368
29 1114
49 1040
38 1404
29 1399
15 1280
30 1372
28 1046
46 1495
36 1475
29 1174
30 1372
43 1172
40 1340
36 1076
28 1333
35 1462
22 1422
38 1152
30 1243
13 1234
13 1375
43 1478
34 1299
28 1346
28 1257
11 1169
44 1293
33 1286
38 1140
39 1178
43 1430
11 1381
30 1258
48 1038
23 1206
18 1186
20 1001
33 1394
12 1270
29 1471
11 1196
14 1150
16 1188
43 1230
14 1204
44 1146
45 1116
46 1084
29 1497
26 1469
18 1450
11 1483
23 1351
14 1481
13 1357
32 1210
16 1014
29 1317
25 1414
36 1112
27 1103
24 1366
49 1458
10 1358
32 1306
42 1088
46 1159
49 1077
19 1368
27 1455
48 1091
20 1066
48 1367
30 1487
18 1463
17 1185
44 1045
34 1014
45 1296
30 1451
17 1068
10 1084
14 1294
36 1290
23 1496
40 1470
41 1033
31 1200
33 1396
16 1126
10 1287
42 1010
20 1008
30 1269
30 1123
41 1391
15 1493
12 1421
17 1038
44 1451
17 1132
28 1078
47 1030
25 1285
13 1398
18 1013
31 1483
40 1300
36 1171
42 1409
27 1061
31 1253
24 1371
20 1378
26 1342
26 1251
39 1028
49 1487
42 1098
21 1215
34 1083
11 1287
10 1439
10 1211
23 1094
47 1010
47 1206
13 1489
45 1492
15 1113
38 1299
33 1380
35 1218
28 1176
17 1188
39 1200
27 1039
22 1235
30 1422
33 1037
34 1217
37 1487
28 1105
41 1248
19 1174
26 1313
17 1129
48 1351
24 1342
48 1243
37 1423
13 1005
40 1003
11 1101
17 1390
32 1441
47 1111
26 1271
31 1463
49 1229
37 1202
39 1348
36 1059
39 1207
28 1199
31 1326
25 1393
42 1169
48 1421
47 1105
10 1026
19 1497
28 1355
49 1340
46 1035
15 1332
30 1211
32 1463
45 1087
40 1438
13 1109
19 1489
44 1292
40 1216
10 1099
11 1117
32 1436
26 1404
38 1354
28 1284
40 1470
45 1272
13 1254
20 1036
10 1187
39 1341
46 1223
47 1261
23 1069
11 1490
19 1326
39 1187
34 1496
26 1320
46 1381
35 1432
19 1238
13 1187
18 1109
33 1205
25 1230
20 1194
48 1400
12 1080
31 1288
44 1436
43 1238
17 1471
36 1159
41 1054
21 1291
40 1034
15 1270
15 1223
11 1369
30 1002
44 1437
44 1263
32 1230
23 1016
10 1142
29 1361
21 1209
23 1361
32 1000
27 1378
19 1135
13 1307
32 1031
35 1430
35 1130
12 1496
20 1040
20 1431
23 1348
15 1457
47 1400
23 1332
25 1312
34 1258
32 1412
19 1226
22 1118
23 1039
36 1093
14 1383
42 1360
39 1051
11 1021
37 1201
47 1119
46 1225
38 1277
24 1124
17 1215
23 1247
13 1220
16 1456
26 1028
28 1493
33 1394
21 1339
28 1073
13 1443
28 1264
44 1049
11 1112
27 1096
45 1073
46 1117
19 1067
20 1101
21 1184
40 1075
17 1236
23 1246
10 1223
34 1293
40 1188
30 1194
26 1070
14 1164
38 1075
19 1017
10 1077
44 1015
41 1289
48 1098
27 1340
28 1125
21 1056
47 1220
14 1081
44 1342
31 1159
47 1379
17 1234
32 1388
31 1485
45 1144
47 1139
47 1337
40 1332
43 1042
12 1498
18 1325
46 1037
13 1054
32 1484
20 1397
26 1042
24 1034
35 1166
31 1459
13 1192
15 1428
38 1337
13 1490
36 1206
20 1337
49 1342
24 1239
13 1058
24 1118
15 1432
13 1092
13 1087
23 1320
34 1218
39 1132
11 1255
31 1390
37 1028
12 1315
43 1374
39 1103
15 1349
10 1365
22 1076
41 1048
28 1492
32 1323
23 1425
25 1095
33 1439
34 1043
17 1280
26 1259
47 1493
46 1033
32 1157
43 1117
31 1399
24 1266
16 1184
45 1126
28 1395
19 1143
38 1471
11 1044
46 1039
14 1417
22 1449
33 1108
11 1368
26 1024
33 1007
18 1246
27 1247
39 1395
27 1352
26 1175
26 1412
12 1215
22 1422
16 1150
31 1429
15 1406
42 1347
47 1418
19 1042
30 1228
31 1097
37 1281
10 1133
35 1099
24 1431
47 1032
23 1040
14 1497
36 1361
12 1352
33 1022
19 1263
18 1147
26 1408
21 1242
23 1160
42 1285
41 1113
41 1477
12 1495
33 1283
34 1423
11 1247
13 1188
11 1193
26 1418
48 1447
21 1042
30 1258
34 1150
17 1474
21 1066
24 1184
13 1246
40 1466
36 1253
35 1352
33 1472
22 1256
40 1007
27 1312
11 1388
12 1281
23 1416
26 1029
17 1489
32 1270
32 1267
22 1349
38 1433
31 1255
13 1341
45 1033
16 1206
43 1278
13 1364
12 1390
24 1144
45 1135
36 1313
34 1175
11 1392
41 1113
27 1467
22 1389
13 1266
28 1180
18 1018
31 1391
15 1166
12 1416
33 1102
40 1032
47 1082
15 1234
26 1114
19 1180
45 1440
18 1446
28 1366
35 1331
28 1304
34 1119
34 1215
25 1119
32 1213
19 1023
46 1429
29 1242
32 1373
11 1034
45 1028
37 1265
19 1335
41 1127
40 1343
20 1080
34 1444
45 1276
29 1413
43 1424
29 1012
43 1149
49 1238
49 1175
15 1194
36 1228
45 1012
29 1259
44 1192
32 1309
21 1244
40 1235
20 1216
42 1121
11 1256
22 1185
25 1263
13 1457
27 1254
38 1364
47 1092
11 1140
22 1134
35 1094
27 1334
48 1275
41 1031
32 1186
19 1057
22 1281
13 1080
46 1040
12 1286
23 1055
47 1261
40 1262
39 1038
27 1145
21 1442
18 1275
21 1326
32 1335
36 1224
14 1420
33 1469
15 1477
18 1261
11 1132
36 1170
12 1261
24 1421
15 1446
40 1030
10 1030
27 1444
23 1106
18 1344
28 1393
22 1023
20 1004
42 1199
25 1052
15 1012
25 1072
38 1385
16 1352
34 1437
17 1010
17 1267
15 1107
19 1014
34 1321
16 1165
11 1364
39 1274
20 1053
11 1032
12 1182
13 1097
33 1331
41 1260
21 1381
44 1035
26 1033
28 1235
14 1291
20 1253
41 1126
14 1400
21 1240
40 1276
20 1447
36 1481
26 1304
39 1459
43 1484
18 1473
27 1089
43 1178
13 1243
32 1284
33 1154
29 1476
40 1162
25 1020
47 1476
14 1484
15 1240
24 1132
48 1070
41 1098
17 1313
20 1221
37 1214
28 1151
29 1287
34 1206
40 1333
15 1376
29 1375
34 1274
16 1375
45 1484
33 1454
12 1024
16 1388
19 1131
27 1029
48 1427
15 1264
23 1334
27 1385
35 1032
19 1303
18 1438
22 1041
17 1409
17 1214
27 1152
16 1489
15 1408
12 1368
35 1459
30 1473
27 1320
35 1245
31 1145
11 1285
43 1274
40 1412
27 1345
30 1135
20 1283
24 1013
29 1455
38 1348
35 1447
14 1344
47 1185
18 1136
35 1480
34 1429
10 1333
31 1181
48 1081
12 1018
40 1489
39 1377
37 1055
48 1145
20 1152
17 1077
33 1041
23 1342
43 1469
40 1400
16 1284
46 1081
43 1316
46 1484
26 1357
41 1198
14 1091
28 1388
33 1386
12 1100
13 1026
15 1396
28 1161
40 1179
39 1439
23 1263
42 1321
40 1036
42 1090
27 1374
21 1083
42 1371
32 1024
19 1415
19 1355
42 1192
25 1329
38 1334
16 1336
41 1450
11 1486
27 1198
46 1470
23 1425
33 1494
28 1149
33 1020
12 1424
21 1002
26 1487
41 1427
31 1122
41 1123
48 1086
17 1271
17 1079
12 1207
44 1119
49 1370
32 1152
27 1317
11 1143
20 1495
42 1013
25 1266
27 1208
26 1226
43 1181
24 1194
31 1146
17 1341
10 1473
12 1440
31 1287
27 1361
28 1288
13 1243
44 1152
21 1470
25 1277
43 1198
43 1163
41 1222
34 1283
29 1134
37 1057
47 1214
43 1056
16 1078
13 1190
14 1481
39 1287
33 1396
30 1096
12 1010
42 1321
45 1475
11 1071
25 1259
35 1427
25 1231
48 1247
37 1160
10 1464
35 1153
10 1029
19 1372
39 1217
45 1498
40 1440
46 1378
16 1375
25 1382
32 1259
18 1437
18 1252
26 1228
28 1205
26 1079
27 1249
49 1234
37 1245
47 1075
29 1122
45 1212
33 1489
27 1452
29 1355
21 1164
11 1447
29 1306
33 1497
38 1212
25 1158
36 1273
27 1062
18 1245
28 1499
22 1403
35 1444
16 1070
16 1222
43 1232
24 1284
37 1020
21 1331
41 1487
16 1102
35 1035
15 1242
28 1355
21 1115
37 1397
20 1279
14 1223
41 1198
40 1333
25 1200
21 1450
15 1462
41 1233
28 1305
41 1168
13 1063
40 1218
48 1217
29 1284
15 1325
25 1063
44 1093
17 1087
12 1079
34 1339
22 1428
40 1430
12 1058
11 1082
28 1080
40 1084
15 1203
10 1156
19 1268
38 1362
47 1352
25 1287
29 1133
21 1132
18 1486
41 1151
43 1492
22 1323
48 1449
22 1060
40 1104
32 1416
39 1423
23 1194
26 1353
15 1423
36 1462
29 1065
30 1426
31 1271
31 1334
34 1488
22 1383
32 1372
14 1377
22 1007
41 1486
38 1191
49 1200
12 1055
37 1497
33 1223
32 1226
25 1249
41 1051
47 1028
39 1337
39 1093
33 1041
16 1419
16 1057
41 1229
18 1134
30 1073
32 1244
42 1138
40 1348
15 1253
22 1449
39 1204
20 1421
39 1229
15 1461
10 1220
19 1373
23 1325
36 1010
19 1189
28 1433
29 1403
33 1104
23 1095
22 1389
43 1385
44 1420
11 1389
23 1006
11 1476
22 1292
44 1261
38 1414
44 1054
10 1290
42 1131
30 1090
37 1343
38 1111
45 1129
42 1315
15 1139
26 1485
16 1217
29 1220
32 1035
22 1066
18 1422
47 1364
44 1247
32 1189
17 1126
30 1498
17 1428
22 1417
34 1024
21 1034
31 1153
10 1345
28 1250
40 1231
49 1464
44 1398
40 1132
11 1275
27 1205
13 1365
27 1155
14 1048
21 1424
32 1466
25 1155
39 1364
47 1222
42 1333
35 1361
18 1307
21 1182
13 1411
23 1119
38 1107
47 1258
36 1193
14 1263
48 1450
20 1260
23 1181
17 1474
13 1060
39 1270
41 1179
11 1138
11 1111
49 1488
28 1490
41 1123
17 1005
11 1079
19 1499
36 1259
28 1251
37 1461
23 1309
40 1361
18 1468
26 1386
38 1056
28 1261
26 1074
18 1206
30 1118
31 1283
32 1473
22 1219
21 1189
39 1181
10 1230
46 1129
12 1451
40 1038
10 1294
21 1002
20 1094
18 1084
26 1078
10 1411
28 1416
18 1170
19 1272
37 1302
42 1079
41 1353
34 1056
26 1032
40 1248
39 1012
38 1408
21 1394
29 1130
49 1132
25 1350
26 1217
12 1498
41 1037
10 1259
18 1139
22 1142
17 1378
32 1242
44 1323
48 1238
32 1493
28 1110
44 1048
23 1279
11 1212
37 1031
41 1048
46 1116
43 1487
39 1316
18 1021
19 1444
33 1113
23 1202
25 1439
38 1453
22 1127
17 1209
27 1018
21 1136
15 1246
34 1145
23 1294
32 1061
43 1457
18 1377
48 1413
41 1190
10 1049
32 1114
24 1023
22 1124
29 1418
41 1208
23 1199
32 1105
40 1267
30 1088
36 1261
37 1261
39 1051
15 1050
20 1330
17 1342
47 1463
42 1374
47 1152
41 1003
47 1252
14 1142
30 1177
49 1200
29 1377
43 1475
46 1109
18 1484
27 1444
19 1368
35 1396
43 1065
14 1330
12 1075
36 1165
27 1052
12 1073
17 1143
13 1000
45 1118
34 1378
35 1471
20 1437
23 1264
34 1196
16 1451
26 1389
28 1263
43 1493
43 1003
17 1180
15 1366
14 1433
34 1208
32 1266
14 1076
26 1327
34 1205
11 1231
20 1197
40 1228
11 1228
26 1271
34 1244
18 1202
46 1120
47 1056
49 1076
46 1316
22 1436
37 1163
47 1118
42 1128
33 1007
45 1152
11 1252
27 1197
17 1351
31 1220
30 1384
32 1223
25 1261
44 1260
22 1011
22 1035
14 1240
25 1313
17 1027
18 1458
11 1492
24 1143
18 1309
43 1048
11 1350
17 1066
27 1369
11 1098
46 1443
14 1344
29 1394
39 1077
24 1037
19 1036
41 1075
21 1420
15 1397
17 1052
10 1043