3500 1000
22 1163
44 1362
40 1046
10 1310
30 1071
40 1006
20 1433
42 1233
42 1052
39 1390
47 1396
11 1386
31 1491
19 1182
36 1401
11 1486
43 1079
19 1029
26 1262
42 1400
11 1324
45 1452
48 1320
29 1441
36 1182
29 1139
48 1345
16 1006
21 1414
44 1271
12 1333
25 1390
16 1218
16 1240
15 1168
16 1427
26 1418
49 1092
20 1281
22 1164
44 1117
36 1112
20 1364
29 1002
32 1440
41 1358
21 1086
37 1050
37 1088
17 1133
11 1326
34 1000
42 1208
39 1265
21 1404
36 1473
31 1069
44 1151
14 1494
48 1083
37 1320
34 1472
34 1436
33 1473
46 1391
18 1450
35 1061
14 1447
44 1129
13 1454
37 1278
40 1076
14 1219
15 1158
47 1427
32 1188
39 1097
34 1443
20 1463
41 1052
41 1312
14 1088
23 1277
27 1160
14 1493
34 1229
48 1149
48 1196
40 1205
35 1487
16 1236
27 1038
15 1104
37 1377
37 1475
36 1439
12 1038
18 1224
11 1284
17 1201
41 1227
41 1342
24 1307
39 1350
38 1047
17 1092
16 1337
27 1125
43 1326
39 1411
48 1431
27 1393
17 1343
37 1435
24 1036
21 1137
45 1470
11 1282
38 1166
40 1051
37 1188
43 1180
46 1078
10 1123
47 1411
21 1075
42 1364
33 1363
41 1254
42 1358
13 1219
44 1146
49 1345
13 1234
15 1058
18 1089
30 1467
13 1342
43 1259
12 1297
49 1216
39 1234
17 1232
32 1226
14 1184
41 1193
31 1343
23 1483
26 1194
31 1148
22 1368
46 1428
45 1464
14 1259
43 1139
16 1039
42 1315
29 1097
24 1374
36 1344
26 1126
16 1476
29 1053
15 1020
10 1057
17 1205
49 1410
44 1183
27 1380
17 1083
22 1417
47 1480
44 1477
42 1202
40 1125
34 1320
17 1230
22 1373
14 1054
26 1470
28 1090
48 1115
16 1232
49 1334
20 1390
12 1342
39 1136
28 1137
49 1266
43 1052
28 1239
14 1482
43 1236
16 1185
11 1195
39 1124
20 1307
23 1031
43 1263
31 1241
24 1273
30 1438
41 1133
42 1450
31 1424
37 1091
47 1073
27 1095
32 1265
12 1131
20 1092
32 1389
12 1183
30 1396
33 1331
17 1004
22 1175
24 1284
33 1139
26 1182
28 1140
21 1298
48 1355
46 1370
28 1262
43 1442
28 1047
23 1288
10 1447
20 1038
17 1153
41 1117
17 1003
29 1343
15 1060
23 1228
39 1034
34 1060
28 1089
30 1189
20 1080
35 1331
15 1012
46 1244
31 1237
47 1274
33 1207
22 1047
30 1499
45 1433
38 1240
11 1285
26 1333
34 1297
17 1058
42 1047
49 1360
17 1244
31 1398
20 1158
19 1063
11 1162
32 1308
33 1194
49 1404
49 1162
10 1255
45 1456
44 1346
28 1334
12 1110
37 1067
40 1173
12 1150
15 1168
17 1205
22 1416
16 1496
16 1039
44 1053
46 1461
37 1384
14 1122
12 1392
27 1010
12 1286
33 1470
36 1348
17 1293
18 1141
39 1144
31 1282
35 1255
32 1123
31 1393
16 1194
19 1129
42 1313
15 1309
15 1219
42 1497
19 1362
27 1090
29 1224
32 1445
35 1155
28 1304
12 1468
22 1251
28 1293
34 1384
15 1067
24 1010
10 1154
44 1392
36 1069
42 1042
41 1164
12 1004
37 1075
42 1223
21 1089
25 1040
43 1411
40 1453
41 1139
41 1426
22 1425
21 1337
30 1496
36 1086
18 1068
45 1132
25 1421
15 1465
20 1077
14 1375
16 1141
36 1355
34 1379
45 1312
31 1440
46 1295
33 1156
12 1070
27 1215
33 1352
29 1073
38 1402
27 1259
44 1210
39 1069
29 1212
39 1075
40 1049
46 1437
47 1030
26 1003
11 1150
17 1305
32 1066
13 1476
31 1484
44 1324
27 1196
13 1223
38 1330
23 1485
37 1479
30 1045
24 1048
49 1143
38 1217
36 1167
10 1479
37 1013
31 1341
14 1316
40 1402
13 1235
26 1082
34 1105
20 1005
12 1163
12 1046
25 1260
44 1245
24 1441
47 1336
39 1154
16 1498
26 1301
33 1298
42 1146
36 1073
43 1118
22 1038
44 1326
35 1161
47 1116
37 1317
18 1218
15 1053
28 1129
48 1335
22 1284
35 1285
13 1244
21 1087
45 1233
36 1082
44 1371
23 1026
44 1268
23 1188
44 1284
34 1352
19 1269
42 1270
31 1265
40 1359
28 1291
12 1043
21 1094
12 1428
43 1033
42 1025
19 1085
41 1404
12 1116
19 1056
28 1054
24 1026
32 1017
46 1118
29 1082
18 1272
10 1256
45 1269
32 1262
12 1321
14 1221
49 1428
16 1046
17 1216
35 1373
17 1381
18 1358
31 1245
37 1434
30 1355
23 1067
21 1343
36 1251
40 1133
23 1431
28 1183
14 1230
18 1361
40 1288
37 1202
25 1488
12 1117
36 1493
46 1183
29 1205
18 1037
23 1299
40 1286
11 1262
35 1108
35 1124
49 1096
36 1428
47 1352
48 1271
34 1270
38 1358
34 1486
26 1214
23 1042
34 1422
10 1077
46 1007
26 1493
43 1381
12 1383
15 1446
12 1295
13 1370
13 1396
17 1097
47 1469
46 1144
34 1129
37 1022
26 1370
33 1337
39 1353
29 1230
38 1246
13 1483
47 1103
28 1062
41 1107
46 1191
34 1220
28 1428
16 1262
22 1399
48 1139
17 1404
13 1418
35 1326
20 1378
27 1003
46 1486
25 1497
21 1110
10 1406
41 1154
17 1064
44 1080
23 1068
35 1075
19 1320
44 1081
22 1130
36 1474
42 1384
18 1252
10 1119
40 1448
27 1149
29 1389
22 1055
18 1245
37 1414
25 1078
40 1426
48 1124
27 1463
41 1496
30 1015
42 1351
42 1280
40 1449
31 1086
46 1314
18 1365
49 1477
14 1249
37 1154
18 1370
44 1442
24 1210
14 1244
32 1264
44 1379
28 1338
25 1056
17 1008
49 1344
41 1438
17 1084
49 1290
21 1066
48 1034
36 1203
25 1383
13 1097
38 1314
26 1085
43 1189
27 1499
38 1054
26 1324
30 1191
23 1218
40 1359
13 1310
35 1206
19 1230
28 1350
19 1029
42 1175
28 1302
39 1173
34 1242
16 1163
40 1017
41 1426
40 1472
13 1012
32 1218
15 1235
14 1391
17 1342
37 1258
49 1293
43 1268
16 1432
31 1400
42 1026
35 1214
12 1028
49 1239
17 1259
31 1009
29 1003
31 1052
44 1244
23 1105
22 1230
25 1163
42 1183
16 1026
48 1173
48 1196
34 1294
36 1209
13 1021
24 1420
28 1415
28 1153
24 1419
13 1451
14 1300
25 1099
30 1319
27 1014
15 1420
29 1322
49 1201
21 1413
47 1418
31 1141
19 1466
24 1275
14 1026
46 1217
38 1325
40 1250
26 1236
34 1124
38 1357
42 1334
40 1094
21 1453
16 1033
11 1357
26 1398
35 1056
31 1459
27 1371
20 1098
39 1419
19 1418
28 1394
30 1144
47 1485
45 1402
20 1210
27 1021
44 1086
38 1494
47 1084
10 1200
14 1245
27 1300
27 1417
19 1038
49 1453
20 1151
38 1118
36 1306
42 1354
38 1104
43 1209
44 1246
45 1088
35 1428
14 1292
27 1297
29 1349
27 1191
24 1140
38 1029
46 1087
47 1003
45 1470
41 1468
22 1399
22 1266
24 1020
43 1155
24 1319
33 1414
44 1139
40 1481
15 1308
11 1027
18 1313
36 1413
37 1392
45 1448
44 1110
32 1359
37 1012
16 1028
39 1272
16 1467
33 1020
14 1196
16 1087
14 1320
29 1094
22 1225
26 1479
15 1216
11 1047
21 1148
15 1169
40 1420
33 1291
30 1166
38 1210
25 1036
31 1298
37 1091
19 1092
29 1046
27 1051
40 1094
36 1238
18 1286
28 1365
11 1395
15 1115
49 1311
28 1405
16 1205
12 1231
27 1396
36 1012
38 1350
10 1492
35 1080
21 1275
20 1391
11 1108
31 1068
34 1266
36 1061
21 1349
16 1316
18 1068
40 1138
30 1098
45 1006
24 1485
31 1209
20 1094
41 1345
47 1040
35 1290
29 1327
17 1193
42 1194
32 1056
16 1154
43 1132
38 1402
37 1400
37 1028
48 1452
24 1208
41 1250
44 1380
41 1041
36 1168
17 1458
21 1209
18 1062
39 1375
27 1359
17 1400
34 1217
31 1469
41 1126
15 1119
28 1212
32 1141
47 1252
23 1225
44 1351
34 1175
37 1141
22 1057
21 1445
24 1252
28 1196
18 1307
34 1421
40 1241
34 1165
38 1391
19 1022
47 1227
11 1074
28 1152
21 1471
10 1313
49 1230
43 1135
14 1276
30 1091
34 1371
47 1274
17 1330
30 1360
37 1210
11 1496
38 1397
27 1162
41 1339
11 1109
27 1300
43 1283
35 1348
43 1240
45 1345
34 1381
11 1134
47 1228
33 1479
14 1218
29 1068
40 1354
20 1348
41 1155
27 1156
46 1284
20 1404
29 1198
36 1002
36 1081
15 1476
38 1139
23 1180
48 1430
49 1259
15 1357
30 1456
30 1398
27 1066
10 1025
34 1114
25 1345
10 1482
18 1158
41 1034
32 1321
47 1330
33 1450
15 1162
36 1250
31 1198
11 1408
46 1102
31 1384
18 1188
33 1077
47 1150
26 1116
44 1157
27 1377
17 1228
49 1296
13 1447
30 1135
49 1117
10 1399
44 1487
22 1186
16 1002
42 1367
11 1088
15 1026
12 1119
30 1292
18 1326
41 1268
34 1007
33 1349
37 1199
30 1035
17 1121
18 1251
30 1121
37 1119
20 1233
10 1479
15 1467
41 1037
22 1245
27 1180
34 1089
41 1198
48 1449
20 1035
17 1027
10 1104
28 1419
16 1335
28 1367
24 1229
15 1170
41 1056
11 1266
22 1457
47 1011
23 1147
46 1421
11 1349
38 1431
47 1474
43 1308
45 1119
36 1449
17 1075
10 1311
24 1245
33 1070
35 1199
37 1437
24 1042
15 1320
46 1336
33 1116
29 1089
12 1374
36 1031
40 1216
10 1427
18 1436
46 1154
41 1316
23 1028
49 1311
26 1090
47 1430
33 1342
41 1330
46 1133
35 1171
35 1217
36 1375
32 1445
32 1357
41 1247
29 1368
42 1474
18 1038
38 1384
29 1365
33 1409
15 1335
42 1168
26 1378
39 1215
46 1219
13 1250
23 1123
43 1456
21 1348
15 1467
31 1369
33 1493
31 1366
19 1316
46 1281
49 1478
16 1259
43 1084
49 1460
25 1365
47 1190
21 1337
30 1480
18 1420
24 1447
35 1273
12 1310
19 1164
29 1255
18 1142
24 1365
30 1455
11 1017
28 1369
49 1158
22 1333
39 1204
39 1209
47 1325
27 1451
33 1059
38 1123
13 1204
18 1143
41 1044
21 1020
15 1118
14 1177
43 1083
21 1370
30 1449
48 1023
11 1139
27 1404
40 1491
34 1239
35 1329
34 1103
32 1162
27 1030
28 1435
37 1457
11 1496
20 1312
19 1098
26 1376
14 1410
42 1319
24 1194
26 1106
27 1058
36 1230
45 1236
27 1105
49 1132
38 1164
36 1223
15 1226
25 1183
47 1279
12 1266
20 1161
32 1152
17 1277
42 1464
33 1216
26 1149
19 1254
14 1010
18 1201
16 1384
24 1301
43 1065
24 1375
48 1117
35 1080
46 1290
19 1362
38 1445
17 1436
18 1211
32 1473
32 1068
27 1439
28 1177
46 1038
37 1026
17 1120
31 1437
27 1088
24 1328
19 1128
42 1292
33 1067
13 1426
38 1406
42 1442
35 1294
11 1415
25 1113
40 1263
24 1446
47 1149
20 1305
49 1043
38 1013
32 1297
31 1474
36 1383
44 1483
40 1196
40 1295
39 1145
19 1001
28 1460
11 1382
27 1483
24 1434
23 1465
29 1077
20 1381
33 1274
38 1204
26 1060
17 1451
46 1102
48 1491
36 1136
45 1185
11 1222
33 1085
15 1388
39 1387
17 1138
38 1431
15 1363
15 1309
47 1229
19 1119
40 1233
30 1428
10 1354
23 1324
33 1292
14 1311
40 1473
10 1062
43 1020
35 1144
27 1191
45 1443
11 1173
35 1339
32 1418
19 1333
13 1184
29 1050
43 1384
25 1307
16 1450
17 1144
38 1035
43 1418
40 1282
20 1393
43 1340
12 1363
46 1477
30 1231
41 1471
14 1402
42 1221
35 1140
43 1368
44 1332
38 1399
27 1005
27 1466
15 1407
40 1128
43 1190
27 1201
23 1486
12 1269
14 1317
48 1184
30 1246
14 1100
27 1151
10 1460
17 1271
34 1425
41 1416
30 1003
46 1034
22 1035
15 1028
37 1430
32 1260
36 1322
31 1130
31 1410
10 1434
26 1260
23 1185
13 1001
39 1492
43 1248
26 1409
44 1383
42 1248
27 1445
13 1379
26 1427
41 1231
49 1014
43 1364
24 1437
38 1256
26 1433
26 1219
10 1114
42 1092
34 1191
44 1045
36 1356
24 1491
27 1027
16 1272
46 1071
23 1414
27 1301
34 1239
30 1039
30 1101
47 1345
15 1065
28 1207
40 1326
17 1274
39 1358
43 1181
48 1001
25 1286
31 1207
38 1045
18 1299
18 1063
11 1002
48 1111
42 1448
20 1171
16 1160
32 1083
44 1274
30 1065
42 1385
23 1134
47 1336
34 1041
23 1289
20 1020
25 1074
31 1279
35 1435
12 1197
29 1096
25 1119
29 1079
18 1039
14 1269
22 1430
43 1220
37 1196
23 1156
17 1438
19 1029
26 1420
37 1193
34 1056
10 1180
36 1206
10 1184
24 1144
13 1431
13 1047
11 1371
37 1375
46 1401
16 1256
13 1038
23 1312
20 1150
32 1019
40 1104
11 1075
46 1195
25 1314
35 1297
37 1033
21 1106
42 1420
16 1385
36 1403
28 1267
20 1364
11 1394
36 1444
48 1266
47 1385
36 1270
14 1114
31 1137
26 1334
33 1274
11 1278
24 1182
16 1216
41 1220
24 1117
38 1451
49 1377
12 1146
40 1329
21 1131
46 1432
21 1290
43 1458
25 1441
27 1034
13 1283
36 1372
25 1272
12 1126
44 1114
41 1149
19 1163
24 1229
28 1292
15 1308
25 1288
25 1316
19 1424
20 1200
30 1087
49 1416
31 1411
43 1240
29 1153
25 1484
31 1033
23 1295
29 1066
11 1285
28 1002
13 1214
25 1031
30 1286
21 1131
19 1200
37 1048
25 1242
28 1199
25 1438
48 1237
19 1081
38 1386
26 1327
22 1177
30 1198
21 1035
48 1195
14 1232
34 1398
44 1083
49 1063
47 1231
14 1371
10 1002
45 1034
36 1211
10 1264
34 1126
23 1378
25 1303
13 1377
49 1378
31 1458
35 1366
23 1383
25 1441
38 1376
32 1364
24 1329
49 1079
17 1445
15 1370
41 1457
35 1297
22 1166
23 1489
39 1358
27 1119
25 1193
39 1423
46 1046
23 1249
26 1117
17 1200
26 1159
49 1468
26 1253
47 1046
44 1499
24 1252
41 1044
24 1232
24 1312
34 1382
40 1054
34 1439
13 1022
29 1480
40 1081
10 1498
32 1297
27 1229
14 1482
47 1379
25 1068
48 1223
25 1428
49 1459
19 1259
17 1021
16 1449
12 1273
34 1066
14 1220
45 1201
17 1050
30 1245
25 1408
35 1243
21 1426
13 1191
45 1444
25 1046
18 1459
34 1422
18 1142
47 1030
35 1475
23 1029
31 1281
27 1008
41 1488
25 1422
20 1111
29 1114
41 1059
42 1268
34 1058
44 1366
14 1457
24 1244
45 1173
27 1261
13 1196
15 1492
22 1353
16 1113
29 1243
30 1053
39 1064
49 1401
17 1489
11 1403
14 1185
15 1264
48 1429
40 1207
13 1334
37 1052
34 1215
43 1003
16 1290
24 1454
36 1083
38 1166
25 1172
19 1387
13 1238
36 1360
32 1118
12 1006
17 1351
19 1432
48 1058
22 1185
33 1175
34 1156
35 1397
22 1427
24 1252
36 1268
37 1436
40 1283
34 1271
21 1475
33 1295
24 1096
47 1361
35 1249
46 1285
31 1199
23 1075
41 1239
43 1173
36 1288
31 1165
28 1377
29 1303
37 1419
37 1176
29 1487
47 1243
43 1303
14 1124
18 1365
26 1130
40 1090
38 1012
47 1123
31 1157
31 1326
36 1108
41 1179
42 1418
39 1069
11 1403
47 1355
34 1361
11 1208
21 1161
27 1124
44 1284
33 1483
27 1283
22 1294
16 1443
33 1217
48 1342
27 1410
47 1153
11 1485
32 1164
22 1020
40 1150
14 1361
20 1168
16 1169
17 1300
45 1344
45 1170
21 1094
46 1099
37 1009
49 1205
15 1056
29 1178
20 1075
40 1282
45 1145
47 1056
21 1488
38 1151
11 1166
31 1162
37 1366
10 1168
15 1233
18 1357
25 1371
30 1133
34 1302
20 1368
47 1234
32 1273
34 1499
31 1415
17 1047
19 1228
47 1164
15 1072
29 1348
24 1175
11 1099
19 1065
40 1383
28 1089
21 1485
42 1257
18 1122
36 1299
31 1023
13 1359
10 1347
15 1058
20 1410
12 1005
34 1005
31 1264
19 1360
45 1346
15 1447
31 1387
24 1344
30 1073
47 1213
41 1098
41 1058
46 1378
18 1450
26 1038
47 1344
46 1114
11 1291
19 1056
34 1336
19 1162
41 1396
39 1437
49 1488
21 1079
34 1399
40 1220
37 1142
30 1293
13 1362
13 1159
14 1059
41 1164
18 1317
49 1068
18 1318
32 1472
43 1255
40 1031
27 1137
14 1351
11 1201
10 1341
43 1123
39 1275
46 1354
25 1387
31 1406
37 1203
32 1006
42 1433
24 1259
10 1378
49 1418
38 1493
10 1431
48 1343
28 1366
14 1477
22 1001
29 1338
18 1243
25 1412
19 1157
21 1317
39 1070
44 1399
40 1020
36 1215
29 1265
27 1160
45 1439
18 1376
19 1281
25 1304
13 1270
36 1218
19 1182
16 1473
20 1034
22 1357
16 1298
36 1205
36 1281
26 1347
32 1048
15 1142
23 1337
12 1083
44 1188
15 1217
32 1076
11 1406
20 1338
24 1024
42 1094
13 1108
40 1118
32 1460
22 1136
12 1338
20 1049
10 1289
46 1356
44 1101
35 1001
32 1421
19 1442
32 1039
20 1481
39 1081
17 1432
17 1219
14 1097
38 1382
22 1044
43 1427
13 1239
32 1193
42 1022
27 1155
29 1435
32 1063
45 1319
29 1184
47 1038
24 1419
11 1045
26 1250
25 1439
36 1409
48 1481
42 1467
38 1034
42 1112
16 1487
32 1410
22 1260
32 1481
20 1371
12 1493
10 1131
28 1115
21 1305
24 1314
19 1075
21 1008
43 1370
33 1112
35 1445
18 1401
40 1457
34 1425
40 1262
46 1273
29 1458
32 1291
30 1463
31 1330
20 1209
40 1063
31 1303
29 1425
47 1308
35 1433
22 1036
47 1112
28 1044
48 1000
30 1165
18 1301
17 1268
16 1174
18 1293
40 1306
34 1019
38 1003
39 1426
13 1410
28 1436
46 1379
12 1231
22 1361
25 1201
15 1217
19 1469
14 1114
38 1268
32 1314
31 1498
42 1116
43 1078
48 1041
31 1357
30 1355
41 1062
36 1230
17 1231
38 1446
18 1262
13 1108
19 1023
20 1488
48 1213
38 1029
36 1245
33 1472
17 1243
27 1319
11 1113
35 1487
46 1289
48 1359
38 1413
25 1493
31 1063
38 1210
49 1181
19 1025
17 1072
27 1195
18 1394
49 1297
20 1309
26 1341
19 1153
27 1472
22 1462
23 1138
20 1162
13 1240
18 1065
33 1211
25 1478
38 1106
37 1463
35 1360
19 1078
49 1245
15 1116
32 1110
38 1390
18 1475
18 1080
41 1010
49 1166
10 1101
15 1045
27 1135
30 1395
27 1145
25 1311
25 1129
21 1223
42 1370
49 1038
39 1441
37 1223
27 1085
42 1279
45 1485
24 1338
31 1016
38 1470
10 1199
42 1380
31 1040
19 1310
16 1189
44 1058
48 1470
21 1423
33 1235
15 1482
49 1444
49 1459
42 1480
48 1109
29 1287
42 1171
25 1341
37 1005
14 1368
48 1478
33 1219
42 1265
30 1295
41 1371
48 1415
33 1355
26 1375
43 1184
35 1270
13 1401
19 1330
14 1146
48 1094
16 1019
10 1391
37 1350
24 1107
32 1320
23 1461
15 1252
40 1156
40 1278
36 1261
21 1360
23 1182
36 1183
40 1051
32 1007
23 1473
28 1391
47 1097
23 1252
41 1394
11 1208
39 1450
15 1336
18 1314
14 1345
18 1438
25 1284
32 1376
37 1140
31 1140
19 1124
39 1191
44 1019
10 1366
22 1245
45 1283
46 1449
24 1458
35 1118
31 1140
37 1000
37 1341
15 1397
22 1157
14 1271
28 1010
33 1087
33 1138
12 1086
42 1161
15 1473
26 1086
36 1234
26 1105
40 1422
15 1195
13 1091
24 1339
43 1496
30 1010
47 1499
47 1027
11 1308
37 1448
48 1185
33 1074
37 1234
14 1387
39 1139
20 1224
21 1388
43 1249
35 1227
15 1377
33 1327
41 1321
46 1378
34 1363
13 1356
32 1176
16 1028
19 1298
25 1459
32 1228
25 1497
11 1161
49 1095
23 1210
42 1463
48 1073
35 1235
10 1281
37 1038
16 1271
11 1158
36 1330
35 1159
27 1225
20 1046
46 1460
21 1334
17 1196
41 1388
18 1104
47 1117
40 1337
49 1077
25 1078
12 1202
48 1071
14 1486
42 1237
25 1206
11 1405
41 1050
35 1368
42 1149
17 1129
39 1399
37 1185
12 1019
36 1252
18 1042
10 1228
41 1090
23 1170
17 1413
38 1385
17 1411
36 1192
23 1061
19 1214
44 1455
20 1361
17 1119
25 1156
26 1425
26 1458
37 1253
17 1253
43 1406
47 1008
41 1137
16 1314
32 1336
42 1059
35 1150
38 1134
22 1443
11 1272
10 1113
16 1185
38 1106
25 1052
14 1060
30 1212
48 1464
12 1353
48 1252
19 1260
35 1031
42 1215
17 1010
24 1235
14 1425
37 1248
23 1038
16 1068
27 1064
41 1349
44 1451
40 1071
12 1188
14 1362
20 1101
34 1448
40 1083
25 1390
45 1280
37 1205
29 1147
29 1076
28 1303
20 1390
44 1016
42 1475
43 1389
28 1167
37 1482
23 1330
12 1136
48 1029
29 1494
29 1414
43 1459
13 1404
43 1243
41 1016
40 1062
47 1214
19 1272
36 1400
49 1441
44 1050
22 1014
11 1337
39 1092
31 1053
34 1138
46 1247
27 1473
20 1306
32 1021
39 1365
27 1163
26 1152
41 1025
44 1225
11 1101
31 1197
18 1172
42 1325
25 1069
15 1180
29 1277
35 1488
42 1434
33 1144
47 1276
34 1403
40 1324
20 1062
25 1496
15 1039
17 1002
17 1084
24 1193
22 1270
36 1368
41 1415
24 1460
42 1313
27 1020
44 1371
44 1412
10 1488
14 1322
12 1159
45 1273
12 1449
26 1106
19 1460
36 1426
44 1234
45 1089
17 1138
21 1093
17 1361
27 1033
47 1318
12 1460
46 1395
22 1488
41 1194
45 1482
19 1447
17 1209
34 1098
45 1141
35 1289
25 1273
25 1340
35 1483
25 1081
40 1251
39 1231
35 1210
30 1316
49 1416
39 1061
43 1022
39 1284
45 1323
11 1154
10 1455
38 1226
21 1423
26 1240
36 1397
46 1326
31 1340
41 1462
17 1464
41 1223
34 1152
41 1481
22 1378
35 1341
22 1344
24 1085
19 1194
34 1244
47 1053
23 1102
30 1056
12 1123
31 1464
15 1157
31 1078
49 1319
24 1245
28 1026
10 1126
14 1104
26 1132
27 1195
38 1281
29 1197
28 1148
29 1058
12 1165
15 1186
34 1484
21 1188
27 1104
49 1029
47 1251
11 1499
45 1370
40 1487
24 1359
35 1439
19 1337
24 1337
22 1413
49 1323
40 1069
26 1244
25 1199
42 1172
46 1191
48 1336
49 1437
33 1312
28 1304
18 1300
37 1136
49 1407
29 1245
15 1063
25 1235
44 1468
41 1456
24 1315
11 1474
24 1146
26 1246
38 1246
41 1482
20 1491
22 1124
42 1329
42 1212
10 1440
13 1354
29 1384
19 1014
28 1378
49 1337
25 1317
25 1163
15 1469
21 1315
14 1286
28 1023
42 1414
36 1193
43 1318
16 1480
19 1197
33 1217
16 1029
30 1247
23 1258
10 1223
12 1291
48 1192
27 1431
28 1109
42 1383
33 1324
42 1083
23 1010
14 1462
46 1363
30 1293
34 1041
11 1222
32 1352
47 1485
37 1368
35 1114
25 1354
26 1433
49 1213
22 1353
36 1028
39 1207
24 1471
20 1343
23 1256
17 1079
16 1430
33 1342
28 1383
44 1456
30 1157
32 1175
15 1086
36 1351
46 1048
35 1222
39 1050
46 1178
13 1151
37 1138
43 1156
24 1163
49 1378
26 1499
11 1487
27 1314
27 1407
26 1420
43 1297
14 1282
12 1085
32 1464
38 1348
31 1394
46 1457
44 1473
48 1477
33 1453
34 1184
22 1411
41 1082
16 1135
35 1060
23 1029
19 1352
36 1314
43 1095
30 1472
11 1083
15 1395
38 1290
13 1241
29 1256
16 1021
23 1465
15 1069
27 1470
34 1499
31 1197
30 1085
43 1352
25 1201
14 1172
28 1035
27 1326
24 1165
32 1466
30 1005
20 1348
45 1102
29 1295
18 1103
21 1249
13 1490
41 1413
43 1219
44 1016
48 1089
36 1439
39 1290
39 1150
18 1250
30 1177
13 1440
28 1158
15 1192
29 1216
13 1397
41 1115
14 1027
23 1302
14 1442
34 1457
43 1287
19 1251
29 1068
44 1339
21 1459
42 1089
42 1117
25 1434
43 1164
31 1038
40 1114
47 1443
41 1000
25 1169
24 1487
13 1380
20 1442
31 1201
34 1399
10 1118
26 1233
13 1098
49 1076
22 1198
12 1365
14 1030
34 1375
38 1312
35 1277
24 1226
31 1310
14 1303
26 1206
38 1235
30 1387
48 1078
20 1171
19 1272
27 1471
33 1036
32 1422
43 1109
32 1321
40 1088
18 1283
22 1223
35 1064
30 1376
17 1043
21 1486
21 1438
28 1412
25 1303
36 1393
42 1015
27 1057
45 1087
28 1376
31 1374
40 1363
49 1064
24 1480
36 1189
22 1183
19 1453
32 1339
26 1334
20 1319
46 1468
10 1368
10 1330
37 1103
34 1154
35 1244
39 1496
34 1303
19 1308
39 1053
49 1250
35 1037
25 1132
28 1487
12 1307
12 1488
43 1285
21 1084
22 1047
26 1260
43 1002
45 1414
40 1239
37 1477
15 1362
19 1004
24 1398
44 1169
33 1010
49 1339
39 1461
25 1202
32 1360
17 1343
16 1422
18 1092
37 1094
19 1466
18 1006
47 1047
31 1465
49 1407
41 1116
17 1114
46 1157
23 1309
14 1442
27 1036
40 1151
44 1061
31 1061
24 1065
24 1344
30 1296
21 1289
29 1383
34 1258
14 1010
37 1278
12 1322
36 1110
33 1266
38 1179
19 1350
26 1093
25 1062
16 1453
16 1163
35 1328
36 1085
38 1074
27 1231
21 1318
36 1196
20 1329
19 1140
45 1213
11 1058
20 1311
11 1449
44 1411
10 1224
21 1034
43 1108
23 1304
22 1277
30 1435
45 1008
29 1339
25 1494
23 1007
11 1328
14 1456
23 1227
24 1400
39 1316
32 1003
25 1225
33 1175
44 1253
19 1135
30 1371
45 1251
38 1297
32 1178
22 1324
46 1376
34 1324
44 1431
14 1134
12 1107
29 1347
32 1341
37 1120
39 1192
16 1362
25 1059
26 1210
42 1096
13 1027
40 1159
19 1210
48 1121
34 1117
36 1050
46 1044
38 1101
34 1015
31 1414
46 1174
36 1233
39 1420
36 1465
19 1243
10 1089
29 1037
13 1035
33 1030
37 1275
33 1127
37 1173
20 1397
11 1401
34 1458
10 1123
42 1245
17 1340
20 1243
46 1433
29 1445
16 1030
29 1255
30 1293
17 1163
38 1270
19 1110
19 1350
25 1335
21 1046
32 1194
35 1124
24 1445
47 1249
43 1339
28 1280
17 1464
40 1390
37 1154
11 1270
21 1450
22 1078
34 1431
20 1490
42 1196
42 1337
16 1275
41 1238
40 1249
39 1400
34 1276
31 1073
14 1139
10 1454
44 1291
42 1012
11 1124
25 1312
14 1398
21 1141
11 1143
38 1488
31 1369
22 1269
47 1032
11 1111
34 1439
41 1191
23 1486
31 1071
24 1059
30 1399
18 1287
45 1118
47 1398
36 1097
23 1063
37 1059
34 1457
17 1209
26 1155
40 1412
18 1340
16 1480
34 1070
49 1288
29 1005
39 1486
36 1135
42 1016
38 1311
47 1381
20 1320
46 1343
33 1242
17 1483
43 1334
46 1014
23 1497
35 1289
14 1434
18 1281
49 1377
28 1352
24 1137
18 1232
49 1211
49 1106
27 1390
40 1364
33 1242
37 1184
43 1345
15 1460
44 1452
38 1437
31 1298
12 1124
31 1400
48 1310
17 1185
45 1161
48 1495
35 1176
25 1465
41 1062
12 1133
42 1099
14 1260
49 1330
49 1278
25 1074
20 1021
14 1390
46 1277
23 1043
42 1023
13 1462
10 1100
35 1119
39 1295
34 1055
13 1101
38 1342
29 1016
29 1204
14 1190
29 1451
30 1081
36 1372
27 1275
44 1156
25 1440
35 1302
39 1183
45 1342
49 1234
24 1082
34 1411
17 1250
48 1119
39 1389
35 1344
13 1212
44 1493
18 1390
29 1068
22 1335
15 1052
20 1006
19 1408
33 1412
43 1348
39 1428
28 1024
36 1157
21 1196
30 1466
28 1031
10 1333
28 1063
12 1464
25 1347
44 1246
41 1442
33 1183
14 1188
27 1351
10 1028
35 1054
18 1164
18 1313
27 1197
26 1156
33 1015
23 1066
44 1453
30 1184
29 1120
22 1297
35 1461
23 1286
48 1201
12 1018
17 1261
34 1418
25 1246
33 1307
49 1433
40 1459
17 1209
46 1391
19 1287
23 1186
36 1459
22 1082
38 1158
25 1126
20 1197
35 1075
12 1026
13 1330
30 1251
48 1289
30 1343
16 1383
49 1133
16 1250
43 1489
11 1035
22 1434
35 1327
11 1439
34 1399
43 1182
14 1181
21 1264
30 1314
18 1169
43 1431
35 1495
26 1362
45 1172
48 1483
48 1076
21 1464
28 1055
24 1307
21 1164
36 1418
32 1489
49 1296
15 1075
37 1246
22 1013
31 1164
11 1350
37 1275
39 1293
37 1181
36 1168
34 1064
33 1121
30 1352
40 1267
27 1417
38 1448
27 1037
40 1440
14 1462
19 1158
26 1042
41 1218
38 1415
11 1365
47 1391
10 1191
13 1325
34 1071
39 1384
33 1162
48 1262
12 1258
35 1230
24 1297
39 1363
12 1190
41 1336
40 1170
16 1025
20 1022
26 1245
35 1247
44 1044
14 1478
21 1249
21 1140
18 1250
20 1119
36 1316
28 1233
26 1180
33 1226
11 1043
20 1098
33 1138
32 1148
25 1074
12 1152
25 1190
13 1163
39 1333
37 1252
35 1341
36 1292
13 1361
45 1058
45 1464
26 1392
35 1009
41 1196
37 1245
43 1140
20 1423
14 1063
49 1215
16 1362
47 1289
40 1070
26 1149
44 1257
40 1182
32 1059
37 1134
38 1442
37 1190
45 1003
13 1042
28 1229
48 1108
22 1437
31 1278
41 1003
46 1458
12 1431
10 1333
28 1427
16 1327
34 1274
48 1020
32 1257
44 1459
37 1351
13 1194
46 1106
44 1420
37 1316
17 1217
34 1406
28 1183
12 1081
25 1042
31 1106
34 1136
48 1038
44 1379
23 1364
23 1267
32 1470
36 1382
17 1392
20 1221
15 1236
42 1138
29 1280
44 1394
29 1358
41 1315
10 1462
18 1245
36 1183
18 1092
35 1353
34 1479
40 1031
28 1363
42 1293
10 1146
38 1433
21 1062
49 1348
35 1087
11 1138
45 1383
29 1099
34 1473
48 1188
22 1492
47 1427
11 1400
37 1482
48 1362
36 1130
28 1378
12 1357
21 1197
31 1274
49 1319
17 1444
34 1316
34 1476
47 1411
18 1096
24 1134
16 1155
28 1157
23 1416
22 1052
39 1180
21 1481
16 1012
45 1350
24 1110
16 1414
44 1182
28 1190
29 1016
48 1434
44 1313
19 1080
46 1486
23 1136
48 1152
39 1158
13 1350
13 1312
13 1483
15 1369
22 1337
35 1221
38 1182
47 1184
22 1033
24 1051
43 1492
19 1065
42 1013
30 1489
12 1427
34 1214
31 1444
37 1232
34 1197
49 1098
17 1301
35 1136
45 1116
44 1205
40 1011
19 1333
15 1079
34 1042
43 1292
28 1047
23 1249
30 1005
35 1346
47 1138
27 1328
34 1325
12 1122
28 1047
31 1262
13 1416
11 1476
23 1379
12 1240
46 1498
39 1345
30 1471
48 1057
25 1107
37 1261
18 1466
43 1455
17 1413
31 1302
12 1081
40 1114
25 1088
17 1356
30 1229
42 1008
35 1227
21 1091
29 1170
26 1165
30 1485
29 1172
30 1335
13 1186
49 1318
25 1471
15 1382
22 1449
40 1178
17 1231
43 1118
35 1362
48 1140
30 1242
16 1294
22 1210
33 1016
48 1005
47 1165
47 1250
44 1003
37 1418
22 1299
29 1029
43 1205
11 1355
18 1080
20 1150
32 1185
28 1096
43 1201
39 1235
44 1194
18 1202
46 1336
42 1412
23 1321
23 1345
14 1126
19 1377
11 1214
36 1220
44 1263
34 1370
37 1221
14 1369
24 1317
32 1421
40 1345
36 1257
32 1142
10 1053
20 1315
48 1135
24 1314
48 1012
30 1184
27 1449
11 1269
43 1380
27 1384
15 1291
15 1047
39 1451
14 1251
40 1217
25 1000
48 1305
46 1137
16 1187
18 1318
34 1418
16 1295
38 1395
48 1180
28 1139
15 1449
18 1087
38 1041
29 1195
47 1055
46 1336
38 1493
11 1181
34 1103
48 1340
44 1331
47 1225
11 1216
28 1326
42 1054
31 1160
10 1425
21 1435
49 1246
40 1087
21 1265
13 1289
37 1004
38 1203
41 1471
26 1043
26 1230
47 1251
49 1106
15 1067
26 1092
36 1203
36 1011
35 1277
18 1373
11 1253
25 1033
14 1066
38 1464
20 1305
42 1237
40 1362
22 1340
32 1175
37 1434
10 1092
29 1469
24 1232
32 1426
20 1463
43 1318
40 1485
49 1169
38 1202
30 1050
13 1039
12 1303
30 1260
19 1001
19 1493
23 1439
48 1399
32 1305
45 1278
36 1274
30 1048
34 1020
44 1237
23 1282
26 1337
46 1229
42 1136
35 1362
49 1290
24 1197
43 1431
47 1191
41 1141
47 1346
22 1463
25 1026
22 1130
26 1371
16 1354
36 1428
12 1437
27 1368
34 1151
43 1125
47 1373
35 1022
45 1264
35 1363
34 1289
14 1493
15 1229
38 1007
46 1471
19 1396
37 1402
36 1451
28 1114
45 1427
24 1297
49 1250
11 1419
23 1480
28 1351
38 1162
41 1433
38 1155
30 1469
45 1427
38 1259
28 1369
16 1373
46 1482
30 1241
34 1282
14 1118
46 1279
18 1079
20 1323
22 1389
16 1097
42 1014
22 1081
48 1131
30 1490
34 1258
28 1009
34 1061
14 1441
28 1343
35 1019
43 1078
12 1305
44 1250
15 1183
20 1057
28 1130
14 1487
45 1472
27 1026
13 1242
28 1261
32 1038
46 1039
43 1468
39 1154
28 1261
35 1382
14 1083
43 1472
22 1425
42 1036
45 1443
44 1225
17 1119
25 1422
35 1261
49 1407
11 1204
27 1165
12 1408
28 1442
42 1352
25 1408
32 1288
31 1014
15 1251
10 1117
46 1217
35 1434
31 1491
43 1058
49 1437
10 1220
24 1482
32 1071
29 1084
44 1139
20 1401
20 1408
42 1020
25 1420
48 1242
35 1002
47 1260
13 1352
38 1143
25 1182
25 1492
11 1421
25 1445
17 1200
17 1164
40 1064
15 1333
34 1386
40 1101
12 1428
43 1374
24 1413
21 1075
26 1061
26 1062
23 1321
34 1263
44 1439
10 1405
46 1009
21 1091
46 1270
28 1207
15 1246
23 1052
31 1387
16 1301
12 1049
25 1015
39 1499
27 1122
12 1013
40 1074
43 1400
49 1117
42 1347
16 1008
39 1114
44 1353
10 1246
24 1161
17 1326
24 1352
47 1367
46 1492
39 1279
31 1236
15 1064
21 1050
14 1275
43 1264
36 1166
46 1052
21 1140
12 1041
32 1132
37 1212
28 1376
49 1467
35 1074
35 1084
19 1468
10 1193
28 1402
22 1361
36 1129
31 1028
41 1218
11 1130
31 1231
42 1044
12 1114
11 1280
41 1225
19 1149
43 1024
14 1363
38 1031
46 1076
28 1239
29 1451
35 1245
45 1030
33 1401
30 1271
36 1138
35 1100
30 1058
34 1078
37 1254
36 1034
40 1437
35 1322
16 1357
34 1005
16 1177
29 1165
30 1103
16 1093
28 1180
28 1069
13 1194
47 1168
47 1437
26 1002
11 1330
33 1315
14 1484
22 1400
27 1243
40 1334
45 1409
44 1460
38 1169
45 1165
21 1081
18 1112
26 1003
23 1495
11 1154
37 1309
15 1023
15 1424
47 1420
26 1147
42 1495
25 1296
10 1295
31 1396
35 1162
21 1022
13 1378
40 1338
47 1193
32 1263
38 1271
10 1499
30 1064
42 1069
21 1463
15 1078
36 1177
21 1497
47 1325
47 1103