3500 4000
37 1206
48 1380
37 1326
11 1336
30 1364
42 1484
44 1295
30 1117
44 1117
38 1036
14 1330
38 1405
10 1423
43 1479
49 1108
16 1351
36 1358
12 1432
31 1005
40 1200
12 1377
37 1078
30 1170
30 1452
41 1416
48 1325
41 1046
15 1306
32 1250
31 1215
23 1112
30 1252
13 1267
31 1486
20 1457
42 1052
27 1399
12 1250
28 1489
42 1358
24 1116
38 1360
12 1380
28 1124
25 1115
32 1471
16 1062
12 1126
27 1205
28 1387
29 1404
20 1127
37 1446
12 1149
18 1492
26 1266
33 1133
15 1170
47 1412
29 1349
39 1277
12 1233
38 1364
42 1178
33 1483
27 1190
49 1118
42 1480
30 1275
10 1470
28 1148
37 1029
10 1174
25 1054
32 1407
13 1130
16 1386
23 1107
37 1345
25 1065
42 1066
48 1153
25 1315
14 1231
17 1430
17 1028
20 1304
31 1122
19 1189
49 1262
22 1488
37 1108
40 1267
22 1377
14 1210
36 1215
48 1376
33 1379
24 1026
17 1237
38 1113
38 1036
38 1254
25 1223
18 1346
22 1099
47 1085
30 1422
13 1104
33 1353
24 1059
28 1476
23 1328
13 1126
43 1171
24 1175
22 1224
37 1237
25 1192
37 1395
46 1493
19 1480
32 1218
45 1392
14 1372
21 1103
35 1199
23 1071
36 1067
29 1316
29 1205
14 1304
43 1136
13 1076
19 1434
17 1366
14 1464
32 1387
49 1093
34 1472
12 1412
42 1375
31 1059
20 1011
13 1415
39 1442
32 1202
32 1024
14 1325
48 1281
24 1357
30 1073
41 1438
14 1421
32 1221
42 1449
37 1276
38 1088
12 1183
15 1199
13 1427
18 1157
25 1351
43 1224
20 1403
33 1087
32 1052
14 1104
36 1143
30 1497
18 1455
35 1426
17 1325
21 1314
47 1368
31 1000
40 1170
37 1191
17 1079
18 1207
38 1326
37 1385
38 1134
22 1036
26 1235
12 1144
29 1184
37 1334
43 1200
25 1137
48 1226
24 1119
41 1129
28 1116
11 1202
14 1008
17 1175
31 1004
35 1161
38 1450
36 1325
20 1069
14 1409
31 1193
41 1391
33 1120
46 1391
31 1181
39 1158
40 1140
40 1317
34 1372
34 1362
13 1297
43 1020
45 1431
29 1110
30 1234
48 1155
42 1207
13 1488
38 1315
41 1476
33 1232
34 1287
26 1362
42 1417
46 1386
42 1191
21 1434
20 1358
41 1480
12 1157
26 1129
27 1268
16 1244
43 1037
21 1178
45 1467
27 1142
12 1066
49 1474
16 1465
15 1079
42 1091
13 1222
17 1282
25 1491
46 1278
18 1432
47 1229
42 1269
48 1203
23 1074
42 1362
41 1050
11 1227
28 1007
19 1499
42 1003
38 1166
18 1174
33 1281
49 1299
37 1442
21 1288
45 1040
41 1495
32 1155
15 1224
44 1397
11 1489
34 1127
23 1461
25 1345
20 1234
12 1030
48 1021
31 1449
44 1086
22 1244
24 1410
33 1247
41 1382
49 1272
29 1008
14 1105
24 1016
15 1107
47 1294
45 1034
36 1172
10 1130
17 1271
15 1236
47 1340
39 1096
47 1177
14 1346
14 1158
12 1211
29 1452
33 1128
28 1252
32 1006
33 1378
12 1296
32 1241
28 1084
19 1259
44 1059
21 1023
39 1263
43 1357
40 1401
27 1013
29 1284
15 1470
16 1306
30 1465
15 1463
33 1418
28 1475
44 1064
41 1117
33 1439
24 1185
17 1106
49 1409
32 1167
42 1204
39 1477
46 1434
17 1275
40 1202
37 1225
49 1315
18 1353
34 1243
13 1191
14 1379
36 1140
44 1076
18 1477
48 1008
16 1269
11 1106
44 1490
23 1260
41 1214
19 1451
13 1159
25 1398
10 1133
36 1026
34 1351
16 1314
20 1067
23 1448
42 1095
17 1230
26 1342
41 1115
17 1276
44 1478
15 1478
27 1213
46 1367
47 1496
16 1115
25 1160
24 1228
44 1394
16 1084
45 1102
34 1395
19 1017
42 1217
14 1408
44 1437
38 1279
24 1004
48 1441
38 1090
25 1351
32 1174
43 1185
31 1030
19 1367
10 1318
32 1120
17 1457
29 1041
16 1204
24 1013
39 1023
49 1389
42 1371
11 1427
28 1318
29 1013
32 1095
49 1161
16 1318
18 1379
42 1259
34 1304
29 1244
29 1176
49 1133
33 1490
44 1051
38 1252
23 1352
32 1299
38 1080
30 1440
28 1007
11 1189
47 1135
12 1455
34 1378
26 1197
37 1388
48 1328
15 1071
28 1304
37 1001
27 1107
37 1293
39 1342
18 1279
18 1088
23 1032
34 1049
45 1040
32 1480
46 1278
19 1368
27 1125
48 1490
38 1290
36 1079
21 1253
45 1307
47 1066
35 1077
37 1432
22 1002
33 1033
20 1148
32 1215
13 1329
34 1397
48 1138
42 1429
31 1176
28 1469
19 1258
13 1473
37 1048
29 1151
28 1122
33 1171
41 1489
47 1411
18 1389
21 1363
37 1171
25 1235
17 1329
22 1276
31 1368
29 1395
13 1484
35 1330
29 1238
20 1363
15 1085
45 1038
35 1187
42 1217
36 1210
37 1191
18 1498
34 1446
24 1406
30 1459
34 1280
35 1051
23 1137
48 1302
46 1480
47 1417
39 1221
28 1119
23 1405
28 1331
46 1082
16 1102
14 1149
26 1334
48 1346
20 1274
26 1106
32 1329
46 1373
19 1108
48 1010
33 1138
10 1213
25 1180
31 1179
40 1103
48 1426
35 1133
45 1270
44 1073
11 1123
19 1269
49 1145
16 1133
40 1134
15 1351
47 1449
45 1264
45 1420
21 1134
44 1285
36 1142
38 1231
29 1095
34 1333
33 1266
13 1163
22 1484
27 1427
41 1124
42 1450
11 1209
30 1482
20 1134
14 1109
16 1163
41 1037
39 1067
31 1173
46 1426
21 1432
31 1284
21 1371
17 1007
26 1251
15 1301
49 1056
32 1391
49 1111
42 1258
38 1015
19 1050
14 1361
32 1096
45 1413
46 1318
39 1467
43 1077
43 1250
15 1198
18 1131
25 1418
26 1465
46 1138
43 1134
12 1034
20 1302
40 1185
40 1176
28 1229
46 1459
47 1342
19 1473
16 1393
30 1109
18 1127
48 1008
39 1161
43 1025
41 1421
49 1215
17 1433
30 1444
25 1492
33 1328
23 1482
28 1432
36 1211
20 1004
15 1022
10 1172
24 1176
27 1015
49 1416
40 1380
32 1152
40 1380
43 1250
48 1411
48 1123
19 1297
49 1446
36 1131
17 1464
31 1210
44 1085
46 1055
26 1328
22 1166
18 1056
13 1268
36 1393
16 1125
37 1235
20 1270
43 1279
42 1191
14 1165
42 1014
13 1152
21 1106
35 1069
14 1438
49 1347
29 1073
30 1049
13 1233
24 1244
43 1401
10 1185
26 1022
39 1149
16 1454
15 1324
16 1384
17 1111
34 1188
46 1174
16 1335
36 1451
42 1085
13 1438
42 1189
28 1143
27 1446
49 1080
34 1025
22 1176
46 1337
17 1012
49 1207
38 1188
21 1044
26 1402
12 1119
12 1004
32 1297
47 1185
40 1102
41 1037
12 1117
27 1461
47 1309
29 1237
15 1372
46 1297
29 1293
13 1423
48 1010
42 1378
23 1298
44 1239
12 1373
27 1275
25 1159
17 1241
38 1266
31 1330
25 1060
20 1440
32 1133
27 1371
35 1109
47 1012
48 1063
32 1110
34 1080
35 1318
14 1290
47 1247
16 1376
29 1172
48 1467
48 1077
10 1145
27 1226
21 1261
49 1166
29 1203
47 1214
47 1383
16 1189
37 1439
43 1263
18 1368
13 1041
18 1404
15 1148
39 1270
35 1288
14 1166
35 1008
11 1186
47 1380
49 1242
48 1116
42 1273
24 1099
18 1014
44 1260
26 1181
21 1142
16 1007
25 1076
48 1151
36 1476
34 1434
41 1421
22 1129
15 1295
18 1059
29 1408
45 1411
47 1289
42 1388
29 1476
44 1108
42 1022
19 1397
19 1304
23 1396
31 1301
25 1239
47 1466
44 1077
10 1470
20 1187
12 1070
30 1122
47 1201
41 1161
37 1244
35 1212
42 1170
26 1390
32 1431
33 1332
21 1391
27 1327
47 1091
36 1299
41 1223
37 1119
13 1041
49 1081
18 1356
32 1415
39 1108
38 1491
28 1068
49 1008
15 1446
19 1256
21 1357
41 1391
27 1263
19 1170
12 1444
10 1203
43 1200
17 1379
48 1073
33 1042
10 1208
43 1242
37 1486
42 1070
39 1180
17 1357
38 1317
11 1364
14 1439
33 1234
41 1209
25 1096
24 1147
46 1372
37 1099
43 1446
27 1031
14 1065
38 1098
31 1033
26 1468
46 1044
45 1431
48 1401
25 1346
15 1270
16 1326
21 1091
11 1437
41 1162
19 1183
14 1042
13 1476
11 1194
49 1295
20 1120
38 1141
13 1080
22 1147
19 1454
40 1039
45 1098
15 1421
27 1363
38 1412
35 1389
12 1194
18 1482
27 1392
31 1253
46 1184
37 1096
47 1369
34 1474
23 1355
23 1466
30 1315
14 1045
35 1293
39 1351
15 1436
16 1186
22 1493
36 1368
46 1109
13 1244
12 1092
41 1343
34 1108
24 1238
46 1205
43 1345
24 1181
37 1050
43 1317
32 1276
48 1090
28 1480
25 1033
24 1405
36 1454
46 1282
40 1096
49 1075
15 1062
15 1200
32 1388
16 1067
40 1110
34 1321
10 1195
16 1003
41 1416
48 1187
46 1024
35 1271
31 1343
30 1343
43 1289
36 1439
35 1261
12 1361
16 1032
12 1044
47 1334
29 1112
37 1305
11 1177
13 1386
42 1129
49 1101
12 1208
26 1251
13 1271
10 1007
48 1069
37 1082
17 1338
29 1002
10 1383
48 1206
22 1158
49 1355
36 1228
26 1129
45 1405
16 1081
15 1037
33 1222
11 1179
30 1280
24 1131
43 1470
25 1306
10 1329
34 1498
49 1406
11 1153
18 1278
20 1436
47 1455
24 1219
24 1023
20 1320
28 1084
39 1313
38 1022
47 1022
29 1064
40 1024
49 1110
42 1403
28 1130
38 1098
28 1425
35 1148
28 1441
17 1118
23 1149
48 1173
40 1184
16 1018
46 1391
24 1080
17 1079
26 1238
22 1184
31 1052
15 1426
42 1444
16 1468
29 1339
35 1159
22 1400
24 1464
31 1464
44 1133
37 1415
22 1127
24 1160
43 1388
48 1009
41 1372
49 1413
47 1201
42 1073
19 1213
37 1293
39 1357
10 1213
19 1242
11 1097
13 1226
34 1461
34 1169
22 1016
32 1048
21 1282
33 1034
35 1413
20 1438
26 1034
43 1313
34 1330
16 1207
37 1311
49 1032
48 1094
49 1452
31 1439
16 1259
46 1082
42 1460
48 1093
13 1261
38 1461
31 1066
27 1241
17 1277
17 1188
43 1038
20 1435
19 1481
20 1196
35 1259
39 1264
41 1284
28 1044
22 1190
47 1243
14 1151
11 1309
24 1035
27 1065
34 1050
16 1413
10 1425
44 1138
28 1384
11 1112
46 1123
48 1022
14 1002
46 1394
25 1192
25 1024
47 1168
37 1082
39 1360
47 1327
27 1345
33 1246
38 1409
38 1003
36 1488
49 1170
44 1495
32 1248
23 1133
44 1235
11 1401
28 1098
20 1250
12 1423
14 1454
17 1271
10 1187
10 1034
48 1080
13 1079
29 1468
12 1452
36 1125
32 1316
39 1298
18 1151
10 1213
48 1494
13 1456
15 1026
17 1410
18 1270
10 1474
43 1392
28 1261
24 1164
47 1046
19 1098
18 1370
23 1079
41 1234
33 1180
42 1281
43 1379
24 1344
36 1260
31 1310
48 1201
38 1325
39 1123
30 1182
28 1336
25 1362
10 1323
13 1229
20 1213
33 1184
19 1006
47 1275
42 1457
16 1370
13 1044
11 1307
37 1388
20 1026
40 1392
21 1489
30 1369
43 1012
28 1452
28 1188
21 1033
45 1314
26 1319
42 1415
12 1285
21 1302
39 1496
45 1430
16 1439
15 1268
40 1040
47 1151
29 1232
32 1277
26 1359
28 1273
14 1417
15 1291
17 1093
15 1188
29 1301
18 1462
32 1411
40 1106
28 1073
20 1174
40 1164
46 1026
28 1068
35 1424
34 1338
34 1211
38 1330
37 1219
13 1128
37 1479
40 1100
24 1443
42 1446
18 1379
48 1404
35 1154
27 1483
23 1028
16 1008
22 1378
25 1362
25 1261
30 1331
22 1055
31 1452
20 1132
10 1313
49 1443
43 1267
27 1120
13 1291
35 1374
11 1089
35 1227
25 1274
30 1471
17 1171
46 1277
31 1325
11 1404
37 1100
20 1120
47 1098
22 1129
19 1002
37 1378
12 1496
38 1063
16 1030
25 1478
14 1387
37 1482
23 1461
39 1027
16 1089
20 1400
19 1189
47 1451
37 1264
16 1303
19 1479
20 1074
11 1060
44 1108
23 1293
23 1086
39 1491
40 1198
43 1490
23 1319
27 1167
40 1077
21 1268
19 1229
18 1006
15 1232
11 1369
42 1477
49 1206
30 1101
18 1390
27 1021
23 1015
23 1240
27 1209
12 1460
10 1366
36 1212
42 1313
39 1089
19 1256
45 1416
44 1352
10 1398
39 1351
18 1426
46 1416
35 1431
43 1092
27 1001
41 1439
29 1234
34 1133
10 1000
13 1322
44 1390
16 1245
45 1225
19 1451
26 1442
30 1449
19 1221
21 1173
26 1308
20 1443
36 1127
32 1107
39 1428
18 1277
44 1101
18 1168
44 1268
24 1228
40 1448
47 1495
44 1282
16 1436
24 1190
35 1198
38 1075
11 1492
19 1161
40 1196
26 1123
44 1209
42 1217
27 1223
24 1194
44 1334
16 1219
17 1127
42 1145
44 1116
30 1394
39 1417
40 1251
45 1352
15 1365
19 1463
34 1164
14 1154
24 1227
29 1111
39 1342
35 1327
20 1464
37 1063
35 1363
26 1010
34 1259
32 1110
27 1426
47 1124
21 1022
23 1021
47 1493
34 1088
24 1320
29 1278
44 1074
40 1248
32 1210
16 1416
17 1341
12 1052
41 1432
17 1177
29 1052
42 1456
18 1453
26 1487
11 1479
29 1330
12 1441
18 1043
19 1483
30 1480
27 1214
45 1151
49 1452
36 1450
29 1300
32 1442
36 1150
15 1146
21 1322
14 1140
33 1332
36 1093
46 1084
48 1150
13 1125
30 1218
19 1403
38 1238
13 1179
34 1098
23 1483
36 1030
32 1115
29 1370
18 1299
23 1330
47 1471
46 1193
36 1430
48 1208
40 1126
30 1404
49 1135
42 1287
26 1295
36 1252
40 1251
29 1034
18 1280
24 1419
49 1234
33 1166
45 1100
16 1106
34 1092
48 1282
30 1422
37 1323
11 1111
10 1309
49 1233
26 1167
44 1165
20 1151
43 1168
29 1400
24 1292
25 1401
23 1296
15 1086
20 1264
45 1025
33 1363
18 1303
45 1373
42 1468
28 1345
17 1123
25 1311
34 1231
47 1332
33 1395
29 1340
35 1103
16 1390
36 1349
13 1418
34 1351
39 1304
31 1312
27 1252
41 1373
34 1145
13 1053
29 1454
32 1379
11 1281
44 1119
17 1240
18 1336
34 1262
14 1087
45 1338
23 1342
20 1426
33 1048
14 1160
46 1190
24 1053
45 1093
39 1379
10 1324
11 1382
16 1283
24 1119
20 1049
29 1185
29 1078
11 1114
18 1103
36 1392
33 1353
26 1276
45 1187
22 1048
41 1220
19 1276
36 1338
19 1397
48 1157
21 1173
26 1258
12 1291
32 1373
20 1356
15 1157
16 1490
28 1413
31 1062
12 1162
47 1163
32 1018
41 1019
29 1098
18 1375
24 1126
30 1382
24 1054
49 1130
30 1076
43 1311
47 1080
35 1209
10 1034
30 1285
30 1291
45 1480
22 1004
24 1246
13 1444
29 1372
37 1347
16 1339
28 1212
27 1312
15 1141
29 1481
44 1201
25 1357
41 1315
22 1372
33 1288
17 1305
48 1126
29 1264
46 1410
47 1275
25 1312
18 1047
12 1239
30 1104
13 1433
38 1059
25 1203
21 1155
39 1284
14 1088
29 1271
36 1053
31 1268
21 1372
46 1049
41 1068
41 1413
34 1399
28 1263
12 1410
38 1163
36 1368
42 1416
27 1224
49 1387
44 1171
17 1202
17 1096
10 1285
36 1318
16 1353
39 1409
38 1091
14 1130
15 1391
37 1109
19 1473
14 1185
44 1095
13 1224
29 1200
43 1319
30 1248
33 1105
39 1479
42 1089
28 1493
13 1181
27 1079
43 1098
44 1249
18 1139
11 1381
34 1078
35 1316
22 1160
33 1184
15 1072
46 1261
39 1199
12 1223
44 1394
26 1408
48 1496
16 1153
21 1497
40 1038
27 1249
30 1454
26 1257
16 1296
45 1489
40 1126
35 1365
10 1275
45 1485
16 1179
38 1280
45 1259
11 1053
36 1306
43 1032
39 1495
35 1394
10 1443
43 1393
30 1350
11 1267
35 1026
25 1313
27 1069
40 1380
18 1428
30 1495
10 1144
25 1306
30 1259
29 1034
48 1302
30 1140
33 1492
23 1035
18 1047
43 1143
20 1002
17 1447
49 1146
30 1099
40 1474
49 1062
39 1146
39 1407
10 1310
19 1457
23 1038
48 1358
39 1090
44 1376
44 1232
22 1005
17 1435
41 1125
31 1214
49 1175
36 1213
16 1332
23 1247
37 1377
16 1282
27 1380
49 1422
21 1063
49 1330
10 1019
26 1088
36 1097
34 1335
47 1025
37 1438
22 1210
25 1378
28 1254
19 1465
14 1480
36 1243
30 1382
27 1425
25 1194
42 1045
39 1220
36 1458
27 1315
31 1097
24 1318
15 1321
45 1342
40 1360
36 1210
24 1191
26 1114
13 1330
24 1229
27 1028
23 1412
16 1324
24 1327
22 1462
30 1225
47 1433
18 1405
12 1410
11 1239
47 1439
20 1061
25 1158
42 1432
30 1110
17 1423
18 1420
23 1477
19 1229
27 1093
25 1163
39 1311
38 1070
29 1399
28 1454
28 1291
16 1306
31 1128
33 1348
28 1048
15 1167
14 1073
49 1182
43 1367
40 1391
23 1262
26 1267
11 1481
31 1310
49 1147
29 1484
18 1456
48 1373
38 1087
25 1493
43 1108
34 1248
32 1392
17 1290
21 1022
15 1212
14 1179
46 1484
46 1005
12 1492
19 1146
34 1486
43 1438
26 1260
18 1468
12 1011
11 1258
36 1273
20 1193
29 1418
29 1083
41 1002
45 1466
41 1111
31 1330
42 1282
41 1455
30 1194
22 1287
24 1405
42 1389
38 1347
39 1330
43 1171
22 1061
15 1161
48 1196
37 1184
46 1429
17 1084
32 1318
18 1225
44 1355
31 1086
13 1111
30 1336
46 1305
28 1017
12 1436
49 1328
35 1109
14 1053
36 1184
17 1247
48 1412
26 1465
35 1194
20 1244
24 1218
47 1284
23 1045
49 1380
23 1208
20 1004
25 1366
49 1109
49 1321
18 1230
34 1349
18 1012
48 1370
39 1089
20 1213
25 1048
40 1498
41 1212
47 1280
49 1134
31 1261
16 1252
10 1210
31 1244
42 1412
38 1305
45 1228
35 1493
29 1081
30 1239
16 1037
15 1149
12 1307
30 1384
40 1372
23 1344
21 1187
45 1391
30 1458
31 1038
38 1122
26 1051
40 1424
22 1147
44 1150
11 1421
21 1385
40 1499
43 1195
49 1476
48 1399
32 1110
48 1066
14 1067
16 1060
25 1349
15 1429
17 1080
16 1013
18 1139
31 1170
35 1315
48 1136
22 1348
38 1114
46 1489
40 1336
46 1156
48 1213
22 1272
48 1014
43 1158
49 1266
15 1410
29 1288
16 1138
15 1116
14 1348
46 1358
18 1293
45 1377
49 1242
16 1236
29 1326
10 1088
41 1182
29 1129
23 1009
42 1024
35 1052
35 1139
44 1199
10 1245
24 1222
25 1130
49 1434
11 1468
18 1234
46 1497
22 1383
25 1326
41 1225
47 1498
27 1137
39 1403
18 1335
11 1100
37 1233
14 1242
46 1182
42 1216
10 1419
23 1145
49 1221
47 1377
31 1366
29 1413
11 1408
16 1015
26 1320
29 1138
11 1184
43 1213
30 1374
47 1438
36 1301
31 1475
19 1434
28 1451
27 1492
19 1348
13 1350
20 1457
18 1072
16 1389
15 1184
33 1485
38 1487
31 1202
35 1346
32 1062
34 1261
29 1370
11 1377
36 1476
18 1488
34 1207
29 1394
12 1209
47 1095
21 1290
41 1185
36 1332
36 1225
22 1292
34 1375
15 1028
41 1230
39 1311
22 1469
32 1361
25 1381
35 1109
28 1115
20 1238
25 1056
46 1135
25 1489
37 1146
43 1400
35 1040
35 1495
41 1137
41 1434
27 1298
39 1416
34 1332
35 1245
48 1087
23 1411
38 1113
16 1111
45 1158
38 1185
28 1007
43 1269
11 1010
31 1235
33 1291
48 1489
32 1378
15 1290
36 1458
44 1154
43 1416
36 1106
33 1431
23 1437
13 1262
42 1184
32 1397
14 1259
10 1031
29 1115
33 1080
10 1368
25 1353
30 1045
19 1360
16 1173
33 1391
42 1110
48 1190
40 1264
20 1434
17 1068
39 1209
21 1341
26 1077
26 1360
20 1367
11 1470
43 1033
36 1435
12 1372
16 1285
37 1246
11 1268
24 1084
43 1468
27 1220
44 1108
17 1381
26 1022
12 1258
16 1163
13 1211
27 1153
49 1407
29 1301
22 1255
12 1365
12 1347
46 1336
48 1185
14 1019
34 1252
24 1201
40 1444
11 1039
49 1321
47 1322
17 1252
49 1105
19 1038
26 1199
39 1482
43 1168
49 1323
19 1006
20 1077
18 1363
12 1147
45 1443
17 1273
28 1372
35 1174
44 1381
44 1414
12 1448
37 1349
42 1468
10 1093
28 1091
37 1013
40 1349
15 1164
28 1265
34 1493
37 1491
37 1373
30 1446
16 1288
38 1012
18 1107
47 1303
15 1197
32 1023
26 1033
31 1088
43 1127
30 1411
11 1398
42 1325
35 1068
26 1078
29 1143
31 1348
46 1142
32 1057
45 1070
27 1002
18 1092
34 1044
32 1315
17 1496
49 1194
30 1299
43 1031
33 1002
30 1360
11 1246
45 1228
30 1441
45 1084
12 1445
39 1451
32 1003
31 1388
24 1168
34 1446
35 1050
36 1025
41 1255
49 1412
39 1153
37 1060
38 1185
16 1035
13 1270
32 1110
12 1223
47 1496
10 1385
11 1092
25 1208
49 1007
46 1426
31 1068
12 1380
31 1337
30 1330
16 1046
12 1084
12 1402
31 1148
21 1287
14 1377
36 1462
45 1240
21 1363
35 1329
32 1194
34 1254
40 1029
31 1047
16 1454
42 1003
27 1449
46 1464
20 1327
42 1048
13 1070
23 1257
15 1454
29 1220
24 1440
38 1427
26 1098
14 1088
39 1058
42 1072
49 1292
17 1134
11 1137
14 1119
36 1069
26 1062
39 1190
28 1087
47 1011
38 1425
48 1008
33 1140
30 1459
25 1146
21 1406
43 1024
27 1417
14 1446
47 1327
32 1107
11 1358
27 1136
33 1335
43 1287
28 1066
12 1448
22 1305
38 1087
19 1123
38 1167
45 1196
43 1352
45 1199
33 1250
19 1297
14 1400
33 1389
36 1252
29 1168
37 1072
20 1008
45 1240
38 1260
48 1464
10 1294
30 1074
18 1442
19 1173
12 1170
37 1453
26 1243
43 1051
29 1451
22 1080
28 1382
37 1335
13 1302
24 1103
33 1208
18 1303
40 1037
37 1038
43 1088
32 1200
38 1479
31 1130
43 1449
47 1396
47 1165
40 1325
33 1220
32 1425
45 1249
21 1411
40 1317
18 1277
14 1358
31 1467
34 1491
45 1241
49 1166
12 1457
27 1475
27 1190
44 1443
40 1131
48 1371
43 1219
43 1351
46 1311
17 1221
25 1068
31 1076
47 1375
13 1442
18 1282
37 1206
44 1488
46 1019
15 1314
36 1364
32 1431
32 1392
25 1452
47 1269
25 1299
47 1494
33 1088
30 1005
37 1122
23 1245
45 1084
45 1343
10 1181
31 1181
34 1166
24 1075
14 1321
32 1236
30 1045
24 1390
43 1294
14 1467
37 1262
28 1121
42 1329
12 1231
21 1123
41 1476
25 1269
24 1303
16 1392
12 1245
27 1020
30 1360
22 1417
40 1278
12 1103
31 1091
27 1353
41 1263
46 1045
32 1131
34 1217
15 1450
42 1467
23 1443
20 1209
31 1265
21 1385
48 1446
44 1312
46 1130
43 1493
23 1494
36 1019
16 1145
40 1318
15 1065
26 1366
34 1177
12 1472
18 1175
24 1452
49 1464
31 1389
18 1484
45 1080
29 1173
28 1161
16 1127
12 1485
21 1495
18 1216
28 1332
32 1176
25 1327
30 1172
15 1001
48 1473
31 1254
28 1488
15 1229
12 1229
17 1086
42 1331
30 1340
40 1395
47 1445
27 1034
48 1150
19 1070
39 1000
49 1062
41 1225
26 1077
16 1000
17 1226
16 1398
34 1276
41 1029
36 1163
40 1426
14 1197
38 1166
18 1315
41 1172
19 1029
39 1051
14 1458
11 1179
21 1007
18 1496
12 1415
35 1085
36 1114
10 1440
24 1220
47 1019
17 1315
47 1434
26 1225
20 1159
20 1179
39 1054
12 1357
32 1176
23 1053
40 1169
45 1349
18 1115
39 1086
47 1012
26 1093
31 1077
22 1339
45 1160
17 1087
18 1248
46 1182
34 1185
41 1480
45 1176
14 1485
38 1011
10 1008
42 1393
19 1413
24 1498
22 1313
12 1376
19 1170
39 1254
44 1478
14 1211
10 1041
43 1484
38 1278
19 1265
18 1416
35 1495
34 1270
14 1068
36 1289
31 1243
21 1087
22 1220
37 1185
33 1018
28 1114
13 1388
39 1046
14 1069
18 1041
45 1391
18 1360
19 1475
11 1397
43 1284
19 1499
22 1357
28 1179
11 1253
12 1271
45 1418
28 1132
24 1321
25 1361
49 1473
13 1209
45 1387
39 1338
17 1251
45 1153
48 1187
42 1163
41 1254
17 1303
14 1014
45 1471
42 1028
36 1141
48 1178
36 1425
21 1324
15 1388
47 1029
21 1120
43 1307
46 1335
43 1138
18 1397
29 1345
38 1074
32 1490
49 1479
33 1341
22 1232
26 1126
43 1050
15 1069
20 1122
46 1251
16 1282
20 1089
35 1390
42 1149
30 1048
31 1222
41 1337
23 1279
22 1318
39 1129
35 1436
33 1429
21 1033
48 1405
47 1200
35 1337
26 1473
24 1154
49 1098
11 1408
33 1335
22 1129
30 1356
32 1308
36 1478
34 1097
36 1201
25 1172
20 1396
37 1125
32 1474
44 1100
41 1084
17 1346
48 1235
20 1036
39 1472
25 1079
32 1327
47 1342
27 1369
38 1406
29 1269
38 1419
15 1023
32 1490
34 1096
38 1158
20 1349
29 1378
19 1309
45 1446
32 1210
47 1066
17 1079
24 1004
19 1170
12 1066
49 1139
43 1350
23 1031
46 1096
39 1415
44 1156
41 1151
15 1427
20 1462
11 1161
12 1037
31 1214
10 1023
21 1102
44 1411
33 1216
11 1315
42 1215
35 1268
32 1416
24 1112
34 1066
10 1405
26 1084
44 1014
21 1356
29 1172
42 1482
43 1053
23 1162
34 1345
27 1341
17 1468
48 1461
40 1469
33 1296
12 1239
24 1193
29 1428
22 1372
32 1182
44 1025
22 1490
20 1339
33 1190
17 1280
18 1315
36 1254
46 1215
45 1050
11 1358
36 1005
43 1239
31 1150
44 1079
45 1230
11 1028
44 1433
15 1231
35 1415
20 1416
44 1352
41 1492
22 1156
25 1302
47 1157
26 1074
49 1434
21 1046
18 1376
11 1309
39 1294
44 1103
44 1378
38 1325
24 1396
45 1215
42 1103
42 1122
11 1337
11 1411
38 1114
34 1458
11 1275
47 1276
46 1185
20 1151
36 1425
47 1079
25 1217
23 1492
33 1373
10 1458
13 1136
46 1452
48 1175
12 1377
41 1300
22 1459
46 1297
42 1117
41 1266
17 1138
25 1324
34 1051
20 1478
24 1310
42 1438
42 1446
12 1301
44 1113
41 1027
27 1047
23 1357
37 1433
25 1048
28 1145
41 1183
46 1369
19 1226
13 1307
27 1486
35 1489
37 1461
26 1089
16 1213
34 1058
10 1331
45 1191
25 1230
42 1022
37 1472
41 1038
17 1081
12 1212
21 1229
34 1197
27 1137
40 1031
14 1313
32 1146
18 1433
26 1236
30 1065
42 1298
45 1051
16 1343
34 1478
21 1382
39 1006
27 1285
47 1223
22 1232
28 1196
28 1216
34 1011
46 1472
22 1106
40 1243
14 1008
30 1185
15 1062
15 1108
43 1291
31 1132
49 1202
12 1470
12 1211
38 1460
14 1038
14 1207
47 1052
39 1300
30 1319
26 1108
20 1035
20 1127
18 1138
16 1191
11 1144
44 1261
41 1426
10 1154
44 1193
41 1441
32 1057
19 1181
34 1125
19 1216
28 1176
20 1248
41 1248
32 1456
44 1281
44 1128
32 1326
27 1001
12 1160
33 1297
42 1445
24 1029
15 1196
26 1328
28 1362
43 1284
37 1155
44 1271
16 1317
37 1221
14 1103
32 1166
39 1307
32 1109
12 1152
10 1235
39 1099
17 1047
48 1375
19 1427
17 1283
47 1221
31 1189
21 1029
36 1473
45 1488
18 1293
32 1048
40 1154
45 1143
37 1287
34 1395
48 1456
47 1106
30 1444
34 1119
32 1335
25 1338
42 1367
46 1183
49 1226
31 1311
22 1291
12 1285
16 1225
29 1279
46 1294
31 1456
32 1064
11 1352
37 1092
24 1222
49 1449
29 1389
33 1292
45 1417
28 1331
37 1047
12 1055
24 1296
22 1098
13 1480
41 1022
49 1324
20 1054
35 1249
18 1463
24 1097
10 1273
37 1448
27 1111
28 1069
40 1044
13 1097
19 1139
41 1240
31 1106
17 1492
11 1361
41 1131
42 1327
22 1456
17 1008
16 1094
23 1190
42 1336
24 1124
45 1129
10 1101
17 1363
28 1348
30 1222
21 1266
21 1166
32 1162
34 1339
33 1028
42 1083
27 1124
17 1492
44 1097
26 1063
40 1277
16 1116
41 1062
36 1185
21 1280
46 1269
48 1236
42 1266
10 1474
16 1486
45 1446
46 1182
48 1466
42 1189
15 1071
14 1242
19 1185
10 1222
23 1280
12 1493
14 1327
19 1427
21 1241
20 1495
14 1304
37 1444
30 1414
33 1021
10 1032
14 1101
27 1046
27 1419
38 1032
30 1176
47 1001
38 1338
37 1119
40 1113
41 1390
45 1166
23 1471
31 1097
26 1344
17 1038
34 1169
14 1365
15 1104
25 1385
10 1145
29 1468
29 1436
26 1170
18 1191
49 1259
35 1163
27 1180
21 1202
26 1433
44 1171
42 1042
40 1136
48 1339
33 1146
40 1278
42 1207
31 1359
24 1237
35 1169
15 1325
31 1450
42 1304
10 1044
26 1493
12 1005
26 1497
30 1202
37 1010
27 1334
18 1361
45 1402
38 1471
16 1205
30 1258
19 1079
11 1315
23 1330
33 1473
16 1398
43 1257
33 1191
21 1077
12 1260
29 1194
43 1132
28 1378
38 1278
10 1255
23 1035
42 1101
35 1158
28 1353
19 1155
49 1031
23 1432
33 1011
24 1410
46 1308
10 1222
21 1473
27 1492
49 1057
15 1390
15 1023
19 1440
48 1321
34 1067
41 1210
47 1288
11 1155
27 1329
21 1157
16 1178
47 1149
17 1323
32 1007
39 1303
39 1367
17 1216
13 1353
32 1216
39 1349
38 1095
39 1192
44 1219
39 1254
23 1486
31 1353
37 1212
40 1444
24 1449
31 1310
49 1454
30 1463
23 1357
21 1144
48 1122
33 1487
42 1171
14 1315
29 1090
40 1247
15 1319
46 1195
46 1154
27 1291
29 1157
32 1355
21 1337
26 1156
46 1499
49 1211
15 1250
47 1223
26 1473
26 1419
23 1382
15 1331
11 1370
30 1192
17 1090
13 1119
19 1091
45 1090
17 1258
14 1008
48 1191
33 1366
30 1335
20 1155
27 1327
14 1120
21 1034
10 1357
24 1280
37 1287
39 1251
20 1097
42 1322
47 1087
17 1155
15 1385
10 1239
26 1307
28 1321
46 1279
29 1151
25 1039
10 1146
26 1277
43 1189
38 1367
28 1109
26 1283
33 1016
28 1457
19 1010
17 1479
14 1145
41 1291
38 1469
21 1481
27 1123
18 1447
39 1340
18 1342
49 1092
48 1198
34 1077
25 1238
21 1241
35 1470
29 1346
28 1283
42 1401
19 1056
30 1339
37 1272
49 1478
16 1391
26 1086
10 1318
48 1457
35 1360
22 1381
27 1335
27 1248
33 1179
19 1103
31 1425
20 1248
42 1457
23 1082
48 1381
40 1313
12 1372
41 1480
45 1321
35 1410
33 1496
10 1240
11 1240
27 1089
10 1207
42 1497
33 1325
30 1250
17 1266
25 1280
19 1027
39 1224
29 1108
36 1012
45 1446
27 1427
32 1422
49 1138
43 1305
29 1469
24 1117
38 1443
33 1002
29 1463
27 1230
47 1038
47 1112
29 1374
10 1092
35 1121
11 1429
21 1203
20 1456
40 1269
21 1295
45 1184
36 1252
31 1362
32 1183
45 1358
35 1337
32 1096
22 1025
39 1486
23 1434
15 1294
22 1398
11 1293
45 1263
32 1073
39 1181
44 1169
22 1302
24 1444
28 1422
42 1498
12 1016
17 1050
35 1468
22 1277
33 1370
33 1290
28 1184
39 1085
41 1148
21 1389
49 1192
48 1385
21 1006
39 1198
26 1104
14 1145
37 1169
12 1432
47 1444
16 1024
11 1166
38 1487
34 1120
20 1412
10 1343
20 1236
23 1412
37 1435
30 1366
38 1141
23 1457
37 1240
25 1301
36 1326
23 1007
45 1306
38 1218
41 1426
29 1386
26 1477
33 1231
12 1302
49 1252
33 1143
40 1172
34 1337
27 1035
25 1206
46 1431
46 1042
29 1207
10 1426
22 1412
29 1003
16 1295
41 1361
35 1084
23 1253
33 1123
49 1114
20 1023
27 1027
45 1475
45 1238
20 1190
11 1004
40 1438
28 1439
32 1306
16 1393
38 1234
13 1498
35 1047
46 1003
33 1350
41 1075
18 1010
43 1294
22 1340
16 1448
25 1159
24 1023
36 1444
20 1445
45 1086
41 1312
20 1310
19 1441
49 1371
32 1112
11 1042
30 1247
38 1497
20 1159
16 1461
40 1000
35 1403
13 1163
19 1463
42 1009
39 1108
21 1368
42 1062
28 1240
21 1347
33 1488
35 1047
36 1425
22 1394
15 1190
27 1482
22 1108
30 1166
17 1002
20 1404
20 1258
24 1275
12 1132
36 1377
38 1439
26 1121
45 1276
23 1408
18 1165
33 1456
28 1450
48 1397
30 1381
25 1080
31 1090
47 1105
41 1220
20 1460
21 1396
27 1194
46 1080
12 1178
32 1457
16 1469
34 1053
20 1103
31 1129
37 1238
48 1197
23 1099
20 1156
32 1440
14 1020
20 1491
30 1237
34 1269
35 1161
39 1066
10 1024
18 1475
13 1253
21 1067
14 1043
40 1089
37 1452
38 1333
27 1393
43 1354
29 1069
39 1290
35 1252
35 1492
16 1309
17 1211
43 1231
48 1289
18 1389
33 1312
14 1158
10 1352
28 1035
19 1104
17 1307
37 1331
39 1077
37 1357
48 1205
20 1071
22 1459
20 1447
34 1328
20 1231
41 1499
37 1400
12 1243
16 1192
29 1029
33 1374
47 1445
10 1400
47 1145
21 1285
41 1157
17 1036
30 1465
47 1456
19 1088
12 1060
28 1017
44 1330
38 1126
49 1484
11 1184
11 1216
35 1408
34 1073
16 1108
26 1116
18 1276
15 1360
23 1483
32 1191
31 1261
49 1245
37 1082
43 1012
38 1318
36 1058
39 1016
32 1476
27 1180
27 1381
29 1041
23 1070
17 1401
22 1346
47 1450
37 1334
49 1333
27 1293
19 1118
25 1203
25 1334
14 1160
39 1224
43 1483
40 1140
43 1040
43 1025
30 1269
11 1116
33 1255
32 1012
13 1031
24 1415
39 1076
23 1308
37 1412
23 1276
33 1417
49 1018
41 1325
21 1197
19 1475
34 1057
39 1211
39 1008
19 1167
47 1055
35 1461
44 1497
23 1009
39 1401
21 1461
31 1290
10 1117
10 1422
21 1297
49 1357
16 1273
29 1093
19 1390
34 1327
21 1329
39 1229
29 1283
43 1089
25 1221
38 1293
33 1267
14 1043
29 1429
40 1223
16 1128
22 1217
37 1308
32 1151
20 1068
21 1476
34 1050
25 1138
25 1425
19 1070
33 1115
36 1372
13 1312
42 1321
28 1410
15 1233
16 1426
28 1445
17 1131
10 1186
10 1169
13 1194
43 1400
40 1123
23 1072
31 1242
47 1018
40 1086
46 1228
16 1294
21 1106
18 1433
12 1244
38 1142
29 1258
15 1394
38 1412
37 1460
49 1073
25 1200
46 1092
34 1424
31 1302
21 1053
10 1146
26 1458
42 1285
39 1148
17 1053
28 1117
47 1354
27 1374
47 1178
48 1045
20 1232
28 1079
38 1057
18 1311
38 1282
46 1272
39 1027
19 1170
42 1371
49 1463
35 1192
23 1000
47 1229
36 1187
49 1294
47 1187
20 1490
38 1303
36 1293
20 1177
28 1428
17 1397
41 1404
15 1440
12 1294
45 1077
47 1125
21 1176
10 1296
43 1247
10 1203
20 1109
48 1293
42 1086
30 1383
48 1031
37 1444
20 1376
36 1317
31 1194
25 1420
17 1290
10 1477