4000 2000
25 1036
33 1448
25 1004
47 1237
13 1038
11 1181
18 1104
39 1253
15 1047
40 1251
18 1244
44 1064
45 1116
41 1118
21 1193
39 1174
39 1193
15 1468
17 1362
39 1315
44 1438
23 1020
45 1423
30 1386
11 1199
22 1236
46 1031
11 1060
37 1185
24 1357
19 1184
39 1011
14 1291
13 1480
28 1462
41 1142
12 1035
30 1341
22 1057
21 1009
40 1483
49 1005
13 1154
27 1295
11 1247
38 1194
11 1249
45 1148
25 1439
12 1149
21 1180
16 1459
19 1005
22 1133
24 1279
10 1385
44 1367
21 1312
24 1411
18 1348
25 1333
16 1475
36 1135
24 1345
35 1010
26 1160
12 1130
31 1378
12 1345
13 1207
24 1487
31 1398
20 1398
27 1156
32 1412
25 1043
41 1257
38 1013
48 1040
15 1486
35 1469
20 1408
15 1011
24 1323
40 1037
13 1431
46 1288
13 1142
40 1394
14 1302
36 1195
20 1003
18 1148
43 1360
49 1206
31 1460
45 1235
49 1397
42 1499
36 1097
49 1089
27 1145
37 1482
40 1117
47 1083
30 1127
10 1404
24 1267
24 1259
16 1489
46 1469
12 1175
16 1481
35 1305
30 1473
39 1062
28 1388
41 1064
41 1435
13 1239
49 1071
43 1390
43 1378
13 1160
10 1078
36 1463
37 1427
45 1411
38 1104
37 1309
43 1368
34 1241
11 1173
29 1278
41 1013
20 1242
41 1011
29 1123
31 1362
28 1426
42 1318
40 1055
32 1035
24 1416
21 1486
48 1038
14 1269
10 1366
31 1126
41 1228
12 1200
35 1245
31 1124
48 1047
10 1272
47 1335
24 1334
32 1416
47 1230
18 1061
48 1005
18 1015
32 1073
28 1452
28 1480
26 1483
24 1134
20 1146
29 1369
42 1016
40 1373
22 1397
14 1206
24 1474
25 1048
47 1482
20 1476
14 1147
38 1416
35 1056
38 1053
49 1198
22 1419
30 1097
35 1405
42 1342
30 1086
19 1345
34 1307
18 1166
48 1394
26 1183
29 1145
28 1050
13 1115
36 1027
43 1045
15 1481
34 1072
32 1315
15 1406
22 1115
21 1012
37 1097
31 1000
29 1431
15 1044
30 1238
15 1416
11 1456
15 1445
33 1315
23 1259
33 1218
39 1055
25 1470
38 1449
23 1019
34 1259
38 1256
18 1023
40 1317
31 1058
31 1373
10 1351
15 1251
20 1161
10 1417
42 1216
25 1385
11 1135
43 1010
24 1201
17 1170
20 1433
25 1258
24 1339
21 1278
16 1123
32 1022
37 1134
18 1277
40 1134
27 1060
31 1069
32 1445
17 1440
26 1462
26 1317
30 1032
28 1043
23 1491
46 1489
25 1409
18 1366
12 1210
32 1435
36 1378
40 1340
46 1196
30 1024
32 1144
36 1481
41 1144
26 1293
27 1493
40 1421
14 1493
35 1043
36 1325
37 1125
27 1343
19 1350
31 1066
20 1257
24 1097
36 1057
10 1377
28 1388
12 1142
25 1270
39 1446
26 1248
12 1294
39 1161
42 1192
26 1354
36 1421
21 1256
24 1050
34 1024
38 1076
25 1298
25 1045
41 1369
29 1243
32 1491
34 1161
46 1242
31 1275
36 1439
46 1047
27 1143
47 1144
38 1392
12 1216
32 1349
31 1446
17 1078
39 1424
41 1086
15 1420
40 1415
41 1390
21 1211
45 1005
44 1061
46 1381
15 1365
14 1075
27 1005
13 1028
32 1291
23 1359
24 1408
29 1130
17 1223
39 1370
48 1157
45 1101
48 1297
18 1296
23 1322
34 1235
16 1022
19 1261
10 1272
38 1314
17 1074
34 1203
31 1494
26 1156
10 1158
41 1451
11 1440
39 1014
18 1312
20 1039
14 1185
32 1151
31 1376
36 1125
47 1015
18 1354
24 1177
39 1247
47 1191
31 1024
28 1041
23 1097
34 1475
16 1459
25 1310
31 1301
10 1282
14 1473
33 1219
38 1161
21 1414
12 1025
45 1144
48 1119
28 1072
27 1380
41 1267
43 1463
43 1000
34 1411
38 1003
48 1490
49 1481
39 1453
18 1202
22 1339
49 1114
41 1438
44 1288
48 1381
43 1256
13 1357
15 1047
28 1316
43 1357
47 1439
17 1180
31 1292
49 1286
23 1014
24 1296
38 1453
47 1317
33 1172
47 1439
43 1022
34 1497
31 1473
48 1183
40 1008
30 1292
44 1230
15 1370
19 1290
34 1330
49 1411
41 1212
43 1084
14 1338
43 1442
11 1357
24 1434
39 1369
16 1393
20 1201
24 1355
44 1347
36 1241
10 1444
29 1078
45 1314
29 1452
16 1078
39 1488
32 1038
11 1301
31 1140
15 1228
38 1404
11 1194
33 1372
10 1022
38 1114
12 1227
21 1482
31 1033
49 1231
18 1057
47 1486
13 1275
17 1459
13 1206
26 1048
36 1027
31 1395
31 1391
36 1165
15 1455
28 1458
21 1113
38 1434
24 1470
11 1123
14 1033
35 1312
16 1350
29 1344
40 1307
29 1007
46 1418
42 1316
45 1460
19 1380
17 1004
41 1399
41 1121
36 1337
23 1422
49 1048
37 1085
23 1471
19 1106
40 1073
33 1499
35 1408
11 1472
20 1397
12 1164
40 1393
37 1258
33 1092
18 1206
33 1058
11 1063
29 1215
39 1469
29 1267
13 1149
37 1232
39 1015
23 1161
24 1353
13 1123
21 1009
43 1427
12 1006
14 1368
41 1107
24 1170
30 1318
35 1459
41 1091
31 1401
47 1307
31 1355
24 1271
17 1419
45 1298
27 1080
21 1461
33 1334
40 1326
14 1146
48 1478
37 1299
41 1169
21 1169
29 1052
27 1418
45 1221
20 1221
23 1234
34 1491
38 1438
18 1169
42 1113
30 1428
40 1166
30 1235
31 1394
35 1037
28 1194
11 1354
32 1216
30 1201
36 1138
35 1472
20 1316
15 1497
22 1418
31 1455
10 1178
35 1432
36 1488
22 1354
48 1231
38 1040
45 1101
44 1211
46 1088
31 1143
18 1169
39 1481
35 1171
17 1414
21 1244
10 1479
48 1259
47 1430
37 1242
41 1302
12 1341
13 1198
19 1459
46 1366
25 1012
40 1388
39 1036
21 1336
36 1028
11 1153
13 1364
10 1080
21 1299
40 1146
21 1157
25 1166
36 1496
46 1007
25 1255
28 1163
42 1452
47 1424
36 1382
42 1306
46 1139
41 1433
39 1165
38 1110
38 1086
45 1485
43 1141
20 1209
49 1293
33 1320
10 1402
29 1049
40 1277
18 1309
31 1151
14 1241
48 1250
11 1225
35 1259
17 1069
30 1198
49 1286
33 1450
16 1271
39 1129
28 1292
44 1038
45 1212
40 1149
36 1088
38 1151
39 1465
45 1273
40 1048
49 1322
36 1044
42 1490
24 1246
15 1095
30 1023
14 1035
27 1147
49 1133
42 1454
14 1436
15 1130
42 1471
14 1004
16 1263
25 1262
45 1392
26 1007
32 1427
32 1072
20 1015
26 1044
37 1457
36 1494
26 1015
21 1443
12 1376
29 1472
47 1379
11 1335
22 1417
22 1384
29 1313
49 1323
41 1102
29 1296
42 1461
45 1304
47 1303
14 1191
23 1496
23 1134
48 1276
42 1182
17 1283
29 1058
37 1190
26 1171
42 1468
32 1219
19 1286
47 1207
42 1470
47 1420
29 1304
36 1136
32 1492
42 1014
26 1082
20 1057
13 1211
24 1120
24 1481
24 1237
46 1029
27 1205
16 1215
23 1133
36 1104
17 1207
35 1010
23 1371
31 1387
46 1202
25 1481
29 1313
16 1200
31 1305
41 1005
26 1290
44 1278
24 1230
37 1049
20 1485
45 1193
41 1098
36 1250
11 1408
19 1169
23 1230
14 1137
27 1168
24 1088
45 1351
13 1111
47 1366
14 1185
41 1356
29 1401
42 1235
41 1337
41 1102
13 1403
47 1062
34 1107
41 1084
33 1244
29 1232
41 1114
10 1468
16 1486
44 1377
40 1156
48 1128
13 1125
41 1172
49 1112
33 1411
18 1484
34 1320
21 1041
24 1306
43 1168
42 1211
25 1026
18 1462
37 1028
20 1282
12 1468
12 1210
28 1411
12 1413
26 1411
39 1110
19 1023
33 1405
15 1303
34 1184
30 1329
32 1453
36 1371
23 1339
36 1081
25 1483
17 1393
36 1008
35 1165
48 1401
16 1441
41 1400
31 1061
36 1262
46 1440
15 1480
28 1234
21 1368
19 1497
10 1260
13 1315
43 1149
27 1431
10 1226
39 1265
20 1332
33 1013
14 1244
35 1470
14 1125
34 1420
39 1007
25 1438
16 1453
36 1189
29 1385
26 1271
18 1308
41 1190
25 1342
27 1133
48 1279
16 1477
29 1049
33 1008
35 1102
39 1455
32 1233
40 1032
12 1179
12 1029
36 1323
32 1017
20 1413
35 1012
27 1119
27 1070
12 1303
19 1230
24 1410
34 1246
26 1264
45 1052
23 1015
22 1180
45 1204
21 1353
26 1298
47 1437
48 1200
15 1473
27 1214
25 1141
45 1033
32 1052
47 1165
28 1465
44 1052
11 1374
29 1420
37 1071
24 1075
24 1153
47 1160
21 1127
11 1229
11 1089
33 1483
36 1160
38 1146
47 1478
43 1485
14 1350
21 1265
19 1336
40 1103
46 1173
13 1257
23 1260
35 1103
33 1486
13 1277
10 1031
26 1294
36 1254
12 1190
13 1472
39 1088
13 1418
47 1339
20 1076
23 1357
21 1102
44 1111
32 1045
37 1173
26 1460
39 1142
39 1019
41 1118
25 1048
41 1200
33 1176
22 1197
39 1133
18 1194
16 1355
32 1342
25 1041
16 1040
48 1283
26 1330
39 1118
26 1235
45 1386
44 1325
43 1073
36 1489
20 1078
45 1212
44 1267
21 1321
45 1196
20 1135
15 1295
18 1416
32 1198
27 1410
13 1344
42 1335
17 1455
30 1060
31 1130
37 1262
12 1341
49 1346
24 1091
24 1183
20 1155
23 1352
26 1470
44 1023
28 1040
35 1489
17 1046
46 1367
11 1120
24 1171
44 1191
48 1210
35 1312
44 1138
48 1282
36 1370
36 1155
41 1263
30 1330
22 1136
31 1068
35 1224
34 1228
24 1022
15 1121
29 1188
28 1465
26 1262
28 1388
19 1116
20 1202
21 1363
34 1159
13 1343
18 1269
11 1404
20 1380
39 1144
47 1012
45 1302
41 1495
13 1074
39 1384
21 1275
18 1415
42 1004
10 1051
41 1018
16 1345
40 1202
47 1148
20 1011
18 1211
35 1023
14 1085
48 1038
15 1453
20 1369
39 1182
30 1256
46 1076
47 1051
17 1043
46 1035
43 1177
29 1355
13 1048
38 1004
34 1386
30 1142
42 1370
44 1227
31 1163
27 1325
49 1211
45 1214
22 1447
19 1099
49 1244
43 1372
42 1123
15 1382
47 1057
44 1023
39 1326
48 1207
45 1331
33 1325
32 1211
18 1270
38 1496
23 1081
12 1242
27 1484
37 1185
35 1147
48 1183
39 1224
44 1475
21 1484
28 1052
39 1376
19 1009
15 1231
42 1004
14 1176
23 1200
10 1255
14 1450
47 1221
33 1386
21 1252
37 1344
18 1331
21 1051
13 1332
14 1285
25 1139
39 1272
47 1039
12 1073
32 1374
10 1256
37 1064
23 1361
22 1110
28 1385
21 1088
14 1058
42 1226
31 1175
40 1459
43 1092
29 1399
43 1474
21 1057
45 1049
35 1017
40 1056
45 1135
43 1114
29 1382
31 1418
23 1142
35 1299
39 1318
33 1357
36 1023
39 1447
43 1415
17 1044
33 1478
17 1096
32 1230
41 1249
17 1212
28 1151
44 1208
46 1493
20 1460
30 1314
39 1188
25 1416
11 1367
30 1348
45 1485
26 1379
44 1428
12 1103
11 1221
45 1318
26 1316
28 1418
16 1116
32 1070
18 1092
48 1348
27 1214
21 1214
10 1057
36 1012
34 1470
25 1348
21 1025
38 1213
10 1403
25 1183
24 1399
20 1037
12 1136
31 1046
44 1090
46 1396
21 1313
12 1479
25 1360
33 1075
46 1338
29 1446
24 1468
18 1207
38 1452
34 1219
32 1263
22 1315
10 1208
20 1083
47 1158
27 1361
42 1358
18 1462
49 1193
26 1427
30 1147
26 1396
17 1483
31 1106
10 1000
30 1326
43 1309
13 1046
39 1027
26 1474
22 1036
42 1281
32 1172
38 1326
26 1037
24 1344
14 1411
28 1157
29 1273
24 1390
29 1474
32 1369
16 1136
32 1000
35 1328
47 1494
44 1267
29 1490
36 1391
36 1108
17 1208
12 1225
34 1035
22 1422
36 1066
48 1320
14 1423
38 1433
11 1427
30 1341
24 1471
28 1150
20 1002
32 1499
33 1206
35 1155
35 1047
39 1323
17 1086
12 1226
37 1035
16 1062
46 1157
21 1158
43 1025
22 1429
28 1093
31 1042
38 1407
26 1072
37 1462
36 1036
13 1498
27 1445
41 1348
36 1322
24 1127
10 1496
29 1425
27 1394
33 1315
19 1076
13 1302
25 1221
49 1376
41 1449
33 1407
10 1268
14 1122
37 1483
28 1018
31 1146
40 1330
11 1077
48 1428
33 1318
34 1093
20 1492
19 1177
20 1470
29 1102
36 1331
26 1029
10 1114
44 1364
46 1337
36 1206
37 1375
43 1192
39 1410
39 1013
21 1200
47 1088
37 1202
29 1228
18 1217
32 1452
39 1172
20 1414
21 1270
36 1150
31 1457
40 1496
45 1095
29 1131
30 1142
45 1374
22 1330
28 1187
25 1157
41 1360
27 1086
11 1424
21 1406
49 1310
35 1479
48 1463
34 1143
32 1261
45 1129
40 1247
49 1463
21 1412
21 1200
47 1324
16 1237
13 1478
24 1270
46 1259
32 1396
43 1346
28 1469
27 1103
17 1485
45 1481
44 1425
31 1417
25 1422
35 1274
30 1091
33 1018
36 1476
21 1367
23 1180
33 1460
26 1365
22 1182
17 1305
15 1315
43 1076
19 1182
23 1416
26 1303
18 1192
42 1209
10 1434
38 1137
22 1043
14 1380
15 1094
32 1008
16 1146
26 1097
31 1002
17 1418
48 1368
23 1076
23 1262
32 1425
14 1077
18 1497
31 1165
34 1276
22 1110
20 1155
37 1102
12 1026
29 1237
29 1252
27 1375
34 1413
22 1217
13 1131
40 1326
47 1160
11 1044
27 1332
38 1238
23 1309
42 1304
36 1222
29 1302
18 1424
28 1108
17 1215
32 1021
30 1258
43 1373
14 1219
44 1096
12 1313
25 1081
20 1203
48 1303
12 1252
47 1335
16 1404
16 1217
28 1181
10 1271
22 1476
36 1075
47 1496
10 1325
21 1091
48 1186
46 1021
13 1164
48 1370
29 1444
33 1040
32 1365
32 1257
33 1302
40 1406
16 1365
36 1449
19 1413
22 1044
45 1286
46 1188
33 1203
44 1460
17 1343
36 1092
21 1271
17 1370
22 1388
22 1293
14 1438
42 1097
44 1235
30 1369
44 1364
13 1396
14 1452
28 1302
22 1359
14 1314
40 1048
46 1088
25 1302
15 1123
37 1058
26 1173
33 1215
33 1228
21 1377
33 1338
26 1183
27 1037
30 1414
33 1457
48 1108
14 1196
40 1493
27 1347
26 1247
23 1367
20 1167
42 1406
47 1365
25 1072
28 1465
39 1240
16 1454
17 1460
11 1060
22 1467
31 1209
12 1126
21 1028
15 1416
33 1342
14 1487
47 1226
18 1067
35 1147
31 1474
11 1054
19 1183
48 1102
12 1266
36 1363
26 1108
37 1365
11 1059
27 1249
45 1344
38 1192
44 1192
34 1148
18 1043
28 1245
47 1148
13 1001
26 1348
37 1447
32 1107
18 1424
21 1176
47 1122
46 1243
42 1408
29 1412
42 1381
38 1081
36 1259
21 1243
19 1083
48 1376
40 1447
42 1404
34 1215
43 1247
42 1134
41 1052
34 1349
48 1380
14 1171
41 1070
45 1140
12 1360
35 1175
49 1419
14 1111
38 1339
19 1331
39 1195
32 1256
32 1354
11 1190
12 1015
22 1004
47 1382
10 1059
19 1437
22 1269
12 1002
48 1459
14 1389
22 1215
24 1392
44 1111
47 1270
45 1097
49 1147
35 1018
37 1230
37 1156
35 1413
45 1427
10 1133
37 1090
33 1480
30 1027
15 1131
44 1313
29 1122
31 1145
11 1380
43 1124
11 1285
39 1109
27 1059
48 1432
35 1428
40 1179
12 1076
27 1272
11 1309
39 1273
46 1468
27 1269
19 1407
21 1152
44 1359
35 1067
41 1086
46 1170
31 1090
15 1368
20 1458
44 1140
13 1124
27 1072
25 1113
48 1301
30 1005
10 1306
44 1300
24 1058
41 1032
18 1367
30 1011
36 1339
47 1151
15 1220
47 1426
32 1244
25 1291
37 1195
35 1373
29 1089
33 1476
42 1146
28 1128
23 1301
25 1204
28 1018
41 1481
21 1063
42 1206
22 1045
37 1117
42 1144
40 1181
22 1439
14 1061
45 1285
21 1035
37 1358
42 1451
29 1236
35 1202
19 1212
26 1454
45 1001
42 1302
33 1483
26 1464
39 1440
40 1184
32 1001
47 1137
15 1294
19 1311
11 1366
33 1435
18 1214
46 1314
18 1039
25 1379
15 1275
39 1150
41 1238
27 1107
37 1235
20 1361
36 1356
20 1351
48 1012
42 1430
36 1086
25 1057
12 1363
15 1397
31 1265
23 1059
33 1280
38 1356
30 1002
30 1302
41 1191
20 1324
21 1309
15 1260
39 1114
11 1050
26 1486
37 1263
36 1249
33 1300
43 1154
44 1341
42 1025
46 1310
11 1297
18 1398
42 1057
16 1153
34 1188
30 1488
12 1275
34 1019
46 1122
20 1296
30 1230
31 1129
14 1175
46 1392
13 1013
29 1395
42 1492
20 1187
31 1129
16 1066
35 1158
22 1439
28 1286
19 1200
33 1259
13 1353
31 1436
32 1382
42 1233
49 1401
19 1057
34 1350
36 1122
18 1357
44 1116
35 1485
16 1006
17 1448
25 1316
46 1266
22 1343
25 1194
44 1129
26 1110
17 1183
15 1340
31 1384
13 1358
28 1138
41 1342
38 1457
15 1181
43 1129
21 1005
35 1171
28 1342
13 1219
24 1047
36 1468
43 1284
31 1152
33 1191
21 1439
47 1002
21 1232
20 1170
42 1055
35 1073
11 1491
32 1126
14 1066
35 1421
42 1050
48 1258
45 1146
45 1208
40 1006
33 1096
18 1180
29 1210
46 1389
36 1193
30 1481
31 1410
10 1005
16 1228
16 1071
34 1359
40 1250
49 1371
22 1308
29 1096
28 1038
39 1323
29 1238
22 1004
23 1058
26 1428
35 1238
49 1132
45 1425
29 1092
11 1470
22 1155
44 1387
48 1017
24 1223
32 1308
12 1111
35 1237
26 1374
24 1102
25 1180
25 1005
36 1472
12 1057
11 1200
19 1449
21 1286
38 1430
43 1301
17 1415
28 1086
47 1021
39 1106
43 1167
30 1239
32 1383
39 1093
46 1334
10 1360
36 1456
19 1357
14 1434
26 1008
45 1485
36 1447
29 1412
24 1270
16 1067
49 1076
14 1345
35 1217
28 1344
38 1120
21 1371
14 1473
12 1341
16 1159
44 1283
48 1030
29 1257
20 1464
27 1059
22 1451
28 1024
27 1296
23 1020
38 1030
38 1471
38 1068
36 1139
28 1189
44 1048
22 1137
21 1090
26 1164
38 1410
33 1226
36 1468
39 1236
18 1214
32 1024
36 1219
12 1111
26 1136
29 1447
41 1175
10 1216
45 1134
31 1005
29 1183
37 1357
14 1373
17 1084
23 1441
37 1375
36 1218
36 1338
21 1023
42 1198
31 1112
24 1183
41 1189
21 1457
37 1452
28 1348
12 1059
45 1052
21 1126
49 1264
48 1022
18 1479
27 1116
25 1351
27 1364
13 1283
47 1343
29 1153
11 1035
32 1332
13 1289
48 1484
12 1270
43 1363
38 1338
22 1350
23 1021
49 1436
46 1485
19 1141
35 1365
32 1331
34 1357
19 1055
32 1333
24 1123
35 1413
17 1490
24 1167
30 1149
30 1054
23 1266
23 1240
41 1291
22 1214
26 1245
47 1330
25 1386
12 1008
35 1442
17 1409
33 1253
30 1390
35 1208
34 1018
12 1392
26 1018
20 1414
18 1075
40 1051
23 1432
17 1281
24 1489
28 1215
19 1021
41 1413
46 1066
32 1445
15 1374
31 1022
46 1429
14 1029
16 1179
22 1490
16 1452
21 1118
28 1328
12 1275
22 1065
32 1399
46 1416
22 1460
39 1014
44 1234
33 1277
26 1351
39 1059
40 1369
17 1191
14 1350
28 1401
45 1462
34 1453
12 1470
41 1134
31 1366
40 1066
39 1091
13 1355
44 1399
31 1468
36 1106
10 1160
35 1378
48 1135
49 1331
47 1022
45 1008
24 1268
11 1159
19 1031
28 1220
24 1090
20 1247
17 1363
39 1015
11 1485
44 1407
22 1199
34 1013
12 1197
23 1474
17 1183
25 1083
11 1437
28 1231
44 1240
38 1416
45 1230
36 1189
46 1237
48 1468
33 1235
33 1481
37 1167
47 1308
12 1013
21 1453
47 1417
35 1234
40 1381
15 1480
48 1237
34 1179
13 1027
39 1066
43 1468
20 1497
36 1119
40 1198
15 1297
29 1082
40 1219
41 1475
22 1221
41 1492
32 1308
26 1201
28 1103
29 1270
18 1015
24 1410
18 1278
35 1471
48 1239
13 1284
39 1016
12 1160
21 1174
34 1159
42 1143
34 1115
46 1388
47 1399
16 1016
37 1075
20 1016
45 1139
13 1099
26 1092
49 1431
34 1283
31 1218
46 1483
23 1475
38 1377
14 1128
35 1430
17 1405
11 1360
34 1394
39 1217
26 1389
19 1056
46 1474
16 1026
19 1095
35 1064
31 1009
37 1318
11 1009
43 1009
42 1306
10 1445
28 1291
38 1421
37 1077
49 1325
26 1016
35 1298
28 1030
41 1472
12 1330
44 1259
19 1051
21 1100
43 1026
10 1499
41 1169
36 1059
37 1359
44 1143
32 1156
35 1174
25 1181
40 1186
21 1463
31 1291
27 1064
42 1345
23 1189
18 1482
49 1002
31 1399
15 1007
23 1253
16 1271
25 1013
28 1299
48 1134
30 1082
37 1137
14 1498
40 1169
10 1209
42 1154
36 1409
35 1257
45 1330
47 1450
18 1383
39 1215
33 1477
11 1150
41 1180
13 1192
18 1152
15 1490
14 1212
34 1376
48 1460
49 1251
26 1412
23 1228
30 1094
14 1252
36 1157
29 1296
38 1023
49 1002
23 1126
13 1040
39 1380
40 1087
27 1498
47 1378
29 1416
34 1298
32 1165
13 1313
28 1205
14 1470
46 1485
44 1394
46 1344
39 1354
17 1189
16 1477
11 1051
47 1012
45 1196
43 1452
24 1364
38 1227
20 1134
25 1223
16 1076
42 1029
37 1140
45 1375
22 1269
21 1123
37 1218
45 1289
40 1310
17 1067
40 1329
40 1453
46 1208
36 1394
26 1082
15 1101
29 1293
37 1345
41 1286
29 1177
41 1184
45 1106
22 1235
35 1198
35 1222
46 1247
45 1465
42 1186
22 1038
18 1402
17 1072
48 1462
46 1331
24 1045
36 1227
34 1356
29 1096
32 1258
21 1224
12 1090
42 1360
11 1414
32 1418
42 1387
28 1063
43 1194
40 1315
16 1148
11 1496
49 1397
14 1028
41 1130
30 1391
34 1148
10 1404
47 1354
33 1496
33 1498
41 1026
44 1476
28 1268
33 1472
38 1174
34 1242
15 1145
24 1034
29 1456
48 1117
37 1259
23 1009
42 1484
23 1004
38 1287
31 1071
11 1304
34 1236
26 1057
32 1405
48 1249
16 1372
34 1213
27 1183
36 1333
35 1165
43 1012
41 1491
22 1022
20 1354
13 1365
36 1032
38 1496
47 1425
24 1030
12 1365
14 1407
10 1084
35 1140
13 1272
44 1291
20 1201
24 1423
14 1088
22 1164
16 1011
18 1010
42 1112
19 1435
31 1096
45 1012
31 1404
33 1081
33 1360
18 1271
25 1467
37 1473
25 1315
14 1137
15 1417
42 1475
41 1149
10 1060
25 1331
37 1417
22 1493
11 1054
44 1252
12 1113
12 1161
41 1046
16 1016
37 1131
32 1216
22 1062
28 1293
28 1140
36 1447
44 1372
44 1168
21 1193
23 1285
39 1457
49 1130
32 1352
24 1136
25 1278
29 1317
32 1115
19 1044
25 1157
46 1485
12 1056
19 1181
31 1422
47 1059
13 1284
37 1362
45 1108
36 1002
40 1340
41 1456
43 1492
49 1175
46 1400
42 1175
22 1027
48 1481
24 1212
15 1433
11 1254
29 1005
20 1336
40 1121
23 1365
42 1423
25 1169
24 1272
30 1193
18 1084
37 1207
49 1462
37 1190
20 1343
39 1359
38 1091
18 1159
31 1083
28 1057
19 1000
39 1317
41 1072
35 1305
25 1128
47 1414
34 1019
40 1039
45 1158
15 1220
33 1093
40 1441
39 1314
40 1037
18 1023
20 1037
37 1154
30 1210
13 1021
29 1273
48 1124
47 1434
20 1197
45 1330
48 1050
30 1189
14 1020
11 1128
10 1287
21 1355
37 1496
40 1186
48 1449
22 1268
45 1235
46 1127
18 1003
12 1198
23 1319
44 1230
10 1451
11 1486
47 1180
14 1129
30 1119
46 1365
30 1398
32 1457
26 1409
48 1117
21 1310
24 1323
18 1093
34 1426
25 1421
36 1273
17 1217
11 1193
37 1496
47 1007
17 1048
37 1144
19 1348
20 1425
32 1448
15 1181
36 1273
38 1472
34 1177
44 1435
19 1161
11 1033
45 1025
25 1076
42 1330
28 1228
11 1312
36 1331
33 1172
28 1105
30 1031
23 1237
12 1363
17 1093
10 1232
36 1392
42 1357
42 1212
33 1221
49 1160
38 1031
16 1055
26 1122
29 1297
42 1344
34 1161
20 1488
30 1462
45 1410
25 1084
19 1056
49 1399
21 1382
40 1450
29 1480
25 1371
48 1000
43 1079
16 1052
32 1070
20 1214
43 1359
22 1360
20 1314
39 1294
14 1119
22 1155
49 1093
41 1130
13 1453
25 1344
23 1499
23 1490
11 1017
25 1466
40 1029
38 1497
16 1356
28 1126
12 1371
29 1279
49 1414
34 1020
47 1450
40 1054
38 1429
25 1238
15 1179
33 1362
48 1342
18 1393
33 1216
40 1484
43 1227
32 1399
14 1318
26 1302
21 1410
18 1349
43 1239
44 1498
21 1237
37 1000
41 1103
19 1212
38 1397
44 1487
13 1215
33 1121
27 1283
18 1319
28 1128
23 1300
29 1108
37 1225
37 1416
22 1191
48 1130
49 1222
18 1455
17 1445
30 1428
18 1063
26 1075
23 1420
16 1350
45 1203
19 1206
11 1387
19 1115
16 1379
33 1496
15 1481
40 1069
44 1434
45 1383
36 1342
18 1312
26 1203
29 1404
12 1073
17 1378
30 1089
32 1272
44 1083
39 1287
32 1490
47 1277
15 1177
27 1290
43 1480
12 1356
21 1411
43 1216
40 1252
23 1493
34 1058
42 1151
26 1369
48 1126
43 1103
25 1067
46 1217
20 1384
14 1157
19 1350
20 1145
33 1140
26 1026
21 1060
15 1045
47 1111
44 1479
33 1023
42 1169
11 1328
36 1170
10 1003
25 1087
12 1434
35 1175
16 1266
26 1114
17 1175
16 1424
21 1422
47 1155
16 1210
23 1364
27 1205
18 1356
46 1297
10 1232
42 1423
17 1012
10 1220
22 1248
41 1310
15 1428
21 1429
15 1471
24 1063
38 1360
47 1425
21 1167
38 1138
11 1158
23 1010
47 1380
37 1372
38 1111
27 1097
19 1286
43 1119
17 1441
34 1218
16 1416
24 1373
38 1078
15 1470
28 1006
13 1318
24 1177
13 1063
25 1289
43 1439
16 1447
27 1176
17 1414
28 1013
36 1189
43 1022
11 1230
17 1264
23 1076
23 1462
26 1027
42 1387
10 1044
19 1042
37 1016
19 1138
18 1499
36 1491
49 1441
27 1493
33 1027
14 1154
41 1224
15 1052
41 1237
34 1364
29 1009
33 1103
43 1036
43 1056
41 1057
39 1351
45 1259
37 1231
30 1055
46 1379
48 1458
18 1328
39 1362
36 1112
28 1051
44 1086
23 1364
44 1491
17 1447
36 1487
31 1167
39 1476
11 1166
32 1198
31 1186
23 1392
48 1095
38 1107
34 1449
36 1498
25 1303
11 1492
34 1152
16 1177
27 1199
21 1377
22 1326
45 1085
24 1428
12 1242
20 1262
31 1198
48 1100
47 1372
46 1309
11 1437
21 1116
28 1391
29 1432
23 1330
44 1473
40 1159
33 1022
41 1005
22 1369
33 1010
10 1409
22 1338
15 1437
21 1436
29 1315
40 1250
41 1240
39 1448
37 1215
48 1016
46 1045
24 1449
30 1346
14 1025
26 1227
44 1109
44 1015
16 1087
16 1377
40 1250
40 1064
46 1476
45 1205
48 1152
42 1287
20 1254
13 1480
25 1173
12 1022
39 1293
24 1012
20 1202
19 1463
40 1267
42 1394
21 1351
20 1488
11 1046
43 1493
19 1346
17 1021
19 1216
38 1244
35 1362
31 1213
43 1277
45 1142
46 1199
34 1160
29 1319
35 1490
12 1123
10 1003
26 1201
13 1464
21 1082
30 1427
34 1116
43 1122
18 1147
44 1490
30 1476
11 1036
19 1425
19 1487
20 1489
48 1423
47 1081
19 1349
37 1362
37 1018
25 1286
49 1421
36 1071
12 1218
36 1016
42 1349
36 1275
41 1130
36 1384
30 1324
42 1396
24 1147
29 1329
27 1393
37 1146
48 1216
18 1234
44 1460
16 1286
10 1249
35 1179
34 1192
20 1174
28 1042
44 1039
44 1067
37 1359
30 1396
16 1348
21 1321
42 1066
16 1105
19 1004
20 1100
46 1316
38 1122
46 1132
19 1401
44 1008
12 1097
16 1260
36 1124
26 1148
36 1025
40 1447
31 1091
22 1339
33 1040
23 1168
43 1255
47 1158
30 1170
46 1325
30 1296
48 1122
18 1420
23 1036
17 1469
43 1096
26 1013
27 1065
34 1357
17 1226
43 1234
45 1075
49 1375
13 1124
21 1252
13 1339
48 1121
45 1056
44 1126
15 1361
11 1371
26 1151
24 1115
41 1013
38 1013
37 1132
49 1491
11 1349
16 1485
38 1360
17 1336
14 1100
17 1156
46 1100
15 1223
41 1172
14 1184
35 1337
36 1265
25 1311
31 1166
16 1008
32 1485
11 1279
40 1132
10 1493
45 1002
37 1139
41 1165
27 1141
44 1255
30 1265
21 1285
35 1128
40 1339
41 1078
30 1345
42 1275
21 1285
47 1446
18 1099
36 1409
35 1010
15 1428
35 1013
28 1363
32 1030
26 1498
40 1214
41 1058
27 1096
25 1133
46 1482
28 1314
11 1371
33 1437
39 1216
24 1097
31 1382
37 1495
25 1051
38 1243
37 1179
36 1210
16 1479
13 1353
40 1271
19 1105
28 1221
40 1313
48 1138
41 1209
26 1183
13 1431
24 1074
30 1178
26 1322
35 1118
15 1441
34 1497
45 1111
15 1331
12 1466
46 1193
32 1388
40 1212
30 1359
11 1104
19 1028
37 1121
34 1359
44 1427
35 1061
36 1198
14 1395
47 1248
46 1062
32 1153
36 1045
22 1261
11 1495
24 1245
21 1240
47 1445
31 1035
47 1419
42 1359
39 1234
25 1149
11 1034
45 1307
37 1444
32 1370
24 1369
43 1483
22 1166
27 1248
18 1042
15 1010
25 1287
10 1129
39 1009
16 1241
32 1295
20 1368
35 1424
45 1208
39 1366
22 1189
10 1411
14 1399
16 1304
41 1033
40 1001
28 1309
12 1103
48 1421
39 1409
21 1027
39 1224
17 1264
36 1336
13 1025
16 1142
37 1290
36 1332
13 1345
42 1036
29 1070
18 1350
33 1049
44 1144
33 1146
45 1086
49 1474
13 1133
43 1375
42 1363
17 1417
46 1227
32 1151
33 1005
31 1294
38 1237
33 1108
34 1304
10 1104
26 1252
17 1209
10 1446
35 1147
36 1123
34 1243
11 1082
17 1459
20 1178
49 1290
32 1008
44 1328
28 1329
35 1083
12 1434
10 1230
29 1155
45 1024
32 1423
43 1326
25 1101
11 1385
40 1477
39 1498
40 1439
14 1441
40 1223
40 1188
43 1369
40 1387
35 1328
17 1313
43 1290
44 1388
44 1126
10 1122
48 1396
20 1464
44 1091
46 1207
41 1048
15 1398
17 1292
41 1148
24 1430
33 1255
25 1221
11 1334
12 1217
46 1298
40 1014
29 1297
17 1449
24 1260
40 1305
18 1177
15 1161
20 1096
44 1304
15 1427
17 1203
15 1217
25 1483
22 1191
41 1392
33 1430
18 1447
37 1461
32 1395
10 1170
17 1459
43 1261
12 1039
43 1245
43 1420
10 1087
40 1182
43 1233
30 1374
15 1334
19 1104
41 1290
14 1377
23 1385
34 1299
37 1112
25 1057
37 1363
45 1055
43 1099
47 1048
38 1091
37 1062
18 1370
14 1080
47 1297
17 1102
31 1101
44 1121
46 1187
32 1368
45 1251
44 1094
22 1439
34 1082
14 1279
40 1496
10 1193
46 1287
28 1347
47 1040
45 1026
35 1306
44 1239
13 1433
41 1264
42 1443
33 1169
21 1291
23 1233
29 1106
16 1409
21 1043
39 1314
19 1123
22 1129
41 1381
22 1285
28 1302
25 1254
45 1370
15 1195
15 1418
22 1466
13 1283
34 1423
43 1388
38 1322
24 1315
32 1183
32 1204
49 1467
45 1315
48 1002
12 1381
16 1252
15 1021
22 1488
31 1428
20 1214
42 1256
36 1185
46 1394
13 1226
10 1185
47 1312
30 1086
18 1415
27 1326
39 1328
30 1377
49 1210
44 1048
22 1361
14 1278
31 1239
28 1403
30 1241
43 1221
34 1435
47 1487
11 1487
15 1408
16 1438
11 1049
42 1113
47 1435
40 1345
44 1155
25 1162
47 1070
48 1080
16 1139
16 1359
13 1059
40 1174
30 1232
46 1285
26 1433
33 1087
49 1210
15 1167
25 1012
33 1419
27 1252
20 1148
42 1201
42 1138
25 1398
11 1285
24 1327
24 1011
27 1219
10 1483
38 1337
20 1461
20 1066
27 1379
47 1267
12 1021
38 1419
24 1136
15 1098
16 1402
22 1172
41 1211
27 1472
22 1366
31 1156
31 1059
39 1064
48 1022
40 1111
46 1349
47 1024
16 1229
43 1113
17 1116
42 1301
33 1410
44 1409
35 1134
13 1218
29 1365
35 1257
15 1463
38 1407
17 1045
18 1379
38 1360
45 1038
29 1375
30 1324
34 1261
48 1484
10 1164
15 1370
44 1165
15 1410
41 1220
41 1046
23 1219
10 1013
48 1068
16 1412
25 1163
42 1227
30 1055
34 1280
45 1173
13 1309
13 1226
20 1083
49 1163
39 1244
10 1143
27 1028
28 1347
43 1083
12 1420
25 1317
13 1299
27 1286
16 1496
20 1024
46 1417
39 1171
35 1477
34 1393
46 1322
43 1492
22 1018
35 1166
13 1078
31 1276
37 1438
32 1366
13 1392
43 1302
49 1145
17 1424
39 1224
49 1438
48 1115
38 1320
11 1402
49 1385
28 1198
21 1402
49 1239
29 1492
11 1437
44 1063
10 1255
43 1210
27 1118
47 1217
46 1416
25 1249
10 1352
18 1278
34 1136
39 1147
33 1348
44 1053
19 1460
49 1290
28 1264
14 1027
45 1096
33 1461
27 1077
16 1440
17 1160
37 1399
34 1244
22 1418
36 1478
19 1347
12 1483
30 1079
38 1052
17 1212
12 1044
46 1429
28 1491
27 1003
32 1215
38 1476
13 1014
30 1041
12 1439
20 1243
28 1190
16 1456
38 1418
38 1050
28 1047
21 1476
26 1115
28 1086
48 1268
19 1332
40 1061
18 1453
39 1024
38 1459
10 1234
13 1479
35 1201
43 1115
12 1378
43 1190
27 1209
40 1083
18 1498
43 1013
48 1040
11 1237
45 1398
40 1235
30 1344
31 1193
11 1415
22 1184
12 1218
22 1235
26 1019
15 1283
22 1002
23 1152
25 1020
28 1462
31 1271
32 1190
32 1237
10 1499
32 1139
19 1180
32 1479
10 1184
14 1058
17 1082
44 1461
27 1030
43 1393
33 1426
30 1344
32 1420
15 1032
38 1063
15 1053
14 1167
37 1115
20 1152
45 1338
12 1024
26 1144
48 1274
22 1155
15 1288
42 1165
34 1149
40 1153
44 1154
11 1192
25 1032
34 1466
38 1267
12 1077
16 1074
47 1307
43 1252
44 1350
22 1446
33 1329
49 1121
27 1465
23 1420
13 1005
12 1015
31 1035
31 1071
46 1002
28 1337
12 1136
31 1160
24 1013
17 1227
16 1279
31 1128
48 1005
11 1049
36 1260
49 1117
17 1083
44 1479
16 1369
40 1201
38 1002
46 1162
48 1155
48 1140
40 1384
13 1341
18 1009
17 1208
27 1189
36 1308
36 1229
41 1246
28 1225
30 1333
19 1195
45 1435
23 1443
14 1114
35 1004
33 1208
12 1005
28 1126
48 1012
25 1071
39 1368
17 1255
36 1384
30 1461
13 1251
38 1167
22 1326
16 1242
40 1258
10 1116
35 1012
31 1054
17 1498
45 1411
35 1400
40 1382
15 1279
23 1356
12 1355
13 1116
40 1249
20 1102
14 1403
15 1142
38 1106
26 1171
11 1119
38 1094
34 1328
26 1465
39 1116
39 1141
43 1189
34 1293
27 1294
39 1272
45 1399
32 1144
12 1036
34 1071
17 1373
32 1085
28 1246
24 1215
14 1295
22 1283
31 1246
45 1026
45 1337
42 1351
30 1184
44 1205
37 1161
14 1349
27 1414
28 1154
30 1154
28 1215
16 1119
40 1225
42 1223
20 1442
40 1156
32 1332
15 1355
41 1303
23 1384
30 1115
48 1443
33 1059
37 1265
26 1344
16 1125
19 1000
10 1257
32 1250
36 1282
24 1412
29 1412
46 1218
18 1381
39 1292
45 1435
37 1195
39 1370
16 1471
47 1417
28 1086
17 1114
29 1281
29 1111
25 1443
23 1117
14 1008
21 1345
21 1304
27 1470
15 1060
37 1104
10 1052
49 1299
29 1237
36 1118
26 1344
16 1281
44 1446
21 1244
41 1466
19 1472
16 1139
42 1337
41 1431
18 1023
25 1198
32 1214
15 1073
19 1105
35 1179
20 1432
34 1431
39 1185
32 1054
39 1120
48 1127
11 1168
12 1009
37 1167
13 1258
20 1469
28 1362
23 1154
18 1376
18 1076
17 1402
10 1430
24 1158
22 1003
46 1036
14 1162
27 1067
44 1323
17 1087
14 1366
17 1171
11 1320
14 1257
27 1080
45 1168
36 1233
47 1375
34 1181
13 1334
13 1429
11 1268
28 1385
38 1076
49 1184
13 1021
38 1433
30 1082
14 1339
27 1427
47 1392
27 1270
30 1323
10 1349
42 1304
13 1425
19 1496
17 1227
33 1012
31 1214
32 1448
42 1096
11 1329
46 1337
40 1099
34 1060
29 1197
49 1301
10 1336
37 1268
19 1043
43 1124
48 1146
37 1396
49 1083
44 1326
38 1373
42 1453
46 1149
20 1012
12 1021
12 1410
22 1158
24 1476
12 1405
30 1394
18 1365
24 1259
24 1065
34 1441
42 1161
17 1429
27 1445
44 1161
35 1186
21 1154
28 1390
14 1048
19 1062
24 1154
41 1121
11 1483
25 1025
41 1296
11 1431
22 1094
27 1465
39 1122
18 1412
38 1436
41 1348
46 1320
42 1267
43 1152
21 1358
14 1344
20 1387
36 1333
30 1196
40 1062
28 1465
20 1258
44 1082
39 1144
47 1386
34 1370
21 1129
29 1129
16 1457
24 1285
22 1228
11 1031
26 1199
37 1473
21 1049
43 1247
23 1445
48 1420
15 1484
47 1269
15 1048
19 1135
18 1135
13 1198
16 1058
34 1132
15 1459
31 1303
49 1078
35 1232
18 1131
28 1475
42 1499
38 1003
16 1320
25 1353
29 1044
25 1351
36 1100
48 1130
24 1493
20 1105
43 1490
45 1311
43 1421
46 1376
40 1468
20 1047
30 1182
31 1291
16 1171
22 1156
44 1268
10 1353
35 1489
47 1262
43 1246
49 1241
42 1487
17 1488
15 1464
17 1332
33 1479
27 1058
20 1009
21 1486
48 1400
27 1285
13 1094
22 1113
25 1060
21 1163
41 1136
35 1446
18 1131
30 1315
47 1078
13 1388
34 1267
46 1323
43 1241
40 1329
11 1321
13 1139
38 1452
39 1278
42 1318
47 1364
26 1380
14 1142
20 1025
34 1016
17 1144
21 1418
25 1328
42 1373
24 1420
31 1063
39 1156
43 1426
34 1193
32 1484
27 1048
12 1322
17 1071
46 1450
49 1241
18 1465
10 1179
31 1262
33 1096
12 1198
33 1274
42 1373
44 1300
13 1298
11 1346
22 1403
39 1114
12 1174
46 1172
11 1036
30 1365
22 1428
30 1072
23 1253
26 1323
27 1028
36 1050
39 1339
46 1020
25 1214
44 1075
34 1144
29 1126
10 1426
36 1414
37 1214
19 1329
16 1292
37 1367
27 1364
12 1195
44 1455
21 1446
10 1128
30 1089
39 1306
34 1453
22 1053
27 1428
19 1045
26 1490
10 1155
38 1055
14 1397
23 1118
35 1317
46 1463
37 1353
24 1454
32 1037
46 1388
34 1499
25 1487
13 1078
35 1336
41 1306
33 1391
41 1380
44 1014
41 1224
14 1073
18 1344
27 1497
37 1253
36 1354
41 1295
46 1180
40 1295
37 1477
27 1308
49 1236
47 1318
26 1406
43 1080
34 1374
49 1457
24 1083
46 1282
20 1400
45 1268
27 1059
16 1214
24 1398
19 1038
43 1403
18 1186
18 1176
16 1129
43 1435
47 1106
15 1153
39 1024
49 1084
22 1314
11 1009
44 1068
43 1078
10 1468
36 1195
49 1030
47 1481
10 1094
27 1330
21 1288
46 1277
39 1242
14 1154
49 1020
49 1175
43 1430
41 1087
41 1025
30 1132
38 1291
38 1428
23 1270
23 1017
11 1332
46 1487
42 1251
22 1102
17 1321
27 1213
18 1477
25 1305
23 1263
17 1055
48 1450
38 1482
16 1340
43 1133
16 1398
23 1226
13 1301
22 1074
14 1241
48 1132
15 1488
48 1029
18 1452
43 1292
22 1253
45 1259
45 1366
37 1032
41 1002
34 1485
37 1297
43 1133
16 1352
33 1447
10 1004
16 1407
19 1360
17 1349
25 1198
44 1369
48 1261
17 1271
41 1345
31 1011
40 1166
35 1008
30 1195
28 1121
36 1363
23 1093
31 1212
49 1329
33 1083
12 1055
27 1371
43 1491
38 1421
28 1221
10 1066
33 1190
35 1151
32 1279
34 1405
27 1001
33 1180
15 1480
31 1376
13 1368
34 1442
40 1390
39 1113
27 1287
20 1001
32 1466
42 1386
25 1264
20 1003
42 1095
18 1084
35 1261
42 1165
12 1433
19 1445
40 1327
37 1219
49 1253
25 1013
11 1336
32 1381
43 1417