4000 6500
26 1246
34 1122
19 1187
40 1378
28 1088
32 1344
19 1316
31 1400
18 1144
12 1179
31 1039
13 1004
42 1473
13 1261
20 1134
28 1388
46 1299
15 1127
15 1064
26 1236
40 1300
37 1130
49 1077
35 1218
49 1198
26 1130
10 1011
37 1185
34 1427
16 1165
17 1000
33 1064
23 1356
31 1335
22 1160
39 1076
32 1370
28 1287
46 1286
35 1323
10 1200
42 1009
17 1449
34 1361
47 1218
44 1192
19 1291
41 1342
36 1085
19 1493
18 1422
41 1128
36 1052
42 1206
33 1173
45 1484
23 1346
33 1016
19 1011
45 1005
47 1168
31 1115
19 1246
23 1433
44 1021
49 1458
49 1099
37 1369
35 1179
13 1397
42 1228
20 1301
11 1066
40 1352
12 1181
19 1240
21 1210
38 1074
10 1173
15 1225
36 1480
45 1034
16 1202
34 1247
14 1343
29 1412
29 1110
24 1349
10 1482
33 1102
31 1253
31 1195
36 1342
31 1094
36 1285
11 1408
48 1061
14 1240
31 1017
38 1398
38 1462
35 1337
45 1215
48 1368
41 1240
26 1434
48 1422
42 1140
19 1136
15 1491
49 1426
18 1384
28 1224
41 1075
44 1313
42 1199
18 1488
47 1233
16 1494
12 1382
31 1144
20 1273
47 1033
11 1076
18 1406
10 1378
48 1115
48 1274
38 1171
20 1033
40 1157
29 1019
29 1151
36 1081
29 1249
12 1083
22 1201
36 1214
40 1323
12 1109
43 1038
15 1075
46 1415
28 1121
47 1227
49 1495
34 1036
28 1122
10 1469
32 1171
20 1158
19 1448
47 1196
37 1115
32 1115
20 1207
43 1182
17 1121
25 1441
30 1136
13 1384
43 1078
45 1049
27 1103
49 1204
14 1474
35 1495
21 1212
25 1420
10 1191
38 1143
42 1269
24 1092
12 1499
12 1153
22 1175
25 1012
12 1143
17 1485
38 1490
45 1084
34 1254
43 1328
31 1457
41 1296
21 1074
36 1296
41 1339
25 1264
43 1079
35 1398
21 1279
27 1144
17 1114
42 1192
44 1399
11 1097
29 1485
31 1453
28 1333
19 1202
48 1168
45 1006
11 1324
32 1193
34 1459
30 1097
42 1280
37 1236
41 1142
28 1397
40 1298
22 1026
46 1434
44 1491
29 1310
48 1289
48 1343
40 1138
10 1474
27 1163
49 1058
37 1119
29 1482
39 1308
28 1021
24 1073
15 1390
46 1486
47 1257
11 1243
24 1221
49 1082
15 1105
42 1003
22 1209
42 1374
16 1095
37 1272
49 1461
18 1194
40 1136
35 1332
33 1160
27 1217
33 1466
15 1012
41 1044
18 1041
22 1454
40 1285
47 1144
19 1452
49 1036
18 1417
18 1232
49 1401
35 1026
16 1325
21 1197
38 1333
27 1436
13 1093
20 1215
23 1398
45 1151
26 1390
40 1339
18 1117
32 1060
30 1270
17 1343
48 1169
21 1276
37 1026
22 1462
32 1384
31 1364
17 1246
11 1439
49 1494
49 1273
30 1109
35 1361
32 1109
24 1091
12 1398
13 1237
12 1445
48 1255
47 1185
19 1410
27 1103
17 1304
32 1337
23 1099
37 1358
40 1236
49 1464
46 1156
44 1193
12 1264
32 1464
41 1224
17 1144
43 1361
46 1021
37 1431
12 1243
45 1403
39 1268
26 1027
32 1474
33 1424
12 1003
30 1068
22 1278
26 1335
47 1331
45 1348
21 1243
47 1080
40 1219
30 1383
27 1009
17 1483
49 1454
43 1189
29 1038
27 1282
32 1214
25 1406
18 1372
22 1293
30 1036
43 1172
47 1189
37 1421
20 1234
16 1150
26 1385
49 1364
16 1426
12 1396
41 1328
49 1441
18 1231
39 1229
42 1322
18 1393
46 1478
16 1097
24 1276
15 1002
19 1327
26 1417
22 1172
41 1090
36 1376
43 1434
11 1301
26 1335
43 1483
41 1202
45 1481
13 1449
42 1240
16 1213
49 1304
15 1147
20 1273
39 1259
19 1497
24 1292
39 1243
26 1305
38 1462
23 1200
27 1406
41 1113
34 1305
30 1407
47 1475
19 1254
14 1260
40 1353
37 1169
24 1272
21 1035
41 1449
11 1233
29 1272
25 1156
10 1329
32 1358
30 1212
45 1130
31 1271
19 1457
27 1179
39 1076
47 1337
34 1404
14 1276
32 1075
24 1201
28 1222
28 1181
26 1055
35 1296
16 1450
12 1182
21 1084
12 1231
21 1284
26 1186
16 1266
40 1467
32 1062
26 1066
48 1208
39 1222
33 1043
34 1016
28 1385
48 1029
34 1046
38 1345
29 1257
38 1040
35 1379
31 1096
32 1170
28 1091
29 1067
21 1120
41 1275
32 1174
45 1436
12 1333
24 1039
41 1069
29 1338
48 1306
40 1354
21 1100
15 1391
20 1493
38 1002
21 1263
45 1338
10 1083
44 1337
25 1040
10 1090
24 1166
44 1205
28 1341
40 1045
36 1087
35 1367
46 1067
39 1255
48 1445
41 1379
30 1307
41 1322
27 1129
30 1288
28 1401
21 1296
41 1399
41 1023
14 1395
45 1124
34 1486
34 1123
17 1370
37 1235
42 1284
23 1385
28 1028
34 1163
26 1301
24 1474
25 1064
13 1318
22 1126
43 1085
19 1394
33 1035
12 1249
46 1291
11 1156
47 1231
37 1049
28 1085
23 1179
24 1292
29 1441
43 1259
42 1213
46 1149
21 1331
12 1058
28 1219
48 1024
26 1175
42 1191
23 1226
22 1490
38 1159
25 1358
17 1461
30 1492
23 1407
47 1405
21 1063
23 1416
18 1108
10 1235
34 1168
43 1137
44 1333
33 1307
41 1255
15 1097
40 1323
29 1001
35 1243
39 1317
10 1061
25 1451
39 1267
27 1075
46 1008
17 1271
45 1420
32 1202
22 1256
23 1081
22 1409
33 1183
24 1063
26 1335
42 1244
18 1299
15 1304
20 1331
26 1205
49 1414
27 1120
24 1121
20 1395
15 1170
18 1019
26 1371
48 1367
26 1213
12 1002
25 1441
48 1193
23 1420
42 1485
29 1249
21 1082
35 1276
46 1024
32 1070
37 1279
36 1375
30 1152
24 1147
48 1333
18 1438
34 1479
39 1139
14 1204
10 1259
28 1263
19 1035
47 1498
13 1449
46 1266
25 1430
43 1149
35 1449
34 1149
37 1042
46 1283
42 1241
32 1404
19 1278
34 1235
35 1121
47 1211
32 1242
47 1404
21 1120
29 1095
48 1027
14 1232
26 1060
36 1414
24 1091
35 1075
40 1244
21 1167
37 1092
31 1199
20 1162
10 1130
42 1273
30 1441
15 1039
35 1341
11 1116
43 1493
21 1411
49 1470
30 1118
11 1399
22 1077
20 1025
21 1489
18 1012
24 1474
45 1096
47 1207
49 1150
26 1384
45 1367
16 1300
48 1014
18 1011
26 1104
13 1281
26 1350
25 1351
28 1240
32 1386
12 1275
46 1033
17 1498
23 1122
40 1322
37 1434
23 1298
42 1035
40 1356
20 1183
29 1059
23 1395
35 1384
10 1249
31 1362
32 1269
41 1408
49 1018
33 1081
46 1020
19 1258
35 1030
13 1037
16 1459
33 1119
49 1490
24 1031
41 1428
19 1437
11 1388
47 1112
47 1267
29 1318
34 1354
13 1030
25 1307
28 1455
26 1216
32 1064
42 1244
28 1233
38 1118
17 1136
42 1191
16 1087
24 1033
37 1096
38 1213
19 1251
14 1127
41 1025
18 1332
31 1011
40 1287
16 1020
49 1147
18 1282
39 1474
29 1279
38 1302
44 1036
20 1487
10 1204
21 1117
21 1123
26 1281
32 1456
12 1047
24 1316
26 1394
43 1401
10 1001
28 1147
24 1473
17 1456
43 1461
16 1472
25 1048
24 1497
33 1101
27 1052
16 1382
44 1242
40 1430
34 1366
18 1368
20 1485
18 1004
12 1040
41 1241
36 1490
26 1334
10 1182
36 1398
13 1286
44 1353
32 1002
18 1358
42 1155
15 1469
49 1336
17 1266
16 1171
44 1202
17 1421
11 1422
22 1287
25 1033
23 1008
12 1186
45 1022
46 1053
30 1039
25 1467
33 1466
17 1154
26 1237
42 1269
26 1169
43 1442
42 1395
33 1340
34 1108
39 1370
25 1192
29 1095
42 1136
20 1209
31 1170
20 1407
20 1471
24 1043
39 1039
27 1086
48 1108
13 1345
14 1419
45 1212
31 1337
31 1028
34 1211
23 1135
14 1273
35 1373
45 1313
37 1170
15 1358
32 1389
25 1244
39 1431
36 1178
23 1256
40 1493
46 1108
49 1064
23 1484
13 1489
35 1096
36 1426
26 1093
49 1437
28 1418
37 1305
13 1437
42 1179
49 1017
16 1337
25 1294
23 1042
32 1466
28 1053
13 1378
30 1240
13 1472
32 1466
12 1032
42 1396
35 1418
21 1310
41 1357
36 1337
18 1196
34 1052
44 1126
45 1305
37 1115
27 1212
48 1248
48 1381
23 1124
29 1485
34 1459
19 1149
28 1341
41 1382
23 1482
41 1402
33 1098
20 1364
33 1120
49 1226
33 1157
39 1494
28 1373
47 1471
35 1129
25 1399
19 1181
18 1126
31 1444
46 1471
26 1115
23 1116
10 1295
36 1132
27 1497
10 1497
16 1315
25 1114
18 1454
10 1267
24 1118
45 1166
39 1230
21 1006
25 1031
25 1273
36 1376
29 1006
14 1036
38 1225
24 1159
41 1344
46 1134
16 1084
14 1455
45 1217
47 1427
46 1474
37 1394
22 1189
17 1341
10 1357
20 1479
34 1164
25 1420
16 1103
41 1103
33 1281
32 1457
48 1353
25 1236
11 1143
29 1492
44 1002
18 1268
13 1247
33 1375
35 1466
32 1454
30 1420
11 1022
27 1040
36 1002
17 1491
10 1371
14 1490
12 1181
10 1234
11 1046
36 1294
12 1215
11 1021
49 1059
26 1050
36 1321
19 1395
36 1338
38 1330
14 1343
27 1169
25 1398
15 1130
27 1491
19 1484
41 1006
16 1219
13 1273
41 1168
43 1390
12 1159
23 1479
17 1201
19 1303
34 1427
28 1143
15 1112
27 1016
40 1064
19 1262
43 1451
49 1489
33 1196
28 1319
48 1367
20 1056
46 1179
36 1329
38 1490
32 1295
19 1429
32 1074
21 1270
24 1224
35 1392
40 1084
35 1381
30 1096
37 1088
21 1110
15 1424
28 1472
28 1419
42 1123
16 1120
18 1047
10 1254
10 1333
40 1339
27 1208
36 1154
49 1378
12 1398
22 1050
43 1079
23 1495
41 1116
19 1224
19 1044
19 1160
29 1195
22 1025
12 1389
44 1496
48 1101
23 1473
25 1388
14 1485
44 1472
10 1220
28 1305
25 1390
34 1173
22 1218
17 1261
28 1034
47 1373
11 1064
37 1063
44 1351
33 1353
14 1352
32 1132
45 1156
30 1179
17 1233
21 1109
18 1447
32 1039
26 1198
13 1401
20 1374
42 1409
38 1152
37 1003
39 1208
34 1071
26 1164
15 1492
43 1097
22 1153
29 1013
32 1433
16 1367
21 1227
34 1135
18 1168
36 1391
28 1071
21 1340
48 1495
41 1371
49 1167
39 1417
18 1300
37 1395
36 1355
34 1198
29 1420
48 1476
47 1092
14 1409
47 1057
46 1394
16 1125
30 1028
21 1067
12 1119
42 1468
32 1253
22 1030
41 1453
42 1258
48 1175
34 1250
11 1003
37 1015
24 1438
18 1178
46 1256
26 1235
27 1101
34 1359
44 1227
13 1182
33 1267
40 1142
38 1040
26 1235
42 1255
32 1407
37 1331
14 1309
28 1477
40 1306
34 1049
29 1398
21 1329
26 1111
48 1182
28 1245
48 1238
27 1290
39 1412
36 1462
15 1039
49 1202
35 1407
11 1291
40 1080
23 1379
29 1419
26 1211
34 1453
34 1050
26 1163
47 1343
38 1395
20 1330
11 1217
24 1249
18 1079
27 1453
30 1382
17 1410
28 1080
28 1149
19 1418
45 1361
14 1489
14 1360
44 1267
46 1248
47 1246
37 1219
26 1415
29 1396
31 1137
25 1012
41 1490
31 1084
37 1410
18 1414
37 1152
16 1096
11 1430
15 1138
24 1356
17 1213
34 1057
43 1411
46 1063
20 1036
40 1356
20 1409
17 1283
41 1416
34 1273
42 1303
34 1274
22 1456
18 1495
11 1099
42 1158
16 1260
23 1330
17 1403
16 1339
28 1004
35 1393
12 1203
19 1346
27 1185
44 1419
41 1407
33 1287
42 1032
40 1044
34 1398
15 1410
13 1044
40 1111
31 1319
48 1226
15 1165
10 1173
39 1494
29 1370
37 1184
23 1107
22 1372
33 1264
30 1069
16 1058
29 1495
40 1034
37 1127
11 1137
32 1194
27 1460
31 1223
48 1397
23 1469
31 1352
39 1475
40 1060
37 1286
44 1128
33 1021
23 1145
28 1201
44 1206
31 1170
39 1310
40 1127
46 1281
44 1126
27 1454
32 1040
48 1165
49 1228
11 1079
16 1066
15 1411
39 1479
34 1462
44 1120
22 1430
36 1296
32 1020
14 1018
20 1278
45 1437
41 1099
27 1256
10 1311
14 1426
35 1014
17 1369
48 1331
16 1259
30 1093
26 1014
38 1164
10 1007
18 1491
19 1230
16 1258
20 1075
13 1450
39 1348
14 1427
44 1023
28 1158
32 1139
46 1303
20 1032
42 1132
22 1146
36 1231
41 1366
12 1178
16 1078
12 1477
18 1251
21 1050
15 1309
10 1079
25 1084
17 1205
49 1282
42 1222
23 1409
24 1303
34 1343
48 1039
40 1325
17 1385
18 1310
28 1472
35 1001
28 1095
14 1317
30 1212
38 1029
19 1208
37 1481
22 1303
24 1281
13 1144
14 1308
11 1308
14 1420
40 1191
33 1118
15 1429
15 1105
41 1467
32 1215
31 1121
16 1199
15 1211
39 1459
19 1347
11 1010
49 1367
35 1408
28 1143
17 1042
16 1375
24 1311
14 1333
21 1429
31 1185
33 1266
46 1468
29 1099
43 1316
40 1498
30 1092
47 1367
20 1312
20 1421
11 1200
38 1168
21 1474
20 1276
18 1103
43 1007
20 1089
14 1339
11 1352
17 1370
43 1386
28 1498
48 1169
38 1115
35 1169
12 1063
15 1170
19 1384
46 1370
35 1486
26 1063
11 1064
11 1225
17 1460
19 1091
10 1130
14 1212
40 1178
28 1424
21 1459
24 1265
49 1139
33 1289
19 1015
30 1432
40 1160
46 1173
22 1038
22 1213
33 1128
28 1422
15 1326
19 1493
40 1167
41 1465
32 1210
20 1488
42 1242
17 1479
23 1133
17 1470
40 1076
39 1172
48 1246
24 1100
18 1113
32 1129
30 1101
35 1136
35 1053
43 1416
41 1324
20 1113
40 1041
16 1178
22 1343
28 1272
46 1248
28 1425
10 1378
31 1323
18 1266
30 1422
23 1211
31 1331
30 1272
25 1366
18 1095
32 1091
35 1309
14 1262
25 1150
39 1498
23 1103
11 1173
25 1014
36 1004
30 1010
15 1171
17 1262
48 1217
46 1016
22 1496
20 1137
11 1280
38 1111
24 1433
13 1264
26 1422
12 1008
18 1160
35 1084
41 1258
42 1288
21 1150
21 1276
34 1239
36 1327
26 1309
19 1251
43 1430
38 1187
34 1384
44 1471
19 1031
20 1376
33 1350
18 1387
29 1075
23 1041
42 1274
49 1299
25 1094
44 1416
10 1159
22 1317
20 1498
47 1045
26 1107
46 1061
13 1050
11 1193
49 1007
42 1451
22 1375
42 1254
30 1499
37 1163
14 1460
47 1495
16 1234
27 1397
25 1450
26 1047
28 1049
25 1153
17 1076
29 1228
29 1122
17 1462
35 1207
34 1227
40 1481
16 1459
10 1336
38 1465
39 1086
39 1141
10 1057
19 1024
39 1254
48 1091
14 1179
38 1218
38 1321
35 1281
41 1062
10 1000
49 1286
24 1025
33 1183
39 1307
10 1002
48 1446
46 1325
39 1270
45 1369
20 1008
49 1130
41 1375
30 1213
20 1087
31 1335
37 1477
15 1235
17 1062
39 1497
33 1355
37 1108
16 1167
16 1309
24 1206
23 1178
42 1428
31 1339
27 1472
35 1300
38 1457
10 1305
47 1142
24 1395
39 1396
42 1048
12 1214
37 1270
11 1461
48 1375
14 1351
10 1110
19 1337
30 1081
21 1103
18 1039
21 1172
47 1089
22 1209
30 1227
31 1380
36 1368
35 1264
48 1318
17 1193
24 1192
36 1012
30 1435
15 1092
49 1131
28 1417
19 1179
23 1235
23 1186
47 1124
18 1388
40 1046
16 1315
38 1070
11 1202
31 1481
28 1251
39 1006
38 1472
47 1495
10 1356
41 1364
45 1322
13 1412
15 1380
18 1213
10 1186
28 1087
42 1487
23 1282
42 1292
10 1236
14 1122
11 1415
41 1040
14 1299
43 1444
28 1402
10 1442
21 1074
25 1173
36 1178
25 1376
48 1441
24 1263
21 1329
36 1074
27 1398
11 1305
44 1228
45 1006
48 1193
21 1138
21 1002
42 1428
29 1491
34 1047
20 1032
16 1293
18 1242
47 1416
26 1464
10 1078
36 1465
23 1346
19 1073
27 1471
40 1267
25 1011
32 1253
17 1284
43 1030
35 1239
17 1274
37 1476
28 1150
21 1006
34 1188
25 1324
22 1440
15 1253
23 1442
38 1184
39 1037
47 1122
11 1351
21 1166
31 1285
42 1472
19 1411
19 1275
31 1470
13 1239
31 1051
16 1075
36 1430
48 1196
39 1233
17 1057
30 1154
38 1449
13 1427
41 1176
31 1168
28 1483
17 1440
11 1118
14 1029
22 1062
15 1092
27 1024
45 1037
38 1070
46 1459
32 1399
47 1369
22 1315
27 1067
25 1067
39 1487
28 1353
41 1111
32 1061
22 1215
15 1278
10 1201
33 1056
40 1085
18 1449
13 1357
24 1354
10 1144
48 1265
41 1243
10 1191
17 1046
11 1030
32 1311
19 1052
13 1201
23 1367
12 1067
16 1167
40 1038
30 1063
44 1173
16 1323
29 1327
19 1432
46 1259
29 1201
29 1304
36 1105
10 1165
14 1489
29 1251
10 1410
41 1218
44 1237
37 1175
10 1145
15 1106
43 1427
49 1391
13 1172
24 1209
23 1315
41 1478
20 1235
46 1182
22 1039
49 1174
29 1064
31 1216
45 1478
49 1214
44 1227
11 1422
31 1391
22 1151
27 1067
48 1306
28 1434
40 1254
45 1249
42 1415
49 1470
29 1309
14 1242
32 1097
29 1365
49 1241
39 1236
41 1026
37 1097
45 1395
39 1479
17 1195
44 1251
36 1452
49 1365
35 1348
16 1133
29 1261
24 1417
35 1301
42 1252
42 1291
22 1141
42 1466
25 1460
35 1488
41 1274
23 1051
49 1354
19 1100
13 1280
27 1454
17 1079
49 1000
18 1023
14 1166
43 1389
39 1176
26 1178
11 1313
41 1311
14 1418
28 1306
36 1477
32 1268
38 1414
17 1341
34 1471
44 1311
37 1078
37 1064
41 1350
43 1344
12 1195
40 1246
31 1341
35 1237
32 1212
28 1447
37 1089
19 1211
13 1483
16 1238
29 1410
21 1261
49 1166
13 1454
49 1234
16 1475
21 1407
30 1177
42 1266
31 1049
49 1435
24 1371
12 1172
11 1210
28 1411
20 1407
39 1147
43 1360
11 1352
30 1400
47 1169
21 1105
29 1118
45 1253
38 1193
34 1469
36 1306
25 1302
48 1485
10 1208
26 1321
11 1303
10 1045
26 1371
14 1202
49 1446
12 1298
26 1381
46 1269
46 1204
14 1298
12 1306
10 1315
39 1003
36 1238
33 1193
45 1392
27 1322
23 1006
42 1045
24 1295
23 1329
16 1358
21 1006
10 1039
15 1484
42 1295
32 1248
28 1479
10 1183
40 1185
15 1240
21 1418
12 1187
15 1471
45 1425
39 1400
24 1132
38 1158
23 1225
26 1368
41 1119
48 1466
10 1135
36 1140
46 1159
12 1166
12 1436
26 1014
25 1248
35 1122
43 1070
18 1214
11 1166
42 1236
41 1142
39 1341
37 1169
27 1074
48 1112
38 1224
25 1476
15 1027
39 1125
39 1396
43 1190
35 1059
41 1270
15 1448
44 1340
26 1409
29 1078
30 1292
12 1415
20 1335
46 1334
28 1339
17 1375
28 1184
32 1184
18 1404
14 1195
27 1211
37 1237
49 1495
42 1383
17 1451
30 1101
38 1292
34 1077
15 1498
24 1214
23 1408
39 1275
29 1089
39 1373
22 1271
15 1293
32 1413
28 1042
38 1268
16 1412
31 1130
32 1019
21 1439
27 1350
18 1444
39 1122
19 1239
10 1433
38 1497
23 1384
12 1380
37 1296
10 1470
11 1342
24 1023
49 1308
37 1315
39 1497
39 1086
42 1483
37 1267
34 1117
40 1322
22 1105
35 1339
22 1120
26 1356
48 1058
47 1402
12 1296
14 1186
27 1331
31 1344
39 1407
10 1324
47 1208
11 1408
40 1441
38 1177
18 1349
35 1258
38 1129
14 1205
49 1194
28 1442
47 1242
23 1072
46 1014
35 1018
36 1121
44 1319
23 1304
18 1310
32 1226
27 1369
40 1490
22 1312
35 1320
18 1024
19 1119
26 1154
44 1406
47 1214
28 1099
39 1137
42 1329
28 1140
47 1382
35 1072
27 1132
25 1203
26 1477
28 1432
43 1259
33 1093
49 1479
15 1346
22 1188
48 1350
11 1401
33 1045
43 1069
31 1367
45 1072
40 1473
45 1149
25 1043
25 1033
24 1223
19 1361
28 1253
41 1484
16 1225
12 1417
38 1249
32 1374
36 1151
31 1468
24 1082
10 1182
31 1467
31 1118
32 1126
37 1229
32 1007
39 1307
39 1335
13 1394
17 1187
28 1066
16 1484
30 1083
33 1137
26 1357
34 1285
46 1265
26 1088
30 1416
48 1427
44 1168
45 1169
23 1016
12 1340
31 1221
12 1370
40 1401
40 1130
15 1330
13 1140
40 1297
30 1138
16 1214
15 1310
43 1393
34 1464
20 1119
41 1416
30 1475
27 1286
32 1124
16 1174
39 1226
39 1369
21 1150
26 1015
34 1119
25 1379
10 1133
43 1430
40 1067
34 1426
36 1460
14 1014
32 1335
19 1324
46 1429
18 1032
37 1041
29 1042
10 1000
28 1390
25 1408
45 1424
23 1262
37 1380
11 1068
29 1271
35 1028
23 1000
16 1106
25 1145
19 1354
20 1492
34 1361
32 1147
18 1035
22 1459
48 1237
21 1201
40 1154
12 1319
25 1218
38 1415
36 1208
12 1430
35 1322
13 1350
11 1341
10 1241
22 1032
14 1469
17 1237
12 1199
16 1288
13 1134
34 1129
11 1431
42 1424
26 1476
12 1455
25 1493
15 1099
13 1366
33 1110
21 1150
42 1198
32 1000
33 1283
15 1084
12 1024
24 1067
43 1474
31 1419
13 1195
37 1131
14 1486
40 1352
28 1348
14 1415
31 1484
44 1044
26 1217
26 1294
15 1059
45 1241
45 1076
13 1317
38 1445
22 1492
28 1333
31 1111
14 1189
30 1450
17 1292
24 1183
36 1055
16 1307
49 1165
37 1307
42 1338
32 1475
10 1148
40 1202
34 1445
43 1121
37 1014
28 1271
48 1456
48 1035
26 1218
33 1277
31 1105
33 1464
27 1086
15 1391
24 1426
33 1239
22 1076
45 1343
48 1417
34 1111
27 1006
18 1237
30 1362
41 1279
48 1329
16 1353
28 1326
39 1384
14 1115
32 1039
39 1099
27 1374
36 1378
24 1112
43 1131
27 1090
12 1005
34 1186
38 1000
32 1417
40 1237
13 1460
31 1297
45 1019
31 1323
27 1252
25 1361
41 1306
19 1095
12 1080
39 1277
46 1008
38 1259
44 1364
21 1245
46 1426
48 1372
39 1388
49 1069
35 1084
29 1162
16 1002
44 1129
43 1352
34 1008
20 1217
19 1094
45 1446
26 1008
45 1421
10 1017
44 1377
36 1044
37 1380
36 1334
21 1417
18 1222
39 1375
21 1413
33 1219
20 1421
27 1414
19 1062
15 1377
21 1028
37 1494
48 1040
49 1320
25 1212
26 1388
31 1247
33 1217
24 1288
45 1480
38 1062
22 1284
16 1329
34 1226
21 1316
25 1421
34 1387
13 1372
27 1405
25 1480
32 1354
39 1107
38 1157
49 1052
47 1151
33 1283
41 1129
40 1469
18 1141
37 1120
43 1379
30 1490
46 1221
33 1400
45 1207
37 1155
17 1155
29 1066
25 1246
37 1033
22 1043
39 1165
40 1001
48 1332
38 1165
29 1029
23 1304
14 1479
10 1488
33 1307
35 1060
29 1475
15 1332
35 1326
20 1132
47 1326
18 1130
44 1086
12 1438
27 1324
24 1102
43 1459
22 1167
25 1407
19 1245
49 1395
10 1010
11 1311
20 1303
18 1188
38 1369
43 1397
15 1208
36 1223
23 1306
25 1059
27 1011
35 1446
21 1453
42 1167
43 1451
46 1249
33 1076
16 1070
47 1395
22 1229
42 1467
23 1371
44 1134
32 1094
18 1344
18 1172
16 1311
34 1171
21 1119
43 1204
41 1220
26 1308
27 1146
38 1410
47 1403
27 1330
11 1458
23 1180
22 1006
37 1253
47 1115
17 1061
24 1054
21 1494
31 1206
24 1484
22 1226
13 1271
31 1025
27 1458
18 1094
31 1000
20 1020
43 1256
33 1269
47 1254
24 1423
36 1173
35 1012
10 1105
31 1113
12 1092
33 1033
21 1145
27 1420
18 1298
40 1004
41 1094
30 1426
42 1243
17 1212
15 1365
34 1256
11 1247
22 1498
37 1424
45 1464
45 1394
40 1438
21 1135
47 1142
28 1446
18 1281
13 1330
40 1303
29 1067
40 1329
44 1020
37 1324
18 1431
28 1206
14 1316
44 1222
13 1392
32 1407
24 1122
44 1353
24 1466
17 1439
31 1151
25 1178
47 1220
14 1361
39 1066
43 1151
48 1201
25 1278
48 1196
32 1355
22 1079
35 1088
46 1245
30 1011
16 1443
11 1065
24 1206
33 1118
11 1124
26 1492
32 1173
39 1314
17 1001
38 1415
44 1135
44 1144
12 1130
36 1381
23 1248
17 1046
36 1315
27 1494
27 1005
45 1015
34 1058
10 1190
40 1131
29 1210
34 1121
11 1020
43 1395
48 1076
17 1040
25 1089
27 1113
28 1024
22 1499
34 1146
17 1092
27 1209
15 1346
33 1184
31 1437
38 1371
25 1020
48 1401
47 1273
41 1246
24 1499
12 1351
13 1163
47 1147
40 1299
26 1402
45 1326
15 1073
34 1184
19 1305
16 1395
16 1240
15 1256
40 1350
49 1001
49 1407
17 1448
49 1379
17 1015
10 1024
37 1186
11 1358
11 1383
19 1445
19 1391
20 1023
33 1043
36 1140
25 1315
11 1442
28 1432
43 1119
10 1415
39 1390
33 1194
17 1072
22 1493
30 1187
16 1041
13 1385
22 1300
48 1195
31 1235
33 1315
35 1177
42 1213
34 1150
38 1268
15 1030
30 1334
35 1295
21 1381
21 1152
42 1006
31 1348
17 1400
43 1416
39 1028
13 1422
20 1292
37 1377
42 1489
19 1186
20 1049
23 1122
36 1319
19 1495
44 1341
45 1212
43 1138
12 1166
40 1439
35 1468
29 1068
22 1015
35 1154
20 1137
38 1297
11 1268
46 1165
27 1277
35 1098
16 1198
10 1119
22 1347
20 1375
29 1198
26 1042
13 1242
40 1419
19 1326
22 1102
22 1305
14 1479
10 1236
34 1473
24 1066
38 1014
17 1379
44 1494
24 1064
47 1452
22 1310
39 1045
32 1196
14 1396
32 1075
22 1339
32 1396
41 1174
11 1369
44 1400
12 1205
10 1281
16 1350
42 1262
44 1144
34 1063
42 1196
12 1300
28 1015
18 1221
21 1149
42 1166
10 1487
12 1204
28 1484
20 1277
38 1038
42 1222
32 1151
15 1202
12 1181
11 1259
22 1081
20 1405
28 1227
46 1236
26 1032
25 1455
41 1154
17 1004
47 1330
27 1104
11 1171
45 1235
42 1302
18 1082
17 1232
27 1438
22 1400
41 1187
36 1396
23 1195
13 1333
32 1048
23 1427
33 1166
36 1393
34 1112
39 1283
20 1338
26 1316
43 1118
49 1282
25 1429
32 1472
11 1160
11 1096
15 1030
40 1324
42 1108
26 1247
11 1261
46 1208
10 1083
19 1208
21 1153
42 1020
27 1221
40 1120
47 1049
12 1106
30 1446
22 1133
48 1055
18 1445
11 1257
47 1091
14 1250
10 1475
22 1440
41 1320
15 1400
22 1222
12 1380
45 1492
13 1114
23 1142
18 1376
18 1467
38 1469
43 1204
20 1063
15 1413
10 1496
20 1432
26 1457
42 1254
42 1346
36 1085
14 1412
49 1178
16 1122
10 1014
49 1340
15 1349
36 1009
44 1320
47 1151
47 1303
20 1420
16 1184
35 1243
23 1174
30 1052
26 1219
35 1023
14 1015
28 1065
28 1293
18 1129
10 1455
14 1124
18 1191
29 1200
33 1040
34 1457
45 1141
48 1339
24 1092
15 1008
45 1296
24 1302
31 1404
42 1329
36 1342
47 1085
28 1062
39 1276
47 1376
15 1125
42 1032
24 1082
17 1376
21 1054
14 1322
30 1196
24 1438
43 1101
22 1087
36 1006
36 1491
42 1460
46 1469
49 1285
32 1353
28 1499
47 1240
37 1384
33 1416
42 1027
28 1068
24 1337
17 1064
26 1396
47 1137
23 1054
10 1254
46 1394
44 1116
33 1118
15 1165
38 1312
20 1186
35 1047
15 1164
40 1495
48 1340
49 1285
23 1160
45 1385
39 1188
17 1308
13 1072
43 1462
15 1366
42 1484
27 1035
16 1047
23 1082
15 1367
47 1037
30 1184
18 1027
49 1304
30 1098
41 1249
18 1181
45 1022
32 1196
19 1232
14 1051
18 1405
19 1497
25 1368
28 1144
16 1381
37 1413
16 1446
43 1115
47 1163
12 1153
19 1146
14 1241
28 1346
39 1003
13 1113
32 1491
46 1151
33 1369
23 1450
26 1166
35 1450
42 1170
21 1366
13 1317
33 1272
24 1342
20 1360
16 1047
10 1369
26 1051
33 1258
21 1429
22 1393
46 1360
23 1251
42 1010
30 1052
45 1315
21 1387
33 1496
46 1355
26 1483
42 1431
46 1209
18 1342
36 1423
37 1132
17 1213
26 1035
24 1365
26 1001
34 1336
34 1493
20 1432
14 1498
31 1321
10 1271
35 1300
46 1127
11 1063
46 1307
12 1366
29 1071
24 1030
22 1139
28 1145
35 1209
41 1100
37 1270
26 1109
33 1433
17 1273
34 1350
23 1433
19 1454
40 1142
31 1495
49 1029
45 1411
21 1402
26 1076
32 1381
32 1041
38 1256
20 1127
37 1266
20 1096
48 1145
21 1191
37 1124
45 1365
21 1094
37 1021
41 1483
20 1213
12 1321
24 1152
21 1257
27 1171
17 1416
48 1230
26 1043
34 1415
36 1071
41 1281
15 1092
36 1479
41 1010
44 1165
34 1033
33 1059
10 1343
44 1199
27 1144
42 1283
28 1101
34 1041
19 1304
10 1065
17 1320
12 1166
22 1269
49 1490
49 1431
30 1310
27 1137
38 1024
18 1247
39 1304
27 1000
18 1263
36 1189
16 1452
17 1117
14 1374
29 1386
47 1111
40 1057
17 1423
47 1207
31 1235
15 1053
49 1173
20 1301
11 1154
31 1126
28 1288
13 1004
25 1372
10 1413
37 1352
43 1321
31 1312
40 1387
44 1153
26 1140
32 1297
26 1377
33 1447
14 1113
38 1412
43 1197
25 1138
34 1250
15 1091
14 1071
20 1065
41 1217
27 1331
17 1441
18 1144
18 1385
15 1334
48 1220
10 1339
46 1300
10 1000
43 1159
22 1197
19 1036
20 1029
10 1385
26 1436
28 1108
23 1014
13 1466
11 1481
25 1121
26 1489
35 1091
24 1368
38 1182
36 1112
22 1212
27 1104
32 1087
34 1125
29 1301
38 1017
21 1058
16 1307
48 1215
10 1084
19 1004
35 1484
21 1074
27 1419
27 1330
39 1311
35 1348
28 1065
41 1167
17 1210
28 1428
14 1333
41 1450
46 1117
14 1347
28 1312
17 1299
31 1368
14 1266
30 1182
29 1273
22 1073
36 1011
11 1293
41 1243
36 1070
30 1367
21 1350
16 1243
18 1405
33 1093
44 1060
11 1426
16 1426
17 1098
28 1485
36 1000
30 1111
45 1065
31 1123
46 1078
10 1215
43 1352
27 1475
12 1360
44 1313
31 1332
24 1227
35 1054
19 1331
16 1357
26 1001
48 1088
45 1153
30 1401
46 1230
21 1009
46 1378
33 1148
43 1303
45 1366
43 1438
32 1489
19 1403
14 1310
37 1205
24 1257
35 1049
23 1428
17 1047
24 1046
21 1332
41 1017
34 1205
34 1083
40 1295
29 1400
21 1213
39 1311
32 1431
37 1496
25 1122
38 1473
14 1139
15 1103
21 1429
40 1182
24 1184
24 1175
40 1400
11 1126
35 1066
17 1294
35 1169
37 1320
46 1275
47 1322
14 1244
12 1352
30 1182
16 1291
47 1046
17 1320
48 1210
45 1255
30 1264
11 1345
22 1240
21 1414
30 1157
15 1128
20 1030
20 1487
31 1423
13 1040
38 1297
17 1425
39 1441
37 1123
22 1493
41 1243
45 1351
11 1412
26 1031
25 1474
15 1319
38 1352
37 1234
11 1405
14 1252
38 1028
48 1062
27 1297
28 1366
38 1045
27 1066
44 1409
30 1246
44 1241
23 1427
26 1097
32 1258
41 1448
36 1139
21 1429
23 1353
49 1077
33 1404
47 1473
11 1197
34 1321
22 1296
12 1389
45 1453
29 1265
29 1410
12 1357
42 1058
48 1039
25 1092
35 1060
26 1163
35 1044
11 1499
23 1224
32 1215
16 1286
10 1180
38 1438
15 1111
39 1156
11 1059
18 1331
17 1446
39 1359
13 1436
38 1247
26 1274
24 1301
40 1321
45 1173
13 1390
26 1041
15 1139
24 1234
31 1133
31 1481
28 1364
18 1455
25 1488
36 1456
12 1344
17 1216
44 1407
43 1146
42 1435
18 1455
46 1023
44 1151
19 1276
39 1127
18 1066
27 1222
40 1364
18 1383
10 1119
40 1407
49 1043
35 1451
37 1129
13 1365
47 1369
44 1345
35 1373
36 1490
46 1085
40 1221
16 1083
42 1036
37 1049
11 1027
20 1306
43 1280
17 1334
36 1125
22 1159
48 1422
44 1333
18 1372
21 1083
14 1182
28 1070
20 1037
18 1215
46 1483
47 1355
13 1344
38 1284
24 1248
19 1429
38 1140
16 1150
29 1442
37 1084
47 1203
39 1435
35 1243
19 1042
33 1367
21 1396
40 1443
35 1186
14 1372
13 1011
31 1377
18 1107
32 1052
12 1409
19 1485
36 1426
11 1299
34 1142
13 1077
46 1432
28 1279
32 1284
13 1443
46 1333
30 1256
26 1495
24 1417
33 1289
42 1230
24 1043
46 1127
20 1355
15 1460
45 1126
30 1270
15 1449
19 1264
33 1213
37 1363
49 1373
25 1172
41 1174
47 1447
48 1241
23 1472
39 1225
49 1262
13 1188
40 1061
23 1338
48 1284
42 1160
27 1474
25 1369
43 1017
14 1064
46 1421
35 1376
34 1093
20 1204
37 1207
44 1477
13 1371
27 1319
39 1192
27 1045
23 1373
46 1352
45 1192
15 1476
23 1199
48 1125
40 1423
16 1415
30 1180
46 1060
11 1415
17 1066
27 1175
42 1331
36 1063
11 1261
26 1216
29 1474
37 1249
16 1338
30 1315
27 1030
31 1082
33 1215
10 1111
18 1312
27 1217
23 1061
18 1421
48 1364
45 1350
26 1258
22 1054
49 1320
18 1155
18 1314
22 1003
26 1150
46 1025
42 1252
19 1071
32 1376
18 1012
44 1381
41 1074
38 1305
37 1176
30 1179
33 1338
21 1402
13 1202
48 1143
28 1329
23 1013
28 1358
37 1157
44 1207
18 1287
32 1402
34 1033
26 1228
44 1364
33 1494
37 1342
22 1250
37 1492
11 1087
34 1109
11 1128
32 1432
13 1350
32 1020
33 1487
18 1202
33 1264
27 1294
13 1274
46 1489
42 1399
29 1303
39 1124
24 1379
23 1220
31 1295
40 1015
31 1419
46 1190
42 1383
39 1304
31 1003
30 1452
27 1335
41 1351
45 1318
24 1146
16 1390
27 1401
14 1074
13 1254
22 1209
44 1397
48 1347
38 1225
47 1147
36 1095
46 1320
42 1018
29 1199
43 1176
21 1353
25 1488
41 1365
32 1482
12 1185
20 1075
17 1212
19 1020
38 1315
33 1136
19 1149
38 1475
18 1417
43 1115
23 1367
11 1421
29 1333
48 1217
27 1204
44 1232
44 1384
21 1403
20 1410
40 1481
27 1112
34 1209
17 1285
15 1269
27 1298
23 1317
21 1206
48 1120
22 1409
38 1418
39 1132
42 1049
13 1109
13 1149
35 1091
49 1439
21 1460
39 1496
44 1085
35 1028
15 1197
14 1349
37 1092
41 1063
49 1124
33 1005
13 1054
32 1203
47 1244
29 1495
33 1210
44 1289
29 1497
10 1226
44 1484
16 1414
14 1138
19 1416
18 1113
18 1323
16 1126
37 1099
26 1026
18 1056
36 1171
20 1252
33 1327
11 1234
13 1334
15 1433
49 1423
45 1111
30 1169
23 1007
32 1228
32 1190
11 1015
31 1227
28 1419
11 1197
45 1428
34 1227
26 1491
44 1377
20 1487
22 1255
20 1411
17 1225
43 1149
15 1259
48 1019
29 1145
39 1491
37 1467
36 1306
30 1032
34 1377
13 1391
21 1195
28 1457
22 1172
15 1379
13 1136
15 1216
29 1443
36 1389
30 1450
35 1209
28 1472
10 1088
11 1379
48 1494
36 1072
40 1172
39 1109
48 1288
14 1185
44 1290
38 1123
28 1163
47 1449
11 1171
36 1388
19 1100
27 1002
47 1034
47 1425
26 1409
16 1013
24 1109
36 1268
43 1200
14 1213
27 1169
16 1297
32 1458
34 1440
12 1292
44 1420
26 1425
35 1212
26 1328
44 1407
32 1195
29 1166
48 1340
11 1295
10 1475
18 1447
33 1323
14 1143
23 1125
16 1092
31 1363
44 1346
31 1289
26 1479
26 1338
31 1126
26 1413
39 1412
14 1318
17 1059
21 1155
29 1022
33 1247
34 1381
29 1094
26 1190
46 1111
14 1258
23 1069
35 1233
47 1032
34 1386
37 1377
41 1363
45 1327
32 1267
29 1359
37 1033
12 1413
45 1435
21 1443
45 1039
47 1477
19 1171
14 1004
37 1497
30 1042
17 1467
40 1450
27 1433
21 1375
36 1000
21 1216
35 1075
48 1360
12 1375
24 1465
47 1477
21 1336
47 1480
32 1282
34 1446
18 1171
46 1196
47 1140
14 1169
39 1224
42 1211
40 1293
26 1417
38 1461
34 1488
48 1309
14 1287
18 1126
39 1405
32 1008
41 1331
37 1257
45 1386
47 1404
14 1374
29 1254
32 1316
13 1265
26 1191
16 1077
41 1135
26 1342
14 1379
44 1342
14 1141
13 1004
12 1048
39 1224
46 1138
37 1321
22 1432
19 1376
36 1072
23 1316
23 1327
14 1185
22 1335
41 1326
45 1419
30 1120
47 1493
44 1195
38 1148
43 1331
14 1142
11 1344
37 1064
22 1020
26 1164
34 1124
11 1178
24 1339
14 1190
21 1065
34 1105
12 1274
18 1055
34 1119
24 1165
12 1286
41 1485
45 1161
47 1476
46 1050
35 1042
32 1362
23 1308
10 1493
42 1147
40 1035
16 1010
44 1184
48 1446
14 1045
48 1109
12 1226
25 1152
26 1299
18 1381
42 1435
34 1149
25 1179
27 1461
13 1266
18 1225
18 1458
43 1400
40 1488
25 1492
42 1012
12 1282
43 1447
11 1234
41 1281
20 1076
16 1383
21 1467
14 1463
49 1331
45 1104
15 1392
28 1092
39 1276
32 1073
23 1482
36 1313
40 1293
38 1170
16 1300
16 1099
32 1084
32 1141
27 1060
18 1390
17 1108
47 1147
23 1056
42 1214
48 1422
32 1497
40 1154
28 1470
30 1099
18 1214
34 1037
44 1430
23 1074
13 1339
41 1216
46 1043
24 1413
48 1494
33 1382
25 1274
15 1317
41 1079
42 1237
23 1246
44 1013
36 1070
30 1066
33 1351
27 1220
20 1121
36 1095
19 1091
24 1398
26 1058
28 1212
46 1487
19 1054
35 1380
23 1026
19 1432
39 1413
34 1169
43 1027
40 1000
44 1356
10 1285
32 1368
16 1466
36 1436
36 1061
10 1094
33 1112
27 1202
47 1133
35 1118
47 1046
46 1323
28 1376
22 1228
37 1171
40 1283
15 1416
31 1191
25 1004
30 1325
36 1105
45 1458
41 1382
26 1025
31 1413
22 1256
37 1154
20 1090
22 1248
41 1405
33 1060
38 1401
24 1253
18 1343
16 1267
31 1489
13 1481
29 1326
29 1370
23 1434
24 1288
19 1199
44 1395
19 1121
29 1130
49 1303
31 1089
19 1463
13 1373
26 1184
32 1407
16 1409
31 1116
14 1455
40 1087
12 1398
28 1273
27 1102
40 1254
47 1143
27 1446
19 1327
21 1446
21 1472
27 1119
10 1262
33 1109
46 1050
10 1275
43 1015
17 1263
45 1038
23 1148
13 1005
48 1154
28 1415
21 1128
30 1069
44 1300
43 1415
16 1203
13 1101
48 1399
30 1362
16 1156
22 1421
13 1119
40 1260
15 1309
28 1217
36 1058
36 1315
15 1017
40 1076
43 1262
32 1286
27 1237
28 1148
21 1407
28 1108
44 1286
39 1131
24 1235
24 1304
14 1053
23 1189
45 1304
18 1411
27 1260
24 1400
46 1258
44 1446
37 1408
19 1147
47 1484
20 1058
25 1309
10 1298
46 1421
29 1195
12 1245
36 1066
31 1376
48 1473
35 1418
49 1179
45 1220
46 1415
15 1308
24 1031
45 1231
28 1366
45 1426
34 1148
32 1187
10 1080
37 1035
17 1218
24 1405
26 1393
22 1486
26 1365
37 1170
20 1492
32 1214
31 1424
24 1212
45 1032
34 1267
25 1222
22 1436
39 1350
39 1095
28 1024
33 1499
26 1019
25 1411
42 1423
34 1182
17 1144
11 1153
30 1094
39 1097
16 1167
17 1191
42 1284
36 1132
49 1214
14 1495
47 1170
21 1471
26 1189
42 1459
13 1039
42 1200
31 1203
48 1102
32 1168
15 1109
10 1403
35 1270
49 1426
44 1407
26 1121
18 1377
46 1477
32 1134
34 1097
32 1113
42 1223
38 1248
38 1453
38 1072
36 1471
43 1096
30 1372
44 1437
37 1084
25 1491
48 1108
12 1403
41 1235
23 1202
37 1408
13 1487
30 1328
46 1450
41 1223
21 1115
31 1080
14 1243
37 1026
32 1122
33 1110
13 1239
12 1430
20 1445
24 1190
24 1293
13 1295
21 1455
31 1216
36 1048
31 1424
36 1157
18 1459
27 1472
10 1226
44 1221
39 1402
37 1436
22 1067
24 1304
41 1070
12 1303
34 1097
44 1498