4000 5500
46 1402
24 1198
16 1191
11 1211
42 1349
20 1487
28 1462
37 1405
31 1370
10 1272
14 1208
40 1293
44 1246
30 1238
30 1283
35 1301
30 1302
49 1052
42 1441
11 1109
23 1143
36 1324
13 1419
43 1473
30 1286
40 1193
14 1316
23 1126
39 1104
40 1480
34 1482
47 1288
41 1203
31 1175
39 1438
31 1488
38 1205
34 1282
11 1104
36 1173
32 1125
45 1089
25 1307
31 1015
48 1134
37 1031
14 1149
43 1208
21 1377
33 1303
40 1336
28 1241
26 1101
44 1170
40 1026
16 1468
33 1413
34 1407
26 1145
14 1368
35 1313
42 1318
36 1281
39 1317
17 1430
43 1218
32 1015
28 1358
12 1376
29 1036
32 1217
13 1209
31 1317
15 1416
15 1292
47 1440
32 1047
44 1149
27 1007
31 1350
47 1289
39 1368
34 1293
15 1319
38 1471
40 1090
21 1325
17 1291
30 1019
48 1337
48 1054
25 1478
40 1155
44 1161
10 1229
48 1016
49 1044
27 1370
26 1435
15 1487
21 1321
18 1080
38 1295
25 1079
21 1394
35 1454
11 1392
38 1215
37 1101
47 1298
19 1082
14 1348
30 1464
41 1063
32 1043
37 1188
25 1178
28 1000
35 1407
22 1079
45 1294
12 1111
34 1152
25 1364
19 1037
13 1135
37 1420
44 1057
25 1034
42 1450
40 1436
30 1157
45 1487
27 1406
35 1420
27 1454
39 1212
20 1291
30 1289
43 1485
11 1311
45 1279
44 1128
15 1289
39 1038
32 1056
18 1038
42 1124
35 1192
27 1289
32 1386
39 1266
12 1452
36 1153
34 1426
10 1241
32 1333
37 1303
18 1225
14 1362
35 1161
16 1086
30 1475
10 1364
44 1160
24 1036
32 1341
15 1025
31 1261
31 1262
10 1009
26 1143
13 1109
49 1416
27 1492
41 1033
42 1344
38 1321
18 1311
39 1080
48 1085
29 1270
22 1358
17 1293
25 1139
35 1182
39 1284
12 1236
16 1491
22 1490
46 1114
22 1424
14 1058
34 1437
45 1110
37 1117
12 1269
26 1096
11 1085
40 1301
11 1250
43 1264
15 1454
48 1463
37 1004
24 1251
45 1447
37 1446
11 1254
29 1302
16 1288
22 1162
37 1058
33 1113
11 1337
42 1397
15 1128
49 1414
42 1153
37 1140
26 1032
49 1433
41 1226
16 1305
17 1239
38 1369
25 1390
33 1145
20 1454
17 1417
36 1036
46 1329
46 1058
44 1280
18 1233
12 1286
33 1292
42 1300
38 1473
14 1496
28 1191
10 1063
40 1142
31 1489
10 1151
42 1177
27 1362
32 1110
25 1264
27 1126
29 1194
11 1253
18 1151
23 1126
25 1043
36 1189
29 1210
20 1289
44 1400
14 1427
29 1228
24 1122
27 1370
18 1437
37 1097
39 1041
38 1452
41 1358
41 1286
30 1023
30 1051
31 1116
49 1118
20 1490
15 1318
49 1038
24 1184
43 1026
31 1276
33 1216
15 1212
23 1377
12 1223
13 1374
14 1035
24 1244
15 1370
42 1392
45 1422
32 1417
30 1463
11 1221
43 1124
24 1384
34 1115
11 1033
23 1170
21 1467
18 1283
28 1177
40 1191
23 1485
26 1135
35 1415
28 1022
28 1286
49 1124
34 1438
23 1228
23 1155
27 1336
26 1465
38 1390
43 1013
28 1477
26 1052
17 1069
26 1122
39 1020
46 1355
10 1380
14 1024
18 1403
31 1461
12 1071
36 1378
20 1071
36 1312
39 1040
18 1140
16 1098
22 1412
29 1144
49 1108
27 1459
29 1186
43 1486
46 1478
14 1246
15 1101
31 1374
20 1066
11 1436
36 1437
42 1016
45 1022
18 1153
22 1259
37 1147
44 1017
29 1154
46 1325
36 1401
32 1000
10 1118
16 1472
40 1449
23 1278
16 1435
38 1180
20 1199
17 1475
25 1494
47 1471
30 1311
29 1229
49 1292
26 1403
39 1488
11 1172
30 1490
10 1187
36 1115
36 1192
35 1216
32 1088
20 1481
15 1080
49 1169
17 1328
19 1268
17 1471
21 1171
38 1249
44 1390
22 1326
34 1208
43 1127
43 1018
24 1124
25 1349
24 1059
17 1168
12 1145
26 1105
25 1265
10 1018
24 1180
24 1268
18 1277
40 1115
37 1380
26 1370
36 1315
36 1067
25 1202
23 1193
34 1105
35 1177
19 1317
49 1132
10 1045
37 1173
33 1125
46 1080
49 1054
16 1070
24 1156
19 1124
20 1073
39 1341
27 1231
31 1341
41 1024
44 1027
15 1279
31 1104
24 1228
15 1168
47 1313
48 1129
14 1148
15 1360
45 1008
13 1487
31 1148
24 1482
18 1474
43 1201
43 1269
25 1151
30 1323
13 1054
39 1252
10 1196
40 1356
34 1368
25 1343
17 1446
31 1432
35 1468
39 1242
44 1025
45 1457
26 1426
10 1255
45 1330
43 1235
35 1285
23 1477
47 1257
11 1109
11 1268
11 1273
27 1269
22 1255
46 1285
11 1358
24 1363
12 1161
36 1124
46 1489
26 1138
15 1340
15 1240
16 1433
38 1498
36 1178
19 1453
39 1398
39 1490
16 1096
49 1185
13 1129
23 1371
21 1362
42 1014
13 1055
43 1324
48 1445
48 1115
25 1108
13 1116
25 1039
26 1326
38 1220
49 1482
29 1219
23 1103
15 1069
46 1154
19 1242
44 1071
19 1228
32 1367
38 1119
38 1364
47 1159
10 1441
32 1194
32 1353
24 1325
26 1011
32 1392
17 1085
43 1021
37 1128
30 1454
15 1059
49 1069
21 1234
24 1078
12 1317
20 1134
23 1153
45 1053
29 1042
33 1115
29 1298
37 1482
35 1299
39 1321
37 1444
30 1316
23 1486
33 1231
16 1054
18 1232
15 1209
36 1434
38 1464
26 1179
23 1465
30 1015
42 1263
12 1285
38 1218
23 1352
11 1475
17 1287
36 1226
36 1452
37 1011
30 1480
15 1270
37 1184
19 1262
42 1495
21 1164
44 1327
18 1177
32 1032
40 1375
26 1377
14 1041
28 1274
38 1446
32 1443
40 1272
33 1156
12 1316
17 1455
19 1019
28 1282
27 1170
13 1314
36 1166
28 1075
37 1241
10 1454
25 1076
42 1337
22 1332
44 1271
11 1041
14 1461
48 1456
38 1006
40 1351
36 1145
23 1333
45 1119
47 1232
47 1172
40 1368
21 1462
38 1243
24 1010
15 1000
36 1051
49 1346
26 1402
35 1081
10 1152
26 1484
18 1122
46 1248
16 1189
29 1389
11 1309
38 1242
39 1410
43 1421
19 1097
32 1346
12 1003
19 1056
35 1365
49 1220
38 1353
48 1106
19 1012
27 1396
30 1209
17 1128
45 1240
46 1372
20 1237
46 1246
26 1286
30 1237
47 1471
19 1499
13 1173
28 1028
20 1201
21 1409
49 1196
39 1354
24 1167
41 1323
36 1454
14 1439
17 1159
15 1151
21 1094
12 1451
42 1357
10 1333
35 1329
45 1188
12 1124
35 1415
49 1021
36 1300
32 1263
10 1432
12 1265
24 1448
47 1204
37 1121
46 1139
10 1187
25 1352
15 1116
47 1057
15 1421
22 1272
47 1348
18 1444
36 1095
10 1257
16 1099
17 1391
44 1477
24 1152
13 1274
20 1357
48 1009
13 1222
34 1242
13 1350
39 1442
30 1249
11 1150
24 1310
11 1054
34 1250
42 1480
30 1244
17 1412
21 1377
36 1270
24 1093
38 1028
18 1179
11 1395
33 1153
40 1310
12 1486
39 1112
43 1363
40 1499
34 1088
19 1297
12 1433
23 1422
27 1259
49 1380
47 1189
43 1357
17 1420
15 1304
46 1323
35 1109
41 1434
45 1225
24 1214
14 1374
36 1034
15 1486
13 1428
37 1328
24 1191
28 1339
11 1092
10 1162
30 1199
46 1178
32 1285
22 1092
33 1197
37 1354
20 1259
20 1045
46 1081
48 1352
42 1444
23 1160
21 1239
30 1337
29 1125
38 1351
23 1092
30 1309
25 1259
10 1300
42 1028
31 1252
28 1101
13 1335
39 1378
27 1339
22 1207
12 1320
11 1428
19 1004
43 1095
40 1250
34 1006
42 1296
36 1279
12 1105
30 1230
43 1069
18 1137
22 1181
21 1047
37 1430
22 1362
28 1198
22 1477
43 1263
38 1114
13 1272
35 1019
30 1094
37 1247
38 1124
48 1116
16 1318
16 1455
24 1337
27 1428
32 1296
12 1383
38 1385
16 1148
17 1125
21 1309
42 1431
35 1464
32 1362
19 1086
36 1182
15 1314
38 1133
48 1041
19 1476
29 1247
10 1031
23 1333
24 1377
47 1244
32 1306
17 1236
27 1195
44 1386
37 1037
23 1013
28 1271
40 1111
32 1433
11 1488
43 1081
36 1210
25 1254
17 1288
29 1029
11 1126
16 1241
44 1472
23 1319
41 1152
40 1015
39 1008
10 1109
41 1089
35 1147
16 1210
30 1430
41 1138
37 1036
27 1133
38 1369
26 1379
48 1453
14 1386
10 1013
47 1236
43 1169
36 1135
13 1182
14 1270
38 1257
30 1076
42 1472
35 1224
47 1222
22 1186
36 1297
22 1460
47 1212
44 1441
27 1343
39 1041
28 1004
31 1161
10 1353
17 1064
38 1356
19 1387
17 1238
37 1371
39 1321
30 1282
48 1102
18 1434
37 1366
32 1451
38 1481
21 1332
17 1353
49 1023
16 1175
28 1335
44 1418
16 1319
30 1441
23 1434
33 1290
42 1044
17 1207
12 1290
29 1233
38 1484
21 1141
13 1140
49 1276
48 1110
45 1366
23 1060
43 1293
18 1426
13 1230
32 1128
34 1324
24 1427
44 1346
39 1031
33 1094
32 1228
35 1355
37 1077
36 1439
16 1127
42 1304
48 1126
37 1301
13 1247
39 1166
41 1360
19 1274
32 1148
42 1172
38 1021
17 1238
46 1112
40 1258
44 1441
34 1231
28 1038
11 1111
18 1209
10 1286
16 1086
31 1062
15 1247
30 1347
42 1421
46 1178
12 1353
42 1342
46 1458
20 1305
47 1182
49 1176
10 1444
28 1164
39 1266
47 1283
17 1395
38 1281
30 1125
40 1005
36 1391
44 1209
17 1480
41 1103
21 1154
34 1124
31 1060
48 1157
35 1209
39 1445
22 1031
27 1466
42 1346
30 1049
22 1087
38 1020
13 1038
34 1108
19 1104
43 1235
17 1263
14 1413
49 1163
13 1320
27 1043
45 1261
18 1144
46 1016
32 1150
39 1191
30 1452
15 1039
21 1218
28 1178
10 1134
29 1159
38 1175
31 1299
29 1337
32 1232
21 1466
36 1240
22 1145
35 1331
18 1238
37 1310
12 1361
30 1159
24 1185
24 1110
48 1474
35 1122
49 1350
46 1025
35 1034
46 1442
25 1133
44 1109
17 1454
39 1325
41 1334
17 1113
36 1114
15 1126
11 1491
33 1017
39 1074
25 1243
17 1124
22 1205
35 1031
12 1014
17 1153
29 1384
17 1275
33 1385
41 1322
22 1418
14 1216
27 1490
26 1094
49 1042
31 1067
32 1220
26 1247
30 1168
14 1312
34 1274
49 1105
35 1261
39 1066
19 1159
16 1484
12 1029
26 1411
45 1114
14 1425
26 1177
38 1380
22 1072
29 1383
21 1309
44 1179
29 1337
49 1062
24 1384
25 1493
17 1035
16 1304
22 1351
16 1311
16 1125
18 1422
31 1030
19 1210
34 1373
48 1188
23 1290
23 1476
45 1393
17 1486
35 1341
49 1478
45 1098
49 1238
37 1230
45 1284
31 1076
45 1396
17 1237
19 1167
35 1288
19 1181
14 1062
21 1124
43 1450
31 1480
48 1088
24 1498
25 1086
16 1042
37 1373
21 1039
26 1493
49 1263
17 1494
36 1046
21 1296
11 1158
33 1075
13 1467
36 1295
38 1258
49 1214
26 1324
36 1253
26 1257
26 1346
18 1301
17 1311
25 1355
40 1102
41 1128
16 1420
22 1083
38 1113
35 1458
18 1380
30 1305
27 1275
41 1485
25 1093
11 1330
44 1255
18 1046
30 1377
40 1416
45 1014
36 1049
48 1344
19 1309
25 1233
19 1271
14 1477
39 1150
23 1263
18 1036
34 1009
15 1372
42 1127
19 1431
13 1083
16 1154
23 1214
34 1246
27 1162
20 1137
15 1113
35 1008
19 1222
40 1450
37 1108
48 1453
20 1317
49 1489
20 1183
19 1405
23 1153
31 1134
25 1435
17 1135
43 1474
20 1219
49 1390
19 1070
42 1390
24 1171
16 1353
46 1032
44 1441
37 1043
23 1171
13 1320
11 1018
16 1223
23 1041
34 1240
22 1327
24 1276
35 1197
26 1043
42 1146
37 1011
41 1494
10 1142
14 1489
14 1087
28 1262
32 1389
42 1020
25 1498
17 1362
37 1283
25 1066
14 1069
39 1487
33 1098
13 1431
13 1488
11 1445
41 1236
44 1406
22 1131
22 1198
36 1021
11 1455
24 1118
44 1348
12 1328
24 1440
44 1131
11 1300
19 1476
41 1335
12 1104
11 1194
17 1380
43 1002
29 1389
21 1472
40 1439
31 1397
40 1302
36 1424
26 1068
44 1246
35 1318
38 1298
40 1020
40 1437
45 1057
43 1474
18 1048
10 1015
27 1383
23 1407
20 1323
43 1491
16 1320
18 1389
12 1240
47 1197
33 1015
19 1498
48 1344
37 1497
21 1101
24 1448
39 1426
34 1333
47 1030
40 1323
22 1109
30 1265
15 1005
12 1146
29 1118
22 1170
14 1085
40 1006
22 1174
14 1067
26 1089
19 1368
14 1032
41 1481
19 1091
43 1144
21 1185
35 1012
15 1333
15 1026
14 1120
23 1266
22 1182
48 1267
44 1233
31 1038
27 1202
18 1212
42 1010
28 1012
31 1458
46 1072
48 1184
10 1260
17 1394
46 1498
31 1260
44 1282
41 1228
42 1270
43 1012
40 1397
17 1298
20 1198
35 1441
22 1056
28 1249
18 1276
13 1430
17 1224
49 1315
40 1239
10 1213
32 1089
26 1278
29 1211
13 1129
27 1206
42 1137
17 1335
13 1129
14 1413
23 1039
29 1344
34 1205
16 1498
26 1169
34 1394
26 1075
32 1479
44 1070
20 1170
45 1095
21 1256
40 1293
36 1454
45 1263
13 1094
16 1140
32 1152
22 1271
14 1342
30 1444
15 1222
11 1252
19 1234
22 1225
14 1091
43 1351
16 1065
36 1159
43 1225
33 1034
14 1208
24 1033
26 1314
32 1051
35 1230
13 1355
22 1308
10 1401
46 1312
11 1059
34 1309
19 1185
35 1423
41 1446
12 1416
24 1435
15 1457
18 1371
40 1002
39 1075
42 1279
38 1031
18 1055
19 1064
31 1468
12 1122
41 1452
32 1006
45 1114
47 1082
18 1071
12 1470
49 1125
23 1474
31 1350
48 1229
25 1401
19 1260
12 1381
18 1284
17 1192
32 1376
42 1021
37 1000
18 1486
11 1088
17 1455
31 1247
33 1218
32 1146
11 1490
32 1274
48 1009
46 1398
44 1305
28 1032
13 1382
49 1101
29 1418
45 1050
26 1340
24 1279
37 1000
43 1332
33 1252
28 1093
24 1227
15 1315
42 1041
32 1075
38 1287
12 1268
24 1279
24 1047
47 1024
28 1081
35 1209
18 1248
10 1218
49 1238
24 1214
32 1456
17 1245
20 1382
45 1031
39 1040
46 1165
43 1434
25 1304
10 1223
27 1339
40 1482
40 1333
46 1084
16 1141
41 1299
30 1373
35 1468
37 1284
13 1082
47 1326
42 1256
13 1145
38 1268
12 1174
38 1377
20 1272
32 1068
13 1000
14 1147
32 1013
33 1361
10 1379
43 1297
28 1172
31 1464
18 1331
34 1427
17 1462
27 1014
47 1388
24 1018
11 1146
28 1495
18 1149
11 1023
28 1243
22 1119
26 1485
20 1017
35 1331
49 1131
11 1040
33 1276
40 1492
38 1200
11 1348
16 1304
32 1060
46 1299
14 1175
42 1171
15 1250
14 1393
32 1118
49 1189
26 1073
14 1203
40 1267
30 1262
33 1433
30 1131
19 1448
17 1133
47 1238
29 1170
44 1499
18 1269
10 1354
26 1046
23 1003
22 1497
27 1461
25 1333
46 1235
11 1188
24 1467
21 1295
36 1020
46 1422
22 1445
49 1018
43 1407
49 1493
30 1277
49 1335
18 1357
21 1247
34 1186
16 1477
47 1130
26 1312
11 1097
45 1339
27 1227
31 1465
34 1045
37 1181
15 1151
21 1164
21 1084
28 1054
22 1242
12 1250
25 1341
48 1365
18 1137
27 1342
20 1418
31 1413
46 1091
41 1279
23 1316
30 1140
47 1197
27 1437
30 1333
32 1344
24 1465
47 1393
10 1470
33 1050
10 1207
27 1231
17 1339
35 1424
32 1063
30 1133
44 1128
23 1281
21 1008
25 1239
30 1491
13 1271
41 1293
26 1303
21 1045
25 1115
34 1334
21 1488
45 1251
18 1391
32 1014
33 1320
39 1275
15 1228
38 1309
20 1398
40 1075
41 1427
42 1447
18 1457
11 1271
21 1227
42 1427
28 1444
49 1257
24 1112
12 1122
34 1453
41 1110
33 1253
43 1303
49 1308
25 1017
27 1173
45 1377
44 1301
10 1418
25 1053
38 1329
11 1062
46 1050
18 1164
25 1275
27 1308
24 1464
11 1060
39 1117
19 1132
19 1451
30 1235
37 1200
42 1461
26 1190
18 1481
16 1419
12 1246
38 1055
43 1099
25 1359
29 1402
27 1113
40 1310
18 1466
37 1422
15 1042
47 1405
47 1388
26 1344
18 1446
22 1114
47 1132
41 1060
21 1165
32 1412
32 1098
14 1111
31 1011
35 1090
42 1457
26 1068
32 1400
42 1070
15 1200
29 1460
38 1497
11 1452
47 1390
15 1211
34 1442
42 1258
34 1189
33 1094
43 1243
20 1085
13 1302
19 1034
19 1408
41 1278
34 1006
39 1394
38 1168
48 1057
14 1150
26 1472
43 1225
29 1141
40 1413
26 1273
19 1272
41 1280
27 1065
20 1325
40 1034
17 1048
35 1341
20 1309
28 1009
49 1393
32 1293
17 1271
13 1434
29 1198
36 1125
42 1219
25 1371
17 1104
16 1373
26 1472
36 1465
30 1456
38 1247
23 1170
48 1347
28 1327
14 1065
30 1469
26 1188
39 1102
42 1133
49 1139
32 1315
46 1412
26 1129
17 1257
16 1482
18 1070
29 1160
25 1115
11 1490
42 1067
38 1434
15 1459
38 1163
32 1472
26 1422
43 1450
43 1285
21 1352
32 1020
46 1275
44 1448
20 1416
12 1166
27 1171
10 1390
19 1221
36 1008
22 1272
10 1139
22 1494
33 1184
36 1136
31 1145
24 1271
43 1177
37 1119
22 1328
26 1477
40 1407
15 1071
33 1261
41 1134
32 1201
31 1171
21 1442
26 1413
41 1039
19 1229
41 1057
27 1333
28 1177
16 1085
49 1348
12 1089
43 1259
19 1258
11 1307
32 1004
44 1248
38 1107
13 1121
41 1492
24 1209
23 1196
15 1108
12 1401
48 1087
20 1499
12 1344
16 1381
45 1423
13 1300
19 1244
49 1165
43 1111
31 1314
13 1349
27 1207
31 1013
37 1052
29 1081
19 1099
47 1314
37 1319
41 1247
48 1349
16 1113
21 1105
46 1442
18 1355
23 1148
20 1489
20 1058
43 1131
48 1071
34 1388
27 1060
27 1098
14 1282
20 1066
38 1435
24 1084
36 1380
18 1323
10 1375
37 1192
36 1038
32 1122
37 1290
36 1281
17 1419
31 1224
35 1358
42 1429
22 1056
17 1065
40 1423
43 1113
39 1410
32 1274
43 1212
32 1375
15 1109
17 1240
33 1368
32 1192
25 1306
48 1335
17 1293
34 1022
36 1121
35 1099
30 1472
26 1082
45 1468
40 1137
20 1144
23 1286
45 1297
10 1290
33 1485
27 1165
45 1034
14 1271
16 1177
38 1220
25 1216
48 1121
35 1002
10 1413
40 1368
48 1174
14 1498
39 1395
10 1131
49 1484
15 1080
37 1457
26 1219
33 1288
43 1391
32 1321
18 1190
24 1371
43 1498
12 1008
43 1405
35 1024
15 1272
10 1300
32 1473
39 1020
48 1344
38 1190
39 1285
45 1361
33 1496
18 1243
23 1451
17 1029
42 1193
25 1475
35 1266
36 1193
13 1372
49 1494
42 1224
17 1254
22 1012
39 1235
28 1196
11 1446
23 1196
41 1159
29 1150
14 1329
35 1173
12 1399
13 1300
45 1251
20 1317
20 1274
40 1278
41 1348
45 1080
20 1109
18 1449
23 1065
10 1261
47 1239
27 1047
14 1114
43 1014
10 1168
39 1099
36 1081
12 1287
24 1032
37 1237
43 1235
26 1435
31 1276
25 1374
41 1019
37 1425
35 1015
20 1139
10 1185
20 1185
30 1422
12 1145
32 1284
41 1200
38 1321
24 1106
16 1038
28 1328
19 1387
13 1064
43 1160
34 1360
21 1404
28 1332
29 1393
40 1266
21 1461
45 1037
40 1321
19 1096
34 1192
42 1090
34 1436
17 1056
29 1030
31 1489
32 1265
25 1089
18 1426
46 1179
20 1223
37 1441
25 1197
27 1157
11 1321
30 1431
21 1340
41 1177
24 1022
27 1415
12 1184
11 1377
19 1234
15 1220
29 1456
22 1277
23 1119
48 1062
16 1077
12 1135
40 1145
45 1474
26 1216
33 1339
23 1466
24 1254
14 1294
11 1489
21 1001
42 1394
33 1102
17 1296
38 1046
15 1063
17 1373
48 1254
13 1164
49 1328
37 1013
42 1322
31 1008
18 1296
28 1218
15 1089
29 1264
17 1354
46 1439
19 1264
28 1153
37 1247
44 1232
21 1214
40 1041
36 1039
11 1143
34 1311
15 1107
25 1308
10 1338
27 1025
46 1371
41 1098
18 1248
10 1399
42 1351
24 1075
47 1227
32 1456
32 1450
11 1001
33 1062
26 1289
43 1173
20 1235
13 1340
49 1375
10 1225
23 1220
34 1341
39 1117
20 1231
12 1058
23 1401
11 1384
32 1175
15 1076
41 1448
48 1147
48 1129
39 1026
47 1335
29 1373
15 1430
18 1052
13 1444
13 1296
36 1360
22 1301
24 1360
24 1242
49 1127
13 1354
28 1277
48 1031
15 1444
11 1289
28 1477
22 1246
45 1244
28 1151
43 1295
26 1153
22 1392
45 1174
48 1382
43 1007
31 1311
12 1244
31 1203
38 1483
35 1424
30 1417
20 1459
20 1073
49 1230
32 1127
43 1094
35 1343
21 1487
30 1430
18 1046
18 1250
40 1442
23 1097
26 1239
48 1244
18 1102
37 1102
25 1117
30 1495
44 1072
29 1343
22 1026
29 1162
18 1052
40 1269
24 1015
41 1400
18 1479
37 1169
44 1142
46 1135
26 1427
20 1322
38 1287
25 1119
29 1146
20 1163
15 1425
44 1188
32 1429
36 1064
41 1445
42 1484
33 1446
20 1054
29 1111
11 1013
35 1246
43 1137
44 1377
29 1360
23 1204
34 1196
38 1053
23 1449
26 1458
49 1110
15 1208
18 1233
24 1008
42 1245
32 1367
39 1224
49 1034
48 1154
37 1341
48 1052
16 1481
16 1470
25 1370
42 1320
36 1207
15 1163
16 1040
40 1322
30 1120
47 1453
34 1233
36 1160
16 1270
32 1041
35 1043
26 1051
13 1161
37 1259
31 1297
30 1359
39 1263
20 1335
22 1451
17 1154
16 1430
34 1023
11 1214
31 1069
24 1273
49 1136
16 1014
37 1135
24 1304
32 1446
49 1390
21 1292
29 1336
49 1344
17 1424
13 1352
36 1098
24 1334
24 1423
48 1103
38 1124
30 1172
18 1138
17 1317
21 1424
36 1092
10 1478
45 1327
39 1303
40 1432
23 1329
13 1195
12 1385
25 1203
21 1099
41 1073
27 1082
44 1229
21 1335
30 1017
30 1229
19 1275
34 1452
21 1378
39 1265
11 1016
10 1431
20 1148
18 1135
35 1387
25 1262
34 1465
48 1212
27 1493
39 1270
19 1157
12 1114
46 1078
41 1409
12 1348
32 1016
24 1413
28 1310
46 1129
12 1298
45 1439
34 1232
12 1307
25 1023
25 1442
26 1134
23 1091
49 1402
12 1420
29 1301
31 1143
29 1290
42 1280
19 1410
30 1314
18 1457
23 1037
37 1399
21 1350
10 1075
26 1412
49 1125
27 1283
11 1149
30 1363
35 1496
11 1354
49 1092
45 1379
11 1441
27 1128
23 1255
14 1284
31 1031
25 1037
25 1442
36 1181
21 1091
47 1184
23 1280
25 1182
44 1102
47 1052
36 1242
13 1129
21 1138
47 1219
24 1209
12 1280
46 1347
18 1167
12 1088
38 1161
25 1106
44 1234
48 1071
48 1345
39 1402
47 1070
38 1325
28 1317
48 1429
30 1199
30 1048
44 1115
33 1023
28 1021
17 1489
30 1105
25 1419
16 1266
32 1025
11 1478
36 1316
24 1243
25 1442
25 1125
49 1033
29 1156
42 1109
28 1312
24 1297
15 1413
42 1024
49 1175
18 1472
46 1424
12 1300
23 1153
28 1331
48 1430
24 1047
49 1236
44 1017
13 1321
29 1059
40 1340
24 1382
41 1206
32 1112
47 1086
45 1113
27 1251
26 1446
41 1005
35 1019
21 1461
11 1345
14 1445
35 1468
23 1162
42 1268
33 1367
29 1075
46 1205
46 1032
35 1416
34 1208
17 1269
38 1023
43 1155
26 1443
16 1374
33 1160
12 1084
42 1358
15 1050
33 1497
20 1260
12 1451
43 1378
37 1233
47 1135
46 1439
43 1135
28 1092
39 1098
27 1325
30 1054
37 1403
11 1065
39 1226
23 1182
45 1346
26 1292
13 1239
27 1488
16 1406
45 1019
15 1055
24 1346
37 1342
12 1192
18 1270
27 1109
31 1300
31 1206
17 1314
23 1298
39 1045
46 1447
18 1216
34 1132
22 1290
23 1258
33 1373
21 1427
10 1040
26 1014
44 1350
38 1242
35 1087
41 1096
41 1320
20 1186
11 1342
12 1083
36 1304
24 1104
41 1108
49 1127
27 1317
23 1259
40 1327
16 1364
10 1318
11 1321
20 1070
18 1319
16 1185
23 1292
39 1372
36 1227
38 1301
24 1169
43 1054
10 1080
47 1175
40 1002
26 1066
47 1214
41 1146
30 1397
28 1061
22 1278
30 1249
19 1400
47 1203
31 1107
29 1284
20 1205
14 1317
32 1185
39 1472
48 1464
39 1173
32 1106
34 1197
47 1115
13 1047
40 1191
12 1404
34 1239
46 1141
26 1484
35 1463
37 1318
19 1045
47 1280
46 1218
23 1299
33 1033
16 1421
32 1150
18 1018
20 1298
10 1248
30 1352
33 1457
28 1334
27 1337
21 1119
43 1430
20 1161
30 1142
19 1205
20 1073
37 1055
45 1351
15 1480
19 1185
16 1261
10 1436
10 1476
16 1256
32 1117
27 1376
22 1285
26 1375
30 1040
47 1356
42 1368
38 1039
38 1266
36 1463
34 1392
40 1321
27 1456
44 1339
16 1055
37 1446
13 1424
21 1322
46 1269
35 1485
45 1394
13 1014
47 1229
17 1303
35 1319
31 1479
36 1052
40 1010
38 1029
41 1115
30 1154
20 1283
25 1367
47 1037
37 1006
23 1333
19 1418
41 1205
19 1353
30 1062
24 1384
16 1186
23 1413
13 1289
26 1447
30 1422
10 1291
28 1133
17 1484
27 1280
23 1083
27 1123
43 1061
37 1206
13 1102
42 1109
43 1228
28 1283
25 1481
30 1063
25 1416
25 1200
27 1222
19 1269
23 1174
15 1001
15 1009
33 1222
22 1352
42 1459
14 1335
27 1372
49 1171
16 1209
40 1104
47 1290
13 1497
24 1244
41 1153
47 1051
36 1038
29 1329
24 1178
41 1274
40 1007
21 1214
13 1298
37 1134
32 1344
15 1213
48 1112
31 1075
45 1407
16 1166
14 1083
41 1052
12 1319
20 1091
14 1138
11 1128
31 1272
45 1186
33 1067
24 1200
41 1176
49 1160
46 1105
48 1070
29 1427
19 1457
45 1484
35 1034
34 1300
43 1414
29 1002
23 1442
32 1165
19 1244
14 1093
23 1135
22 1448
14 1431
39 1356
27 1482
36 1354
19 1085
30 1136
24 1144
43 1329
19 1050
14 1059
12 1378
39 1172
33 1071
43 1057
38 1241
45 1286
44 1197
30 1387
44 1285
16 1197
41 1248
46 1258
34 1341
44 1352
15 1405
13 1254
35 1153
30 1268
13 1279
38 1184
20 1101
11 1128
39 1382
16 1460
33 1469
49 1047
30 1487
31 1498
24 1031
37 1033
31 1272
29 1250
33 1422
25 1448
40 1358
28 1042
24 1290
22 1127
22 1376
27 1344
12 1017
44 1333
49 1378
29 1498
23 1441
35 1290
13 1378
43 1460
10 1129
30 1176
13 1140
16 1268
38 1149
46 1312
10 1471
44 1109
25 1115
29 1336
25 1147
24 1119
44 1398
22 1300
47 1315
13 1117
45 1216
34 1299
38 1425
32 1096
23 1247
26 1148
22 1032
25 1156
18 1352
14 1013
17 1379
40 1209
13 1159
34 1159
20 1021
39 1268
41 1414
28 1053
22 1364
41 1400
30 1240
22 1184
38 1349
29 1410
19 1408
33 1047
40 1297
41 1062
40 1155
23 1432
49 1143
46 1346
33 1098
12 1193
23 1027
31 1229
34 1309
12 1238
20 1211
13 1152
37 1371
12 1381
14 1217
14 1032
23 1401
32 1020
48 1108
48 1162
44 1243
26 1397
29 1428
17 1300
35 1142
12 1337
31 1347
31 1472
29 1386
41 1437
49 1120
35 1109
10 1400
31 1056
26 1170
45 1433
38 1415
19 1173
42 1133
22 1495
27 1078
22 1324
22 1342
45 1214
48 1297
22 1461
25 1251
42 1115
38 1499
29 1078
46 1298
30 1391
33 1466
47 1365
21 1048
41 1343
33 1119
26 1382
23 1446
21 1321
48 1239
12 1032
30 1145
10 1286
47 1286
35 1142
15 1125
44 1481
49 1126
47 1434
32 1494
36 1276
26 1047
26 1333
29 1366
23 1430
24 1395
14 1070
20 1103
48 1387
47 1325
23 1302
30 1042
23 1090
42 1303
11 1496
17 1154
24 1318
45 1373
39 1018
11 1405
16 1459
13 1404
11 1214
43 1044
46 1387
37 1220
31 1214
13 1191
42 1300
20 1379
22 1107
47 1162
14 1494
20 1077
24 1490
43 1324
19 1175
49 1384
34 1143
33 1072
39 1218
31 1175
22 1462
30 1354
45 1134
34 1007
45 1000
35 1114
45 1021
15 1233
29 1422
23 1225
17 1428
31 1287
29 1415
34 1367
41 1399
25 1300
10 1369
43 1188
28 1400
31 1395
42 1027
30 1135
44 1073
43 1301
42 1218
26 1479
26 1145
17 1285
17 1017
18 1288
16 1073
37 1352
31 1484
11 1104
34 1420
13 1224
15 1075
15 1065
15 1493
18 1164
49 1040
12 1145
19 1328
48 1174
11 1285
37 1186
12 1306
47 1249
14 1378
34 1262
38 1251
10 1231
39 1408
33 1405
42 1299
48 1208
20 1256
11 1356
24 1345
27 1344
39 1464
23 1482
39 1260
20 1255
26 1325
40 1000
30 1488
35 1115
34 1070
48 1079
29 1266
29 1000
41 1035
27 1132
23 1001
42 1262
14 1364
36 1345
21 1186
34 1136
21 1487
22 1114
23 1441
40 1243
27 1271
27 1270
40 1261
46 1190
19 1353
45 1194
15 1160
35 1454
19 1475
27 1294
18 1461
30 1256
14 1253
12 1337
36 1495
45 1458
41 1401
20 1352
14 1263
46 1496
13 1120
43 1364
41 1227
20 1003
41 1306
36 1166
26 1488
21 1358
41 1253
36 1018
12 1291
10 1062
21 1324
32 1284
34 1402
14 1277
17 1155
16 1107
10 1052
45 1152
45 1418
27 1248
16 1190
19 1229
44 1494
39 1100
33 1389
37 1180
11 1263
28 1450
33 1307
41 1199
32 1449
10 1261
22 1046
15 1250
11 1322
17 1378
27 1352
49 1151
19 1252
48 1452
28 1233
41 1166
48 1414
48 1386
34 1201
11 1000
10 1388
10 1349
43 1324
21 1045
27 1042
41 1361
46 1218
18 1301
29 1114
26 1267
46 1003
13 1329
39 1014
38 1107
46 1417
49 1374
20 1211
33 1145
38 1145
24 1179
44 1358
27 1262
43 1170
10 1466
21 1473
29 1099
27 1307
27 1218
18 1229
42 1256
39 1073
48 1406
35 1496
40 1408
25 1353
28 1149
24 1217
18 1246
32 1105
11 1147
37 1411
18 1156
16 1153
11 1309
18 1031
18 1062
36 1432
43 1290
45 1400
41 1395
38 1313
25 1289
10 1478
14 1210
12 1423
16 1297
44 1461
29 1114
32 1082
38 1442
19 1158
28 1178
14 1306
33 1171
42 1276
33 1287
47 1391
29 1275
25 1309
27 1024
32 1055
25 1224
42 1455
38 1298
45 1475
35 1112
36 1048
16 1386
43 1157
23 1033
39 1479
23 1059
48 1461
49 1415
26 1120
42 1184
42 1183
37 1495
14 1278
32 1378
23 1106
11 1018
38 1117
19 1265
27 1186
24 1341
18 1107
32 1091
37 1306
14 1263
18 1173
31 1181
30 1435
42 1364
48 1082
42 1362
13 1260
46 1234
42 1289
31 1015
11 1038
22 1128
17 1013
36 1455
32 1385
25 1167
15 1129
42 1459
32 1226
21 1485
42 1285
31 1341
39 1221
19 1219
30 1074
47 1474
38 1386
14 1003
15 1169
13 1367
24 1274
40 1250
31 1009
39 1314
14 1140
30 1096
31 1090
48 1335
29 1075
29 1416
13 1308
37 1088
18 1258
24 1101
22 1450
32 1150
26 1455
29 1174
26 1099
45 1457
43 1099
36 1375
43 1349
14 1489
35 1198
15 1459
11 1372
38 1089
22 1267
36 1444
31 1090
34 1156
18 1218
19 1052
22 1383
23 1289
34 1328
23 1219
35 1337
47 1178
46 1156
11 1331
39 1332
14 1375
36 1082
25 1070
19 1165
46 1229
46 1410
20 1224
16 1464
28 1253
14 1233
35 1234
31 1136
12 1385
30 1340
40 1057
10 1252
49 1319
37 1357
13 1002
28 1307
19 1358
32 1287
20 1431
42 1157
31 1142
35 1493
45 1178
37 1063
25 1384
49 1369
37 1481
45 1255
42 1063
45 1012
41 1294
43 1053
16 1199
16 1259
13 1400
34 1226
23 1147
16 1071
10 1093
12 1325
38 1144
37 1241
16 1379
29 1367
26 1159
35 1029
18 1017
49 1466
29 1062
46 1237
14 1316
38 1205
18 1393
31 1179
35 1306
25 1337
49 1278
13 1471
13 1327
23 1064
21 1247
32 1204
11 1395
43 1488
44 1206
29 1322
14 1148
21 1162
30 1268
11 1163
45 1356
40 1415
11 1144
11 1133
35 1319
44 1214
49 1150
42 1014
29 1212
36 1092
31 1485
27 1001
38 1339
11 1178
32 1090
40 1346
10 1163
33 1227
22 1066
18 1372
24 1033
27 1250
19 1363
19 1423
43 1398
16 1228
30 1061
38 1446
25 1494
45 1259
29 1196
36 1006
36 1470
48 1444
20 1177
46 1022
33 1414
23 1083
15 1106
18 1080
38 1287
36 1458
18 1148
35 1463
30 1019
19 1424
42 1365
41 1468
30 1033
47 1379
33 1363
20 1356
20 1388
27 1387
37 1232
22 1489
28 1215
26 1362
31 1482
36 1309
39 1244
21 1237
15 1408
19 1109
39 1281
15 1279
43 1291
48 1417
16 1105
24 1315
26 1163
35 1118
12 1334
34 1381
46 1066
16 1084
16 1054
31 1043
25 1131
26 1151
37 1363
48 1444
42 1306
18 1339
29 1321
32 1374
40 1356
10 1293
11 1132
48 1098
20 1316
18 1198
43 1416
45 1496
17 1427
18 1102
30 1234
11 1440
37 1329
42 1307
47 1174
37 1064
39 1491
39 1074
45 1211
16 1160
19 1428
17 1162
21 1451
14 1191
44 1454
16 1324
10 1066
12 1180
48 1386
30 1258
36 1310
43 1091
37 1456
26 1478
23 1062
36 1218
40 1261
12 1106
18 1270
20 1111
37 1401
49 1332
29 1148
33 1444
12 1397
20 1211
44 1098
24 1174
36 1163
43 1036
24 1220
46 1252
31 1271
15 1070
21 1059
47 1412
29 1053
33 1497
48 1264
46 1044
13 1451
45 1033
19 1033
23 1453
18 1095
12 1340
27 1230
46 1070
17 1264
41 1406
29 1151
43 1142
49 1389
39 1128
44 1061
31 1116
24 1373
41 1166
28 1433
14 1046
25 1499
45 1245
36 1406
36 1093
45 1001
42 1425
14 1040
38 1392
33 1094
24 1188
22 1465
25 1058
33 1189
41 1173
12 1335
46 1124
46 1040
29 1151
40 1020
24 1027
49 1127
28 1149
19 1158
43 1414
40 1054
15 1386
15 1281
46 1166
40 1035
19 1281
12 1213
35 1285
24 1210
29 1069
20 1108
30 1304
44 1027
37 1055
16 1052
24 1296
29 1290
25 1491
45 1454
46 1134
33 1350
23 1160
46 1229
13 1323
23 1010
33 1420
24 1046
31 1224
30 1123
12 1237
31 1245
14 1308
45 1031
14 1469
32 1245
47 1056
44 1001
33 1265
47 1087
41 1197
49 1315
43 1188
48 1036
35 1113
28 1461
42 1378
18 1357
29 1297
29 1379
15 1139
25 1469
25 1430
25 1484
31 1295
44 1036
36 1214
44 1280
33 1238
29 1136
33 1113
15 1192
48 1284
27 1443
36 1082
36 1296
39 1358
19 1000
17 1357
39 1227
44 1415
38 1313
29 1319
11 1109
49 1432
36 1302
22 1125
35 1324
22 1017
47 1173
31 1343
46 1224
27 1227
32 1394
46 1096
11 1037
29 1179
21 1317
27 1032
13 1168
41 1273
20 1087
14 1347
34 1208
49 1496
26 1218
34 1415
45 1167
22 1475
24 1438
45 1453
18 1110
28 1130
12 1159
43 1162
27 1310
20 1072
49 1457
12 1285
11 1229
37 1423
35 1143
40 1082
16 1221
32 1011
36 1213
24 1398
40 1247
20 1078
22 1300
18 1322
14 1377
19 1387
37 1494
32 1154
49 1221
19 1038
24 1212
30 1384
25 1238
46 1239
35 1015
18 1327
29 1354
48 1397
48 1074
37 1063
41 1451
40 1453
48 1357
12 1089
36 1310
48 1231
14 1048
22 1285
45 1456
40 1499
22 1280
23 1181
28 1112
38 1170
29 1430
37 1066
38 1018
18 1449
48 1280
48 1110
21 1128
37 1194
48 1120
35 1219
22 1245
45 1365
20 1186
39 1489
26 1379
39 1432
16 1106
38 1471
38 1107
23 1463
48 1168
10 1079
25 1468
26 1076
39 1153
35 1131
30 1189
27 1029
13 1366
23 1280
17 1233
43 1357
18 1315
43 1184
39 1169
28 1476
20 1244
11 1204
45 1478
11 1464
15 1048
44 1178
23 1180
11 1167
14 1245
27 1483
10 1420
30 1390
24 1189
13 1211
32 1225
26 1323
24 1170
16 1122
10 1277
41 1323
16 1422
15 1342
41 1135
27 1249
44 1385
38 1377
14 1285
24 1147
48 1108
49 1163
27 1313
49 1332
12 1487
34 1300
37 1470
31 1425
46 1292
44 1259
34 1418
13 1035
42 1466
40 1105
14 1439
18 1135
32 1226
29 1386
29 1285
12 1375
24 1350
41 1080
11 1370
33 1010
27 1199
37 1191
28 1332
37 1459
26 1078
36 1437
40 1032
28 1082
26 1416
48 1498
24 1191
19 1091
19 1216
42 1141
20 1222
10 1209
23 1087
39 1406
44 1495
35 1204
44 1090
33 1110
14 1334
29 1352
44 1394
18 1401
21 1227
34 1160
14 1360
31 1404
37 1261
20 1428
40 1427
44 1029
14 1232
35 1205
47 1325
26 1473
42 1459
39 1175
25 1096
36 1319
49 1170
42 1454
11 1280
19 1062
27 1130
36 1074
37 1183
22 1261
31 1057
17 1375
41 1002
47 1220
39 1029
38 1095
22 1204
25 1396
19 1344
41 1493
37 1311
34 1007
13 1082
22 1402
12 1277
22 1366
10 1363
18 1169
33 1108
27 1238
41 1292
21 1270
42 1196
37 1232
34 1285
37 1020
14 1287
42 1022
23 1122
28 1233
45 1132
26 1445
45 1350
18 1173
17 1201
13 1184
16 1417
35 1459
16 1468
18 1273
46 1485
26 1071
37 1244
15 1475
39 1086
17 1359
38 1151
38 1315
36 1436
35 1071
22 1256
10 1118
21 1253
33 1279
46 1256
16 1373
18 1121
39 1265
23 1359
44 1355
28 1025
38 1124
10 1181
20 1297
36 1141
42 1292
27 1245
21 1028
48 1103
45 1197
23 1008
49 1252
47 1329
29 1214
40 1267
39 1232
32 1108
35 1224
39 1066
16 1346
33 1134
17 1286
30 1344
34 1217
38 1446
21 1136
33 1166
24 1168
21 1124
25 1421
11 1125
49 1293
31 1471
22 1222
14 1476
21 1132
31 1138
25 1088
12 1045
23 1141
13 1308
19 1437
11 1370
33 1237
25 1430
39 1094
13 1145
41 1438
20 1014
49 1486
27 1073
45 1153
41 1269
28 1307
15 1252
15 1293
16 1200
31 1414
13 1458
21 1268
19 1309
43 1171
49 1444
45 1374
23 1291
45 1190
33 1198
30 1204
14 1248
26 1307
47 1285
46 1173
37 1122
37 1393
12 1477
14 1429
35 1481
38 1457
39 1086
26 1349
29 1415
49 1128
16 1354
46 1437
49 1468
46 1030
43 1137
49 1165
42 1353
29 1298
18 1176
29 1303
16 1256
31 1279
37 1091
39 1305
25 1212
18 1446
36 1139
41 1478
25 1234
10 1009
28 1202
28 1141
35 1342
46 1421
13 1494
39 1143
49 1310
47 1100
27 1323
36 1175
46 1465
17 1360
33 1148
35 1204
44 1356
18 1059
39 1020
41 1114
27 1415
25 1223
32 1435
29 1022
26 1389
33 1443
13 1284
20 1325
46 1277
15 1374
36 1049
30 1113
42 1274
40 1356
30 1224
18 1000
28 1369
49 1346
45 1054
24 1213
44 1434
23 1272
25 1177
12 1081
10 1214
45 1249
45 1326
38 1243
35 1427
33 1078
25 1265
16 1465
34 1410
20 1394
38 1447
20 1322
49 1014
45 1055
17 1278
16 1216
21 1027
30 1011
26 1454
28 1225
45 1159
24 1261
29 1330
18 1305
14 1226
39 1107
44 1397
16 1470
17 1225
10 1273
48 1395
27 1452
31 1318
21 1452
47 1015
43 1164
16 1144
11 1439
45 1299
34 1428
21 1088
38 1130
15 1423
38 1449
19 1285
18 1289
14 1039
10 1017
16 1152
34 1454
11 1368
14 1184
15 1209
32 1336
15 1184
25 1170
24 1435
31 1100
33 1404
23 1224
41 1480
33 1087
23 1309
23 1318
34 1271
43 1058
31 1313
23 1127
23 1444
42 1322
35 1364
26 1031
46 1369
30 1099
38 1400
12 1170
38 1417
42 1457
11 1230
41 1237
49 1017
35 1366
43 1037
18 1117
30 1441
33 1108
20 1499
36 1328
38 1064
40 1398