4000 4000
18 1496
21 1168
19 1417
46 1285
22 1078
37 1006
12 1287
17 1250
11 1046
22 1233
47 1155
47 1427
18 1403
45 1333
32 1194
42 1314
34 1439
35 1301
33 1262
39 1144
39 1423
21 1236
16 1306
32 1341
37 1446
37 1480
36 1355
33 1106
10 1011
48 1441
46 1117
29 1190
19 1033
48 1008
29 1497
14 1224
45 1274
43 1106
44 1499
35 1222
33 1307
35 1422
32 1312
20 1107
38 1452
45 1232
35 1366
47 1487
27 1495
45 1452
24 1295
22 1316
40 1394
49 1365
21 1138
33 1322
12 1425
28 1311
15 1347
48 1027
23 1442
46 1206
40 1279
17 1340
47 1272
25 1269
40 1200
15 1040
35 1401
39 1488
32 1095
29 1112
26 1110
39 1108
43 1181
36 1211
27 1209
32 1183
25 1248
46 1056
16 1292
18 1495
24 1333
24 1277
12 1040
13 1002
22 1482
14 1223
44 1370
12 1059
22 1025
48 1110
40 1077
16 1235
37 1389
47 1455
28 1397
42 1007
30 1251
28 1074
28 1112
39 1396
46 1272
11 1486
40 1448
42 1187
26 1193
12 1363
39 1480
40 1068
21 1334
23 1062
20 1001
25 1199
26 1345
16 1230
40 1088
21 1336
15 1480
41 1081
28 1077
40 1013
10 1104
21 1157
25 1218
29 1121
27 1321
10 1035
33 1011
38 1387
17 1475
47 1410
13 1427
33 1098
48 1205
33 1310
32 1222
12 1031
48 1170
22 1383
41 1202
31 1060
10 1484
11 1005
24 1493
22 1206
46 1259
33 1462
22 1460
45 1231
19 1200
19 1481
15 1302
26 1193
24 1414
40 1318
38 1427
15 1467
13 1218
35 1327
39 1385
10 1421
27 1135
48 1132
17 1456
36 1305
13 1072
30 1436
33 1345
41 1346
39 1144
33 1056
32 1174
14 1079
21 1199
21 1434
18 1222
17 1310
16 1133
44 1418
16 1202
22 1186
28 1407
35 1197
25 1150
11 1210
21 1270
34 1001
44 1007
43 1478
25 1457
26 1469
28 1099
27 1013
27 1175
15 1128
20 1332
41 1466
19 1471
42 1141
12 1058
16 1480
42 1338
12 1356
36 1419
35 1440
18 1158
17 1092
33 1349
28 1259
43 1095
16 1138
32 1103
27 1494
11 1055
39 1019
25 1157
14 1454
40 1463
24 1150
22 1303
38 1442
26 1149
31 1357
14 1035
24 1006
36 1203
38 1456
22 1453
13 1053
32 1445
16 1272
32 1298
12 1125
39 1451
39 1108
19 1123
46 1125
49 1450
32 1153
12 1100
34 1040
19 1474
27 1489
36 1003
34 1444
44 1223
14 1000
11 1072
47 1313
23 1387
17 1402
46 1212
29 1256
10 1431
11 1459
36 1399
13 1010
36 1063
40 1404
32 1251
30 1291
35 1050
44 1462
12 1303
27 1174
29 1473
20 1208
15 1094
31 1400
41 1178
34 1193
40 1487
39 1215
32 1354
22 1397
32 1035
22 1029
33 1327
27 1168
24 1447
17 1274
12 1464
35 1409
13 1454
16 1023
40 1089
18 1427
43 1279
10 1106
26 1196
16 1003
38 1148
39 1188
36 1031
27 1141
23 1286
45 1341
36 1380
22 1310
28 1116
40 1244
41 1438
18 1243
34 1434
18 1460
49 1442
14 1471
19 1062
25 1035
31 1391
13 1479
27 1387
34 1091
27 1377
26 1089
21 1425
38 1070
41 1165
39 1138
28 1159
29 1198
23 1029
18 1255
40 1073
47 1255
41 1437
18 1076
42 1056
14 1024
10 1251
13 1317
32 1394
42 1293
45 1194
19 1458
42 1291
23 1416
48 1473
47 1272
23 1489
39 1252
13 1049
28 1279
23 1099
15 1491
36 1227
16 1191
37 1205
11 1042
18 1262
47 1196
13 1032
24 1192
29 1445
41 1159
49 1230
17 1104
48 1057
23 1418
33 1430
26 1494
45 1178
20 1359
26 1161
23 1442
23 1473
44 1356
13 1008
43 1113
38 1105
10 1313
48 1030
17 1434
35 1160
29 1335
46 1404
24 1383
12 1172
37 1358
19 1291
26 1007
31 1020
47 1319
43 1163
10 1059
13 1287
24 1362
38 1132
20 1011
10 1329
27 1368
20 1007
20 1158
43 1273
41 1095
12 1470
32 1498
22 1012
18 1481
30 1129
10 1111
43 1127
25 1075
48 1097
46 1187
21 1246
25 1199
14 1476
10 1358
11 1360
14 1407
37 1158
18 1323
13 1288
29 1354
28 1246
47 1357
22 1245
12 1069
32 1085
12 1363
49 1298
48 1319
36 1015
11 1318
44 1119
43 1087
40 1453
47 1113
37 1067
46 1301
22 1244
33 1253
44 1126
33 1229
27 1417
19 1020
17 1035
10 1296
24 1470
21 1030
44 1129
17 1405
28 1253
25 1420
17 1378
48 1075
43 1126
23 1284
29 1165
30 1412
24 1484
41 1436
36 1345
40 1009
26 1437
25 1033
26 1341
26 1148
26 1091
27 1334
17 1118
24 1108
27 1328
42 1025
22 1082
41 1235
27 1092
23 1261
28 1433
27 1030
33 1234
24 1024
30 1275
31 1065
25 1029
39 1357
13 1276
25 1472
35 1423
36 1196
42 1365
12 1298
31 1267
28 1323
32 1360
28 1490
48 1127
30 1417
41 1032
44 1237
49 1442
48 1396
11 1476
24 1406
26 1189
42 1278
15 1065
10 1458
27 1092
41 1157
21 1213
28 1087
15 1132
34 1066
38 1070
42 1209
28 1063
33 1135
16 1264
25 1186
17 1047
27 1008
25 1003
38 1084
13 1485
23 1344
45 1096
44 1438
14 1448
49 1387
42 1069
46 1402
43 1076
37 1163
43 1441
33 1205
27 1247
11 1317
32 1329
14 1367
40 1450
35 1259
46 1050
48 1156
37 1435
46 1356
38 1148
25 1444
43 1259
40 1002
34 1135
38 1228
45 1340
41 1314
46 1485
22 1250
26 1007
37 1462
13 1479
48 1089
22 1010
46 1460
32 1235
44 1148
36 1215
37 1152
45 1167
25 1484
42 1295
14 1417
11 1415
35 1100
33 1001
43 1395
31 1319
35 1229
21 1451
48 1150
12 1227
25 1113
11 1089
19 1344
17 1415
17 1287
23 1181
47 1170
22 1498
46 1299
18 1190
47 1480
37 1360
26 1037
15 1201
24 1328
15 1453
49 1215
46 1301
20 1005
14 1275
29 1322
19 1337
46 1318
41 1069
15 1248
43 1453
12 1032
29 1356
15 1278
31 1080
49 1190
32 1359
21 1367
25 1142
20 1434
18 1313
46 1219
35 1085
49 1367
16 1128
11 1163
20 1063
37 1273
24 1410
31 1191
19 1243
30 1172
30 1366
31 1495
15 1260
38 1178
29 1282
32 1024
23 1144
31 1334
22 1026
12 1410
34 1224
44 1297
45 1282
39 1254
45 1070
15 1104
42 1400
40 1233
38 1354
28 1222
45 1110
19 1423
34 1204
39 1484
36 1233
36 1287
16 1278
44 1349
11 1101
20 1386
41 1456
15 1350
16 1178
45 1337
16 1406
10 1227
12 1188
18 1296
25 1229
14 1005
38 1193
23 1284
13 1274
10 1056
49 1228
18 1264
35 1126
49 1028
28 1417
13 1058
32 1483
18 1310
11 1430
15 1429
21 1205
38 1168
30 1057
48 1090
24 1296
29 1418
35 1346
16 1113
46 1138
42 1289
39 1214
10 1407
25 1496
23 1160
44 1024
21 1233
25 1252
21 1174
38 1489
36 1114
12 1159
20 1093
41 1152
14 1267
40 1312
34 1121
16 1176
32 1262
25 1366
35 1332
16 1119
35 1041
46 1000
21 1229
26 1408
16 1341
40 1400
43 1320
42 1033
27 1135
37 1246
28 1275
39 1384
44 1170
16 1001
33 1016
14 1011
17 1282
47 1103
14 1185
23 1031
45 1389
35 1398
13 1393
45 1364
15 1170
26 1128
11 1242
33 1053
10 1250
13 1467
21 1396
20 1409
42 1109
48 1094
39 1355
41 1087
43 1006
46 1206
29 1381
10 1126
17 1326
49 1016
26 1083
15 1038
35 1044
39 1388
26 1162
34 1155
35 1062
29 1141
11 1362
44 1123
28 1214
20 1208
16 1074
30 1262
41 1209
31 1261
42 1173
43 1018
20 1194
29 1413
46 1189
11 1328
37 1007
31 1273
23 1371
49 1261
39 1472
43 1231
42 1475
11 1401
17 1100
49 1370
28 1112
32 1284
17 1028
35 1028
15 1468
13 1184
43 1349
13 1394
16 1490
39 1276
14 1125
42 1238
37 1052
46 1496
15 1275
12 1061
10 1147
40 1238
48 1063
28 1248
33 1325
34 1352
14 1384
24 1048
15 1125
26 1087
40 1061
10 1110
31 1232
10 1156
31 1132
38 1475
20 1101
29 1330
30 1121
20 1478
46 1462
22 1262
27 1161
26 1372
16 1185
32 1279
12 1200
43 1237
14 1024
12 1078
25 1418
18 1486
42 1454
23 1139
12 1330
34 1480
20 1115
20 1361
14 1226
26 1095
30 1392
12 1118
48 1276
41 1117
10 1264
37 1139
32 1218
24 1386
31 1218
30 1152
26 1055
15 1325
38 1151
47 1003
35 1230
15 1445
19 1325
48 1196
14 1134
11 1415
33 1111
38 1124
35 1185
38 1324
25 1270
25 1481
11 1316
13 1211
37 1308
11 1148
48 1008
26 1011
41 1077
17 1300
37 1423
29 1086
14 1255
17 1392
29 1129
13 1149
36 1486
17 1363
13 1424
24 1470
22 1127
30 1203
48 1340
10 1322
33 1054
14 1499
15 1312
37 1022
28 1172
14 1414
22 1468
15 1426
21 1225
48 1266
20 1411
29 1209
12 1042
13 1434
23 1210
28 1159
17 1460
11 1270
32 1417
49 1337
17 1222
17 1338
40 1259
26 1002
43 1217
45 1478
20 1242
14 1370
12 1420
32 1031
38 1209
23 1490
43 1399
15 1208
49 1461
44 1176
16 1258
16 1177
22 1079
15 1400
33 1163
36 1071
47 1290
38 1267
36 1233
12 1363
16 1025
17 1232
17 1465
42 1224
11 1343
30 1397
10 1078
11 1230
33 1498
34 1329
20 1442
40 1042
40 1033
11 1201
37 1321
43 1081
33 1496
20 1303
41 1261
37 1363
34 1225
25 1462
38 1378
43 1278
47 1258
43 1201
48 1275
10 1260
38 1257
37 1474
18 1094
40 1127
36 1302
17 1111
33 1192
46 1097
20 1090
39 1143
11 1286
25 1476
19 1450
26 1240
45 1281
10 1214
31 1304
13 1356
18 1475
38 1292
22 1207
15 1433
16 1324
12 1490
34 1308
17 1396
21 1185
31 1078
39 1065
34 1219
19 1201
12 1390
42 1219
41 1181
21 1309
47 1154
27 1006
19 1137
44 1192
15 1411
23 1163
30 1493
16 1481
10 1473
18 1151
36 1220
41 1187
45 1404
16 1378
12 1198
32 1274
11 1042
42 1277
16 1180
48 1371
31 1119
46 1179
10 1490
18 1115
39 1381
38 1044
44 1076
22 1499
10 1283
39 1362
36 1094
17 1339
49 1218
26 1040
29 1228
13 1256
15 1407
27 1294
41 1340
33 1029
23 1180
45 1002
15 1360
19 1128
49 1487
36 1169
34 1057
29 1269
32 1116
34 1492
13 1368
12 1403
43 1007
47 1291
32 1081
23 1027
48 1369
34 1124
22 1058
26 1280
41 1319
16 1210
35 1391
45 1250
43 1268
18 1363
13 1494
14 1260
33 1019
15 1216
49 1433
42 1066
32 1318
38 1400
11 1428
15 1257
44 1097
23 1225
49 1478
46 1429
30 1029
27 1487
17 1366
34 1164
44 1360
28 1285
17 1004
17 1390
38 1079
32 1392
17 1119
39 1025
37 1346
19 1294
15 1454
18 1125
14 1383
34 1345
43 1209
26 1244
17 1129
31 1317
13 1113
35 1154
32 1098
40 1412
44 1253
49 1478
34 1126
24 1164
14 1197
11 1488
30 1193
42 1480
27 1051
27 1182
32 1214
14 1225
45 1342
33 1052
33 1061
11 1060
28 1214
43 1114
19 1335
44 1099
29 1051
18 1409
10 1264
49 1068
46 1494
18 1423
37 1370
48 1034
34 1181
22 1445
34 1257
34 1021
34 1135
33 1176
37 1409
26 1403
16 1347
12 1200
48 1021
44 1411
33 1440
43 1284
46 1068
18 1071
29 1293
37 1185
37 1162
32 1277
41 1002
41 1230
47 1193
11 1009
32 1133
38 1034
49 1009
11 1233
38 1053
19 1269
45 1157
32 1483
43 1277
33 1083
39 1179
31 1015
46 1359
37 1215
42 1191
45 1124
21 1333
36 1365
19 1225
45 1097
30 1249
27 1435
16 1230
12 1161
47 1090
26 1108
11 1264
21 1416
31 1169
29 1337
22 1011
29 1404
12 1086
10 1295
15 1229
23 1342
24 1378
42 1343
19 1169
13 1452
44 1352
31 1267
12 1350
47 1128
39 1440
12 1173
30 1441
29 1466
21 1012
46 1097
45 1324
10 1252
45 1027
36 1451
46 1147
18 1418
21 1466
38 1248
25 1211
13 1450
20 1213
37 1396
49 1070
14 1322
35 1031
41 1489
24 1203
10 1348
18 1489
25 1187
18 1443
35 1177
38 1017
25 1221
41 1110
33 1098
17 1478
42 1252
17 1159
47 1179
39 1361
26 1178
43 1049
18 1058
24 1442
23 1273
10 1020
14 1269
11 1259
35 1219
12 1498
14 1014
36 1442
34 1399
31 1413
17 1167
33 1035
47 1052
28 1043
36 1290
35 1235
13 1478
39 1116
28 1021
46 1464
48 1023
27 1041
24 1299
35 1328
31 1243
38 1034
46 1423
19 1237
43 1426
13 1256
35 1074
42 1150
10 1332
17 1404
19 1075
37 1363
15 1286
10 1385
10 1420
28 1384
11 1210
41 1185
45 1456
11 1441
17 1496
49 1403
35 1091
25 1107
40 1084
18 1062
28 1290
47 1408
13 1249
26 1358
31 1314
20 1247
11 1281
41 1064
18 1489
36 1459
15 1334
49 1059
35 1206
43 1446
31 1098
39 1183
40 1284
48 1133
33 1492
22 1222
36 1212
40 1372
32 1079
14 1028
19 1221
15 1024
37 1314
43 1078
24 1087
19 1149
26 1120
14 1443
47 1106
12 1005
13 1267
31 1054
36 1436
13 1432
30 1392
16 1315
36 1328
44 1365
18 1330
32 1215
32 1313
15 1286
29 1418
43 1108
12 1323
49 1228
35 1098
34 1053
13 1393
46 1444
39 1300
38 1025
39 1414
11 1185
37 1307
11 1472
19 1042
34 1036
49 1480
17 1215
47 1043
22 1141
24 1277
28 1401
11 1182
15 1408
39 1200
39 1182
29 1058
41 1020
23 1032
47 1137
27 1311
29 1386
34 1026
25 1254
46 1355
15 1074
40 1179
44 1007
27 1071
32 1090
20 1090
11 1415
39 1164
34 1327
39 1300
22 1313
14 1043
29 1143
24 1064
30 1389
39 1093
45 1341
29 1398
27 1401
20 1003
40 1342
24 1423
18 1331
11 1381
10 1131
41 1361
18 1244
40 1297
21 1337
39 1040
25 1177
43 1467
17 1067
22 1353
15 1296
13 1308
35 1076
17 1095
11 1488
49 1362
24 1346
24 1219
18 1101
26 1342
48 1262
37 1273
40 1234
27 1095
38 1405
13 1359
46 1321
30 1307
42 1217
47 1406
48 1096
30 1479
35 1141
24 1373
11 1164
17 1217
14 1023
12 1397
28 1494
34 1093
42 1476
44 1263
30 1116
12 1229
44 1426
30 1458
30 1180
16 1136
30 1360
33 1433
38 1016
31 1244
48 1353
39 1226
29 1466
14 1304
12 1319
36 1127
45 1021
37 1192
27 1451
31 1388
21 1349
10 1445
37 1382
34 1301
27 1424
19 1406
25 1160
22 1101
37 1462
35 1172
46 1006
18 1385
20 1101
12 1271
49 1052
17 1119
18 1418
17 1101
18 1440
23 1216
16 1270
21 1088
15 1031
40 1391
43 1062
24 1244
10 1385
25 1388
16 1282
47 1435
14 1347
37 1380
30 1270
31 1335
42 1185
13 1261
20 1335
23 1203
37 1244
41 1236
14 1209
18 1478
16 1364
47 1396
12 1309
19 1059
44 1403
27 1097
11 1424
44 1088
29 1440
27 1201
16 1083
40 1127
13 1342
29 1355
24 1060
19 1419
27 1179
18 1106
33 1288
38 1204
25 1163
20 1331
29 1452
39 1115
38 1051
30 1188
39 1040
41 1407
42 1005
33 1174
25 1239
38 1227
41 1389
12 1196
36 1483
35 1184
11 1425
42 1089
16 1202
45 1358
11 1207
20 1469
30 1235
17 1392
26 1447
12 1268
45 1299
47 1119
33 1286
16 1261
21 1287
24 1115
23 1450
35 1259
48 1246
36 1182
38 1377
46 1405
41 1468
28 1411
31 1135
33 1370
39 1217
13 1040
17 1369
32 1482
14 1129
28 1265
45 1055
11 1177
44 1465
20 1268
20 1141
26 1168
32 1375
26 1348
27 1480
10 1104
28 1323
27 1168
29 1254
38 1118
30 1039
22 1154
37 1119
24 1169
26 1173
38 1162
13 1156
43 1113
15 1304
22 1463
13 1345
20 1452
28 1318
44 1432
34 1105
11 1202
35 1288
30 1401
47 1130
10 1184
24 1406
44 1192
22 1429
36 1043
19 1433
25 1487
23 1077
35 1466
24 1235
40 1316
13 1369
22 1369
21 1229
10 1107
12 1051
22 1191
35 1177
14 1378
14 1468
26 1386
42 1107
46 1451
18 1438
49 1236
13 1315
18 1283
21 1441
29 1459
32 1320
40 1148
19 1405
45 1437
35 1397
19 1314
33 1282
35 1148
29 1194
14 1328
25 1486
31 1496
38 1147
35 1420
38 1381
32 1090
23 1135
34 1100
37 1066
23 1024
28 1398
37 1251
10 1163
11 1036
27 1372
26 1181
11 1212
38 1443
49 1401
33 1297
37 1212
34 1015
27 1180
18 1417
22 1109
42 1033
41 1029
25 1122
13 1033
16 1337
13 1033
28 1384
20 1018
29 1192
26 1285
26 1460
40 1345
17 1329
23 1306
49 1283
23 1041
14 1087
35 1212
34 1069
19 1329
19 1285
21 1422
31 1337
37 1035
18 1099
48 1413
15 1237
17 1252
38 1373
22 1288
22 1426
41 1045
11 1132
46 1233
42 1007
31 1261
42 1097
29 1371
14 1399
40 1023
15 1399
35 1388
14 1409
24 1131
33 1032
11 1282
42 1456
30 1473
48 1421
24 1371
10 1458
31 1149
29 1400
11 1463
20 1056
26 1461
22 1257
19 1470
18 1003
47 1425
38 1394
36 1148
48 1280
47 1286
47 1432
13 1314
42 1307
40 1375
16 1185
35 1111
28 1217
41 1225
26 1470
33 1120
39 1197
10 1223
15 1197
34 1094
27 1388
30 1315
48 1134
20 1137
24 1291
26 1465
29 1041
18 1144
11 1215
18 1491
16 1056
47 1466
14 1455
34 1379
42 1279
46 1447
44 1420
33 1040
15 1404
30 1179
27 1263
40 1317
31 1361
40 1443
31 1092
49 1362
43 1144
20 1461
35 1229
21 1468
10 1332
10 1311
44 1428
48 1389
48 1339
22 1274
49 1345
20 1237
45 1470
14 1173
46 1104
36 1132
11 1457
13 1250
49 1493
29 1033
27 1461
19 1047
10 1167
20 1103
35 1217
26 1070
42 1329
38 1113
30 1487
15 1123
20 1073
29 1396
17 1471
36 1175
10 1341
46 1000
18 1225
11 1265
10 1422
10 1444
12 1307
45 1252
11 1426
14 1295
16 1090
27 1123
27 1228
21 1483
13 1077
37 1437
32 1404
46 1061
30 1472
23 1483
43 1473
27 1008
10 1092
36 1119
46 1065
46 1405
37 1356
15 1384
21 1495
16 1314
15 1208
39 1005
21 1425
45 1167
17 1409
46 1385
35 1052
40 1159
36 1143
37 1387
13 1270
29 1068
10 1341
38 1187
12 1141
18 1223
37 1399
46 1104
24 1152
11 1256
48 1387
35 1086
24 1149
37 1311
11 1490
21 1187
20 1297
39 1197
41 1166
49 1417
33 1381
27 1322
49 1143
29 1200
44 1368
42 1243
28 1185
39 1301
35 1102
35 1001
43 1335
46 1380
39 1492
34 1288
10 1254
26 1182
14 1237
43 1258
43 1251
49 1270
12 1133
36 1499
31 1371
38 1172
30 1462
45 1405
31 1238
10 1204
22 1265
30 1423
44 1229
40 1496
24 1132
32 1047
34 1057
29 1122
37 1328
21 1097
14 1278
10 1475
47 1314
18 1446
28 1276
29 1374
43 1397
40 1045
13 1451
11 1245
19 1090
22 1134
39 1228
32 1080
41 1388
43 1408
31 1421
39 1235
22 1366
35 1085
24 1131
23 1080
31 1403
14 1496
23 1276
19 1307
21 1498
20 1421
44 1452
20 1425
25 1414
36 1373
44 1363
22 1432
17 1415
43 1040
41 1022
23 1271
44 1420
28 1440
44 1089
17 1146
33 1134
48 1368
19 1446
17 1279
39 1450
47 1425
17 1443
38 1085
31 1265
48 1091
41 1220
23 1218
34 1432
46 1305
28 1117
47 1441
33 1081
14 1207
22 1248
38 1437
42 1364
28 1270
23 1048
12 1226
18 1132
18 1163
20 1128
32 1116
30 1259
11 1065
44 1185
35 1066
48 1448
12 1338
34 1015
47 1290
45 1281
40 1036
14 1385
46 1483
42 1228
18 1059
32 1215
43 1282
29 1091
29 1246
38 1238
30 1114
13 1173
24 1331
34 1148
15 1390
38 1351
29 1065
40 1280
10 1087
49 1355
45 1211
39 1039
47 1210
30 1156
19 1234
12 1057
26 1087
22 1485
48 1060
41 1030
15 1297
20 1410
43 1251
45 1421
46 1315
14 1177
34 1356
47 1422
22 1279
28 1207
13 1103
29 1118
25 1337
22 1223
32 1159
33 1269
24 1482
44 1396
21 1079
45 1198
25 1130
17 1337
19 1037
29 1124
49 1169
21 1185
43 1414
45 1163
19 1245
17 1051
13 1414
20 1323
43 1372
49 1331
31 1076
31 1386
12 1336
42 1289
40 1049
37 1493
38 1260
21 1431
30 1077
37 1073
49 1108
45 1476
28 1032
34 1185
28 1181
29 1011
28 1276
12 1119
12 1092
22 1142
45 1467
26 1215
31 1084
25 1049
39 1333
34 1484
38 1070
15 1322
37 1479
47 1452
15 1076
23 1206
15 1035
24 1441
11 1079
20 1363
34 1442
31 1135
31 1343
40 1369
12 1201
14 1487
37 1209
12 1328
23 1058
24 1402
28 1402
32 1175
44 1465
31 1278
19 1168
23 1391
44 1332
11 1241
48 1265
36 1056
19 1261
11 1339
47 1258
27 1170
28 1351
22 1484
35 1415
20 1488
35 1360
27 1395
36 1006
32 1163
29 1477
28 1446
36 1121
44 1091
11 1444
44 1042
46 1271
19 1078
49 1084
22 1257
17 1004
46 1335
45 1132
42 1358
21 1111
42 1073
34 1254
41 1163
27 1358
20 1034
42 1428
11 1468
17 1293
10 1489
49 1461
25 1167
23 1427
22 1455
27 1199
38 1447
34 1315
39 1265
21 1004
40 1242
14 1101
37 1388
41 1455
23 1418
15 1449
45 1015
43 1101
38 1193
23 1484
40 1109
21 1221
24 1211
11 1329
16 1429
45 1126
34 1038
35 1264
26 1098
42 1019
13 1015
26 1464
45 1223
49 1278
36 1365
21 1201
43 1289
37 1379
25 1044
39 1437
32 1214
46 1418
22 1009
31 1478
37 1297
17 1478
21 1026
49 1395
27 1120
42 1471
41 1079
34 1498
22 1390
29 1036
49 1069
15 1327
22 1120
25 1026
39 1020
24 1282
21 1207
44 1148
32 1250
40 1494
34 1127
32 1119
16 1449
47 1360
12 1205
33 1291
21 1175
38 1000
23 1022
22 1289
25 1201
36 1300
47 1125
23 1230
24 1031
44 1377
39 1045
16 1027
38 1047
44 1222
12 1398
44 1360
22 1265
34 1436
23 1442
36 1472
29 1160
32 1340
24 1102
25 1226
36 1015
15 1098
43 1043
43 1487
40 1301
34 1302
30 1355
38 1416
47 1370
10 1441
44 1077
33 1090
20 1472
43 1487
21 1489
18 1265
20 1335
14 1450
31 1137
21 1052
11 1487
45 1222
38 1117
27 1240
47 1106
31 1022
26 1428
14 1376
42 1497
11 1100
41 1236
19 1377
19 1308
20 1228
25 1375
26 1413
30 1013
41 1260
10 1249
36 1438
47 1011
40 1159
34 1487
36 1447
45 1345
10 1465
49 1267
20 1344
41 1074
37 1372
11 1320
25 1398
42 1346
46 1184
26 1480
21 1317
25 1323
22 1327
35 1482
17 1149
13 1214
29 1270
19 1349
31 1008
19 1151
36 1274
32 1204
30 1218
22 1417
12 1169
24 1477
40 1462
25 1285
21 1006
14 1232
12 1106
31 1182
22 1095
34 1388
10 1220
12 1406
29 1162
31 1179
25 1351
20 1391
25 1190
36 1311
18 1208
37 1291
42 1291
34 1332
43 1057
30 1013
35 1237
33 1239
36 1358
47 1014
29 1314
10 1018
10 1191
30 1218
43 1145
37 1437
46 1006
44 1306
42 1209
37 1114
47 1189
40 1329
19 1098
36 1351
47 1288
30 1384
23 1270
14 1348
43 1164
48 1323
48 1109
45 1361
11 1274
17 1376
32 1056
40 1340
33 1091
15 1193
26 1277
21 1258
12 1473
19 1256
19 1265
46 1425
14 1040
10 1426
31 1318
23 1340
12 1212
21 1318
41 1396
37 1205
43 1013
41 1393
28 1107
41 1384
41 1221
40 1222
33 1115
21 1086
31 1325
38 1250
23 1360
39 1274
30 1059
33 1419
36 1146
38 1102
19 1238
17 1248
18 1152
24 1320
29 1069
20 1430
27 1076
36 1217
43 1075
14 1334
31 1212
12 1053
41 1377
11 1173
43 1375
46 1172
45 1037
12 1254
10 1096
10 1388
31 1129
17 1447
41 1388
15 1071
47 1327
32 1319
23 1063
37 1104
16 1332
49 1039
36 1131
15 1227
14 1259
24 1470
34 1118
28 1409
47 1136
17 1345
39 1446
40 1214
41 1000
13 1317
43 1439
47 1219
33 1279
41 1388
29 1229
18 1426
35 1407
43 1414
20 1259
39 1253
32 1207
29 1053
12 1091
14 1080
48 1059
42 1175
35 1155
46 1407
49 1225
37 1291
25 1397
23 1311
41 1127
25 1279
22 1076
32 1479
20 1343
23 1479
13 1102
36 1093
33 1158
48 1259
34 1253
34 1461
20 1067
38 1048
11 1436
27 1359
15 1191
40 1446
22 1474
22 1293
10 1229
20 1476
14 1340
25 1470
47 1204
26 1324
22 1138
42 1218
22 1098
44 1475
18 1358
13 1355
40 1015
45 1054
34 1007
14 1389
23 1048
45 1013
23 1485
24 1059
19 1323
35 1170
30 1128
20 1113
22 1473
32 1013
19 1290
49 1475
48 1160
33 1197
27 1068
21 1092
24 1267
32 1229
28 1288
24 1259
23 1136
34 1298
21 1142
29 1123
13 1327
44 1041
42 1079
33 1038
20 1175
36 1012
18 1110
15 1207
24 1156
41 1317
12 1393
14 1386
41 1386
14 1353
32 1070
21 1156
25 1153
22 1454
40 1226
37 1091
29 1265
14 1211
39 1217
46 1470
29 1348
44 1439
35 1415
28 1133
28 1310
14 1044
31 1453
40 1328
12 1357
27 1087
26 1441
17 1137
26 1066
32 1419
24 1263
13 1110
32 1318
43 1473
43 1390
10 1386
40 1446
35 1083
38 1149
49 1332
18 1079
28 1106
17 1055
45 1382
30 1181
36 1126
18 1396
15 1417
15 1191
33 1290
38 1043
46 1384
20 1297
29 1208
30 1311
39 1333
26 1373
47 1098
23 1197
15 1373
34 1390
16 1343
13 1277
21 1240
29 1484
26 1145
23 1239
20 1276
25 1370
19 1300
31 1493
41 1388
46 1005
20 1487
38 1161
14 1474
15 1234
29 1110
47 1183
46 1321
45 1096
42 1114
41 1234
41 1289
10 1238
34 1353
27 1088
16 1462
38 1143
23 1365
26 1327
38 1233
45 1075
44 1246
28 1423
45 1219
41 1218
47 1213
48 1197
44 1066
27 1363
26 1001
33 1139
21 1246
26 1205
21 1192
49 1344
18 1284
11 1352
40 1060
27 1007
23 1309
31 1029
17 1261
15 1389
17 1459
10 1062
41 1198
16 1365
24 1046
27 1020
11 1180
18 1278
27 1184
11 1165
36 1129
16 1362
20 1161
24 1352
15 1364
47 1377
49 1360
28 1033
23 1041
32 1402
33 1118
26 1455
18 1424
34 1275
41 1079
29 1110
26 1160
11 1382
24 1001
34 1246
16 1405
23 1241
43 1283
36 1010
22 1043
35 1234
22 1396
36 1059
35 1295
45 1062
48 1035
27 1005
19 1363
23 1317
35 1372
28 1098
36 1067
32 1187
11 1184
17 1377
46 1239
47 1341
39 1447
40 1416
46 1367
22 1199
37 1412
25 1365
15 1174
22 1144
42 1291
15 1454
26 1377
39 1368
32 1294
35 1197
49 1454
28 1377
28 1198
47 1110
37 1049
34 1483
48 1193
32 1387
25 1196
36 1264
16 1269
35 1340
24 1429
25 1174
39 1191
32 1218
29 1461
43 1385
37 1335
49 1266
35 1491
22 1136
45 1410
31 1093
49 1477
39 1015
47 1258
14 1235
39 1288
30 1361
47 1340
29 1223
27 1358
15 1208
37 1022
46 1002
28 1187
36 1395
29 1026
31 1453
40 1203
27 1243
20 1347
36 1105
32 1115
10 1381
34 1080
10 1296
34 1356
24 1138
26 1388
22 1314
47 1498
41 1028
22 1389
14 1372
37 1029
16 1213
41 1212
36 1337
31 1262
18 1075
48 1267
23 1443
14 1425
12 1011
11 1310
13 1271
36 1012
14 1152
28 1123
14 1272
22 1305
48 1209
32 1381
43 1182
15 1360
25 1379
38 1156
29 1328
35 1016
30 1399
26 1317
22 1229
17 1407
38 1106
36 1354
30 1349
34 1418
10 1112
43 1262
24 1247
18 1193
42 1040
10 1407
45 1328
31 1387
19 1129
28 1227
16 1165
40 1237
27 1306
48 1193
41 1022
41 1106
22 1124
48 1371
32 1169
15 1241
30 1256
34 1011
23 1448
44 1359
27 1443
15 1383
24 1367
10 1015
24 1081
17 1291
19 1259
11 1328
11 1033
35 1129
17 1376
14 1488
40 1400
34 1158
19 1018
48 1211
26 1172
14 1066
44 1302
17 1226
35 1362
20 1427
39 1299
22 1138
48 1174
29 1108
33 1349
34 1123
30 1451
28 1076
31 1300
28 1155
12 1376
28 1329
23 1101
25 1008
41 1001
38 1475
41 1384
10 1384
15 1299
32 1056
34 1456
27 1470
24 1226
42 1206
27 1464
31 1297
35 1206
23 1204
12 1162
21 1090
11 1415
26 1247
38 1079
47 1144
21 1434
16 1314
22 1326
32 1304
49 1214
20 1070
28 1186
35 1097
42 1168
29 1042
39 1004
44 1189
44 1421
15 1058
28 1179
20 1378
23 1372
13 1352
48 1200
39 1091
31 1396
49 1271
29 1401
36 1076
14 1381
40 1278
34 1307
46 1234
11 1409
49 1237
25 1290
45 1492
11 1207
34 1085
35 1432
48 1485
25 1461
40 1453
46 1036
34 1285
47 1416
41 1375
39 1034
45 1145
21 1318
40 1371
41 1470
45 1059
38 1048
40 1188
42 1342
49 1469
32 1088
11 1125
38 1366
12 1217
46 1275
37 1145
20 1338
46 1014
45 1284
39 1171
35 1267
31 1179
23 1409
45 1008
20 1454
35 1426
35 1242
21 1425
28 1446
25 1279
12 1243
47 1440
16 1113
11 1258
30 1116
28 1450
42 1253
34 1071
28 1479
38 1403
48 1432
34 1277
20 1191
14 1225
26 1187
35 1149
17 1028
42 1306
43 1084
39 1328
15 1353
35 1070
45 1215
14 1231
17 1023
36 1158
48 1114
48 1271
49 1057
46 1102
48 1482
31 1156
49 1128
34 1464
18 1269
17 1341
35 1278
23 1429
41 1045
21 1287
13 1135
37 1127
11 1323
20 1085
35 1391
38 1298
21 1426
11 1389
34 1156
26 1290
24 1323
42 1178
48 1142
37 1360
16 1219
21 1061
25 1432
22 1344
48 1053
49 1013
29 1275
33 1277
10 1400
11 1184
38 1413
41 1104
15 1217
13 1463
49 1197
25 1205
29 1171
15 1063
46 1433
31 1445
24 1080
42 1016
29 1199
45 1287
17 1293
30 1133
43 1320
43 1279
38 1058
14 1482
11 1240
13 1269
27 1167
10 1154
38 1059
42 1452
41 1195
21 1428
25 1083
20 1216
48 1045
45 1284
49 1074
13 1327
38 1248
49 1327
12 1193
12 1107
38 1419
27 1275
42 1393
49 1476
31 1303
37 1031
46 1362
17 1021
44 1389
42 1010
28 1052
30 1480
18 1103
29 1371
44 1262
26 1204
41 1423
13 1276
12 1409
46 1428
33 1428
41 1227
46 1435
14 1400
29 1483
47 1085
30 1091
16 1007
34 1071
14 1250
43 1399
43 1240
49 1026
22 1268
23 1455
32 1463
33 1364
15 1000
18 1140
11 1253
41 1031
32 1445
49 1407
13 1440
10 1052
39 1305
41 1099
16 1153
49 1251
39 1135
11 1162
38 1469
34 1443
45 1380
14 1457
23 1016
37 1177
38 1038
28 1149
33 1464
31 1491
10 1382
29 1172
26 1421
38 1245
10 1316
35 1127
35 1110
31 1038
26 1460
14 1116
41 1472
29 1437
22 1053
25 1181
32 1307
40 1344
10 1432
35 1328
43 1323
26 1059
12 1160
39 1365
46 1302
35 1363
13 1051
27 1368
38 1444
28 1273
44 1420
12 1313
40 1212
17 1097
10 1163
38 1357
47 1193
47 1186
35 1104
44 1471
31 1113
30 1198
10 1017
23 1177
42 1199
31 1338
19 1479
18 1222
39 1489
47 1315
10 1065
47 1020
36 1005
20 1062
43 1151
24 1249
23 1374
37 1097
32 1259
15 1032
36 1365
40 1137
42 1270
31 1012
12 1176
30 1285
43 1299
10 1182
34 1119
17 1006
21 1323
21 1299
27 1283
35 1345
16 1413
18 1060
48 1486
38 1468
10 1450
11 1409
28 1327
34 1028
23 1205
23 1025
48 1227
14 1257
31 1081
16 1286
21 1392
22 1102
23 1456
46 1233
45 1408
38 1404
30 1048
47 1227
27 1053
29 1104
19 1134
32 1031
20 1273
12 1165
25 1004
26 1155
25 1146
44 1034
14 1137
36 1463
42 1118
41 1421
49 1204
37 1215
45 1408
31 1424
11 1154
19 1214
21 1083
43 1356
10 1292
36 1105
20 1193
47 1293
22 1161
17 1337
13 1006
26 1036
36 1405
35 1333
31 1252
28 1399
38 1387
45 1407
42 1350
44 1115
33 1471
40 1099
44 1393
33 1111
15 1354
15 1380
10 1321
46 1466
11 1060
12 1117
38 1476
30 1331
30 1071
21 1187
36 1254
15 1019
33 1467
24 1452
39 1148
16 1445
43 1401
44 1259
43 1147
37 1394
36 1304
23 1065
24 1413
23 1017
23 1402
31 1467
32 1429
45 1021
33 1431
10 1419
16 1062
18 1204
48 1144
36 1479
33 1345
20 1265
27 1008
23 1278
31 1150
17 1375
49 1019
24 1296
21 1105
15 1150
38 1078
30 1317
44 1487
35 1082
43 1167
20 1065
34 1136
22 1310
33 1470
46 1358
21 1003
35 1033
15 1354
35 1030
21 1027
34 1423
34 1440
10 1427
33 1216
44 1020
31 1283
46 1019
22 1113
35 1330
32 1087
15 1431
26 1173
45 1394
23 1176
22 1349
43 1475
29 1049
41 1469
30 1152
26 1170
23 1193
45 1390
23 1236
23 1242
17 1185
24 1127
22 1361
45 1028
42 1449
14 1439
23 1348
14 1272
47 1220
38 1016
25 1181
16 1466
23 1084
49 1012
19 1362
22 1401
48 1342
32 1025
10 1293
48 1290
27 1486
23 1146
11 1337
31 1485
28 1109
41 1048
20 1296
10 1384
44 1435
44 1129
11 1485
19 1037
20 1372
25 1016
26 1054
25 1237
39 1272
39 1194
20 1419
34 1346
13 1130
37 1005
37 1391
49 1344
14 1363
22 1465
47 1076
19 1311
40 1472
12 1084
28 1192
29 1447
19 1373
18 1324
45 1140
45 1285
23 1118
20 1153
37 1427
16 1195
14 1049
24 1324
33 1070
36 1407
19 1289
45 1241
18 1293
31 1473
43 1067
23 1354
29 1231
32 1483
46 1153
18 1478
41 1295
20 1438
29 1157
43 1091
21 1292
35 1135
15 1205
37 1369
41 1450
12 1499
25 1275
34 1110
26 1408
25 1173
46 1468
15 1453
48 1205
16 1451
46 1391
31 1298
18 1163
46 1411
47 1434
10 1221
27 1074
42 1247
43 1251
10 1431
40 1233
14 1121
24 1235
45 1117
40 1154
15 1281
13 1494
13 1044
30 1273
37 1171
13 1148
12 1278
47 1392
33 1301
18 1419
12 1433
30 1326
34 1466
16 1410
39 1334
15 1177
26 1304
43 1153
37 1315
27 1294
30 1055
48 1188
28 1056
41 1441
39 1461
24 1398
38 1038
36 1389
42 1133
22 1260
32 1273
28 1399
28 1427
32 1048
43 1377
17 1069
30 1455
13 1138
24 1009
49 1330
12 1268
23 1057
14 1371
42 1416
45 1276
18 1423
24 1431
39 1473
39 1204
31 1043
12 1300
36 1101
44 1293
46 1004
21 1108
32 1331
36 1003
19 1032
35 1372
32 1232
17 1385
49 1280
28 1432
36 1186
25 1416
44 1085
19 1274
34 1081
36 1336
40 1384
48 1070
11 1065
38 1209
49 1000
42 1281
41 1467
37 1098
19 1044
15 1444
37 1232
36 1138
28 1480
32 1405
41 1160
35 1163
38 1337
12 1255
49 1109
33 1444
19 1198
11 1457
29 1264
43 1127
42 1247
16 1201
37 1124
36 1227
42 1107
46 1412
28 1417
37 1468
42 1001
21 1112
37 1444
47 1408
10 1065
30 1302
31 1428
28 1435
44 1010
20 1498
22 1113
16 1040
39 1474
14 1463
38 1123
35 1343
32 1417
26 1329
45 1059
12 1245
16 1278
28 1465
47 1223
10 1165
41 1465
19 1023
42 1488
16 1102
46 1344
43 1143
30 1113
35 1082
29 1321
14 1312
48 1025
19 1131
11 1024
11 1375
29 1454
25 1268
46 1000
17 1286
42 1225
41 1100
28 1286
18 1407
44 1035
34 1306
47 1475
42 1195
47 1378
29 1441
36 1099
13 1301
24 1276
30 1262
28 1158
34 1364
42 1277
45 1131
34 1329
10 1289
46 1287
13 1011
35 1141
42 1040
28 1447
25 1492
26 1287
10 1381
22 1366
21 1301
46 1079
23 1394
42 1233
37 1194
47 1309
22 1210
45 1234
37 1311
26 1195
10 1397
39 1251
44 1026
14 1157
40 1255
35 1281
32 1202
30 1413
29 1202
35 1381
41 1134
40 1086
49 1232
27 1098
27 1266
22 1231
18 1093
24 1223
16 1179
17 1235
28 1193
11 1325
27 1166
11 1481
42 1145
33 1142
37 1012
15 1049
38 1228
34 1218
17 1044
36 1449
28 1353
25 1039
46 1402
14 1214
38 1018
44 1261
43 1455
41 1349
48 1265
10 1092
40 1449
48 1080
24 1047
47 1181
23 1103
26 1444
45 1049
49 1415
10 1241
10 1381
36 1063
43 1376
36 1152
13 1272
27 1062
35 1452
28 1373
15 1000
33 1428
36 1370
23 1203
25 1374
40 1050
21 1478
40 1318
48 1373
40 1140
33 1479
29 1271
17 1104
38 1148
33 1433
15 1031
14 1345
36 1171
16 1397
30 1368
44 1271
30 1018
48 1361
35 1081
24 1488
26 1332
12 1053
33 1076
15 1332
37 1143
44 1078
13 1490
21 1376
49 1148
22 1040
39 1306
14 1112
26 1320
29 1294
34 1021
20 1411
27 1471
40 1131
20 1119
11 1132
14 1113
17 1324
31 1190
10 1378
29 1302
33 1306
41 1491
20 1454
25 1104
43 1336
13 1364
16 1005
19 1066
47 1199
32 1210
16 1047
12 1109
26 1497
40 1441
45 1206
44 1442
16 1498
38 1175
30 1319
38 1093
35 1414
23 1445
16 1277
36 1263
36 1008
26 1458
16 1203
21 1210
44 1429
47 1496
12 1000
16 1062
47 1045
12 1068
10 1490
24 1437
40 1226
44 1060
35 1071
49 1179
33 1497
40 1218
43 1125
24 1297
41 1185
46 1366
38 1249
27 1104
43 1277
20 1017
47 1206
29 1314
21 1401
16 1172
36 1363
30 1414
34 1058
39 1423
48 1026
38 1440
31 1267
13 1028
39 1291
36 1023
29 1261
36 1291
19 1070
31 1409
45 1029
11 1462
17 1498
34 1331
22 1326
45 1184
14 1416
11 1384
20 1360
20 1302
17 1307
25 1186
10 1312
10 1062
35 1394
12 1377
41 1471
48 1365
13 1483
17 1223
22 1082
21 1455
21 1117
19 1370
43 1419
48 1098
31 1320
42 1317
38 1266
19 1046
17 1467
39 1380
36 1295
45 1365
32 1383
18 1258
13 1347
11 1307
24 1496
36 1095
10 1169
33 1458
19 1469
25 1159
35 1471
43 1070
40 1281
11 1239
44 1206
49 1086
44 1188
15 1066
42 1407
21 1013
20 1336
15 1194
44 1374
25 1044
35 1322
28 1425
12 1085
46 1207
12 1456
24 1011
26 1191
47 1467
21 1094
42 1344
10 1429
37 1099
28 1030
28 1369
21 1159
19 1248
35 1227
40 1256
21 1244
28 1190
40 1079
43 1021
37 1473
26 1120
13 1182
40 1080
24 1021
43 1403
41 1049
21 1279
16 1352
36 1125
23 1011
42 1221
26 1498
34 1303
34 1268
19 1254
19 1300
32 1043
24 1057
20 1449
32 1078
34 1373
21 1255
23 1134
16 1029
18 1274
45 1031
29 1107
38 1418
25 1320
14 1481
18 1305
44 1054
38 1208
42 1294
18 1300
22 1284
19 1205
23 1185
16 1161
37 1186
12 1145
23 1117
35 1307
20 1365
34 1184
22 1117
40 1239
25 1063
29 1313
47 1315
12 1002
34 1152
39 1185
46 1425
26 1368
25 1067
41 1011
20 1070
33 1320
13 1458
25 1225
36 1142
48 1099
33 1148
36 1497
22 1194
16 1093
27 1230
46 1035
38 1471
49 1066
11 1436
13 1322
33 1377
40 1261
37 1021
15 1011
45 1134
15 1053
39 1252
41 1346
26 1401
41 1235
23 1175
18 1011
21 1264
37 1134
26 1305
29 1481
16 1138
28 1360
32 1249
11 1214
19 1213
17 1309
31 1209
12 1395
21 1113
35 1353
16 1102
25 1490
34 1208
45 1063
17 1470
42 1105
46 1106
41 1421
45 1353
41 1329
41 1064
36 1342
41 1176
19 1070
17 1124
47 1391
32 1259
34 1232
32 1060
11 1247
22 1022
35 1127
28 1133
34 1222
43 1033
29 1219
36 1110
46 1146
23 1403
13 1036
24 1384
46 1151
44 1339
38 1173
23 1082
19 1265
13 1251
25 1193
30 1430
11 1347
42 1032
14 1410