4000 3000
18 1479
34 1425
10 1013
20 1428
42 1238
22 1301
30 1305
16 1308
45 1356
25 1383
17 1477
49 1013
42 1005
12 1169
23 1044
11 1138
32 1451
12 1373
32 1148
31 1032
41 1467
21 1183
41 1244
18 1079
18 1050
25 1309
17 1470
22 1051
30 1300
38 1408
32 1489
42 1486
39 1156
26 1294
19 1000
28 1169
49 1309
41 1492
44 1035
16 1100
40 1088
25 1354
39 1249
10 1333
32 1312
16 1219
23 1203
26 1291
35 1076
24 1318
18 1207
12 1403
19 1037
42 1053
19 1311
17 1451
12 1154
17 1205
49 1121
27 1073
34 1290
24 1303
27 1003
42 1493
20 1137
47 1330
14 1063
47 1453
26 1188
10 1388
11 1264
34 1190
48 1469
12 1019
34 1191
17 1006
36 1176
25 1304
36 1467
28 1143
18 1165
39 1003
26 1155
47 1024
24 1236
40 1398
22 1028
21 1013
42 1341
26 1134
36 1490
12 1162
13 1085
40 1351
32 1231
40 1252
39 1337
16 1090
28 1116
22 1084
40 1322
10 1166
41 1088
36 1425
11 1118
11 1431
37 1461
29 1347
46 1475
46 1091
45 1080
41 1193
31 1391
11 1367
47 1122
20 1245
27 1467
42 1105
32 1319
37 1249
36 1273
38 1312
24 1391
42 1194
26 1257
27 1150
40 1426
38 1496
19 1267
37 1430
38 1217
25 1027
40 1089
26 1271
40 1300
27 1277
22 1361
15 1061
17 1066
23 1073
14 1354
26 1285
45 1183
13 1373
37 1422
28 1178
36 1349
39 1480
14 1470
10 1098
41 1438
34 1268
39 1266
18 1233
22 1079
40 1053
37 1121
44 1294
23 1384
30 1324
10 1417
33 1406
20 1430
34 1440
24 1181
18 1397
13 1014
31 1442
16 1335
33 1362
31 1121
21 1378
49 1437
18 1370
23 1271
25 1033
31 1402
13 1339
12 1231
48 1322
49 1190
14 1296
15 1336
33 1102
14 1457
32 1423
11 1090
24 1139
17 1433
27 1020
36 1493
21 1002
14 1467
12 1088
45 1018
28 1155
16 1442
45 1338
25 1291
46 1112
24 1208
35 1347
16 1409
24 1292
23 1450
21 1199
35 1347
44 1490
14 1030
25 1186
40 1439
36 1466
38 1035
15 1336
30 1030
25 1050
40 1351
42 1469
37 1113
48 1186
28 1249
24 1444
46 1196
10 1384
34 1164
22 1414
39 1330
23 1145
12 1411
22 1054
10 1084
38 1280
28 1156
23 1334
42 1113
29 1356
32 1119
24 1347
12 1372
33 1406
43 1076
14 1314
49 1428
26 1132
31 1069
18 1054
33 1118
16 1234
20 1274
30 1255
40 1000
40 1426
29 1182
49 1084
30 1256
47 1487
25 1291
26 1031
11 1120
36 1425
29 1470
20 1067
30 1102
45 1041
38 1071
29 1103
31 1451
37 1006
33 1055
10 1416
40 1279
41 1388
21 1405
48 1385
18 1128
47 1319
45 1256
13 1062
12 1190
15 1192
23 1295
35 1192
47 1023
27 1402
40 1365
43 1484
16 1141
41 1039
36 1333
48 1006
37 1057
29 1068
21 1041
22 1461
39 1498
30 1190
21 1369
25 1173
30 1158
15 1414
46 1334
17 1320
10 1422
26 1376
21 1234
21 1036
33 1402
15 1201
10 1141
44 1419
44 1108
40 1313
11 1335
28 1002
42 1323
29 1303
25 1135
42 1308
20 1251
41 1323
26 1254
43 1263
39 1442
18 1230
22 1154
44 1282
13 1048
48 1341
36 1288
22 1284
16 1341
31 1031
47 1057
49 1308
48 1322
12 1260
40 1027
43 1336
43 1016
47 1024
48 1344
21 1292
39 1189
17 1001
31 1222
22 1021
49 1493
43 1261
36 1169
49 1467
28 1329
12 1004
36 1191
47 1258
10 1446
31 1077
49 1425
41 1028
38 1395
49 1089
18 1216
32 1459
17 1254
44 1456
27 1432
45 1432
42 1200
41 1131
14 1109
35 1039
32 1053
23 1497
44 1159
34 1082
41 1297
26 1268
11 1186
29 1361
49 1194
27 1445
13 1364
41 1380
37 1299
34 1028
46 1226
12 1278
29 1190
36 1486
17 1280
44 1076
31 1226
47 1430
35 1421
16 1188
40 1131
48 1143
32 1435
49 1434
42 1379
31 1082
19 1308
30 1159
31 1084
43 1445
43 1398
47 1019
36 1315
30 1356
15 1395
29 1060
28 1065
32 1466
33 1447
34 1126
49 1279
19 1473
31 1402
32 1443
19 1444
48 1128
34 1157
28 1135
31 1140
43 1427
25 1234
41 1439
45 1387
42 1393
10 1044
48 1033
13 1325
29 1053
49 1302
29 1478
30 1139
47 1422
14 1268
16 1297
42 1401
31 1380
16 1461
15 1091
27 1025
28 1182
14 1224
40 1458
42 1173
15 1244
39 1269
16 1431
31 1373
33 1183
26 1346
14 1245
22 1469
46 1184
37 1481
30 1265
27 1266
48 1389
33 1392
37 1308
37 1133
30 1457
11 1231
31 1469
18 1460
14 1385
27 1220
22 1091
19 1347
11 1487
16 1040
27 1378
43 1159
16 1010
34 1308
34 1493
40 1127
38 1467
40 1094
38 1130
37 1020
33 1314
33 1259
16 1478
32 1061
33 1356
25 1255
28 1093
39 1465
36 1088
28 1480
10 1064
27 1017
14 1407
46 1388
36 1211
34 1251
47 1418
40 1476
23 1249
12 1296
17 1438
22 1169
42 1030
34 1484
16 1226
20 1391
13 1196
12 1119
12 1081
47 1149
17 1369
34 1344
37 1375
12 1200
42 1298
41 1188
39 1405
14 1451
32 1103
39 1306
21 1379
42 1342
46 1285
39 1470
26 1052
25 1004
37 1485
22 1288
49 1102
49 1279
30 1410
28 1148
32 1102
49 1496
36 1100
30 1014
19 1435
42 1461
25 1052
49 1466
25 1194
19 1014
15 1138
31 1107
48 1457
45 1446
49 1005
22 1476
20 1056
41 1411
42 1361
41 1066
19 1341
29 1081
23 1085
26 1216
12 1331
15 1195
15 1199
22 1324
11 1083
33 1187
41 1374
20 1458
47 1166
42 1074
41 1014
12 1409
34 1182
44 1436
24 1123
23 1311
47 1025
16 1480
34 1397
34 1307
24 1031
27 1205
35 1184
14 1299
29 1413
43 1131
18 1444
10 1172
48 1129
46 1198
30 1494
35 1189
33 1316
16 1123
14 1310
10 1155
34 1279
37 1166
33 1326
15 1468
42 1146
14 1044
23 1248
23 1371
42 1030
44 1097
42 1068
11 1353
36 1025
41 1038
47 1014
28 1193
21 1454
29 1140
39 1307
48 1197
14 1449
46 1335
44 1335
38 1279
42 1377
49 1200
32 1452
47 1374
44 1172
24 1044
29 1341
19 1239
28 1070
33 1382
43 1149
36 1035
26 1062
25 1178
28 1450
32 1266
26 1412
14 1294
41 1349
37 1490
32 1268
14 1103
38 1482
44 1349
23 1463
30 1368
17 1221
46 1049
11 1442
13 1059
16 1019
41 1244
25 1006
36 1429
33 1210
36 1016
33 1231
31 1277
32 1138
46 1134
43 1485
22 1083
28 1121
25 1291
41 1142
33 1236
27 1371
16 1311
33 1482
36 1319
23 1203
27 1414
34 1374
42 1340
13 1361
26 1235
23 1095
28 1060
19 1277
18 1187
36 1392
10 1194
32 1102
24 1195
33 1349
46 1109
42 1494
38 1017
35 1448
28 1478
30 1049
45 1100
41 1361
43 1457
26 1184
10 1287
35 1436
40 1359
48 1399
14 1156
20 1092
45 1125
18 1169
47 1121
34 1152
41 1234
46 1246
40 1075
24 1199
26 1295
38 1230
18 1018
24 1103
46 1086
10 1186
43 1491
16 1043
30 1035
13 1296
35 1332
43 1076
10 1198
18 1307
45 1343
30 1118
31 1280
41 1388
18 1334
48 1016
12 1018
41 1375
41 1104
20 1486
47 1050
27 1090
32 1343
42 1069
43 1181
10 1252
36 1304
28 1089
28 1248
33 1214
47 1178
25 1169
28 1257
13 1041
17 1479
27 1391
24 1475
47 1336
44 1366
16 1277
17 1285
44 1003
30 1301
19 1206
24 1383
18 1322
18 1211
12 1226
48 1000
47 1098
13 1483
11 1149
26 1103
35 1057
36 1187
29 1232
20 1312
10 1037
30 1094
32 1174
28 1430
22 1045
49 1383
13 1323
23 1442
30 1137
35 1184
28 1308
22 1318
49 1246
28 1437
35 1298
17 1428
11 1366
47 1275
15 1291
21 1338
49 1045
35 1107
18 1416
39 1093
21 1466
44 1131
11 1302
38 1495
26 1137
39 1295
42 1483
20 1092
15 1072
43 1186
12 1069
46 1107
44 1341
46 1382
23 1472
35 1372
38 1272
32 1207
11 1317
30 1385
36 1160
34 1147
19 1291
32 1444
43 1264
24 1194
38 1118
31 1297
41 1076
45 1357
49 1032
16 1281
30 1113
45 1024
31 1435
16 1237
23 1065
36 1289
10 1054
23 1153
28 1027
36 1275
21 1062
25 1138
14 1080
23 1454
49 1277
47 1491
18 1081
34 1254
30 1040
13 1223
44 1378
49 1473
16 1081
22 1147
21 1291
26 1257
19 1393
42 1144
30 1406
44 1361
11 1415
46 1408
25 1425
30 1364
40 1491
23 1411
47 1391
49 1060
29 1056
41 1402
46 1334
25 1324
34 1457
23 1247
23 1406
28 1401
15 1239
38 1139
19 1403
22 1052
24 1236
25 1031
22 1196
35 1465
44 1499
46 1230
13 1188
10 1323
18 1327
35 1155
16 1191
31 1156
12 1279
49 1414
42 1089
32 1209
38 1455
26 1412
13 1293
43 1402
11 1369
38 1255
39 1220
29 1087
10 1431
41 1390
18 1338
26 1466
45 1104
15 1330
38 1309
26 1359
48 1445
11 1449
32 1331
25 1223
29 1387
28 1253
28 1286
10 1094
18 1122
23 1381
41 1024
31 1247
33 1001
30 1230
31 1013
42 1170
19 1422
38 1452
39 1241
10 1349
24 1118
37 1449
48 1053
22 1130
34 1146
41 1256
29 1236
33 1170
14 1013
37 1061
31 1374
28 1073
14 1060
29 1222
32 1395
44 1448
13 1482
19 1494
11 1079
38 1124
49 1003
46 1013
16 1249
34 1245
30 1130
14 1222
42 1082
11 1222
10 1123
49 1241
38 1198
46 1217
29 1378
46 1212
14 1209
22 1471
30 1001
12 1312
30 1481
16 1178
21 1374
37 1383
40 1134
14 1382
10 1269
12 1226
21 1002
23 1260
15 1420
23 1067
44 1304
41 1004
41 1413
45 1264
24 1033
34 1108
30 1460
45 1239
49 1439
16 1207
43 1014
23 1490
16 1104
14 1150
22 1377
41 1103
18 1166
41 1102
36 1135
37 1123
34 1323
26 1005
30 1020
42 1226
40 1015
19 1186
23 1054
44 1433
38 1349
19 1122
25 1399
47 1197
32 1365
42 1461
39 1410
25 1441
38 1478
46 1069
19 1489
22 1088
17 1481
45 1319
10 1037
37 1187
13 1430
14 1031
44 1326
42 1150
40 1063
14 1351
41 1263
34 1076
42 1301
13 1459
10 1310
38 1089
39 1160
32 1103
41 1320
35 1055
42 1437
43 1443
25 1136
32 1251
45 1141
18 1214
36 1052
24 1428
36 1362
35 1028
45 1457
12 1243
26 1384
31 1465
29 1187
26 1494
49 1144
38 1382
21 1282
14 1492
36 1395
36 1026
35 1070
41 1192
47 1160
15 1424
41 1312
41 1127
46 1226
14 1464
32 1172
45 1231
34 1338
43 1442
23 1415
23 1044
35 1362
22 1465
43 1404
29 1248
44 1485
26 1412
16 1080
32 1068
23 1373
38 1023
12 1159
29 1070
29 1171
23 1324
19 1205
45 1078
48 1313
27 1462
26 1138
22 1123
31 1102
30 1290
25 1270
31 1459
21 1213
46 1411
14 1254
11 1136
26 1034
19 1025
19 1111
42 1131
15 1398
48 1186
38 1044
15 1214
41 1122
38 1154
21 1300
46 1212
32 1440
31 1081
39 1160
10 1496
19 1378
12 1284
23 1097
39 1353
11 1464
28 1213
47 1279
19 1493
19 1096
11 1055
31 1477
41 1166
40 1187
30 1294
14 1449
35 1166
12 1348
23 1158
39 1306
19 1180
20 1344
21 1175
40 1442
33 1489
38 1342
11 1247
10 1128
13 1310
39 1467
30 1394
22 1151
19 1143
30 1224
21 1322
26 1175
36 1249
48 1428
17 1145
49 1031
46 1223
31 1381
42 1064
48 1355
36 1330
26 1142
14 1298
36 1189
14 1017
17 1045
29 1209
23 1263
34 1230
24 1419
49 1056
21 1192
33 1060
10 1153
14 1449
21 1083
31 1011
30 1466
29 1335
18 1461
15 1411
12 1261
35 1027
40 1061
17 1018
47 1282
47 1026
31 1250
13 1164
32 1386
48 1489
42 1205
30 1174
41 1168
43 1198
29 1008
34 1077
17 1389
49 1317
25 1467
29 1393
16 1223
36 1437
34 1227
41 1292
11 1156
36 1214
47 1330
32 1315
14 1311
14 1248
14 1233
43 1303
36 1467
42 1468
27 1288
43 1350
25 1154
43 1068
43 1024
39 1430
21 1357
28 1333
13 1349
37 1360
26 1322
46 1023
15 1212
39 1332
46 1190
34 1357
37 1088
35 1257
46 1005
45 1466
15 1451
13 1303
42 1341
29 1013
11 1215
16 1319
41 1372
27 1182
49 1391
35 1133
42 1473
43 1279
45 1046
47 1494
48 1354
33 1281
41 1206
47 1062
17 1274
13 1387
42 1461
17 1347
15 1396
29 1160
11 1499
31 1444
14 1476
39 1241
29 1399
15 1441
47 1162
26 1048
35 1402
19 1458
47 1274
27 1438
20 1458
47 1315
23 1131
20 1052
38 1074
42 1271
26 1295
35 1079
19 1462
47 1263
47 1251
15 1293
26 1292
19 1085
20 1097
44 1202
42 1493
35 1120
43 1044
12 1154
23 1340
41 1484
48 1291
18 1331
21 1199
45 1221
37 1303
45 1422
49 1328
28 1182
33 1466
41 1498
43 1040
15 1105
47 1419
25 1029
23 1299
24 1454
19 1372
34 1487
49 1465
20 1306
31 1171
10 1138
19 1030
16 1388
14 1045
40 1045
12 1357
39 1305
31 1089
39 1042
32 1128
49 1382
34 1229
37 1433
44 1265
22 1422
25 1309
16 1370
16 1403
29 1335
31 1353
16 1204
21 1431
42 1447
34 1263
23 1153
41 1433
41 1400
37 1483
23 1484
22 1141
46 1254
27 1220
28 1373
17 1315
40 1280
25 1045
23 1497
41 1206
41 1386
41 1352
16 1360
19 1479
12 1020
37 1471
39 1444
43 1123
47 1155
20 1142
46 1310
37 1009
27 1429
26 1278
17 1261
46 1492
25 1105
41 1228
11 1403
28 1421
37 1350
24 1344
10 1292
13 1345
26 1331
36 1496
23 1179
16 1248
37 1424
42 1241
42 1207
29 1150
31 1491
21 1214
16 1025
32 1126
30 1244
48 1420
16 1137
39 1333
43 1347
26 1204
20 1113
48 1465
42 1246
29 1090
19 1174
42 1467
44 1407
39 1359
30 1030
32 1416
15 1454
34 1343
48 1296
38 1034
36 1206
22 1197
40 1420
38 1333
32 1330
39 1445
49 1285
20 1227
23 1487
30 1029
18 1193
30 1468
25 1165
49 1399
39 1378
25 1307
14 1193
11 1287
24 1259
27 1215
32 1015
44 1444
19 1213
16 1416
28 1303
46 1332
18 1403
14 1294
37 1129
29 1336
23 1428
39 1398
37 1350
12 1247
26 1042
26 1250
35 1133
12 1225
15 1007
15 1026
20 1342
23 1377
13 1333
30 1492
30 1496
36 1051
41 1281
37 1376
43 1450
30 1480
12 1435
32 1047
34 1170
12 1324
31 1346
39 1104
34 1196
18 1103
35 1338
39 1466
37 1122
17 1355
11 1317
21 1257
21 1296
49 1447
32 1020
26 1068
49 1063
36 1446
19 1357
16 1250
39 1171
21 1009
13 1435
27 1338
33 1223
29 1115
25 1459
39 1468
42 1344
18 1453
41 1136
48 1454
40 1469
41 1440
27 1000
40 1013
21 1250
27 1338
25 1223
38 1266
21 1400
26 1486
43 1467
24 1480
48 1224
39 1284
14 1272
32 1037
22 1110
29 1070
33 1476
46 1072
40 1029
16 1297
47 1172
34 1243
19 1405
26 1468
15 1361
43 1073
17 1401
40 1096
37 1227
21 1346
47 1272
30 1344
28 1390
26 1293
26 1146
22 1118
37 1135
44 1388
19 1123
19 1141
43 1437
17 1338
48 1037
41 1204
37 1489
41 1395
30 1386
45 1388
32 1157
11 1157
13 1325
46 1108
11 1077
33 1171
48 1063
39 1052
48 1166
33 1115
36 1119
35 1063
15 1052
10 1432
11 1492
21 1320
44 1059
28 1245
40 1287
16 1425
15 1266
25 1123
32 1218
20 1339
10 1156
31 1244
42 1466
28 1186
34 1367
47 1442
36 1240
45 1442
40 1419
28 1395
34 1384
43 1407
43 1168
28 1086
23 1461
25 1063
29 1379
21 1094
38 1088
17 1203
14 1463
26 1182
14 1214
26 1311
16 1086
23 1302
32 1261
15 1053
39 1202
23 1176
11 1310
45 1478
36 1499
46 1401
22 1428
45 1361
25 1038
32 1175
27 1338
31 1042
26 1431
12 1192
21 1295
11 1120
33 1358
20 1119
48 1323
17 1312
15 1381
28 1023
16 1218
19 1423
47 1403
13 1427
25 1036
49 1100
38 1122
49 1359
12 1444
43 1053
43 1246
31 1234
21 1479
30 1215
45 1429
33 1050
47 1468
36 1111
49 1347
12 1139
11 1220
13 1226
20 1495
25 1025
45 1115
32 1272
49 1048
16 1485
15 1170
11 1245
13 1148
10 1270
19 1175
46 1311
17 1215
45 1087
39 1387
31 1491
43 1090
17 1314
48 1136
43 1114
40 1274
17 1354
47 1048
34 1236
14 1259
44 1265
45 1186
14 1087
36 1488
21 1436
45 1498
21 1270
41 1304
11 1019
20 1157
14 1395
23 1448
42 1315
36 1355
38 1012
40 1397
44 1207
38 1297
33 1021
20 1417
16 1346
28 1338
31 1240
11 1117
35 1068
26 1294
12 1090
32 1041
18 1450
47 1229
37 1411
36 1360
24 1186
38 1150
48 1000
46 1177
34 1241
46 1207
37 1161
25 1446
47 1332
49 1157
39 1496
27 1070
15 1320
30 1064
20 1119
41 1398
32 1268
39 1008
11 1338
37 1345
13 1279
41 1182
17 1213
23 1339
32 1359
40 1018
29 1340
31 1134
31 1079
35 1153
13 1116
33 1066
18 1279
27 1463
15 1483
25 1125
39 1028
23 1481
34 1008
16 1247
41 1207
44 1063
41 1340
35 1309
43 1478
15 1169
11 1261
44 1070
25 1464
42 1474
47 1319
42 1366
37 1422
48 1119
39 1210
20 1114
21 1493
37 1466
40 1234
24 1152
48 1440
28 1453
23 1475
49 1241
45 1002
28 1009
33 1167
10 1433
31 1230
37 1076
28 1137
40 1411
40 1066
21 1367
37 1143
36 1414
41 1390
22 1129
25 1410
20 1079
40 1262
47 1094
45 1005
15 1217
42 1332
29 1348
32 1468
34 1196
47 1458
48 1079
33 1058
45 1153
33 1207
40 1447
33 1311
19 1427
29 1120
24 1104
36 1293
15 1262
34 1267
18 1185
10 1295
29 1129
48 1330
38 1044
37 1493
18 1186
31 1235
42 1230
29 1168
24 1222
20 1265
16 1444
10 1473
21 1116
35 1013
35 1023
33 1148
40 1046
40 1379
32 1242
39 1198
29 1034
32 1005
47 1297
37 1090
44 1258
43 1119
44 1290
32 1014
33 1310
47 1417
26 1262
44 1214
45 1145
19 1116
46 1410
40 1432
49 1321
47 1481
40 1313
35 1259
49 1388
43 1014
24 1020
27 1101
49 1092
22 1065
24 1474
49 1340
31 1082
25 1454
43 1369
35 1039
29 1360
10 1368
29 1423
16 1119
18 1264
31 1379
35 1426
41 1421
40 1433
27 1444
41 1325
28 1250
21 1417
38 1135
25 1333
10 1416
48 1230
17 1260
37 1293
41 1258
18 1184
31 1371
12 1249
23 1035
11 1328
11 1449
30 1271
36 1000
34 1439
25 1065
34 1368
25 1127
14 1400
17 1417
27 1142
18 1235
16 1455
48 1375
13 1233
13 1398
24 1318
20 1178
32 1280
45 1111
28 1086
45 1306
43 1115
39 1130
39 1058
22 1428
38 1480
24 1267
12 1246
12 1386
47 1010
44 1003
17 1242
40 1161
24 1441
28 1038
49 1302
39 1321
12 1199
14 1094
28 1409
15 1234
28 1210
10 1233
48 1310
44 1345
12 1207
40 1203
23 1135
24 1170
23 1261
27 1208
34 1201
33 1136
24 1183
46 1082
29 1440
21 1368
13 1233
37 1281
42 1463
11 1317
34 1239
41 1305
30 1385
31 1430
49 1410
37 1032
14 1454
14 1048
17 1120
48 1148
43 1323
19 1110
16 1105
36 1279
32 1178
14 1188
30 1191
20 1454
18 1486
19 1487
46 1128
14 1397
35 1382
26 1071
23 1031
45 1208
49 1135
10 1396
28 1158
16 1126
27 1434
47 1158
46 1192
18 1240
23 1435
41 1213
10 1064
40 1305
43 1128
25 1295
12 1440
46 1372
11 1377
20 1345
16 1221
37 1006
22 1237
18 1497
11 1469
46 1431
21 1147
43 1435
32 1120
33 1322
14 1172
32 1422
15 1150
42 1213
41 1243
28 1265
41 1339
41 1249
24 1401
45 1310
33 1401
47 1040
35 1383
35 1311
46 1461
24 1225
12 1046
10 1416
18 1475
15 1257
27 1432
26 1006
23 1323
18 1152
38 1423
15 1354
12 1243
10 1020
18 1343
45 1232
21 1338
20 1487
30 1291
48 1058
44 1068
38 1238
32 1371
14 1087
22 1488
22 1359
41 1408
33 1185
31 1381
47 1131
14 1096
38 1267
26 1142
46 1256
12 1147
32 1285
34 1459
39 1428
25 1053
33 1287
29 1214
29 1153
10 1000
42 1420
43 1126
40 1486
11 1002
37 1034
34 1302
27 1225
23 1460
39 1405
37 1294
26 1287
40 1342
39 1493
22 1315
26 1055
14 1263
33 1365
38 1379
12 1317
14 1331
26 1168
38 1248
14 1081
39 1465
41 1025
26 1234
34 1153
12 1328
29 1396
30 1470
26 1490
49 1495
29 1479
13 1188
21 1197
24 1170
47 1006
39 1438
18 1283
19 1187
30 1186
48 1437
17 1358
38 1405
46 1061
38 1480
18 1208
10 1059
14 1304
23 1255
25 1109
34 1203
45 1226
38 1026
27 1276
24 1486
20 1035
32 1339
22 1237
29 1433
36 1096
16 1197
10 1143
11 1211
21 1499
41 1477
15 1272
41 1356
10 1436
18 1290
36 1467
15 1154
38 1123
33 1355
19 1424
13 1251
22 1191
17 1383
16 1033
47 1414
45 1145
23 1347
45 1095
34 1237
20 1427
32 1498
23 1263
39 1354
34 1480
22 1372
17 1156
38 1461
42 1285
17 1082
49 1044
45 1115
15 1484
33 1141
27 1438
26 1431
43 1433
49 1426
40 1394
48 1203
44 1100
43 1351
27 1290
26 1029
33 1228
18 1162
31 1476
18 1327
24 1263
33 1238
24 1185
37 1326
41 1179
24 1075
49 1364
17 1015
29 1099
13 1008
33 1116
28 1401
31 1409
11 1445
12 1108
10 1051
22 1100
16 1456
48 1187
37 1097
45 1146
19 1194
35 1134
39 1446
20 1032
31 1165
21 1077
42 1319
13 1474
42 1244
41 1058
19 1308
31 1106
26 1262
32 1372
29 1208
40 1268
45 1335
42 1154
39 1041
44 1216
10 1070
46 1376
27 1390
20 1427
46 1095
23 1116
42 1491
38 1012
47 1228
46 1005
13 1406
37 1226
10 1420
40 1227
34 1139
39 1017
12 1164
38 1258
16 1317
22 1045
15 1423
45 1319
12 1130
42 1280
33 1377
34 1098
37 1439
14 1348
43 1115
45 1494
42 1436
12 1320
20 1296
15 1064
37 1004
16 1316
25 1322
14 1071
25 1117
13 1145
24 1451
19 1433
29 1181
18 1179
23 1132
24 1176
24 1492
10 1320
42 1160
31 1098
28 1262
22 1460
20 1436
45 1001
12 1133
22 1487
37 1448
11 1161
26 1110
41 1103
41 1198
21 1425
37 1070
45 1138
23 1344
35 1110
11 1470
46 1183
47 1451
41 1347
19 1205
36 1244
23 1214
21 1124
11 1066
19 1026
20 1486
44 1273
30 1371
18 1342
36 1402
28 1343
10 1033
14 1109
15 1453
33 1066
19 1499
17 1176
27 1462
34 1466
46 1070
41 1364
24 1179
12 1172
22 1377
42 1113
25 1187
45 1201
43 1175
15 1238
18 1141
44 1256
49 1115
12 1216
12 1436
22 1238
32 1380
31 1329
45 1227
11 1079
12 1004
17 1059
40 1320
19 1416
27 1373
29 1343
48 1228
40 1173
43 1127
48 1072
36 1373
41 1098
16 1192
33 1288
11 1213
17 1364
41 1189
38 1252
36 1446
20 1005
21 1407
41 1237
30 1216
14 1074
46 1384
48 1174
46 1390
32 1305
15 1463
11 1346
29 1274
31 1440
14 1050
44 1131
29 1183
26 1388
43 1160
13 1073
33 1015
29 1005
36 1179
19 1185
39 1073
20 1352
41 1187
23 1090
19 1130
20 1043
28 1357
27 1162
29 1073
13 1278
15 1374
13 1324
31 1102
13 1210
46 1303
12 1045
35 1133
10 1471
40 1180
15 1250
36 1098
13 1290
16 1079
16 1193
47 1452
25 1065
34 1458
17 1180
25 1191
38 1343
23 1322
24 1005
33 1276
31 1227
30 1045
24 1294
31 1081
28 1490
42 1477
43 1119
40 1306
26 1362
25 1357
12 1120
37 1358
16 1282
30 1000
45 1400
47 1205
17 1042
12 1089
21 1208
29 1281
29 1396
23 1106
24 1456
31 1377
28 1431
28 1478
18 1462
41 1046
26 1381
37 1448
35 1327
31 1429
10 1481
44 1123
10 1075
23 1088
37 1365
11 1104
30 1309
24 1092
29 1396
26 1482
12 1200
32 1027
20 1335
22 1430
27 1106
27 1036
13 1248
11 1470
15 1197
40 1227
34 1479
25 1116
36 1112
34 1396
22 1292
41 1028
28 1245
17 1283
32 1268
42 1353
22 1413
15 1054
25 1119
27 1045
47 1356
40 1122
44 1136
10 1417
43 1086
14 1468
18 1158
48 1112
12 1444
18 1056
22 1349
13 1009
37 1234
44 1123
26 1010
13 1463
13 1236
34 1074
13 1302
20 1392
30 1138
12 1001
38 1009
40 1495
33 1345
11 1073
13 1077
44 1144
17 1233
42 1478
16 1011
49 1212
12 1302
14 1350
15 1032
30 1249
44 1349
31 1295
45 1357
38 1407
48 1188
13 1417
34 1328
34 1221
18 1020
29 1112
36 1315
17 1201
20 1372
48 1097
44 1095
35 1369
23 1220
18 1157
19 1369
43 1339
13 1338
27 1474
33 1410
37 1499
43 1460
14 1315
30 1132
38 1072
35 1103
37 1010
47 1184
26 1075
27 1159
47 1253
24 1243
32 1172
46 1352
22 1238
17 1153
39 1295
16 1360
22 1344
31 1171
43 1372
49 1455
40 1068
17 1262
49 1295
44 1328
42 1101
43 1048
27 1153
12 1210
35 1181
38 1444
17 1492
48 1069
20 1097
38 1191
28 1076
42 1032
18 1383
19 1339
43 1155
45 1106
28 1246
34 1173
25 1079
36 1158
21 1281
25 1497
17 1357
10 1067
24 1398
43 1091
33 1246
36 1041
12 1072
21 1147
41 1147
46 1106
27 1041
15 1265
13 1109
12 1224
25 1038
48 1420
21 1276
40 1341
11 1350
37 1446
19 1477
39 1286
30 1034
43 1220
24 1384
46 1173
46 1148
23 1002
34 1279
31 1399
31 1247
10 1366
23 1035
44 1361
25 1454
45 1150
49 1434
18 1314
16 1232
17 1134
14 1022
36 1304
11 1113
37 1261
27 1393
36 1391
39 1112
22 1147
32 1470
25 1419
43 1252
21 1472
46 1016
38 1378
11 1187
28 1080
35 1491
21 1227
22 1232
37 1317
43 1218
49 1369
21 1011
29 1093
41 1153
16 1112
20 1142
28 1029
28 1175
45 1133
36 1002
41 1269
37 1226
30 1336
11 1043
13 1249
30 1109
29 1490
28 1389
40 1057
33 1054
43 1269
27 1122
27 1067
12 1470
30 1187
18 1309
40 1167
43 1454
30 1019
26 1403
18 1219
24 1234
40 1088
37 1162
37 1099
34 1008
46 1436
32 1476
41 1199
40 1159
26 1416
23 1468
33 1384
49 1480
16 1108
37 1454
23 1287
13 1400
29 1200
43 1397
29 1249
27 1029
34 1110
36 1432
24 1349
12 1325
35 1468
23 1223
31 1449
23 1017
34 1352
32 1491
14 1392
38 1351
13 1263
15 1089
28 1131
36 1011
39 1333
32 1122
10 1034
12 1436
38 1454
30 1328
13 1256
45 1019
19 1051
22 1190
43 1361
14 1317
12 1121
24 1066
33 1041
18 1240
35 1156
23 1034
42 1097
40 1137
48 1303
32 1278
28 1467
43 1002
26 1479
30 1335
13 1119
29 1477
17 1057
26 1253
45 1282
35 1079
39 1163
14 1306
38 1202
18 1436
33 1369
39 1122
22 1418
20 1207
41 1434
29 1033
19 1157
49 1080
16 1144
13 1314
21 1471
44 1173
11 1474
20 1059
26 1345
31 1095
45 1401
17 1026
20 1463
31 1153
42 1074
25 1014
24 1184
49 1280
21 1291
47 1022
28 1367
28 1345
18 1466
33 1024
29 1282
29 1074
32 1297
24 1107
46 1349
18 1274
18 1485
16 1304
31 1261
29 1463
15 1176
39 1262
43 1225
25 1178
17 1108
33 1176
20 1387
12 1151
49 1356
44 1451
27 1028
39 1387
28 1052
27 1421
15 1156
37 1182
28 1059
40 1452
35 1386
23 1146
20 1283
48 1255
12 1308
31 1454
30 1309
42 1404
49 1326
38 1439
43 1171
27 1318
48 1004
19 1302
44 1073
14 1427
25 1321
13 1027
37 1209
24 1392
28 1488
24 1208
41 1118
20 1247
24 1217
45 1054
17 1421
29 1006
25 1472
11 1019
36 1214
16 1207
11 1213
48 1106
28 1346
46 1407
17 1455
48 1073
11 1269
26 1260
39 1076
38 1489
47 1345
23 1048
21 1273
22 1122
49 1297
24 1419
12 1100
15 1283
43 1497
43 1442
19 1478
18 1023
13 1151
18 1298
31 1373
41 1441
26 1049
36 1171
41 1287
30 1402
43 1444
41 1301
36 1039
31 1307
26 1421
44 1392
29 1197
27 1437
32 1344
10 1267
36 1096
16 1082
39 1387
45 1086
14 1173
21 1060
18 1075
17 1427
47 1058
25 1232
22 1412
18 1441
26 1280
41 1357
32 1263
47 1170
49 1341
30 1069
40 1112
41 1073
15 1400
26 1066
16 1489
40 1301
32 1253
11 1247
32 1121
48 1497
31 1128
25 1247
11 1002
35 1130
20 1307
24 1223
40 1368
45 1319
17 1201
26 1006
11 1328
37 1056
20 1152
18 1397
37 1094
25 1318
14 1314
44 1019
30 1343
49 1151
24 1467
12 1497
16 1414
43 1423
25 1459
41 1171
40 1467
37 1149
49 1181
34 1266
30 1057
44 1333
49 1486
25 1417
20 1343
27 1435
44 1395
32 1260
36 1017
22 1069
23 1382
40 1047
26 1245
26 1179
17 1350
32 1392
21 1100
17 1485
11 1009
26 1344
49 1305
46 1220
31 1101
42 1222
31 1307
18 1487
20 1239
49 1184
10 1288
17 1313
48 1232
45 1325
17 1255
49 1252
28 1294
24 1155
26 1357
29 1057
35 1091
18 1191
40 1269
36 1495
25 1009
32 1280
28 1139
28 1253
17 1239
39 1263
33 1126
29 1392
12 1084
46 1406
23 1304
18 1225
46 1074
30 1323
37 1383
47 1420
41 1012
41 1428
19 1012
40 1189
45 1075
23 1461
20 1433
32 1325
37 1370
20 1199
38 1216
40 1185
26 1288
28 1169
29 1030
36 1410
47 1273
21 1491
12 1154
27 1144
41 1274
24 1390
31 1135
20 1296
20 1055
13 1018
20 1066
38 1106
43 1412
40 1125
27 1098
39 1130
13 1000
38 1301
47 1490
29 1188
26 1018
45 1494
24 1267
28 1387
39 1119
41 1421
40 1207
16 1182
47 1081
43 1328
23 1180
16 1032
36 1221
16 1399
19 1361
43 1196
25 1386
42 1412
48 1215
32 1382
48 1327
31 1366
19 1027
12 1235
49 1460
27 1473
10 1363
28 1459
18 1415
47 1330
11 1052
14 1057
15 1329
23 1246
26 1258
46 1046
25 1145
23 1046
32 1245
27 1054
37 1086
28 1366
22 1388
33 1380
10 1083
32 1354
32 1066
14 1366
29 1201
33 1462
45 1277
47 1010
36 1204
15 1494
43 1065
17 1282
24 1311
13 1005
23 1179
44 1049
35 1209
30 1306
32 1387
20 1306
13 1029
48 1210
35 1036
44 1172
41 1217
47 1066
22 1151
32 1464
33 1270
24 1009
38 1116
30 1374
42 1018
33 1121
10 1319
33 1320
20 1308
31 1483
15 1415
41 1299
28 1085
34 1329
22 1148
28 1120
11 1270
30 1445
16 1438
49 1423
49 1274
41 1428
13 1258
27 1347
17 1155
13 1025
46 1269
25 1183
49 1354
27 1012
42 1497
37 1040
34 1317
17 1345
24 1064
44 1482
31 1408
18 1426
23 1400
31 1280
28 1393
32 1458
36 1084
19 1353
49 1149
13 1294
10 1160
18 1197
21 1268
48 1259
42 1227
27 1271
20 1007
16 1067
39 1000
48 1480
19 1104
10 1467
11 1086
30 1106
35 1037
42 1326
47 1468
40 1279
33 1160
43 1235
27 1028
44 1468
15 1047
33 1041
14 1473
37 1472
34 1318
18 1384
18 1369
22 1415
48 1390
21 1452
11 1330
32 1436
44 1337
47 1334
46 1151
19 1293
44 1424
40 1004
15 1369
31 1047
27 1225
37 1187
14 1058
40 1479
14 1428
36 1252
46 1236
43 1446
37 1074
39 1307
12 1440
33 1065
47 1301
41 1349
23 1289
11 1165
22 1348
33 1034
43 1456
27 1380
19 1068
15 1373
49 1147
17 1275
38 1018
25 1322
30 1362
41 1014
35 1056
24 1497
36 1180
46 1081
47 1479
11 1374
20 1377
48 1080
21 1216
32 1459
12 1282
43 1472
33 1468
20 1440
22 1345
22 1473
12 1430
27 1356
41 1045
39 1450
49 1199
21 1302
19 1068
14 1347
38 1266
24 1390
38 1102
31 1187
33 1455
41 1409
10 1252
11 1113
48 1294
20 1271
41 1109
28 1250
42 1190
48 1097
23 1148
44 1294
32 1010
37 1198
41 1129
46 1449
32 1324
22 1338
30 1369
41 1000
22 1227
39 1217
16 1438
47 1485
22 1447
30 1466
34 1004
24 1400
43 1439
18 1111
42 1362
49 1260
20 1140
10 1450
38 1010
31 1002
46 1028
21 1057
14 1218
17 1253
14 1253
33 1168
23 1393
33 1020
33 1479
35 1283
48 1342
47 1335
40 1319
47 1239
45 1404
37 1369
33 1422
21 1486
30 1222
47 1052
46 1373
49 1165
42 1225
19 1161
22 1093
28 1466
27 1487
15 1389
14 1239
47 1050
30 1422
35 1379
37 1119
14 1126
36 1127
47 1490
18 1220
22 1355
19 1163
47 1435
37 1245
22 1200
15 1010
22 1260
42 1496
17 1120
16 1462
37 1344
22 1354
14 1060
47 1356
29 1190
30 1115
17 1346
22 1291
46 1165
32 1386
39 1299
45 1227
48 1376
12 1183
37 1390
10 1181
10 1472
47 1422
22 1272
22 1375
42 1265
20 1145
11 1152
22 1397
11 1401
31 1273
18 1209
10 1273
16 1037
23 1391
40 1426
36 1346
35 1463
36 1483
10 1331
13 1477
37 1314
25 1269
16 1223
37 1393
18 1018
28 1118
21 1145
12 1074
35 1096
46 1228
42 1082
25 1036
14 1206
23 1354
12 1479
12 1001
47 1019
36 1290
28 1133
32 1011
17 1489
42 1473
12 1381
34 1035
36 1168
30 1331
39 1450
45 1237
22 1342
39 1485
37 1125
44 1440
43 1008
43 1431
13 1145
43 1041
36 1239
25 1070
44 1481
40 1263
15 1050
11 1337
28 1259
48 1460
23 1389
29 1091
44 1134
27 1042
18 1382
35 1265
43 1039
42 1168
32 1156
49 1190
19 1119
46 1353
17 1432
47 1050
15 1275
29 1455
32 1402
12 1317
35 1444
46 1230
49 1141
13 1147
12 1261
34 1002
19 1223
43 1243
27 1183
45 1100
34 1225
20 1263
20 1241
41 1248
35 1122
27 1293
10 1485
14 1433
18 1443
22 1161
38 1356
49 1116
46 1234
21 1260
15 1450
13 1468
35 1232
14 1017
19 1410
34 1067
47 1150
44 1490
32 1047
13 1197
25 1439
14 1204
20 1106
40 1137
43 1320
15 1089
27 1151
44 1338
20 1103
34 1298
21 1392
46 1132
34 1112
34 1345
29 1079
33 1497
30 1189
21 1310
49 1224
27 1240
10 1428
28 1162
34 1399
13 1213
36 1460
20 1210
27 1369
40 1474
33 1196
36 1125
20 1039
30 1291
44 1237
26 1176
29 1204
49 1238
40 1205
38 1285
37 1217
31 1223
32 1179
33 1169
41 1049
20 1437
11 1104
35 1261
48 1246
42 1339
25 1086
16 1285
15 1130
41 1053
43 1218
48 1204
31 1441
42 1463
27 1007
46 1313
42 1035
42 1168
25 1407
48 1451
25 1086
12 1032
47 1109
14 1032
46 1121
30 1255
20 1011
20 1035
10 1311
15 1468
43 1051
14 1376
39 1353
17 1311
27 1047
23 1073
34 1237
13 1028
22 1170
39 1248
15 1278
10 1010
22 1146
46 1177
33 1086
45 1327
39 1425
41 1019
43 1085
19 1343
21 1475
20 1076
30 1201
49 1367
37 1456
18 1025
39 1266
39 1434
35 1153
37 1334
27 1006
42 1118
31 1459
21 1028
47 1450
16 1333
44 1314
24 1296
13 1282
41 1103
17 1022
19 1169
37 1301
40 1013
46 1258
25 1427
34 1113
24 1335
14 1083
47 1095
17 1205
21 1334
38 1204
39 1244
32 1123
15 1076
46 1336
48 1312
46 1381
11 1166
31 1191
31 1098
45 1112
18 1284
41 1414
24 1207
36 1390
41 1304
48 1328
17 1453
13 1238
23 1309
31 1109
26 1485
23 1202
18 1314
26 1162
39 1267
36 1434
18 1243
37 1144
28 1274
48 1234
22 1227
17 1240
21 1192
47 1416
35 1496
43 1152
46 1451
33 1176
29 1057
17 1071
38 1455
38 1221
31 1200
12 1145
13 1320
40 1040
21 1356
12 1457
28 1344
25 1271
26 1151
43 1103
35 1472
23 1042
19 1193
32 1271
11 1137
13 1446
18 1109
40 1313
26 1462
26 1078
25 1376
20 1150
26 1315
15 1473
20 1107
27 1042
42 1316
28 1361
33 1381
22 1479
15 1231
35 1076
29 1449
41 1201
31 1330
30 1257
48 1007
35 1021
33 1366
47 1054
13 1332
11 1043
48 1229
38 1283
42 1096
47 1357
25 1088
26 1210
22 1394
11 1264
22 1123
11 1073
23 1019
23 1315
28 1267
22 1048
22 1350
36 1057
39 1480
17 1462
47 1270
16 1285
40 1271
46 1083
23 1329
34 1168
39 1187
24 1368
36 1294
20 1098
24 1130
27 1350
18 1207
20 1407
22 1275
41 1451
12 1129
33 1321
22 1342
28 1347
47 1270
16 1372
13 1267
12 1300
28 1062
17 1050
25 1370
22 1260
35 1218
44 1058
19 1490
21 1183
26 1486
12 1209
30 1331
46 1261
26 1319
42 1253
15 1113
38 1255
48 1424
33 1275
12 1276
18 1225
30 1279
24 1256
18 1255
32 1205
46 1384
12 1121
47 1260
28 1394
17 1380
32 1347
16 1127
21 1081
22 1094
36 1385
35 1000
37 1143
26 1168
18 1317
33 1349
25 1333
11 1469
36 1054
41 1354
42 1161
11 1373
42 1490
42 1177
25 1058
49 1362
13 1192
21 1296
19 1403
31 1312
18 1343
14 1065
46 1035
37 1420
19 1217
16 1030
20 1050
31 1356
16 1191
31 1085
24 1132
30 1391
18 1447
17 1147
26 1311
36 1052
43 1237
14 1340
29 1265
16 1038
22 1366
35 1204
10 1123
37 1406
45 1102
14 1385
37 1074
48 1103
36 1146
13 1113
20 1023
22 1416
23 1090
35 1314
20 1182
38 1200
45 1094
17 1410
14 1300
12 1153
19 1017
41 1019
10 1044
32 1070
24 1481
17 1448
24 1324
33 1452
22 1433
22 1315
26 1237
32 1266
25 1178
26 1000
32 1381
49 1422
43 1449
27 1409
46 1123
19 1289
11 1281
18 1029
38 1094
44 1300
21 1333
12 1193
26 1066
41 1326
43 1247
27 1038
28 1134
17 1102
34 1485
36 1086
29 1391
17 1418
12 1440
41 1498
22 1064
12 1256
37 1445
39 1095
11 1410
39 1036
38 1159
35 1009
45 1370
38 1176
23 1275
15 1212
27 1089
23 1118
27 1429
25 1303
39 1136
22 1487
20 1055
29 1366
40 1109
17 1041
13 1413
31 1090
29 1218
30 1366
35 1441
49 1143
11 1402
41 1335
48 1110
35 1016
42 1023
46 1422
49 1126
10 1053
23 1165
15 1198
36 1259
17 1125
13 1147
21 1186
10 1090
16 1155
25 1025
31 1101
28 1079
35 1318
32 1348
27 1079
14 1476
15 1229
10 1196
38 1381
46 1412
30 1171
32 1491
19 1489
31 1017
10 1341
30 1483
27 1023
20 1419
15 1375
37 1247
46 1301
46 1175
27 1434
16 1391
33 1174
34 1151
43 1044
16 1289
23 1360
31 1009
44 1118
36 1245
17 1494
36 1456
10 1418
32 1279
43 1394
34 1097
37 1298
20 1455
22 1263
48 1206
11 1373
17 1489
34 1279
48 1085
23 1311
14 1457
25 1425
46 1008
28 1161
44 1310
19 1208
33 1449
20 1290
33 1032
42 1314
35 1484
11 1093
48 1380
23 1214
45 1073
41 1182
11 1006
16 1109
37 1135
17 1415
41 1221
31 1408
47 1065
17 1316
38 1089
34 1045
41 1191
23 1465
29 1389
34 1028
33 1147
13 1001
26 1109
36 1472
12 1481
10 1197
19 1467
43 1389
28 1177
21 1374
22 1148
13 1255
24 1107
28 1363
42 1241
25 1402
15 1285
26 1056
34 1032
17 1080
40 1345
40 1474
27 1262
26 1442
49 1214
23 1137
20 1226
12 1325
19 1492
43 1132
35 1020
34 1317
45 1497
28 1095
33 1214
49 1163
13 1398
10 1369
22 1080
48 1263
18 1226
14 1175
43 1052
49 1457
39 1206
21 1086
44 1166
20 1223
35 1054
10 1165
45 1452
11 1269
48 1089
44 1128
17 1105
23 1184
17 1233
18 1165
23 1457
12 1380