4500 4500
17 1113
31 1108
16 1407
39 1331
23 1177
24 1245
25 1488
19 1260
37 1406
24 1137
26 1019
41 1447
16 1363
33 1106
13 1057
37 1101
17 1487
28 1190
10 1122
20 1484
24 1056
21 1134
13 1045
33 1183
27 1455
35 1073
17 1253
13 1205
27 1358
33 1018
14 1286
19 1469
37 1472
25 1082
38 1187
27 1398
19 1487
22 1346
35 1341
19 1353
23 1155
23 1230
23 1220
32 1179
26 1336
37 1266
28 1128
47 1491
25 1433
28 1280
44 1050
15 1436
35 1417
43 1396
37 1239
43 1305
13 1402
42 1096
39 1367
14 1002
44 1279
16 1423
12 1024
21 1460
44 1018
31 1219
34 1069
14 1053
41 1240
48 1031
49 1346
40 1061
16 1050
21 1229
27 1124
29 1119
13 1287
31 1191
41 1034
36 1416
18 1293
47 1063
33 1081
22 1442
48 1205
20 1148
43 1404
28 1031
11 1409
36 1169
25 1151
44 1402
41 1006
18 1213
37 1080
16 1234
24 1427
18 1016
10 1288
21 1073
34 1378
16 1232
11 1355
12 1425
24 1219
29 1031
31 1329
30 1467
10 1376
29 1376
48 1066
31 1390
33 1194
49 1429
23 1360
28 1035
16 1339
36 1176
38 1336
48 1246
39 1175
45 1306
47 1281
33 1481
34 1107
21 1353
18 1432
12 1089
27 1037
46 1215
10 1008
21 1054
15 1297
39 1329
14 1062
18 1459
36 1090
34 1402
48 1045
36 1084
33 1317
49 1011
42 1403
36 1226
21 1014
42 1400
27 1241
21 1462
23 1014
31 1304
16 1447
26 1158
41 1000
45 1420
38 1024
42 1347
47 1182
20 1093
30 1346
26 1107
31 1062
34 1097
36 1408
17 1152
20 1348
14 1122
35 1202
19 1266
11 1250
10 1165
34 1494
10 1076
37 1275
38 1465
49 1273
30 1144
33 1181
17 1295
12 1395
37 1164
40 1027
25 1489
31 1496
10 1103
44 1184
10 1470
40 1414
41 1040
38 1072
29 1029
32 1407
44 1253
24 1371
32 1134
33 1187
46 1182
48 1492
21 1193
49 1358
13 1437
23 1007
16 1171
30 1137
38 1114
33 1269
16 1035
34 1432
26 1126
40 1319
16 1007
26 1442
17 1341
33 1293
31 1064
22 1360
19 1437
49 1341
24 1480
36 1433
10 1155
26 1221
49 1017
21 1415
48 1360
21 1315
33 1359
38 1317
13 1298
43 1106
42 1153
35 1222
32 1423
32 1031
25 1344
20 1364
21 1192
38 1169
16 1182
15 1393
25 1049
35 1083
19 1330
43 1193
34 1065
27 1122
46 1247
39 1366
49 1409
24 1289
35 1074
47 1276
23 1381
19 1024
32 1395
28 1045
13 1442
11 1425
41 1225
34 1082
41 1260
32 1300
29 1443
28 1068
45 1160
13 1464
33 1314
44 1348
49 1474
16 1003
22 1135
14 1002
48 1396
20 1166
34 1252
12 1182
13 1214
21 1399
26 1249
11 1137
43 1244
49 1499
25 1306
19 1020
35 1357
17 1108
11 1076
38 1271
27 1364
27 1196
20 1416
13 1181
27 1047
24 1495
38 1071
16 1370
10 1416
42 1461
11 1280
17 1092
44 1233
40 1260
12 1004
49 1272
16 1423
19 1166
22 1338
37 1361
38 1221
27 1109
38 1027
24 1039
37 1267
38 1454
43 1389
29 1461
37 1203
19 1378
32 1226
17 1015
43 1252
29 1230
26 1446
29 1153
47 1389
45 1053
20 1337
27 1117
42 1241
25 1363
35 1394
42 1142
12 1350
29 1477
17 1239
45 1202
32 1077
28 1080
21 1339
48 1323
26 1485
11 1454
27 1322
32 1021
39 1231
45 1095
23 1444
36 1024
47 1086
36 1014
48 1357
39 1354
25 1322
30 1411
27 1098
33 1085
42 1228
31 1226
38 1026
21 1080
28 1309
12 1150
25 1471
10 1336
24 1013
17 1287
27 1066
32 1138
22 1071
49 1196
45 1219
37 1165
40 1012
40 1029
32 1078
49 1102
13 1475
11 1337
42 1051
24 1183
32 1408
48 1167
12 1218
49 1405
43 1316
40 1072
35 1335
31 1419
20 1275
47 1019
28 1094
19 1426
45 1262
13 1090
37 1071
34 1356
27 1259
14 1061
49 1373
38 1241
47 1379
45 1491
25 1407
45 1263
45 1336
34 1361
49 1175
19 1301
10 1436
36 1038
33 1384
16 1256
17 1222
34 1480
18 1420
41 1276
21 1178
48 1211
18 1478
48 1114
44 1453
43 1012
47 1175
26 1206
12 1158
15 1349
21 1482
43 1020
18 1370
17 1324
16 1086
34 1112
40 1294
43 1298
31 1361
13 1297
11 1326
40 1384
33 1182
25 1363
41 1308
38 1272
41 1301
20 1174
33 1238
15 1149
39 1469
37 1400
27 1105
10 1439
46 1397
14 1125
24 1242
10 1264
16 1284
20 1219
17 1007
36 1218
43 1447
12 1277
31 1252
41 1328
20 1164
29 1166
25 1042
36 1303
41 1497
20 1245
28 1249
14 1117
14 1294
38 1093
17 1442
45 1149
28 1146
16 1437
29 1256
17 1461
26 1389
28 1403
35 1290
44 1014
22 1043
47 1093
34 1029
18 1202
11 1330
39 1303
22 1167
43 1391
34 1121
47 1412
21 1159
28 1180
21 1257
10 1399
44 1303
38 1333
47 1190
26 1208
42 1345
41 1383
37 1254
29 1160
34 1197
45 1447
35 1156
12 1288
11 1110
17 1416
39 1282
29 1463
32 1440
36 1227
27 1447
38 1256
17 1065
37 1357
16 1282
13 1195
18 1307
15 1127
20 1141
44 1495
23 1300
22 1271
48 1367
36 1024
26 1084
19 1002
27 1362
37 1056
20 1234
37 1419
38 1216
16 1117
25 1248
48 1155
32 1470
42 1447
24 1487
25 1037
49 1358
21 1373
22 1162
14 1418
17 1283
24 1097
38 1260
29 1100
18 1250
44 1054
29 1383
48 1032
30 1180
23 1181
14 1364
14 1009
35 1200
27 1198
22 1215
29 1016
28 1170
20 1476
10 1497
49 1144
21 1339
23 1419
10 1492
28 1011
19 1244
10 1463
33 1195
46 1359
15 1446
29 1370
13 1109
43 1109
34 1452
42 1259
35 1267
11 1090
30 1111
15 1212
12 1172
44 1265
47 1217
11 1417
17 1046
23 1090
31 1162
45 1073
10 1498
16 1238
15 1078
15 1250
20 1043
42 1285
39 1052
25 1210
24 1382
12 1112
38 1187
40 1178
18 1330
20 1072
10 1374
23 1482
38 1215
24 1485
33 1282
12 1274
11 1000
32 1217
13 1246
15 1041
30 1124
25 1282
12 1457
24 1245
18 1121
46 1265
18 1499
42 1148
25 1303
13 1230
30 1309
10 1413
22 1018
12 1493
27 1007
30 1272
48 1378
46 1242
37 1099
20 1340
35 1397
38 1213
40 1227
30 1127
31 1238
12 1149
39 1035
16 1179
27 1173
21 1350
37 1157
44 1092
20 1099
33 1190
40 1486
15 1014
33 1468
33 1092
41 1245
16 1092
40 1215
11 1464
11 1275
29 1139
14 1444
18 1206
38 1087
17 1319
45 1307
45 1232
15 1234
48 1312
29 1419
41 1397
27 1204
40 1176
11 1222
17 1177
17 1406
33 1200
47 1436
25 1009
32 1322
36 1498
11 1305
34 1034
15 1112
39 1069
22 1141
48 1308
40 1231
19 1062
49 1014
40 1189
27 1124
14 1206
49 1449
36 1089
31 1473
18 1497
35 1017
24 1313
45 1493
26 1413
43 1079
19 1192
38 1332
19 1125
25 1369
38 1091
45 1188
14 1207
25 1395
45 1311
41 1064
17 1135
40 1096
42 1377
40 1315
20 1388
25 1352
12 1381
18 1153
10 1114
31 1474
21 1390
42 1412
18 1280
44 1350
36 1351
21 1309
42 1125
25 1122
41 1005
38 1199
41 1237
25 1495
43 1480
11 1373
49 1242
12 1349
33 1406
34 1282
40 1456
14 1487
40 1094
14 1438
40 1224
27 1040
29 1268
10 1351
40 1023
43 1159
36 1342
14 1123
24 1459
13 1459
23 1489
29 1412
35 1421
31 1009
48 1129
35 1433
36 1275
18 1470
14 1222
36 1033
39 1265
22 1099
34 1014
42 1497
11 1329
10 1147
34 1052
14 1053
23 1414
33 1332
22 1001
22 1360
42 1009
36 1047
45 1287
46 1445
15 1340
21 1057
24 1404
31 1072
10 1110
24 1175
48 1483
10 1038
30 1297
28 1020
49 1437
26 1128
33 1297
11 1430
29 1348
38 1020
46 1149
21 1171
40 1257
20 1143
19 1155
21 1485
30 1298
41 1036
27 1013
48 1056
16 1124
38 1201
26 1438
25 1257
47 1161
31 1357
24 1439
42 1113
29 1069
42 1057
43 1274
40 1084
22 1007
28 1495
48 1480
33 1162
29 1178
36 1122
33 1285
46 1128
12 1493
14 1004
16 1455
21 1110
33 1223
27 1352
23 1471
18 1164
17 1221
42 1374
34 1176
12 1071
34 1164
15 1372
36 1203
40 1397
40 1414
44 1149
43 1058
36 1339
31 1385
34 1112
41 1370
47 1129
36 1187
40 1387
44 1332
29 1484
24 1177
25 1394
31 1117
12 1016
40 1377
11 1098
30 1031
15 1094
29 1374
31 1349
19 1450
45 1007
12 1010
39 1345
27 1347
45 1185
33 1211
15 1253
14 1339
41 1220
25 1351
12 1371
43 1411
23 1031
10 1001
33 1385
27 1140
20 1450
47 1099
24 1007
27 1092
26 1454
43 1126
37 1049
12 1061
15 1047
45 1052
14 1020
28 1452
21 1391
49 1094
44 1386
30 1004
40 1164
29 1228
22 1314
45 1499
45 1039
24 1241
28 1254
18 1170
45 1360
28 1119
20 1277
35 1407
17 1490
27 1255
12 1472
32 1476
49 1375
42 1090
30 1168
21 1382
38 1218
29 1317
18 1176
10 1273
47 1223
22 1366
49 1062
31 1456
36 1415
24 1396
16 1074
39 1258
18 1280
23 1078
39 1377
15 1443
42 1180
20 1019
34 1412
42 1347
23 1427
28 1215
41 1156
29 1117
23 1299
12 1097
30 1471
46 1179
48 1029
33 1299
30 1365
48 1047
35 1476
22 1210
48 1314
33 1302
11 1217
38 1137
33 1492
33 1360
18 1074
39 1375
12 1289
21 1306
43 1436
10 1209
16 1324
26 1285
38 1192
16 1480
22 1282
14 1273
25 1103
33 1299
11 1452
21 1144
42 1120
42 1210
15 1330
33 1158
12 1481
29 1472
19 1484
43 1210
36 1174
21 1444
36 1470
23 1127
19 1472
20 1044
12 1175
40 1431
20 1363
18 1177
46 1132
31 1083
41 1017
30 1268
43 1475
41 1267
16 1185
42 1319
11 1159
45 1353
13 1384
46 1139
11 1493
23 1034
14 1234
35 1093
34 1035
14 1419
11 1369
32 1407
25 1418
37 1319
21 1365
10 1090
31 1238
46 1235
40 1376
15 1027
27 1238
33 1264
28 1139
17 1429
27 1344
47 1336
15 1081
38 1488
32 1280
16 1400
44 1127
11 1143
27 1081
47 1003
28 1179
30 1451
49 1163
36 1035
12 1333
12 1251
20 1129
14 1182
21 1325
28 1255
33 1132
25 1013
45 1226
13 1114
31 1020
18 1280
18 1016
40 1446
15 1395
45 1438
46 1020
12 1380
19 1434
28 1392
42 1011
45 1135
23 1236
20 1297
15 1008
47 1403
39 1380
18 1062
32 1275
48 1222
34 1002
32 1217
42 1253
49 1321
40 1433
35 1377
30 1272
20 1095
45 1015
40 1414
48 1498
36 1118
40 1231
46 1390
25 1363
30 1405
22 1469
24 1472
40 1299
42 1222
10 1328
31 1074
35 1413
12 1482
33 1334
28 1276
40 1135
27 1233
20 1362
35 1063
40 1348
13 1091
17 1029
16 1273
41 1377
21 1327
13 1209
14 1165
21 1491
11 1171
40 1018
16 1311
40 1423
40 1253
22 1031
37 1051
44 1193
39 1236
37 1333
40 1274
48 1456
20 1077
32 1203
13 1067
11 1370
30 1060
16 1023
19 1339
41 1349
24 1312
45 1442
29 1210
12 1257
47 1407
36 1329
34 1429
13 1178
36 1325
30 1263
46 1482
18 1081
49 1128
18 1452
22 1033
47 1399
24 1091
27 1415
19 1195
47 1459
22 1067
14 1004
25 1422
15 1128
32 1177
47 1038
20 1433
18 1288
15 1316
22 1228
29 1444
11 1047
39 1490
30 1349
47 1086
19 1191
48 1063
48 1335
13 1447
45 1166
35 1370
15 1338
13 1130
44 1199
41 1402
18 1015
19 1437
22 1297
43 1133
28 1289
33 1025
21 1329
11 1368
48 1095
30 1131
41 1264
43 1340
30 1226
23 1259
20 1037
43 1340
24 1142
46 1282
31 1080
41 1260
24 1245
24 1288
20 1256
48 1273
14 1465
23 1009
12 1169
32 1452
40 1181
45 1337
37 1101
30 1191
38 1480
24 1121
15 1103
26 1439
44 1125
28 1189
27 1227
40 1112
36 1268
44 1476
40 1155
15 1064
19 1260
22 1180
28 1325
39 1395
25 1102
12 1361
30 1143
28 1200
35 1450
49 1307
47 1188
27 1062
29 1262
24 1197
38 1255
27 1469
26 1188
12 1482
12 1079
28 1314
11 1456
14 1371
16 1263
21 1046
36 1175
29 1292
14 1474
47 1402
26 1134
43 1094
43 1020
40 1009
43 1342
24 1451
39 1104
42 1104
15 1443
31 1048
43 1472
12 1435
44 1059
40 1453
26 1340
45 1049
16 1392
33 1122
41 1053
38 1115
19 1374
49 1193
22 1053
12 1236
28 1255
15 1197
49 1383
42 1346
22 1495
37 1368
29 1273
25 1226
16 1351
23 1004
15 1461
43 1060
11 1073
49 1325
23 1404
46 1244
33 1446
45 1306
46 1173
22 1354
12 1120
17 1005
18 1322
20 1043
12 1188
35 1083
11 1055
14 1288
26 1288
34 1158
19 1078
11 1142
27 1442
49 1079
18 1230
13 1402
36 1132
38 1477
38 1343
31 1105
32 1180
17 1179
36 1143
18 1061
15 1138
33 1109
32 1054
29 1099
37 1267
14 1005
39 1262
27 1401
18 1091
15 1380
34 1289
29 1233
31 1294
23 1214
28 1445
27 1052
47 1001
31 1391
44 1096
26 1138
31 1432
21 1271
33 1452
26 1014
19 1267
11 1097
44 1056
33 1051
35 1311
30 1121
30 1343
22 1487
38 1288
26 1060
21 1155
37 1359
32 1294
16 1146
41 1187
47 1011
48 1275
12 1319
43 1079
33 1219
28 1155
20 1395
41 1216
46 1057
24 1405
29 1409
17 1032
30 1210
46 1040
10 1463
11 1364
35 1344
45 1386
25 1192
46 1235
23 1455
12 1317
34 1397
39 1144
12 1087
20 1466
20 1471
23 1243
22 1194
13 1246
32 1133
14 1459
22 1301
15 1186
29 1155
44 1226
25 1319
30 1087
24 1090
23 1149
26 1099
31 1209
40 1348
49 1024
25 1004
39 1058
28 1328
18 1293
30 1148
17 1294
31 1100
18 1421
45 1290
46 1429
10 1264
24 1232
46 1243
20 1243
47 1018
29 1356
31 1008
25 1461
11 1269
27 1345
10 1469
38 1022
22 1312
48 1168
11 1335
13 1048
21 1179
44 1035
33 1475
21 1171
25 1094
32 1123
32 1107
18 1385
22 1321
39 1405
28 1135
29 1226
41 1134
13 1201
38 1001
22 1074
36 1430
45 1074
32 1042
42 1220
30 1298
46 1134
16 1284
26 1218
17 1422
28 1280
43 1135
39 1253
24 1027
11 1283
17 1064
13 1169
42 1473
18 1014
36 1130
31 1282
10 1203
23 1198
37 1133
46 1053
18 1173
42 1182
30 1459
31 1166
48 1474
14 1020
44 1409
14 1394
19 1231
32 1081
36 1449
29 1182
25 1070
22 1288
20 1262
29 1066
47 1146
35 1048
43 1145
28 1223
48 1464
36 1489
13 1236
28 1248
47 1295
48 1237
48 1055
27 1164
36 1001
24 1017
44 1394
19 1211
48 1405
12 1421
36 1161
10 1264
46 1492
46 1168
25 1099
36 1023
36 1038
35 1208
12 1034
17 1433
30 1326
32 1303
32 1464
30 1378
38 1411
39 1211
34 1159
43 1444
47 1476
40 1283
32 1436
46 1008
40 1135
39 1234
33 1153
18 1463
28 1221
30 1133
22 1221
43 1173
28 1412
16 1077
12 1204
35 1173
20 1158
19 1210
14 1476
45 1218
34 1325
42 1353
36 1078
49 1041
10 1452
36 1147
31 1394
41 1054
42 1109
37 1326
35 1386
36 1171
19 1052
16 1002
25 1325
40 1496
41 1212
25 1151
29 1155
13 1450
10 1416
46 1033
21 1164
31 1118
14 1243
40 1157
29 1423
33 1050
28 1375
48 1184
13 1245
24 1354
15 1141
35 1482
25 1331
39 1359
13 1381
46 1265
47 1229
46 1431
18 1127
32 1427
11 1065
17 1084
12 1381
13 1095
29 1105
36 1142
13 1187
28 1415
22 1008
47 1246
10 1413
47 1073
25 1089
12 1063
26 1480
30 1359
45 1451
42 1316
13 1134
31 1268
26 1358
39 1431
41 1145
39 1082
48 1233
33 1029
46 1208
47 1046
15 1109
13 1461
14 1360
43 1324
10 1264
25 1205
10 1194
42 1328
15 1271
24 1363
29 1080
32 1336
18 1136
24 1013
13 1263
46 1161
20 1327
18 1409
44 1178
36 1315
39 1454
36 1187
27 1484
35 1145
23 1231
33 1184
43 1227
21 1459
28 1384
24 1458
32 1467
18 1235
44 1188
44 1090
25 1025
43 1014
14 1027
20 1369
27 1170
20 1295
21 1196
30 1478
33 1420
10 1451
18 1238
11 1332
13 1223
44 1439
27 1071
23 1335
19 1399
23 1492
31 1433
14 1066
29 1121
16 1417
45 1159
38 1277
43 1468
41 1135
30 1148
25 1446
15 1355
19 1187
19 1330
21 1291
49 1001
30 1155
40 1281
31 1375
28 1300
17 1103
29 1191
25 1028
32 1471
34 1344
33 1137
34 1467
45 1223
21 1348
33 1029
16 1048
25 1178
38 1349
12 1087
31 1281
18 1227
27 1314
45 1434
40 1202
49 1031
32 1447
40 1088
42 1280
27 1074
29 1368
29 1256
48 1434
11 1002
36 1239
22 1049
21 1295
16 1460
46 1351
43 1406
20 1087
49 1014
43 1125
22 1108
20 1336
43 1172
12 1462
48 1043
34 1258
35 1180
16 1454
40 1146
11 1241
34 1178
46 1226
27 1136
13 1256
46 1075
21 1425
41 1384
13 1338
38 1148
29 1231
37 1109
21 1052
39 1354
10 1277
44 1371
48 1060
47 1278
49 1328
38 1216
22 1264
43 1170
15 1119
37 1487
21 1266
48 1204
23 1263
37 1040
48 1244
31 1447
22 1142
17 1306
44 1203
40 1096
16 1021
41 1224
30 1301
19 1108
46 1409
17 1236
34 1485
18 1279
43 1393
42 1483
17 1110
42 1463
28 1260
22 1110
14 1000
24 1050
22 1032
19 1156
38 1379
32 1205
44 1373
37 1411
15 1324
15 1184
47 1492
31 1282
36 1140
13 1191
49 1057
41 1173
13 1344
30 1033
49 1033
30 1124
10 1065
42 1091
30 1290
40 1228
43 1315
14 1285
38 1272
20 1389
31 1003
25 1381
10 1136
13 1017
21 1020
27 1364
10 1417
39 1025
14 1137
13 1391
30 1373
43 1431
26 1004
26 1281
47 1423
10 1059
43 1063
46 1000
12 1478
49 1201
47 1098
36 1464
30 1491
30 1389
19 1352
33 1021
15 1169
48 1405
36 1004
18 1255
48 1298
42 1128
22 1110
12 1149
41 1247
16 1082
42 1327
30 1430
47 1332
42 1359
48 1381
20 1149
27 1397
25 1188
45 1480
24 1297
29 1465
28 1072
31 1478
37 1159
39 1023
24 1445
20 1289
32 1196
18 1495
47 1211
31 1105
47 1129
29 1396
13 1092
28 1075
28 1265
13 1469
41 1316
28 1031
38 1138
17 1454
49 1223
37 1091
37 1374
29 1245
25 1445
27 1451
41 1459
11 1115
26 1181
34 1379
32 1467
32 1205
42 1023
37 1359
11 1059
29 1053
14 1488
13 1447
29 1047
44 1470
17 1402
34 1095
49 1306
42 1078
42 1448
44 1377
49 1205
19 1317
31 1397
42 1435
26 1037
17 1218
35 1448
21 1490
42 1402
29 1037
20 1038
24 1310
17 1132
10 1028
14 1183
12 1106
38 1165
26 1429
10 1136
33 1442
17 1279
31 1180
27 1102
17 1472
16 1447
21 1083
47 1225
19 1414
26 1278
36 1292
21 1096
12 1357
39 1183
45 1098
27 1021
36 1003
34 1117
35 1037
46 1386
34 1081
18 1120
42 1360
39 1074
46 1197
31 1394
42 1033
41 1159
40 1248
39 1438
44 1217
48 1293
21 1385
48 1400
10 1326
32 1120
41 1250
42 1109
28 1230
10 1049
15 1325
13 1287
31 1337
34 1002
30 1379
47 1127
17 1014
10 1236
34 1228
23 1036
31 1220
46 1165
34 1054
21 1011
14 1342
44 1083
28 1057
16 1478
13 1135
45 1364
25 1184
27 1166
22 1248
24 1497
18 1164
13 1064
24 1255
43 1135
39 1179
24 1215
49 1385
19 1371
16 1110
35 1426
36 1146
19 1467
36 1249
25 1340
41 1388
23 1234
21 1445
12 1043
39 1067
36 1194
22 1004
24 1043
12 1050
27 1245
35 1241
19 1452
23 1056
47 1271
13 1442
42 1007
45 1226
19 1186
45 1093
36 1327
10 1398
28 1032
36 1291
21 1280
47 1338
13 1191
14 1455
41 1015
44 1337
38 1452
36 1344
48 1196
11 1039
23 1339
46 1304
43 1427
36 1054
23 1405
26 1356
30 1068
46 1441
29 1484
10 1353
40 1393
36 1336
22 1494
49 1172
11 1378
23 1078
28 1164
22 1369
12 1079
14 1363
48 1337
41 1480
40 1357
39 1073
19 1409
49 1299
34 1146
37 1272
36 1077
16 1163
22 1330
14 1041
35 1029
20 1000
41 1410
41 1089
21 1474
13 1195
43 1143
22 1134
38 1339
19 1102
38 1139
26 1420
18 1363
17 1263
43 1383
33 1173
21 1145
37 1060
32 1300
30 1242
33 1321
40 1075
45 1281
39 1154
25 1299
36 1214
23 1157
15 1183
41 1009
32 1125
49 1428
22 1151
20 1165
20 1356
19 1451
22 1062
48 1284
12 1250
31 1459
46 1300
41 1172
30 1028
40 1437
37 1485
39 1279
23 1146
19 1424
26 1387
27 1234
46 1195
43 1463
47 1411
23 1414
10 1166
36 1360
18 1084
31 1043
16 1183
42 1093
44 1240
25 1389
10 1461
38 1156
40 1200
34 1369
44 1056
29 1411
24 1054
47 1027
34 1183
39 1302
12 1213
18 1354
17 1148
26 1351
40 1010
16 1310
25 1160
32 1357
47 1441
40 1127
33 1448
25 1073
41 1416
24 1431
23 1212
37 1307
22 1499
44 1361
46 1064
31 1386
21 1314
47 1205
40 1012
41 1367
23 1229
44 1384
41 1251
36 1149
18 1348
19 1231
44 1086
12 1052
22 1393
28 1294
14 1499
16 1491
17 1177
25 1451
22 1280
37 1281
12 1180
22 1459
33 1177
20 1326
43 1241
24 1250
39 1495
38 1389
23 1455
25 1284
44 1325
31 1284
39 1200
21 1268
17 1279
20 1145
12 1288
41 1076
45 1476
41 1163
12 1188
17 1182
10 1019
26 1200
26 1198
35 1173
11 1298
42 1417
22 1331
14 1423
22 1340
30 1215
36 1304
36 1014
44 1230
44 1413
16 1378
32 1162
43 1059
43 1166
14 1442
31 1255
15 1155
19 1492
23 1069
40 1084
34 1197
29 1483
42 1049
36 1231
32 1292
40 1429
25 1109
23 1210
48 1420
33 1482
32 1391
22 1442
44 1202
13 1311
28 1285
28 1076
26 1194
32 1314
35 1194
43 1404
46 1388
23 1002
13 1440
34 1218
11 1233
36 1184
34 1469
27 1115
35 1338
22 1108
44 1099
36 1266
16 1334
22 1463
43 1295
10 1233
37 1023
26 1440
16 1260
40 1383
39 1458
32 1391
31 1256
26 1068
46 1481
43 1163
35 1044
33 1081
35 1206
18 1329
20 1062
21 1026
45 1330
48 1079
23 1127
36 1252
48 1128
45 1318
49 1177
10 1492
16 1440
35 1413
47 1472
38 1093
15 1306
23 1023
14 1107
10 1324
48 1126
49 1332
18 1316
15 1146
39 1281
14 1377
14 1394
11 1407
36 1493
17 1370
46 1227
44 1046
24 1393
44 1349
32 1263
38 1358
12 1102
36 1232
45 1313
13 1170
12 1011
22 1380
20 1187
49 1354
44 1018
23 1245
39 1219
38 1480
12 1281
41 1397
49 1132
35 1330
29 1107
42 1097
35 1364
25 1301
42 1189
46 1278
18 1099
23 1007
19 1396
36 1119
13 1025
29 1476
48 1251
11 1296
43 1265
40 1289
45 1416
44 1401
40 1437
43 1462
12 1209
40 1096
37 1427
37 1264
14 1262
31 1306
11 1269
21 1155
43 1080
22 1048
38 1012
27 1430
33 1378
33 1205
45 1452
30 1235
47 1441
26 1039
27 1239
33 1115
35 1252
48 1251
27 1053
29 1155
25 1096
39 1195
27 1018
22 1181
47 1006
45 1429
11 1046
10 1144
29 1466
30 1438
23 1377
33 1069
27 1090
36 1327
32 1157
12 1241
44 1365
39 1100
35 1000
44 1189
10 1253
28 1077
31 1233
29 1412
32 1272
49 1224
18 1350
47 1176
27 1253
44 1407
23 1487
21 1142
17 1282
46 1269
45 1062
20 1121
13 1206
32 1082
45 1162
11 1425
28 1078
43 1264
46 1095
34 1279
42 1066
22 1444
24 1159
24 1123
13 1064
41 1345
27 1094
47 1309
49 1449
12 1155
43 1452
13 1267
41 1059
46 1444
11 1302
28 1393
25 1079
15 1143
10 1424
31 1198
35 1098
37 1379
41 1204
13 1230
27 1337
11 1024
10 1061
21 1163
29 1368
33 1047
36 1285
39 1346
39 1004
46 1424
43 1281
30 1063
26 1297
20 1308
40 1294
22 1124
11 1443
21 1472
22 1116
30 1340
32 1462
20 1059
34 1218
41 1072
28 1458
34 1039
17 1290
40 1361
32 1035
32 1366
19 1178
21 1392
22 1323
35 1310
39 1323
43 1290
25 1249
38 1104
23 1049
47 1393
10 1001
29 1380
20 1168
24 1373
10 1382
32 1444
48 1230
38 1044
32 1425
30 1490
24 1241
24 1204
45 1444
45 1055
28 1270
28 1123
21 1307
47 1391
32 1038
33 1472
27 1045
43 1366
34 1025
46 1201
48 1297
16 1368
22 1135
33 1455
12 1219
25 1420
35 1243
39 1030
38 1101
17 1302
21 1179
40 1463
24 1356
42 1068
37 1353
17 1225
25 1363
15 1349
26 1221
12 1403
38 1458
18 1351
18 1123
33 1056
48 1491
41 1047
35 1176
23 1230
16 1053
30 1019
22 1137
45 1495
23 1363
33 1327
30 1219
10 1061
46 1146
34 1173
20 1007
43 1107
16 1189
39 1174
15 1295
35 1050
26 1462
42 1404
31 1334
11 1101
26 1379
36 1490
45 1271
26 1108
27 1049
43 1267
24 1099
20 1272
45 1268
20 1306
41 1178
17 1165
16 1224
17 1042
29 1445
44 1013
45 1345
16 1202
32 1252
20 1460
26 1100
45 1108
21 1114
39 1233
13 1358
28 1102
46 1198
34 1034
44 1434
36 1362
49 1376
41 1299
29 1482
21 1377
18 1459
43 1411
28 1137
21 1069
36 1441
27 1165
41 1435
27 1028
18 1169
46 1100
11 1200
45 1400
28 1178
43 1070
11 1144
13 1228
45 1338
33 1449
13 1218
36 1130
48 1202
43 1247
17 1217
21 1132
35 1106
49 1003
35 1353
21 1397
47 1442
29 1196
37 1180
20 1157
24 1072
33 1248
37 1037
35 1108
23 1288
39 1370
24 1034
34 1003
42 1260
34 1282
31 1012
41 1341
33 1446
31 1488
12 1138
34 1106
27 1022
43 1365
15 1317
38 1085
26 1395
32 1358
30 1048
24 1438
20 1363
32 1371
36 1077
43 1288
22 1112
14 1273
40 1027
48 1340
15 1267
33 1254
38 1252
27 1314
17 1378
17 1395
18 1226
28 1468
37 1033
31 1429
30 1492
19 1101
47 1147
22 1342
38 1267
35 1058
43 1013
40 1374
22 1158
36 1033
38 1472
11 1437
22 1367
11 1333
19 1040
36 1006
31 1475
21 1006
34 1386
30 1071
34 1207
26 1445
27 1449
30 1131
20 1375
33 1335
28 1374
48 1092
44 1435
20 1238
15 1180
24 1386
48 1369
32 1441
24 1378
14 1251
29 1085
38 1141
10 1229
29 1339
45 1000
28 1170
15 1388
23 1145
30 1007
33 1326
26 1488
14 1022
25 1410
21 1144
16 1495
28 1227
16 1018
25 1315
11 1148
44 1069
27 1410
14 1194
48 1188
19 1181
34 1374
33 1139
35 1465
32 1469
24 1490
23 1119
44 1087
41 1394
46 1458
25 1017
35 1373
41 1125
16 1310
26 1181
37 1418
49 1134
13 1152
34 1219
23 1239
46 1412
19 1147
35 1459
13 1265
26 1270
21 1341
49 1465
16 1298
32 1177
37 1451
26 1104
29 1264
17 1451
46 1413
49 1115
39 1446
12 1028
14 1446
48 1189
34 1279
43 1250
46 1239
29 1336
22 1223
19 1336
39 1315
49 1044
16 1480
21 1126
12 1160
25 1139
19 1351
28 1412
44 1453
13 1139
41 1287
41 1393
25 1469
33 1059
47 1128
23 1271
27 1032
10 1219
23 1328
46 1410
21 1008
17 1108
12 1290
18 1275
31 1489
42 1137
47 1147
32 1348
34 1009
42 1142
17 1176
23 1254
18 1369
36 1273
42 1289
26 1327
22 1395
27 1117
17 1492
18 1141
29 1312
35 1134
43 1244
43 1420
28 1125
25 1362
39 1387
23 1058
29 1177
34 1087
33 1018
29 1362
33 1017
14 1105
10 1450
14 1414
48 1013
17 1428
30 1004
41 1469
48 1271
43 1173
32 1476
43 1389
40 1459
19 1047
16 1205
39 1008
16 1127
37 1184
20 1314
44 1297
14 1493
43 1447
43 1283
22 1186
39 1290
44 1144
20 1457
21 1179
22 1196
37 1157
30 1353
44 1102
10 1389
32 1037
39 1147
32 1115
13 1447
22 1271
18 1404
16 1367
47 1049
36 1111
38 1091
33 1085
24 1107
20 1148
11 1077
36 1260
10 1152
40 1280
10 1290
21 1398
23 1290
14 1054
47 1098
40 1464
21 1392
14 1051
30 1472
15 1491
45 1045
10 1441
47 1272
24 1456
39 1072
22 1328
36 1330
32 1494
47 1194
37 1319
11 1299
47 1434
10 1409
23 1367
12 1351
33 1327
37 1248
37 1273
15 1159
21 1370
31 1146
32 1089
33 1216
43 1242
11 1222
20 1128
25 1071
22 1327
41 1259
35 1298
41 1392
13 1350
30 1285
26 1068
40 1448
13 1396
39 1100
20 1345
26 1029
16 1146
42 1172
43 1350
28 1459
39 1228
11 1442
27 1385
29 1483
20 1003
24 1456
13 1492
26 1263
11 1219
28 1252
33 1323
26 1281
29 1347
41 1035
29 1165
39 1149
11 1239
49 1134
46 1207
43 1229
44 1445
45 1110
12 1138
22 1493
21 1227
10 1399
37 1331
12 1042
12 1209
10 1117
48 1231
31 1115
35 1022
44 1402
14 1383
26 1259
17 1124
24 1436
48 1499
28 1180
26 1173
31 1462
11 1201
30 1218
19 1435
11 1101
39 1018
33 1274
48 1013
26 1018
28 1344
13 1068
34 1498
24 1428
37 1077
19 1044
47 1168
21 1068
16 1439
47 1185
18 1129
41 1396
34 1333
29 1205
40 1457
47 1208
40 1467
37 1192
21 1088
38 1291
40 1379
47 1117
13 1172
34 1099
22 1303
46 1263
20 1369
11 1420
22 1138
30 1100
40 1455
10 1048
27 1336
48 1086
18 1400
22 1097
14 1230
29 1086
47 1363
25 1142
27 1358
49 1368
34 1277
24 1163
34 1290
44 1021
25 1481
31 1212
12 1396
42 1241
16 1210
45 1345
45 1433
41 1213
35 1498
14 1283
38 1321
29 1183
10 1197
49 1446
25 1121
48 1052
19 1037
20 1121
15 1247
43 1197
26 1009
14 1175
31 1289
45 1281
20 1138
31 1053
17 1221
18 1081
20 1392
14 1067
27 1086
23 1311
47 1333
20 1073
15 1220
48 1457
23 1443
49 1244
48 1372
22 1123
45 1124
37 1409
34 1100
22 1300
46 1406
36 1282
23 1470
19 1464
28 1496
17 1181
23 1077
17 1146
32 1350
41 1471
47 1418
48 1030
43 1329
41 1139
37 1361
14 1040
24 1270
15 1385
33 1245
37 1496
25 1253
46 1345
12 1109
34 1385
43 1352
44 1034
14 1076
39 1491
42 1070
22 1212
35 1491
26 1470
19 1152
15 1164
23 1321
45 1299
40 1039
17 1466
37 1202
11 1347
26 1036
15 1319
29 1328
13 1007
31 1340
45 1490
21 1458
33 1067
46 1377
26 1290
19 1311
20 1360
36 1393
22 1349
19 1006
40 1093
21 1017
26 1457
26 1063
26 1499
47 1423
39 1275
30 1286
49 1166
48 1143
20 1397
46 1213
47 1413
49 1486
25 1047
34 1104
30 1109
39 1274
27 1322
33 1395
38 1081
43 1369
15 1281
41 1474
10 1247
26 1484
33 1342
32 1146
28 1323
15 1129
46 1247
22 1176
38 1200
16 1195
12 1297
19 1004
33 1347
33 1470
23 1438
40 1150
35 1374
13 1486
46 1021
26 1161
23 1083
40 1172
41 1138
29 1396
46 1450
34 1202
19 1388
10 1331
40 1359
20 1042
10 1378
23 1318
43 1348
26 1351
46 1431
48 1346
47 1385
23 1464
44 1423
12 1008
34 1492
34 1079
12 1350
29 1438
47 1307
28 1464
13 1176
39 1042
12 1115
16 1083
17 1333
28 1428
15 1456
22 1136
39 1116
26 1375
41 1394
44 1210
27 1337
37 1197
23 1382
36 1359
18 1329
22 1153
34 1220
11 1449
11 1219
29 1108
30 1215
44 1483
24 1351
17 1113
21 1080
48 1059
46 1233
13 1313
40 1025
34 1269
36 1132
14 1109
45 1232
18 1166
40 1267
49 1216
38 1231
33 1120
39 1203
39 1263
20 1151
47 1384
17 1121
35 1198
21 1279
12 1368
26 1226
37 1146
46 1242
15 1143
39 1358
34 1084
24 1043
20 1053
29 1094
46 1310
48 1485
27 1108
21 1324
14 1145
13 1038
14 1015
12 1400
49 1248
41 1045
15 1006
36 1345
27 1007
32 1233
14 1355
49 1119
19 1253
38 1220
25 1033
13 1166
46 1392
34 1446
42 1476
45 1367
36 1111
18 1026
48 1197
45 1287
23 1245
29 1312
10 1198
44 1321
42 1379
40 1476
47 1071
15 1252
34 1259
31 1397
20 1233
45 1456
41 1086
39 1380
25 1375
38 1464
31 1382
31 1215
18 1356
48 1418
11 1385
29 1080
41 1111
20 1445
13 1185
28 1269
27 1461
39 1476
33 1081
33 1158
49 1029
22 1444
47 1349
25 1369
23 1185
18 1485
37 1297
35 1403
21 1062
14 1150
14 1088
42 1080
38 1114
27 1186
43 1322
40 1007
30 1366
17 1465
30 1217
38 1489
46 1335
36 1395
27 1421
41 1386
35 1129
21 1031
39 1013
36 1321
33 1038
25 1059
25 1171
38 1116
31 1113
32 1174
10 1070
40 1137
19 1436
14 1202
26 1334
18 1057
34 1379
30 1247
19 1194
26 1134
24 1352
14 1284
39 1359
19 1275
31 1470
22 1035
30 1375
44 1276
35 1139
47 1204
11 1409
25 1052
22 1080
19 1232
44 1152
34 1007
36 1199
38 1307
13 1083
13 1243
31 1172
22 1038
41 1266
22 1335
26 1468
31 1428
30 1408
42 1001
43 1070
49 1113
39 1092
24 1176
48 1080
23 1047
37 1148
20 1091
28 1110
46 1275
32 1475
19 1387
29 1139
43 1344
34 1029
13 1494
35 1209
35 1164
29 1461
48 1404
28 1459
41 1084
48 1047
18 1172
18 1415
37 1365
34 1161
32 1221
49 1014
14 1352
38 1300
27 1207
44 1050
39 1203
43 1346
34 1467
17 1071
40 1461
17 1077
34 1218
16 1321
33 1260
22 1013
13 1314
49 1144
17 1019
20 1308
14 1178
36 1023
24 1106
16 1208
45 1379
48 1309
35 1141
44 1102
37 1304
28 1408
16 1265
32 1492
47 1473
46 1183
13 1135
29 1437
24 1022
40 1159
40 1212
22 1345
25 1490
31 1338
32 1493
38 1111
49 1296
27 1092
24 1094
43 1345
25 1476
47 1112
10 1266
43 1072
13 1074
22 1407
44 1182
25 1345
35 1203
43 1361
18 1245
22 1379
14 1448
28 1345
10 1007
43 1340
34 1063
23 1162
11 1345
40 1105
20 1050
24 1472
49 1149
17 1337
21 1451
27 1324
49 1446
41 1391
37 1103
15 1078
33 1085
20 1219
24 1325
27 1474
46 1289
27 1398
42 1172
31 1487
48 1099
49 1270
44 1375
40 1408
15 1344
20 1158
11 1178
49 1152
17 1303
41 1323
24 1462
17 1423
21 1364
29 1285
23 1410
12 1052
31 1181
15 1125
29 1049
34 1390
19 1462
36 1272
30 1474
20 1270
19 1369
33 1182
25 1488
23 1067
40 1054
14 1314
15 1375
41 1347
37 1146
15 1019
30 1421
39 1276
37 1012
29 1148
15 1459
12 1371
17 1363
31 1387
24 1323
32 1056
20 1327
26 1237
15 1220
21 1184
37 1408
40 1469
49 1143
49 1301
34 1385
19 1073
40 1440
26 1052
42 1414
47 1021
42 1043
47 1315
30 1484
17 1187
27 1153
19 1346
27 1429
48 1264
20 1377
37 1389
39 1415
12 1073
41 1321
20 1080
37 1320
10 1240
41 1301
20 1013
28 1456
32 1415
22 1383
13 1351
29 1410
40 1360
11 1302
35 1053
17 1190
31 1030
19 1438
32 1190
31 1047
11 1394
17 1160
28 1480
39 1171
44 1347
26 1361
49 1264
13 1005
17 1029
17 1064
17 1154
41 1240
40 1336
34 1064
32 1107
49 1331
16 1461
36 1408
24 1125
17 1099
38 1095
27 1105
49 1120
24 1296
29 1054
49 1008
49 1475
41 1443
28 1034
19 1297
41 1489
47 1151
18 1363
11 1446
45 1470
38 1276
29 1263
48 1252
42 1034
46 1473
18 1445
46 1300
46 1368
25 1141
31 1365
37 1132
12 1431
24 1465
29 1333
47 1417
11 1487
32 1236
42 1296
28 1147
33 1189
35 1418
38 1215
10 1017
20 1222
43 1225
23 1455
17 1424
36 1145
27 1248
31 1137
45 1378
15 1126
44 1339
18 1029
21 1469
44 1432
22 1295
29 1048
48 1263
36 1146
25 1157
35 1487
41 1241
18 1442
18 1120
32 1367
20 1163
36 1449
43 1413
37 1336
41 1112
18 1024
31 1099
38 1157
39 1492
31 1418
39 1200
38 1111
42 1294
16 1289
31 1428
19 1457
36 1488
16 1175
14 1488
28 1174
10 1484
21 1256
32 1022
32 1159
31 1152
41 1057
17 1442
27 1260
44 1211
12 1002
12 1189
43 1024
13 1043
18 1243
11 1258
49 1443
40 1096
25 1356
20 1059
45 1188
30 1256
23 1354
19 1102
17 1077
26 1077
25 1016
38 1447
11 1170
18 1049
31 1410
13 1410
12 1315
10 1026
38 1173
32 1035
36 1110
22 1286
12 1447
18 1251
28 1012
15 1378
42 1489
43 1451
28 1281
38 1459
22 1380
29 1306
16 1211
49 1363
20 1349
28 1195
22 1141
11 1230
43 1460
32 1491
13 1437
19 1189
45 1301
30 1422
25 1116
20 1496
21 1294
27 1383
36 1241
27 1464
12 1363
30 1433
27 1430
34 1087
33 1222
15 1035
12 1304
15 1422
12 1491
47 1394
21 1161
44 1203
39 1059
26 1206
38 1441
10 1403
45 1154
26 1228
37 1227
30 1013
19 1154
25 1475
40 1326
36 1077
41 1207
21 1273
44 1361
33 1387
33 1246
20 1322
19 1458
39 1182
47 1338
13 1273
24 1374
46 1119
28 1310
28 1230
45 1009
38 1275
44 1247
47 1192
27 1368
44 1175
36 1283
48 1203
25 1462
47 1229
44 1325
18 1011
17 1288
41 1090
44 1348
33 1202
46 1162
29 1219
36 1119
33 1414
37 1287
36 1003
22 1264
26 1393
12 1396
23 1368
26 1260
31 1151
49 1384
45 1090
40 1416
18 1014
22 1131
45 1090
23 1337
36 1262
45 1330
16 1004
47 1097
11 1250
26 1489
28 1499
23 1033
46 1200
48 1189
36 1162
25 1460
15 1148
17 1210
37 1159
17 1077
36 1073
37 1011
12 1478
15 1015
46 1143
26 1298
21 1297
20 1321
41 1120
42 1354
38 1121
21 1156
18 1146
15 1380
42 1204
12 1039
49 1307
41 1024
39 1186
34 1342
40 1084
39 1479
33 1419
22 1056
31 1257
18 1469
42 1424
22 1123
19 1395
35 1066
41 1314
27 1092
14 1013
11 1300
12 1285
16 1199
42 1391
27 1167
37 1069
33 1155
46 1270
26 1407
18 1335
18 1321
37 1346
18 1123
13 1048
38 1451
33 1118
32 1240
43 1434
12 1274
30 1278
19 1238
36 1345
43 1192
28 1126
14 1456
23 1213
47 1417
44 1024
45 1247
25 1138
30 1283
30 1456
43 1241
32 1282
38 1299
38 1369
13 1214
31 1252
36 1072
44 1454
21 1007
19 1181
12 1166
44 1246
27 1072
22 1289
18 1496
29 1262
28 1295
31 1482
28 1112
29 1138
45 1277
18 1277
13 1342
47 1467
16 1307
37 1437
15 1022
44 1289
20 1261
30 1455
14 1014
32 1218
41 1200
39 1376
16 1434
17 1236
29 1235
44 1185
18 1395
49 1218
41 1205
20 1459
28 1192
29 1476
25 1069
16 1333
23 1067
22 1355
17 1134
41 1198
30 1135
41 1377
47 1088
31 1247
16 1084
32 1465
48 1192
10 1420
26 1080
31 1055
39 1156
28 1487
16 1407
17 1296
45 1272
29 1321
42 1192
45 1105
16 1272
32 1388
38 1124
27 1466
17 1102
28 1235
48 1025
36 1183
28 1467
39 1457
38 1091
24 1102
11 1162
28 1066
10 1061
11 1316
18 1372
42 1093
24 1135
25 1289
26 1166
18 1339
23 1377
42 1188
10 1325
36 1498
39 1208
14 1035
34 1273
47 1383
15 1354
26 1157
23 1085
43 1106
45 1141
36 1337
20 1385
46 1389
40 1310
37 1109
10 1477
15 1404
33 1060
28 1347
18 1335
21 1188
17 1222
31 1119
22 1224
15 1067
25 1042
20 1077
40 1037
21 1306
18 1044
30 1303
20 1229
24 1476
35 1490
47 1190
13 1007
43 1123
28 1313
47 1201
23 1018
30 1368
25 1062
41 1328
48 1026
47 1217
18 1472
31 1039
35 1188
27 1029
15 1389
48 1218
48 1069
22 1205
29 1147
48 1485
38 1018
19 1097
40 1179
49 1344
19 1047
15 1233
38 1325
14 1297
26 1276
33 1306
28 1495
34 1217
32 1005
32 1451
13 1443
38 1250
20 1147
20 1497
17 1016
29 1140
30 1449
34 1443
12 1186
43 1257
41 1311
43 1069
24 1298
41 1492
40 1007
14 1151
32 1058
29 1276
18 1497
37 1333
15 1318
30 1269
35 1260
32 1059
14 1455
34 1016
28 1442
23 1344
20 1081
39 1422
31 1396
36 1061
23 1230
14 1351
25 1286
46 1147
15 1265
49 1488
46 1340
47 1018
49 1235
45 1176
23 1003
24 1287
19 1035
18 1394
35 1362
10 1373
10 1463
45 1479
31 1266
48 1418
39 1155
19 1435
25 1369
33 1366
16 1171
39 1099
41 1087
22 1283
23 1299
41 1043
40 1493
34 1142
24 1356
16 1039
42 1377
23 1323
13 1348
43 1224
15 1237
45 1224
36 1292
17 1356
18 1462
15 1026
42 1043
12 1390
40 1499
44 1157
17 1040
31 1236
13 1214
39 1354
29 1375
28 1465
21 1423
21 1446
30 1030
26 1443
46 1432
35 1129
24 1447
29 1177
41 1417
35 1265
27 1361
18 1195
37 1309
32 1231
39 1018
16 1481
17 1316
47 1399
43 1358
48 1028
38 1015
29 1130
16 1179
11 1236
19 1381
39 1306
17 1392
39 1360
14 1175
20 1428
19 1414
40 1451
15 1466
10 1248
42 1032
39 1122
25 1121
40 1056
13 1360
41 1428
21 1221
24 1223
33 1389
10 1131
47 1063
46 1303
21 1241
45 1082
21 1354
16 1364
32 1479
36 1148
41 1248
25 1212
48 1116
43 1232
37 1402
34 1379
24 1004
15 1381
23 1364
41 1367
15 1221
37 1412
22 1269
14 1318
39 1070
16 1053
15 1281
48 1055
22 1386
35 1403
46 1379
42 1425
42 1274
34 1046
48 1037
37 1086
17 1285
14 1093
38 1106
49 1063
43 1488
34 1301
19 1364
35 1312
40 1292
11 1230
43 1424
22 1322
34 1008
29 1217
44 1068
16 1397
32 1070
40 1062
43 1028
30 1331
12 1291
16 1347
48 1443
40 1240
20 1082
43 1001
20 1439
28 1296
44 1203
33 1269
14 1343
33 1188
31 1076
32 1404
15 1344
24 1366
16 1361
21 1035
24 1493
33 1491
15 1442
32 1342
45 1285
16 1236
15 1033
38 1219
10 1219
39 1050
41 1489
15 1317
26 1244
25 1168
30 1102
21 1257
19 1420
17 1229
31 1352
40 1113
28 1434
45 1072
49 1059
32 1332
30 1027
14 1048
21 1200
42 1394
24 1472
22 1398
47 1434
36 1313
41 1310
38 1271
39 1056
46 1045
12 1119
45 1370
16 1085
18 1363
47 1175
45 1013
39 1276
30 1062
16 1469
40 1000
49 1422
25 1190
26 1320
23 1386
33 1131
13 1122
37 1324
27 1294
38 1232
11 1335
18 1081
27 1284
47 1187
18 1150
15 1441
24 1419
11 1392
41 1439
36 1107
42 1313
28 1071
27 1282
28 1073
20 1210
37 1222
29 1028
25 1183
20 1377
49 1321
34 1291
19 1294
20 1035
38 1488
43 1104
35 1131
19 1165
21 1012
21 1099
22 1259
35 1101
42 1220
22 1270
24 1085
21 1108
33 1353
39 1000
36 1459
23 1406
43 1167
23 1434
39 1142
46 1237
45 1038
16 1266
20 1452
45 1190
32 1107
21 1249
29 1319
28 1006
16 1089
10 1119
15 1491
35 1411
47 1208
48 1049
45 1045
34 1216
21 1144
38 1137
17 1452
12 1042
26 1363
23 1494
25 1197
33 1204
17 1210
31 1042
34 1421
37 1477
12 1260
46 1440
23 1020
11 1043
20 1281
39 1163
34 1166
42 1070
49 1331
38 1267
40 1398
15 1158
24 1169
28 1107
32 1238
18 1438
28 1245
40 1042
34 1406
12 1202
19 1327
31 1316
16 1392
35 1295
13 1218
47 1080
17 1159
39 1140
49 1011
12 1253
44 1250
32 1385
36 1306
39 1291
39 1324
29 1132
19 1288
49 1470
36 1280
29 1030
17 1062
38 1223
33 1447
36 1193
40 1221
22 1080
40 1107
27 1284
29 1290
13 1187
37 1311
47 1016
38 1014
41 1182
12 1107
46 1074
30 1062
11 1096
30 1204
44 1038
14 1180
22 1361
25 1310
21 1106
35 1212
24 1052
13 1343
27 1019
19 1217
34 1294
26 1385
26 1095
46 1321
21 1233
44 1109
33 1212
43 1172
48 1368
13 1048
46 1004
45 1406
17 1000
15 1144
24 1108
22 1184
13 1380
41 1161
28 1468
37 1065
25 1030
49 1444
17 1142
16 1190
37 1054
35 1104
29 1120
10 1458
35 1392
13 1220
45 1276
17 1304
36 1283
16 1350
34 1493
14 1490
39 1208
22 1194
36 1466
31 1397
12 1448
13 1357
21 1183
30 1328
34 1332
43 1170
48 1096
30 1343
14 1010
17 1357
18 1465
35 1422
19 1399
10 1086
26 1251
29 1264
47 1286
10 1040
28 1029
44 1058
25 1273
26 1330
42 1362
41 1464
35 1313
15 1168
31 1163
33 1414
21 1011
33 1351
21 1353