4500 1500
47 1336
21 1067
37 1462
14 1462
20 1244
47 1138
15 1159
46 1401
39 1493
36 1484
11 1091
37 1337
36 1296
10 1305
27 1321
21 1259
32 1381
22 1043
43 1166
38 1050
31 1032
35 1373
44 1423
10 1272
30 1139
25 1134
33 1181
10 1038
22 1216
30 1306
41 1238
45 1335
28 1118
36 1473
20 1388
48 1335
42 1356
15 1320
28 1018
45 1340
44 1238
38 1164
18 1195
24 1164
33 1048
18 1008
12 1090
28 1419
15 1309
26 1398
40 1046
40 1006
27 1329
20 1382
21 1447
24 1466
30 1446
38 1035
31 1307
44 1461
46 1032
25 1399
11 1448
20 1457
18 1223
18 1173
17 1159
24 1203
30 1363
20 1483
42 1089
18 1163
12 1022
10 1184
16 1107
17 1456
44 1109
23 1155
12 1181
34 1057
27 1113
14 1473
45 1165
23 1090
17 1398
14 1049
46 1040
33 1457
43 1366
31 1415
34 1331
45 1368
44 1163
46 1374
40 1115
16 1411
15 1457
12 1266
14 1193
26 1371
35 1289
11 1359
29 1401
31 1477
15 1448
16 1356
47 1127
30 1218
31 1020
45 1214
46 1042
20 1092
49 1225
38 1179
21 1427
17 1043
20 1308
36 1041
15 1125
28 1271
16 1191
34 1378
34 1092
32 1113
32 1350
26 1313
22 1053
10 1214
22 1169
23 1444
31 1368
18 1424
19 1076
20 1440
20 1381
28 1284
35 1321
14 1013
11 1228
37 1385
13 1090
14 1135
37 1210
26 1038
14 1251
24 1394
36 1195
43 1111
37 1316
12 1054
33 1489
32 1340
48 1184
30 1021
39 1001
40 1418
12 1297
26 1351
46 1439
30 1206
26 1032
40 1265
13 1088
37 1097
33 1014
27 1341
42 1003
44 1180
14 1173
13 1046
29 1425
36 1125
29 1015
22 1379
11 1359
20 1349
29 1245
11 1306
24 1021
49 1299
44 1016
35 1309
30 1460
34 1063
30 1096
40 1123
19 1469
16 1075
23 1251
40 1017
48 1101
44 1261
38 1475
33 1403
26 1411
27 1413
44 1333
29 1097
46 1023
18 1276
31 1128
16 1019
29 1324
30 1084
24 1140
43 1462
27 1275
44 1222
26 1112
42 1312
41 1237
47 1335
33 1268
29 1195
24 1345
38 1291
26 1054
32 1039
11 1299
30 1004
12 1476
48 1365
38 1362
21 1370
17 1285
16 1411
23 1101
19 1326
48 1089
13 1053
31 1326
22 1133
33 1255
42 1380
31 1159
15 1422
34 1394
30 1360
24 1235
45 1357
19 1464
13 1473
24 1116
22 1361
21 1257
38 1004
18 1093
31 1264
47 1388
21 1118
14 1175
14 1061
26 1353
29 1287
10 1360
17 1056
38 1198
45 1205
15 1485
40 1123
31 1107
22 1230
15 1186
49 1005
41 1404
24 1305
24 1003
24 1155
42 1400
11 1496
11 1132
48 1189
47 1366
17 1017
40 1472
46 1436
11 1304
10 1015
38 1429
24 1058
27 1129
21 1102
19 1176
46 1494
16 1388
11 1397
40 1233
19 1443
45 1355
33 1345
49 1269
42 1045
28 1330
25 1398
23 1297
24 1385
43 1270
28 1241
49 1300
15 1456
24 1054
22 1090
33 1329
12 1123
35 1190
34 1219
41 1317
45 1419
36 1310
17 1044
43 1106
36 1300
35 1277
41 1324
47 1487
33 1488
12 1366
20 1091
36 1009
16 1432
42 1265
47 1440
21 1204
34 1003
39 1217
23 1446
18 1300
16 1212
16 1030
46 1049
31 1179
31 1480
40 1185
31 1293
42 1038
18 1263
11 1347
33 1414
44 1401
42 1441
48 1349
31 1167
14 1142
10 1304
17 1237
32 1357
33 1369
29 1362
34 1201
22 1281
39 1195
21 1176
41 1306
15 1494
46 1220
25 1032
18 1356
48 1164
29 1483
48 1015
19 1186
13 1491
23 1117
49 1117
21 1366
28 1445
11 1120
33 1358
41 1106
46 1183
13 1099
14 1039
48 1058
23 1125
42 1036
16 1469
21 1071
19 1391
38 1087
16 1426
17 1040
27 1232
49 1148
18 1431
20 1319
28 1422
10 1186
48 1405
16 1008
17 1061
46 1182
27 1146
33 1351
12 1073
19 1403
37 1370
20 1352
22 1140
14 1423
29 1108
44 1270
31 1332
34 1076
36 1010
44 1178
36 1112
39 1212
42 1172
27 1402
19 1043
20 1167
38 1088
19 1449
27 1416
45 1441
23 1066
23 1138
17 1023
15 1298
32 1454
19 1142
22 1358
10 1167
14 1353
46 1105
44 1050
20 1221
29 1145
40 1392
41 1345
44 1332
33 1279
49 1451
31 1195
32 1234
10 1059
18 1390
19 1332
37 1227
46 1011
34 1366
25 1284
25 1071
13 1173
42 1334
12 1088
39 1285
33 1033
10 1312
11 1185
26 1038
29 1457
48 1081
28 1346
39 1015
42 1105
30 1362
13 1184
10 1078
39 1022
43 1210
24 1333
33 1139
37 1224
38 1016
24 1226
20 1177
11 1328
35 1064
23 1114
11 1410
31 1011
35 1168
13 1085
46 1385
36 1345
22 1402
42 1031
48 1046
29 1174
39 1330
34 1445
17 1001
17 1179
41 1044
22 1291
49 1322
42 1016
27 1147
41 1100
22 1369
31 1383
46 1283
18 1234
18 1412
25 1398
26 1082
25 1347
38 1255
35 1316
23 1080
30 1157
12 1386
41 1041
20 1318
15 1264
27 1028
12 1139
16 1438
45 1132
17 1313
47 1314
20 1363
19 1048
26 1148
41 1225
12 1485
41 1396
30 1396
18 1043
37 1456
11 1470
22 1203
28 1444
17 1122
35 1050
23 1080
15 1452
12 1219
41 1444
48 1283
24 1232
44 1463
40 1369
40 1165
35 1404
36 1222
24 1180
28 1080
16 1169
23 1132
38 1471
46 1342
27 1248
43 1072
12 1352
32 1460
40 1478
37 1068
39 1044
41 1382
28 1395
19 1232
13 1261
26 1422
34 1360
24 1148
15 1309
33 1309
16 1157
40 1432
28 1003
27 1199
23 1064
37 1162
13 1024
12 1364
43 1200
39 1299
11 1401
34 1434
40 1265
44 1128
37 1198
13 1460
47 1049
40 1015
48 1356
42 1117
23 1344
38 1053
16 1233
16 1302
19 1084
46 1499
36 1236
24 1004
14 1352
17 1069
21 1217
23 1480
42 1155
49 1235
41 1379
33 1321
10 1237
34 1398
12 1398
10 1241
28 1110
46 1433
24 1158
35 1359
38 1001
29 1228
43 1093
16 1005
22 1441
21 1497
28 1274
32 1485
26 1082
16 1334
25 1312
11 1014
21 1423
35 1085
41 1131
38 1085
46 1237
27 1122
24 1051
13 1462
35 1136
25 1494
47 1389
12 1365
46 1115
13 1217
12 1472
35 1454
11 1195
47 1191
27 1291
41 1338
20 1409
37 1398
42 1422
43 1480
10 1178
49 1103
20 1398
46 1292
11 1492
43 1177
38 1468
30 1340
11 1210
29 1426
18 1403
30 1195
42 1102
27 1403
10 1399
46 1319
43 1070
13 1348
29 1407
44 1420
39 1026
22 1490
25 1057
46 1017
13 1117
13 1452
41 1456
48 1006
48 1360
46 1041
49 1306
37 1398
35 1232
15 1113
19 1167
49 1048
33 1025
35 1012
44 1474
49 1139
32 1264
32 1295
24 1290
36 1437
15 1142
16 1320
48 1257
18 1481
46 1368
49 1064
31 1174
33 1315
18 1183
48 1421
37 1255
41 1011
42 1257
30 1274
24 1357
36 1103
14 1027
40 1321
44 1499
14 1383
15 1029
37 1265
19 1239
33 1271
34 1250
22 1404
27 1188
20 1216
42 1132
20 1355
28 1210
32 1387
26 1337
22 1453
13 1172
47 1330
11 1144
14 1011
33 1107
20 1447
42 1003
11 1283
39 1283
30 1234
25 1282
16 1304
33 1125
18 1370
29 1421
32 1261
34 1132
46 1115
49 1183
37 1454
33 1123
18 1267
39 1266
36 1179
22 1376
31 1431
30 1220
49 1027
11 1412
15 1073
36 1423
32 1014
21 1182
30 1021
42 1244
25 1058
39 1165
46 1164
49 1383
16 1327
27 1400
45 1411
27 1400
18 1025
20 1414
32 1146
10 1452
12 1231
20 1187
11 1474
35 1124
10 1429
27 1094
10 1226
11 1333
41 1031
39 1041
21 1224
14 1149
12 1167
39 1478
33 1354
44 1280
12 1111
35 1495
17 1437
10 1014
47 1183
43 1370
32 1043
36 1265
28 1110
44 1018
11 1043
22 1152
38 1478
20 1140
32 1367
11 1169
49 1053
39 1030
20 1457
31 1020
44 1051
34 1126
35 1334
10 1405
23 1365
14 1263
35 1293
17 1497
27 1363
43 1333
27 1420
49 1382
26 1121
46 1007
28 1251
20 1160
35 1416
16 1395
11 1440
14 1460
16 1342
37 1007
27 1216
16 1410
37 1212
48 1497
14 1288
46 1014
45 1296
14 1354
26 1384
43 1466
30 1323
13 1495
44 1136
45 1238
11 1447
10 1416
25 1475
21 1349
37 1467
21 1334
33 1053
49 1178
35 1377
20 1243
25 1331
11 1489
29 1120
11 1064
33 1345
10 1149
37 1231
27 1128
43 1478
29 1187
36 1451
45 1069
25 1227
19 1228
27 1226
23 1010
13 1176
48 1283
41 1186
43 1470
12 1010
12 1104
31 1308
21 1164
40 1053
10 1427
45 1095
33 1417
38 1318
48 1262
31 1452
43 1212
18 1173
38 1180
13 1468
42 1298
25 1273
16 1144
15 1028
14 1104
22 1017
11 1299
49 1460
20 1315
49 1067
10 1049
23 1270
11 1302
35 1311
22 1280
23 1426
28 1497
29 1098
17 1176
39 1116
25 1331
13 1159
32 1144
15 1318
45 1086
13 1288
20 1465
46 1204
23 1382
29 1232
35 1042
43 1056
41 1360
40 1044
29 1332
18 1089
27 1295
22 1451
18 1014
25 1099
22 1370
36 1312
17 1118
17 1194
13 1205
34 1405
19 1484
34 1287
17 1173
26 1145
14 1153
44 1112
43 1265
20 1400
34 1153
25 1471
22 1298
37 1251
13 1350
27 1290
22 1149
32 1347
30 1323
20 1441
18 1298
44 1420
36 1106
39 1358
31 1428
17 1395
43 1409
31 1443
10 1404
42 1185
36 1345
45 1268
28 1152
47 1475
48 1031
19 1322
20 1058
37 1480
11 1002
36 1323
43 1305
32 1369
25 1309
37 1013
38 1271
23 1088
10 1010
16 1495
44 1087
32 1259
11 1023
31 1415
48 1268
43 1414
29 1149
20 1106
36 1159
37 1255
11 1121
38 1470
28 1009
19 1150
24 1074
33 1436
39 1311
26 1103
33 1208
39 1253
10 1298
47 1155
42 1071
40 1375
47 1317
11 1455
12 1185
42 1375
12 1144
21 1417
41 1007
44 1308
32 1395
38 1258
29 1218
10 1035
31 1022
10 1373
33 1175
14 1443
28 1493
47 1199
40 1439
25 1271
40 1457
46 1420
17 1302
14 1192
43 1256
49 1327
18 1180
23 1321
44 1143
16 1090
27 1091
44 1091
26 1419
28 1426
45 1377
38 1008
40 1049
34 1461
32 1262
12 1445
49 1014
38 1232
30 1247
45 1422
48 1151
18 1318
34 1314
32 1478
26 1277
49 1250
24 1160
16 1355
39 1189
26 1171
46 1466
31 1443
46 1273
46 1098
18 1070
23 1366
17 1045
28 1256
46 1467
33 1069
42 1447
46 1359
17 1197
43 1461
14 1132
26 1119
49 1082
41 1370
28 1385
32 1102
11 1357
47 1384
34 1493
22 1214
23 1340
12 1218
35 1387
22 1051
11 1335
46 1453
24 1078
33 1254
19 1429
18 1195
44 1225
24 1486
35 1004
45 1434
18 1348
37 1321
30 1129
33 1047
48 1427
31 1279
25 1196
22 1205
24 1376
32 1003
48 1013
14 1227
42 1094
40 1034
33 1326
18 1234
19 1060
39 1424
37 1381
42 1235
23 1458
33 1357
23 1207
38 1065
31 1386
42 1064
29 1402
44 1017
26 1017
12 1125
32 1068
39 1218
41 1480
27 1213
29 1181
34 1329
24 1172
34 1296
12 1330
35 1278
39 1423
39 1300
10 1467
25 1179
24 1496
22 1188
48 1419
43 1276
33 1321
34 1123
38 1153
17 1314
16 1280
12 1260
18 1230
41 1338
46 1331
10 1145
45 1136
26 1402
41 1024
25 1134
20 1118
13 1465
15 1414
31 1174
35 1138
14 1407
31 1205
45 1490
37 1136
31 1126
40 1319
42 1398
34 1480
38 1361
20 1468
23 1284
36 1133
32 1294
26 1443
47 1225
41 1373
48 1019
13 1094
24 1090
15 1116
16 1031
28 1247
46 1039
25 1097
22 1186
48 1289
15 1211
33 1274
19 1035
41 1377
45 1125
35 1344
36 1437
28 1163
19 1466
47 1394
15 1473
35 1360
42 1454
14 1071
40 1403
12 1364
47 1477
11 1457
36 1369
41 1203
31 1077
32 1474
49 1261
44 1243
47 1344
40 1132
27 1317
17 1159
14 1397
49 1020
13 1022
34 1022
40 1416
48 1496
32 1362
36 1212
45 1458
19 1063
13 1339
14 1399
19 1209
45 1066
11 1064
49 1283
44 1365
26 1434
17 1408
13 1205
32 1450
22 1385
12 1399
40 1311
10 1336
41 1409
44 1080
21 1163
16 1396
13 1325
42 1255
21 1493
49 1405
25 1314
47 1446
16 1148
23 1389
17 1133
14 1399
44 1182
35 1446
27 1045
22 1067
32 1273
32 1000
40 1491
39 1286
12 1167
43 1321
35 1215
15 1498
27 1391
16 1472
28 1227
10 1090
13 1218
13 1018
48 1180
19 1148
30 1097
36 1225
12 1376
17 1299
10 1007
46 1339
18 1310
42 1090
19 1003
11 1049
28 1389
47 1009
36 1360
17 1144
31 1032
29 1253
26 1475
26 1106
19 1322
30 1063
32 1311
43 1414
28 1338
49 1099
38 1042
22 1479
33 1185
44 1124
33 1195
24 1127
13 1139
16 1468
47 1452
36 1082
38 1343
10 1212
48 1238
34 1406
31 1273
30 1265
30 1485
43 1375
47 1116
12 1476
46 1135
42 1014
16 1421
16 1270
28 1067
42 1068
35 1025
43 1190
27 1336
35 1404
44 1240
27 1474
23 1273
17 1446
32 1147
37 1271
25 1395
31 1427
16 1024
34 1338
32 1267
19 1127
29 1052
21 1107
43 1485
39 1130
27 1075
44 1197
44 1048
37 1104
30 1261
20 1430
11 1045
47 1383
22 1194
30 1137
21 1424
24 1459
32 1475
47 1057
37 1474
21 1369
49 1040
30 1278
20 1362
43 1149
34 1012
35 1296
39 1162
26 1487
32 1235
47 1178
26 1449
45 1422
48 1420
40 1400
44 1022
29 1024
27 1372
31 1183
40 1067
43 1140
43 1144
49 1318
31 1321
11 1286
21 1110
38 1274
24 1304
10 1084
11 1255
45 1190
15 1228
17 1143
40 1038
19 1273
16 1303
17 1499
22 1037
23 1194
42 1386
28 1204
37 1103
44 1365
48 1219
30 1131
37 1049
26 1160
13 1496
33 1341
47 1345
10 1457
26 1142
39 1395
29 1155
17 1309
16 1498
15 1378
14 1382
42 1260
11 1013
31 1192
10 1264
39 1163
21 1188
40 1016
28 1313
12 1213
18 1262
18 1414
34 1446
45 1477
37 1219
11 1042
19 1005
20 1255
14 1295
12 1316
39 1146
12 1310
11 1478
38 1196
37 1484
31 1007
13 1364
34 1150
48 1193
11 1225
21 1261
36 1478
27 1067
19 1347
37 1324
45 1191
45 1198
13 1365
38 1056
26 1431
27 1199
48 1453
22 1120
32 1298
46 1223
44 1027
28 1469
15 1167
16 1354
13 1060
26 1425
45 1097
12 1141
43 1222
40 1049
45 1211
20 1149
31 1155
47 1228
12 1028
47 1193
20 1202
48 1291
15 1146
43 1404
14 1036
37 1277
23 1269
27 1428
31 1137
29 1123
26 1230
21 1148
20 1122
24 1388
23 1298
11 1428
15 1317
27 1472
23 1105
42 1011
46 1238
22 1455
37 1253
24 1285
18 1444
14 1069
30 1070
14 1410
44 1392
10 1066
10 1246
10 1373
44 1124
45 1456
15 1238
45 1334
34 1364
33 1420
29 1053
39 1348
18 1071
45 1027
33 1376
45 1395
14 1398
26 1298
40 1229
12 1211
30 1382
29 1115
24 1370
34 1170
40 1132
24 1329
31 1144
14 1205
17 1486
28 1306
29 1482
28 1187
18 1074
46 1446
19 1360
16 1188
40 1152
45 1117
49 1269
15 1344
40 1031
11 1138
33 1285
20 1129
17 1293
14 1090
22 1348
25 1376
36 1401
11 1119
44 1386
45 1168
20 1192
25 1322
49 1165
19 1263
25 1354
27 1021
12 1415
32 1283
25 1339
39 1354
14 1146
48 1265
34 1298
21 1404
29 1318
47 1347
47 1185
38 1158
22 1463
47 1306
34 1091
25 1477
35 1323
34 1060
30 1483
37 1464
43 1252
11 1485
48 1014
26 1358
35 1314
28 1432
19 1170
45 1138
49 1208
18 1384
31 1039
37 1221
43 1226
46 1120
28 1202
32 1191
29 1321
15 1159
49 1112
25 1306
33 1453
17 1148
16 1316
34 1270
37 1358
31 1432
38 1432
35 1365
16 1186
23 1423
47 1464
43 1493
44 1453
40 1394
17 1328
41 1274
22 1206
42 1300
32 1427
19 1214
25 1284
25 1152
14 1309
18 1315
10 1074
11 1350
46 1305
42 1324
42 1415
19 1256
12 1327
45 1478
39 1221
21 1032
38 1050
33 1447
44 1175
41 1380
18 1285
23 1310
16 1489
20 1314
47 1205
42 1289
18 1157
36 1158
40 1445
26 1291
43 1463
38 1290
28 1124
18 1123
30 1471
16 1176
46 1226
33 1333
10 1121
20 1435
15 1438
10 1263
22 1390
18 1176
43 1030
31 1167
26 1268
22 1037
46 1446
17 1214
39 1367
21 1120
35 1053
29 1341
14 1045
24 1158
20 1298
48 1271
17 1342
43 1048
43 1281
33 1167
45 1108
19 1446
42 1433
19 1216
28 1095
48 1060
15 1132
16 1266
37 1191
40 1181
11 1175
38 1083
31 1415
24 1369
37 1480
44 1427
43 1054
13 1004
23 1020
12 1414
29 1185
27 1487
26 1294
28 1380
18 1244
26 1200
26 1072
39 1411
31 1493
36 1462
35 1150
46 1415
14 1299
27 1087
16 1059
49 1028
39 1360
20 1345
36 1383
38 1351
31 1028
34 1202
16 1472
14 1427
19 1058
17 1201
35 1193
41 1061
39 1465
24 1379
35 1306
15 1483
10 1283
28 1439
43 1469
23 1018
27 1133
29 1303
41 1245
26 1157
32 1071
33 1153
43 1478
29 1191
11 1270
20 1179
42 1151
49 1111
34 1323
20 1401
21 1337
25 1473
42 1447
45 1085
31 1256
10 1458
34 1304
33 1325
46 1330
18 1018
37 1160
47 1432
42 1436
43 1459
44 1426
32 1189
48 1440
16 1276
47 1426
33 1415
29 1219
26 1090
23 1002
40 1327
30 1136
49 1150
43 1261
26 1416
49 1006
44 1389
28 1125
17 1332
23 1358
35 1133
45 1142
13 1289
35 1483
29 1381
22 1456
12 1331
43 1159
33 1304
24 1289
47 1249
37 1478
23 1063
42 1171
25 1229
48 1090
28 1202
36 1004
40 1074
44 1081
29 1254
39 1476
12 1165
14 1431
43 1251
44 1338
18 1157
33 1447
23 1333
29 1096
43 1276
10 1209
41 1122
49 1445
39 1445
13 1043
30 1231
23 1193
26 1104
49 1322
11 1351
28 1161
10 1268
34 1265
31 1291
24 1466
30 1272
35 1086
49 1221
28 1316
43 1013
13 1181
41 1161
14 1032
34 1362
49 1009
21 1247
21 1175
36 1324
14 1264
45 1455
24 1064
21 1427
45 1483
37 1221
33 1406
34 1311
12 1336
26 1341
12 1065
32 1303
49 1055
26 1052
13 1211
26 1136
26 1255
49 1103
48 1173
19 1421
38 1007
28 1375
44 1423
17 1134
11 1394
16 1392
31 1311
16 1315
39 1384
40 1305
21 1170
33 1135
22 1475
13 1178
46 1368
10 1453
46 1494
14 1175
37 1234
33 1342
30 1377
14 1259
24 1387
48 1440
49 1425
16 1468
12 1410
31 1369
31 1033
26 1093
15 1431
45 1230
26 1086
35 1110
36 1122
10 1499
44 1104
41 1216
35 1028
25 1238
21 1135
17 1221
11 1494
25 1448
28 1422
17 1314
38 1452
21 1203
11 1421
45 1163
21 1492
42 1033
11 1472
23 1384
15 1276
25 1342
48 1096
23 1032
15 1061
17 1218
30 1172
34 1345
39 1117
39 1116
16 1268
13 1383
11 1111
18 1175
33 1230
28 1376
45 1198
16 1044
43 1148
28 1407
23 1065
15 1259
20 1232
11 1215
19 1233
25 1455
29 1153
23 1233
31 1344
21 1059
11 1290
42 1351
15 1301
32 1419
44 1369
42 1116
18 1272
39 1321
20 1109
12 1148
36 1432
19 1265
28 1483
17 1029
46 1047
34 1163
18 1361
30 1395
42 1338
23 1372
14 1125
27 1414
47 1103
27 1242
10 1046
11 1139
35 1254
44 1085
41 1461
35 1268
28 1314
19 1496
37 1186
37 1231
35 1077
36 1334
46 1315
41 1289
48 1426
18 1064
13 1031
18 1203
33 1314
31 1338
32 1458
43 1498
26 1179
36 1325
13 1206
11 1394
17 1440
18 1374
24 1211
37 1493
36 1307
42 1372
48 1394
30 1408
22 1482
20 1498
16 1056
49 1465
49 1238
21 1405
32 1405
49 1017
24 1263
17 1166
42 1108
37 1164
43 1138
43 1400
39 1252
12 1291
19 1194
31 1084
39 1177
46 1292
28 1278
16 1426
29 1357
37 1021
42 1284
38 1284
12 1102
39 1190
29 1133
43 1301
26 1000
13 1088
22 1262
13 1271
34 1483
43 1336
22 1388
12 1232
22 1083
34 1026
23 1147
18 1413
33 1365
30 1125
26 1386
23 1064
18 1157
13 1467
35 1336
41 1135
49 1203
15 1008
49 1067
30 1401
36 1151
43 1312
16 1398
48 1247
25 1199
35 1034
33 1236
40 1478
36 1410
49 1408
14 1318
34 1385
48 1036
23 1368
40 1077
12 1041
12 1482
12 1148
14 1240
46 1088
15 1333
17 1251
35 1496
24 1497
19 1225
49 1417
28 1198
14 1033
29 1017
26 1430
38 1178
18 1370
40 1482
27 1373
31 1192
20 1258
28 1061
28 1445
41 1071
49 1281
43 1146
40 1119
23 1481
44 1413
39 1053
44 1014
46 1374
43 1435
44 1015
12 1332
16 1347
38 1460
48 1349
30 1045
39 1004
43 1251
41 1372
26 1259
10 1217
39 1155
44 1257
15 1310
11 1447
20 1399
43 1018
48 1420
36 1355
47 1017
18 1301
41 1001
19 1052
19 1062
41 1474
39 1298
44 1224
16 1324
10 1080
37 1004
26 1311
44 1344
26 1428
41 1071
38 1448
47 1259
11 1356
32 1002
38 1217
32 1455
32 1048
34 1251
48 1331
18 1481
14 1092
29 1017
49 1024
37 1290
16 1147
39 1214
37 1280
39 1276
14 1446
34 1493
34 1127
34 1076
35 1468
35 1409
48 1211
12 1356
35 1466
40 1275
36 1431
22 1411
10 1447
25 1303
12 1202
11 1326
42 1269
49 1023
47 1483
37 1048
47 1228
27 1042
49 1247
31 1328
27 1422
11 1280
17 1036
15 1212
30 1209
17 1358
30 1498
44 1382
13 1065
24 1461
24 1299
27 1161
17 1143
34 1302
37 1049
24 1058
36 1042
39 1180
37 1256
32 1266
16 1496
38 1316
48 1240
40 1064
49 1159
25 1228
17 1203
18 1276
18 1155
33 1178
44 1279
26 1081
36 1477
48 1367
33 1164
17 1307
22 1374
48 1390
29 1396
30 1283
47 1442
47 1270
14 1169
15 1389
36 1363
30 1235
38 1372
38 1058
48 1222
23 1475
38 1467
35 1498
24 1039
31 1128
39 1013
24 1255
39 1083
17 1429
24 1320
32 1159
17 1226
11 1035
10 1461
28 1456
36 1435
31 1024
48 1024
27 1167
17 1190
19 1189
30 1059
12 1473
39 1032
13 1042
24 1047
11 1451
47 1499
23 1025
10 1039
21 1361
21 1117
26 1318
17 1423
16 1049
39 1129
35 1338
45 1223
30 1166
13 1473
11 1122
40 1493
44 1138
27 1005
19 1373
35 1304
45 1141
22 1243
16 1030
15 1307
17 1285
40 1467
25 1283
28 1164
42 1214
27 1399
49 1080
42 1245
10 1169
39 1228
11 1029
42 1415
14 1201
24 1443
33 1133
14 1436
48 1451
46 1492
47 1173
45 1058
37 1432
15 1123
35 1252
43 1101
13 1045
49 1406
38 1100
21 1193
31 1331
31 1325
29 1098
13 1272
37 1158
37 1270
38 1160
45 1057
33 1290
31 1076
41 1049
37 1227
10 1222
40 1269
47 1412
24 1435
43 1434
47 1064
27 1266
43 1278
18 1450
35 1109
41 1324
23 1178
15 1440
48 1256
26 1266
11 1242
17 1353
30 1147
48 1284
23 1200
20 1053
15 1189
10 1423
26 1489
14 1418
12 1241
27 1159
46 1226
27 1458
29 1152
44 1230
21 1422
16 1137
13 1237
26 1249
36 1102
26 1328
29 1006
12 1246
36 1324
22 1150
37 1064
15 1387
26 1174
26 1483
24 1048
25 1168
26 1393
10 1062
36 1164
20 1465
13 1320
12 1124
25 1291
49 1449
14 1043
37 1265
39 1010
31 1116
11 1136
45 1418
19 1366
45 1277
13 1060
33 1074
43 1034
26 1034
31 1485
22 1491
10 1440
23 1487
29 1002
15 1329
38 1287
37 1231
49 1194
38 1340
20 1039
13 1206
32 1342
33 1433
47 1494
42 1318
16 1207
34 1327
19 1252
28 1202
17 1343
39 1212
15 1215
48 1472
22 1371
44 1466
47 1405
32 1357
14 1442
17 1449
27 1329
40 1370
46 1301
29 1464
41 1420
30 1461
10 1206
48 1357
35 1297
28 1398
34 1112
25 1134
25 1242
20 1209
11 1195
24 1141
12 1051
36 1326
24 1119
15 1465
42 1373
29 1032
46 1105
41 1382
35 1240
19 1143
12 1007
25 1463
39 1198
35 1267
46 1344
26 1403
49 1302
21 1183
42 1487
46 1419
43 1277
18 1418
43 1390
25 1137
20 1324
29 1316
17 1447
18 1233
44 1372
14 1205
42 1291
30 1153
27 1106
29 1214
19 1022
28 1454
33 1498
16 1324
43 1146
26 1044
15 1447
39 1273
21 1363
49 1409
33 1077
29 1049
40 1496
40 1307
18 1149
25 1447
46 1458
29 1449
41 1176
46 1461
19 1277
15 1100
22 1395
16 1395
21 1337
24 1124
14 1227
26 1257
24 1265
25 1102
21 1407
29 1424
17 1248
30 1036
42 1150
19 1194
11 1021
25 1331
43 1082
27 1401
35 1333
49 1170
15 1259
33 1405
23 1254
15 1089
24 1289
44 1421
10 1395
24 1369
10 1369
43 1320
15 1253
40 1217
49 1440
27 1025
25 1193
41 1448
13 1382
38 1376
30 1166
44 1130
23 1342
45 1277
36 1305
22 1212
21 1339
47 1001
48 1024
38 1043
29 1044
17 1321
12 1040
17 1357
37 1050
31 1232
32 1450
31 1476
41 1100
47 1467
31 1390
44 1090
34 1397
40 1330
45 1044
23 1056
29 1319
37 1011
27 1024
13 1359
35 1377
27 1448
10 1031
46 1257
21 1437
37 1156
11 1397
19 1356
24 1400
26 1215
49 1470
16 1463
14 1053
17 1468
23 1413
31 1237
15 1496
44 1015
47 1325
42 1086
35 1104
21 1246
17 1191
13 1138
12 1043
46 1076
40 1471
21 1098
34 1208
26 1343
31 1167
48 1494
36 1278
15 1410
49 1109
34 1462
35 1140
35 1477
33 1400
45 1020
46 1236
15 1335
19 1019
37 1027
25 1337
27 1381
15 1335
30 1443
24 1203
42 1398
28 1013
11 1138
15 1050
35 1075
19 1146
45 1027
33 1133
11 1114
22 1128
36 1366
42 1463
47 1259
32 1301
34 1438
14 1220
35 1127
14 1358
47 1053
38 1017
13 1266
48 1164
38 1365
40 1055
31 1100
26 1063
22 1308
33 1261
42 1060
29 1157
19 1328
33 1411
46 1416
31 1379
42 1421
28 1091
29 1423
25 1318
21 1486
32 1134
48 1351
46 1474
16 1398
39 1296
46 1093
28 1092
49 1407
42 1366
10 1357
11 1481
25 1210
40 1153
43 1437
16 1228
25 1274
44 1170
41 1427
32 1410
24 1224
24 1188
17 1179
17 1294
20 1409
20 1032
47 1309
12 1452
20 1233
38 1261
17 1493
24 1324
38 1375
28 1358
46 1449
35 1342
24 1015
26 1290
14 1251
37 1067
14 1277
40 1213
44 1432
39 1006
18 1308
37 1316
49 1395
24 1351
10 1121
40 1208
31 1253
29 1227
49 1228
31 1455
27 1276
26 1173
25 1094
37 1466
33 1010
29 1379
45 1096
41 1369
23 1064
10 1087
31 1040
42 1321
13 1462
19 1325
38 1281
19 1066
28 1127
44 1219
17 1196
16 1215
46 1228
21 1072
22 1405
19 1311
45 1244
22 1340
43 1196
29 1273
36 1180
18 1163
37 1428
33 1477
21 1429
10 1282
29 1102
10 1121
11 1247
45 1214
36 1276
43 1201
13 1306
17 1435
40 1271
11 1426
26 1275
16 1104
23 1220
34 1467
13 1163
38 1480
12 1393
22 1145
25 1357
40 1132
12 1494
28 1487
24 1210
29 1355
31 1318
13 1051
40 1121
49 1330
29 1233
32 1160
41 1324
21 1115
24 1141
13 1332
19 1232
14 1087
22 1184
49 1407
17 1056
33 1227
17 1050
16 1282
42 1048
32 1182
26 1063
36 1216
19 1166
28 1497
22 1404
45 1155
22 1336
27 1053
21 1140
27 1009
46 1281
10 1161
33 1367
41 1107
11 1370
43 1404
30 1224
42 1006
28 1315
13 1213
41 1324
44 1400
27 1182
24 1315
28 1310
12 1409
33 1310
48 1252
24 1148
42 1001
36 1377
17 1076
39 1051
39 1095
19 1057
14 1214
24 1496
16 1357
38 1455
45 1185
38 1104
17 1218
42 1299
46 1261
16 1369
45 1367
29 1421
44 1050
46 1450
40 1141
14 1262
21 1370
28 1284
34 1161
16 1283
28 1395
44 1169
44 1380
49 1132
11 1261
29 1475
14 1082
16 1098
37 1233
46 1279
32 1485
22 1470
17 1474
15 1155
49 1496
16 1327
32 1295
22 1288
28 1250
11 1406
48 1122
49 1376
26 1052
23 1154
32 1275
14 1070
32 1103
35 1133
24 1446
27 1110
32 1147
15 1110
44 1157
32 1217
12 1355
18 1484
49 1027
24 1451
29 1154
14 1272
14 1426
20 1205
46 1400
43 1228
45 1223
26 1451
49 1370
49 1093
40 1095
22 1244
16 1128
18 1263
32 1467
26 1395
49 1266
25 1135
49 1201
14 1265
38 1008
32 1367
35 1056
46 1226
28 1359
27 1268
22 1416
29 1470
19 1265
43 1361
36 1352
31 1021
33 1289
48 1020
45 1427
29 1192
35 1282
48 1330
30 1439
45 1173
25 1269
38 1209
19 1334
40 1306
47 1043
26 1033
41 1074
41 1367
47 1243
49 1413
14 1406
12 1202
44 1257
39 1095
33 1489
24 1276
46 1172
23 1261
37 1326
36 1451
10 1426
41 1174
10 1453
13 1158
36 1203
48 1005
37 1370
19 1018
18 1035
48 1152
27 1364
29 1245
11 1224
30 1147
11 1408
18 1139
13 1428
11 1128
35 1407
31 1049
12 1001
46 1033
23 1314
10 1107
41 1150
14 1161
30 1049
37 1424
42 1145
19 1398
30 1304
28 1293
17 1191
35 1060
36 1271
29 1467
33 1012
18 1021
21 1050
15 1035
44 1253
24 1408
31 1324
22 1317
49 1379
47 1038
42 1366
14 1428
24 1287
33 1200
15 1081
43 1257
22 1180
30 1454
28 1021
34 1175
46 1304
49 1437
32 1396
43 1128
23 1210
16 1377
38 1253
19 1452
30 1112
15 1178
31 1136
45 1050
11 1408
31 1034
38 1244
34 1395
21 1279
18 1472
27 1490
15 1123
24 1314
17 1230
21 1202
13 1401
15 1459
35 1459
25 1062
40 1371
27 1228
39 1201
43 1248
24 1082
41 1153
48 1329
40 1335
42 1233
47 1349
27 1495
26 1022
41 1378
17 1423
21 1482
21 1483
34 1475
26 1168
13 1170
11 1037
25 1072
14 1405
32 1205
35 1080
27 1021
33 1208
23 1396
30 1086
10 1221
37 1477
15 1449
12 1354
17 1124
49 1311
24 1367
49 1280
25 1339
29 1427
48 1476
47 1335
45 1266
15 1373
34 1269
47 1204
20 1279
27 1296
18 1027
23 1020
17 1051
13 1181
14 1354
39 1079
29 1496
20 1417
38 1242
31 1422
13 1013
20 1254
17 1341
24 1036
48 1033
14 1056
21 1069
11 1406
48 1041
30 1113
14 1082
48 1120
14 1193
28 1396
31 1492
42 1464
39 1282
47 1018
17 1083
18 1228
47 1084
28 1006
26 1293
27 1021
38 1475
16 1168
49 1377
13 1175
48 1191
18 1381
23 1228
28 1331
49 1156
19 1260
22 1279
13 1170
18 1212
46 1364
12 1484
19 1343
44 1226
15 1354
18 1255
49 1438
11 1466
28 1169
11 1484
27 1012
36 1189
30 1403
32 1181
16 1286
45 1128
20 1144
40 1237
29 1114
42 1206
31 1411
36 1407
24 1485
38 1288
32 1276
39 1338
40 1427
25 1003
15 1420
42 1145
25 1307
13 1251
11 1333
39 1141
29 1424
30 1020
11 1301
10 1109
47 1316
45 1363
18 1095
30 1248
14 1002
35 1304
32 1059
22 1378
39 1323
36 1080
21 1484
34 1118
12 1000
45 1291
47 1257
40 1166
41 1228
29 1297
29 1181
38 1067
30 1214
19 1143
24 1129
15 1264
33 1320
27 1446
10 1345
14 1402
43 1079
20 1227
21 1490
42 1010
12 1147
32 1325
15 1280
25 1190
48 1199
49 1450
47 1495
18 1337
45 1064
32 1156
37 1297
37 1489
36 1123
19 1386
36 1278
39 1108
30 1174
44 1309
14 1475
33 1291
13 1048
21 1303
16 1008
11 1102
16 1049
43 1142
30 1146
29 1067
16 1452
37 1116
33 1332
10 1056
23 1015
31 1307
45 1477
26 1452
36 1265
25 1008
18 1141
40 1370
15 1180
18 1151
47 1243
37 1479
39 1245
43 1176
36 1123
20 1055
12 1395
30 1434
29 1204
12 1140
46 1465
47 1283
23 1407
42 1410
16 1318
16 1040
22 1410
28 1013
13 1192
33 1048
10 1124
26 1422
21 1057
39 1049
39 1409
46 1322
31 1301
32 1234
35 1411
43 1177
49 1405
10 1392
39 1469
39 1132
19 1018
14 1265
35 1321
43 1310
24 1276
43 1157
48 1169
45 1234
48 1282
34 1225
21 1231
21 1398
14 1050
13 1117
25 1421
19 1255
35 1394
21 1437
13 1008
33 1155
42 1291
16 1359
20 1190
48 1232
35 1068
41 1227
25 1166
19 1194
38 1247
42 1236
12 1077
34 1202
29 1220
15 1466
38 1171
15 1330
48 1350
27 1462
24 1235
12 1168
14 1260
12 1185
39 1361
31 1389
48 1452
15 1297
18 1027
49 1016
11 1379
20 1344
34 1478
27 1091
33 1071
43 1158
33 1266
26 1297
24 1246
38 1322
33 1221
10 1375
20 1050
48 1321
30 1194
17 1448
38 1231
10 1108
32 1085
13 1222
12 1431
22 1441
32 1119
45 1348
43 1274
26 1030
13 1443
24 1385
17 1165
39 1043
15 1175
18 1335
12 1292
40 1439
15 1493
24 1414
15 1313
20 1008
34 1346
48 1122
23 1210
49 1254
28 1168
19 1457
35 1469
17 1220
33 1163
16 1058
20 1147
31 1279
18 1162
23 1297
29 1126
11 1145
27 1243
31 1300
31 1082
33 1230
46 1015
20 1481
48 1358
39 1378
19 1485
38 1216
15 1338
11 1459
25 1105
41 1039
33 1147
35 1395
45 1144
44 1189
12 1212
11 1300
21 1415
49 1262
31 1085
49 1229
49 1268
40 1466
23 1184
49 1401
21 1450
40 1335
29 1353
15 1356
45 1259
37 1394
41 1368
29 1210
36 1161
19 1181
24 1318
33 1349
41 1404
21 1450
32 1063
30 1005
24 1488
36 1481
26 1163
20 1429
21 1480
27 1106
45 1011
12 1358
15 1128
43 1369
41 1090
43 1275
14 1085
44 1331
18 1337
21 1193
34 1398
26 1301
36 1447
15 1060
15 1086
38 1161
27 1346
23 1036
32 1044
39 1400
20 1386
21 1034
46 1133
49 1119
11 1043
41 1053
34 1051
42 1287
11 1006
42 1238
33 1040
16 1037
31 1232
26 1290
47 1202
32 1365
19 1349
15 1096
48 1106
35 1246
40 1461
12 1402
34 1281
31 1128
45 1006
42 1237
11 1329
47 1104
17 1384
48 1402
41 1487
28 1212
39 1492
42 1289
29 1423
23 1441
14 1416
29 1308
30 1168
38 1497
29 1247
29 1148
29 1245
32 1300
20 1352
30 1415
20 1406
28 1317
16 1006
40 1074
30 1230
20 1412
38 1432
24 1138
48 1114
20 1274
41 1022
36 1265
30 1170
14 1089
28 1148
12 1217
46 1277
20 1202
42 1109
30 1239
35 1339
14 1315
13 1186
30 1178
23 1133
30 1257
29 1413
36 1431
49 1038
46 1234
15 1001
23 1133
16 1418
36 1243
10 1247
14 1358
42 1306
12 1311
28 1036
30 1268
41 1190
42 1004
16 1106
42 1279
16 1176
10 1250
31 1003
34 1241
38 1136
32 1023
29 1337
29 1293
44 1403
28 1116
39 1162
34 1427
35 1485
38 1457
25 1251
33 1300
28 1060
44 1307
41 1319
33 1202
25 1040
31 1382
41 1138
16 1055
31 1489
29 1024
18 1217
48 1245
35 1239
15 1060
19 1466
12 1229
37 1369
37 1166
35 1087
31 1315
30 1401
19 1049
13 1406
11 1362
16 1186
20 1217
15 1446
19 1336
26 1322
20 1387
17 1090
24 1014
21 1417
14 1261
33 1042
40 1191
40 1284
45 1426
25 1459
40 1247
18 1140
32 1120
24 1196
44 1354
26 1099
26 1366
10 1460
45 1442
38 1190
35 1406
33 1110
14 1142
29 1364
25 1046
12 1015
27 1019
25 1433
16 1211
28 1151
18 1282
33 1480
32 1419
27 1355
33 1149
39 1292
40 1014
41 1269
12 1468
47 1399
37 1077
17 1242
24 1370
37 1080
37 1342
24 1092
37 1339
13 1157
38 1021
44 1351
22 1242
48 1435
18 1251
44 1227
12 1132
11 1348
25 1394
19 1164
29 1137
13 1218
18 1004
39 1165
41 1062
41 1302
44 1013
44 1376
33 1325
49 1038
29 1034
46 1206
47 1479
49 1088
43 1439
22 1213
41 1155
39 1290
29 1038
21 1192
42 1187
23 1430
25 1477
12 1393
37 1306
43 1059
40 1271
48 1124
34 1297
25 1179
32 1136
16 1491
11 1060
45 1110
25 1328
37 1435
34 1321
24 1247
45 1351
17 1354
17 1483
21 1341
16 1295
15 1166
26 1083
35 1092
43 1087
19 1075
42 1098
17 1420
48 1235
12 1387
12 1129
10 1238
29 1151
33 1171
15 1002
13 1461
21 1400
49 1067
17 1220
47 1312
38 1258
29 1234
35 1282
41 1325
39 1299
36 1281
12 1201
18 1180
21 1191
48 1044
48 1433
33 1199
11 1332
47 1287
15 1240
17 1079
33 1242
14 1093
37 1040
18 1064
19 1192
49 1354
12 1386
14 1403
24 1162
27 1058
23 1414
43 1316
20 1167
28 1346
24 1422
10 1296
42 1071
28 1036
41 1363
41 1086
10 1403
10 1245
23 1083
26 1050
21 1061
15 1045
13 1226
16 1412
27 1227
16 1275
14 1473
28 1301
48 1233
42 1437
44 1055
22 1381
37 1029
42 1435
22 1110
22 1098
11 1345
24 1346
27 1320
30 1017
11 1378
16 1143
49 1172
39 1443
34 1229
24 1008
45 1382
13 1184
13 1475
48 1000
41 1076
15 1251
44 1332
27 1466
15 1194
38 1151
45 1203
38 1280
17 1467
13 1079
42 1220
39 1468
26 1271
40 1273
13 1211
37 1243
23 1057
31 1349
18 1394
23 1375
27 1177
32 1471
33 1337
33 1078
11 1090
41 1429
32 1467
25 1175
26 1213
30 1329
39 1323
41 1219
14 1099
48 1073
21 1101
43 1010
16 1169
31 1108
11 1157
35 1476
42 1106
19 1229
43 1169
28 1490
17 1433
34 1338
29 1259
23 1326
14 1294
46 1067
26 1290
26 1342
20 1080
19 1329
32 1476
19 1430
23 1193
31 1173
47 1095
25 1440
25 1432
31 1043
22 1386
37 1423
21 1429
44 1488
23 1390
29 1230
24 1030
39 1399
26 1238
30 1074
37 1008
41 1485
38 1457
32 1335
43 1306
24 1161
41 1308
40 1200
28 1321
26 1334
44 1174
40 1355
38 1430
17 1344
46 1374
27 1488
24 1003
31 1161
39 1228
47 1041
27 1162
33 1381
49 1420
23 1241
22 1444
19 1035
24 1472
41 1019
30 1034
30 1396
33 1224
44 1378
22 1400
22 1396
17 1226
21 1149
39 1412
21 1195
39 1408
48 1027
31 1264
23 1466
19 1043
28 1084
15 1297
13 1146
12 1268
44 1397
45 1402
29 1355
40 1438
46 1213
35 1335
41 1061
15 1180
21 1367
16 1152
47 1285
11 1215
41 1286
14 1344
42 1490
15 1455
33 1077
31 1257
30 1316
32 1208
42 1102
35 1495
31 1118
12 1274
24 1105
26 1367
30 1432
25 1483
38 1316
10 1478
36 1310
14 1053
33 1474
39 1233
45 1358
24 1238
45 1167
34 1055
42 1262
46 1059
14 1189
28 1173
40 1497
45 1032
13 1394
29 1354
18 1002
13 1296
20 1266
11 1453
18 1306
29 1495
32 1294
17 1465
27 1061
16 1398
45 1363
30 1135
28 1300
10 1488
38 1365
28 1076
43 1123
48 1200
37 1261
10 1321
22 1096
29 1367
27 1346
16 1499
26 1295
36 1276
40 1155
28 1187
37 1007
38 1243
20 1159
29 1399
12 1312
19 1164
11 1265
48 1415
21 1108
12 1053
13 1367
30 1262
26 1062
13 1108
18 1158
42 1392
46 1245
22 1143
47 1162
44 1014
13 1173
33 1149
25 1156
13 1027
48 1050
45 1025
41 1025
43 1366
42 1287
23 1038
33 1345
40 1114
13 1473
48 1164
17 1140
48 1047
41 1150
10 1097
44 1362
17 1327
21 1357
26 1027
24 1154
38 1222
25 1148
32 1279
31 1208
17 1087
48 1180
26 1469
32 1308
31 1292
18 1009
42 1450
19 1412
19 1392
31 1485
37 1207
17 1243
46 1024
25 1455
33 1222
21 1388
21 1239
17 1215
11 1245
41 1418
17 1453
26 1043
12 1467
37 1417
44 1011
41 1063
24 1396
36 1030
26 1083
44 1453
30 1400
45 1402
25 1380
14 1204
21 1045
46 1474
12 1187
42 1040
30 1219
16 1389
26 1244
41 1226
23 1364
45 1276
46 1077
49 1316
34 1207
27 1194
30 1256
25 1079
18 1160
11 1194
24 1035
41 1022
41 1216
33 1432
34 1264
45 1448
45 1264
43 1242
37 1001
47 1161
16 1349
16 1331
46 1197
41 1023
38 1422
37 1248
17 1300
39 1474
49 1173
35 1320
18 1488
48 1255
41 1267
44 1486
47 1463
15 1325
15 1270
43 1060
29 1159
10 1086
10 1294
47 1489
38 1385
19 1273
21 1189
40 1173
12 1211
29 1304
16 1039
33 1208
42 1337
26 1173
13 1034
31 1338
24 1364
30 1230
27 1423
30 1457
49 1250
12 1216
14 1017
40 1003
49 1175
46 1393
14 1258
31 1168
28 1444
20 1248
19 1457
14 1304
37 1128
19 1365
33 1004
24 1412
46 1071
30 1483
31 1167
21 1105
40 1269
46 1317
20 1216
26 1181
18 1340
34 1048
19 1040
19 1491
24 1324
11 1495
33 1222
13 1425
21 1418
22 1152
32 1185
24 1360
17 1174
16 1218
12 1100
41 1238
39 1054
31 1446
10 1449
45 1109
42 1021
18 1079
41 1061
30 1253
47 1497
15 1138
39 1316
15 1029
34 1022
49 1216
47 1398
34 1129
43 1300
26 1103
15 1314
24 1464
47 1449
49 1273
29 1168
22 1228
42 1047
45 1166
38 1195
10 1462
21 1157
40 1186
47 1401
28 1288
33 1427
36 1472
19 1122
21 1459
47 1400
14 1083
20 1383
32 1069
42 1067
38 1034
41 1283
26 1364
24 1490
42 1495
14 1405
30 1144
38 1270
41 1410
34 1249
40 1466
10 1375
21 1471
49 1330
30 1481
41 1203
38 1009
47 1072
25 1434
49 1382
45 1221
42 1062
46 1082
25 1056
30 1466
11 1368
32 1463
29 1423
22 1232
13 1160
37 1195
43 1149
40 1478
20 1196
13 1144
41 1367
24 1298
17 1042
17 1470
39 1132
28 1280
16 1183
21 1243
48 1485
23 1427
41 1256
45 1128
33 1028
29 1041
39 1219
47 1155
16 1013
16 1433
16 1096
45 1458
13 1034
37 1330
41 1103
46 1155
29 1147
42 1260
47 1285
17 1444
22 1328
14 1107
35 1037
13 1375
32 1040
12 1147
12 1078
11 1143
10 1188
27 1198
22 1356
25 1135
46 1125
17 1321
37 1356
17 1078
42 1143
49 1398
41 1017
41 1313
10 1255
10 1271
23 1113
28 1035
28 1382
36 1149
37 1474
39 1448
24 1274
29 1445
12 1152
42 1011
45 1499
41 1178
36 1451
44 1034
49 1481
36 1038
38 1071
29 1011
27 1198
29 1289
29 1479
35 1115
12 1390
31 1250
35 1215
39 1038
49 1063
17 1194
25 1215
15 1374
17 1060
17 1463
14 1180
23 1313
15 1295
26 1430
19 1299
16 1232
44 1272
25 1363
17 1295
31 1322
22 1028
29 1389
44 1480
22 1192
23 1296
37 1008
46 1115
22 1369
37 1298
16 1176
19 1054
21 1285
25 1159
39 1188
28 1403
45 1096
24 1438
36 1308
19 1059
46 1188
47 1460
23 1280
15 1347
35 1328
46 1462
46 1288
41 1247
35 1114
28 1485
39 1214
31 1175
22 1442
36 1313
24 1484
27 1239
21 1258
26 1450
17 1188
37 1444
32 1170
19 1042
47 1204
17 1280
36 1360
21 1172
41 1365
21 1028
34 1319
17 1346
36 1021
28 1498
33 1464
39 1311
10 1353
34 1394
33 1223
33 1279
46 1162
11 1116
24 1313
35 1223
46 1436
25 1331
10 1221
10 1449
27 1247
42 1107
17 1292
35 1155
32 1498
42 1003
16 1400
16 1277
26 1406
42 1498
20 1126
39 1321
22 1340
47 1204
30 1173
48 1463
46 1313
37 1306
35 1171
40 1232
36 1075
11 1381
45 1481
26 1351
20 1384
12 1144
29 1403
16 1024
27 1357
28 1121
30 1311
25 1495
26 1310
23 1109
40 1459
42 1413
31 1226
10 1372
33 1145
11 1291
46 1063
14 1466
14 1312
15 1094
47 1108
13 1457
16 1323
30 1406
41 1330
19 1337
43 1126
32 1461
21 1231
18 1165
22 1195
18 1422
29 1367
31 1167
14 1356
39 1385
13 1054
26 1400
14 1050
36 1291
20 1432
42 1380
16 1379
22 1197
29 1233
16 1324
15 1268
27 1406
14 1109
41 1461
42 1121
28 1357
21 1452
15 1403
34 1268
33 1411
35 1388
45 1320
22 1366
16 1454
11 1447
25 1207
48 1499
28 1265
17 1142
36 1038
12 1495
42 1054
46 1070
12 1232
48 1422
21 1287
37 1448
17 1250
34 1401
30 1011
44 1000
14 1241
21 1274
21 1244
19 1097
31 1120
30 1443
12 1159
28 1000
23 1492
47 1311
14 1338
21 1257
44 1359
27 1473
20 1151
13 1326
35 1403
35 1078
22 1284
46 1233
38 1110
16 1196
38 1316
31 1344
32 1217
24 1055
12 1455
17 1342
16 1382
12 1373
12 1309
45 1330
33 1290
17 1186
40 1246
24 1246
20 1408
48 1467
24 1399