4500 3000
21 1178
43 1212
43 1133
23 1231
28 1320
25 1470
36 1252
26 1407
10 1075
15 1379
39 1100
21 1086
33 1371
46 1181
36 1260
10 1238
44 1141
27 1443
48 1298
45 1150
41 1013
35 1076
22 1270
12 1077
29 1211
21 1068
30 1165
49 1226
42 1256
38 1126
24 1431
30 1400
36 1189
10 1126
36 1191
47 1391
15 1283
39 1421
17 1340
16 1260
13 1389
48 1069
43 1087
18 1257
23 1351
24 1118
33 1335
49 1417
35 1259
24 1007
39 1139
10 1054
11 1268
47 1290
27 1288
17 1345
42 1094
25 1213
11 1198
27 1029
31 1420
29 1247
36 1284
37 1034
29 1475
39 1102
46 1474
29 1033
38 1249
28 1002
19 1152
24 1170
14 1039
49 1354
47 1055
15 1168
39 1470
29 1088
21 1064
38 1091
48 1229
24 1268
33 1289
41 1073
37 1359
15 1353
42 1341
23 1482
42 1319
22 1023
47 1374
29 1030
34 1479
44 1364
38 1265
25 1221
13 1213
42 1167
43 1366
25 1493
22 1265
37 1072
25 1024
21 1242
23 1232
46 1052
40 1335
25 1184
23 1280
33 1027
41 1477
26 1141
19 1283
44 1180
38 1061
21 1377
46 1132
15 1006
11 1382
41 1123
48 1397
43 1263
18 1008
38 1459
25 1442
38 1148
16 1450
37 1466
33 1235
36 1174
26 1169
10 1079
31 1298
17 1057
48 1037
22 1179
25 1207
47 1319
25 1031
46 1347
28 1040
38 1383
19 1395
11 1076
20 1348
44 1043
23 1232
25 1201
41 1083
40 1354
11 1255
11 1138
19 1441
25 1007
24 1256
28 1280
34 1043
26 1095
48 1420
10 1491
43 1301
22 1180
44 1386
43 1165
39 1419
42 1128
17 1060
47 1489
45 1157
18 1219
49 1233
20 1297
10 1094
39 1153
42 1465
30 1386
14 1093
31 1479
13 1254
11 1429
40 1432
48 1144
20 1391
41 1257
22 1350
44 1119
30 1304
47 1434
14 1203
32 1371
11 1429
31 1232
25 1426
15 1365
47 1350
25 1002
36 1148
37 1073
35 1020
31 1420
20 1488
23 1300
24 1159
35 1176
14 1170
23 1494
24 1248
19 1000
39 1292
18 1399
11 1300
24 1224
12 1142
41 1359
24 1373
20 1156
33 1221
35 1395
13 1288
38 1212
20 1375
43 1026
37 1093
37 1167
46 1254
40 1366
34 1188
44 1190
45 1423
43 1115
37 1029
22 1472
28 1231
27 1223
25 1196
36 1013
46 1198
30 1044
43 1227
13 1043
28 1288
10 1483
17 1187
12 1215
23 1045
24 1083
41 1324
43 1291
42 1006
17 1447
42 1315
24 1366
45 1009
17 1477
19 1399
13 1108
48 1362
33 1331
43 1025
27 1052
35 1445
44 1425
46 1088
30 1313
37 1313
43 1471
25 1355
21 1401
20 1217
16 1182
32 1259
17 1461
31 1119
36 1061
35 1455
38 1204
45 1476
14 1313
25 1370
39 1171
42 1022
22 1163
23 1452
46 1234
29 1463
23 1207
39 1011
39 1427
27 1428
39 1321
32 1047
26 1064
27 1028
37 1081
30 1074
23 1159
24 1413
19 1008
28 1305
35 1398
10 1155
24 1370
34 1061
23 1177
30 1008
15 1350
32 1050
47 1465
25 1009
46 1103
33 1100
18 1364
27 1128
15 1207
31 1339
45 1013
10 1398
18 1192
10 1079
32 1445
41 1313
33 1037
22 1001
37 1000
38 1075
26 1072
23 1000
24 1436
33 1027
39 1255
34 1416
30 1101
25 1095
29 1062
20 1215
44 1354
22 1120
12 1214
30 1469
36 1323
27 1111
22 1313
13 1254
45 1201
47 1456
35 1171
19 1469
33 1459
35 1260
13 1130
20 1275
19 1328
18 1058
42 1015
38 1098
47 1093
30 1446
35 1068
31 1008
46 1317
44 1275
45 1372
35 1407
13 1313
19 1095
15 1460
45 1486
23 1097
33 1324
14 1365
10 1409
10 1128
22 1466
14 1484
42 1024
49 1007
17 1472
45 1474
34 1167
32 1399
22 1412
37 1073
22 1236
43 1006
47 1459
14 1283
40 1370
37 1203
12 1149
45 1177
27 1442
45 1061
39 1344
21 1061
32 1292
18 1462
38 1474
22 1018
15 1373
47 1061
30 1253
15 1184
20 1285
49 1208
35 1156
35 1458
23 1499
18 1121
21 1065
35 1481
27 1111
38 1348
35 1071
29 1065
44 1248
22 1093
27 1210
31 1415
49 1095
43 1355
31 1321
38 1460
19 1416
43 1348
34 1024
25 1197
30 1320
39 1210
20 1078
37 1412
48 1104
35 1267
46 1455
44 1309
49 1277
22 1151
13 1196
30 1386
38 1107
33 1412
10 1150
10 1274
44 1039
42 1036
10 1356
16 1125
31 1048
17 1141
28 1283
23 1084
25 1153
24 1130
15 1406
12 1118
10 1068
35 1294
30 1382
15 1097
13 1204
28 1013
29 1401
16 1155
48 1325
16 1309
42 1342
41 1480
38 1451
26 1330
16 1169
30 1497
13 1360
35 1103
38 1205
34 1324
24 1232
47 1250
14 1304
45 1344
19 1459
42 1457
29 1436
27 1451
42 1023
44 1289
10 1078
38 1160
23 1436
20 1123
23 1281
36 1274
45 1182
15 1169
33 1137
15 1204
14 1225
40 1043
42 1178
32 1197
20 1031
18 1359
37 1283
33 1168
26 1435
21 1014
23 1033
13 1178
34 1146
24 1499
11 1034
19 1422
32 1338
20 1110
41 1497
29 1273
41 1056
48 1199
36 1484
26 1441
30 1493
20 1013
37 1236
15 1321
25 1398
10 1475
30 1355
35 1422
38 1077
13 1367
11 1144
40 1348
33 1383
37 1403
33 1342
43 1447
49 1270
44 1485
49 1382
45 1311
16 1234
19 1231
32 1318
39 1269
41 1004
47 1179
30 1429
31 1398
29 1098
32 1027
24 1152
34 1088
38 1497
12 1156
48 1482
42 1414
25 1050
27 1363
13 1093
34 1074
46 1391
22 1360
37 1321
12 1411
11 1473
29 1423
15 1425
34 1369
14 1300
27 1070
12 1011
43 1409
11 1221
49 1009
34 1485
45 1425
20 1364
16 1495
20 1427
41 1443
30 1491
12 1110
11 1201
44 1148
39 1230
10 1251
28 1007
24 1221
40 1436
12 1155
33 1213
13 1408
25 1210
20 1066
28 1197
24 1456
10 1058
20 1038
12 1372
38 1106
47 1489
23 1012
29 1311
40 1009
25 1435
38 1117
13 1276
15 1273
28 1408
18 1304
27 1403
20 1087
16 1376
34 1093
11 1458
11 1160
28 1362
15 1022
26 1052
44 1037
15 1286
44 1264
43 1343
33 1209
35 1445
37 1220
24 1259
22 1222
11 1219
25 1123
22 1103
43 1161
37 1241
40 1466
18 1246
37 1434
13 1067
34 1145
33 1079
40 1144
14 1381
47 1304
31 1273
12 1259
31 1447
18 1151
27 1323
32 1292
18 1209
45 1034
14 1470
32 1221
11 1306
45 1245
22 1381
23 1410
35 1369
41 1199
36 1276
42 1000
47 1426
47 1389
36 1149
15 1091
44 1240
49 1008
33 1217
24 1078
33 1421
15 1079
23 1178
35 1047
47 1257
10 1491
33 1036
45 1368
12 1258
23 1146
26 1381
40 1165
48 1483
43 1376
45 1496
32 1276
15 1143
12 1030
41 1190
26 1289
10 1335
34 1092
35 1050
16 1445
30 1062
49 1345
23 1153
24 1197
18 1445
46 1036
45 1174
17 1272
39 1319
35 1191
26 1150
27 1176
45 1234
18 1433
37 1317
25 1028
49 1018
48 1212
27 1463
44 1447
16 1309
12 1146
43 1070
30 1095
46 1430
11 1328
25 1242
14 1126
22 1399
40 1233
33 1428
31 1030
21 1441
45 1047
26 1263
38 1475
35 1489
13 1338
46 1043
28 1490
49 1493
19 1167
43 1415
19 1134
23 1032
44 1341
24 1463
19 1007
30 1053
44 1255
43 1183
35 1423
42 1366
13 1205
42 1097
22 1003
11 1299
41 1084
14 1013
33 1077
49 1241
13 1127
35 1267
41 1002
21 1377
41 1349
10 1098
30 1239
31 1165
13 1238
30 1490
32 1128
22 1118
38 1221
35 1443
26 1479
12 1149
45 1365
48 1111
42 1153
10 1396
28 1192
47 1391
39 1234
36 1084
25 1466
35 1237
37 1132
26 1023
39 1162
36 1156
39 1009
43 1050
31 1171
16 1110
39 1003
26 1310
16 1068
28 1464
46 1266
49 1136
33 1231
40 1334
29 1000
38 1368
14 1209
26 1226
45 1133
45 1484
14 1112
15 1294
19 1011
49 1141
32 1098
39 1107
42 1317
30 1165
15 1405
25 1329
27 1446
29 1139
11 1176
23 1350
43 1279
41 1110
34 1192
13 1111
42 1490
48 1214
30 1369
13 1396
19 1495
33 1468
16 1100
47 1416
46 1098
29 1254
14 1407
44 1279
46 1108
12 1074
35 1173
28 1135
29 1029
37 1404
23 1183
34 1211
32 1197
17 1466
42 1404
19 1122
21 1056
49 1419
37 1322
43 1344
25 1178
48 1374
27 1205
35 1440
32 1080
39 1314
48 1136
17 1187
15 1063
33 1224
26 1016
18 1106
40 1007
41 1042
39 1109
14 1065
30 1209
21 1050
36 1402
15 1387
11 1052
35 1289
42 1364
11 1001
48 1169
46 1249
41 1095
35 1443
13 1444
20 1086
40 1468
19 1077
42 1037
17 1495
23 1386
22 1099
26 1227
26 1474
40 1451
27 1470
28 1152
14 1033
26 1330
20 1278
42 1438
39 1250
14 1054
47 1295
10 1224
31 1432
40 1474
27 1003
43 1371
45 1288
34 1413
12 1447
12 1116
15 1284
18 1084
26 1161
19 1329
17 1361
31 1291
19 1444
45 1070
15 1181
41 1191
45 1101
35 1245
34 1336
39 1194
14 1349
30 1457
27 1440
45 1485
11 1046
17 1220
27 1406
40 1386
25 1267
26 1391
43 1193
47 1157
43 1236
43 1087
11 1351
22 1458
32 1005
35 1319
37 1170
39 1161
47 1182
15 1315
43 1292
47 1488
18 1490
22 1222
14 1169
15 1170
46 1067
46 1136
38 1139
37 1288
32 1206
43 1128
27 1052
48 1186
10 1112
12 1094
19 1233
17 1230
13 1410
27 1351
33 1466
34 1260
41 1251
20 1164
25 1320
39 1190
14 1087
39 1489
20 1009
12 1375
48 1063
27 1145
12 1000
32 1334
44 1115
39 1107
20 1446
32 1424
27 1250
44 1341
13 1064
39 1267
45 1387
13 1448
32 1089
31 1023
15 1032
26 1090
28 1083
48 1287
45 1144
14 1113
32 1408
23 1320
26 1288
41 1373
43 1188
21 1441
17 1286
48 1142
25 1134
10 1496
14 1324
36 1158
12 1308
37 1279
25 1328
40 1020
46 1026
43 1133
44 1032
49 1359
37 1280
45 1322
27 1127
15 1228
48 1006
42 1201
21 1327
11 1063
42 1315
38 1381
19 1210
24 1021
25 1427
15 1270
21 1421
18 1118
29 1247
13 1381
18 1247
15 1095
26 1155
24 1123
32 1269
24 1236
23 1389
11 1119
30 1015
16 1115
21 1098
25 1480
17 1163
28 1031
35 1124
41 1395
13 1391
11 1138
49 1045
30 1132
48 1449
43 1204
38 1240
17 1312
45 1370
47 1261
33 1332
16 1276
24 1273
12 1114
19 1273
14 1233
46 1475
44 1209
37 1034
16 1319
48 1010
40 1407
40 1024
32 1011
42 1370
48 1376
28 1009
12 1241
45 1314
37 1239
28 1265
44 1418
47 1374
24 1221
41 1385
23 1358
21 1062
40 1436
42 1043
26 1401
39 1365
25 1234
41 1005
45 1118
35 1235
29 1196
11 1146
34 1200
45 1393
45 1171
48 1042
32 1454
20 1211
11 1184
22 1009
11 1309
19 1141
47 1218
47 1049
26 1247
19 1195
29 1377
35 1348
45 1287
10 1459
11 1184
30 1201
11 1088
48 1296
19 1026
37 1158
19 1173
45 1215
17 1376
40 1478
13 1105
39 1434
32 1250
25 1400
43 1321
10 1421
35 1267
28 1163
46 1143
14 1103
32 1087
16 1151
14 1111
27 1007
27 1330
39 1382
19 1286
25 1214
14 1196
13 1392
42 1240
28 1066
43 1153
49 1440
13 1389
21 1286
44 1385
17 1327
32 1186
33 1287
30 1055
46 1047
36 1030
29 1140
38 1041
45 1007
25 1078
26 1248
14 1484
14 1057
10 1459
29 1195
17 1032
48 1470
11 1372
34 1196
38 1013
47 1055
42 1021
11 1120
34 1464
30 1177
43 1494
32 1271
14 1006
45 1069
27 1478
49 1082
39 1258
19 1393
19 1021
12 1320
47 1300
45 1439
37 1116
48 1324
23 1211
39 1187
36 1023
39 1343
20 1072
48 1395
43 1265
14 1478
16 1242
44 1233
47 1019
27 1423
49 1488
47 1019
12 1157
45 1284
34 1444
21 1194
49 1026
22 1219
12 1470
19 1262
14 1228
12 1324
44 1381
42 1083
23 1276
14 1073
49 1091
46 1478
43 1055
32 1496
45 1015
47 1060
47 1447
26 1375
16 1425
27 1177
10 1091
34 1277
47 1135
23 1484
12 1416
14 1450
10 1146
33 1452
21 1182
41 1143
37 1448
24 1240
19 1166
37 1048
44 1055
37 1098
38 1183
38 1351
37 1421
36 1173
42 1013
45 1385
45 1381
34 1311
11 1185
26 1483
35 1248
32 1267
47 1215
26 1159
37 1312
26 1289
30 1393
29 1032
28 1310
31 1171
41 1429
30 1050
40 1312
48 1383
26 1009
49 1218
18 1376
43 1407
43 1267
25 1424
11 1340
21 1112
12 1439
14 1455
28 1180
39 1325
35 1027
41 1243
21 1466
21 1093
23 1326
21 1008
14 1112
46 1378
13 1276
17 1403
49 1299
25 1475
49 1186
30 1467
40 1242
20 1179
38 1299
48 1308
16 1266
43 1364
40 1396
33 1234
48 1007
33 1034
18 1088
25 1096
19 1132
45 1068
49 1283
35 1428
37 1381
31 1438
24 1311
27 1218
39 1026
14 1432
28 1064
19 1377
18 1341
38 1359
24 1266
44 1426
12 1318
14 1173
16 1160
15 1426
26 1358
18 1492
30 1448
44 1460
12 1497
25 1197
20 1463
34 1013
33 1156
32 1274
22 1218
13 1231
49 1489
40 1012
12 1336
18 1218
47 1314
21 1456
41 1029
14 1423
37 1105
23 1176
13 1433
20 1232
46 1098
46 1107
34 1303
39 1009
11 1225
24 1120
26 1317
35 1024
15 1340
44 1273
16 1429
30 1097
25 1067
17 1230
10 1239
12 1374
15 1468
26 1302
44 1228
17 1039
27 1395
39 1381
24 1059
18 1299
23 1077
37 1116
40 1376
17 1210
32 1180
18 1168
45 1425
26 1346
11 1447
11 1318
17 1385
17 1261
26 1483
21 1426
32 1127
33 1173
43 1235
24 1416
39 1059
16 1152
22 1336
34 1351
38 1026
45 1170
16 1167
42 1362
37 1494
38 1092
46 1345
37 1238
20 1040
28 1171
43 1289
12 1256
10 1294
39 1379
29 1464
43 1135
12 1428
29 1407
14 1143
14 1478
31 1010
47 1205
42 1176
32 1166
47 1454
43 1331
11 1414
25 1497
28 1264
26 1253
21 1406
10 1340
22 1053
39 1134
43 1348
31 1027
15 1387
39 1449
18 1355
37 1302
42 1309
48 1000
48 1254
43 1196
25 1407
10 1245
32 1278
28 1499
40 1461
46 1426
18 1451
30 1372
21 1183
24 1029
17 1107
12 1009
12 1333
30 1374
30 1381
28 1497
36 1041
12 1467
38 1370
42 1050
12 1196
21 1260
48 1388
16 1241
26 1074
24 1029
42 1252
30 1040
32 1089
30 1233
49 1470
24 1271
17 1009
17 1010
10 1424
10 1360
17 1483
13 1229
17 1201
17 1024
18 1068
31 1248
26 1314
35 1407
25 1216
19 1094
21 1339
16 1176
10 1150
39 1476
37 1378
44 1279
21 1423
27 1177
23 1336
19 1426
21 1350
36 1326
23 1204
11 1040
35 1331
12 1050
16 1281
24 1278
29 1129
33 1084
37 1373
30 1471
34 1154
33 1314
42 1379
41 1188
43 1196
34 1104
21 1124
34 1361
41 1336
12 1356
38 1466
22 1169
36 1098
28 1107
16 1166
36 1461
45 1018
29 1164
25 1453
29 1076
18 1096
19 1034
48 1154
16 1292
12 1071
14 1075
37 1044
34 1274
45 1407
38 1130
44 1108
22 1344
45 1236
32 1135
42 1478
38 1413
17 1324
32 1035
34 1120
11 1269
12 1295
30 1180
33 1123
26 1499
14 1454
15 1202
11 1308
10 1413
12 1202
40 1148
49 1279
39 1056
44 1141
35 1380
42 1057
23 1441
49 1250
16 1305
40 1489
39 1230
24 1149
24 1270
37 1435
11 1034
29 1184
31 1364
43 1005
22 1299
44 1488
26 1425
13 1029
14 1091
42 1083
45 1354
18 1239
18 1293
19 1338
12 1253
15 1281
29 1017
10 1373
16 1350
16 1245
21 1462
16 1076
36 1156
11 1139
17 1335
14 1441
21 1093
45 1413
13 1172
36 1221
11 1164
21 1075
11 1096
40 1071
42 1289
34 1376
26 1363
45 1227
44 1285
25 1302
29 1339
46 1386
25 1332
24 1201
46 1009
41 1360
45 1398
30 1073
24 1300
13 1127
17 1089
30 1093
23 1235
18 1325
34 1165
34 1182
31 1180
25 1128
25 1204
22 1247
28 1306
44 1378
16 1067
28 1244
29 1191
14 1290
12 1259
18 1142
19 1371
48 1287
37 1413
44 1332
45 1017
41 1473
24 1267
38 1304
38 1170
29 1312
46 1257
44 1233
10 1496
34 1041
43 1313
48 1461
23 1209
22 1201
15 1259
43 1494
24 1178
28 1249
10 1288
14 1098
31 1424
33 1295
41 1082
13 1152
41 1414
48 1119
11 1293
32 1453
26 1125
14 1430
11 1496
22 1207
39 1307
29 1467
46 1154
29 1065
25 1149
24 1153
14 1095
20 1448
42 1443
19 1271
11 1150
34 1410
31 1420
18 1128
37 1410
48 1321
13 1384
34 1465
20 1130
26 1077
42 1161
43 1395
13 1047
48 1174
46 1183
22 1020
46 1066
17 1275
18 1181
27 1258
30 1401
49 1348
46 1140
26 1195
49 1093
38 1164
19 1034
45 1336
10 1134
46 1448
12 1076
38 1461
48 1422
49 1011
17 1266
29 1437
20 1128
30 1074
23 1366
32 1027
22 1418
43 1089
23 1238
33 1493
43 1353
45 1059
32 1394
38 1074
40 1196
24 1395
37 1002
21 1326
34 1455
18 1008
15 1476
47 1377
19 1248
22 1235
24 1229
31 1491
15 1147
12 1131
28 1033
22 1036
23 1351
19 1108
15 1447
30 1055
21 1079
34 1208
36 1050
15 1365
22 1324
30 1188
24 1450
28 1428
46 1225
30 1002
37 1385
40 1461
48 1404
16 1074
42 1077
26 1345
30 1432
27 1271
19 1365
25 1216
20 1070
38 1095
24 1153
13 1489
30 1020
31 1378
35 1406
21 1059
33 1091
23 1409
31 1119
44 1117
22 1312
26 1004
18 1212
38 1179
47 1292
29 1253
34 1272
40 1226
30 1416
32 1209
22 1246
12 1424
10 1439
37 1333
23 1358
32 1372
20 1017
36 1480
30 1195
25 1434
24 1133
21 1457
42 1468
31 1155
26 1273
33 1204
48 1011
47 1029
28 1049
33 1437
26 1380
19 1153
44 1336
33 1158
40 1481
43 1064
22 1322
20 1175
49 1351
13 1099
43 1397
34 1460
22 1179
38 1270
33 1388
13 1356
22 1099
27 1051
24 1210
45 1051
42 1179
44 1438
33 1091
21 1039
26 1196
38 1275
23 1223
46 1162
17 1105
33 1469
10 1365
13 1026
38 1204
28 1236
23 1073
30 1241
30 1338
32 1384
48 1173
41 1327
48 1168
40 1005
21 1342
12 1214
40 1205
46 1220
38 1496
27 1240
12 1369
11 1062
16 1085
37 1084
15 1398
46 1377
42 1380
18 1243
24 1400
31 1144
15 1471
38 1235
47 1450
31 1473
15 1335
11 1480
18 1197
21 1336
49 1365
10 1299
34 1143
33 1180
23 1022
48 1148
46 1126
15 1074
39 1142
25 1388
21 1376
46 1164
36 1377
19 1460
40 1415
28 1260
41 1383
38 1174
18 1038
13 1057
16 1384
46 1370
48 1401
42 1365
21 1369
32 1351
47 1148
29 1213
21 1128
17 1420
18 1139
28 1460
15 1414
15 1296
47 1190
13 1384
39 1288
41 1404
41 1393
10 1247
38 1273
49 1362
28 1094
28 1201
29 1477
12 1059
38 1419
35 1261
41 1203
35 1076
30 1466
27 1483
27 1158
25 1472
33 1234
17 1455
15 1396
20 1044
23 1483
40 1494
34 1011
38 1437
35 1003
14 1137
48 1491
42 1389
32 1191
22 1408
26 1484
43 1350
27 1380
46 1256
43 1414
25 1387
23 1288
21 1022
29 1209
10 1263
46 1388
26 1157
39 1036
27 1073
49 1130
10 1144
31 1000
19 1181
37 1212
31 1493
26 1421
28 1007
27 1271
14 1490
42 1431
34 1213
12 1433
29 1140
24 1069
20 1142
28 1091
40 1334
16 1355
40 1067
36 1324
39 1448
28 1260
45 1307
31 1454
40 1330
11 1352
36 1078
36 1405
42 1050
17 1392
42 1413
19 1147
37 1266
35 1429
44 1054
36 1495
42 1294
44 1122
18 1457
44 1292
26 1266
24 1056
19 1284
35 1381
44 1345
20 1306
25 1019
40 1242
25 1180
39 1381
18 1448
27 1040
14 1452
24 1473
46 1110
24 1109
47 1164
10 1161
46 1259
46 1054
34 1113
22 1332
17 1433
21 1406
37 1148
31 1146
41 1380
21 1227
18 1117
46 1197
38 1390
18 1480
41 1398
11 1141
36 1330
20 1429
15 1249
39 1364
14 1090
48 1431
16 1481
16 1385
48 1005
14 1153
25 1012
49 1072
20 1402
17 1055
36 1303
35 1359
13 1117
38 1141
19 1111
23 1152
41 1063
34 1157
24 1380
31 1334
20 1374
38 1254
12 1030
49 1390
39 1257
23 1079
43 1057
25 1284
40 1058
36 1262
30 1200
37 1237
25 1429
45 1358
38 1382
47 1439
44 1324
39 1262
33 1421
29 1163
11 1034
21 1318
11 1034
38 1214
16 1167
41 1396
24 1448
17 1100
12 1459
38 1207
27 1417
32 1161
23 1028
15 1404
38 1472
19 1344
28 1033
46 1440
45 1208
30 1265
27 1087
49 1028
39 1479
16 1122
29 1084
13 1278
10 1273
29 1056
37 1230
10 1200
47 1258
32 1022
18 1046
39 1118
48 1492
29 1283
47 1090
46 1443
16 1486
45 1057
42 1367
12 1140
33 1074
39 1041
37 1114
17 1369
24 1165
35 1244
14 1492
38 1231
13 1105
30 1221
35 1247
14 1222
42 1496
36 1382
14 1478
39 1085
14 1252
15 1090
37 1295
46 1184
15 1043
34 1255
18 1009
24 1241
16 1394
45 1224
17 1218
15 1176
15 1351
37 1403
28 1497
29 1412
18 1075
12 1151
26 1388
12 1216
19 1166
46 1278
16 1421
36 1241
32 1498
38 1072
20 1485
35 1162
33 1268
17 1345
28 1227
38 1317
27 1154
28 1286
40 1287
42 1469
34 1019
36 1423
22 1236
32 1336
39 1010
19 1499
27 1060
44 1119
39 1408
10 1441
47 1388
33 1151
16 1028
31 1242
34 1136
39 1186
31 1376
44 1101
11 1380
12 1163
38 1140
41 1366
29 1492
36 1394
14 1049
20 1424
32 1439
43 1355
39 1157
39 1072
43 1284
46 1265
30 1478
30 1453
34 1334
40 1067
12 1163
22 1024
43 1087
45 1370
36 1285
37 1264
36 1183
27 1072
21 1333
14 1126
27 1054
17 1052
38 1200
31 1325
30 1370
45 1267
41 1123
12 1287
15 1169
35 1497
20 1157
35 1214
10 1026
16 1320
42 1468
40 1387
35 1380
21 1414
39 1077
11 1049
40 1236
46 1086
17 1386
15 1077
38 1013
44 1087
15 1413
36 1191
15 1068
43 1261
36 1489
44 1375
43 1467
35 1144
21 1246
28 1411
37 1112
35 1199
37 1132
35 1229
49 1332
43 1070
20 1277
35 1317
11 1304
48 1279
17 1427
43 1060
31 1090
11 1047
35 1176
42 1208
34 1437
16 1341
36 1117
31 1134
34 1128
12 1295
21 1250
23 1297
41 1240
20 1163
37 1040
11 1431
20 1378
20 1433
42 1307
23 1144
46 1163
26 1187
49 1262
14 1021
41 1481
16 1176
49 1089
32 1402
20 1337
33 1083
29 1061
18 1132
26 1275
31 1185
19 1433
13 1127
36 1192
32 1030
22 1246
12 1181
31 1006
46 1334
34 1374
10 1298
10 1340
21 1356
33 1409
25 1063
49 1446
25 1476
16 1473
15 1053
49 1156
42 1147
37 1069
15 1034
39 1415
45 1464
13 1027
34 1255
22 1189
21 1373
13 1264
32 1224
16 1412
39 1036
37 1429
21 1419
18 1462
23 1156
21 1286
14 1243
11 1279
42 1050
32 1314
17 1211
12 1438
15 1390
25 1425
46 1092
21 1019
34 1227
21 1430
15 1474
19 1178
17 1265
42 1017
33 1328
26 1357
16 1202
25 1110
41 1057
21 1263
25 1067
35 1160
43 1409
29 1403
37 1168
11 1209
38 1308
43 1356
26 1464
30 1036
25 1119
27 1055
39 1208
15 1348
42 1244
19 1307
18 1455
41 1213
48 1254
37 1366
49 1059
36 1232
16 1371
17 1278
29 1105
24 1232
15 1007
17 1104
44 1208
23 1383
27 1428
23 1425
31 1209
35 1409
13 1311
28 1194
43 1283
48 1301
31 1386
36 1039
28 1336
49 1002
18 1399
19 1121
37 1108
23 1323
37 1445
29 1430
40 1290
17 1274
35 1273
46 1404
16 1336
16 1398
36 1036
12 1350
28 1231
30 1154
27 1463
17 1352
26 1382
42 1007
49 1480
38 1249
13 1131
39 1435
44 1479
27 1285
43 1464
27 1270
46 1436
32 1089
18 1119
14 1348
29 1386
33 1342
12 1236
23 1017
35 1252
15 1264
43 1007
47 1073
21 1413
39 1155
40 1158
21 1223
37 1454
32 1195
31 1419
26 1109
19 1458
16 1176
34 1042
35 1311
44 1062
49 1046
28 1069
20 1389
46 1421
47 1286
45 1423
29 1180
24 1487
27 1118
40 1038
32 1271
30 1130
26 1079
19 1194
23 1043
42 1432
11 1409
39 1135
12 1206
19 1427
35 1069
41 1333
13 1224
21 1489
14 1120
39 1307
18 1067
43 1056
22 1363
46 1010
21 1108
42 1194
28 1131
46 1087
11 1438
25 1212
24 1095
35 1254
40 1209
23 1414
16 1459
22 1451
34 1486
27 1134
15 1318
40 1378
29 1093
25 1486
42 1275
24 1348
29 1178
10 1339
43 1449
29 1446
44 1319
15 1037
31 1088
28 1093
22 1101
30 1137
22 1373
25 1020
37 1228
18 1200
35 1102
23 1069
48 1020
42 1364
10 1098
29 1094
29 1429
16 1206
17 1399
17 1005
37 1003
18 1055
18 1241
16 1368
16 1062
49 1217
38 1034
42 1024
44 1055
48 1421
39 1050
48 1139
28 1061
29 1128
26 1172
17 1379
45 1333
46 1227
33 1481
13 1146
25 1254
36 1118
11 1436
34 1028
38 1268
15 1300
18 1297
42 1271
37 1021
19 1091
15 1346
30 1332
32 1470
33 1484
38 1299
36 1080
44 1430
38 1478
32 1488
41 1460
27 1348
35 1268
23 1307
20 1254
43 1296
32 1292
24 1014
11 1241
23 1314
39 1462
21 1243
41 1415
13 1472
12 1438
20 1437
19 1171
11 1365
29 1462
13 1383
48 1191
12 1130
39 1397
31 1245
31 1078
25 1489
45 1304
33 1026
20 1325
40 1213
21 1188
29 1393
19 1492
38 1091
22 1397
17 1301
23 1123
14 1228
26 1315
22 1203
28 1121
44 1144
31 1026
45 1219
29 1095
26 1268
47 1245
39 1228
39 1387
49 1163
22 1111
15 1128
12 1207
30 1364
15 1138
48 1313
25 1114
20 1252
28 1297
48 1180
33 1211
32 1305
23 1136
17 1387
18 1285
44 1266
26 1241
14 1157
30 1348
46 1326
47 1473
36 1208
31 1339
14 1163
22 1467
23 1226
27 1091
45 1489
39 1148
19 1034
11 1142
28 1086
26 1161
27 1220
41 1481
40 1157
11 1263
31 1017
44 1366
26 1368
25 1207
12 1132
45 1155
15 1156
14 1009
45 1213
27 1440
45 1338
35 1110
14 1222
18 1219
12 1490
11 1228
19 1373
38 1139
33 1465
16 1140
15 1074
26 1119
43 1284
29 1186
46 1337
37 1087
31 1089
28 1044
35 1394
33 1077
31 1217
11 1095
48 1268
30 1067
11 1099
14 1091
37 1165
41 1039
33 1196
12 1300
32 1050
31 1387
43 1015
47 1008
26 1272
41 1359
31 1052
22 1269
26 1066
14 1461
27 1160
19 1333
20 1237
42 1247
33 1416
38 1279
17 1449
30 1452
35 1181
33 1169
39 1489
46 1005
23 1290
24 1368
11 1332
19 1346
29 1393
25 1154
28 1265
37 1290
36 1304
45 1326
25 1247
27 1463
29 1258
27 1420
15 1268
35 1312
10 1060
40 1454
42 1139
14 1097
22 1467
27 1105
38 1082
17 1221
33 1250
16 1287
46 1315
14 1162
26 1140
49 1304
22 1319
26 1231
13 1163
43 1316
13 1427
32 1456
36 1495
37 1317
15 1079
39 1018
33 1245
15 1366
19 1214
46 1375
15 1056
14 1030
15 1348
20 1479
24 1458
43 1378
49 1355
28 1093
27 1363
27 1214
16 1062
40 1432
46 1111
14 1297
42 1253
36 1207
45 1183
37 1302
32 1153
43 1094
28 1316
42 1285
13 1351
47 1350
38 1294
24 1084
15 1280
35 1234
13 1344
21 1392
39 1469
18 1094
41 1288
35 1209
16 1083
20 1237
39 1466
48 1413
46 1240
32 1373
49 1148
25 1183
11 1112
27 1342
34 1459
24 1406
23 1073
41 1091
18 1052
46 1206
42 1435
21 1272
26 1358
38 1339
27 1026
49 1241
10 1246
28 1314
35 1090
34 1048
41 1409
12 1307
38 1177
22 1499
16 1142
24 1239
13 1242
32 1318
40 1105
19 1410
32 1305
11 1037
26 1159
10 1265
38 1100
19 1276
21 1190
12 1192
40 1247
18 1070
24 1382
36 1181
24 1131
37 1363
44 1494
23 1406
33 1442
34 1491
44 1044
21 1154
38 1022
49 1078
29 1148
34 1083
13 1233
14 1034
22 1256
26 1000
44 1268
39 1398
13 1381
20 1416
10 1338
47 1422
45 1157
39 1455
22 1439
36 1240
11 1079
28 1473
10 1009
45 1399
40 1180
32 1105
12 1470
47 1117
36 1363
15 1100
25 1340
19 1073
30 1197
34 1143
32 1272
49 1417
21 1008
14 1248
24 1385
18 1422
21 1076
25 1113
46 1391
46 1319
21 1187
23 1247
25 1060
18 1364
49 1235
46 1352
49 1429
45 1099
11 1421
21 1307
16 1034
25 1173
30 1010
41 1459
45 1080
19 1169
10 1185
44 1041
33 1123
43 1327
18 1352
47 1462
17 1491
19 1201
25 1447
18 1433
34 1419
20 1136
45 1496
38 1166
19 1354
49 1444
17 1049
19 1007
18 1262
23 1486
17 1050
14 1280
43 1330
25 1145
30 1177
19 1263
21 1124
23 1245
38 1179
48 1077
39 1299
16 1161
23 1433
47 1341
40 1231
31 1219
47 1493
31 1009
30 1191
47 1431
41 1232
48 1397
48 1129
11 1306
46 1416
25 1238
10 1159
48 1345
40 1228
13 1190
20 1153
26 1113
28 1237
18 1074
38 1373
45 1032
44 1206
21 1230
30 1267
29 1407
29 1119
15 1467
21 1323
12 1186
45 1377
19 1264
14 1471
35 1370
40 1362
42 1343
35 1316
25 1434
22 1250
21 1426
49 1066
34 1022
49 1492
44 1218
22 1413
26 1252
28 1480
24 1437
27 1413
30 1214
47 1380
18 1048
29 1466
12 1247
18 1289
43 1034
41 1220
42 1459
29 1476
42 1236
42 1234
40 1385
30 1177
30 1421
37 1398
21 1061
17 1400
10 1379
16 1324
11 1125
17 1178
33 1261
42 1221
27 1285
13 1274
46 1425
33 1359
24 1252
44 1194
23 1045
22 1364
26 1186
39 1480
20 1152
45 1045
45 1347
12 1452
17 1241
12 1237
10 1180
19 1416
45 1439
16 1100
32 1329
37 1286
12 1460
43 1477
47 1057
29 1222
35 1422
34 1187
18 1101
18 1064
29 1440
42 1201
29 1187
24 1472
18 1209
19 1228
42 1291
41 1278
21 1008
43 1141
31 1042
16 1123
12 1205
38 1240
18 1219
18 1476
11 1226
12 1121
42 1034
31 1157
30 1024
19 1470
17 1072
18 1383
33 1241
18 1099
32 1027
12 1289
41 1434
44 1131
27 1202
49 1204
42 1330
35 1055
18 1164
18 1249
29 1080
41 1018
30 1061
30 1185
10 1201
49 1059
39 1479
32 1139
30 1369
21 1452
46 1074
47 1132
25 1067
27 1009
20 1472
28 1203
23 1202
26 1114
48 1313
41 1363
16 1373
19 1305
28 1112
35 1169
12 1060
26 1026
30 1362
25 1467
16 1193
44 1330
34 1168
49 1435
10 1168
35 1390
23 1015
31 1480
17 1329
39 1260
43 1068
47 1205
30 1098
21 1334
35 1280
47 1109
21 1138
49 1256
25 1216
34 1277
10 1266
28 1496
23 1069
10 1008
19 1152
34 1402
38 1421
39 1090
22 1179
34 1202
22 1314
33 1267
43 1371
41 1373
29 1019
47 1224
31 1495
10 1349
27 1362
41 1478
44 1254
16 1477
18 1378
45 1479
31 1405
17 1156
16 1247
13 1289
41 1200
19 1150
21 1244
28 1289
12 1207
11 1186
46 1257
37 1217
15 1196
30 1466
37 1052
44 1398
37 1494
44 1316
41 1071
19 1254
10 1425
28 1079
21 1411
12 1453
23 1282
21 1461
33 1036
12 1137
18 1418
31 1145
24 1420
47 1480
20 1357
41 1093
13 1179
35 1420
29 1100
22 1199
19 1442
48 1264
16 1117
43 1448
37 1317
48 1362
16 1293
47 1172
46 1369
20 1460
24 1232
20 1441
41 1390
49 1000
27 1119
39 1176
32 1393
37 1003
35 1497
27 1425
22 1073
42 1140
14 1014
24 1177
20 1336
44 1276
47 1180
29 1293
44 1154
10 1093
36 1052
12 1187
29 1019
31 1278
30 1428
39 1475
31 1364
29 1319
40 1064
36 1347
26 1431
27 1168
19 1385
41 1316
27 1104
35 1411
46 1225
10 1351
44 1424
24 1368
48 1140
33 1358
47 1299
15 1358
18 1028
28 1068
48 1422
10 1016
31 1035
29 1441
24 1015
17 1003
12 1029
20 1066
38 1483
49 1433
21 1255
21 1223
29 1234
22 1212
14 1179
33 1123
25 1366
29 1416
30 1220
45 1294
25 1092
32 1358
25 1213
14 1286
35 1090
20 1279
45 1387
44 1439
34 1384
38 1122
38 1019
35 1129
11 1253
13 1454
21 1376
25 1366
27 1452
10 1482
10 1483
30 1129
48 1233
28 1293
35 1336
38 1058
22 1186
13 1216
15 1229
42 1073
22 1496
42 1384
14 1470
13 1495
10 1024
49 1313
36 1312
33 1042
14 1474
31 1242
19 1379
27 1395
39 1337
32 1499
37 1057
44 1161
31 1272
23 1487
20 1180
42 1347
19 1229
40 1434
13 1141
20 1465
29 1185
16 1359
16 1357
26 1356
49 1470
41 1306
37 1422
27 1307
40 1250
35 1214
49 1499
24 1441
28 1402
14 1093
44 1217
45 1176
15 1128
25 1264
36 1085
43 1252
28 1460
49 1461
29 1422
14 1171
44 1004
15 1191
32 1229
19 1403
23 1043
13 1292
22 1092
41 1466
43 1465
38 1476
44 1144
37 1136
17 1462
47 1459
17 1141
22 1026
39 1065
10 1341
13 1179
16 1081
20 1474
27 1347
23 1114
42 1047
14 1066
41 1406
28 1127
30 1455
35 1086
10 1234
28 1339
30 1446
11 1328
18 1477
38 1406
49 1249
19 1161
39 1395
24 1163
40 1155
40 1031
18 1172
48 1344
30 1215
48 1430
18 1319
20 1442
19 1364
46 1452
26 1277
13 1462
48 1054
14 1463
34 1317
14 1249
44 1305
45 1185
29 1273
48 1015
43 1442
42 1486
40 1440
13 1434
18 1203
42 1014
43 1307
27 1196
33 1153
24 1081
41 1051
36 1217
40 1339
18 1263
49 1301
49 1061
20 1329
32 1390
45 1423
13 1110
10 1069
10 1498
37 1124
35 1436
47 1363
38 1425
24 1183
43 1238
21 1449
45 1287
27 1379
43 1353
28 1348
49 1264
48 1069
30 1229
49 1397
12 1034
34 1265
23 1466
19 1179
47 1259
17 1030
46 1100
16 1146
29 1200
48 1020
41 1458
32 1460
33 1485
27 1124
33 1168
49 1327
36 1481
47 1225
39 1073
30 1055
25 1184
10 1039
18 1387
33 1163
45 1292
19 1235
15 1156
13 1030
23 1171
14 1011
48 1261
39 1106
39 1018
14 1082
22 1438
19 1208
46 1252
45 1135
15 1056
46 1416
46 1169
27 1128
10 1293
10 1466
34 1495
46 1283
23 1404
13 1416
33 1458
21 1305
28 1281
34 1090
23 1050
18 1126
11 1309
14 1436
36 1287
44 1468
20 1031
30 1089
35 1057
35 1318
38 1451
27 1386
26 1411
37 1051
22 1087
40 1440
33 1234
44 1179
31 1347
28 1332
27 1068
38 1358
11 1487
46 1466
17 1031
32 1459
25 1128
16 1409
30 1062
21 1167
42 1421
32 1364
13 1077
29 1321
34 1036
37 1285
37 1154
42 1256
13 1057
14 1136
24 1400
30 1005
43 1111
46 1077
12 1055
47 1065
37 1228
41 1074
10 1015
11 1194
24 1426
44 1157
47 1240
21 1241
22 1318
32 1195
38 1132
23 1156
32 1060
14 1108
45 1445
38 1392
40 1167
15 1482
22 1022
29 1053
34 1050
49 1236
41 1446
17 1434
29 1233
28 1379
44 1338
37 1419
29 1236
39 1394
26 1330
38 1010
17 1435
24 1315
13 1411
35 1087
32 1118
12 1019
42 1198
30 1023
38 1320
21 1050
47 1150
19 1118
20 1373
49 1437
45 1383
28 1286
48 1042
40 1092
24 1405
26 1140
11 1308
30 1485
49 1425
25 1191
15 1383
10 1138
20 1484
37 1413
30 1243
33 1211
10 1387
12 1176
30 1457
15 1149
15 1163
13 1170
10 1338
48 1019
42 1070
35 1407
47 1054
14 1138
41 1108
39 1409
24 1271
22 1302
20 1439
14 1357
13 1427
30 1419
17 1288
20 1396
30 1330
15 1153
27 1042
41 1159
41 1473
20 1161
30 1190
19 1093
42 1197
18 1297
16 1188
43 1295
31 1388
44 1075
30 1487
20 1249
43 1351
44 1422
30 1278
46 1086
12 1413
16 1495
47 1392
16 1276
11 1415
46 1153
24 1055
39 1338
26 1185
11 1490
20 1365
21 1179
46 1483
15 1038
37 1446
26 1429
42 1475
42 1312
45 1019
42 1243
40 1356
38 1457
36 1086
36 1358
15 1223
40 1366
30 1144
14 1199
18 1272
12 1438
31 1063
46 1471
29 1339
34 1323
48 1436
37 1474
24 1224
27 1010
18 1329
34 1195
39 1287
42 1285
29 1323
43 1302
44 1070
26 1383
13 1106
11 1216
24 1203
39 1133
25 1303
12 1147
37 1299
35 1015
13 1027
39 1153
12 1368
49 1266
14 1296
40 1120
40 1325
32 1267
29 1308
19 1335
38 1157
27 1073
47 1407
13 1341
19 1349
40 1482
32 1156
22 1113
34 1420
12 1123
31 1297
40 1135
44 1322
31 1464
28 1301
24 1133
49 1096
48 1374
18 1388
41 1217
22 1103
28 1197
36 1397
17 1384
34 1117
45 1393
23 1449
33 1240
42 1294
11 1339
47 1389
43 1425
28 1308
12 1088
17 1021
21 1032
21 1036
37 1107
44 1333
15 1255
19 1008
26 1493
38 1085
10 1473
19 1347
23 1090
18 1254
22 1110
47 1201
13 1187
41 1366
27 1383
19 1014
10 1174
49 1173
29 1185
15 1399
36 1387
44 1162
15 1497
24 1027
42 1455
17 1054
48 1270
37 1367
18 1255
26 1467
48 1181
34 1371
49 1088
11 1384
33 1300
29 1487
31 1126
13 1229
27 1451
31 1200
21 1076
33 1459
20 1342
22 1408
14 1474
18 1465
23 1357
28 1203
16 1172
39 1387
23 1219
12 1369
33 1260
34 1094
45 1424
46 1384
12 1193
16 1434
40 1319
10 1353
21 1496
16 1400
28 1077
23 1093
21 1187
39 1499
23 1312
14 1347
34 1047
44 1144
38 1093
25 1270
29 1482
14 1280
10 1298
18 1332
22 1323
35 1499
12 1363
40 1393
21 1103
10 1350
25 1029
17 1252
32 1367
36 1164
35 1463
45 1248
41 1359
44 1175
34 1455
45 1160
33 1352
19 1167
28 1142
20 1177
13 1062
40 1346
49 1474
16 1499
23 1015
13 1275
45 1489
17 1041
23 1385
25 1364
21 1295
23 1243
24 1290
41 1071
37 1434
38 1346
29 1061
47 1128
29 1381
40 1208
27 1367
32 1162
22 1017
45 1024
16 1087
28 1214
37 1424
23 1159
49 1033
30 1397
32 1419
30 1409
22 1330
46 1040
17 1135
47 1033
31 1085
24 1462
15 1157
15 1394
32 1307
28 1275
20 1124
49 1179
45 1090
15 1335
21 1479
20 1398
32 1001
22 1465
47 1025
29 1201
26 1398
39 1006
18 1233
27 1009
11 1300
23 1204
10 1221
13 1239
34 1336
10 1451
41 1490
33 1298
39 1076
23 1082
10 1430
15 1309
18 1194
27 1224
17 1018
17 1294
38 1158
16 1259
44 1452
34 1485
19 1386
36 1462
48 1084
20 1021
34 1295
37 1327
11 1335
11 1126
16 1175
12 1029
38 1093
12 1405
16 1422
24 1315
15 1447
27 1480
41 1164
34 1480
19 1332
37 1034
15 1250
31 1114
42 1251
45 1144
40 1044
41 1475
40 1112
18 1367
45 1435
37 1135
35 1083
25 1335
21 1230
27 1423
29 1238
28 1454
20 1141
34 1158
13 1206
23 1345
41 1193
20 1290
24 1295
37 1087
28 1342
15 1118
27 1033
38 1251
25 1160
12 1057
12 1465
33 1053
23 1015
10 1333
12 1280
31 1049
10 1240
40 1067
16 1455
47 1105
24 1415
37 1292
22 1110
17 1427
36 1396
15 1472
27 1418
39 1404
36 1173
41 1257
40 1257
12 1161
31 1254
19 1379
40 1151
20 1200
37 1457
16 1255
48 1474
47 1048
20 1066
11 1092
11 1207
44 1408
21 1041
34 1114
46 1167
33 1414
44 1191
32 1237
47 1482
44 1111
19 1351
24 1213
11 1365
17 1231
36 1231
25 1315
14 1133
14 1485
32 1321
36 1219
11 1103
32 1409
20 1209
40 1020
37 1200
18 1347
13 1278
42 1140
28 1391
44 1335
34 1349
13 1258
39 1245
20 1233
40 1250
12 1120
23 1121
42 1016
28 1170
44 1012
25 1096
12 1332
18 1162
26 1091
33 1394
21 1020
12 1115
32 1295
39 1295
14 1282
39 1256
48 1286
34 1444
12 1185
44 1325
28 1078
36 1244
38 1390
25 1197
13 1355
46 1109
37 1049
13 1161
18 1110
45 1387
25 1382
45 1136
26 1309
21 1313
44 1424
16 1428
15 1301
13 1064
26 1403
12 1089
44 1482
41 1015
40 1462
27 1261
34 1152
39 1276
30 1386
34 1439
40 1195
41 1332
22 1401
12 1043
43 1283
31 1460
46 1400
21 1070
42 1104
22 1090
31 1462
45 1137
30 1451
14 1174
42 1056
15 1468
21 1415
48 1116
28 1456
36 1184
10 1264
48 1410
29 1300
40 1264
20 1193
17 1410
44 1245
19 1025
33 1433
33 1045
45 1032
41 1266
39 1290
31 1347
14 1364
48 1325
39 1121
29 1365
22 1493
18 1345
33 1124
34 1482
47 1419
40 1026
14 1102
15 1120
37 1087
42 1411
28 1039
33 1237
38 1382
11 1418
49 1104
47 1351
33 1005
34 1492
13 1033
13 1043
38 1244
25 1146
37 1282
28 1048
17 1327
15 1415
43 1241
25 1196
29 1226
14 1314
11 1417
16 1275
48 1055
26 1419
49 1499
41 1026
32 1099
35 1121
16 1112
26 1320
22 1230
11 1223
22 1119
49 1099
24 1362
46 1491
26 1348
45 1332
44 1182
20 1153
22 1474
42 1479
37 1252
18 1227
43 1015
24 1180
15 1192
41 1361
21 1156
14 1416
47 1177
22 1139
45 1000
36 1279
43 1470
21 1128
49 1348
25 1029
45 1482
27 1159
47 1392
46 1417
38 1221
43 1493
25 1002
25 1089
13 1180
41 1178
33 1121
23 1156
14 1034
44 1332
10 1474
32 1231
17 1143
31 1147
31 1445
18 1138
20 1202
16 1354
19 1306
46 1449
41 1061
36 1364
20 1113
29 1197
41 1056
43 1389
33 1067
40 1368
15 1001
19 1021
31 1142
38 1381
36 1041
16 1282
49 1310
19 1004
39 1259
10 1209
38 1067
15 1259
47 1016
31 1071
40 1037
47 1355
21 1446
42 1182
33 1055
40 1138
44 1431
21 1407
44 1154
29 1403
10 1267
23 1173
34 1103
46 1333
27 1263
32 1129
49 1171
24 1015
39 1125
11 1346
15 1196
12 1066
17 1030
33 1313
46 1494
22 1278
38 1249
10 1127
19 1436
46 1207
35 1407
16 1387
24 1176
35 1392
38 1373
38 1434
48 1388
12 1196
42 1032
10 1219
27 1369
29 1016
48 1340
29 1139
14 1451
28 1157
16 1338
45 1307
48 1474
10 1010
21 1364
21 1407
24 1463
31 1131
41 1379
30 1364
32 1333
48 1092
36 1344
44 1340
40 1404
45 1324
37 1253
24 1148
11 1151
25 1244
49 1373
18 1026
36 1036
36 1185
27 1206
18 1169
45 1157
31 1269
29 1087
11 1455
49 1398
41 1235
41 1067
18 1268
21 1286
38 1284
44 1400
10 1020
32 1456
19 1288
35 1321
32 1119
49 1137
23 1372
35 1369
20 1200
48 1382
37 1461
36 1499
30 1392
16 1063
19 1450
20 1379
31 1298
24 1416
24 1219
24 1463
34 1459
30 1436
17 1191
43 1025
46 1260
22 1038
35 1468
47 1365
26 1182
22 1096
14 1229
11 1419
31 1015
28 1076
36 1342
38 1487
32 1390
12 1493
43 1214
45 1289
34 1425
44 1280
18 1278
11 1338
42 1267
12 1485
19 1310
31 1491
19 1193
23 1181
14 1272
24 1114
15 1057
26 1304
34 1422
13 1476
38 1300
40 1347
49 1081
23 1204
46 1219
46 1256
12 1117
48 1438
15 1433
19 1410
32 1255
48 1082
16 1137
45 1483
35 1408
48 1254
12 1413
23 1140
23 1441
33 1422
49 1184
10 1280
48 1130
37 1344
37 1220
37 1188
32 1072
44 1389
45 1325
42 1259
20 1040
40 1047
26 1480
47 1450
34 1229
45 1294
37 1106
10 1427
11 1307
21 1475
17 1483
13 1249
11 1429
43 1291
32 1038
42 1012
48 1094
11 1439
42 1060
35 1313
47 1434
26 1189
27 1410
19 1318
41 1225
14 1105
38 1233
26 1065
17 1044
47 1008
10 1148
14 1104
41 1480
23 1086
36 1197
30 1108
35 1137
33 1194
17 1351
49 1057
38 1233
31 1436
38 1426
34 1402
36 1421
44 1096
45 1244
29 1442
14 1199
27 1424
26 1365
48 1191
24 1040
16 1239
30 1319
38 1222
46 1330
41 1154
20 1112
35 1460
40 1345
29 1258
16 1053
19 1385
23 1241
33 1269
26 1195
40 1427
48 1326
23 1368
29 1175
36 1222
11 1392
28 1326
39 1368
29 1347
30 1382
35 1328
32 1290
40 1199
36 1354
36 1184
31 1071
29 1023
14 1366
47 1256
23 1445
49 1319
20 1332
49 1455
29 1441
10 1443
39 1445
40 1156
19 1335
20 1092
19 1244
32 1118
42 1218
21 1372
37 1325