4500 6500
26 1451
35 1221
48 1075
10 1055
29 1433
33 1442
42 1244
35 1167
12 1072
48 1180
41 1104
44 1208
44 1155
39 1205
17 1253
44 1298
47 1406
10 1126
27 1129
11 1009
35 1165
32 1180
34 1242
23 1481
25 1450
37 1490
33 1249
39 1422
23 1255
33 1453
14 1393
35 1482
26 1175
43 1268
42 1435
11 1202
16 1444
15 1469
31 1128
43 1260
19 1454
30 1053
19 1474
28 1246
22 1066
35 1012
40 1279
30 1155
24 1138
22 1289
29 1446
20 1090
24 1084
41 1372
28 1390
26 1259
17 1072
16 1360
46 1210
27 1279
21 1064
22 1174
28 1410
36 1395
35 1449
47 1075
16 1225
35 1237
20 1416
37 1068
35 1405
29 1439
21 1399
14 1393
35 1121
35 1383
28 1484
22 1499
17 1436
17 1361
15 1393
37 1377
20 1000
23 1499
15 1449
46 1280
22 1281
38 1245
23 1318
27 1096
10 1358
29 1467
45 1312
11 1305
45 1204
41 1442
36 1325
34 1182
13 1346
26 1269
21 1139
13 1365
22 1281
49 1389
45 1016
41 1248
30 1046
19 1184
12 1031
36 1311
45 1062
31 1116
13 1129
33 1012
19 1115
47 1085
35 1182
42 1036
38 1101
18 1486
18 1496
30 1267
16 1169
28 1045
29 1180
27 1487
45 1268
23 1413
18 1101
16 1154
41 1227
46 1184
35 1018
15 1118
19 1492
14 1345
20 1248
27 1229
14 1030
23 1195
35 1427
10 1411
27 1363
18 1392
36 1223
14 1202
32 1268
28 1385
48 1227
18 1087
16 1284
28 1205
44 1134
26 1136
18 1357
21 1007
35 1264
25 1110
36 1273
48 1187
46 1211
13 1283
27 1307
22 1451
32 1129
20 1325
14 1470
49 1265
22 1220
16 1381
43 1137
11 1379
26 1407
31 1493
10 1409
26 1029
23 1333
10 1456
40 1096
45 1285
45 1261
25 1406
36 1415
41 1031
25 1060
21 1376
31 1194
13 1444
25 1493
33 1413
44 1258
34 1256
36 1395
23 1182
26 1308
41 1119
23 1434
42 1177
49 1162
49 1064
45 1318
32 1051
42 1375
34 1489
39 1390
48 1419
47 1026
24 1351
26 1047
30 1081
11 1179
49 1015
20 1106
13 1094
22 1051
32 1188
23 1021
44 1146
41 1092
30 1210
48 1386
37 1015
22 1197
22 1324
28 1330
17 1471
16 1372
30 1448
40 1177
13 1183
48 1463
14 1305
45 1081
22 1053
40 1259
37 1141
31 1110
34 1386
22 1375
25 1381
25 1057
27 1288
33 1184
41 1196
22 1301
19 1418
43 1091
40 1048
15 1288
40 1344
40 1230
17 1059
48 1005
46 1317
32 1456
30 1404
42 1155
13 1229
23 1192
15 1051
18 1278
13 1200
48 1168
19 1309
41 1090
28 1250
11 1307
22 1402
32 1412
20 1247
16 1373
42 1191
35 1039
26 1235
21 1020
35 1263
19 1345
31 1218
43 1187
49 1248
22 1262
31 1202
14 1217
42 1204
11 1412
47 1137
41 1292
47 1406
17 1285
31 1419
23 1148
17 1370
40 1282
30 1426
40 1074
18 1261
14 1075
19 1454
32 1079
44 1376
25 1012
39 1052
49 1132
21 1201
38 1361
48 1402
17 1442
12 1396
37 1269
28 1143
35 1277
17 1054
20 1178
48 1320
12 1374
11 1413
35 1124
12 1333
40 1274
48 1034
16 1410
24 1354
15 1434
40 1491
22 1478
39 1363
46 1317
34 1037
31 1495
33 1114
41 1482
42 1173
32 1228
42 1236
26 1394
45 1461
31 1214
34 1174
25 1174
18 1432
48 1138
17 1013
30 1185
15 1376
12 1416
41 1301
14 1115
30 1397
14 1458
46 1477
21 1485
33 1077
36 1468
49 1364
18 1067
19 1137
14 1403
45 1246
14 1364
17 1025
29 1423
15 1333
30 1174
43 1111
19 1166
42 1149
27 1234
38 1293
21 1299
24 1451
11 1300
15 1382
28 1288
39 1048
12 1283
31 1403
21 1461
46 1357
37 1257
38 1414
31 1270
36 1186
29 1417
22 1096
17 1105
33 1487
11 1327
30 1162
49 1184
13 1354
43 1216
25 1130
21 1222
30 1309
45 1105
36 1407
12 1186
47 1401
17 1221
35 1165
26 1309
26 1121
35 1312
41 1110
24 1456
35 1185
10 1363
23 1327
28 1419
14 1439
14 1487
21 1182
13 1490
10 1410
13 1352
15 1433
29 1368
42 1365
13 1025
33 1475
39 1226
19 1231
13 1236
39 1126
24 1069
13 1302
26 1352
25 1448
37 1309
22 1013
39 1393
41 1203
17 1298
30 1458
16 1099
19 1259
35 1339
30 1111
22 1222
22 1360
39 1253
48 1251
41 1415
38 1361
26 1184
15 1225
16 1075
32 1065
28 1360
33 1375
14 1157
14 1036
39 1223
41 1196
36 1420
27 1447
13 1372
45 1330
15 1027
36 1190
43 1175
11 1196
23 1041
29 1080
18 1235
10 1473
38 1099
41 1166
33 1320
21 1270
28 1275
21 1158
10 1488
23 1313
45 1151
49 1131
35 1320
39 1473
46 1166
26 1089
23 1073
29 1357
15 1409
34 1453
24 1490
31 1215
35 1320
46 1007
49 1001
28 1325
36 1055
24 1087
33 1474
13 1450
26 1011
20 1015
47 1272
13 1124
35 1411
39 1498
49 1030
25 1170
10 1291
29 1036
46 1346
14 1125
35 1106
29 1349
27 1060
10 1241
41 1483
23 1259
18 1087
24 1039
48 1088
24 1138
11 1378
38 1245
26 1075
44 1096
43 1012
40 1076
49 1037
16 1000
13 1010
31 1000
44 1050
39 1462
40 1456
43 1278
43 1194
13 1029
21 1036
12 1164
49 1323
40 1002
38 1121
29 1100
33 1199
22 1209
34 1069
13 1181
45 1207
30 1052
46 1039
43 1438
14 1242
44 1230
30 1335
28 1295
36 1287
34 1261
43 1158
44 1066
18 1188
25 1132
15 1361
24 1091
32 1320
33 1017
17 1200
31 1052
12 1291
30 1305
32 1341
25 1019
25 1198
33 1363
14 1400
10 1375
30 1008
47 1096
13 1341
21 1223
45 1433
25 1226
17 1123
22 1343
27 1096
13 1470
12 1165
38 1394
25 1179
42 1422
21 1307
41 1007
44 1355
33 1297
20 1494
46 1473
17 1479
33 1419
47 1422
46 1178
44 1049
17 1465
16 1288
38 1189
29 1081
40 1129
16 1407
15 1131
43 1207
48 1105
12 1274
18 1237
38 1175
30 1186
32 1458
36 1051
39 1007
14 1163
16 1469
21 1142
34 1153
10 1310
35 1165
18 1177
41 1244
20 1215
20 1273
36 1362
32 1159
13 1443
39 1120
33 1283
33 1494
14 1492
10 1418
29 1116
17 1064
33 1462
40 1192
14 1457
45 1085
30 1474
41 1406
47 1424
36 1382
28 1140
41 1460
21 1090
13 1343
19 1215
37 1096
38 1406
44 1367
46 1020
24 1219
29 1258
38 1198
19 1495
28 1444
17 1194
19 1365
28 1245
29 1487
37 1111
14 1070
49 1367
34 1114
37 1067
19 1081
25 1482
40 1350
16 1058
41 1390
23 1124
42 1255
22 1422
22 1369
42 1465
10 1301
15 1249
49 1420
26 1425
32 1052
19 1361
16 1132
11 1224
18 1378
16 1191
44 1477
41 1225
34 1078
33 1082
42 1497
26 1348
14 1470
38 1282
41 1414
40 1103
45 1056
10 1442
45 1364
39 1069
40 1120
34 1455
43 1003
47 1478
24 1481
14 1286
44 1389
31 1214
14 1096
34 1153
19 1068
33 1295
42 1362
11 1068
35 1278
25 1056
36 1139
44 1263
38 1178
38 1334
49 1217
38 1137
16 1303
18 1052
17 1166
49 1464
12 1279
47 1350
12 1344
33 1092
17 1379
26 1338
34 1398
48 1316
14 1028
11 1496
16 1024
24 1400
35 1120
10 1027
33 1294
15 1201
42 1198
37 1107
10 1444
40 1361
12 1002
28 1279
22 1281
44 1413
27 1341
47 1272
23 1454
29 1347
19 1346
17 1065
13 1429
27 1480
47 1299
38 1015
47 1011
17 1493
43 1029
40 1244
30 1060
38 1122
20 1260
41 1325
18 1244
43 1455
41 1111
39 1316
39 1354
36 1266
33 1149
19 1075
35 1163
35 1250
29 1341
33 1062
45 1437
30 1407
24 1028
33 1492
48 1376
36 1254
18 1384
15 1403
44 1307
14 1194
23 1060
21 1437
32 1409
10 1253
30 1278
15 1217
45 1304
31 1488
15 1232
39 1152
38 1106
38 1221
45 1137
24 1145
38 1061
18 1471
18 1178
43 1316
39 1363
28 1313
45 1447
29 1123
22 1041
22 1236
13 1326
19 1441
38 1437
45 1163
30 1425
20 1125
35 1255
32 1481
30 1441
35 1225
15 1410
22 1161
29 1215
31 1072
26 1249
44 1074
17 1399
45 1015
17 1172
38 1476
15 1227
24 1460
25 1464
15 1254
16 1261
29 1316
31 1307
37 1469
49 1481
31 1265
11 1253
41 1028
40 1411
11 1070
18 1152
21 1041
14 1188
43 1209
15 1255
25 1054
48 1047
43 1173
11 1263
12 1082
36 1307
42 1474
29 1111
36 1057
15 1091
42 1224
12 1439
47 1049
31 1076
39 1277
19 1084
27 1011
34 1402
15 1193
17 1265
44 1080
28 1151
31 1461
21 1069
30 1323
48 1247
49 1306
35 1421
27 1197
21 1309
37 1421
39 1309
46 1082
27 1468
16 1448
19 1293
11 1132
13 1175
37 1092
15 1180
46 1244
19 1370
41 1252
41 1235
31 1422
27 1033
41 1219
11 1082
36 1476
42 1015
42 1166
47 1030
32 1004
34 1291
30 1323
40 1494
38 1197
47 1072
48 1052
41 1141
45 1324
30 1301
32 1411
47 1454
41 1173
11 1056
22 1384
13 1011
21 1288
28 1226
14 1450
20 1209
23 1331
13 1485
24 1070
23 1036
16 1287
12 1297
19 1401
38 1337
10 1060
10 1485
25 1150
26 1000
14 1229
24 1050
43 1253
17 1468
49 1169
39 1235
42 1146
32 1085
36 1090
46 1181
15 1292
31 1403
27 1244
25 1442
25 1076
20 1492
40 1167
27 1364
22 1185
33 1399
10 1290
32 1249
42 1151
47 1033
35 1038
29 1137
15 1164
10 1176
13 1071
26 1048
15 1395
35 1021
35 1116
46 1476
40 1114
29 1224
17 1232
13 1003
35 1007
38 1454
21 1230
20 1215
47 1480
17 1045
11 1374
28 1460
29 1076
31 1253
38 1129
36 1364
26 1465
18 1382
39 1456
30 1211
26 1434
35 1268
38 1450
39 1174
18 1156
21 1392
32 1290
44 1481
20 1217
14 1396
35 1393
44 1261
34 1183
31 1306
14 1173
25 1474
26 1289
31 1378
14 1104
20 1493
22 1294
10 1368
43 1214
20 1006
26 1086
19 1190
17 1225
45 1376
23 1364
27 1356
26 1432
49 1430
10 1291
40 1272
41 1384
39 1321
41 1045
18 1304
27 1102
34 1236
37 1012
21 1141
17 1304
35 1433
36 1425
33 1043
32 1008
28 1005
24 1192
16 1480
20 1288
47 1419
25 1199
32 1064
44 1326
30 1053
45 1297
49 1257
48 1038
44 1132
39 1117
35 1001
30 1109
43 1020
23 1275
29 1374
35 1452
25 1076
32 1119
26 1468
31 1403
25 1429
45 1367
18 1425
34 1340
44 1313
12 1035
11 1108
44 1080
16 1411
15 1495
19 1347
39 1412
45 1200
28 1183
18 1199
43 1353
21 1046
18 1470
16 1383
17 1336
38 1037
39 1042
37 1284
18 1187
18 1288
28 1311
44 1107
47 1332
24 1223
37 1439
18 1298
23 1274
10 1016
19 1476
44 1274
36 1403
11 1237
14 1099
35 1392
19 1065
45 1226
15 1151
24 1059
27 1061
42 1301
32 1141
35 1199
46 1246
44 1113
49 1436
10 1110
24 1323
30 1305
20 1126
32 1042
31 1064
25 1489
35 1362
18 1355
23 1242
40 1303
41 1130
46 1433
41 1155
32 1064
15 1469
10 1307
35 1144
25 1452
47 1219
49 1168
18 1018
44 1057
12 1195
29 1486
16 1467
31 1124
19 1262
18 1266
28 1294
41 1464
12 1314
21 1292
46 1402
17 1256
23 1061
15 1169
39 1065
40 1422
44 1096
44 1326
25 1122
47 1187
19 1255
24 1118
38 1138
48 1102
13 1467
39 1252
43 1380
42 1390
14 1180
47 1041
47 1275
25 1032
39 1097
24 1065
37 1418
25 1022
41 1235
40 1289
23 1478
49 1408
14 1120
49 1211
24 1025
39 1402
27 1035
13 1434
28 1283
17 1424
40 1436
12 1241
44 1254
45 1282
20 1059
23 1453
38 1091
31 1384
44 1138
30 1105
40 1474
37 1402
19 1022
25 1172
10 1079
44 1487
24 1312
11 1456
39 1311
34 1042
47 1256
37 1257
24 1037
45 1314
20 1216
19 1128
17 1148
13 1437
32 1422
33 1450
27 1470
49 1357
46 1331
36 1417
27 1402
10 1423
15 1001
26 1098
46 1352
36 1475
18 1272
24 1234
12 1099
14 1482
46 1157
33 1023
20 1497
15 1417
17 1059
16 1407
11 1085
20 1316
40 1120
28 1045
49 1421
21 1478
10 1393
17 1396
26 1180
23 1430
33 1440
21 1492
30 1498
21 1092
12 1185
23 1354
46 1498
15 1393
39 1367
29 1142
39 1125
33 1313
44 1072
17 1073
47 1491
45 1134
40 1373
43 1137
36 1346
34 1150
32 1335
11 1463
41 1201
27 1027
35 1206
17 1254
15 1397
15 1049
18 1281
44 1042
43 1001
25 1338
11 1431
48 1419
15 1390
32 1084
20 1425
21 1243
28 1462
29 1486
28 1212
23 1441
39 1261
11 1274
40 1295
18 1404
16 1437
13 1158
49 1146
14 1156
31 1452
11 1197
41 1030
36 1150
48 1448
45 1130
40 1424
35 1071
28 1385
31 1168
29 1461
24 1136
22 1357
41 1099
19 1051
30 1350
37 1262
27 1351
36 1436
35 1393
46 1111
43 1364
15 1465
13 1038
38 1455
46 1125
43 1183
45 1385
27 1248
28 1369
27 1136
20 1369
16 1477
47 1195
25 1277
39 1318
29 1293
40 1307
43 1185
37 1309
11 1349
38 1276
44 1176
21 1398
46 1326
43 1373
24 1053
36 1225
33 1201
14 1492
12 1338
27 1168
26 1090
33 1481
42 1264
30 1191
44 1130
23 1359
29 1364
28 1359
43 1013
27 1030
33 1124
34 1484
28 1360
36 1167
23 1451
25 1426
32 1005
35 1032
14 1061
31 1162
21 1406
42 1329
36 1111
30 1082
12 1019
27 1430
21 1298
22 1162
48 1068
44 1112
29 1233
48 1061
23 1145
18 1399
17 1016
23 1140
45 1102
30 1392
46 1137
26 1350
17 1170
46 1127
23 1003
10 1010
35 1138
48 1160
39 1013
12 1385
39 1176
19 1237
46 1155
11 1362
30 1280
24 1157
34 1144
12 1178
12 1261
42 1010
23 1413
30 1160
32 1265
19 1262
32 1332
35 1169
14 1393
30 1095
30 1288
22 1068
17 1079
23 1199
36 1097
43 1449
46 1386
24 1495
18 1186
15 1037
26 1126
41 1486
20 1190
30 1133
19 1346
31 1123
39 1289
29 1246
14 1086
37 1312
25 1100
42 1182
16 1251
32 1394
40 1363
37 1388
35 1031
31 1214
32 1375
17 1324
31 1138
10 1008
17 1274
20 1415
17 1444
13 1424
46 1442
32 1477
39 1238
33 1377
45 1042
19 1012
23 1039
26 1297
19 1331
16 1127
25 1386
15 1038
28 1491
29 1458
48 1349
48 1182
11 1114
47 1450
35 1220
40 1260
24 1383
30 1013
18 1492
11 1157
33 1343
27 1453
46 1466
21 1391
26 1151
12 1189
33 1187
30 1436
13 1347
48 1299
37 1218
39 1263
49 1124
22 1030
32 1221
30 1403
15 1261
43 1111
40 1225
41 1195
18 1330
39 1408
45 1252
47 1374
30 1270
22 1246
32 1221
28 1235
33 1200
29 1439
25 1214
42 1050
35 1052
40 1096
26 1441
41 1383
33 1155
46 1105
42 1197
13 1214
11 1075
23 1487
38 1103
45 1101
26 1301
48 1353
26 1245
23 1383
21 1476
12 1321
24 1346
39 1493
23 1113
18 1092
39 1498
38 1324
32 1161
43 1276
41 1138
19 1154
34 1397
39 1093
40 1245
12 1358
21 1477
48 1116
36 1499
18 1068
48 1080
42 1380
11 1294
25 1054
11 1156
31 1237
44 1210
17 1004
37 1268
15 1381
38 1198
48 1259
13 1152
10 1250
38 1006
25 1461
14 1409
47 1295
21 1015
17 1359
49 1346
39 1337
12 1468
46 1008
40 1279
17 1213
45 1327
29 1476
30 1124
18 1176
32 1111
47 1221
32 1120
27 1246
14 1003
36 1131
46 1024
28 1463
48 1032
45 1387
24 1380
47 1392
19 1090
17 1423
46 1276
28 1327
22 1387
37 1476
45 1468
17 1290
18 1124
42 1188
33 1369
24 1098
37 1142
14 1373
23 1483
19 1128
30 1398
26 1063
22 1164
13 1003
28 1078
45 1335
36 1384
19 1165
34 1299
47 1104
33 1443
44 1011
25 1239
15 1181
34 1181
18 1052
41 1044
12 1372
27 1303
30 1410
42 1439
26 1110
32 1011
46 1007
38 1129
10 1143
49 1050
14 1003
30 1126
38 1414
49 1327
19 1450
43 1191
48 1266
46 1165
40 1262
26 1058
18 1368
27 1146
41 1437
49 1116
49 1309
34 1084
28 1202
28 1051
23 1494
40 1314
19 1289
18 1369
11 1210
40 1095
25 1412
16 1100
45 1317
43 1197
41 1133
42 1308
26 1444
33 1028
10 1143
20 1165
48 1061
48 1146
39 1291
47 1325
40 1392
32 1044
19 1012
15 1140
33 1005
16 1025
16 1356
13 1245
32 1231
26 1001
37 1476
35 1236
16 1213
36 1146
36 1402
43 1143
10 1310
16 1096
43 1064
30 1460
48 1275
34 1146
46 1056
23 1011
45 1438
35 1307
35 1449
23 1301
34 1060
31 1127
24 1328
39 1109
12 1222
47 1446
26 1102
20 1480
18 1056
48 1168
20 1178
17 1240
12 1389
27 1347
19 1252
12 1217
17 1485
16 1268
15 1144
28 1104
37 1287
22 1205
40 1095
25 1252
13 1398
35 1139
45 1418
47 1442
10 1431
34 1071
47 1328
15 1375
19 1382
23 1330
25 1023
35 1414
41 1225
10 1164
42 1324
33 1301
47 1435
15 1392
24 1312
11 1338
31 1450
45 1363
23 1170
44 1446
26 1075
35 1142
21 1281
46 1161
48 1211
21 1105
28 1265
33 1412
46 1184
22 1011
25 1236
28 1050
14 1438
31 1181
16 1390
11 1480
10 1492
33 1288
32 1086
22 1372
20 1078
18 1445
45 1370
30 1498
47 1332
23 1285
21 1256
13 1444
28 1365
31 1202
41 1422
29 1143
30 1374
12 1417
32 1107
35 1025
18 1048
43 1265
41 1276
18 1121
42 1228
19 1313
48 1238
16 1250
40 1465
24 1107
35 1073
18 1499
43 1068
45 1226
40 1043
33 1467
40 1113
10 1119
28 1119
38 1494
29 1124
21 1290
46 1419
29 1058
45 1222
34 1451
27 1045
47 1224
21 1076
37 1333
46 1409
20 1123
27 1210
42 1234
48 1056
30 1091
42 1198
38 1430
40 1009
21 1469
38 1026
25 1153
36 1255
25 1286
22 1215
12 1129
10 1407
33 1151
45 1385
38 1055
41 1353
26 1385
32 1143
37 1376
10 1198
28 1137
28 1314
45 1193
19 1330
11 1326
29 1260
37 1271
30 1160
26 1036
48 1132
44 1022
12 1307
17 1423
32 1451
26 1461
49 1287
17 1422
26 1181
17 1212
43 1066
33 1176
17 1084
12 1226
16 1248
19 1137
17 1314
45 1019
17 1116
45 1106
33 1381
19 1343
35 1187
35 1009
22 1156
17 1040
26 1372
13 1200
42 1011
36 1321
21 1133
40 1101
37 1191
39 1135
30 1137
26 1087
28 1389
48 1200
17 1468
43 1348
11 1347
12 1197
11 1157
33 1021
30 1401
10 1184
13 1165
25 1102
25 1224
21 1407
22 1105
28 1008
37 1457
47 1279
16 1265
49 1446
25 1228
27 1273
15 1165
29 1058
29 1406
12 1033
49 1499
25 1374
24 1168
45 1436
33 1242
37 1127
10 1499
20 1244
41 1454
42 1040
14 1433
17 1080
13 1263
28 1481
17 1357
14 1417
41 1044
22 1178
25 1245
43 1398
11 1420
34 1184
48 1022
39 1218
48 1223
34 1045
46 1285
12 1182
33 1288
12 1341
28 1344
37 1093
33 1060
30 1254
24 1427
11 1406
30 1070
42 1177
47 1485
32 1139
29 1284
32 1171
41 1063
29 1144
31 1161
19 1367
30 1345
38 1481
39 1189
43 1297
21 1021
46 1119
10 1462
21 1313
16 1158
48 1280
25 1314
46 1381
14 1048
24 1252
34 1462
45 1192
49 1005
25 1248
17 1084
33 1172
12 1166
39 1223
31 1175
19 1127
33 1271
23 1227
26 1018
17 1416
35 1461
12 1331
20 1489
32 1210
36 1211
21 1167
19 1041
22 1286
44 1024
47 1250
18 1426
24 1310
15 1454
12 1293
22 1479
31 1195
46 1428
37 1122
16 1404
15 1230
18 1024
36 1124
26 1156
10 1179
23 1432
29 1070
29 1487
18 1415
23 1327
21 1082
43 1305
36 1402
27 1040
11 1234
23 1419
46 1485
39 1180
36 1454
12 1089
29 1379
21 1027
39 1217
21 1148
11 1336
16 1384
46 1428
47 1218
33 1032
29 1468
43 1186
27 1242
15 1029
14 1396
12 1233
23 1311
25 1497
11 1139
48 1493
26 1045
47 1394
49 1242
26 1346
49 1403
19 1130
47 1084
18 1081
33 1152
27 1445
18 1250
42 1385
34 1231
15 1053
45 1028
11 1365
24 1470
21 1047
12 1261
19 1107
44 1440
20 1470
32 1019
20 1232
33 1131
42 1254
35 1250
28 1236
48 1112
46 1132
24 1257
12 1010
36 1042
46 1261
49 1324
22 1438
14 1081
23 1028
11 1185
38 1000
44 1310
15 1242
13 1400
46 1076
42 1050
32 1017
26 1025
39 1377
28 1336
15 1290
40 1299
27 1406
21 1446
33 1209
22 1047
14 1211
12 1082
25 1224
42 1075
13 1413
38 1085
28 1239
25 1344
32 1188
15 1348
12 1365
29 1112
40 1231
27 1359
22 1390
11 1491
12 1254
17 1035
36 1339
22 1169
30 1051
15 1338
42 1060
36 1433
27 1078
38 1204
35 1070
40 1288
35 1243
47 1265
27 1056
46 1428
27 1141
17 1480
47 1004
27 1048
20 1371
49 1253
48 1049
32 1154
43 1219
47 1228
17 1056
36 1267
37 1222
33 1197
13 1490
36 1059
13 1412
11 1141
23 1072
13 1362
38 1090
32 1030
17 1102
30 1310
22 1388
21 1047
19 1323
43 1394
13 1062
28 1115
20 1023
12 1399
36 1307
28 1305
20 1441
43 1213
11 1459
22 1328
25 1350
48 1256
48 1491
15 1388
46 1372
30 1162
22 1480
47 1210
43 1351
12 1259
35 1047
35 1285
28 1142
20 1013
18 1122
27 1361
38 1221
44 1127
36 1487
34 1420
29 1195
19 1084
45 1138
31 1265
16 1239
38 1266
11 1417
36 1296
41 1081
28 1466
44 1420
31 1495
22 1145
36 1200
43 1144
48 1223
22 1480
23 1382
19 1313
18 1404
33 1362
48 1047
14 1042
21 1363
18 1108
47 1039
36 1484
36 1097
47 1121
16 1493
47 1022
49 1307
29 1084
31 1485
16 1065
27 1351
35 1042
43 1332
15 1484
32 1153
15 1277
49 1096
14 1323
23 1295
39 1411
17 1425
14 1488
44 1300
29 1301
27 1279
46 1477
38 1114
39 1315
20 1199
42 1143
28 1450
37 1258
13 1334
30 1030
11 1123
30 1453
43 1277
29 1299
45 1179
24 1467
24 1253
14 1141
32 1211
45 1292
14 1338
46 1119
15 1359
25 1244
30 1400
36 1189
24 1071
35 1296
12 1368
40 1342
26 1130
29 1170
19 1342
38 1356
22 1385
31 1344
21 1379
30 1212
45 1454
12 1014
27 1117
44 1110
20 1368
30 1442
33 1299
29 1287
41 1499
19 1340
35 1022
38 1171
34 1040
47 1373
31 1044
25 1338
40 1290
47 1212
45 1426
29 1325
20 1178
25 1433
34 1188
26 1226
32 1299
23 1152
16 1065
32 1256
27 1067
35 1378
10 1076
45 1092
25 1419
38 1265
13 1093
27 1100
31 1391
27 1216
27 1190
19 1483
25 1477
13 1191
40 1020
27 1067
38 1385
43 1034
48 1472
15 1205
29 1058
16 1241
38 1484
43 1218
28 1255
47 1254
49 1039
34 1364
17 1368
22 1084
45 1204
15 1423
28 1371
26 1123
24 1014
45 1376
49 1051
18 1015
11 1040
39 1060
11 1199
47 1128
18 1466
27 1264
23 1368
38 1145
40 1014
47 1489
28 1324
22 1051
26 1125
44 1038
15 1116
25 1123
40 1412
11 1192
14 1020
33 1091
25 1460
16 1040
49 1207
31 1225
10 1351
44 1051
22 1025
16 1241
37 1206
33 1499
13 1435
22 1106
21 1194
36 1489
23 1210
36 1332
30 1104
10 1274
48 1298
31 1031
33 1244
32 1415
14 1189
34 1236
29 1121
31 1237
27 1174
17 1093
35 1342
19 1072
26 1077
24 1288
11 1196
16 1327
15 1490
18 1124
24 1133
15 1102
36 1407
11 1188
32 1263
37 1421
34 1054
48 1145
33 1156
43 1458
33 1278
41 1040
19 1378
34 1496
24 1380
31 1367
49 1222
34 1323
41 1117
14 1178
39 1079
14 1194
11 1418
31 1259
27 1231
48 1239
25 1051
48 1473
29 1127
35 1244
12 1045
34 1025
32 1331
19 1289
32 1092
25 1157
17 1196
36 1139
22 1398
44 1458
48 1414
33 1488
20 1132
46 1456
21 1007
24 1138
40 1356
35 1459
12 1033
14 1440
24 1496
23 1415
29 1436
10 1363
45 1058
48 1054
21 1298
29 1408
30 1398
39 1494
27 1315
37 1095
43 1397
49 1457
16 1421
22 1215
22 1035
19 1010
39 1232
45 1388
26 1267
41 1334
32 1248
14 1107
21 1277
17 1272
37 1306
16 1323
13 1103
39 1222
32 1158
37 1254
49 1227
41 1469
39 1448
25 1075
22 1225
37 1202
25 1440
31 1348
45 1085
21 1347
26 1436
39 1145
10 1050
32 1393
43 1194
41 1482
44 1130
26 1266
18 1265
40 1372
10 1264
27 1212
16 1073
11 1301
24 1129
24 1458
10 1441
13 1177
35 1227
48 1306
11 1230
22 1234
40 1143
22 1386
48 1074
10 1276
25 1434
47 1319
24 1082
32 1255
30 1214
26 1059
46 1189
48 1400
43 1254
43 1185
34 1310
29 1120
32 1190
40 1020
46 1338
10 1097
40 1005
39 1113
11 1431
27 1150
24 1394
40 1289
15 1168
40 1493
37 1202
10 1280
33 1404
34 1289
11 1456
21 1034
33 1368
34 1226
44 1254
36 1088
19 1197
22 1001
40 1002
45 1494
35 1153
17 1400
17 1392
44 1495
17 1062
26 1417
46 1125
43 1111
37 1203
48 1001
36 1466
12 1057
32 1112
47 1393
17 1158
48 1004
27 1196
43 1159
32 1134
22 1102
39 1064
16 1414
36 1061
49 1469
43 1267
10 1485
43 1056
48 1330
15 1097
30 1131
48 1242
22 1316
12 1142
37 1363
40 1223
49 1328
35 1394
28 1134
36 1088
16 1374
21 1148
24 1047
45 1292
32 1377
40 1084
22 1441
19 1172
22 1121
42 1050
11 1068
15 1022
47 1036
46 1474
35 1257
31 1303
47 1080
49 1140
46 1417
46 1245
37 1465
28 1292
41 1173
26 1494
21 1059
47 1152
34 1107
15 1225
20 1289
39 1189
19 1216
35 1326
37 1382
46 1082
49 1274
26 1200
44 1338
24 1362
41 1360
46 1136
33 1050
43 1075
44 1334
37 1314
31 1464
26 1232
33 1076
32 1106
31 1192
28 1168
42 1263
13 1447
39 1166
19 1210
40 1116
35 1426
10 1368
13 1197
42 1085
44 1013
12 1481
43 1131
14 1096
22 1389
44 1226
49 1208
47 1255
21 1002
37 1169
27 1234
13 1351
37 1154
10 1169
37 1087
25 1098
14 1424
36 1187
15 1293
28 1362
30 1334
43 1229
30 1006
49 1128
35 1489
32 1389
10 1417
32 1070
47 1203
41 1194
17 1134
36 1087
44 1090
13 1004
47 1210
46 1393
17 1390
22 1467
18 1001
39 1345
28 1420
22 1398
17 1327
45 1071
39 1031
15 1278
26 1062
41 1272
32 1036
18 1344
16 1169
24 1236
48 1262
11 1264
11 1352
49 1288
10 1445
29 1323
36 1412
33 1167
39 1073
15 1046
26 1203
19 1201
33 1418
44 1496
44 1375
36 1354
21 1105
45 1409
13 1059
17 1049
47 1191
34 1117
41 1074
35 1187
24 1096
34 1103
29 1260
25 1460
36 1356
30 1060
49 1033
20 1085
13 1005
36 1373
27 1113
46 1377
11 1123
18 1384
38 1241
15 1414
15 1369
18 1123
22 1282
12 1138
36 1123
49 1347
31 1307
44 1279
41 1298
19 1045
20 1155
26 1440
43 1227
44 1290
45 1274
16 1169
36 1114
28 1175
45 1375
41 1402
29 1224
10 1160
48 1042
10 1128
39 1416
40 1353
12 1111
20 1167
47 1023
23 1412
36 1234
39 1141
46 1372
35 1249
28 1267
36 1398
29 1308
42 1192
44 1393
48 1251
28 1008
12 1339
22 1200
25 1343
30 1333
13 1368
41 1244
20 1469
46 1461
27 1408
24 1254
48 1343
45 1300
38 1003
33 1401
26 1496
34 1207
20 1017
29 1361
21 1291
21 1392
15 1239
19 1387
49 1437
40 1415
22 1311
33 1227
32 1430
14 1026
26 1363
30 1326
15 1477
39 1246
13 1400
12 1077
26 1088
26 1157
38 1416
38 1323
46 1372
25 1316
26 1443
37 1056
23 1445
41 1407
44 1386
14 1181
17 1076
36 1481
32 1295
24 1006
38 1022
27 1410
43 1177
42 1006
44 1120
14 1152
30 1112
44 1243
34 1315
39 1213
28 1411
48 1054
29 1184
14 1045
13 1064
39 1428
46 1188
13 1426
41 1065
29 1249
28 1190
17 1262
28 1466
46 1058
47 1296
46 1295
22 1182
35 1451
35 1484
29 1271
12 1203
26 1248
25 1274
11 1130
46 1191
12 1089
30 1497
27 1085
41 1365
34 1454
20 1378
26 1436
16 1490
47 1049
20 1300
25 1111
41 1352
44 1460
38 1045
22 1084
47 1457
26 1012
34 1376
26 1475
17 1188
25 1152
41 1357
27 1283
37 1319
36 1237
30 1108
13 1465
17 1182
36 1261
15 1062
15 1090
23 1207
33 1361
32 1157
46 1124
22 1378
21 1339
30 1187
16 1387
45 1381
47 1236
22 1338
36 1495
16 1072
45 1073
27 1337
34 1157
36 1184
25 1142
10 1155
22 1176
11 1318
25 1208
10 1485
14 1037
34 1417
35 1442
31 1415
42 1381
48 1342
10 1402
42 1116
13 1493
46 1133
38 1251
15 1006
21 1408
43 1417
21 1369
44 1389
13 1433
11 1288
16 1337
45 1101
47 1209
49 1023
29 1352
34 1137
49 1392
34 1154
13 1216
22 1430
45 1041
24 1441
18 1078
42 1212
38 1102
17 1187
44 1458
25 1045
17 1332
30 1135
12 1289
17 1196
44 1154
24 1385
44 1136
34 1452
30 1492
42 1282
46 1367
21 1213
12 1462
34 1261
18 1463
10 1201
30 1440
33 1251
41 1375
18 1013
35 1253
29 1044
12 1412
39 1227
46 1462
21 1498
22 1027
12 1355
10 1386
28 1123
48 1166
34 1471
36 1001
10 1125
24 1114
40 1313
49 1341
46 1465
31 1472
28 1462
22 1363
11 1286
15 1484
41 1016
17 1421
35 1487
47 1152
44 1222
34 1325
36 1462
35 1373
46 1221
25 1005
26 1419
32 1245
43 1065
48 1461
44 1088
40 1043
13 1259
49 1362
40 1007
34 1077
30 1426
45 1495
20 1243
35 1374
46 1453
20 1458
36 1358
44 1190
34 1136
35 1252
41 1478
22 1437
23 1306
21 1398
33 1365
41 1049
20 1366
26 1120
41 1358
14 1201
39 1223
29 1212
12 1357
49 1336
33 1097
36 1002
20 1369
22 1106
22 1226
37 1139
42 1199
41 1431
47 1059
12 1445
34 1393
18 1255
29 1375
30 1169
21 1464
39 1233
15 1470
11 1451
42 1254
36 1176
24 1385
12 1026
39 1420
31 1193
44 1141
20 1056
49 1009
42 1410
22 1373
27 1377
16 1371
27 1077
38 1107
22 1310
14 1103
12 1186
48 1461
19 1119
33 1400
49 1313
38 1212
27 1297
22 1390
26 1190
16 1355
32 1491
13 1317
11 1430
49 1313
46 1189
40 1046
40 1050
46 1351
32 1253
28 1157
17 1210
26 1061
30 1096
24 1016
28 1330
46 1054
19 1234
16 1324
28 1389
44 1250
27 1207
47 1038
44 1176
35 1346
30 1236
49 1468
46 1306
27 1256
44 1065
47 1140
32 1411
45 1495
39 1474
45 1048
15 1303
10 1222
14 1194
45 1071
32 1147
16 1367
29 1280
41 1202
35 1033
40 1408
46 1177
30 1264
44 1284
11 1197
46 1328
25 1448
11 1083
40 1182
11 1107
38 1328
21 1270
22 1090
35 1482
15 1489
10 1185
20 1468
37 1199
30 1123
30 1345
27 1177
26 1022
17 1468
11 1361
39 1423
31 1187
10 1113
24 1108
40 1355
14 1243
24 1465
22 1431
23 1378
16 1407
10 1118
32 1251
40 1448
29 1066
40 1088
37 1278
40 1491
37 1200
24 1178
29 1325
32 1215
41 1253
34 1047
39 1399
40 1071
40 1313
33 1428
44 1240
10 1278
12 1225
22 1258
13 1397
37 1013
16 1200
20 1385
26 1363
32 1313
38 1388
31 1260
37 1352
46 1039
10 1104
12 1036
11 1343
19 1037
35 1037
49 1380
41 1011
40 1235
13 1372
43 1180
33 1270
27 1115
34 1493
26 1077
12 1077
25 1343
23 1443
17 1048
41 1428
27 1439
22 1231
44 1440
11 1437
40 1387
12 1181
15 1441
39 1491
41 1397
25 1091
46 1481
27 1281
44 1016
25 1304
38 1379
22 1178
12 1420
27 1466
35 1027
15 1081
24 1015
30 1301
10 1048
38 1440
39 1273
40 1308
38 1358
15 1029
30 1094
13 1105
21 1253
41 1070
15 1358
23 1487
25 1388
10 1360
10 1055
20 1030
32 1054
32 1412
10 1239
43 1482
48 1077
14 1475
33 1382
47 1434
27 1083
19 1165
40 1011
33 1265
36 1378
41 1495
47 1338
21 1458
31 1303
13 1059
25 1319
47 1317
36 1036
30 1145
40 1243
23 1260
16 1338
38 1361
16 1244
21 1050
30 1430
40 1067
49 1149
25 1257
17 1227
30 1182
25 1356
23 1311
35 1046
22 1169
10 1139
44 1142
25 1244
22 1119
37 1260
20 1232
40 1369
38 1097
28 1216
47 1090
43 1076
29 1029
28 1387
43 1295
35 1133
36 1035
36 1092
25 1403
10 1232
16 1490
49 1422
39 1242
44 1010
11 1060
34 1176
24 1219
12 1282
34 1351
40 1215
43 1113
42 1447
38 1038
14 1115
17 1413
48 1466
35 1403
42 1285
41 1328
38 1204
41 1192
18 1383
26 1017
14 1359
45 1230
27 1468
25 1408
40 1337
39 1142
13 1493
39 1176
13 1210
20 1489
28 1480
37 1155
18 1437
39 1334
24 1359
44 1098
35 1087
30 1489
34 1296
19 1080
44 1483
40 1118
39 1194
45 1153
17 1031
28 1080
25 1195
26 1039
17 1263
13 1113
34 1058
22 1399
49 1465
39 1161
18 1483
24 1056
29 1353
41 1221
18 1114
27 1309
45 1209
23 1445
42 1436
20 1354
49 1030
16 1180
37 1092
21 1497
44 1456
40 1280
46 1179
20 1059
26 1140
38 1350
27 1495
43 1099
36 1014
13 1041
12 1442
33 1095
26 1114
11 1154
10 1127
49 1237
26 1457
39 1213
22 1329
35 1105
28 1222
22 1010
40 1498
24 1031
14 1285
19 1275
35 1073
26 1001
13 1412
32 1064
20 1304
46 1362
37 1226
21 1452
47 1094
34 1368
33 1195
32 1322
11 1287
25 1036
37 1048
23 1132
32 1438
34 1348
24 1331
46 1409
37 1149
29 1014
49 1421
46 1017
22 1125
22 1015
47 1463
19 1374
27 1388
27 1064
11 1459
22 1088
15 1207
38 1045
43 1133
44 1160
25 1499
17 1114
49 1488
14 1301
34 1103
45 1066
24 1118
11 1477
25 1196
38 1310
13 1255
46 1323
10 1474
43 1298
21 1223
11 1288
25 1490
29 1406
44 1167
37 1235
20 1301
25 1483
11 1149
45 1094
27 1238
40 1107
39 1004
27 1157
41 1493
42 1139
27 1235
17 1124
46 1148
14 1196
16 1053
35 1164
19 1333
31 1045
15 1118
28 1378
39 1058
26 1315
39 1157
39 1499
34 1047
42 1276
28 1449
34 1466
41 1155
14 1384
21 1430
11 1139
21 1049
17 1079
18 1080
15 1143
31 1049
32 1365
40 1241
18 1167
25 1345
33 1326
46 1400
11 1478
33 1022
19 1433
13 1095
39 1116
37 1223
22 1070
42 1032
33 1272
26 1223
16 1344
41 1210
46 1472
41 1171
34 1311
27 1488
40 1047
15 1314
12 1352
32 1222
24 1342
29 1130
46 1465
43 1495
38 1064
46 1256
31 1115
46 1084
27 1179
35 1453
32 1485
19 1253
39 1121
32 1165
18 1405
22 1429
49 1117
21 1437
30 1061
16 1304
19 1383
32 1201
40 1195
28 1306
35 1263
23 1174
34 1281
23 1330
36 1169
11 1029
49 1468
36 1178
17 1274
46 1010
23 1007
32 1014
26 1368
42 1343
43 1360
46 1314
20 1034
21 1321
20 1446
36 1028
32 1101
49 1310
15 1360
27 1430
49 1261
28 1439
28 1118
39 1210
16 1029
19 1147
39 1237
17 1340
36 1027
20 1299
11 1130
20 1400
27 1022
48 1270
34 1246
13 1063
11 1237
29 1382
37 1389
25 1162
28 1013
42 1330
35 1459
32 1348
32 1266
29 1330
35 1240
49 1439
19 1427
47 1084
32 1333
41 1004
21 1307
46 1000
49 1057
29 1344
28 1401
49 1308
28 1249
24 1172
39 1432
49 1168
30 1397
35 1392
10 1211
40 1128
14 1123
24 1411
31 1061
46 1428
29 1429
39 1322
27 1113
24 1365
38 1079
21 1140
45 1024
12 1219
13 1069
18 1445
13 1025
21 1255
48 1111
43 1045
25 1245
37 1070
20 1152
34 1402
41 1143
27 1425
38 1235
36 1031
17 1459
17 1278
34 1421
16 1469
29 1046
18 1370
11 1080
47 1220
24 1425
44 1431
16 1112
40 1015
44 1252
12 1286
20 1382
40 1242
35 1155
43 1240
30 1126
48 1351
47 1314
13 1227
24 1387
48 1235
13 1469
46 1459
31 1470
37 1101
49 1205
19 1311
32 1457
20 1480
43 1125
35 1294
24 1481
37 1416
12 1171
45 1236
42 1366
26 1003
31 1480
26 1175
45 1281
33 1236
15 1353
24 1263
11 1487
35 1363
34 1074
25 1312
33 1198
46 1433
29 1253
16 1449
33 1426
16 1274
19 1438
30 1016
21 1434
45 1010
48 1268
37 1054
32 1245
48 1067
13 1335
10 1268
28 1028
18 1254
14 1078
17 1041
44 1082
41 1454
24 1096
27 1192
18 1292
17 1408
34 1341
15 1075
11 1203
40 1422
39 1429
19 1284
33 1385
16 1368
32 1486
47 1380
43 1040
18 1243
21 1467
35 1204
34 1314
32 1413
46 1250
24 1043
15 1400
40 1074
35 1021
11 1264
20 1229
22 1266
13 1382
37 1031
31 1034
24 1497
17 1054
26 1368
16 1083
25 1140
27 1187
24 1036
30 1196
38 1448
44 1037
49 1444
16 1073
47 1329
26 1195
19 1176
44 1031
21 1406
14 1404
28 1047
40 1164
33 1314
27 1226
28 1055
23 1118
34 1367
38 1352
47 1053
30 1182
27 1086
23 1293
13 1291
15 1045
11 1404
20 1363
44 1412
42 1294
17 1212
40 1361
30 1456
18 1214
32 1147
47 1349
18 1407
29 1064
47 1319
29 1229
17 1342
33 1335
23 1053
34 1360
35 1130
10 1330
35 1071
49 1317
15 1273
37 1454
36 1089
30 1020
37 1179
41 1202
10 1026
33 1092
12 1134
16 1355
32 1100
24 1376
45 1381
18 1174
49 1103
37 1430
12 1293
28 1333
25 1152
29 1199
45 1081
47 1291
31 1335
13 1038
40 1176
36 1340
14 1207
28 1316
11 1018
47 1411
28 1458
42 1068
43 1091
14 1043
29 1305
23 1018
38 1422
13 1224
47 1064
12 1019
44 1289
10 1230
26 1106
48 1301
26 1260
31 1180
30 1066
14 1085
35 1046
21 1194
43 1176
19 1230
21 1133
14 1249
32 1312
36 1138
31 1426
20 1372
20 1412
14 1268
43 1456
35 1238
25 1011
31 1466
34 1151
13 1317
29 1037
29 1449
16 1464
20 1370
32 1320
35 1237
26 1204
34 1217
30 1362
14 1269
25 1025
40 1438
31 1348
13 1321
37 1317
19 1122
49 1292
32 1136
21 1185
24 1282
26 1113
42 1186
36 1433
37 1235
12 1012
38 1339
42 1099
31 1190
49 1300
48 1258
40 1248
40 1294
24 1324
29 1089
19 1218
42 1239
18 1222
37 1472
47 1142
29 1343
33 1365
44 1419
18 1073
24 1095
46 1164
34 1110
19 1104
11 1396
16 1076
11 1263
42 1305
28 1135
27 1240
48 1028
44 1177
20 1151
40 1279
44 1383
32 1306
29 1375
12 1072
45 1070
21 1327
46 1255
33 1491
16 1121
43 1384
17 1254
16 1057
19 1491
31 1023
15 1322
15 1051
29 1206
26 1299
15 1129
16 1332
46 1481
27 1404
42 1415
39 1051
29 1043
16 1332
41 1497
31 1443
45 1226
24 1172
43 1289
39 1179
22 1049
49 1162
49 1084
43 1158
31 1436
25 1066
11 1288
36 1214
44 1228
38 1093
39 1138
15 1346
43 1331
10 1073
48 1085
13 1131
26 1036
13 1182
18 1174
24 1433
37 1356
22 1023
14 1215
44 1121
36 1099
30 1276
32 1327
32 1333
45 1185
30 1171
16 1255
28 1027
44 1230
38 1315
42 1147
29 1468
40 1010
41 1089
12 1140
25 1483
45 1160
11 1293
10 1410
42 1088
34 1353
15 1450
14 1427
49 1349
45 1326
28 1127
30 1081
29 1036
24 1213
34 1079
37 1134
33 1475
43 1029
48 1189
32 1175
24 1227
40 1054
46 1426
23 1322
42 1131
42 1060
27 1093
16 1015
14 1241
24 1471
24 1270
12 1072
36 1415
44 1186
18 1446
23 1458
40 1361
38 1098
26 1433
42 1276
17 1052
34 1041
13 1364
34 1290
24 1375
17 1093
36 1096
11 1067
42 1423
25 1374
34 1465
25 1377
41 1343
23 1069
12 1492
20 1379
24 1255
37 1318
38 1294
31 1281
45 1465
47 1337
15 1352
30 1217
48 1223
21 1399
16 1445
26 1460
19 1040
32 1349
21 1162
20 1272
49 1308
24 1092
29 1403
14 1243
41 1103
47 1483
13 1315
38 1301
14 1196
48 1147
40 1120
40 1001
33 1257
39 1266
49 1319
29 1268
10 1220
19 1302
42 1071
11 1493
44 1100
19 1161
27 1115
25 1166
22 1162
19 1109
26 1407
45 1421
20 1182
48 1264
34 1070
37 1396
30 1113
34 1441
20 1319
13 1104
24 1174
21 1278
42 1253
42 1365
36 1031
20 1126
27 1193
44 1213
21 1040
15 1392
27 1478
39 1339
11 1016
45 1228
48 1211
30 1149
28 1232
24 1054
17 1301
13 1019
16 1143
42 1388
42 1105
45 1324
19 1032
20 1160
28 1418
49 1469
27 1325
11 1449
49 1285
46 1087
20 1265
30 1098
16 1418
41 1476
11 1237
27 1027
40 1471
29 1042
44 1376
15 1413
46 1086
21 1341
19 1030
24 1387
35 1343
47 1453
48 1493
44 1409
12 1341
49 1102
45 1112
38 1010
39 1053
10 1123
32 1485
17 1334
17 1383
13 1161
28 1207
33 1343
48 1001
31 1351
23 1125
40 1025
45 1485
34 1332
26 1331
17 1262
31 1436
27 1495
42 1246
16 1464
16 1210
17 1139
26 1290
47 1169
19 1444
36 1398
49 1273
17 1314
48 1393
13 1036
10 1302
42 1374
46 1492
22 1041
48 1359
37 1295
47 1161
39 1075
49 1439
38 1409
15 1256
39 1036
25 1112
18 1225
48 1289
43 1161
10 1422
39 1087
37 1032
21 1453
49 1378
49 1213
22 1036
37 1365
25 1423
37 1111
32 1217
12 1207
32 1183
16 1186
31 1265
32 1028
31 1014
35 1243
38 1179
22 1215
47 1294
26 1134
11 1427
47 1384
20 1471
18 1389
33 1325
22 1450
15 1410
49 1237
31 1319
42 1116
17 1179
33 1269
34 1156
24 1049
13 1275
42 1181
19 1448
31 1275
30 1451
21 1169
11 1050
12 1163
11 1052
26 1468
42 1046
15 1061
14 1459
15 1122
13 1175
39 1299
16 1070
19 1378
19 1472
15 1309
16 1185
20 1185
22 1190
31 1335
38 1321
14 1067
22 1274
10 1353
25 1185
10 1278
49 1304
41 1137
20 1186
49 1310
20 1144
28 1257
45 1491
36 1446
15 1410
20 1298
45 1439
12 1079
47 1477
43 1029
40 1389
43 1374
25 1252
48 1201
43 1033
31 1428
22 1339
16 1259
41 1424
22 1037
21 1212
25 1041
20 1115
47 1269
33 1285
37 1405
37 1150
10 1357
30 1208
41 1217
22 1123
10 1162
48 1060
38 1452
15 1159
32 1279
36 1028
15 1444
44 1031
26 1411
43 1021
33 1132
45 1019
45 1200
25 1203
20 1154
31 1244
45 1186
19 1040
19 1488
27 1285
38 1498
45 1392
30 1231
37 1424
26 1048
18 1295
13 1076
15 1124
48 1423
15 1116
17 1058
31 1168
19 1373
29 1448
20 1411
44 1367
25 1284
19 1461
40 1058
29 1489
29 1256
41 1468
23 1042
39 1220
27 1115
19 1020
49 1421
17 1426
31 1441
25 1444
23 1005
43 1451
12 1364
19 1076
12 1102
25 1395
18 1449
28 1184
16 1265
44 1037
20 1252
17 1338
14 1482
14 1357
48 1278
33 1334
48 1316
32 1253
22 1279
38 1428
38 1302
42 1076
33 1219
48 1409
31 1262
45 1415
31 1303
14 1384
46 1320
49 1440
16 1497
22 1067
22 1152
35 1089
10 1171
24 1305
39 1376
46 1000
16 1078
49 1241
27 1135
46 1146
19 1363
30 1352
40 1163
18 1129
29 1238
45 1381
45 1348
41 1111
40 1299
44 1481
28 1310
42 1349
22 1454
21 1263
47 1146
18 1256
30 1118
42 1015
46 1265
11 1174
27 1414
31 1457
11 1364
28 1261
41 1116
46 1045
30 1219
43 1410
24 1096
34 1084
47 1466
14 1384
29 1246
13 1404
44 1030
11 1465
46 1033
42 1038
42 1243
16 1420
49 1055
39 1435
29 1249
41 1126
37 1366
10 1479
27 1278
11 1080
37 1242
11 1169
18 1462
30 1088
47 1364
20 1022
44 1024
36 1217
37 1042
17 1347
14 1347
14 1028
30 1095
45 1495
38 1180
24 1044
15 1003
35 1230
27 1117
17 1331
31 1067
30 1148
34 1180
22 1373
28 1447
34 1488
19 1427
17 1420
34 1051
42 1049
28 1074
19 1181
12 1062
48 1469
25 1317
46 1492
31 1000
47 1346
45 1381
41 1477
38 1460
33 1481
42 1436
13 1089
38 1332
34 1249
16 1013
45 1017
22 1379
46 1498
36 1292
13 1091
37 1128
46 1349
47 1156
26 1419
20 1184
23 1198
13 1125
44 1092
24 1196
48 1007
22 1443
31 1212
10 1113
37 1174