4500 5000
30 1158
44 1419
17 1443
21 1367
31 1370
49 1086
38 1300
44 1320
49 1211
28 1098
16 1310
40 1403
31 1186
34 1008
10 1143
30 1038
47 1133
19 1408
41 1331
33 1285
13 1021
24 1414
11 1356
16 1401
31 1461
37 1324
11 1187
11 1260
17 1002
45 1496
18 1090
44 1144
45 1428
38 1257
48 1486
30 1080
18 1153
47 1103
47 1030
47 1392
40 1056
39 1499
25 1362
23 1338
13 1126
23 1493
43 1426
17 1230
23 1329
10 1172
13 1326
34 1153
15 1169
13 1279
15 1067
11 1278
14 1428
28 1091
14 1311
35 1472
22 1457
12 1007
49 1184
39 1452
37 1379
15 1345
45 1375
22 1180
11 1418
37 1192
49 1180
21 1250
35 1218
42 1141
18 1194
23 1273
10 1320
20 1186
30 1376
30 1217
36 1293
23 1119
46 1065
46 1461
11 1288
49 1027
48 1396
31 1488
47 1122
32 1418
11 1181
13 1377
13 1404
27 1138
38 1426
48 1363
46 1119
13 1236
43 1257
17 1415
25 1127
25 1345
47 1315
33 1335
17 1225
42 1052
34 1400
48 1182
21 1124
13 1341
12 1448
35 1338
21 1086
36 1432
42 1379
43 1483
24 1465
46 1058
14 1043
31 1223
23 1156
19 1368
49 1444
23 1476
39 1200
49 1234
48 1345
10 1430
33 1252
37 1246
15 1313
17 1370
15 1250
20 1137
32 1312
28 1369
45 1476
43 1204
24 1430
43 1452
48 1301
30 1118
15 1085
12 1220
38 1180
21 1333
24 1416
25 1131
12 1083
48 1291
48 1276
26 1193
41 1457
14 1284
41 1181
29 1256
20 1432
29 1307
33 1262
30 1460
25 1190
24 1249
25 1113
29 1253
33 1170
10 1141
24 1029
32 1328
48 1392
19 1242
11 1276
40 1106
43 1343
28 1087
30 1309
31 1498
42 1180
23 1102
45 1498
16 1047
37 1210
32 1374
15 1070
43 1429
16 1131
35 1077
26 1440
11 1248
13 1203
35 1457
19 1492
40 1217
13 1039
36 1312
21 1118
28 1459
39 1114
39 1059
14 1151
41 1341
33 1407
37 1152
14 1427
38 1156
46 1073
48 1230
14 1254
28 1106
22 1161
14 1349
14 1443
28 1194
43 1306
31 1260
23 1258
32 1370
22 1358
31 1203
29 1358
20 1232
22 1204
31 1393
13 1139
37 1494
24 1497
17 1349
10 1032
28 1282
35 1248
30 1414
27 1148
49 1407
37 1311
42 1067
47 1082
20 1238
48 1159
34 1083
37 1411
24 1270
38 1467
35 1073
32 1419
17 1261
19 1468
45 1376
46 1348
20 1363
20 1488
46 1475
16 1022
24 1399
29 1472
27 1229
13 1011
29 1182
10 1151
44 1050
19 1139
17 1344
49 1112
30 1294
43 1307
46 1159
41 1073
10 1495
13 1145
30 1385
49 1135
23 1003
46 1387
35 1459
19 1201
12 1247
27 1021
21 1131
33 1440
48 1124
33 1359
10 1142
33 1390
17 1164
47 1042
29 1405
48 1186
49 1375
22 1072
41 1256
44 1268
30 1306
48 1478
29 1300
14 1084
19 1226
26 1195
42 1210
29 1239
31 1286
42 1096
22 1403
11 1361
22 1287
48 1368
25 1101
24 1134
23 1471
44 1180
21 1138
49 1469
23 1449
15 1421
17 1472
26 1129
27 1402
21 1489
40 1130
49 1271
14 1123
15 1034
14 1104
11 1288
40 1335
31 1359
43 1234
21 1441
49 1476
32 1284
36 1286
36 1320
25 1410
48 1420
49 1215
41 1441
35 1053
49 1163
29 1128
43 1239
30 1495
30 1347
42 1232
10 1238
19 1327
34 1278
44 1174
36 1036
16 1309
29 1290
34 1277
26 1231
40 1495
21 1123
47 1153
22 1454
42 1370
49 1220
21 1182
16 1342
38 1027
15 1207
30 1407
34 1124
13 1322
28 1081
43 1399
21 1417
30 1408
33 1062
17 1407
26 1156
36 1096
27 1320
25 1219
45 1269
25 1468
32 1091
13 1317
19 1117
15 1146
12 1410
22 1045
44 1247
47 1251
32 1244
36 1223
27 1142
40 1107
38 1117
24 1011
25 1241
13 1333
39 1281
18 1414
38 1117
27 1136
43 1082
22 1362
12 1043
34 1161
19 1136
30 1200
18 1285
22 1190
45 1434
48 1333
42 1487
30 1023
27 1201
39 1443
30 1182
36 1347
25 1424
13 1340
15 1105
12 1070
25 1113
20 1159
13 1325
41 1484
48 1075
19 1235
34 1383
43 1137
11 1046
24 1392
35 1140
33 1465
11 1324
34 1321
40 1068
31 1268
40 1053
12 1089
39 1335
12 1072
23 1128
46 1174
35 1280
31 1333
30 1268
36 1023
17 1485
32 1416
27 1024
31 1413
42 1436
21 1485
46 1485
33 1084
19 1105
43 1458
27 1153
21 1114
44 1163
15 1225
16 1469
47 1477
23 1348
15 1263
47 1490
49 1319
10 1341
15 1417
15 1218
23 1009
46 1413
25 1175
30 1220
30 1413
25 1243
44 1291
10 1382
34 1079
30 1271
12 1047
18 1313
46 1311
12 1012
10 1326
11 1131
37 1253
36 1418
20 1156
11 1001
12 1247
41 1049
13 1063
15 1464
15 1034
32 1023
16 1401
26 1141
16 1444
32 1420
16 1133
19 1363
22 1441
41 1226
47 1421
18 1001
39 1447
42 1068
48 1146
17 1014
35 1337
45 1194
30 1090
26 1440
33 1439
19 1086
30 1391
38 1242
27 1231
12 1295
38 1389
29 1401
25 1021
10 1454
47 1206
32 1342
40 1254
13 1071
28 1436
38 1122
32 1368
30 1102
41 1373
42 1311
44 1033
33 1155
28 1381
33 1343
14 1194
11 1068
37 1380
23 1411
33 1072
40 1496
37 1186
38 1094
47 1056
40 1459
18 1042
37 1285
35 1295
12 1327
36 1391
49 1260
24 1000
27 1327
37 1468
28 1250
21 1028
23 1038
37 1261
15 1089
12 1202
39 1388
41 1287
45 1037
21 1317
16 1044
35 1236
21 1385
34 1201
47 1410
13 1064
42 1246
41 1183
48 1275
18 1270
35 1038
46 1389
46 1097
31 1099
11 1475
23 1010
20 1302
23 1446
45 1143
36 1133
40 1191
48 1403
39 1331
33 1468
22 1486
21 1368
25 1035
45 1421
38 1048
46 1204
45 1267
13 1492
25 1023
15 1189
37 1246
46 1116
23 1299
41 1087
17 1318
31 1373
28 1021
12 1117
22 1203
13 1335
13 1416
14 1096
29 1223
11 1085
12 1250
43 1120
30 1112
44 1272
28 1311
40 1071
16 1388
25 1494
29 1331
21 1297
15 1142
12 1222
47 1152
48 1288
40 1281
37 1134
22 1374
20 1258
48 1417
47 1372
37 1365
10 1221
20 1333
26 1046
30 1281
44 1217
15 1451
14 1356
15 1422
34 1480
23 1416
37 1019
37 1088
34 1407
15 1125
46 1083
43 1103
49 1395
16 1482
15 1484
21 1382
16 1309
41 1276
21 1391
37 1290
15 1352
30 1286
26 1079
15 1301
16 1091
49 1083
40 1106
36 1027
19 1392
28 1170
43 1183
43 1205
39 1386
33 1059
36 1386
10 1307
39 1224
43 1280
35 1227
29 1185
30 1031
17 1175
14 1448
10 1080
43 1316
11 1307
29 1404
41 1154
45 1315
13 1418
48 1397
44 1058
12 1390
28 1242
25 1059
20 1001
13 1385
10 1007
12 1379
16 1440
32 1132
32 1075
23 1363
46 1166
23 1351
32 1280
32 1248
26 1047
11 1167
47 1399
47 1473
18 1104
15 1472
10 1223
18 1373
42 1039
48 1219
11 1380
11 1211
37 1141
38 1209
12 1269
18 1172
45 1168
29 1028
48 1102
28 1013
44 1421
41 1107
43 1466
14 1086
10 1096
18 1022
11 1436
14 1467
47 1354
39 1286
25 1291
26 1346
25 1337
11 1403
36 1407
23 1021
10 1040
25 1279
30 1272
19 1360
22 1014
20 1031
26 1028
44 1155
14 1093
19 1450
43 1079
13 1460
35 1302
14 1208
31 1126
41 1458
37 1120
44 1123
24 1099
24 1107
19 1357
28 1108
45 1380
31 1383
49 1372
16 1135
45 1131
19 1327
37 1233
29 1207
23 1215
17 1444
25 1346
47 1067
12 1261
23 1195
35 1310
31 1094
36 1249
16 1420
23 1289
28 1383
30 1299
23 1105
12 1260
27 1314
26 1296
44 1177
24 1112
46 1322
16 1001
24 1172
46 1082
35 1260
24 1386
22 1258
23 1045
27 1243
36 1191
47 1246
37 1339
20 1202
36 1219
36 1411
42 1110
14 1417
11 1311
46 1260
44 1001
48 1272
48 1398
38 1225
47 1028
31 1420
21 1011
39 1180
21 1300
18 1009
30 1120
16 1199
25 1000
27 1152
29 1057
23 1090
18 1395
31 1010
18 1460
10 1004
38 1419
33 1044
41 1437
17 1099
10 1132
13 1370
32 1065
45 1485
27 1304
28 1081
43 1175
15 1430
35 1297
48 1012
18 1147
15 1016
35 1443
10 1148
49 1169
40 1449
11 1119
39 1111
39 1099
30 1367
22 1194
49 1186
15 1041
17 1200
46 1239
26 1441
15 1165
22 1124
31 1036
15 1150
37 1217
47 1120
18 1491
26 1375
45 1083
42 1279
47 1146
15 1402
29 1447
36 1296
46 1196
12 1298
10 1002
48 1238
18 1271
18 1207
17 1099
12 1110
28 1261
45 1303
33 1447
27 1219
29 1088
22 1398
38 1173
29 1063
31 1309
14 1108
11 1393
43 1392
47 1153
30 1107
18 1372
35 1470
48 1385
12 1142
19 1200
22 1064
34 1075
10 1230
42 1252
48 1161
28 1015
25 1145
23 1362
16 1179
22 1351
32 1468
17 1305
48 1471
40 1390
43 1125
40 1435
15 1103
17 1427
17 1077
20 1174
36 1489
40 1203
47 1307
17 1498
34 1217
36 1111
32 1357
16 1017
37 1011
19 1032
46 1112
27 1074
29 1341
16 1299
13 1097
35 1241
36 1300
19 1461
35 1327
35 1449
24 1324
35 1450
28 1124
23 1115
36 1060
41 1117
25 1012
15 1250
47 1374
46 1107
13 1413
29 1167
30 1339
25 1133
32 1093
15 1124
30 1290
10 1227
49 1460
29 1372
46 1033
18 1011
31 1039
18 1413
42 1330
32 1345
16 1144
28 1045
17 1280
30 1346
37 1365
46 1331
44 1231
25 1254
21 1434
15 1217
28 1167
19 1124
33 1306
17 1274
27 1164
20 1278
47 1465
10 1371
34 1010
36 1378
14 1441
29 1071
30 1212
26 1354
19 1378
26 1314
23 1190
30 1078
38 1035
22 1065
19 1464
46 1224
34 1401
23 1085
49 1032
47 1322
41 1347
46 1138
20 1162
33 1351
11 1304
33 1142
10 1193
47 1302
43 1118
47 1296
31 1461
25 1403
47 1016
18 1045
12 1051
10 1477
35 1350
25 1461
27 1342
34 1421
10 1497
46 1115
10 1070
10 1176
36 1353
47 1242
19 1135
27 1269
40 1193
26 1392
36 1183
42 1330
39 1369
18 1197
18 1187
29 1349
22 1246
14 1465
33 1315
32 1369
48 1368
30 1110
28 1130
35 1407
37 1015
21 1115
17 1133
15 1106
41 1402
44 1006
27 1130
14 1301
28 1340
38 1432
15 1316
14 1057
13 1059
24 1358
23 1499
37 1276
39 1089
24 1383
39 1220
39 1103
28 1401
45 1030
37 1233
36 1325
32 1478
10 1134
10 1187
20 1382
48 1144
45 1205
27 1459
25 1495
36 1039
48 1241
21 1381
49 1115
43 1075
20 1327
17 1170
37 1153
22 1268
18 1427
31 1258
23 1263
12 1057
44 1223
13 1004
17 1180
37 1470
17 1087
38 1169
25 1030
38 1266
20 1458
47 1112
23 1051
20 1182
13 1374
39 1357
41 1293
22 1101
13 1319
22 1136
15 1318
19 1008
30 1183
41 1268
25 1111
41 1064
33 1299
23 1361
10 1445
19 1486
24 1004
28 1326
29 1281
38 1237
42 1433
18 1477
15 1078
47 1489
34 1310
43 1450
43 1329
43 1108
24 1395
28 1084
45 1035
15 1473
22 1390
17 1049
39 1002
31 1378
42 1439
17 1112
22 1182
29 1089
22 1062
18 1387
22 1369
16 1309
15 1363
26 1362
31 1374
22 1204
44 1457
36 1398
40 1091
47 1224
23 1044
37 1190
47 1275
22 1375
18 1149
34 1411
31 1165
30 1135
25 1426
48 1345
48 1350
16 1080
46 1244
13 1222
18 1493
15 1092
26 1416
31 1183
26 1171
15 1378
43 1206
42 1027
42 1228
34 1446
39 1461
29 1405
34 1398
45 1201
25 1201
35 1215
47 1194
11 1086
46 1495
33 1456
48 1418
38 1294
48 1139
47 1127
20 1196
25 1296
17 1280
10 1101
26 1496
30 1148
40 1474
39 1463
12 1365
47 1193
11 1402
43 1173
49 1289
29 1255
35 1026
26 1227
30 1496
22 1005
14 1242
34 1356
31 1376
38 1161
20 1316
17 1373
22 1431
13 1055
42 1304
33 1111
36 1354
30 1186
41 1183
41 1068
26 1310
27 1084
14 1181
26 1431
21 1126
18 1250
39 1002
10 1244
45 1220
12 1222
16 1417
10 1377
15 1092
21 1038
10 1135
44 1135
14 1258
38 1470
42 1421
13 1087
31 1437
15 1027
21 1415
41 1116
16 1330
23 1463
45 1062
33 1046
44 1030
46 1327
26 1298
13 1212
47 1425
41 1093
37 1360
33 1420
21 1301
28 1195
34 1330
40 1405
22 1242
13 1320
29 1087
47 1075
27 1392
42 1322
33 1163
29 1416
44 1357
44 1349
26 1319
37 1293
48 1150
35 1411
47 1054
42 1278
32 1318
27 1307
15 1103
41 1127
41 1284
49 1425
27 1236
26 1169
16 1105
38 1094
13 1176
20 1494
10 1424
32 1050
39 1397
33 1117
19 1212
28 1060
45 1042
20 1435
31 1406
33 1145
46 1245
20 1470
22 1080
30 1286
49 1044
40 1307
13 1185
48 1259
17 1021
42 1010
44 1307
20 1352
38 1162
49 1243
26 1392
13 1036
23 1433
26 1065
16 1324
26 1295
30 1080
33 1073
38 1497
19 1490
36 1178
45 1111
28 1410
46 1338
44 1434
48 1061
34 1154
40 1171
20 1332
31 1004
42 1230
42 1102
18 1454
32 1468
23 1411
37 1077
49 1100
42 1455
17 1196
20 1011
41 1081
23 1330
45 1028
34 1115
46 1002
37 1331
41 1259
32 1071
27 1190
20 1139
26 1271
37 1237
27 1073
11 1282
23 1346
13 1137
18 1312
20 1248
27 1497
12 1001
46 1220
45 1430
22 1028
20 1309
41 1159
24 1470
24 1167
41 1307
20 1318
43 1085
10 1156
39 1498
24 1445
45 1062
14 1387
49 1486
47 1297
48 1462
28 1307
27 1004
47 1146
20 1045
41 1488
32 1213
13 1145
31 1443
17 1240
32 1474
38 1204
20 1306
44 1040
19 1032
18 1087
35 1149
18 1142
40 1106
18 1359
37 1258
43 1270
34 1387
29 1455
16 1366
46 1096
31 1415
43 1277
24 1406
32 1310
48 1474
24 1444
21 1210
31 1413
40 1405
22 1079
29 1044
22 1141
16 1375
46 1320
46 1196
32 1070
23 1406
23 1159
28 1412
44 1309
39 1285
42 1275
14 1045
20 1071
40 1111
21 1309
47 1194
35 1382
24 1371
28 1489
42 1175
23 1417
18 1322
25 1236
46 1107
12 1425
40 1336
46 1402
26 1009
44 1255
10 1417
43 1172
28 1339
28 1000
31 1121
47 1262
21 1069
42 1117
48 1393
19 1205
38 1098
19 1222
45 1268
21 1427
33 1309
23 1272
18 1297
47 1408
24 1173
16 1448
13 1473
32 1050
28 1080
39 1229
49 1463
39 1111
43 1418
33 1194
27 1194
37 1039
28 1281
11 1172
17 1008
42 1021
31 1031
24 1176
40 1355
43 1016
17 1333
48 1400
49 1165
12 1123
46 1461
40 1092
39 1332
40 1078
43 1169
31 1352
11 1001
39 1197
44 1355
26 1388
24 1202
14 1267
46 1309
36 1301
46 1415
31 1284
38 1479
38 1363
32 1421
38 1398
35 1201
19 1465
35 1264
25 1393
31 1320
28 1051
49 1308
24 1453
44 1372
45 1036
11 1368
44 1447
38 1454
29 1209
39 1009
37 1173
33 1248
22 1345
15 1499
32 1458
35 1239
22 1174
24 1474
24 1290
29 1076
48 1055
31 1328
10 1029
43 1391
41 1454
22 1307
21 1091
22 1465
32 1249
43 1337
31 1226
11 1382
12 1315
12 1142
34 1325
11 1098
38 1159
49 1325
34 1072
47 1224
35 1447
47 1069
49 1116
12 1289
47 1303
26 1308
36 1223
45 1304
37 1015
23 1238
10 1444
44 1170
22 1113
13 1047
28 1141
24 1222
36 1012
15 1181
37 1276
37 1158
13 1005
49 1483
37 1415
24 1379
49 1425
12 1482
39 1183
35 1298
31 1440
35 1133
27 1082
48 1256
35 1169
24 1106
21 1026
38 1260
47 1285
30 1175
42 1108
24 1342
29 1264
12 1180
16 1284
49 1382
26 1281
33 1296
10 1194
38 1405
18 1323
25 1200
18 1333
44 1172
24 1259
35 1214
11 1155
49 1144
10 1039
13 1331
31 1035
31 1322
25 1190
36 1044
36 1109
43 1346
44 1370
13 1255
42 1473
20 1130
18 1127
19 1046
23 1345
45 1166
29 1222
19 1355
46 1109
35 1318
27 1426
23 1084
41 1488
13 1181
12 1068
40 1158
45 1060
40 1423
41 1459
25 1093
10 1051
27 1137
22 1143
14 1176
31 1165
28 1425
48 1258
40 1216
35 1141
40 1312
38 1478
26 1292
31 1418
13 1495
26 1397
11 1237
30 1438
16 1176
39 1486
21 1120
11 1200
20 1247
19 1180
26 1356
49 1389
15 1154
24 1109
34 1153
44 1363
40 1254
14 1328
49 1180
25 1105
43 1458
32 1247
23 1003
12 1405
38 1190
41 1356
21 1369
24 1152
46 1223
36 1322
20 1272
44 1129
30 1348
46 1212
12 1314
10 1189
46 1303
48 1420
20 1099
32 1193
18 1198
29 1145
28 1185
21 1235
30 1388
28 1439
39 1173
34 1016
11 1475
22 1389
41 1099
37 1152
49 1062
41 1324
28 1223
30 1139
22 1013
43 1145
38 1489
31 1450
29 1489
13 1322
44 1408
13 1028
11 1118
25 1261
49 1100
18 1303
41 1357
26 1123
10 1268
26 1413
40 1472
46 1231
49 1109
36 1104
30 1379
14 1127
18 1033
22 1009
44 1270
32 1271
23 1228
22 1382
40 1371
18 1446
33 1296
24 1346
37 1124
17 1240
47 1259
12 1146
31 1240
44 1046
49 1070
35 1383
48 1159
37 1090
20 1089
46 1160
11 1163
18 1395
24 1241
29 1168
10 1487
44 1088
38 1371
20 1272
14 1411
27 1359
25 1178
45 1181
39 1055
35 1323
45 1499
47 1326
19 1384
48 1416
37 1264
20 1404
23 1331
14 1136
42 1415
16 1309
36 1185
25 1178
14 1231
26 1363
30 1224
31 1048
38 1307
41 1464
36 1492
36 1456
21 1396
16 1016
17 1463
10 1333
35 1227
28 1331
43 1336
31 1373
45 1315
40 1134
12 1214
29 1422
28 1412
32 1152
16 1295
49 1498
41 1270
34 1284
22 1370
22 1361
46 1174
38 1372
41 1465
48 1222
28 1443
24 1486
48 1293
26 1351
14 1094
23 1050
40 1167
32 1424
21 1035
35 1455
40 1080
28 1320
43 1178
21 1352
25 1238
39 1366
14 1445
10 1204
25 1169
15 1204
11 1164
36 1109
13 1444
12 1061
43 1043
37 1197
41 1448
34 1330
22 1379
24 1160
23 1494
32 1000
21 1165
49 1290
44 1271
46 1340
18 1063
38 1276
40 1049
29 1338
24 1117
13 1215
38 1011
24 1464
30 1358
14 1202
25 1358
46 1156
41 1417
36 1266
33 1463
11 1448
25 1108
11 1376
10 1264
35 1369
48 1116
30 1287
14 1391
17 1281
23 1494
22 1190
36 1035
22 1371
25 1241
14 1083
10 1212
28 1013
14 1032
11 1232
12 1485
29 1257
10 1017
18 1381
41 1379
12 1082
20 1458
22 1299
29 1158
11 1013
28 1049
15 1471
26 1241
41 1425
47 1213
16 1007
15 1448
28 1280
18 1466
39 1237
48 1088
45 1182
46 1309
17 1413
46 1375
40 1032
37 1028
33 1183
35 1151
25 1235
16 1150
20 1028
22 1341
17 1228
22 1423
38 1138
36 1492
36 1467
23 1124
31 1171
25 1017
24 1193
46 1378
47 1422
18 1095
20 1471
11 1212
36 1355
49 1439
44 1074
18 1137
46 1243
31 1158
36 1280
14 1086
32 1213
45 1035
15 1105
40 1430
41 1183
47 1260
28 1074
11 1460
34 1047
12 1137
10 1347
37 1332
49 1420
46 1422
16 1220
26 1019
22 1002
36 1376
32 1055
38 1435
24 1249
12 1063
11 1259
16 1252
10 1211
22 1375
34 1264
32 1165
24 1258
24 1028
41 1230
37 1208
43 1483
11 1496
38 1081
43 1029
48 1143
17 1104
16 1323
46 1360
20 1087
32 1392
14 1039
17 1031
43 1420
26 1316
49 1387
49 1408
36 1393
28 1270
39 1008
28 1487
14 1236
28 1270
47 1351
20 1318
46 1254
45 1135
41 1358
28 1078
23 1499
48 1049
39 1305
47 1424
49 1478
38 1362
21 1352
12 1497
15 1230
43 1461
26 1137
47 1174
27 1046
48 1252
46 1378
46 1229
12 1329
41 1040
43 1232
12 1282
31 1354
48 1093
22 1354
49 1380
25 1178
28 1464
31 1190
43 1274
19 1027
42 1481
27 1292
15 1077
34 1063
39 1349
22 1059
41 1037
21 1368
36 1130
35 1493
28 1438
23 1038
13 1350
13 1319
38 1314
24 1320
29 1192
49 1353
24 1348
23 1015
21 1195
27 1347
25 1395
28 1487
25 1394
28 1498
25 1155
47 1355
40 1180
26 1284
14 1382
31 1033
30 1136
33 1146
49 1259
41 1234
12 1191
36 1035
44 1179
27 1074
22 1218
40 1421
36 1243
26 1392
48 1489
30 1424
10 1368
33 1231
45 1142
45 1185
27 1287
24 1028
22 1076
42 1028
29 1097
38 1122
41 1013
16 1000
16 1327
40 1037
17 1054
41 1371
37 1047
12 1252
24 1099
28 1340
36 1486
13 1288
14 1102
14 1117
34 1024
19 1060
35 1467
30 1113
45 1084
11 1378
26 1187
25 1261
48 1114
28 1296
40 1494
20 1462
33 1247
15 1468
24 1106
21 1157
15 1217
30 1498
14 1352
10 1132
35 1225
40 1403
41 1449
41 1172
21 1302
23 1476
43 1147
43 1217
44 1062
27 1044
45 1259
21 1004
47 1137
10 1174
14 1109
40 1448
39 1207
10 1283
43 1228
37 1317
24 1057
46 1247
22 1188
35 1269
28 1358
35 1343
20 1115
22 1486
27 1195
32 1140
23 1168
23 1067
34 1394
29 1247
28 1178
27 1068
21 1087
13 1180
28 1436
24 1095
26 1122
21 1241
30 1471
35 1376
44 1485
35 1369
30 1144
39 1290
30 1100
18 1427
13 1135
27 1309
22 1413
28 1271
29 1133
14 1240
26 1479
48 1324
39 1007
37 1381
45 1234
35 1145
28 1157
22 1487
45 1228
10 1046
21 1054
26 1174
12 1052
22 1208
20 1257
36 1192
22 1338
12 1382
16 1086
37 1490
37 1442
10 1065
45 1485
11 1345
10 1117
19 1327
22 1405
28 1220
21 1405
34 1133
37 1342
35 1389
44 1482
27 1197
24 1152
31 1452
42 1162
14 1430
45 1057
17 1172
33 1278
45 1053
15 1416
24 1199
16 1327
27 1459
43 1062
24 1370
20 1037
43 1423
33 1039
14 1304
18 1183
31 1004
33 1443
11 1065
47 1372
14 1199
36 1096
26 1367
21 1353
37 1131
32 1172
37 1495
47 1291
36 1136
46 1110
11 1488
17 1267
14 1005
37 1415
10 1198
27 1198
44 1006
31 1401
41 1208
22 1380
34 1204
43 1048
27 1417
25 1109
36 1241
47 1022
16 1251
34 1350
12 1142
12 1348
43 1070
35 1056
35 1098
39 1332
48 1428
15 1263
22 1129
24 1124
18 1192
37 1171
45 1039
18 1387
48 1142
10 1442
40 1337
43 1095
42 1053
13 1202
34 1080
22 1282
33 1208
16 1224
36 1439
12 1461
36 1048
34 1079
17 1392
20 1486
47 1482
23 1051
17 1394
30 1260
42 1043
22 1180
14 1275
39 1490
14 1220
14 1050
11 1140
29 1308
38 1100
19 1303
23 1276
12 1285
35 1172
21 1219
18 1287
19 1451
46 1262
19 1432
27 1148
38 1429
39 1014
36 1199
32 1047
30 1154
29 1253
17 1356
37 1008
31 1348
13 1436
18 1250
47 1402
38 1195
16 1346
25 1494
20 1243
27 1089
36 1495
39 1495
32 1198
41 1371
23 1300
36 1451
45 1212
16 1286
34 1217
41 1113
45 1189
19 1027
13 1440
46 1364
37 1225
11 1322
35 1184
14 1291
40 1136
15 1123
49 1094
49 1217
43 1073
48 1485
39 1447
13 1313
45 1495
39 1299
46 1481
18 1422
44 1373
38 1144
13 1258
23 1395
47 1296
33 1379
35 1061
48 1278
47 1317
25 1239
40 1242
25 1125
48 1281
12 1077
46 1389
28 1358
14 1022
49 1398
11 1121
44 1236
18 1421
17 1344
13 1062
16 1418
11 1061
45 1474
33 1239
27 1131
45 1434
15 1319
24 1342
14 1442
45 1193
28 1226
19 1205
35 1071
47 1415
20 1039
36 1446
19 1368
24 1299
12 1270
15 1130
42 1393
42 1351
10 1353
23 1111
46 1430
29 1260
29 1448
13 1496
47 1277
24 1002
24 1422
35 1309
15 1438
40 1082
46 1271
18 1420
46 1395
32 1385
16 1251
30 1079
33 1250
47 1109
11 1495
39 1019
44 1406
31 1495
39 1404
17 1237
19 1280
26 1175
14 1483
18 1198
38 1392
33 1145
34 1498
36 1243
13 1233
39 1264
45 1111
47 1211
33 1333
18 1159
12 1004
48 1088
46 1103
45 1461
27 1182
47 1449
10 1324
49 1384
31 1093
11 1039
16 1102
32 1357
11 1475
37 1317
44 1082
18 1144
33 1066
48 1186
45 1262
37 1097
30 1442
34 1458
34 1111
20 1249
28 1445
47 1218
37 1370
36 1449
43 1265
24 1171
18 1094
13 1388
14 1209
25 1389
40 1342
37 1333
14 1318
25 1480
29 1229
24 1201
21 1193
18 1189
11 1196
15 1159
39 1206
24 1045
20 1215
21 1078
30 1333
15 1426
35 1107
32 1275
23 1353
12 1244
31 1235
34 1454
19 1241
49 1257
13 1365
30 1152
26 1240
24 1293
43 1458
37 1293
10 1304
25 1156
11 1031
26 1358
15 1498
39 1443
12 1299
42 1132
49 1473
48 1234
27 1347
20 1423
11 1459
45 1187
32 1108
36 1361
48 1077
40 1126
21 1005
20 1270
44 1257
33 1472
20 1056
13 1441
27 1082
16 1055
31 1262
24 1280
30 1253
48 1274
28 1158
37 1144
45 1212
46 1080
28 1251
18 1075
41 1087
18 1344
28 1467
13 1110
26 1253
39 1043
30 1051
40 1232
12 1155
28 1051
45 1165
14 1192
12 1200
27 1293
34 1076
27 1434
19 1450
42 1308
49 1186
44 1138
24 1125
32 1410
23 1282
33 1353
16 1458
39 1098
42 1058
46 1122
18 1035
19 1389
12 1237
23 1358
29 1061
20 1348
18 1405
49 1153
39 1463
47 1340
36 1058
14 1155
45 1191
26 1396
19 1333
41 1411
34 1260
11 1303
37 1100
42 1192
37 1343
15 1054
12 1266
40 1164
38 1289
34 1107
24 1265
22 1095
14 1309
36 1242
21 1057
27 1200
24 1131
30 1080
12 1203
48 1380
27 1484
27 1462
39 1050
24 1478
19 1334
21 1249
16 1180
24 1411
15 1427
18 1140
30 1108
30 1101
20 1293
15 1310
40 1157
28 1156
16 1414
25 1435
46 1039
48 1251
25 1032
42 1246
19 1137
41 1081
18 1140
36 1371
35 1044
24 1093
28 1078
27 1497
42 1083
32 1296
21 1246
31 1494
34 1386
36 1460
30 1458
23 1261
40 1450
20 1025
33 1053
13 1343
49 1430
45 1475
25 1349
21 1435
37 1385
38 1439
23 1071
32 1352
18 1117
34 1026
31 1055
25 1351
33 1480
10 1459
22 1413
18 1466
26 1405
49 1424
28 1246
29 1049
33 1289
17 1404
23 1363
20 1279
41 1101
11 1349
39 1065
18 1264
44 1308
45 1106
44 1089
21 1443
20 1477
12 1037
16 1048
13 1322
22 1325
49 1365
39 1110
23 1426
38 1053
25 1246
20 1384
38 1443
47 1006
46 1421
31 1494
22 1413
19 1313
41 1098
35 1016
29 1220
12 1097
17 1401
47 1121
40 1348
25 1416
30 1361
36 1058
24 1281
41 1151
45 1252
42 1340
17 1482
12 1234
12 1200
15 1350
15 1466
23 1421
27 1430
11 1115
41 1130
44 1301
35 1370
10 1443
23 1183
24 1449
44 1383
18 1042
28 1032
21 1416
27 1013
44 1133
38 1084
34 1390
32 1154
31 1411
16 1024
21 1381
22 1280
45 1434
24 1380
23 1196
15 1288
36 1388
17 1076
20 1227
45 1471
18 1356
48 1347
16 1400
15 1388
10 1070
20 1487
37 1221
25 1017
44 1385
40 1253
28 1143
26 1092
29 1237
29 1145
17 1325
36 1149
33 1161
19 1382
35 1244
40 1494
19 1308
36 1332
38 1358
23 1214
44 1117
29 1360
34 1080
38 1243
23 1382
36 1468
20 1370
20 1056
26 1366
21 1283
44 1184
37 1222
17 1307
30 1106
20 1451
24 1358
32 1183
44 1068
45 1171
30 1293
32 1402
12 1164
20 1326
37 1026
14 1354
39 1474
16 1327
35 1286
22 1455
46 1056
16 1019
27 1345
41 1155
31 1300
22 1143
29 1025
40 1286
46 1474
16 1193
47 1478
41 1151
27 1172
46 1232
16 1428
14 1141
44 1374
38 1187
48 1131
20 1028
40 1052
24 1002
14 1239
48 1499
33 1059
13 1235
20 1090
47 1329
45 1131
37 1078
28 1366
43 1038
20 1412
35 1375
21 1087
25 1359
28 1186
17 1007
33 1288
23 1300
47 1249
33 1352
16 1116
34 1412
14 1003
39 1084
17 1287
23 1081
24 1402
47 1373
29 1499
17 1029
22 1202
25 1208
45 1154
38 1112
46 1232
48 1350
10 1457
16 1177
13 1176
12 1056
32 1439
18 1259
40 1082
22 1256
14 1395
49 1053
18 1471
26 1323
49 1464
11 1019
47 1118
26 1082
37 1305
31 1381
38 1089
38 1418
23 1246
38 1434
33 1417
43 1337
40 1261
23 1137
20 1059
40 1150
45 1317
28 1139
11 1440
18 1291
34 1108
30 1150
14 1407
33 1250
11 1299
26 1005
34 1049
38 1324
32 1324
35 1264
18 1425
29 1371
18 1122
31 1399
45 1497
18 1305
18 1228
19 1055
34 1057
31 1097
32 1445
33 1266
33 1465
24 1307
19 1284
22 1105
17 1306
25 1203
23 1106
17 1073
40 1473
22 1415
43 1390
16 1468
36 1462
12 1363
26 1312
34 1110
48 1247
36 1072
38 1337
11 1369
32 1435
14 1122
28 1342
11 1337
41 1256
46 1309
45 1203
37 1292
49 1427
13 1083
42 1108
27 1189
30 1399
44 1461
17 1363
24 1218
14 1260
25 1085
48 1406
14 1273
36 1091
28 1078
15 1499
12 1344
22 1224
15 1114
24 1335
28 1373
34 1101
29 1185
11 1330
15 1211
25 1127
48 1123
22 1422
37 1090
31 1043
16 1332
49 1351
32 1316
41 1407
35 1380
14 1012
49 1375
32 1477
18 1092
36 1037
40 1095
47 1407
30 1329
47 1056
37 1402
35 1256
19 1298
18 1067
33 1178
39 1250
23 1274
34 1392
48 1356
42 1404
33 1330
43 1369
41 1346
20 1415
27 1079
13 1167
20 1323
31 1004
21 1076
22 1075
31 1170
25 1118
37 1086
14 1111
30 1338
19 1317
19 1129
45 1440
20 1368
10 1233
11 1069
36 1089
32 1450
23 1351
30 1218
48 1421
25 1258
12 1345
36 1075
41 1430
15 1269
41 1414
41 1115
46 1455
47 1443
24 1055
40 1300
30 1399
49 1445
45 1108
46 1316
33 1463
27 1120
19 1112
10 1440
14 1010
30 1397
36 1085
39 1002
11 1318
26 1173
23 1350
21 1219
46 1372
17 1024
30 1383
16 1237
43 1148
16 1123
42 1308
10 1180
44 1089
12 1267
33 1474
37 1488
22 1076
16 1233
42 1398
15 1126
12 1234
10 1458
25 1187
44 1240
12 1007
27 1390
48 1127
22 1040
18 1258
16 1031
33 1422
16 1447
49 1187
49 1360
46 1185
16 1246
35 1481
43 1141
33 1252
21 1215
10 1446
11 1122
15 1293
34 1370
38 1137
31 1293
35 1364
36 1038
26 1295
43 1227
36 1288
22 1193
20 1452
20 1040
20 1101
13 1124
24 1205
28 1284
13 1231
33 1127
11 1243
40 1424
28 1009
12 1363
29 1134
41 1225
40 1486
22 1372
14 1256
46 1445
23 1163
42 1110
17 1399
33 1091
10 1186
41 1035
38 1393
23 1152
30 1273
36 1004
19 1319
14 1137
25 1477
49 1327
32 1499
15 1244
28 1482
42 1262
47 1163
36 1460
12 1486
15 1403
38 1338
32 1333
26 1230
22 1218
15 1377
31 1249
20 1449
10 1264
24 1204
41 1332
45 1442
33 1060
11 1188
24 1170
17 1156
29 1331
17 1069
19 1172
23 1481
49 1225
20 1472
34 1067
24 1054
32 1241
18 1212
10 1213
43 1427
42 1164
38 1007
47 1461
24 1117
23 1467
43 1380
23 1264
49 1285
43 1098
44 1111
40 1095
43 1222
34 1107
21 1437
25 1338
10 1043
14 1300
27 1257
12 1155
26 1206
31 1015
33 1437
22 1496
34 1164
30 1175
42 1253
28 1085
46 1402
14 1079
20 1065
35 1437
14 1172
38 1008
23 1427
25 1168
14 1320
48 1277
37 1101
37 1134
49 1106
38 1308
23 1456
32 1094
45 1021
20 1131
16 1301
49 1220
32 1463
18 1084
37 1404
41 1008
35 1421
25 1293
32 1496
47 1107
26 1344
32 1395
24 1210
21 1199
33 1326
31 1172
28 1244
25 1194
36 1010
32 1067
28 1000
35 1488
24 1309
47 1290
27 1185
19 1487
23 1065
14 1310
37 1168
38 1481
12 1085
33 1402
25 1344
12 1324
18 1432
26 1095
49 1136
25 1125
15 1408
31 1404
42 1226
31 1245
44 1308
47 1316
14 1473
45 1396
48 1215
39 1360
19 1309
44 1141
30 1257
31 1137
19 1183
39 1332
18 1444
15 1382
20 1199
43 1057
14 1448
30 1097
39 1436
32 1324
39 1180
22 1203
32 1270
38 1339
25 1491
24 1255
38 1151
24 1039
31 1033
27 1107
20 1050
25 1039
44 1258
38 1286
23 1313
18 1174
19 1043
27 1016
37 1169
18 1348
26 1215
22 1285
32 1139
29 1040
39 1012
25 1094
13 1052
41 1453
28 1324
35 1059
36 1246
24 1306
12 1255
30 1381
47 1396
18 1460
11 1145
20 1068
22 1171
32 1434
30 1431
18 1322
23 1359
35 1302
12 1052
14 1404
42 1062
38 1242
33 1394
19 1101
26 1153
37 1074
28 1472
12 1079
36 1096
36 1490
38 1182
31 1116
30 1294
36 1477
21 1411
25 1300
20 1360
19 1225
49 1414
28 1405
21 1086
16 1432
31 1107
23 1257
28 1072
49 1322
23 1375
19 1043
11 1059
35 1245
20 1058
21 1130
22 1174
31 1211
20 1149
29 1306
27 1247
48 1461
35 1139
43 1221
15 1060
39 1448
37 1233
35 1048
26 1189
41 1204
36 1046
14 1453
13 1327
21 1368
49 1050
40 1143
20 1365
34 1066
26 1273
47 1498
16 1042
21 1373
37 1166
39 1091
33 1035
12 1002
28 1216
40 1370
36 1372
19 1235
11 1299
16 1139
16 1234
19 1268
33 1191
11 1394
27 1357
34 1254
19 1146
46 1015
18 1290
30 1153
13 1294
28 1262
47 1434
32 1466
36 1186
28 1071
24 1261
29 1047
21 1461
39 1367
22 1070
49 1245
29 1236
16 1035
39 1083
10 1063
32 1354
14 1362
38 1010
14 1304
25 1404
33 1492
49 1182
40 1249
36 1451
25 1016
45 1363
29 1190
20 1324
16 1213
43 1163
12 1095
45 1172
34 1077
23 1194
28 1344
44 1063
31 1248
27 1171
17 1315
15 1369
41 1403
44 1178
28 1086
27 1380
26 1214
37 1379
25 1058
37 1165
14 1102
14 1279
26 1027
24 1172
10 1453
35 1055
18 1406
48 1006
39 1230
43 1215
35 1026
14 1165
40 1357
48 1497
30 1147
42 1300
28 1146
38 1415
18 1167
31 1228
13 1128
39 1063
40 1211
14 1286
42 1275
22 1494
28 1435
49 1366
29 1058
38 1184
43 1288
28 1105
47 1416
24 1438
41 1324
16 1323
38 1193
26 1014
32 1254
22 1207
26 1038
20 1404
39 1022
36 1344
31 1334
11 1241
27 1060
31 1158
25 1090
14 1449
36 1457
36 1432
13 1448
44 1055
12 1173
25 1162
10 1258
21 1116
36 1164
44 1461
46 1319
31 1311
16 1059
24 1251
16 1445
45 1131
46 1281
25 1058
47 1151
16 1463
46 1433
44 1036
33 1106
46 1049
31 1471
42 1423
49 1057
47 1298
23 1354
38 1359
46 1270
28 1353
11 1409
46 1364
18 1052
33 1319
31 1202
24 1370
26 1480
27 1334
16 1363
15 1061
26 1240
19 1126
16 1076
13 1225
39 1108
20 1335
45 1190
20 1492
43 1112
38 1273
47 1088
32 1277
49 1141
18 1195
24 1465
16 1164
30 1202
17 1061
26 1180
23 1240
30 1168
34 1427
45 1250
11 1025
26 1018
40 1183
46 1016
48 1193
47 1498
22 1475
35 1189
44 1240
46 1005
23 1386
48 1220
49 1160
20 1048
33 1017
17 1182
12 1200
32 1156
20 1311
37 1021
42 1338
27 1470
27 1002
14 1178
20 1304
42 1024
11 1262
44 1221
21 1246
40 1177
15 1156
47 1001
23 1466
29 1146
19 1389
46 1257
24 1272
37 1325
23 1222
29 1082
13 1375
21 1221
15 1019
16 1281
20 1229
20 1042
14 1253
29 1040
39 1267
22 1486
16 1036
10 1167
45 1083
13 1196
23 1492
16 1263
16 1282
49 1062
13 1355
15 1037
48 1148
14 1181
17 1025
35 1167
15 1346
28 1492
26 1028
44 1218
40 1192
11 1286
30 1061
32 1363
17 1389
43 1144
33 1063
28 1124
11 1024
49 1472
16 1351
44 1102
46 1079
45 1183
41 1386
39 1192
37 1361
24 1196
40 1472
11 1062
14 1398
13 1050
37 1494
47 1463
12 1072
34 1341
22 1037
44 1495
35 1430
48 1078
15 1280
36 1229
11 1129
18 1396
23 1077
39 1087
30 1360
29 1451
22 1437
40 1436
45 1173
42 1220
33 1329
24 1302
37 1423
26 1475
42 1367
11 1191
46 1020
16 1192
38 1074
11 1188
48 1472
28 1298
31 1065
33 1109
23 1163
14 1102
27 1036
27 1498
14 1297
35 1033
46 1198
17 1172
16 1022
10 1271
45 1250
37 1408
28 1456
35 1391
24 1386
41 1399
31 1132
19 1225
37 1279
12 1441
44 1434
40 1153
43 1191
43 1366
28 1393
24 1212
36 1345
21 1465
31 1342
29 1296
26 1318
17 1197
15 1250
43 1300
25 1194
16 1095
10 1338
47 1380
17 1333
47 1127
29 1006
30 1370
13 1217
42 1442
25 1133
37 1170
13 1402
35 1401
25 1302
27 1115
44 1256
18 1060
17 1072
43 1254
19 1386
12 1326
13 1280
13 1139
18 1265
33 1172
24 1406
19 1298
23 1261
16 1153
28 1018
13 1007
27 1334
15 1084
41 1317
18 1015
45 1263
47 1415
44 1468
18 1364
20 1375
34 1132
19 1431
11 1445
15 1099
28 1051
20 1141
47 1024
48 1088
15 1064
15 1259
32 1151
23 1488
16 1389
24 1176
14 1373
19 1373
11 1378
33 1030
16 1370
33 1416
34 1178
42 1444
14 1165
20 1228
12 1074
36 1384
28 1390
32 1084
32 1075
47 1307
49 1201
44 1154
44 1471
25 1380
22 1048
26 1034
42 1009
21 1148
12 1080
35 1215
24 1151
49 1161
11 1003
49 1377
11 1141
36 1154
18 1492
48 1495
46 1225
20 1151
43 1421
46 1073
28 1326
49 1406
30 1238
16 1144
40 1294
27 1328
32 1316
16 1489
35 1339
45 1153
21 1031
27 1429
25 1128
40 1306
34 1456
15 1249
17 1447
19 1470
17 1050
45 1085
25 1328
19 1383
33 1098
28 1354
46 1310
49 1014
32 1467
41 1019
45 1189
41 1102
38 1296
34 1031
43 1081
20 1182
38 1450
14 1263
10 1238
23 1288
28 1416
44 1242
22 1233
33 1099
24 1446
32 1185
39 1242
42 1100
27 1263
21 1249
45 1114
45 1076
22 1150
43 1278
48 1291
11 1257
37 1394
22 1309
42 1276
32 1369
39 1472
11 1462
40 1336
30 1249
38 1047
49 1256
31 1436
10 1416
48 1004
29 1073
46 1492
15 1117
28 1437
19 1399
49 1199
27 1363
21 1007
43 1088
31 1339
21 1235
26 1307
27 1224
30 1295
18 1292
30 1460
26 1213
12 1401
20 1221
48 1237
44 1290
35 1338
38 1034
44 1470
27 1402
32 1063
16 1303
43 1053
26 1382
35 1134
48 1050
39 1266
35 1212
49 1102
35 1194
44 1072
32 1432
37 1400
23 1456
48 1423
10 1325
30 1078
26 1202
49 1456
43 1416
21 1282
32 1045
24 1212
31 1239
27 1320
18 1065
30 1366
25 1346
43 1167
47 1232
37 1028
20 1091
18 1485
31 1413
47 1326
30 1140
28 1047
31 1211
44 1047
45 1321
24 1058
19 1151
47 1499
22 1399
28 1313
26 1496
33 1394
49 1364
38 1155
34 1494
20 1345
43 1472
10 1025
42 1359
49 1205
26 1369
30 1006
39 1426
17 1440
27 1234
41 1178
26 1379
46 1321
44 1245
20 1035
39 1329
20 1137
38 1454
42 1219
27 1344
23 1241
11 1266
30 1161
16 1109
42 1275
10 1028
10 1434
21 1260
18 1223
41 1047
46 1042
39 1258
35 1347
40 1075
28 1374
49 1076
47 1295
31 1417
49 1464
29 1062
42 1060
10 1401
45 1126
11 1114
19 1029
30 1340
47 1209
24 1015
19 1472
31 1382
26 1223
21 1439
28 1329
46 1410
15 1239
11 1144
35 1068
48 1382
46 1079
29 1043
21 1058
27 1456
36 1252
25 1147
10 1043
15 1395
21 1403
22 1004
19 1234
44 1487
36 1135
48 1214
33 1018
34 1048
18 1152
36 1419
35 1276
27 1027
22 1391
24 1193
40 1007
47 1346
41 1315
29 1301
45 1372
31 1230
38 1168
44 1275
25 1217
18 1495
26 1175
27 1305
25 1337
46 1223
13 1367
46 1351
26 1294
12 1495
33 1118
40 1083
18 1267
34 1096
39 1457
16 1410
36 1230
12 1144
11 1121
30 1236
11 1463
27 1004
42 1218
13 1012
10 1457
39 1348
37 1423
17 1030
14 1256
34 1420
13 1482
25 1157
24 1282
26 1194
17 1051
41 1422
47 1374
20 1175
34 1155
33 1345
45 1268
48 1398
29 1027
35 1490
35 1410
24 1385
41 1190
17 1199
20 1123
20 1335
16 1261
27 1059
48 1431
20 1212
28 1098
40 1152
39 1003
22 1018
49 1091
31 1335
15 1365
46 1261
24 1193
41 1239
42 1484
19 1267
16 1098
41 1383
40 1114
10 1338
44 1413
48 1001
39 1446
40 1016
19 1228
46 1389
49 1492
36 1293
31 1421
30 1157
28 1433
27 1410
31 1470
11 1347
26 1403
23 1201
13 1005
10 1025
16 1057
48 1034
28 1321
15 1496
32 1218
29 1471
35 1264
45 1307
33 1115
39 1448
20 1411
24 1178
45 1181
18 1129
42 1435
21 1392
16 1241
43 1147
38 1447
18 1314
35 1186
32 1465
48 1312
40 1257
21 1400
43 1433
18 1496
35 1261
49 1450
16 1326
19 1442
12 1076
27 1273
39 1252
26 1281
34 1208
48 1188
24 1497
11 1323
41 1108
42 1283
32 1373
22 1137
47 1364
25 1198
12 1491
49 1192
25 1071
48 1269
42 1139
39 1220
32 1106
31 1364
17 1032
32 1473
10 1414
14 1308
18 1487
22 1398
24 1071
49 1361
14 1428
19 1487
26 1175
39 1362
47 1021
25 1234
38 1175
14 1038
30 1109
24 1443
36 1096
49 1262
31 1040
37 1306
35 1038
12 1055
42 1165
10 1180
46 1221
39 1062
44 1053
41 1376
26 1390
28 1063
44 1203
36 1387
20 1226
23 1464
21 1361
48 1251
36 1058
13 1474
46 1387
45 1235
12 1485
27 1019
35 1295
44 1371
28 1461
48 1007
49 1256
27 1206
48 1136
46 1033
26 1232
38 1025
15 1259
12 1209
45 1003
40 1007
25 1228
17 1173
18 1142
14 1317
25 1152
22 1233
39 1012
20 1447
35 1349
12 1280
24 1411
28 1081
14 1385
47 1171
15 1022
22 1043
39 1207
22 1114
40 1073
44 1125
15 1276
41 1375
20 1047
34 1389
44 1484
31 1034
22 1242
14 1183
37 1076
19 1362
28 1428
22 1403
17 1485
32 1100
46 1083
11 1307
39 1399
23 1248
33 1174
25 1024
34 1116
39 1071
19 1451
45 1139
44 1419
38 1412
42 1494
42 1072
45 1132
36 1386
27 1467
39 1384
35 1316
21 1404
43 1154
16 1071
30 1338
24 1291
17 1077
18 1244
33 1474
37 1447
21 1105
45 1431
46 1172
44 1329
46 1395
23 1167
40 1341
30 1133
34 1304
44 1330
30 1282
28 1364
46 1282
29 1254
13 1096
11 1054
38 1269
16 1212
36 1300
15 1250
23 1352
12 1299
39 1481
33 1102
41 1067
34 1389
30 1198
10 1300
14 1349
36 1080
30 1458
35 1241
24 1325
28 1453
20 1072
23 1291
22 1370
37 1283
37 1441
36 1049
35 1029
35 1065
40 1287
30 1394
48 1416
38 1197
29 1264
37 1382
49 1053
48 1498
17 1065
23 1224
38 1268
48 1343
36 1497
38 1390
19 1177
34 1405
35 1348
45 1084
18 1151
28 1286
37 1336
45 1047
45 1482
47 1229
25 1321
20 1457
19 1358
21 1329
42 1067
48 1081
44 1316
20 1066
48 1056
12 1131
36 1014
40 1109
18 1365
41 1376
25 1199
44 1404
32 1279
10 1392
41 1264
45 1451
34 1247
37 1240
34 1037
13 1083
22 1132
21 1233
39 1087
34 1283
38 1193
18 1068
24 1130
30 1427
44 1266
21 1482
24 1201
17 1127
44 1120
23 1023
47 1429
31 1001
43 1406
14 1414
21 1088
31 1137
49 1182
24 1210
14 1383
12 1137
20 1182
33 1421
47 1078
46 1124
26 1126
41 1166
23 1093
16 1092
18 1179
21 1246
11 1011
18 1196
29 1181
26 1125
29 1061
22 1164
45 1342
42 1230
14 1436
45 1378
41 1353
32 1211
17 1318
41 1216
17 1046
43 1496
30 1470
44 1298
41 1172
30 1101
12 1350
18 1058
34 1135
49 1217
12 1422
33 1176
23 1003
33 1332
33 1185
25 1230
30 1456
32 1005
36 1465
17 1225
37 1231
26 1401
16 1342
43 1012
39 1305
36 1112
37 1458
44 1450
20 1136
29 1434
39 1316
25 1466
16 1099
24 1294
48 1256
26 1331
44 1226
31 1308
38 1334
11 1410
42 1275
42 1393
32 1470
30 1421
42 1270
20 1469
18 1155
39 1215
47 1302
40 1312
37 1435
32 1240
28 1080
24 1172
48 1265
49 1367
26 1464
11 1330
41 1389
28 1496
30 1355
16 1142
21 1324
27 1270
44 1291
13 1140
26 1081
14 1272