4500 1000
30 1202
37 1432
30 1342
38 1408
48 1143
18 1436
13 1376
11 1235
13 1363
39 1350
22 1425
23 1318
44 1022
24 1459
47 1313
33 1441
10 1443
43 1213
21 1308
40 1141
14 1028
45 1172
17 1148
41 1069
36 1080
38 1042
16 1398
25 1232
11 1004
31 1347
45 1030
43 1460
30 1358
31 1410
15 1481
17 1336
32 1217
33 1498
47 1189
49 1016
13 1033
24 1323
19 1461
15 1289
30 1098
15 1466
20 1426
14 1297
49 1000
33 1246
16 1416
47 1326
48 1163
42 1042
15 1309
18 1002
26 1437
40 1065
15 1248
17 1421
36 1028
38 1262
25 1098
35 1163
40 1396
46 1022
45 1313
43 1365
30 1295
47 1265
46 1445
30 1334
36 1010
37 1137
40 1235
49 1417
21 1010
30 1226
43 1420
46 1066
24 1378
37 1160
43 1067
17 1234
12 1351
49 1403
32 1144
28 1232
13 1437
19 1356
29 1451
37 1361
43 1294
16 1275
31 1315
46 1010
14 1352
19 1110
46 1274
49 1010
48 1277
12 1096
26 1418
40 1105
31 1146
19 1070
35 1179
18 1116
40 1470
41 1216
27 1054
48 1454
28 1044
14 1409
36 1390
11 1184
44 1104
29 1333
32 1232
28 1211
12 1245
27 1395
27 1490
45 1183
38 1280
31 1133
23 1487
47 1317
19 1340
33 1364
22 1172
23 1452
36 1104
39 1494
27 1149
16 1135
13 1201
44 1081
15 1426
47 1105
23 1081
35 1441
31 1206
31 1289
36 1020
15 1292
39 1138
13 1427
43 1285
39 1160
10 1412
46 1386
39 1125
33 1168
44 1390
42 1348
49 1034
13 1451
25 1276
18 1169
25 1269
37 1322
22 1435
27 1440
49 1378
25 1436
35 1056
20 1495
40 1125
15 1317
37 1494
26 1398
24 1209
16 1058
30 1336
26 1044
40 1038
48 1272
23 1156
47 1090
35 1410
41 1313
26 1229
48 1179
12 1446
46 1449
23 1388
11 1086
45 1214
24 1198
21 1476
22 1062
11 1088
39 1304
16 1379
44 1101
14 1463
41 1212
29 1347
27 1057
33 1388
39 1105
40 1423
13 1120
33 1268
49 1458
38 1309
43 1005
27 1220
29 1122
29 1329
47 1308
35 1379
44 1051
12 1350
10 1369
18 1479
15 1005
35 1378
11 1183
13 1360
36 1066
10 1095
34 1018
16 1030
24 1123
47 1149
15 1105
12 1473
31 1452
43 1242
22 1010
20 1084
44 1332
43 1308
15 1324
37 1166
43 1435
18 1021
33 1410
46 1327
17 1377
28 1464
38 1105
32 1383
34 1305
19 1207
49 1064
34 1070
21 1273
30 1254
19 1446
27 1376
27 1380
39 1185
43 1141
47 1225
17 1155
26 1075
24 1307
42 1453
40 1155
18 1140
15 1320
32 1191
28 1056
19 1308
26 1104
13 1034
49 1158
24 1019
25 1255
36 1318
36 1072
42 1296
41 1181
47 1492
38 1022
25 1327
15 1211
49 1311
25 1123
23 1113
34 1216
25 1226
14 1206
40 1122
32 1231
40 1057
38 1357
15 1216
29 1056
38 1211
47 1245
14 1143
36 1089
29 1299
13 1414
23 1101
39 1161
31 1150
45 1475
35 1140
18 1499
44 1304
35 1032
46 1174
13 1113
15 1077
20 1267
16 1373
24 1403
30 1224
46 1241
13 1148
48 1473
36 1130
42 1087
25 1188
20 1482
49 1069
41 1323
23 1458
45 1121
25 1467
18 1206
12 1205
39 1261
17 1217
49 1400
20 1209
25 1170
45 1281
35 1337
33 1359
35 1073
18 1377
41 1219
28 1189
33 1455
33 1101
13 1295
21 1316
15 1007
35 1309
49 1363
36 1497
39 1316
30 1008
28 1396
19 1294
36 1078
35 1213
42 1419
25 1118
30 1322
41 1359
42 1461
24 1111
22 1381
31 1346
29 1331
18 1040
17 1314
21 1181
39 1306
43 1124
43 1315
39 1381
12 1479
22 1427
18 1199
13 1448
33 1378
31 1461
30 1414
26 1391
22 1167
36 1476
49 1444
18 1162
34 1119
12 1053
22 1420
16 1113
25 1416
33 1123
28 1043
20 1300
12 1086
30 1428
27 1001
22 1127
14 1006
43 1498
18 1442
45 1385
29 1340
17 1358
26 1424
21 1031
46 1366
38 1498
44 1257
44 1139
47 1225
27 1182
30 1082
40 1293
28 1363
45 1419
16 1302
13 1136
13 1376
20 1474
33 1132
15 1452
38 1235
13 1087
40 1344
21 1475
24 1409
38 1342
33 1351
28 1212
25 1140
34 1093
36 1270
33 1424
28 1389
45 1319
37 1300
17 1463
37 1032
38 1164
40 1136
45 1091
17 1257
34 1267
49 1302
29 1118
18 1207
44 1057
21 1095
33 1084
22 1288
22 1217
45 1489
33 1353
14 1486
20 1100
18 1267
16 1485
25 1064
33 1009
48 1215
34 1207
16 1233
11 1445
25 1301
44 1346
28 1059
31 1392
38 1271
23 1218
11 1110
48 1056
13 1411
28 1078
36 1082
27 1223
46 1277
23 1032
15 1385
21 1432
30 1240
30 1169
15 1062
20 1170
14 1448
46 1262
38 1325
12 1267
31 1276
44 1039
13 1019
19 1310
31 1240
26 1197
47 1054
16 1369
37 1013
42 1451
30 1492
42 1309
26 1256
40 1376
12 1350
10 1484
16 1493
49 1098
36 1382
12 1492
13 1121
44 1038
47 1359
27 1334
34 1256
32 1078
29 1497
14 1104
23 1088
18 1049
25 1084
18 1001
33 1341
21 1285
14 1071
19 1127
40 1230
33 1221
30 1341
20 1097
36 1095
18 1342
48 1347
38 1123
27 1173
21 1289
19 1332
36 1477
36 1284
12 1379
36 1036
11 1132
19 1392
15 1453
28 1258
12 1427
46 1079
11 1217
43 1226
17 1332
44 1132
25 1340
33 1392
26 1252
24 1015
19 1230
10 1419
40 1424
15 1062
10 1335
28 1255
49 1172
22 1419
47 1008
17 1471
27 1003
33 1437
27 1493
16 1073
34 1448
48 1459
23 1040
31 1089
29 1135
39 1458
44 1369
38 1018
18 1411
43 1024
17 1148
17 1161
13 1012
36 1235
48 1070
17 1439
49 1477
20 1280
26 1394
42 1326
22 1245
43 1080
49 1433
24 1381
32 1340
23 1498
43 1004
49 1083
23 1072
32 1130
14 1272
33 1412
48 1108
36 1209
47 1106
40 1202
33 1409
27 1210
13 1067
23 1250
31 1335
24 1075
13 1218
18 1368
18 1020
23 1261
32 1218
37 1370
31 1095
40 1425
28 1168
16 1099
26 1490
34 1051
24 1310
21 1429
46 1440
24 1106
35 1333
27 1331
20 1142
15 1097
42 1131
31 1496
27 1024
39 1088
42 1057
20 1327
13 1465
41 1325
31 1218
40 1426
10 1119
35 1336
42 1158
46 1164
32 1085
36 1298
21 1311
18 1380
15 1041
26 1077
37 1089
18 1165
32 1304
42 1132
40 1193
26 1255
49 1375
19 1048
30 1066
20 1302
13 1062
30 1333
45 1094
41 1499
18 1268
15 1231
11 1474
13 1241
37 1360
14 1169
37 1056
36 1056
43 1479
40 1193
39 1188
22 1186
37 1302
18 1433
15 1164
46 1283
26 1416
30 1112
28 1183
13 1325
11 1347
42 1255
28 1489
26 1308
33 1202
46 1203
37 1049
19 1441
26 1076
22 1009
23 1456
20 1089
14 1431
40 1218
35 1166
26 1056
15 1261
21 1444
40 1046
44 1273
29 1376
34 1289
41 1485
48 1446
27 1313
16 1282
14 1299
30 1455
47 1260
26 1123
39 1132
47 1419
45 1129
16 1140
37 1080
10 1491
43 1385
46 1222
48 1219
43 1302
30 1007
15 1002
20 1268
31 1066
37 1450
44 1151
28 1227
29 1445
41 1231
47 1492
17 1295
43 1143
21 1464
29 1417
18 1155
29 1317
33 1138
22 1058
36 1365
39 1243
14 1265
41 1176
39 1197
12 1314
27 1456
42 1022
26 1176
14 1023
32 1380
12 1371
30 1068
35 1073
15 1212
48 1312
29 1478
25 1192
14 1052
33 1367
42 1260
38 1111
30 1360
19 1456
31 1419
15 1126
20 1333
36 1410
19 1129
14 1459
49 1221
29 1178
37 1143
33 1317
22 1351
46 1424
11 1273
38 1326
28 1229
26 1454
16 1077
37 1493
18 1279
10 1301
46 1162
40 1362
36 1050
13 1468
37 1446
36 1239
44 1282
23 1295
38 1381
27 1002
13 1366
37 1248
33 1053
28 1163
31 1041
23 1323
28 1034
34 1488
16 1448
11 1237
10 1499
35 1196
18 1055
15 1391
30 1082
34 1474
45 1149
33 1222
34 1474
48 1123
12 1097
26 1009
22 1426
39 1241
44 1485
48 1306
25 1162
29 1441
49 1148
22 1259
46 1396
26 1397
20 1211
49 1372
10 1329
47 1122
15 1023
36 1196
36 1205
13 1485
30 1413
28 1125
38 1356
42 1038
49 1206
33 1167
36 1301
42 1467
41 1265
26 1273
27 1498
34 1161
17 1298
34 1050
20 1255
35 1294
13 1341
49 1281
49 1303
29 1478
28 1188
18 1323
31 1181
49 1268
12 1398
35 1292
36 1205
12 1319
15 1279
44 1394
26 1351
28 1013
12 1100
34 1317
35 1284
37 1166
33 1033
19 1148
45 1048
14 1264
46 1256
46 1274
18 1050
27 1031
11 1137
16 1102
25 1144
27 1367
31 1159
48 1305
32 1071
37 1105
44 1367
49 1234
14 1231
13 1455
41 1368
29 1081
15 1243
35 1331
20 1042
23 1319
13 1182
45 1373
43 1073
41 1044
19 1421
34 1278
27 1403
10 1073
16 1448
10 1077
30 1451
13 1109
16 1479
16 1171
16 1311
18 1090
32 1058
40 1491
43 1180
46 1266
37 1275
16 1164
23 1101
18 1287
25 1116
26 1336
49 1463
47 1262
43 1047
19 1190
41 1248
23 1175
41 1171
47 1047
27 1298
18 1206
21 1156
35 1439
43 1359
11 1075
41 1348
17 1179
21 1387
32 1043
14 1148
20 1053
16 1407
37 1372
49 1191
31 1261
34 1497
44 1308
37 1140
32 1255
38 1469
29 1313
12 1497
19 1438
47 1313
46 1491
18 1170
48 1096
32 1354
29 1188
13 1348
31 1187
46 1167
13 1171
29 1235
36 1362
37 1342
19 1390
47 1174
33 1427
21 1315
22 1002
15 1242
27 1304
14 1471
44 1101
36 1221
35 1156
47 1220
45 1168
22 1210
28 1352
22 1137
29 1449
31 1103
26 1426
17 1290
36 1347
29 1382
15 1247
34 1181
40 1180
22 1255
28 1445
46 1361
28 1060
27 1131
26 1223
34 1135
32 1336
27 1029
32 1369
43 1168
33 1443
26 1019
28 1390
40 1308
30 1255
47 1380
42 1117
16 1431
36 1108
29 1224
38 1337
13 1095
40 1482
28 1029
14 1105
16 1372
34 1011
30 1272
10 1354
21 1450
20 1038
17 1288
47 1436
48 1450
43 1002
49 1243
11 1144
16 1376
27 1160
31 1024
29 1459
40 1442
44 1029
43 1029
22 1409
40 1401
10 1036
42 1136
49 1055
20 1185
43 1126
43 1319
24 1181
43 1496
45 1084
24 1478
42 1044
18 1101
23 1041
22 1100
23 1068
16 1383
20 1431
10 1020
44 1261
21 1404
12 1430
45 1293
11 1372
22 1439
34 1065
21 1366
37 1154
48 1214
38 1294
11 1298
24 1410
13 1200
30 1071
33 1349
22 1452
26 1091
42 1121
15 1448
28 1485
18 1252
22 1475
32 1446
25 1242
47 1193
14 1490
11 1374
19 1082
47 1108
13 1032
22 1177
38 1289
49 1458
33 1351
44 1499
41 1162
47 1297
18 1231
46 1318
31 1337
43 1200
14 1133
39 1071
21 1474
18 1239
39 1480
46 1425
22 1172
15 1236
11 1401
49 1413
41 1481
23 1093
26 1161
34 1210
12 1429
21 1311
16 1337
32 1139
15 1184
41 1233
42 1320
13 1494
15 1007
19 1333
41 1215
15 1122
32 1480
18 1422
23 1267
49 1482
46 1407
33 1432
41 1193
30 1224
35 1038
12 1209
40 1410
23 1175
38 1269
49 1386
24 1265
31 1221
29 1098
48 1023
49 1213
41 1310
49 1482
32 1254
42 1324
16 1374
33 1346
32 1179
18 1129
30 1016
40 1364
40 1121
22 1063
40 1260
26 1203
12 1169
19 1014
46 1396
18 1180
38 1112
27 1168
42 1262
23 1160
20 1227
32 1119
24 1448
40 1398
26 1488
46 1313
10 1233
49 1056
46 1075
21 1046
36 1408
30 1190
34 1186
32 1100
17 1478
18 1446
22 1018
29 1461
41 1098
48 1397
12 1199
17 1062
38 1297
27 1389
17 1060
21 1206
13 1237
31 1334
48 1266
49 1133
14 1033
27 1073
21 1053
48 1284
38 1085
35 1428
40 1348
29 1245
44 1038
49 1395
41 1241
46 1436
37 1218
35 1430
11 1303
38 1258
13 1388
26 1141
41 1481
47 1190
15 1238
23 1010
41 1205
11 1010
47 1150
22 1335
27 1175
29 1159
44 1243
21 1255
34 1365
29 1362
41 1461
41 1415
26 1454
47 1006
37 1457
45 1160
26 1370
17 1143
22 1274
44 1442
32 1353
27 1164
39 1386
41 1349
13 1308
16 1054
25 1200
21 1025
47 1237
28 1143
11 1299
46 1005
33 1354
46 1462
22 1037
38 1470
11 1346
31 1163
31 1231
41 1440
33 1005
20 1166
27 1394
22 1171
46 1295
48 1385
24 1122
18 1056
19 1300
42 1254
30 1249
43 1039
34 1030
23 1487
40 1022
48 1043
48 1290
46 1414
15 1303
41 1216
12 1293
24 1295
47 1431
25 1038
43 1465
12 1084
29 1038
13 1011
21 1030
46 1051
18 1010
48 1309
32 1315
24 1056
20 1063
28 1361
20 1427
12 1455
26 1254
17 1045
49 1262
13 1456
33 1441
14 1216
14 1067
10 1392
16 1285
31 1177
18 1015
15 1085
38 1021
20 1094
10 1474
29 1140
38 1327
10 1316
38 1122
31 1440
33 1457
23 1471
33 1163
39 1226
18 1304
13 1446
31 1325
12 1374
18 1198
26 1378
27 1120
31 1325
42 1025
45 1269
42 1400
34 1170
39 1342
37 1138
23 1496
40 1170
42 1402
22 1056
43 1448
18 1004
38 1063
14 1474
15 1035
23 1435
11 1212
21 1310
32 1162
46 1415
44 1135
13 1412
21 1214
40 1185
45 1401
32 1304
41 1362
48 1355
39 1240
12 1466
16 1243
39 1421
24 1350
11 1426
22 1017
25 1143
13 1174
37 1397
16 1405
26 1361
19 1116
34 1355
36 1028
30 1452
22 1056
16 1353
22 1490
38 1217
24 1051
26 1096
10 1499
19 1264
47 1050
38 1204
29 1486
12 1108
41 1440
19 1255
34 1090
15 1437
29 1273
44 1046
10 1204
31 1429
10 1195
35 1194
10 1097
20 1086
49 1366
28 1126
24 1254
29 1181
12 1382
34 1238
12 1055
35 1129
31 1170
13 1437
18 1053
32 1385
26 1328
38 1315
39 1253
25 1402
26 1463
13 1163
47 1328
13 1445
45 1371
20 1292
17 1090
38 1193
26 1319
46 1472
38 1163
23 1348
17 1016
22 1096
20 1282
20 1281
49 1446
17 1399
20 1376
27 1290
16 1350
35 1472
32 1100
28 1235
32 1122
27 1230
23 1219
19 1080
42 1038
30 1488
33 1392
30 1434
21 1004
37 1383
48 1360
46 1482
14 1132
31 1072
14 1292
36 1234
16 1364
13 1433
35 1094
21 1198
29 1297
42 1275
33 1192
34 1057
35 1363
16 1040
12 1089
38 1268
29 1277
22 1449
21 1423
43 1045
40 1487
23 1048
47 1438
46 1019
40 1385
40 1119
38 1419
12 1234
22 1388
13 1058
22 1412
28 1054
13 1031
25 1253
36 1171
48 1034
19 1438
15 1203
26 1061
49 1347
10 1494
10 1336
13 1463
23 1082
36 1145
42 1277
11 1442
12 1036
27 1314
39 1474
31 1180
30 1133
49 1257
32 1402
25 1383
20 1062
12 1382
49 1448
44 1180
12 1353
14 1358
11 1064
28 1341
22 1109
49 1098
29 1460
37 1189
25 1005
16 1126
46 1386
40 1053
31 1045
36 1067
22 1031
21 1465
26 1372
27 1021
49 1139
19 1282
13 1269
22 1040
36 1169
36 1307
46 1149
10 1118
21 1022
15 1098
31 1006
40 1408
45 1028
41 1241
10 1382
35 1326
44 1036
41 1412
48 1458
31 1011
11 1202
32 1022
25 1438
44 1330
16 1443
15 1116
39 1230
18 1399
34 1245
42 1459
16 1028
43 1134
33 1090
27 1146
41 1279
23 1008
10 1241
49 1229
17 1131
45 1232
33 1366
26 1000
31 1107
28 1122
44 1374
35 1096
34 1031
47 1302
22 1430
45 1031
46 1238
27 1141
28 1164
13 1412
43 1288
27 1462
44 1137
31 1042
17 1329
45 1302
46 1029
47 1169
25 1198
27 1475
16 1255
15 1289
37 1095
42 1257
17 1356
21 1200
20 1322
32 1092
19 1363
25 1380
39 1069
14 1068
41 1302
32 1383
28 1089
24 1276
41 1391
46 1333
13 1376
13 1085
22 1018
42 1075
47 1069
17 1318
21 1196
47 1296
36 1351
10 1297
40 1095
34 1439
43 1132
44 1344
12 1402
10 1067
17 1101
18 1310
10 1191
35 1198
37 1351
13 1467
16 1028
24 1055
37 1192
21 1464
33 1154
48 1131
11 1104
31 1152
18 1097
28 1144
29 1184
19 1483
34 1096
47 1338
14 1498
32 1401
35 1164
14 1082
31 1077
15 1227
37 1126
38 1293
23 1126
46 1251
41 1066
10 1106
35 1255
20 1489
45 1114
35 1186
24 1032
15 1341
32 1348
40 1118
13 1429
31 1200
14 1339
45 1086
30 1449
36 1083
12 1480
46 1356
43 1292
40 1153
10 1282
36 1354
35 1345
43 1176
44 1256
18 1220
24 1291
17 1035
33 1062
46 1037
40 1130
21 1175
19 1378
37 1163
42 1082
48 1440
14 1268
22 1129
21 1460
22 1039
37 1334
13 1437
41 1207
31 1404
42 1160
42 1247
17 1491
32 1392
23 1178
39 1444
30 1147
44 1147
22 1263
10 1461
46 1274
23 1110
38 1268
13 1224
23 1497
12 1013
17 1177
28 1277
22 1254
25 1307
28 1391
33 1438
33 1245
37 1195
15 1333
14 1158
41 1317
44 1334
45 1156
30 1215
25 1474
25 1312
10 1115
16 1438
26 1012
39 1451
28 1063
33 1204
20 1495
37 1238
13 1387
15 1176
12 1100
42 1060
42 1464
24 1221
40 1486
47 1294
38 1424
39 1269
10 1403
21 1312
40 1034
45 1069
17 1421
30 1486
13 1383
26 1018
28 1474
37 1157
24 1184
29 1163
49 1326
28 1341
36 1320
10 1440
41 1437
14 1465
21 1021
25 1494
25 1321
47 1393
30 1062
27 1328
10 1014
47 1002
18 1324
28 1440
34 1339
19 1251
12 1073
30 1277
34 1192
24 1368
42 1447
12 1366
41 1244
49 1157
21 1302
33 1288
15 1263
29 1237
16 1178
30 1189
37 1245
25 1485
27 1390
24 1285
44 1017
26 1467
45 1349
29 1402
19 1086
35 1161
32 1463
16 1283
28 1442
41 1027
33 1217
42 1225
33 1359
14 1245
36 1255
22 1271
47 1283
24 1278
43 1345
26 1481
25 1366
36 1304
25 1357
19 1139
12 1419
20 1326
28 1291
20 1068
35 1031
19 1086
46 1110
45 1434
34 1401
41 1399
36 1239
44 1441
12 1376
32 1275
10 1478
39 1034
45 1279
19 1078
28 1334
35 1084
26 1302
17 1136
37 1310
18 1049
49 1096
38 1204
34 1379
34 1375
14 1056
39 1115
29 1372
41 1329
37 1109
22 1111
31 1325
45 1470
40 1436
10 1485
12 1292
26 1039
37 1058
14 1331
15 1457
38 1054
41 1083
20 1348
10 1222
42 1399
19 1407
13 1131
31 1100
18 1100
16 1316
13 1415
42 1131
43 1310
26 1366
23 1407
11 1179
11 1148
21 1229
39 1381
22 1265
41 1404
10 1364
23 1075
26 1119
31 1015
16 1308
18 1104
37 1080
32 1491
27 1490
43 1017
27 1077
27 1194
10 1254
33 1207
43 1236
37 1256
37 1005
39 1373
48 1284
18 1291
42 1129
31 1402
46 1043
25 1083
35 1307
43 1243
12 1415
23 1361
36 1090
23 1261
26 1212
49 1159
48 1084
41 1217
41 1277
49 1374
40 1033
38 1124
33 1413
43 1004
37 1286
26 1230
41 1408
36 1459
42 1191
41 1331
38 1143
28 1349
40 1126
17 1446
31 1373
32 1229
20 1111
30 1469
23 1294
28 1426
16 1410
43 1428
39 1348
19 1481
15 1430
37 1132
22 1298
12 1240
13 1061
48 1281
36 1220
24 1276
16 1119
41 1435
12 1287
25 1212
47 1090
23 1075
13 1006
20 1326
46 1208
41 1379
25 1361
11 1154
20 1080
31 1457
34 1180
15 1199
39 1090
29 1356
15 1031
44 1347
23 1411
27 1262
19 1237
44 1376
45 1381
48 1169
21 1229
26 1150
21 1025
31 1306
11 1403
20 1334
32 1068
42 1125
33 1435
15 1426
11 1234
10 1278
22 1276
45 1018
33 1418
29 1148
42 1162
25 1399
42 1148
40 1085
42 1390
15 1193
16 1016
32 1056
12 1105
32 1316
19 1358
19 1138
25 1386
38 1176
49 1036
27 1457
17 1112
24 1446
22 1134
21 1493
30 1212
22 1054
33 1207
44 1133
39 1222
28 1188
15 1183
24 1433
29 1335
25 1421
39 1211
47 1466
17 1352
29 1099
31 1435
38 1151
12 1125
40 1200
29 1428
45 1367
26 1251
45 1411
34 1227
30 1193
46 1133
33 1141
12 1267
23 1418
14 1298
21 1026
32 1145
36 1371
44 1154
23 1062
41 1457
10 1233
29 1372
47 1364
46 1233
42 1013
23 1402
38 1389
21 1126
20 1294
47 1425
15 1246
16 1469
21 1474
40 1145
20 1189
45 1359
17 1249
41 1429
25 1457
30 1497
23 1037
21 1352
20 1332
32 1454
20 1053
26 1462
29 1496
47 1439
44 1024
31 1422
27 1321
29 1234
21 1240
37 1403
10 1239
30 1240
33 1029
32 1088
32 1245
39 1268
11 1192
14 1193
25 1050
27 1447
34 1154
49 1204
41 1143
43 1456
23 1490
32 1092
24 1032
19 1183
48 1202
31 1361
13 1045
17 1069
19 1158
44 1070
14 1022
29 1245
46 1049
11 1448
19 1132
10 1300
12 1200
39 1487
10 1153
44 1481
25 1285
33 1192
23 1431
23 1187
47 1099
10 1164
10 1094
10 1444
39 1263
13 1254
37 1263
23 1277
31 1043
48 1111
38 1231
42 1210
21 1076
10 1474
13 1455
40 1142
15 1183
32 1098
12 1269
30 1379
46 1410
24 1278
39 1218
46 1301
17 1335
24 1033
45 1406
16 1313
28 1021
37 1241
15 1265
49 1185
32 1167
43 1110
48 1056
16 1078
13 1266
20 1064
48 1279
15 1478
12 1466
33 1380
23 1267
12 1228
43 1485
44 1420
18 1499
10 1182
17 1026
11 1055
41 1301
14 1216
14 1462
38 1463
45 1087
47 1235
31 1260
41 1064
21 1493
45 1268
15 1218
35 1317
49 1069
33 1260
48 1405
18 1012
25 1139
30 1306
40 1315
30 1469
38 1171
26 1159
22 1054
12 1056
19 1250
31 1178
32 1404
23 1350
31 1368
11 1050
36 1005
49 1185
46 1152
24 1296
29 1470
35 1244
30 1169
10 1335
19 1470
39 1277
46 1357
27 1171
29 1419
13 1221
16 1143
14 1480
49 1106
34 1449
31 1324
23 1063
37 1040
46 1187
22 1365
32 1463
43 1392
24 1270
29 1008
32 1314
20 1199
15 1240
13 1126
23 1094
16 1007
40 1279
32 1437
14 1197
25 1009
40 1345
30 1429
17 1213
17 1399
33 1396
34 1497
34 1034
36 1414
24 1165
20 1450
36 1473
12 1245
14 1050
24 1347
29 1065
25 1338
10 1377
12 1178
38 1164
40 1112
46 1175
11 1205
10 1382
49 1488
26 1347
15 1121
21 1125
22 1339
23 1321
39 1293
48 1040
25 1081
16 1471
26 1293
41 1414
29 1352
40 1138
22 1371
12 1157
21 1140
29 1284
28 1312
32 1239
17 1214
13 1018
30 1172
29 1111
10 1317
29 1266
47 1377
33 1078
32 1191
10 1065
38 1188
42 1301
35 1021
23 1422
20 1153
11 1172
10 1101
40 1313
11 1052
25 1356
35 1051
47 1426
11 1114
35 1259
44 1048
45 1255
22 1456
28 1447
18 1418
42 1206
46 1119
12 1370
32 1207
30 1242
28 1412
46 1014
18 1156
39 1309
22 1038
21 1368
34 1443
33 1072
44 1157
33 1086
28 1431
16 1417
43 1462
15 1000
44 1137
29 1280
47 1184
31 1386
48 1028
14 1144
35 1341
16 1217
29 1066
23 1114
27 1280
27 1447
21 1388
31 1212
16 1228
45 1016
49 1403
40 1203
17 1218
42 1317
23 1481
39 1484
18 1094
38 1411
10 1385
18 1207
29 1106
43 1231
45 1421
18 1359
38 1047
16 1418
29 1057
45 1131
17 1382
23 1068
12 1257
14 1391
16 1322
22 1046
32 1381
44 1486
33 1255
33 1412
36 1243
49 1074
21 1229
13 1311
23 1073
34 1385
11 1027
42 1226
37 1056
27 1233
32 1421
17 1215
49 1227
26 1244
23 1371
17 1451
28 1206
30 1031
39 1319
49 1351
47 1273
19 1275
25 1387
12 1102
26 1401
32 1107
46 1209
32 1494
29 1191
25 1339
45 1026
46 1243
13 1155
21 1219
14 1471
18 1454
34 1484
10 1474
49 1146
37 1010
12 1491
44 1011
15 1139
49 1329
45 1344
21 1031
16 1436
23 1074
46 1258
38 1180
32 1440
18 1385
46 1493
30 1088
47 1171
17 1443
11 1444
35 1233
36 1153
24 1125
11 1038
12 1161
44 1051
46 1311
10 1168
35 1164
19 1400
40 1424
27 1190
28 1383
38 1315
37 1327
16 1473
11 1335
11 1011
37 1209
26 1096
47 1436
42 1346
31 1370
16 1181
30 1134
38 1329
20 1303
20 1450
10 1489
11 1429
18 1448
39 1062
16 1031
18 1012
28 1286
32 1019
19 1179
40 1446
14 1160
16 1212
16 1425
11 1496
24 1274
46 1469
33 1162
32 1286
18 1149
23 1472
31 1193
30 1278
21 1307
38 1119
48 1228
45 1116
28 1238
46 1031
30 1215
16 1275
21 1174
20 1181
16 1386
12 1056
10 1173
31 1381
24 1124
12 1181
28 1276
27 1368
44 1164
48 1193
15 1342
31 1049
34 1199
27 1450
16 1100
32 1201
46 1226
37 1238
49 1369
11 1343
32 1476
15 1356
38 1458
15 1422
14 1323
36 1019
14 1200
43 1252
13 1180
16 1034
43 1393
37 1232
17 1370
49 1117
24 1204
37 1281
15 1251
16 1017
15 1117
24 1165
13 1459
40 1494
15 1259
18 1191
42 1491
12 1183
38 1094
15 1281
49 1467
45 1212
35 1125
15 1179
28 1049
27 1046
47 1417
44 1394
48 1167
38 1109
40 1260
15 1144
47 1259
49 1049
31 1260
30 1214
19 1042
13 1176
45 1268
27 1242
33 1240
19 1071
41 1247
28 1176
34 1036
41 1015
24 1193
24 1338
33 1103
12 1397
10 1480
28 1339
11 1013
19 1388
15 1333
22 1409
12 1242
36 1081
16 1366
25 1424
21 1162
28 1130
12 1297
11 1364
15 1167
39 1125
14 1328
11 1256
42 1188
26 1498
33 1072
16 1145
34 1162
46 1077
48 1073
35 1109
22 1102
23 1362
38 1430
26 1318
44 1320
35 1073
42 1087
25 1353
26 1148
49 1323
45 1166
31 1383
41 1391
36 1057
28 1226
27 1241
12 1207
10 1309
10 1224
32 1296
35 1097
19 1201
33 1311
14 1405
39 1250
49 1055
37 1266
36 1018
16 1362
35 1280
38 1249
15 1271
32 1427
22 1153
23 1366
39 1366
41 1392
25 1256
19 1394
11 1004
35 1083
13 1465
19 1322
36 1319
31 1061
17 1091
47 1320
35 1482
26 1388
18 1187
14 1118
41 1074
12 1331
25 1217
40 1204
10 1108
10 1161
32 1032
24 1357
26 1042
12 1456
23 1480
27 1005
28 1222
28 1075
33 1046
43 1082
34 1208
30 1354
26 1313
24 1214
42 1246
45 1149
46 1282
31 1091
12 1487
24 1323
16 1062
24 1450
21 1150
25 1408
19 1190
47 1448
20 1046
46 1007
28 1315
29 1463
43 1481
37 1264
15 1397
18 1422
41 1027
29 1210
19 1019
34 1183
39 1303
47 1359
23 1226
11 1464
41 1033
22 1161
19 1049
38 1062
23 1353
13 1165
12 1062
38 1113
26 1424
41 1212
31 1277
40 1217
45 1279
22 1134
41 1388
39 1051
45 1420
21 1081
32 1395
47 1119
15 1244
26 1165
20 1138
27 1060
47 1422
12 1445
18 1459
28 1420
13 1355
31 1397
35 1160
10 1277
47 1365
27 1293
39 1153
25 1277
24 1303
42 1416
26 1410
11 1219
28 1171
26 1018
37 1392
23 1207
47 1162
16 1290
20 1294
31 1464
24 1218
13 1496
24 1070
26 1475
18 1268
41 1058
27 1411
28 1076
24 1059
39 1103
34 1455
30 1261
28 1044
31 1164
35 1087
35 1219
30 1135
35 1216
42 1296
15 1136
21 1401
37 1380
13 1379
27 1304
25 1311
10 1494
21 1058
10 1208
12 1194
21 1409
16 1034
21 1437
41 1169
45 1192
14 1149
41 1342
37 1102
36 1484
13 1010
49 1493
32 1287
48 1129
27 1010
45 1172
41 1163
21 1448
26 1395
39 1400
14 1207
18 1304
38 1406
48 1050
22 1093
23 1256
31 1275
41 1038
44 1051
48 1439
49 1077
26 1258
19 1022
34 1327
33 1406
30 1455
13 1223
20 1004
17 1480
27 1387
10 1082
48 1257
29 1057
38 1415
28 1161
43 1080
14 1143
47 1312
28 1315
11 1165
47 1480
35 1225
38 1463
46 1115
10 1230
21 1452
12 1096
21 1379
33 1390
10 1467
43 1448
11 1290
39 1270
40 1018
47 1308
48 1427
49 1434
30 1364
22 1045
13 1175
47 1075
12 1186
38 1472
20 1259
39 1230
40 1288
28 1036
42 1484
48 1264
15 1352
36 1148
16 1109
31 1186
20 1011
39 1204
16 1496
25 1205
37 1096
18 1077
28 1150
30 1398
31 1399
44 1292
11 1242
39 1475
21 1006
31 1485
34 1379
22 1413
20 1197
24 1241
13 1285
41 1491
15 1462
20 1284
31 1235
47 1387
29 1190
20 1144
22 1061
49 1208
19 1096
41 1064
12 1075
23 1214
45 1392
46 1051
33 1355
47 1392
29 1399
37 1437
35 1207
15 1092
42 1233
34 1104
26 1086
10 1137
14 1361
37 1223
36 1119
45 1176
30 1375
49 1212
21 1470
43 1071
45 1343
39 1404
11 1274
38 1238
25 1198
28 1465
10 1043
21 1014
13 1428
32 1488
41 1325
33 1175
49 1452
11 1330
16 1214
10 1305
16 1417
19 1443
23 1236
46 1056
42 1448
12 1383
31 1370
25 1001
38 1199
24 1224
42 1384
21 1171
39 1498
39 1013
45 1256
13 1052
49 1324
12 1159
34 1261
48 1376
15 1365
45 1472
38 1258
28 1401
30 1403
11 1169
16 1183
49 1387
20 1106
42 1143
35 1014
23 1314
22 1292
48 1235
43 1280
45 1462
43 1011
31 1146
12 1475
26 1322
40 1190
32 1171
41 1101
24 1119
17 1103
41 1437
28 1040
15 1450
35 1145
22 1340
29 1441
33 1101
34 1131
32 1226
16 1155
47 1278
44 1353
18 1277
11 1166
30 1348
10 1209
42 1318
10 1122
27 1431
16 1273
20 1098
36 1452
18 1252
20 1384
12 1095
43 1464
17 1077
49 1329
15 1126
49 1126
15 1232
14 1231
10 1087
36 1496
37 1114
48 1248
40 1141
39 1206
42 1444
28 1002
46 1443
40 1410
30 1247
29 1100
23 1287
29 1248
14 1418
10 1374
38 1035
37 1178
13 1428
38 1381
35 1368
14 1109
42 1174
13 1140
44 1352
37 1335
44 1079
42 1372
16 1212
19 1387
33 1087
40 1130
20 1007
16 1367
46 1280
39 1146
39 1051
28 1392
48 1293
16 1032
26 1495
35 1033
35 1136
16 1051
10 1240
46 1238
24 1301
25 1361
38 1093
32 1486
13 1356
40 1281
21 1152
21 1435
37 1333
44 1226
13 1194
42 1474
31 1269
25 1049
32 1189
30 1090
22 1160
27 1262
46 1200
38 1176
29 1032
42 1042
24 1169
25 1052
42 1045
49 1254
38 1151
27 1010
36 1232
19 1242
19 1012
43 1326
36 1230
42 1112
33 1458
46 1212
27 1173
39 1240
30 1128
15 1001
44 1195
44 1337
24 1412
45 1167
36 1006
39 1179
42 1118
25 1210
10 1498
44 1346
19 1054
39 1416
18 1446
28 1403
49 1178
30 1454
35 1372
30 1000
14 1137
45 1078
42 1033
29 1060
10 1277
23 1464
26 1117
45 1492
18 1092
30 1392
35 1275
20 1318
30 1197
14 1493
39 1437
31 1461
30 1317
47 1263
25 1479
10 1302
11 1027
29 1458
29 1064
34 1278
48 1300
43 1016
24 1467
12 1075
17 1012
46 1491
10 1284
33 1102
33 1157
22 1256
34 1367
18 1256
30 1456
41 1233
45 1071
46 1273
30 1366
43 1399
14 1040
42 1136
19 1363
13 1145
40 1170
12 1415
14 1400
12 1180
10 1226
49 1312
10 1304
34 1290
28 1000
14 1299
27 1131
30 1013
39 1360
14 1398
14 1198
34 1426
36 1394
14 1284
48 1482
41 1280
13 1103
34 1214
35 1490
15 1211
23 1035
29 1172
39 1041
19 1111
38 1181
19 1047
20 1289
19 1402
22 1053
27 1046
23 1290
19 1313
18 1298
42 1435
46 1217
42 1026
28 1435
33 1060
13 1316
46 1259
41 1308
19 1095
49 1489
16 1011
24 1352
19 1129
43 1194
43 1294
30 1357
34 1292
23 1084
29 1481
37 1047
10 1009
32 1302
13 1432
21 1203
15 1346
48 1401
35 1494
16 1243
18 1092
46 1457
13 1211
15 1440
10 1342
25 1484
44 1488
49 1313
10 1460
40 1368
47 1483
30 1144
38 1262
38 1082
13 1179
33 1477
34 1444
20 1050
30 1193
34 1372
18 1054
38 1477
46 1206
18 1249
11 1339
23 1237
16 1334
17 1309
45 1202
27 1199
38 1375
45 1463
29 1463
36 1272
26 1205
48 1364
49 1153
22 1162
19 1080
43 1156
30 1453
32 1498
15 1018
47 1104
27 1301
27 1056
10 1354
43 1099
21 1481
24 1282
16 1100
25 1420
15 1284
31 1300
46 1458
46 1415
16 1279
11 1474
17 1348
42 1330
41 1061
44 1142
44 1266
49 1485
21 1066
36 1077
15 1464
45 1420
44 1315
39 1268
29 1258
38 1197
21 1430
21 1143
16 1114
27 1122
21 1077
28 1223
11 1417
34 1286
34 1063
28 1046
46 1177
11 1185
34 1494
23 1201
29 1156
15 1386
10 1454
28 1403
32 1260
19 1059
45 1006
49 1335
28 1134
14 1054
14 1212
27 1345
17 1032
12 1413
10 1401
26 1449
16 1051
29 1218
30 1062
15 1140
23 1233
36 1151
36 1378
34 1037
24 1215
18 1060
35 1175
11 1071
43 1197
11 1462
41 1215
10 1401
41 1011
22 1359
32 1234
12 1241
23 1480
31 1182
27 1122
27 1058
20 1199
20 1255
48 1377
35 1068
42 1385
27 1345
41 1456
44 1133
40 1170
21 1472
49 1219
10 1274
14 1329
27 1198
16 1153
43 1366
13 1038
33 1449
19 1268
44 1243
14 1261
16 1365
43 1021
46 1096
29 1138
34 1048
42 1444
33 1118
41 1117
14 1347
16 1146
22 1032
46 1366
21 1488
33 1474
14 1130
34 1245
17 1434
45 1133
13 1057
26 1483
36 1031
46 1363
43 1040
25 1443
16 1249
30 1125
47 1335
44 1297
44 1002
29 1356
16 1034
31 1140
23 1316
11 1186
29 1196
47 1303
38 1284
20 1019
40 1137
14 1140
31 1075
37 1343
33 1196
15 1093
11 1046
30 1039
36 1200
42 1459
24 1181
31 1094
25 1290
12 1394
44 1436
44 1241
41 1212
40 1037
38 1408
44 1136
31 1224
13 1038
39 1128
25 1373
10 1388
21 1398
43 1207
10 1241
41 1408
19 1195
40 1191
35 1069
32 1375
14 1130
43 1392
13 1145
29 1146
42 1221
11 1395
27 1261
14 1022
11 1083
25 1054
46 1218
49 1406
40 1045
16 1391
37 1433
29 1173
33 1273
35 1295
45 1279
14 1127
23 1089
40 1221
44 1112
11 1354
16 1442
21 1198
44 1485
28 1231
45 1268
36 1381
14 1294
26 1167
21 1449
49 1304
37 1493
49 1064
31 1458
38 1404
45 1330
44 1431
13 1297
40 1212
37 1335
34 1236
19 1193
20 1326
33 1290
46 1417
33 1434
26 1372
25 1083
40 1469
39 1062
39 1488
22 1218
29 1226
48 1136
16 1308
37 1224
34 1311
35 1164
30 1314
10 1070
14 1210
42 1110
14 1031
16 1107
37 1149
35 1367
36 1484
22 1486
35 1121
17 1181
35 1239
36 1357
17 1066
19 1284
12 1286
26 1385
41 1161
47 1334
34 1308
37 1097
15 1020
12 1364
28 1233
16 1452
36 1224
39 1466
28 1188
10 1054
18 1205
16 1478
35 1249
44 1189
11 1020
10 1460
39 1051
38 1083
30 1073
38 1062
16 1347
43 1199
18 1152
47 1185
10 1330
23 1360
47 1419
33 1306
43 1445
30 1178
32 1227
22 1177
46 1165
25 1158
10 1038
36 1365
10 1407
37 1410
42 1170
38 1317
26 1075
39 1203
44 1145
22 1241
21 1404
45 1370
12 1466
49 1144
28 1182
10 1380
46 1068
25 1459
41 1228
46 1405
33 1074
42 1240
27 1409
41 1168
11 1117
46 1174
26 1304
35 1320
33 1373
17 1145
11 1108
41 1026
27 1182
41 1044
45 1186
12 1490
20 1454
32 1249
37 1408
42 1482
41 1067
24 1244
48 1426
21 1452
45 1285
42 1400
28 1035
27 1034
39 1280
42 1470
41 1427
28 1496
20 1244
10 1307
19 1245
38 1267
11 1286
29 1140
31 1303
40 1262
22 1497
36 1038
13 1246
25 1256
13 1275
26 1372
23 1238
14 1325
35 1219
32 1471
12 1463
31 1213
20 1379
14 1050
44 1008
30 1475
47 1115
25 1159
29 1210
25 1473
11 1255
28 1098
40 1273
15 1361
34 1156
15 1427
25 1339
34 1153
20 1280
38 1220
24 1112
37 1128
29 1469
43 1000
37 1217
27 1312
29 1365
10 1366
21 1284
15 1340
16 1215
41 1081
41 1285
24 1454
49 1309
24 1284
45 1398
34 1021
35 1051
14 1286
36 1374
30 1123
13 1303
48 1298
16 1069
24 1031
28 1258
44 1454
46 1362
32 1301
45 1384
31 1098
25 1276
32 1051
18 1054
12 1035
10 1322
49 1080
31 1267
36 1041
44 1041
35 1160
23 1280
27 1343
27 1423
25 1032
47 1204
30 1030
13 1081
27 1379
27 1370
45 1261
17 1487
40 1123
19 1293
24 1088
20 1045
33 1116
29 1146
40 1308
37 1010
47 1374
14 1296
29 1352
28 1278
46 1013
41 1252
13 1442
19 1065
43 1076
23 1080
41 1052
44 1333
43 1272
16 1218
33 1339
16 1431
22 1156
33 1197
21 1044
16 1439
43 1216
48 1291
46 1349
22 1331
12 1464
17 1332
48 1353
31 1161
44 1077
12 1392
23 1253
47 1192
24 1070
16 1404
33 1014
26 1209
22 1358
11 1370
39 1407
16 1238
25 1403
42 1491
36 1058
25 1448
42 1419
44 1203
37 1303
32 1125
18 1138
32 1005
14 1180
10 1425
34 1447
41 1300
40 1156
48 1096
25 1263
33 1490
37 1299
32 1291
10 1000
12 1046
49 1463
39 1333
19 1452
48 1246
22 1150
11 1245
17 1084
28 1379
49 1494
22 1115
45 1163
34 1137
14 1217
39 1163
16 1274
21 1050
11 1041
33 1472
27 1319
17 1092
16 1426
12 1323
11 1136
40 1403
30 1254
10 1266
21 1361
46 1438
21 1178
35 1026
31 1469
18 1436
46 1438
46 1209
25 1316
42 1350
47 1121
48 1422
44 1062
49 1150
16 1074
48 1128
17 1333
24 1215
39 1482
25 1189
27 1470
37 1434
13 1153
43 1404
17 1385
33 1482
33 1133
21 1488
42 1078
10 1453
30 1136
38 1384
29 1209
11 1432
43 1022
41 1455
29 1080
26 1296
49 1088
49 1248
21 1467
42 1117
46 1435
49 1395
20 1257
16 1106
34 1452
21 1151
37 1453
25 1291
44 1027
42 1362
30 1435
17 1292
37 1148
43 1497
13 1208
12 1006
16 1325
45 1281
46 1112
29 1079
36 1282
33 1348
45 1053
41 1463
40 1188
16 1065
28 1081
17 1268
19 1040
34 1108
10 1445
21 1387
42 1332
10 1065
42 1230
38 1393
22 1008
22 1274
46 1312
26 1074
47 1158
37 1078
24 1339
18 1205
26 1357
33 1259
49 1415
38 1361
27 1085
15 1404
47 1231
44 1223
21 1024
33 1299
24 1347
14 1345
47 1210
23 1334
42 1187
21 1233
48 1273
20 1054
11 1335
10 1379
22 1056
19 1083
11 1072
43 1100
10 1312
40 1133
33 1021
26 1387
26 1121
13 1270
34 1478
23 1370
21 1376
45 1314
18 1171
38 1395
19 1198
44 1010
19 1494
38 1315
16 1372
16 1333
26 1489
44 1464
35 1263
46 1499
32 1420
29 1023
19 1498
40 1476
33 1414
48 1490
10 1412
42 1499
15 1216
47 1056
13 1352
23 1430
40 1188
29 1293
43 1365
22 1404
30 1260
10 1088
33 1314
38 1319
29 1039
32 1342
16 1220
42 1047
40 1469
15 1451
27 1103
44 1295
10 1076
36 1005
14 1090
35 1461
16 1192
39 1103
19 1159
25 1327
18 1240
17 1223
32 1351
19 1335
23 1252
25 1014
26 1474
38 1289
34 1344
35 1156
37 1046
40 1068
31 1430
24 1410
46 1483
42 1011
14 1143
30 1354
20 1480
25 1309
21 1396
38 1293
33 1105
30 1295
35 1180
21 1248
26 1233
19 1462
13 1352
26 1244
36 1492
21 1494
12 1144
29 1265
34 1249
35 1444
46 1404
37 1319
37 1138
14 1254
40 1242
21 1013
41 1143
14 1139
27 1457
11 1047
45 1042
39 1244
19 1428
24 1187
20 1433
42 1235
11 1305
23 1409
41 1142
25 1158
37 1107
38 1215
12 1242
20 1139
23 1067
17 1210
16 1401
30 1137
30 1287
26 1321
46 1305
19 1210
28 1066
48 1460
14 1421
25 1223
32 1032
33 1203
49 1296
19 1359
38 1492
12 1358
27 1025
46 1320
16 1140
48 1254
26 1344
24 1188
45 1447
39 1270
31 1270
32 1016
18 1231
41 1174
12 1079
27 1332
20 1259
19 1230
12 1375
13 1481
48 1066
26 1422
19 1009
11 1070
25 1088
35 1131
21 1212
48 1019
37 1196
43 1489
42 1279
37 1470
33 1486
36 1099
34 1316
43 1067
39 1190
39 1418
21 1058
28 1468
39 1009
22 1114
49 1442
16 1199
25 1115
46 1309
48 1485
44 1429
48 1093
47 1354
23 1055
27 1229
35 1143
17 1479
14 1400
49 1093
12 1416
34 1455
36 1023
30 1318
35 1260
28 1212
20 1225
47 1265
30 1245
12 1231
33 1006
37 1333
42 1233
22 1292
15 1018
39 1388
30 1050
10 1125
19 1315
47 1197
15 1234
20 1079
46 1130
44 1194
29 1284
27 1017
47 1234
15 1488
40 1032
39 1093
21 1063
27 1337
25 1294
13 1283
22 1304
23 1319
34 1400
44 1060
31 1415
16 1435
38 1219
24 1168
11 1422
22 1387
49 1047
31 1493
10 1077
16 1346
36 1233
47 1337
42 1350
11 1060
28 1488
21 1222
16 1112
31 1043
10 1031
47 1157
24 1273
25 1275
40 1270
21 1098
48 1415
18 1050
21 1136
43 1427
39 1260
13 1408
29 1259
40 1244
31 1312
11 1085
28 1328
11 1331
30 1338
46 1221
18 1312
47 1315
44 1435
37 1027
21 1446
26 1380
25 1007
28 1120
25 1296
45 1128
45 1239
15 1486
41 1220
27 1426
45 1433
37 1372
26 1146
46 1016
12 1209
17 1400
27 1114
24 1159
35 1118
32 1208
34 1405
24 1081
31 1325
40 1326
48 1323
34 1001
25 1380
30 1131
38 1397
18 1424
10 1034
19 1173
39 1033
26 1052
16 1262
32 1417
13 1305
40 1268
32 1015
17 1412
29 1058
40 1386
14 1123
34 1449
22 1389
21 1143
37 1025
42 1344
34 1131
38 1330
20 1326
48 1478
35 1303
21 1491
48 1367
44 1264
40 1258
12 1182
38 1430
22 1325
36 1008
40 1134
32 1378
28 1464
47 1093
41 1264
45 1152
36 1243
12 1222
10 1416
36 1167
19 1342
48 1367
23 1476
20 1285
17 1103
49 1483
13 1126
21 1171
29 1322
35 1225
46 1348
46 1151
43 1162
17 1118
14 1200
37 1219
22 1022
45 1126
49 1110
36 1213
32 1229
18 1042
40 1045
15 1326
17 1093
10 1245
40 1102
41 1092
31 1347
16 1061
45 1238
38 1461
16 1484
25 1296
35 1288
12 1383
23 1420
47 1009
40 1157
41 1149
27 1223
21 1034
42 1159
19 1230
24 1168
42 1338
34 1254
34 1466
38 1012
41 1170
47 1464
36 1353
16 1200
39 1405
18 1435
29 1345
28 1026
27 1469
37 1407
38 1431
12 1268
46 1294
46 1092
19 1203
29 1271
31 1383
19 1490
21 1317
43 1223
25 1045
44 1368
19 1072
11 1242
33 1268
37 1029
10 1314
36 1407
12 1175
41 1479
15 1158
39 1457
14 1223
22 1258
14 1102
32 1268
37 1080
33 1100
14 1492
14 1105
30 1019
30 1249
16 1058
38 1004
23 1105
25 1225
27 1106
31 1198
36 1291
39 1333
22 1289
41 1428
12 1429
37 1297
27 1346
17 1205
36 1219
38 1429
45 1046
20 1026
31 1272
29 1395
37 1318
10 1482
25 1337
41 1015
40 1140
24 1416
42 1186
33 1244
45 1035
20 1286
37 1055
45 1401
15 1054
32 1299
13 1277
37 1178
31 1180
17 1363
18 1434
41 1426
24 1216
49 1021
11 1213
22 1187
12 1395
39 1084
36 1235
47 1106
46 1198
35 1434
18 1421
20 1436
19 1310
31 1338
40 1197
28 1145
42 1141
37 1023
38 1295
44 1214
24 1281
19 1210
31 1070
11 1374
36 1490
36 1485
39 1354
34 1359
39 1086
19 1322
24 1123
12 1097
29 1338
12 1018
24 1378
21 1078
37 1410
48 1492
35 1267
14 1330
10 1021
14 1230
47 1057
37 1077
20 1131
29 1450
11 1055
30 1176
12 1018
17 1485
25 1217
29 1107
21 1167
37 1133
43 1198
24 1413
38 1059
12 1257
23 1237
17 1036
34 1077
39 1060
38 1060
38 1223
38 1088
15 1447
22 1217
39 1037
26 1480
42 1276
44 1190
43 1041
18 1036
27 1277
31 1005
17 1464
40 1050
21 1057
44 1207
33 1116
33 1257
39 1412
41 1244
42 1252
46 1475
33 1291
35 1494
44 1178
28 1077
10 1474
24 1227
46 1386
37 1437
23 1431
46 1022
16 1186
37 1456
26 1130
46 1259
48 1402
38 1000
14 1437
27 1192
12 1188
39 1311
14 1033
23 1369
44 1323
32 1026
29 1281
30 1153
11 1412
44 1238
38 1420
30 1106
41 1494
46 1027
20 1459
40 1466
32 1039
19 1472
15 1003
32 1478
45 1462
37 1383
42 1076
47 1473
45 1281
27 1195
39 1146
26 1052
10 1291
18 1363
42 1107
32 1013
13 1188
33 1468
47 1381
48 1361