4500 2000
40 1068
33 1296
35 1195
33 1186
24 1002
45 1004
36 1172
16 1113
11 1222
16 1370
47 1487
12 1214
32 1387
14 1473
48 1120
33 1484
27 1092
35 1251
49 1266
27 1418
23 1010
22 1447
44 1019
15 1116
47 1310
37 1213
39 1428
27 1299
23 1298
31 1451
29 1055
29 1237
36 1476
45 1054
11 1128
44 1315
42 1418
47 1472
37 1038
34 1166
25 1153
30 1458
31 1117
46 1075
13 1464
22 1053
44 1479
19 1273
37 1394
45 1371
18 1169
20 1336
43 1469
49 1014
47 1480
45 1139
34 1077
25 1231
31 1062
44 1339
36 1017
41 1061
41 1024
16 1081
40 1422
41 1165
40 1354
46 1151
36 1185
44 1481
23 1269
17 1345
33 1468
45 1216
15 1486
28 1269
32 1001
28 1222
46 1290
21 1152
12 1470
47 1298
16 1278
13 1322
14 1330
29 1416
47 1202
31 1160
18 1172
46 1248
19 1030
35 1116
46 1119
27 1386
42 1344
43 1474
10 1064
47 1090
31 1191
14 1040
28 1454
41 1255
48 1276
29 1025
16 1013
11 1230
46 1131
14 1129
48 1065
13 1448
26 1211
33 1155
16 1362
15 1110
32 1270
29 1038
19 1132
34 1230
33 1410
45 1403
37 1116
20 1284
44 1174
13 1429
24 1356
38 1320
35 1391
21 1157
25 1390
40 1280
38 1412
49 1268
43 1494
30 1485
11 1194
29 1305
12 1334
41 1174
49 1168
30 1200
34 1113
39 1036
45 1262
23 1211
30 1034
48 1465
34 1327
46 1230
30 1178
24 1489
29 1305
16 1088
27 1007
44 1499
29 1335
14 1081
11 1245
30 1282
28 1301
30 1448
36 1452
37 1345
20 1101
29 1188
35 1002
45 1140
11 1497
11 1481
28 1437
39 1396
25 1243
15 1423
39 1050
45 1482
46 1332
33 1435
31 1381
46 1339
11 1331
29 1171
15 1176
18 1129
39 1485
22 1202
44 1247
41 1318
19 1072
15 1107
12 1137
39 1077
46 1059
23 1139
37 1321
31 1260
31 1409
43 1288
15 1384
32 1494
10 1369
20 1099
47 1496
13 1333
29 1199
46 1383
44 1359
28 1356
20 1441
36 1351
37 1119
47 1356
23 1265
45 1462
12 1057
18 1077
33 1094
48 1042
27 1096
36 1146
47 1478
15 1425
40 1322
29 1488
17 1047
25 1045
18 1137
42 1289
39 1088
25 1071
12 1094
40 1136
16 1337
24 1268
38 1151
13 1124
31 1386
47 1204
41 1456
28 1053
25 1045
25 1171
24 1381
20 1211
43 1360
47 1414
49 1347
48 1458
18 1059
21 1375
28 1419
20 1393
46 1487
17 1056
44 1054
30 1402
21 1432
21 1259
31 1062
37 1067
41 1204
12 1192
11 1285
14 1022
20 1113
21 1294
18 1091
49 1082
11 1416
41 1309
32 1059
28 1391
25 1348
34 1495
42 1419
11 1017
43 1287
45 1479
33 1369
48 1449
35 1161
40 1092
24 1274
36 1193
25 1454
10 1224
41 1245
37 1057
40 1256
18 1083
39 1360
10 1343
30 1054
27 1285
35 1100
40 1036
44 1254
11 1006
46 1113
12 1109
19 1467
26 1434
43 1248
22 1444
35 1242
10 1210
23 1174
46 1159
13 1417
41 1419
15 1381
28 1193
27 1357
16 1439
25 1248
24 1125
27 1242
21 1286
32 1215
10 1216
45 1135
13 1173
40 1081
29 1450
19 1271
49 1486
28 1329
11 1153
25 1408
13 1399
25 1211
10 1207
40 1325
10 1215
47 1331
20 1016
46 1043
28 1287
38 1324
44 1159
45 1484
43 1258
40 1412
37 1262
22 1243
49 1267
19 1495
23 1082
20 1372
18 1198
27 1486
24 1189
18 1231
47 1494
13 1075
45 1157
25 1391
36 1140
45 1174
38 1197
43 1051
33 1410
14 1309
47 1021
21 1321
48 1229
44 1043
34 1353
31 1029
41 1216
28 1023
39 1115
29 1322
37 1025
48 1090
10 1373
30 1412
38 1054
16 1150
32 1033
38 1455
46 1017
42 1388
48 1372
22 1151
35 1421
19 1243
10 1389
18 1356
25 1471
38 1275
47 1078
39 1355
31 1139
32 1099
27 1280
49 1080
19 1223
49 1476
40 1220
32 1086
11 1288
38 1268
38 1074
11 1053
18 1290
34 1016
15 1048
38 1158
14 1463
41 1166
26 1460
15 1428
14 1078
24 1383
41 1429
48 1362
48 1430
20 1465
44 1200
38 1354
11 1068
16 1034
35 1013
17 1443
29 1493
42 1306
12 1043
18 1132
25 1107
45 1012
24 1159
26 1458
19 1231
35 1233
44 1340
14 1061
20 1109
42 1469
17 1230
10 1151
43 1323
20 1231
29 1036
25 1258
42 1361
18 1381
19 1029
37 1248
33 1314
10 1230
44 1060
43 1319
25 1195
20 1370
23 1416
11 1039
30 1137
42 1092
37 1356
40 1366
43 1264
48 1489
17 1331
11 1351
44 1419
32 1313
38 1288
21 1275
22 1057
34 1350
36 1047
23 1090
31 1254
27 1198
33 1259
26 1214
14 1408
43 1036
36 1383
36 1159
37 1345
48 1478
32 1456
12 1449
20 1131
45 1497
25 1300
24 1150
42 1177
47 1333
34 1300
16 1258
45 1012
15 1337
32 1035
39 1243
13 1173
21 1199
25 1053
25 1157
43 1160
18 1217
32 1473
31 1319
13 1215
41 1041
39 1141
30 1372
48 1401
14 1065
37 1432
20 1453
24 1019
30 1366
23 1100
42 1389
39 1168
26 1233
18 1187
12 1457
31 1273
24 1374
27 1467
11 1461
22 1075
47 1088
23 1219
34 1393
35 1182
41 1090
31 1037
14 1340
17 1069
46 1415
13 1015
46 1438
37 1249
23 1399
38 1299
43 1216
34 1418
11 1051
13 1206
46 1276
46 1318
22 1130
12 1123
45 1190
19 1016
15 1171
43 1149
26 1464
22 1453
18 1126
41 1114
24 1287
10 1353
26 1355
24 1128
29 1463
12 1371
19 1030
30 1421
24 1072
15 1154
34 1222
46 1233
23 1016
30 1270
11 1473
24 1370
27 1238
49 1224
35 1217
18 1207
33 1180
41 1120
10 1098
39 1353
37 1099
16 1117
40 1452
22 1379
12 1329
43 1385
36 1405
37 1224
44 1005
18 1262
34 1431
45 1174
26 1350
49 1459
31 1238
22 1164
24 1122
27 1091
36 1109
21 1437
22 1407
29 1315
46 1475
20 1245
16 1467
30 1182
29 1300
16 1180
26 1479
21 1040
38 1436
23 1286
49 1332
38 1038
36 1052
12 1378
49 1394
44 1424
12 1218
43 1496
30 1089
46 1142
25 1020
29 1198
22 1419
46 1210
15 1169
40 1490
23 1372
20 1275
22 1175
16 1068
30 1400
45 1189
22 1099
25 1003
47 1420
26 1051
21 1286
23 1269
48 1100
10 1364
39 1307
13 1495
13 1379
23 1195
37 1131
37 1048
40 1412
39 1044
39 1435
31 1013
32 1266
10 1156
48 1471
36 1083
21 1289
28 1210
37 1069
33 1064
13 1409
20 1424
20 1362
39 1377
19 1192
10 1389
13 1489
37 1023
21 1327
10 1032
44 1381
37 1088
35 1213
17 1150
42 1085
25 1272
22 1370
42 1282
15 1021
20 1016
34 1193
49 1497
20 1278
43 1031
11 1426
42 1485
19 1479
32 1190
45 1227
41 1368
21 1170
16 1067
13 1181
47 1162
30 1372
15 1274
30 1350
34 1212
48 1488
24 1362
14 1101
28 1411
31 1435
41 1259
15 1237
24 1407
17 1227
15 1214
30 1049
27 1287
46 1116
20 1280
41 1020
33 1499
42 1331
30 1363
37 1122
46 1444
20 1226
21 1307
44 1486
27 1230
15 1467
46 1224
31 1026
47 1393
30 1061
43 1294
34 1434
40 1049
47 1353
48 1261
20 1214
13 1077
14 1158
16 1468
28 1200
34 1084
24 1188
36 1318
10 1409
13 1315
15 1220
30 1452
10 1171
48 1007
17 1293
30 1367
22 1299
11 1332
34 1332
39 1064
41 1100
10 1056
25 1364
48 1039
23 1039
25 1018
42 1167
20 1284
31 1170
16 1456
33 1091
42 1465
19 1247
34 1444
14 1436
37 1408
16 1413
37 1347
44 1241
23 1252
44 1400
45 1456
16 1315
32 1103
39 1277
25 1203
17 1424
41 1365
34 1285
19 1437
42 1125
37 1003
33 1429
48 1498
36 1036
33 1137
10 1209
18 1021
35 1330
46 1489
48 1238
35 1417
45 1295
28 1456
10 1434
12 1444
28 1010
48 1243
34 1472
38 1202
11 1010
13 1447
31 1456
14 1175
31 1132
24 1345
10 1466
33 1200
34 1062
35 1313
37 1366
43 1390
46 1301
21 1396
41 1282
36 1434
27 1339
13 1107
10 1085
44 1166
20 1006
23 1425
39 1112
42 1018
48 1057
27 1348
33 1078
34 1279
27 1061
37 1417
46 1103
22 1436
25 1135
48 1476
20 1007
42 1154
35 1242
21 1038
15 1037
26 1485
11 1164
42 1425
40 1468
20 1350
34 1089
15 1235
13 1380
37 1128
35 1418
43 1375
33 1292
26 1123
28 1355
20 1171
22 1106
22 1417
47 1282
42 1164
17 1194
11 1444
29 1065
16 1267
26 1100
29 1418
47 1368
11 1461
27 1288
15 1165
46 1072
44 1270
24 1418
28 1059
33 1443
46 1307
26 1214
13 1383
37 1198
29 1128
28 1221
25 1196
12 1313
21 1009
14 1252
15 1024
22 1342
34 1469
18 1185
10 1412
10 1248
21 1497
16 1427
40 1233
33 1394
28 1147
47 1345
30 1278
48 1300
25 1162
19 1052
31 1241
40 1484
41 1015
38 1424
16 1388
32 1338
34 1255
42 1407
11 1180
28 1072
40 1289
38 1230
25 1321
35 1042
36 1343
21 1279
17 1131
12 1452
39 1189
13 1402
30 1000
11 1307
34 1323
40 1069
10 1194
14 1151
21 1415
14 1046
37 1085
42 1063
23 1344
26 1432
23 1411
48 1404
10 1376
48 1361
47 1270
14 1430
39 1140
36 1310
34 1411
30 1326
23 1295
38 1463
36 1074
32 1101
25 1063
44 1107
19 1025
33 1383
26 1467
13 1481
16 1240
13 1437
38 1368
28 1140
28 1385
21 1377
31 1410
44 1058
28 1460
38 1162
12 1452
22 1337
30 1465
28 1478
40 1238
15 1015
44 1186
34 1123
21 1194
31 1167
18 1091
17 1035
10 1362
32 1260
35 1260
13 1272
40 1420
45 1475
26 1259
11 1136
10 1344
34 1385
46 1342
29 1078
40 1485
13 1045
34 1252
15 1405
41 1393
33 1486
24 1329
25 1130
16 1462
14 1429
43 1120
10 1125
10 1254
17 1377
19 1386
42 1051
45 1240
12 1476
41 1198
38 1451
12 1326
29 1045
49 1234
49 1218
11 1215
24 1222
38 1135
11 1383
42 1242
27 1149
36 1014
16 1426
13 1010
46 1455
25 1204
49 1225
18 1442
43 1195
31 1201
38 1300
15 1303
42 1066
40 1196
29 1341
28 1186
31 1408
17 1235
15 1093
23 1030
48 1239
38 1375
49 1306
39 1210
17 1274
45 1269
37 1442
33 1423
26 1026
22 1308
20 1243
25 1454
42 1286
18 1441
11 1235
24 1444
25 1490
12 1025
16 1239
13 1124
15 1106
45 1342
22 1388
10 1443
36 1127
25 1138
13 1077
32 1210
14 1298
25 1246
46 1259
41 1185
24 1205
21 1076
22 1276
28 1365
49 1191
31 1024
18 1499
25 1231
19 1037
22 1239
28 1364
35 1233
19 1321
12 1303
33 1085
37 1332
22 1132
38 1427
36 1130
24 1426
42 1179
34 1009
31 1417
19 1211
14 1082
19 1262
45 1091
29 1380
46 1218
14 1036
22 1397
10 1268
16 1151
10 1174
19 1049
29 1402
29 1008
32 1223
20 1409
31 1404
24 1452
28 1338
45 1492
17 1385
21 1114
29 1131
31 1308
39 1214
24 1075
40 1382
33 1486
46 1146
18 1042
18 1263
44 1027
13 1246
18 1220
30 1386
31 1012
24 1264
12 1284
21 1396
32 1428
14 1462
24 1061
26 1057
42 1002
35 1008
24 1277
43 1265
11 1048
30 1170
26 1382
20 1234
31 1035
45 1356
24 1397
33 1388
35 1053
22 1370
47 1237
30 1480
20 1089
32 1347
14 1142
20 1110
28 1331
30 1433
12 1007
35 1404
27 1173
26 1264
12 1258
13 1079
48 1210
17 1005
19 1387
11 1397
25 1409
48 1165
46 1442
43 1147
38 1175
49 1320
40 1026
47 1149
41 1345
28 1268
20 1121
36 1375
37 1133
32 1436
49 1473
20 1236
32 1413
45 1444
44 1291
38 1321
48 1340
21 1355
41 1444
17 1263
40 1331
20 1080
17 1123
33 1269
39 1068
45 1434
34 1013
21 1068
47 1185
39 1364
31 1311
25 1237
48 1087
12 1488
21 1063
28 1054
37 1304
46 1403
24 1296
27 1481
46 1260
41 1203
47 1057
34 1136
26 1164
36 1150
25 1048
45 1316
47 1079
42 1249
34 1307
43 1304
27 1202
28 1172
49 1417
25 1372
38 1019
18 1071
49 1493
46 1296
42 1290
45 1023
48 1226
48 1208
24 1076
15 1223
35 1387
21 1316
16 1212
44 1051
24 1174
38 1339
13 1393
29 1151
34 1315
24 1370
12 1315
38 1377
44 1228
10 1257
24 1440
42 1421
13 1233
39 1383
17 1213
25 1143
18 1249
43 1196
31 1378
36 1008
23 1282
14 1327
25 1190
36 1270
24 1356
14 1110
12 1231
38 1107
39 1182
42 1392
47 1356
41 1465
25 1442
21 1381
27 1121
39 1172
37 1161
15 1143
25 1362
33 1176
37 1255
25 1029
30 1215
22 1166
11 1475
20 1177
19 1493
36 1106
10 1010
26 1137
44 1115
27 1007
29 1370
29 1419
43 1406
41 1434
44 1444
30 1014
28 1190
47 1357
27 1236
10 1356
41 1179
46 1213
35 1134
42 1073
42 1434
31 1358
20 1118
19 1206
33 1171
49 1123
23 1442
49 1036
28 1019
33 1126
19 1383
25 1204
18 1432
35 1028
44 1175
26 1240
35 1104
21 1318
18 1233
12 1269
18 1460
38 1189
38 1492
16 1390
42 1445
15 1334
31 1185
29 1040
41 1187
19 1049
46 1458
11 1352
28 1406
32 1191
33 1357
28 1307
37 1453
10 1129
31 1347
25 1280
19 1443
26 1078
41 1445
19 1161
22 1462
37 1167
13 1411
39 1435
12 1372
38 1293
21 1259
17 1092
36 1249
24 1281
42 1071
24 1479
42 1212
38 1014
30 1375
40 1413
36 1467
10 1256
41 1444
17 1032
38 1363
13 1358
46 1005
27 1269
37 1093
43 1288
43 1131
40 1475
49 1065
16 1492
48 1125
31 1498
13 1265
23 1260
49 1311
41 1157
33 1398
35 1017
44 1267
31 1457
19 1014
23 1126
38 1089
15 1023
28 1419
48 1005
34 1410
24 1496
17 1362
49 1385
14 1445
11 1093
47 1440
48 1309
25 1040
30 1065
40 1025
28 1170
43 1409
46 1121
20 1393
31 1423
24 1331
45 1058
39 1186
46 1044
35 1005
41 1300
19 1402
49 1097
35 1195
35 1299
43 1453
44 1210
28 1405
24 1032
47 1198
38 1117
42 1069
40 1125
31 1031
43 1087
20 1280
31 1180
11 1211
29 1305
34 1221
34 1200
43 1001
37 1030
26 1484
29 1214
38 1239
40 1195
21 1196
29 1047
42 1118
15 1233
35 1070
18 1445
47 1103
38 1048
38 1129
17 1243
30 1499
21 1132
45 1401
31 1322
46 1399
19 1210
11 1326
11 1019
39 1417
44 1460
33 1074
13 1157
29 1139
45 1255
49 1393
34 1037
47 1456
28 1156
37 1372
31 1119
23 1469
33 1189
15 1412
22 1150
33 1045
26 1361
49 1264
16 1035
38 1146
11 1473
46 1023
39 1217
24 1184
38 1249
48 1015
16 1426
43 1345
29 1419
41 1419
38 1001
31 1416
28 1215
47 1467
43 1265
47 1098
41 1272
43 1326
42 1178
38 1192
43 1089
15 1377
47 1371
48 1364
38 1376
41 1213
28 1391
22 1171
37 1241
10 1281
15 1062
24 1422
16 1063
48 1355
46 1062
20 1377
13 1388
21 1407
20 1161
15 1288
33 1139
31 1237
25 1120
29 1040
31 1079
29 1213
32 1254
31 1079
40 1230
16 1370
35 1056
36 1020
16 1120
37 1072
28 1045
22 1409
26 1424
32 1184
18 1203
42 1307
33 1364
19 1022
25 1214
35 1410
20 1113
24 1125
21 1423
47 1449
17 1275
33 1331
13 1244
13 1416
24 1064
36 1253
22 1087
42 1171
45 1390
20 1443
18 1214
32 1277
10 1134
31 1430
21 1419
40 1403
31 1082
31 1334
36 1003
16 1353
26 1417
10 1396
40 1424
44 1496
32 1055
36 1350
34 1295
14 1002
37 1205
43 1357
38 1218
36 1419
41 1191
32 1014
31 1311
28 1219
21 1163
32 1320
13 1133
12 1316
30 1277
27 1417
30 1092
37 1237
36 1230
48 1030
36 1353
10 1020
29 1488
15 1413
13 1299
22 1405
39 1052
37 1226
34 1424
15 1415
43 1461
23 1196
46 1256
48 1388
30 1408
26 1443
22 1374
13 1158
11 1358
23 1344
32 1285
40 1260
26 1409
19 1438
14 1089
38 1095
45 1017
46 1390
17 1304
20 1244
19 1083
24 1043
10 1065
24 1483
32 1290
40 1144
18 1168
35 1090
40 1078
31 1153
42 1147
41 1449
35 1260
44 1273
21 1419
34 1485
22 1255
37 1188
48 1172
32 1478
39 1399
36 1308
33 1095
48 1183
32 1007
41 1495
45 1099
42 1060
38 1314
20 1231
23 1256
40 1467
44 1425
46 1360
28 1123
11 1337
34 1424
32 1173
28 1360
24 1496
25 1417
28 1426
29 1231
23 1153
15 1276
29 1131
41 1493
43 1080
40 1473
26 1240
34 1132
16 1407
13 1075
25 1218
12 1384
36 1127
19 1039
34 1248
25 1168
16 1430
13 1195
12 1318
13 1289
12 1003
27 1310
13 1212
14 1041
34 1046
13 1274
43 1191
48 1158
33 1300
47 1195
33 1057
14 1268
37 1034
13 1107
16 1499
21 1188
18 1298
20 1194
28 1255
19 1409
31 1055
45 1393
37 1166
10 1332
44 1374
29 1043
37 1477
46 1341
35 1141
22 1468
15 1452
45 1356
27 1415
45 1301
30 1349
35 1309
12 1312
48 1299
16 1344
21 1037
37 1416
34 1438
37 1226
44 1387
33 1358
17 1432
31 1307
30 1485
17 1180
22 1056
20 1239
33 1392
48 1496
14 1415
12 1035
11 1109
13 1295
11 1202
35 1011
32 1390
23 1293
12 1232
22 1439
33 1294
11 1214
38 1262
28 1058
18 1328
10 1391
10 1420
17 1201
35 1285
25 1482
11 1038
38 1043
26 1365
19 1282
32 1295
30 1083
15 1354
15 1493
30 1128
41 1272
19 1171
19 1430
38 1480
41 1186
13 1282
35 1480
30 1357
18 1354
24 1358
48 1116
10 1196
11 1398
44 1254
24 1239
43 1054
29 1108
34 1220
13 1077
24 1486
14 1042
22 1347
28 1359
29 1195
34 1349
18 1174
26 1385
42 1321
33 1085
28 1322
26 1096
41 1280
46 1185
48 1024
25 1182
33 1249
20 1224
22 1008
12 1464
13 1397
40 1430
15 1019
33 1126
38 1404
10 1392
26 1480
47 1470
33 1479
39 1420
17 1398
43 1031
46 1113
34 1450
29 1016
28 1014
16 1061
21 1345
40 1314
11 1003
16 1055
29 1275
14 1253
37 1112
26 1266
49 1239
42 1449
33 1449
29 1301
39 1382
45 1114
21 1422
23 1357
28 1107
20 1435
16 1254
39 1440
27 1435
47 1230
43 1219
18 1209
24 1172
37 1184
35 1138
21 1254
14 1335
48 1393
48 1420
18 1361
36 1021
47 1127
33 1171
49 1087
35 1319
17 1360
35 1080
45 1153
34 1063
39 1321
21 1280
17 1468
11 1194
40 1358
16 1216
14 1039
17 1232
40 1138
37 1469
20 1266
10 1049
39 1496
39 1183
30 1065
46 1440
34 1102
25 1361
31 1184
43 1125
17 1001
21 1049
35 1217
40 1314
12 1370
45 1360
48 1002
32 1188
12 1082
38 1396
35 1410
46 1408
47 1234
28 1384
21 1095
10 1342
16 1140
38 1009
25 1320
43 1453
19 1107
44 1155
23 1062
16 1191
15 1218
23 1403
30 1066
30 1329
27 1278
41 1219
40 1296
18 1235
10 1390
42 1041
23 1158
21 1129
49 1426
37 1153
43 1021
25 1079
22 1067
14 1475
14 1304
39 1067
36 1375
36 1403
28 1431
19 1029
26 1425
32 1477
12 1368
34 1268
27 1282
18 1486
40 1364
45 1462
35 1343
37 1327
22 1290
24 1232
19 1067
45 1410
22 1114
16 1167
14 1101
16 1414
42 1348
49 1225
28 1458
47 1255
41 1195
20 1199
42 1252
49 1422
20 1020
28 1283
18 1269
35 1432
38 1356
17 1062
47 1119
46 1364
47 1425
40 1349
48 1259
23 1198
12 1395
22 1000
45 1316
37 1236
14 1000
12 1469
11 1113
10 1082
11 1270
23 1083
12 1441
21 1029
49 1205
46 1043
26 1043
16 1392
47 1210
16 1412
37 1033
44 1060
45 1246
48 1146
23 1093
39 1243
46 1413
21 1447
25 1414
28 1120
36 1037
35 1031
36 1123
43 1262
31 1402
31 1228
45 1374
24 1276
28 1269
47 1003
39 1220
27 1280
32 1055
22 1495
23 1056
28 1424
45 1175
38 1316
35 1122
23 1155
29 1262
20 1355
37 1190
38 1088
32 1299
16 1057
33 1411
42 1066
44 1481
44 1098
11 1192
23 1091
43 1040
14 1250
19 1431
17 1360
49 1209
14 1216
31 1207
43 1107
38 1397
38 1370
20 1121
29 1041
10 1113
27 1012
12 1094
27 1276
40 1448
29 1164
44 1255
42 1223
23 1043
39 1357
45 1369
10 1068
41 1188
44 1324
33 1169
32 1250
34 1057
25 1170
13 1138
33 1006
41 1392
12 1491
18 1308
45 1211
49 1405
15 1224
25 1348
33 1376
14 1491
13 1003
47 1020
42 1470
30 1440
42 1139
40 1135
34 1289
11 1027
46 1104
15 1117
18 1275
45 1211
22 1024
18 1297
30 1009
46 1177
48 1398
22 1132
35 1465
13 1429
16 1235
34 1386
35 1495
46 1343
37 1278
34 1014
18 1066
40 1352
26 1479
32 1006
41 1178
24 1307
27 1031
43 1181
32 1334
41 1412
18 1212
37 1201
22 1396
33 1162
26 1229
28 1283
28 1496
15 1458
45 1129
18 1436
33 1452
45 1375
20 1184
28 1151
38 1167
32 1466
21 1196
39 1267
15 1001
40 1144
29 1105
36 1489
38 1463
32 1193
49 1334
20 1284
14 1153
24 1176
37 1181
45 1192
12 1133
35 1487
48 1111
22 1151
32 1390
30 1334
21 1399
33 1467
49 1001
11 1173
29 1494
20 1356
10 1159
35 1165
36 1248
31 1156
10 1298
26 1415
18 1211
41 1477
14 1495
32 1491
37 1078
13 1134
30 1484
11 1459
37 1168
26 1287
34 1077
35 1273
17 1280
30 1154
16 1255
21 1436
38 1294
24 1124
46 1449
33 1346
41 1060
43 1083
43 1236
49 1135
31 1372
29 1444
40 1015
48 1340
25 1111
21 1337
32 1328
19 1268
44 1172
15 1044
11 1043
36 1430
23 1085
23 1438
12 1209
21 1409
16 1188
10 1051
26 1017
47 1196
28 1113
33 1051
19 1371
38 1095
36 1135
37 1016
13 1461
35 1190
39 1392
15 1152
24 1436
31 1233
10 1360
29 1443
18 1285
32 1142
49 1191
49 1479
17 1126
15 1276
13 1179
18 1182
40 1006
12 1069
31 1415
24 1288
42 1233
39 1415
46 1325
29 1227
46 1297
19 1215
24 1308
23 1421
18 1475
42 1077
15 1123
47 1493
12 1312
20 1161
49 1194
23 1286
33 1416
47 1173
32 1230
21 1128
41 1400
44 1053
38 1328
10 1101
19 1419
10 1498
47 1467
11 1366
46 1156
19 1379
43 1383
27 1165
24 1262
28 1135
31 1230
18 1447
29 1116
40 1347
27 1434
24 1378
40 1226
18 1047
22 1102
43 1433
31 1120
20 1058
22 1451
43 1466
20 1245
26 1492
12 1425
26 1020
23 1485
31 1329
29 1185
11 1078
14 1236
10 1010
47 1047
33 1128
39 1411
15 1098
25 1269
36 1124
29 1472
16 1274
38 1167
40 1041
46 1259
32 1276
28 1285
40 1027
48 1265
18 1444
46 1191
14 1105
23 1454
16 1342
25 1259
31 1467
15 1408
23 1332
14 1162
33 1307
20 1104
34 1410
14 1348
41 1235
26 1043
31 1042
42 1200
18 1279
15 1411
32 1259
24 1093
42 1369
14 1114
15 1098
40 1276
45 1156
45 1089
16 1360
32 1284
22 1185
45 1145
21 1190
33 1273
34 1204
28 1388
46 1436
36 1223
21 1494
18 1444
33 1464
24 1326
15 1423
32 1237
17 1485
43 1302
19 1178
45 1402
21 1076
23 1316
38 1408
40 1062
28 1430
34 1088
22 1208
29 1365
42 1196
18 1308
32 1005
28 1142
22 1100
14 1087
31 1306
34 1331
11 1356
16 1257
38 1342
31 1224
18 1054
32 1315
15 1357
48 1385
19 1384
23 1082
11 1263
27 1195
36 1140
18 1448
38 1324
49 1370
48 1371
33 1274
46 1052
19 1222
35 1168
44 1388
30 1315
33 1411
49 1294
22 1195
43 1063
25 1190
47 1483
47 1423
17 1170
36 1314
10 1284
18 1381
43 1325
13 1432
18 1425
27 1474
20 1266
36 1360
49 1200
33 1424
47 1176
48 1294
15 1358
36 1049
17 1358
38 1047
16 1388
36 1182
34 1190
22 1109
33 1455
36 1226
11 1463
12 1497
26 1203
18 1176
47 1028
13 1340
29 1473
43 1182
42 1237
15 1221
14 1223
47 1376
34 1307
33 1075
19 1018
13 1103
26 1026
30 1195
47 1454
45 1163
32 1084
20 1495
19 1306
23 1174
17 1207
44 1313
45 1184
20 1460
43 1157
45 1320
39 1291
30 1076
10 1206
48 1315
30 1218
34 1047
19 1369
31 1466
28 1052
18 1265
46 1039
43 1082
38 1496
10 1013
39 1045
38 1169
38 1307
20 1422
34 1266
23 1440
49 1260
14 1387
49 1279
18 1094
41 1005
39 1103
45 1415
25 1299
38 1102
26 1284
10 1078
21 1242
20 1281
30 1198
25 1022
37 1373
28 1090
35 1048
38 1401
21 1096
45 1383
18 1269
33 1227
17 1015
11 1450
18 1142
35 1403
38 1313
22 1493
38 1205
22 1313
30 1240
37 1368
13 1220
18 1259
40 1027
28 1407
16 1206
43 1487
25 1187
14 1181
34 1241
19 1149
23 1374
29 1215
16 1462
38 1402
32 1492
27 1423
28 1480
41 1293
23 1382
44 1481
21 1171
18 1100
26 1049
18 1289
35 1388
47 1111
38 1162
47 1167
49 1260
26 1117
19 1081
30 1406
38 1165
24 1081
32 1252
43 1039
45 1020
21 1015
22 1103
21 1318
11 1223
35 1404
43 1374
31 1322
31 1040
23 1477
25 1267
13 1016
34 1120
20 1393
20 1398
42 1001
28 1020
16 1011
27 1457
29 1225
19 1492
24 1435
43 1236
47 1010
13 1198
22 1172
12 1304
36 1479
12 1331
18 1182
49 1318
34 1236
16 1159
22 1094
26 1400
36 1134
15 1221
17 1460
43 1384
47 1050
43 1348
49 1280
34 1244
26 1138
40 1404
34 1067
42 1248
49 1236
40 1163
36 1213
22 1114
44 1158
28 1491
39 1145
15 1372
26 1492
36 1355
34 1378
44 1264
49 1148
16 1256
48 1235
13 1215
15 1421
32 1269
38 1075
40 1237
46 1119
22 1047
11 1221
38 1245
48 1014
37 1000
47 1372
35 1447
22 1488
40 1398
36 1232
14 1245
21 1189
49 1245
39 1081
49 1224
21 1059
25 1055
25 1213
20 1350
36 1263
11 1352
34 1415
32 1014
41 1442
38 1019
18 1412
35 1121
23 1126
32 1066
34 1029
21 1224
19 1055
25 1364
20 1005
19 1491
14 1430
46 1312
24 1033
47 1162
31 1027
11 1313
21 1369
49 1264
20 1209
28 1398
35 1407
27 1096
14 1022
35 1407
36 1015
41 1366
22 1347
34 1398
12 1270
11 1487
19 1157
26 1430
30 1490
38 1075
42 1364
29 1005
30 1220
18 1044
34 1117
17 1177
35 1307
14 1008
22 1015
35 1421
43 1287
49 1267
46 1478
36 1401
17 1008
24 1231
21 1077
48 1081
10 1116
20 1468
45 1411
10 1039
41 1191
14 1042
10 1139
49 1249
18 1098
23 1154
10 1462
35 1211
18 1389
49 1142
12 1391
38 1123
46 1108
20 1330
11 1291
23 1335
42 1135
41 1283
33 1497
44 1026
28 1121
30 1161
28 1188
26 1286
18 1445
38 1136
32 1087
48 1470
47 1450
36 1037
11 1239
20 1408
29 1133
39 1452
13 1031
36 1339
30 1485
30 1416
12 1137
27 1120
25 1055
47 1160
35 1397
45 1361
47 1009
12 1278
20 1495
27 1072
45 1095
27 1398
30 1466
26 1269
41 1276
37 1261
28 1408
26 1166
10 1466
19 1189
35 1469
47 1347
19 1231
38 1151
29 1106
36 1387
38 1367
25 1490
16 1282
15 1474
29 1194
26 1344
48 1107
46 1261
38 1331
43 1324
35 1088
25 1140
29 1460
32 1491
33 1252
35 1085
10 1104
10 1405
24 1255
13 1280
44 1188
17 1404
43 1396
35 1255
47 1418
22 1390
48 1451
14 1241
29 1257
32 1221
10 1257
36 1345
48 1334
35 1499
29 1111
22 1483
34 1160
38 1175
13 1009
42 1239
37 1451
34 1422
27 1062
30 1329
25 1039
40 1289
24 1303
33 1240
28 1362
34 1151
27 1381
48 1136
35 1492
49 1258
28 1129
17 1065
22 1472
35 1399
19 1148
15 1498
34 1265
32 1139
26 1217
31 1081
17 1394
19 1064
14 1405
45 1277
28 1023
12 1361
26 1452
46 1048
32 1327
39 1253
38 1420
24 1146
30 1041
12 1089
30 1186
30 1164
41 1277
13 1382
39 1396
12 1130
34 1339
33 1451
48 1152
48 1385
15 1298
25 1422
20 1265
31 1319
15 1077
17 1124
18 1349
49 1271
19 1469
29 1214
42 1404
10 1382
28 1059
10 1248
22 1189
27 1403
29 1187
48 1033
44 1312
18 1287
16 1019
42 1092
46 1266
11 1488
34 1296
35 1285
45 1007
27 1413
31 1101
36 1364
41 1470
43 1103
35 1051
15 1471
30 1178
16 1218
11 1266
29 1306
13 1345
36 1328
25 1087
34 1049
14 1032
15 1489
28 1075
23 1451
22 1416
45 1357
40 1257
26 1268
10 1181
37 1225
17 1252
40 1351
29 1209
46 1103
28 1349
14 1317
24 1483
34 1475
29 1469
13 1089
26 1016
18 1336
44 1346
31 1476
40 1105
37 1146
44 1360
12 1499
33 1310
23 1021
25 1233
26 1068
31 1214
49 1151
45 1122
17 1233
22 1443
33 1321
19 1093
35 1484
49 1087
21 1021
34 1267
44 1220
23 1459
13 1001
20 1366
32 1293
29 1410
34 1453
27 1054
31 1424
31 1343
43 1030
39 1264
25 1437
46 1449
29 1045
18 1110
46 1392
23 1100
10 1108
42 1256
40 1169
34 1398
46 1003
38 1316
15 1465
30 1436
34 1426
43 1364
25 1092
33 1087
12 1207
12 1259
48 1468
28 1052
12 1387
17 1165
15 1126
12 1058
33 1118
23 1325
10 1178
25 1378
36 1283
34 1346
19 1151
25 1428
39 1165
24 1008
38 1026
29 1203
29 1129
42 1148
49 1392
32 1159
25 1491
24 1071
40 1269
34 1042
46 1465
15 1361
48 1163
46 1210
45 1183
30 1246
30 1060
28 1281
37 1316
36 1055
45 1359
10 1430
26 1189
29 1206
19 1220
41 1340
41 1408
13 1167
42 1445
27 1145
15 1029
42 1387
24 1066
38 1204
11 1098
16 1133
36 1056
14 1131
30 1462
11 1196
19 1025
10 1245
28 1167
32 1048
26 1358
24 1379
27 1043
29 1050
49 1117
22 1238
28 1087
12 1193
26 1165
44 1286
45 1008
47 1471
37 1309
40 1067
15 1376
43 1337
10 1211
42 1128
43 1014
40 1498
22 1412
37 1472
39 1072
15 1258
41 1381
25 1370
20 1217
46 1165
18 1477
37 1273
39 1384
16 1424
28 1229
20 1325
36 1423
40 1346
38 1395
21 1138
22 1098
27 1013
43 1210
22 1406
19 1437
28 1370
44 1427
30 1169
38 1363
13 1171
28 1420
25 1498
23 1070
47 1354
28 1301
15 1356
12 1239
21 1001
16 1373
43 1483
49 1486
10 1241
18 1155
47 1326
36 1171
36 1321
29 1227
24 1430
18 1158
40 1275
49 1480
40 1085
33 1423
38 1081
48 1121
34 1146
33 1325
30 1394
20 1452
47 1458
25 1082
36 1358
39 1323
11 1045
43 1239
14 1057
25 1043
26 1067
13 1386
13 1050
11 1200
48 1366
43 1138
44 1311
36 1381
11 1137
22 1012
19 1099
24 1089
39 1195
31 1318
38 1424
29 1104
38 1292
28 1303
46 1030
41 1121
40 1129
11 1416
40 1256
14 1431
34 1244
35 1070
46 1036
31 1008
33 1425
29 1194
12 1351
10 1368
45 1359
31 1445
16 1364
37 1055
14 1200
23 1153
14 1060
47 1298
23 1047
14 1465
21 1030
22 1140
35 1459
24 1401
29 1316
32 1039
20 1379
49 1356
39 1247
32 1249
26 1398
10 1419
43 1304
15 1178
22 1175
21 1152
11 1205
25 1302
33 1232
38 1201
28 1023
40 1481
32 1308
25 1165
13 1454
26 1205
24 1049
41 1362
29 1460
14 1340
49 1429
30 1032
40 1007
39 1204
29 1211
19 1437
27 1394
17 1338
42 1062
23 1499
49 1254
44 1377
27 1367
16 1493
44 1280
30 1387
47 1077
32 1296
46 1463
30 1315
33 1366
20 1288
41 1299
46 1007
39 1300
10 1287
38 1097
15 1498
49 1425
40 1477
34 1192
20 1168
49 1314
13 1057
31 1315
35 1147
29 1458
28 1320
16 1452
44 1188
40 1223
29 1122
11 1064
21 1310
22 1144
40 1119
44 1257
11 1216
47 1397
37 1135
17 1335
17 1178
41 1469
16 1075
25 1395
31 1313
39 1054
36 1463
12 1027
11 1059
23 1204
26 1253
34 1223
35 1461
48 1145
27 1193
19 1361
44 1245
28 1250
49 1102
34 1097
18 1123
49 1148
16 1480
30 1294
26 1121
14 1429
20 1427
21 1246
13 1360
12 1383
18 1079
29 1196
13 1047
48 1256
34 1031
23 1304
14 1045
45 1423
49 1425
30 1156
26 1120
25 1464
30 1318
25 1175
39 1406
43 1015
14 1314
20 1465
29 1477
21 1352
28 1422
40 1028
10 1432
27 1305
32 1014
21 1307
44 1420
43 1438
11 1340
36 1451
26 1319
33 1214
29 1329
18 1024
48 1164
25 1194
12 1307
36 1172
18 1410
43 1204
39 1124
26 1057
21 1389
41 1423
38 1489
17 1013
24 1225
21 1281
27 1169
12 1379
37 1308
27 1342
32 1036
29 1105
29 1234
29 1210
26 1054
37 1227
11 1337
31 1481
45 1379
24 1174
46 1158
29 1250
11 1255
13 1184
41 1382
42 1057
36 1217
15 1420
36 1327
28 1110
30 1335
40 1044
42 1392
18 1047
29 1277
30 1137
49 1145
47 1370
19 1028
30 1029
32 1131
28 1218
10 1319
10 1233
36 1307
39 1218
40 1438
17 1113
47 1246
48 1077
46 1321
46 1127
28 1135
31 1442
43 1078
13 1199
16 1077
11 1029
14 1047
42 1354
24 1250
47 1297
24 1047
15 1046
36 1199
27 1028
33 1433
16 1492
34 1241
36 1207
27 1395
18 1178
35 1127
27 1032
26 1029
34 1081
16 1286
25 1022
34 1404
40 1441
45 1303
39 1473
33 1316
35 1434
26 1496
33 1056
22 1176
23 1206
15 1299
49 1407
20 1275
30 1370
20 1347
31 1093
46 1273
13 1090
44 1393
41 1181
23 1436
49 1295
44 1170
24 1412
44 1097
25 1043
39 1267
22 1451
47 1216
49 1404
20 1259
37 1219
22 1069
27 1083
28 1458
38 1396
25 1337
35 1130
33 1260
41 1377
17 1250
11 1152
14 1141
19 1143
38 1159
29 1027
33 1125
44 1246
31 1470
38 1020
17 1356
47 1255
21 1282
11 1172
24 1422
23 1096
44 1000
30 1280
37 1279
36 1159
38 1008
48 1251
24 1489
15 1359
13 1488
28 1299
11 1133
26 1174
26 1108
19 1158
10 1487
36 1488
20 1306
37 1454
40 1294
29 1368
39 1163
18 1111
32 1299
30 1267
17 1107
25 1039
45 1315
39 1085
22 1085
36 1076
48 1476
25 1349
18 1037
14 1450
45 1457
32 1308
22 1347
49 1467
31 1483
49 1231
31 1366
31 1395
36 1035
25 1176
31 1459
41 1161
38 1343
37 1379
28 1065
47 1317
33 1057
20 1032
15 1253
22 1015
20 1216
49 1320
24 1209
12 1248
18 1423
14 1399
13 1352
46 1058
17 1112
22 1444
34 1014
31 1415
22 1331
14 1240
36 1405
29 1079
27 1267
35 1150
37 1316
45 1006
24 1258
22 1363
22 1035
33 1222
18 1476
16 1094
13 1370
11 1089
33 1206
16 1012
14 1050
21 1177
44 1005
46 1490
38 1413
28 1190
22 1487
44 1209
27 1110
32 1187
10 1402
19 1156
43 1330
36 1080
35 1319
13 1035
16 1346
30 1420
17 1328
48 1087
29 1487
20 1234
46 1354
43 1148
47 1259
41 1419
36 1037
38 1013
42 1234
20 1375
20 1024
12 1392
15 1222
16 1173
38 1181
27 1109
28 1406
39 1352
46 1056
30 1340
15 1280
22 1163
45 1319
24 1306
12 1145
46 1365
16 1363
46 1173
45 1193
24 1439
32 1373
11 1014
26 1012
31 1345
34 1268
25 1396
24 1398
27 1425
13 1019
37 1212
29 1173
48 1391
21 1327
24 1375
40 1456
16 1003
41 1176
32 1358
29 1099
24 1362
32 1162
49 1456
31 1200
10 1222
36 1327
38 1486
25 1452
26 1315
28 1296
11 1034
24 1178
38 1109
20 1257
18 1171
44 1121
13 1202
34 1058
35 1480
34 1305
32 1456
35 1258
49 1212
41 1110
13 1054
14 1219
30 1202
12 1156
27 1293
48 1336
28 1022
44 1061
30 1114
15 1210
16 1063
23 1171
17 1294
21 1372
12 1450
40 1157
42 1238
27 1451
41 1093
44 1223
38 1349
27 1396
26 1483
25 1398
31 1287
36 1002
44 1279
28 1499
29 1213
11 1129
49 1069
17 1256
38 1442
12 1188
36 1450
32 1037
26 1400
44 1066
15 1112
38 1247
27 1113
29 1407
22 1007
12 1091
39 1458
32 1226
35 1415
28 1179
24 1086
30 1275
33 1368
45 1430
20 1350
34 1252
17 1362
17 1490
32 1104
26 1328
14 1200
29 1408
10 1105
48 1443
36 1409
14 1282
36 1146
48 1042
47 1349
27 1457
10 1166
12 1342
15 1126
38 1470
19 1128
23 1469
31 1123
47 1294
45 1325
27 1256
42 1247
20 1032
21 1461
45 1461
24 1302
27 1421
24 1167
45 1284
14 1468
24 1478
34 1458
20 1382
30 1032
27 1198
29 1096
29 1123
30 1127
25 1221
46 1351
16 1347
38 1438
29 1015
22 1334
20 1316
33 1432
36 1106
38 1078
37 1178
39 1413
13 1287
12 1059
47 1241
14 1420
31 1209
33 1172
33 1405
12 1385
36 1173
43 1129
25 1154
36 1166
47 1322
38 1444
44 1012
30 1400
12 1444
46 1438
36 1250
24 1332
32 1166
45 1243
32 1075
20 1287
48 1429
49 1372
12 1406
48 1445
15 1286
31 1334
46 1350
45 1351
11 1392
16 1264
17 1160
43 1146
17 1137
28 1013
23 1173
25 1277
25 1014
23 1193
33 1048
22 1009
34 1080
22 1113
45 1164
15 1049
13 1452
45 1443
12 1466
46 1232
35 1247
46 1069
42 1152
38 1216
12 1182
46 1059
10 1272
13 1236
22 1152
33 1439
43 1340
16 1059
39 1458
49 1477
43 1490
32 1275
20 1419
43 1486
36 1306
44 1281
30 1025
21 1490
23 1053
31 1455
13 1006
38 1382
25 1004
36 1070
38 1034
38 1150
45 1468
38 1168
31 1102
35 1087
49 1349
17 1112
25 1027
12 1483
42 1490
25 1385
14 1002
34 1438
11 1138
17 1407
36 1125
40 1340
39 1363
24 1426
35 1145
25 1006
29 1124
25 1417
20 1220
40 1003
20 1118
47 1092
23 1380
20 1069
30 1472
22 1298
46 1460
22 1112
25 1093
49 1414
13 1392
25 1089
31 1291
20 1221
13 1407
45 1374
34 1321
19 1215
24 1231
30 1481
19 1262
46 1350
15 1140
28 1155
22 1131
41 1165
48 1174
42 1088
26 1186
35 1277
22 1359
13 1005
11 1227
47 1373
41 1013
49 1464
33 1106
19 1277
39 1413
41 1441
35 1182
17 1387
46 1205
31 1350
23 1073
30 1218
34 1055
31 1424
29 1439
20 1411
22 1259
11 1043
28 1198
21 1448
20 1008
46 1226
18 1184
18 1425
18 1359
23 1432
33 1493
18 1111
31 1302
45 1202
37 1241
28 1287
29 1077
21 1441
43 1064
38 1072
29 1329
18 1346
13 1265
23 1436
12 1014
19 1285
34 1044
34 1126
19 1417
49 1137
20 1335
38 1411
29 1238
23 1029
45 1039
11 1178
13 1223
31 1386
34 1287
16 1411
33 1009
23 1205
36 1342
16 1231
44 1495
36 1471
11 1417
27 1116
39 1390
21 1183
42 1342
48 1044
27 1188
44 1496
25 1296
13 1030
36 1194
11 1262
45 1461
40 1074
14 1077
47 1305
12 1021
35 1122
43 1004
43 1055
25 1162
23 1091
12 1060
24 1422
29 1307
44 1042
34 1215
35 1271
33 1070
19 1241
24 1130
21 1397
40 1450
45 1085
28 1001
44 1279
34 1319
42 1037
12 1439
39 1294
17 1203
31 1140
43 1210
39 1335
16 1330
13 1270
36 1383
12 1376
11 1021
36 1357
49 1495
15 1110
14 1191
40 1404
16 1140
16 1087
48 1380
38 1032
22 1170
20 1473
37 1242
49 1403
29 1191
16 1275
29 1011
30 1154
45 1303
18 1119
30 1085
26 1300
26 1241
10 1013
11 1312
22 1083
29 1108
48 1476
49 1323
21 1200
40 1043
27 1124
30 1359
36 1442
15 1056
23 1155
40 1197
23 1472
43 1117
26 1163
37 1337
14 1355
12 1118
28 1444
35 1216
20 1193
18 1269
43 1114
44 1163
26 1219
25 1414
48 1467
12 1290
27 1017
30 1162
42 1468
47 1397
25 1491
33 1148
45 1373
40 1152
49 1421
33 1395
48 1343
34 1224
29 1195
15 1138
39 1307
23 1026
44 1062
44 1186
24 1126
41 1465
18 1177
23 1175
24 1482
35 1013
25 1012
33 1498
48 1171
11 1463
41 1160
36 1446
29 1336
44 1455
46 1118
46 1225
38 1281
47 1086
20 1367
36 1476
40 1188
24 1198
45 1363
21 1445
44 1114
24 1212
19 1310
10 1372
47 1098
42 1195
15 1054
43 1493
23 1343
49 1081
10 1079
42 1173
23 1017
25 1107
27 1493
34 1413
33 1382
15 1204
17 1260
21 1041
47 1235
18 1307
28 1494
22 1325
15 1047
36 1050
37 1114
43 1022
44 1140
40 1363
16 1423
49 1157
42 1026
29 1042
49 1038
27 1111
14 1118
16 1402
14 1223
10 1279
33 1311
31 1393
14 1268
22 1006
40 1445
47 1065
10 1099
12 1288
27 1069
38 1048
11 1388
46 1122
27 1278
31 1482
20 1017
12 1288
12 1403
21 1200
21 1138
33 1419
31 1499
22 1152
22 1329
39 1188
25 1385
35 1116
17 1439
42 1036
22 1376
30 1008
17 1076
31 1276
35 1363
35 1040
18 1389
32 1426
48 1499
11 1468
32 1158
43 1280
43 1082
12 1168
15 1434
20 1253
47 1282
35 1140
15 1246
26 1300
49 1316
24 1438
22 1108
49 1050
49 1313
34 1385
37 1020
47 1164
17 1208
25 1415
38 1179
10 1009
17 1375
18 1364
44 1041
20 1371
27 1098
26 1274
33 1265
35 1153
21 1197
26 1070
37 1327
10 1409
19 1014
34 1185
18 1031
37 1160
42 1468
47 1272
29 1082
23 1399
44 1051
13 1158
14 1415
36 1098
46 1201
39 1045
19 1162
34 1371
42 1322
21 1447
40 1228
29 1043
22 1052
12 1287
18 1378
25 1261
39 1464
19 1005
11 1399
15 1085
22 1252
41 1020
33 1209
26 1445
35 1149
30 1131
27 1493
20 1449
41 1006
13 1004
48 1418
10 1333
15 1270
28 1351
41 1381
20 1013
39 1495
31 1123
17 1458
27 1397
32 1030
31 1022
15 1478
17 1444
14 1031
29 1455
40 1147
15 1270
25 1491
15 1155
49 1481
49 1289
43 1242
49 1132
46 1130
12 1105
19 1297
36 1023
27 1138
42 1086
19 1084
12 1474
22 1078
46 1282
40 1483
28 1411
34 1320
35 1270
46 1299
46 1216
18 1051
45 1478
38 1415
45 1279
14 1068
20 1127
23 1458
16 1426
47 1292
17 1374
18 1114
18 1491
19 1311
45 1226
16 1327
44 1348
12 1345
15 1248
36 1293
12 1200
31 1113
30 1129
38 1466
45 1042
48 1055
48 1130
24 1044
49 1033
11 1333
41 1257
14 1482
32 1417
35 1295
14 1177
23 1425
23 1402
40 1087
23 1209
13 1397
12 1366
48 1339
36 1248
24 1201
10 1118
43 1215
11 1318
44 1390
15 1159
35 1452
32 1401
32 1214
20 1394
49 1361
38 1145
10 1062
20 1344
45 1106
31 1168
43 1241
32 1274
12 1135
30 1085
45 1261
15 1276
37 1411
11 1054
23 1358
19 1048
16 1100
23 1099
21 1191
32 1444
10 1008
41 1158
25 1246
24 1102
11 1136
35 1056
48 1448
44 1451
20 1450
21 1063
13 1168
45 1375
13 1397
17 1065
36 1127
27 1154
19 1041
26 1003
44 1287
12 1382
40 1312
24 1183
32 1011
34 1197
40 1461
44 1097
49 1399
28 1001
47 1223
13 1257
45 1218
25 1393
30 1019
36 1247
30 1356
13 1442
42 1344
48 1010
47 1481
27 1335
39 1487
34 1287
34 1023
38 1401
44 1088
24 1378
11 1040
43 1005
47 1352
14 1173
19 1244
43 1045
12 1362
18 1355
11 1158
26 1299
37 1354
49 1403
34 1470
47 1207
12 1245
32 1211
31 1312
30 1268
19 1219
36 1257
43 1024
11 1159
14 1491
21 1473
23 1320
15 1230
24 1235
49 1213
41 1494
11 1126
47 1471
43 1367
19 1029
31 1055
31 1483
11 1129
24 1033
46 1335
34 1499
49 1225
13 1326
25 1234
10 1116
22 1173
45 1211
17 1103
42 1313
48 1418
37 1292
33 1099
36 1098
35 1252
34 1267
36 1309
48 1045
15 1161
10 1298
17 1439
42 1431
25 1104
47 1453
16 1209
17 1115
10 1433
20 1072
16 1207
38 1135
34 1177
10 1155
22 1412
30 1179
32 1320
14 1002
38 1086
16 1334
28 1204
29 1337
23 1295
41 1067
27 1078
31 1359
47 1099
10 1390
39 1073
14 1276
25 1468
16 1240
33 1179
38 1244
41 1408
20 1315
42 1103
32 1240
21 1294
49 1429
33 1343
38 1393
12 1311
34 1199
22 1422
24 1250
10 1242
35 1318
45 1009
33 1362
21 1442
25 1018
16 1453
28 1030
44 1481
16 1148
22 1085
36 1059
32 1088
45 1457
18 1028
14 1086
41 1250
39 1278
44 1101
35 1036
45 1417
34 1301
48 1254
29 1047
31 1460
19 1254
39 1358
22 1409
45 1266
11 1055
37 1357
38 1111