5000 2000
48 1120
14 1257
28 1070
15 1185
41 1357
38 1133
31 1191
42 1005
32 1048
47 1001
26 1409
27 1172
31 1417
20 1250
21 1159
37 1018
36 1276
35 1005
37 1238
36 1286
22 1157
43 1443
47 1436
42 1294
41 1336
36 1198
24 1339
20 1290
24 1294
21 1352
24 1290
37 1215
46 1137
39 1313
22 1220
34 1147
31 1203
15 1043
33 1437
28 1415
26 1130
20 1412
41 1090
11 1004
48 1285
37 1130
48 1300
38 1305
33 1395
10 1022
19 1427
48 1460
25 1098
49 1143
12 1326
46 1025
25 1203
11 1156
11 1328
33 1167
15 1273
25 1448
10 1103
23 1107
36 1379
37 1284
47 1035
33 1026
26 1432
11 1096
45 1432
24 1154
22 1352
42 1085
34 1033
43 1431
23 1436
44 1201
26 1033
30 1382
33 1407
44 1347
38 1497
18 1371
31 1101
11 1134
17 1007
38 1215
27 1012
36 1099
13 1127
44 1447
45 1457
38 1456
16 1304
16 1452
36 1240
39 1121
10 1247
17 1018
30 1357
15 1463
24 1324
19 1354
38 1466
33 1208
36 1020
21 1494
33 1126
33 1267
33 1247
12 1154
36 1101
36 1247
45 1205
44 1286
42 1323
48 1223
26 1286
24 1458
36 1046
22 1121
16 1488
42 1322
32 1071
42 1376
33 1024
16 1239
32 1451
35 1161
17 1329
38 1348
35 1320
12 1191
28 1398
20 1069
43 1177
48 1479
15 1293
31 1041
14 1162
20 1352
32 1139
42 1292
25 1387
40 1175
45 1184
25 1210
38 1331
13 1001
33 1275
21 1035
25 1290
20 1190
43 1160
37 1303
13 1288
16 1122
26 1133
49 1100
22 1126
12 1242
43 1489
42 1284
49 1329
29 1379
49 1399
12 1444
15 1047
31 1346
48 1190
32 1064
26 1324
40 1462
17 1050
40 1059
49 1167
16 1062
34 1117
45 1288
20 1408
19 1489
38 1387
19 1120
19 1472
49 1112
20 1408
34 1148
28 1231
32 1120
19 1119
32 1331
49 1464
12 1422
31 1173
45 1425
47 1451
29 1071
36 1191
33 1435
42 1101
36 1134
30 1373
42 1354
21 1026
42 1469
20 1082
19 1155
45 1442
11 1493
10 1055
33 1197
25 1346
30 1463
27 1408
38 1308
34 1107
25 1496
11 1226
41 1462
49 1393
34 1156
46 1005
38 1171
13 1188
34 1147
27 1087
22 1146
42 1252
15 1046
43 1416
29 1252
47 1216
18 1199
15 1266
17 1329
41 1131
25 1407
31 1028
16 1139
47 1040
25 1479
35 1217
49 1221
26 1304
22 1473
45 1030
10 1341
26 1289
44 1473
16 1014
44 1266
47 1138
17 1346
39 1272
32 1175
25 1357
47 1249
15 1407
47 1192
30 1001
45 1167
13 1478
11 1214
11 1364
12 1376
35 1092
29 1047
23 1003
37 1334
23 1019
15 1228
34 1133
25 1157
12 1320
12 1366
21 1234
15 1419
45 1374
23 1233
21 1212
42 1152
41 1029
38 1113
12 1158
37 1193
40 1076
37 1283
44 1123
23 1002
38 1054
10 1202
13 1010
48 1276
33 1019
28 1009
24 1059
35 1404
28 1087
16 1381
29 1264
11 1193
20 1202
16 1019
21 1249
20 1379
44 1203
21 1160
38 1176
42 1285
47 1440
23 1333
38 1124
24 1291
19 1348
18 1404
46 1108
33 1056
12 1377
23 1021
11 1446
25 1053
39 1397
36 1237
18 1274
26 1353
25 1264
36 1411
32 1182
19 1432
32 1463
40 1084
13 1306
16 1083
28 1188
36 1420
25 1053
26 1271
30 1432
42 1243
28 1119
10 1042
23 1278
10 1403
29 1082
10 1101
29 1486
35 1019
17 1327
14 1188
48 1237
16 1195
16 1047
19 1487
48 1154
24 1121
21 1072
36 1320
43 1424
20 1472
41 1165
47 1338
37 1086
36 1316
12 1134
32 1459
18 1354
23 1201
39 1106
10 1316
19 1155
41 1098
46 1111
19 1336
45 1192
16 1102
34 1013
31 1217
18 1043
35 1024
33 1099
22 1013
30 1040
20 1304
17 1437
43 1162
26 1074
29 1465
13 1117
28 1383
45 1478
13 1098
42 1212
29 1285
13 1273
40 1077
41 1231
37 1384
36 1415
15 1024
22 1047
33 1423
44 1184
29 1094
15 1016
43 1298
44 1109
30 1010
46 1395
20 1042
18 1455
35 1185
34 1236
22 1258
48 1085
14 1109
49 1025
31 1070
27 1068
15 1292
49 1475
39 1047
43 1272
42 1062
10 1210
24 1361
33 1216
47 1143
13 1430
48 1366
23 1445
49 1312
26 1437
21 1391
39 1218
16 1220
28 1163
22 1020
29 1489
43 1193
38 1007
22 1018
21 1044
39 1184
37 1436
17 1078
36 1372
28 1283
12 1186
31 1215
34 1254
24 1237
46 1294
11 1040
43 1343
20 1249
16 1023
26 1423
24 1462
39 1060
45 1146
19 1322
13 1173
10 1165
25 1146
18 1336
24 1106
31 1072
28 1046
13 1266
47 1338
42 1270
18 1031
42 1374
37 1408
11 1210
17 1172
47 1405
19 1242
19 1287
46 1108
30 1379
12 1241
42 1383
31 1105
28 1164
48 1415
43 1415
14 1125
22 1094
13 1316
11 1184
20 1064
45 1154
13 1050
36 1258
25 1103
17 1329
33 1091
12 1350
22 1413
27 1056
46 1442
46 1396
37 1288
41 1394
34 1403
21 1329
12 1009
47 1494
17 1220
14 1291
24 1094
37 1405
35 1093
31 1251
23 1011
17 1077
42 1393
19 1441
20 1462
31 1490
29 1280
28 1215
17 1390
32 1248
34 1322
27 1010
19 1176
34 1350
19 1343
13 1371
30 1099
17 1219
37 1165
34 1049
29 1113
27 1165
20 1056
11 1111
28 1080
33 1030
45 1373
26 1411
34 1337
14 1007
14 1078
41 1280
46 1320
19 1411
33 1453
33 1234
35 1273
30 1426
19 1204
44 1423
42 1039
16 1483
28 1296
31 1002
11 1199
45 1207
17 1092
46 1431
26 1048
10 1236
42 1406
19 1278
44 1064
27 1468
21 1105
21 1392
47 1130
26 1030
21 1046
47 1321
18 1104
24 1178
23 1188
21 1260
13 1468
12 1320
45 1498
42 1274
37 1376
28 1209
30 1289
40 1272
12 1193
48 1427
12 1276
21 1294
29 1149
37 1224
27 1215
32 1292
47 1076
44 1059
12 1200
45 1182
35 1038
48 1364
24 1155
32 1198
38 1125
14 1415
13 1186
15 1196
37 1018
14 1350
40 1220
35 1096
23 1085
17 1401
29 1366
10 1087
26 1101
24 1092
41 1164
28 1233
49 1344
38 1060
32 1308
11 1022
41 1151
10 1272
38 1051
22 1379
21 1129
10 1400
35 1365
15 1480
46 1368
16 1016
22 1325
18 1479
23 1319
40 1394
49 1498
24 1124
33 1177
26 1060
24 1002
16 1371
31 1014
32 1239
37 1013
46 1473
46 1278
49 1212
16 1436
39 1323
15 1402
30 1299
36 1105
39 1397
35 1034
15 1103
20 1003
10 1029
28 1398
11 1319
26 1114
20 1489
29 1245
12 1202
31 1404
27 1264
29 1380
38 1439
24 1060
29 1002
43 1424
25 1329
49 1327
22 1112
26 1321
13 1058
36 1293
42 1180
11 1039
17 1361
30 1231
31 1464
31 1010
27 1283
16 1100
43 1451
47 1149
29 1001
24 1276
27 1328
27 1196
24 1183
45 1196
25 1256
43 1017
43 1165
12 1273
27 1278
33 1107
30 1313
19 1427
39 1089
21 1477
38 1302
13 1327
28 1360
49 1198
21 1177
26 1292
48 1230
20 1491
31 1470
21 1103
31 1053
15 1125
19 1379
21 1269
16 1219
36 1372
47 1483
36 1049
15 1479
20 1402
49 1331
19 1063
40 1163
45 1091
36 1341
30 1352
34 1339
18 1275
45 1249
30 1360
39 1096
30 1479
45 1206
45 1298
47 1197
19 1214
47 1407
33 1236
38 1290
14 1294
24 1138
43 1325
40 1110
25 1171
19 1399
29 1168
21 1191
12 1173
30 1330
32 1078
29 1296
39 1068
44 1200
36 1121
35 1293
18 1017
18 1194
16 1170
39 1219
16 1045
36 1337
46 1482
43 1131
34 1246
14 1160
21 1019
27 1371
10 1139
16 1250
21 1057
11 1134
26 1460
33 1370
42 1494
36 1105
28 1194
40 1199
34 1306
35 1420
22 1409
21 1286
26 1128
23 1297
44 1002
12 1388
21 1381
23 1216
10 1036
33 1216
32 1220
20 1485
17 1139
28 1167
28 1084
13 1475
23 1434
25 1050
43 1257
31 1354
43 1034
40 1419
22 1103
14 1284
36 1391
41 1052
27 1362
26 1075
29 1483
26 1279
19 1045
37 1162
16 1196
35 1276
35 1250
14 1328
24 1177
19 1256
49 1260
14 1321
37 1028
47 1373
21 1213
10 1238
46 1304
45 1420
35 1271
32 1121
26 1197
45 1465
30 1045
26 1159
39 1167
28 1193
45 1312
15 1145
16 1310
44 1201
21 1498
25 1065
10 1482
29 1086
32 1470
15 1356
26 1077
32 1013
26 1018
44 1494
47 1089
13 1223
29 1393
40 1345
13 1086
34 1170
43 1276
22 1287
44 1492
23 1011
36 1342
32 1267
14 1173
35 1313
45 1194
40 1313
38 1154
17 1495
42 1420
25 1435
39 1463
23 1000
23 1275
34 1499
23 1217
29 1377
32 1474
48 1392
37 1057
23 1424
16 1393
21 1276
47 1355
18 1262
19 1201
49 1154
11 1024
22 1374
14 1018
39 1128
11 1158
13 1482
28 1299
45 1363
21 1400
13 1321
32 1108
44 1349
21 1270
40 1412
42 1049
18 1219
43 1236
33 1473
29 1424
41 1097
46 1201
15 1123
24 1103
26 1084
44 1318
32 1114
22 1264
28 1181
42 1461
11 1250
48 1337
12 1306
39 1358
11 1151
26 1021
23 1243
37 1251
38 1002
33 1209
13 1498
10 1133
14 1156
12 1163
17 1450
21 1329
43 1467
41 1228
30 1267
22 1274
13 1390
48 1291
39 1188
37 1349
12 1098
14 1311
14 1465
34 1161
11 1220
37 1063
15 1410
44 1456
16 1211
34 1213
22 1123
34 1367
19 1299
22 1316
22 1026
38 1206
33 1428
25 1437
13 1453
28 1037
31 1054
48 1030
26 1453
25 1330
40 1466
22 1235
42 1206
32 1442
13 1122
13 1461
42 1203
31 1257
11 1258
16 1428
11 1021
46 1397
17 1290
16 1124
29 1120
23 1259
46 1352
12 1071
13 1408
36 1246
38 1170
43 1099
11 1206
20 1296
31 1134
28 1310
23 1173
14 1022
42 1394
24 1207
29 1410
30 1401
26 1307
22 1353
19 1488
25 1018
13 1032
38 1163
26 1154
12 1154
27 1270
34 1211
15 1022
32 1412
25 1045
32 1085
10 1259
40 1250
13 1046
22 1219
21 1065
19 1444
26 1198
29 1199
19 1230
18 1448
46 1314
14 1452
19 1045
40 1108
32 1423
13 1422
16 1408
38 1278
11 1082
44 1363
24 1092
33 1208
24 1330
45 1112
22 1163
37 1294
38 1074
13 1461
22 1017
11 1431
17 1496
18 1248
25 1188
10 1384
17 1351
31 1349
28 1496
43 1493
26 1455
19 1157
29 1341
23 1295
31 1112
41 1033
24 1104
18 1060
13 1495
40 1391
45 1267
29 1439
33 1247
26 1424
38 1327
45 1391
47 1237
32 1374
25 1264
48 1253
45 1022
13 1140
26 1104
14 1470
42 1421
11 1094
31 1023
47 1163
17 1354
29 1182
47 1474
44 1219
39 1310
13 1364
31 1022
48 1387
44 1013
34 1238
25 1355
28 1097
30 1478
19 1088
27 1267
24 1048
49 1254
44 1495
40 1128
35 1093
40 1497
21 1471
20 1159
43 1249
32 1180
22 1271
26 1104
20 1121
10 1271
26 1365
18 1097
37 1433
36 1095
47 1075
24 1459
38 1033
18 1241
31 1426
17 1056
27 1092
30 1197
13 1229
33 1250
47 1471
37 1113
23 1131
24 1424
34 1466
29 1094
41 1202
22 1389
37 1314
33 1387
11 1476
16 1454
17 1192
29 1173
15 1346
49 1199
42 1100
35 1393
45 1338
13 1127
15 1348
31 1315
32 1409
29 1351
35 1444
10 1348
38 1069
46 1133
42 1038
17 1472
31 1082
27 1438
47 1171
31 1378
18 1134
15 1098
15 1241
28 1338
15 1227
31 1281
25 1142
30 1052
18 1253
44 1152
22 1234
32 1200
34 1068
34 1067
16 1172
48 1220
45 1474
25 1055
43 1285
35 1113
41 1377
22 1323
29 1020
42 1373
41 1160
44 1323
41 1225
48 1020
15 1240
17 1097
18 1429
23 1264
35 1070
32 1088
10 1342
18 1239
18 1228
11 1192
17 1138
15 1177
12 1131
48 1413
27 1359
13 1311
31 1385
32 1038
36 1258
40 1348
10 1110
38 1407
11 1074
33 1229
32 1084
17 1111
22 1046
35 1403
43 1029
38 1284
11 1017
23 1473
28 1234
49 1180
30 1208
31 1293
48 1467
17 1138
37 1167
12 1257
18 1275
37 1169
30 1123
13 1355
21 1410
17 1013
17 1464
21 1358
29 1469
43 1269
22 1264
32 1046
13 1353
13 1346
32 1240
10 1465
23 1267
19 1346
38 1198
46 1239
30 1152
49 1101
11 1304
35 1347
27 1280
47 1448
45 1242
17 1039
24 1332
33 1383
25 1253
19 1337
15 1485
26 1251
15 1315
20 1144
16 1243
34 1439
46 1105
16 1157
28 1204
41 1148
40 1050
46 1382
16 1388
30 1033
13 1386
23 1006
27 1329
27 1183
12 1353
34 1343
40 1382
13 1123
15 1392
30 1488
37 1194
19 1276
21 1007
48 1492
27 1241
36 1499
20 1302
36 1438
39 1078
19 1445
46 1014
27 1208
21 1319
48 1273
15 1269
42 1043
28 1103
39 1295
28 1386
25 1374
10 1013
14 1138
29 1089
22 1135
21 1114
19 1213
13 1204
19 1415
25 1159
13 1442
22 1240
37 1173
42 1410
19 1066
13 1224
37 1220
16 1020
30 1058
41 1195
48 1298
11 1199
21 1432
36 1206
49 1173
25 1130
48 1167
48 1261
32 1060
24 1257
42 1017
41 1057
24 1424
21 1215
21 1238
16 1166
45 1072
32 1413
16 1040
47 1248
40 1118
19 1298
32 1145
31 1028
47 1197
35 1356
24 1060
11 1205
38 1350
47 1347
35 1069
49 1319
31 1103
46 1224
39 1243
33 1224
46 1325
29 1204
19 1000
37 1182
33 1203
22 1095
43 1266
24 1130
32 1313
25 1337
46 1481
48 1105
46 1208
23 1446
14 1346
13 1115
45 1360
48 1121
10 1008
39 1198
13 1141
45 1471
29 1093
16 1368
15 1467
10 1353
19 1119
14 1206
46 1019
18 1169
14 1422
35 1307
22 1222
21 1420
47 1203
46 1159
21 1345
27 1207
22 1363
35 1492
15 1038
17 1202
22 1080
41 1007
33 1183
38 1243
10 1475
39 1441
31 1192
20 1345
10 1040
13 1330
46 1264
49 1150
28 1420
15 1430
45 1304
44 1021
22 1320
38 1140
17 1426
17 1054
27 1056
23 1039
25 1308
43 1324
11 1331
33 1295
32 1443
26 1314
21 1116
28 1332
38 1447
23 1047
14 1298
39 1315
17 1397
23 1047
31 1088
42 1120
18 1276
41 1384
29 1068
37 1089
31 1008
46 1093
44 1417
24 1442
16 1018
44 1249
13 1459
17 1226
14 1194
14 1018
18 1416
26 1480
24 1451
18 1263
33 1349
39 1348
27 1025
21 1260
39 1143
17 1231
47 1112
46 1005
10 1159
35 1224
27 1322
47 1043
44 1267
30 1461
29 1307
32 1410
20 1284
13 1026
24 1463
30 1124
35 1226
36 1346
19 1238
21 1031
39 1275
31 1250
26 1319
35 1084
25 1239
30 1423
45 1446
46 1224
13 1205
14 1147
43 1326
44 1147
32 1448
33 1489
14 1124
11 1423
43 1257
38 1269
44 1329
10 1156
16 1280
44 1102
21 1489
24 1192
15 1031
35 1172
20 1317
14 1151
46 1048
26 1491
37 1334
39 1214
41 1081
44 1196
14 1365
33 1145
48 1170
44 1170
24 1250
12 1343
24 1428
19 1092
14 1268
28 1144
22 1497
28 1378
27 1308
31 1038
12 1142
28 1290
45 1380
42 1066
49 1004
18 1085
18 1408
19 1117
42 1249
36 1386
10 1082
16 1224
36 1385
15 1210
22 1026
32 1349
22 1301
14 1211
11 1168
17 1204
21 1118
45 1376
47 1372
16 1171
23 1204
25 1053
36 1295
31 1332
17 1387
34 1474
21 1065
24 1249
23 1454
20 1485
29 1311
12 1186
16 1134
11 1061
22 1288
42 1264
38 1441
32 1058
47 1186
32 1199
26 1079
28 1416
48 1047
48 1196
30 1480
38 1113
48 1457
40 1280
48 1181
30 1034
21 1377
13 1396
32 1231
36 1062
12 1425
14 1379
10 1037
39 1256
45 1260
16 1357
23 1245
31 1121
33 1271
15 1339
25 1489
13 1392
27 1338
19 1075
20 1178
34 1342
37 1409
23 1475
39 1010
40 1010
38 1172
42 1396
35 1407
48 1450
33 1065
21 1326
39 1227
12 1200
15 1426
27 1218
15 1386
18 1389
31 1103
42 1452
22 1070
36 1360
36 1237
33 1001
39 1248
12 1002
17 1274
44 1405
19 1481
14 1402
34 1332
30 1315
18 1041
28 1397
40 1225
39 1172
33 1254
49 1198
36 1387
35 1076
18 1466
37 1303
22 1429
15 1470
49 1311
36 1222
10 1062
36 1035
29 1215
36 1016
16 1173
45 1445
38 1465
17 1318
27 1218
21 1211
17 1084
39 1352
27 1261
42 1447
29 1215
11 1168
48 1030
46 1273
46 1129
37 1197
13 1112
37 1021
41 1008
32 1143
20 1311
18 1129
39 1377
26 1368
12 1415
46 1250
15 1388
25 1272
38 1499
21 1085
44 1198
42 1461
40 1179
44 1273
17 1320
41 1378
32 1274
31 1110
21 1051
38 1333
44 1406
33 1150
17 1267
49 1356
20 1484
17 1332
48 1346
36 1126
41 1485
42 1340
48 1215
36 1209
15 1265
46 1162
16 1472
19 1381
14 1022
22 1196
31 1275
16 1476
44 1425
43 1360
30 1360
20 1197
23 1134
27 1460
42 1454
31 1305
36 1132
46 1226
24 1109
17 1475
13 1236
19 1109
16 1253
28 1384
17 1312
24 1133
35 1448
38 1049
38 1309
13 1325
19 1032
26 1461
31 1155
34 1451
39 1012
28 1140
21 1325
48 1240
20 1217
39 1139
33 1203
47 1070
16 1043
32 1348
10 1082
35 1025
16 1218
14 1110
43 1035
30 1378
12 1295
32 1096
37 1301
35 1402
45 1112
14 1135
10 1132
22 1111
16 1075
23 1485
38 1380
45 1350
12 1069
48 1189
21 1012
13 1384
40 1282
46 1023
15 1487
41 1444
27 1329
12 1234
24 1458
24 1132
10 1277
47 1086
17 1042
43 1336
49 1463
12 1326
41 1017
15 1226
39 1295
21 1169
14 1246
19 1057
44 1305
15 1289
22 1034
20 1463
33 1298
48 1446
27 1172
46 1025
42 1484
20 1174
40 1115
32 1014
44 1236
43 1086
34 1260
10 1302
45 1155
16 1328
46 1313
36 1405
20 1361
36 1456
21 1391
34 1358
30 1213
36 1140
28 1016
45 1335
47 1306
20 1324
16 1062
30 1131
39 1099
38 1188
25 1050
16 1100
43 1206
46 1100
48 1155
40 1393
18 1312
32 1419
36 1125
45 1314
24 1306
49 1203
13 1488
39 1035
30 1386
18 1351
34 1382
19 1188
37 1343
35 1464
41 1031
29 1113
30 1303
39 1122
11 1258
21 1255
10 1126
47 1334
14 1261
49 1017
30 1310
38 1475
20 1289
32 1495
46 1109
32 1178
26 1252
27 1488
30 1352
32 1070
39 1218
25 1467
41 1098
21 1276
24 1420
11 1188
39 1460
34 1154
17 1100
45 1335
29 1365
31 1163
21 1208
28 1273
14 1026
37 1065
35 1404
11 1247
46 1066
13 1072
40 1422
15 1077
27 1222
11 1219
11 1237
39 1150
19 1323
28 1343
26 1221
21 1468
36 1263
40 1107
27 1231
46 1151
19 1201
24 1267
40 1473
44 1268
41 1360
23 1196
43 1302
24 1093
48 1134
48 1497
21 1187
32 1471
20 1069
48 1119
27 1210
22 1272
32 1013
35 1070
31 1159
22 1141
43 1381
40 1363
24 1118
12 1139
47 1425
30 1237
44 1122
22 1224
31 1466
22 1382
31 1158
16 1261
16 1122
29 1261
38 1153
39 1237
38 1379
21 1398
38 1394
25 1214
21 1229
30 1254
49 1298
25 1361
31 1002
16 1285
24 1484
37 1260
36 1398
30 1452
32 1156
13 1424
47 1375
30 1033
11 1071
15 1033
49 1228
48 1444
18 1344
17 1231
45 1047
16 1012
35 1315
28 1336
45 1236
41 1431
37 1448
42 1028
13 1081
40 1159
46 1355
49 1439
24 1482
41 1310
31 1073
15 1217
38 1349
18 1415
19 1346
42 1280
28 1356
45 1076
49 1100
24 1279
47 1049
33 1438
24 1431
34 1049
42 1109
41 1078
19 1194
24 1378
35 1067
24 1172
22 1147
30 1064
25 1208
23 1167
45 1467
39 1199
29 1081
14 1071
17 1357
28 1195
23 1066
25 1086
19 1397
26 1479
46 1326
13 1236
34 1388
18 1462
45 1330
27 1339
36 1046
46 1438
20 1147
22 1283
26 1159
45 1189
41 1415
24 1087
16 1455
32 1285
20 1437
29 1460
23 1338
15 1435
24 1377
41 1320
25 1294
42 1099
45 1135
24 1320
20 1431
37 1432
37 1128
28 1123
22 1031
36 1262
32 1019
28 1155
41 1084
15 1078
19 1028
26 1287
45 1142
38 1204
17 1166
44 1303
39 1145
31 1264
45 1200
43 1271
24 1229
32 1208
45 1100
31 1239
10 1123
28 1244
29 1238
35 1294
44 1163
22 1148
18 1204
33 1021
40 1490
48 1107
28 1170
40 1336
37 1015
33 1003
15 1390
16 1379
35 1309
37 1390
37 1011
14 1250
45 1399
22 1263
44 1058
21 1294
28 1261
35 1315
23 1291
25 1177
29 1084
24 1280
28 1475
19 1413
10 1097
15 1150
49 1383
42 1068
15 1047
32 1107
42 1029
32 1055
27 1149
40 1286
27 1441
19 1311
42 1300
24 1098
11 1440
13 1411
33 1406
18 1473
48 1261
19 1213
39 1489
37 1157
30 1159
17 1376
15 1302
30 1444
30 1193
47 1369
14 1306
27 1229
30 1052
13 1458
29 1177
21 1290
46 1272
28 1111
38 1466
25 1299
11 1380
38 1470
17 1097
13 1225
14 1056
12 1151
28 1335
43 1277
37 1172
47 1259
11 1496
23 1470
46 1336
20 1415
38 1192
48 1191
17 1265
20 1015
15 1157
36 1273
42 1079
13 1337
17 1466
40 1221
49 1232
25 1181
18 1027
28 1120
42 1442
34 1331
40 1063
31 1443
44 1177
17 1467
15 1136
15 1231
29 1478
45 1377
13 1016
32 1168
29 1479
45 1239
41 1077
29 1133
45 1276
31 1453
15 1268
40 1427
49 1233
36 1232
47 1303
20 1057
36 1120
33 1284
49 1065
27 1468
15 1027
31 1314
11 1093
35 1344
15 1079
25 1215
27 1149
49 1440
30 1438
19 1190
21 1450
19 1158
39 1343
18 1146
28 1495
18 1029
21 1190
19 1461
26 1306
35 1344
44 1220
21 1450
49 1363
49 1468
27 1393
26 1183
49 1224
23 1052
34 1487
21 1498
12 1258
12 1204
37 1458
49 1058
27 1243
18 1213
26 1044
41 1338
15 1464
23 1027
42 1189
21 1291
24 1356
34 1446
34 1043
13 1338
32 1193
16 1352
41 1002
41 1301
19 1027
43 1237
39 1198
18 1473
30 1425
10 1188
26 1094
43 1477
11 1158
30 1037
25 1260
13 1172
20 1054
30 1238
41 1242
17 1402
14 1374
47 1258
18 1456
23 1178
14 1476
12 1342
47 1387
45 1409
27 1374
28 1253
40 1322
29 1349
28 1194
31 1385
32 1143
45 1435
32 1013
30 1438
15 1248
13 1446
17 1123
36 1113
17 1033
40 1360
32 1288
11 1004
25 1206
17 1248
38 1153
20 1163
45 1090
22 1057
41 1087
33 1208
48 1468
34 1026
44 1260
32 1235
34 1345
29 1101
34 1280
29 1090
17 1003
23 1290
29 1291
29 1181
23 1016
13 1259
39 1433
29 1364
41 1066
43 1036
41 1212
34 1357
38 1272
41 1485
34 1358
11 1128
47 1411
34 1065
16 1393
18 1381
35 1058
34 1477
41 1183
24 1362
34 1279
25 1142
41 1063
36 1006
18 1269
37 1364
47 1359
33 1382
39 1295
33 1353
31 1181
36 1423
12 1041
39 1090
17 1113
49 1127
42 1031
10 1313
12 1243
49 1460
45 1151
44 1103
37 1464
15 1037
14 1169
19 1406
23 1182
47 1458
31 1376
24 1472
38 1016
20 1329
13 1209
44 1069
48 1180
12 1041
30 1468
28 1029
47 1225
16 1460
46 1418
16 1140
39 1093
24 1097
26 1402
47 1467
24 1112
46 1372
32 1056
36 1149
49 1107
31 1368
44 1277
36 1151
14 1096
31 1205
15 1239
28 1462
15 1358
39 1197
10 1066
14 1201
19 1356
27 1094
34 1111
49 1448
34 1460
25 1481
17 1101
20 1043
48 1245
22 1031
39 1384
28 1416
19 1277
30 1032
37 1268
16 1060
38 1459
48 1418
39 1009
39 1326
13 1105
13 1401
46 1272
15 1284
39 1014
42 1280
41 1199
39 1043
31 1067
36 1322
20 1447
27 1157
36 1443
11 1238
42 1136
27 1078
12 1384
24 1367
22 1252
34 1222
45 1050
33 1470
31 1179
43 1241
48 1205
18 1305
43 1085
32 1437
40 1271
23 1116
22 1386
12 1449
15 1158
37 1479
19 1352
19 1066
17 1065
18 1189
19 1422
49 1290
48 1418
33 1358
17 1254
24 1477
47 1488
32 1232
47 1392
28 1479
23 1012
13 1466
42 1140
41 1222
20 1499
26 1356
49 1033
45 1325
36 1461
36 1391
21 1235
29 1304
40 1198
27 1170
25 1224
43 1016
10 1369
40 1187
13 1498
15 1396
39 1423
40 1227
24 1087
20 1381
47 1359
34 1345
26 1339
11 1340
27 1377
45 1116
15 1247
27 1494
48 1041
28 1391
26 1001
19 1227
32 1189
49 1093
31 1128
22 1237
33 1171
23 1332
39 1383
34 1245
39 1079
21 1460
29 1472
35 1440
49 1022
27 1214
15 1424
38 1315
34 1061
26 1480
17 1286
43 1164
43 1220
26 1244
42 1117
27 1295
41 1391
26 1394
19 1357
31 1226
47 1416
24 1304
43 1249
25 1113
47 1468
48 1043
11 1282
17 1391
26 1480
43 1434
26 1049
18 1429
10 1436
49 1166
27 1052
29 1228
20 1102
24 1260
25 1320
28 1118
42 1256
25 1106
10 1432
48 1191
10 1001
26 1459
29 1228
17 1177
47 1258
29 1479
34 1115
22 1213
35 1039
24 1027
38 1031
26 1489
26 1288
30 1423
14 1078
27 1297
27 1322
25 1034
39 1176
36 1414
22 1181
45 1304
31 1392
42 1411
21 1371
17 1279
41 1294
22 1325
16 1155
34 1199
25 1478
41 1215
25 1430
44 1069
36 1419
22 1391
21 1177
26 1154
13 1259
40 1093
20 1172
33 1466
30 1217
42 1009
18 1234
12 1417
40 1145
31 1119
22 1355
42 1329
41 1138
16 1315
33 1258
18 1100
38 1000
23 1352
33 1175
23 1241
30 1379
41 1256
43 1394
39 1477
49 1497
32 1493
24 1165
32 1398
30 1485
40 1101
15 1138
14 1431
46 1154
45 1366
44 1296
37 1367
12 1480
32 1228
17 1174
36 1234
46 1131
34 1309
32 1478
49 1417
21 1451
19 1472
49 1103
27 1310
21 1472
43 1127
14 1466
16 1438
49 1355
30 1344
22 1132
30 1438
12 1341
40 1030
34 1159
47 1199
28 1396
27 1369
16 1458
11 1425
21 1217
15 1004
32 1134
20 1429
23 1236
23 1232
32 1447
46 1354
11 1375
38 1262
40 1158
37 1031
46 1095
46 1061
18 1262
38 1304
20 1400
37 1411
26 1302
32 1246
35 1421
41 1200
40 1198
46 1031
43 1025
46 1255
36 1366
14 1112
45 1099
44 1378
38 1476
12 1482
33 1173
24 1428
42 1210
45 1155
41 1097
29 1255
43 1392
10 1231
25 1086
27 1421
41 1318
35 1378
34 1246
21 1422
14 1441
25 1077
33 1233
13 1396
30 1472
21 1339
31 1474
14 1330
14 1462
37 1435
37 1373
21 1187
31 1001
35 1490
43 1259
44 1486
37 1290
12 1027
12 1257
25 1029
30 1295
44 1020
13 1162
45 1324
24 1422
29 1192
49 1314
36 1103
17 1422
47 1080
46 1391
23 1353
46 1430
14 1226
29 1098
14 1230
39 1493
34 1144
24 1127
44 1497
35 1246
21 1195
45 1144
24 1093
35 1252
39 1332
14 1431
18 1470
31 1472
26 1388
49 1358
13 1428
29 1381
46 1461
21 1491
17 1046
13 1390
26 1496
47 1077
31 1378
32 1263
13 1491
27 1296
16 1492
12 1267
24 1383
29 1083
17 1229
28 1187
43 1476
24 1028
12 1308
40 1229
12 1141
37 1248
40 1384
24 1367
12 1006
38 1442
23 1354
43 1291
28 1256
24 1374
21 1046
14 1256
13 1461
49 1472
45 1051
21 1207
18 1099
43 1479
34 1423
30 1393
36 1336
14 1166
26 1106
36 1165
27 1148
18 1219
24 1073
21 1442
39 1001
24 1015
17 1227
26 1080
16 1080
37 1470
16 1163
15 1400
11 1240
42 1132
45 1441
30 1193
14 1435
43 1370
49 1007
31 1365
17 1392
15 1157
14 1152
35 1336
24 1079
18 1445
24 1301
17 1003
38 1106
13 1257
37 1236
19 1152
26 1099
11 1260
37 1091
33 1236
33 1251
46 1489
49 1384
21 1467
14 1071
12 1124
31 1402
42 1203
10 1062
43 1333
26 1347
46 1248
33 1200
39 1421
12 1378
13 1023
24 1252
49 1429
16 1296
16 1173
17 1024
41 1014
48 1048
35 1094
27 1163
18 1222
44 1087
49 1088
10 1017
12 1344
39 1254
15 1156
30 1353
28 1022
10 1048
46 1466
14 1037
47 1136
40 1407
34 1173
30 1376
12 1118
21 1386
14 1388
28 1087
28 1144
41 1072
17 1228
30 1432
28 1332
42 1119
49 1213
13 1201
13 1197
26 1277
33 1124
16 1407
13 1041
12 1409
20 1409
19 1064
16 1459
45 1113
22 1029
24 1150
19 1158
16 1459
26 1497
34 1315
15 1400
19 1153
30 1393
10 1017
30 1396
45 1412
46 1228
24 1292
38 1014
12 1252
36 1338
33 1096
11 1189
48 1151
22 1207
38 1283
40 1168
26 1442
15 1076
10 1012
27 1298
48 1072
17 1293
13 1154
26 1337
21 1459
19 1376
32 1368
39 1477
40 1363
32 1248
26 1340
32 1368
29 1463
47 1361
35 1318
42 1145
47 1072
11 1084
24 1486
24 1116
33 1482
39 1259
27 1434
16 1166
17 1094
33 1062
48 1308
33 1325
20 1268
25 1471
47 1316
40 1327
29 1109
37 1393
37 1054
10 1225
12 1383
38 1095
15 1440
46 1170
28 1310
10 1488
25 1418
23 1253
22 1449
42 1057
17 1171
15 1084
22 1079
21 1366
48 1056
38 1380
29 1250
29 1052
10 1246
21 1394
39 1037
17 1309
30 1441
37 1226
17 1421
31 1058
45 1122
10 1283
22 1093
36 1379
45 1117
44 1129
29 1001
44 1116
37 1496
12 1443
15 1116
39 1235
12 1353
30 1470
35 1097
17 1402
28 1405
24 1390
34 1148
31 1206
14 1063
21 1070
48 1385
46 1319
41 1210
28 1162
16 1329
32 1102
17 1229
41 1403
18 1434
10 1418
40 1191
35 1139
46 1044
42 1306
26 1393
49 1377
45 1060
34 1092
23 1107
39 1438
28 1068
36 1154
34 1417
17 1000
11 1499
24 1188
41 1441
32 1181
46 1138
33 1079
26 1438
13 1300
17 1229
38 1358
13 1214
21 1226
44 1047
40 1233
46 1143
12 1322
40 1335
14 1365
21 1026
44 1368
13 1243
43 1387
10 1473
34 1405
47 1226
41 1457
10 1324
20 1123
44 1230
43 1276
43 1380
16 1083
18 1041
14 1186
19 1420
39 1253
23 1415
46 1194
24 1439
49 1475
20 1138
15 1163
46 1442
19 1183
17 1042
19 1189
31 1149
40 1417
19 1494
13 1480
34 1072
17 1421
31 1459
13 1408
25 1025
47 1475
26 1085
23 1166
38 1072
35 1124
35 1174
46 1484
31 1126
22 1097
35 1282
19 1451
16 1477
10 1018
13 1362
49 1411
30 1004
15 1239
18 1052
38 1425
36 1067
12 1048
47 1144
15 1308
25 1244
37 1295
29 1418
23 1138
11 1136
26 1397
46 1402
46 1216
27 1339
15 1427
38 1473
48 1143
11 1238
20 1342
15 1490
24 1188
37 1338
23 1070
23 1045
18 1256
33 1033
44 1477
41 1390
45 1146
42 1386
21 1194
35 1292
33 1265
26 1469
22 1244
18 1295
27 1444
16 1168
30 1011
40 1022
35 1481
39 1260
30 1194
19 1085
25 1354
10 1011
25 1135
25 1082
11 1074
14 1032
40 1420
22 1175
18 1408
30 1314
16 1255
13 1013
26 1228
39 1490
42 1183
32 1332
28 1105
20 1408
40 1420
35 1160
47 1201
12 1485
19 1306
30 1337
16 1041
17 1043
20 1170
44 1241
22 1258
31 1193
22 1166
46 1472
41 1174
15 1164
12 1233
24 1035
13 1000
31 1401
35 1197
15 1193
42 1020
40 1052
48 1052
45 1144
22 1117
29 1120
33 1481
43 1464
22 1441
28 1354
31 1005
45 1365
44 1423
48 1193
47 1317
37 1231
34 1154
26 1202
12 1157
17 1409
23 1215
39 1268
27 1010
25 1308
44 1412
43 1288
32 1269
40 1186
39 1176
25 1112
18 1121
17 1446
33 1399
36 1012
12 1494
17 1423
40 1285
38 1034
32 1488
34 1228
49 1034
13 1355
32 1269
25 1418
45 1090
15 1157
17 1285
24 1414
35 1052
28 1479
24 1406
27 1163
19 1117
10 1256
45 1452
44 1081
41 1434
34 1095
34 1193
42 1216
33 1279
40 1398
42 1345
28 1443
48 1395
38 1178
32 1228
26 1042
26 1496
16 1245
41 1025
45 1371
47 1228
43 1156
35 1211
13 1018
31 1160
31 1263
34 1091
21 1149
10 1051
13 1152
35 1326
38 1041
40 1038
17 1201
31 1002
37 1047
26 1419
30 1189
14 1027
22 1362
37 1424
44 1129
14 1084
29 1160
47 1339
28 1290
28 1469
20 1488
28 1285
19 1271
36 1419
28 1025
33 1296
45 1491
49 1376
35 1477
25 1256
43 1012
33 1000
17 1089
22 1433
38 1248
45 1118
21 1280
27 1385
44 1049
36 1178
10 1224
13 1178
43 1177
24 1264
44 1021
21 1470
36 1491
47 1128
31 1323
39 1086
27 1090
27 1437
13 1126
16 1064
15 1344
48 1423
14 1379
27 1499
27 1259
17 1222
37 1329
48 1200
20 1106
45 1364
11 1429
32 1404
21 1074
25 1003
33 1000
33 1308
14 1479
31 1170
29 1274
35 1172
22 1154
37 1287
18 1203
47 1001
14 1361
25 1193
25 1081
31 1355
12 1236
39 1369
16 1071
21 1001
29 1076
17 1107
46 1402
25 1090
28 1167
48 1301
32 1189
24 1069
21 1081
40 1319
14 1241
23 1233
32 1226
36 1200
12 1199
10 1486
34 1332
26 1003
29 1343
38 1094
43 1340
27 1236
38 1245
20 1180
29 1394
39 1037
13 1075
47 1468
38 1432
42 1040
10 1472
35 1063
46 1169
21 1185
42 1235
46 1421
38 1183
24 1112
34 1120
35 1023
49 1085
45 1175
33 1294
32 1390
28 1103
24 1119
39 1116
23 1312
37 1007
41 1117
37 1468
35 1213
35 1385
17 1079
38 1013
22 1296
17 1127
46 1350
30 1346
33 1237
10 1117
35 1368
45 1193
23 1295
49 1100
26 1471
27 1095
16 1419
28 1198
34 1399
21 1436
21 1110
21 1025
17 1202
13 1230
13 1099
39 1194
15 1240
35 1299
20 1323
17 1422
17 1316
48 1191
18 1476
48 1198
21 1268
26 1312
40 1417
18 1430
39 1440
10 1037
23 1174
38 1095
15 1426
15 1137
28 1047
16 1295
24 1426
40 1244
47 1287
22 1185
11 1296
35 1272
39 1493
16 1496
15 1372
14 1277
40 1166
35 1140
14 1320
32 1383
35 1194
44 1282
42 1196
40 1450
13 1299
49 1103
46 1092
39 1446
44 1412
25 1234
33 1357
33 1041
33 1360
11 1019
17 1441
35 1302
27 1400
31 1209
10 1473
40 1191
26 1025
41 1384
10 1283
13 1268
29 1209
41 1064
37 1208
29 1084
35 1157
46 1310
26 1031
39 1151
41 1477
36 1219
39 1151
24 1020
34 1360
34 1095
36 1045
22 1076
42 1337
34 1018
46 1030
45 1322
11 1435
35 1331
31 1417
27 1332
11 1412
27 1003
20 1166
20 1237
47 1052
31 1433
44 1153
16 1225
13 1479
13 1435
15 1381
14 1429
34 1328
25 1063
14 1374
46 1076
33 1238
39 1254
41 1160
16 1151
48 1119
30 1008
10 1384
29 1376
45 1478
45 1354
44 1099
46 1200
22 1287
29 1414
18 1233
18 1164
16 1237
34 1126
10 1337
13 1317
23 1098
43 1370
12 1137
13 1202
17 1310
27 1203
49 1212
36 1239
26 1263
18 1089
30 1194
49 1097
20 1229
30 1220
37 1145
49 1224
44 1382
16 1404
32 1245
47 1329
31 1375
18 1012
44 1053
12 1002
21 1473
33 1053
28 1087
49 1005
28 1002
18 1343
46 1208
46 1286
16 1120
31 1351
29 1184
36 1091
39 1292
22 1206
25 1461
43 1114
28 1327
22 1393
10 1446
14 1417
32 1052
40 1068
28 1341
20 1292
15 1184
18 1198
45 1079
19 1434
37 1180
11 1210
16 1038
38 1071
33 1153
13 1277
34 1445
16 1112
11 1330
13 1342
48 1262
11 1296
23 1243
39 1125
30 1424
19 1103
30 1236
19 1208
13 1269
28 1277
34 1484
33 1085
31 1317
26 1129
41 1072
36 1009
46 1287
25 1081
40 1201
47 1120
30 1235
43 1364
13 1090
35 1046
35 1458
47 1195
17 1239
19 1126
46 1104
26 1205
37 1116
18 1109
27 1099
15 1491
27 1395
48 1012
24 1470
43 1493
39 1327
41 1260
23 1391
41 1429
46 1473
34 1351
28 1179
16 1255
17 1386
17 1212
26 1361
16 1323
36 1192
39 1140
35 1296
23 1481
48 1056
16 1197
47 1204
44 1261
14 1084
40 1367
22 1441
24 1337
11 1484
27 1144
20 1120
10 1127
22 1099
33 1092
43 1442
30 1274
36 1381
23 1139
25 1033
30 1021
31 1077
45 1378
44 1053
30 1433
18 1388
41 1410
44 1375
21 1393
16 1374
11 1193
12 1053
24 1308
49 1060
29 1415
28 1186
22 1011
25 1363
48 1148
38 1461
36 1445
41 1494
31 1303
48 1264
26 1035
37 1391
15 1449
40 1279
47 1342
11 1004
36 1176
39 1413
49 1195
45 1033
20 1281
36 1283
12 1333
43 1045
47 1228
43 1182
19 1285
23 1322
48 1381
10 1141
19 1363
20 1042
23 1320
30 1041
31 1028
27 1190
28 1262
22 1002
29 1346
47 1242
45 1454
42 1479
14 1417
46 1203
41 1247
48 1149
11 1322
13 1339
32 1223
38 1406
19 1244
42 1189
37 1099
44 1355
49 1182
22 1329
33 1303
24 1045
48 1311
49 1165
39 1071
22 1464
20 1351
24 1340
35 1262
12 1214
14 1327
28 1008
19 1295
45 1291
16 1299
43 1135
23 1044
37 1223
13 1471
30 1494
35 1233
22 1126
39 1460
18 1464
23 1273
17 1064
40 1249
35 1328
46 1401
46 1346
29 1367
41 1040
49 1325
47 1003
39 1243
30 1238
36 1006
18 1005
35 1025
43 1479
26 1081
43 1332
36 1040
38 1359
27 1129
46 1088
16 1321
10 1160
17 1223
23 1331
40 1109
47 1243
27 1074
44 1429
23 1431
23 1370
15 1169
23 1075
15 1420
23 1186
20 1454
36 1318
42 1350
25 1394
49 1194
28 1308
33 1255
17 1224
10 1306
11 1346
49 1358
27 1111
26 1368
24 1313
45 1213
10 1237
44 1128
17 1128
37 1022
37 1364
25 1341
32 1089
39 1348
15 1327
44 1320
36 1046
29 1187
39 1049
12 1070
24 1428
20 1059
36 1215
14 1019
38 1265
19 1252
41 1470
46 1039
49 1243
25 1370
39 1413
26 1270
26 1181
26 1483
36 1066
46 1180
30 1496
36 1382
26 1370
30 1168
18 1306
25 1465
39 1375
20 1189
29 1497
29 1360
22 1196
18 1305
16 1168
20 1137
20 1208
36 1068
24 1051
48 1245
12 1242
10 1013
45 1251
25 1239
44 1442
35 1387
29 1491
17 1479
28 1017
26 1145
47 1396
25 1222
36 1400
12 1115
31 1357
22 1491
28 1177
33 1407
37 1151
10 1460
12 1102
32 1107
31 1230
17 1000
47 1329
30 1395
20 1091
35 1322
12 1382
48 1199
18 1313
45 1451
47 1205
25 1164
46 1070
11 1388
31 1413
10 1059
22 1207
47 1278
10 1045
22 1155
37 1113
43 1356
37 1261
41 1261
49 1276
46 1455
22 1209
47 1233
27 1263
32 1249
26 1327
21 1402
41 1315
42 1384
19 1182
40 1048
44 1461
43 1383
22 1277
46 1232
26 1027
22 1078
19 1466
13 1000
46 1105
42 1252
44 1199
36 1260
38 1469
38 1136
29 1452
39 1105
46 1308
45 1271
15 1202
26 1010
45 1453
10 1002
48 1459
34 1488
42 1193
45 1367
14 1296
46 1086
29 1257
13 1345
16 1332
46 1271
29 1184
19 1330
34 1464
32 1188
45 1126
10 1364
43 1299
23 1274
21 1379
18 1087
40 1333
35 1293
39 1398
47 1131
17 1003
49 1418
24 1468
45 1107
25 1084
12 1108
15 1130
36 1424
42 1174
10 1478
39 1330
15 1161
49 1050
37 1408
10 1165
42 1334
18 1426
13 1346
20 1395
46 1107
44 1087
23 1436
37 1374
14 1299
29 1053
42 1297
14 1080
25 1307
35 1056
34 1209
46 1377
37 1040
37 1293
34 1467
44 1303
43 1116
15 1393
15 1307
40 1329
24 1384
31 1231
19 1292
38 1483
21 1381
49 1355
22 1329
24 1125
47 1482
45 1378
30 1125
41 1109
44 1272
39 1022
34 1299
32 1118
12 1140
47 1294
22 1437
30 1460
29 1271
32 1099
32 1329
43 1087
23 1168
12 1432
24 1097
16 1416
20 1448
21 1406
27 1471
38 1079
25 1034
38 1373
25 1237
48 1009
27 1481
34 1332
38 1160
40 1166
37 1004
25 1432
27 1404
30 1489
11 1429
27 1372
31 1074
43 1334
33 1426
26 1180
39 1053
42 1173
47 1390
38 1060
31 1345
17 1163
12 1154
23 1437
27 1216
27 1063
48 1137
24 1297
15 1429
14 1376
28 1309
14 1338
23 1193
37 1138
35 1404
49 1404
40 1207
32 1005
12 1123
14 1480
38 1221
13 1166
36 1406
32 1461
40 1432
24 1242
34 1027
22 1396
13 1462
45 1442
16 1489
21 1157
47 1020
48 1287
33 1462
35 1377
40 1048
39 1189
21 1221
19 1108
42 1455
11 1489
29 1016
27 1313
10 1313
43 1105
46 1070
49 1055
11 1318
27 1427
45 1259
15 1137
30 1243
30 1128
24 1253
43 1161
41 1185
12 1150
39 1241
13 1324
23 1429
11 1076
45 1164
27 1494
15 1310
21 1042
36 1054
49 1092
28 1058
40 1431
47 1414
37 1137
26 1360
20 1135
19 1367
18 1211
12 1251
43 1279
23 1471
16 1481
21 1496
37 1466
25 1191
18 1461
29 1125
29 1223
27 1074
42 1006
35 1128
40 1023
33 1113
10 1439
10 1346
10 1084
15 1379
14 1315
41 1281
45 1040
29 1452
40 1329
36 1118
40 1056
15 1279
24 1262
28 1263
45 1289
20 1293
49 1102
48 1428
44 1494
11 1170
16 1458
46 1168
24 1282
16 1161
41 1154
24 1195
28 1412
30 1078
41 1480
17 1164
14 1435
31 1024
32 1461
28 1041
43 1470
28 1308
17 1351
21 1096
44 1027
17 1031
25 1291
43 1072
45 1470
49 1198
28 1376
41 1335
36 1249
47 1411
29 1277
32 1474
37 1147
49 1281
34 1405
21 1351
46 1401
13 1321
18 1111
21 1111
21 1293
37 1273
33 1160
44 1099
47 1499
15 1429
42 1174
26 1062
47 1000
13 1384
17 1446
29 1365
37 1035
48 1328
31 1255
34 1435
42 1311
10 1311
24 1490
26 1088
27 1037
20 1404
41 1139
28 1232
29 1381
44 1237
15 1394
40 1191
45 1444
17 1479
13 1063
34 1079
36 1396
37 1127
12 1361
24 1407
42 1031
37 1393
25 1111
41 1393
10 1409
28 1489
16 1177
20 1417
40 1022
12 1342
45 1247
33 1138
37 1192
12 1455
18 1331
13 1275
20 1197
43 1344
15 1242
19 1011
21 1394
46 1112
35 1464
32 1387
48 1433
33 1132
31 1237
14 1321
13 1452
44 1039
41 1469
16 1436
23 1004
20 1302
41 1474
16 1457
31 1191
22 1371
47 1141
14 1107
14 1201
34 1206
23 1060
36 1100
13 1030
48 1438
26 1485
25 1207
29 1344
10 1314
41 1459
17 1354
44 1411
48 1192
32 1379
14 1428
38 1299
23 1117
37 1234
15 1258
39 1371
31 1464
17 1394
32 1196
24 1249
37 1234
12 1356
44 1448
12 1414
44 1395
40 1280
46 1328
30 1034
39 1464
10 1151
49 1029
16 1473
45 1254
43 1160
18 1152
25 1028
23 1242
35 1235
20 1376
16 1122
32 1340
14 1175
12 1350
12 1200
21 1455
38 1202
12 1387
30 1478
41 1427
43 1471
24 1185
21 1095
44 1044
44 1226
24 1442
38 1363
31 1228
13 1394
16 1420
18 1419
39 1412
43 1145
43 1201
19 1491
28 1115
11 1271
48 1437
34 1303
18 1393
47 1332
23 1203
34 1210
38 1428
15 1369
48 1131
35 1221
25 1251
32 1259
42 1048
36 1082
34 1043
21 1345
29 1028
33 1229
31 1053
33 1057
32 1375
15 1453
43 1092
42 1491
30 1008
26 1228
28 1480
33 1009
30 1237
23 1423
41 1005
20 1364
43 1159
24 1196
23 1327
19 1314
39 1223
17 1352
35 1103
45 1225
25 1303
35 1260
36 1269
49 1117
41 1002
10 1151
40 1097
49 1444
41 1407
10 1318
47 1061
30 1394
42 1457
13 1383
15 1111
23 1257
35 1325
20 1180
31 1228
26 1095
37 1108
24 1191
27 1100
13 1065
22 1093
18 1331
49 1148
46 1418
11 1231
32 1157
47 1189
36 1215
34 1247
42 1253
21 1109
16 1393
13 1287
27 1173
49 1422
24 1472
36 1469
27 1450
48 1182
28 1247
29 1306
34 1215
12 1263
18 1146
31 1085
21 1308
23 1477
38 1465
35 1317
12 1382
12 1354
18 1065
30 1383
23 1107
38 1200
36 1071
24 1118
49 1077
29 1194
12 1444
36 1111
19 1113
32 1282
20 1109
39 1498
22 1463
10 1050
20 1422
39 1078
25 1485
46 1051
19 1160
49 1254
11 1274
30 1347
47 1352
47 1145
30 1310
13 1059
22 1072
16 1188
16 1193
19 1057
17 1438
32 1175
35 1441
43 1480
43 1473
15 1087
24 1195
20 1214
42 1161
23 1376
38 1066
37 1219
47 1173
10 1097
41 1332
44 1130
13 1441
31 1448
31 1073
25 1471
49 1205
28 1176
18 1315
26 1037
36 1372
14 1364
24 1106
47 1242
47 1059
34 1478
26 1321
20 1253
13 1235
45 1318
40 1081
24 1334
10 1285
44 1341
44 1390
45 1126
33 1298
21 1039
17 1193
36 1402
16 1486
36 1229
12 1170
39 1062
23 1017
10 1258
33 1399
30 1167
38 1387
48 1375
19 1330
36 1080
34 1497
42 1310
29 1478
42 1137
32 1343
23 1286
31 1233
20 1064
15 1321
39 1390
33 1120
24 1329
40 1220
36 1417
45 1233
28 1367
10 1346
24 1097
47 1291
41 1216
45 1454
22 1140
29 1443
11 1204
48 1159
42 1137
49 1156
35 1356
12 1117
45 1417
19 1460
47 1449
35 1452
10 1291
40 1028
42 1494
24 1232
48 1089
35 1169
19 1454
42 1472
32 1072
40 1048
26 1084
36 1020
37 1263
30 1163
35 1265
34 1435
38 1239
47 1425
21 1333
12 1402
24 1067
46 1257
15 1195
36 1012
18 1274
14 1111
36 1379
20 1433
15 1146
27 1348
23 1201
35 1141
47 1211
44 1076
41 1050
13 1466
27 1463
44 1465
14 1036
20 1249
41 1148
36 1142
11 1126
21 1419
20 1143
20 1002
41 1248
44 1275
20 1305
14 1341
37 1026
32 1326
16 1155
30 1408
24 1447
14 1016
45 1434
44 1077
13 1330
23 1138
17 1311
39 1494
39 1333
46 1361
18 1297
11 1334
21 1252
10 1117
20 1214
31 1461
25 1374
36 1391
46 1231
13 1352
20 1499
42 1116
48 1296
36 1325
32 1129
24 1251
47 1383
28 1374
11 1325
26 1174
47 1384
41 1110
33 1287
33 1020
41 1457
34 1146
23 1223
24 1032
37 1195
44 1208
22 1218
16 1238
47 1236
48 1259
40 1314
13 1370
34 1267
43 1273
39 1489
16 1059
29 1085
14 1449
43 1026
44 1298
16 1174
30 1437
36 1335
12 1140
19 1270
31 1349
35 1008
26 1412
21 1415
14 1490
30 1088
26 1305
22 1197
27 1160
43 1071
14 1145
37 1174
16 1309
45 1129
39 1342
43 1466
30 1318
46 1185
20 1462
34 1056
42 1135
39 1429
25 1279
24 1152
25 1212
14 1150
45 1424
46 1420
33 1089
17 1423
43 1196
23 1348
31 1312
31 1392
17 1446
42 1026
15 1201
12 1262
36 1310
19 1271
41 1278
37 1293
31 1456
41 1138
31 1320
25 1238
46 1266
34 1308
47 1102
44 1290
42 1171
30 1289
13 1033
33 1031
14 1094
13 1085
47 1171
17 1059
13 1065
41 1013
19 1190
14 1495
25 1279
17 1375
39 1483
47 1240
11 1458
38 1365
32 1475
26 1060
17 1239
34 1441
24 1462
25 1207
46 1039
29 1138
45 1242
23 1379
25 1479
42 1299
26 1378
30 1054
38 1322
12 1439
45 1477
37 1493
45 1227
35 1348
36 1328
41 1001
21 1432
14 1114
10 1043
47 1257
19 1137
42 1273
38 1260
28 1220
22 1054
44 1436
33 1006
39 1387
29 1416
45 1278
42 1326
18 1222
27 1254
25 1051
42 1297
18 1171
25 1182
23 1196
15 1122
43 1133
36 1351
20 1236
35 1328
37 1171
16 1459
16 1042
35 1049
41 1274
42 1004
36 1068
33 1474
23 1360
31 1279
15 1373
30 1322
28 1223
26 1196
38 1436
41 1343
30 1414
43 1299
37 1204
49 1118
38 1380
24 1157
23 1383
45 1325
17 1258
32 1409
25 1423
35 1456
13 1478
12 1114
36 1385
49 1470
32 1269
37 1342
13 1057
22 1107
17 1064
28 1028
26 1021
41 1097
45 1259
30 1487
15 1168
15 1105
10 1337
40 1378
39 1474
31 1385
22 1282
32 1096
25 1372
40 1360
48 1295
37 1311
10 1223
41 1072
29 1076
18 1347
32 1245
34 1071
14 1334
22 1346
15 1034
25 1146
10 1440
42 1203
34 1006
48 1436
24 1339
49 1292
18 1142
27 1481
10 1208
28 1368
18 1157
43 1330
38 1261
34 1259
37 1497
44 1467
21 1026
43 1284
41 1139
16 1372
12 1245
25 1360
38 1366
36 1413
17 1107
43 1365
36 1065
35 1310
21 1336
19 1205
36 1446
22 1008
22 1492
43 1103
20 1308
14 1091
16 1444
20 1459
15 1157
19 1148
18 1051
34 1013
39 1447
49 1236
14 1150
48 1274
37 1415
18 1038
35 1498
41 1282
49 1443
49 1275
18 1433
17 1016
31 1270
36 1182
45 1269
22 1328
16 1197
38 1406
38 1394
14 1392
43 1470
13 1284
22 1481
34 1231
39 1008
25 1257
28 1369
44 1284
47 1190
31 1202
22 1341
14 1108
16 1372
39 1495
33 1057
32 1334
22 1424
14 1284
37 1103
19 1000
32 1435
37 1368
44 1218
16 1118
24 1068
26 1086
20 1190
47 1027
36 1065
37 1138
15 1306
12 1292
27 1458
14 1372
19 1386
49 1011
37 1496
33 1373
27 1320
31 1095
16 1367
27 1295
10 1397
47 1227
32 1155
13 1304
30 1499
49 1077
14 1076
44 1181
29 1295
13 1346
28 1277
38 1081
28 1369
10 1322
23 1298
36 1213
33 1194
39 1050
23 1308
14 1193
48 1494
23 1470
21 1141
45 1058
17 1386
47 1351
26 1322
37 1442
44 1172
37 1026
15 1286
31 1396
19 1411
33 1396
49 1357
18 1104
17 1446
16 1318
25 1430
37 1343
31 1122
44 1116
41 1328
28 1497