5000 7000
36 1086
49 1187
49 1300
19 1100
32 1252
41 1375
16 1344
20 1388
21 1017
14 1446
25 1223
17 1259
19 1153
36 1306
38 1012
49 1309
32 1005
32 1261
43 1155
21 1265
43 1259
15 1364
19 1235
12 1485
17 1120
38 1384
20 1334
30 1369
33 1193
20 1492
20 1383
13 1046
19 1218
49 1157
28 1465
49 1164
36 1473
18 1282
18 1042
12 1436
11 1224
22 1117
14 1103
25 1470
46 1017
49 1449
27 1255
45 1228
23 1473
37 1148
26 1128
19 1031
30 1498
47 1436
20 1418
18 1167
13 1364
21 1185
48 1357
32 1313
36 1421
17 1000
41 1180
10 1313
18 1007
39 1262
14 1387
12 1227
36 1086
39 1276
30 1486
42 1271
14 1288
28 1299
34 1190
21 1248
15 1388
24 1480
44 1062
10 1263
27 1228
45 1273
27 1389
45 1304
23 1293
25 1322
28 1096
31 1174
47 1282
32 1498
43 1252
32 1242
29 1166
46 1026
19 1026
48 1046
24 1010
36 1437
13 1498
18 1117
26 1347
23 1278
16 1241
22 1311
32 1215
16 1471
20 1233
31 1478
49 1219
26 1057
41 1223
42 1096
45 1239
49 1286
46 1402
14 1193
20 1486
36 1251
27 1027
30 1286
17 1205
28 1273
15 1411
19 1012
11 1409
33 1084
24 1316
35 1029
36 1432
35 1101
43 1426
19 1012
35 1137
44 1140
36 1047
17 1251
32 1095
43 1466
29 1382
27 1212
45 1086
23 1424
48 1081
16 1136
33 1285
26 1057
13 1041
15 1245
38 1495
31 1035
17 1022
29 1341
47 1103
46 1405
35 1439
31 1024
29 1221
12 1239
33 1221
12 1243
48 1004
37 1167
23 1453
20 1046
34 1092
19 1334
29 1261
20 1491
14 1467
42 1140
46 1261
36 1472
23 1175
37 1409
39 1309
36 1241
36 1397
45 1169
34 1251
14 1043
29 1452
27 1458
48 1059
24 1428
39 1355
24 1365
39 1282
21 1077
28 1465
20 1126
26 1485
43 1259
46 1494
18 1311
18 1440
32 1048
21 1093
38 1138
47 1258
36 1120
27 1390
38 1087
35 1470
18 1171
20 1490
48 1357
18 1421
18 1334
40 1042
16 1145
17 1415
41 1326
21 1089
28 1293
13 1104
12 1281
17 1197
49 1447
14 1034
17 1179
25 1449
27 1063
36 1454
29 1031
31 1450
44 1009
14 1136
31 1424
30 1469
40 1176
19 1334
44 1321
15 1354
29 1262
43 1300
45 1306
23 1395
41 1317
23 1079
11 1084
47 1051
29 1437
46 1132
14 1184
36 1112
39 1006
37 1246
39 1428
37 1011
20 1225
10 1144
32 1372
42 1456
32 1389
45 1018
30 1188
39 1139
25 1489
31 1297
31 1399
10 1250
29 1466
43 1240
39 1136
49 1142
37 1370
24 1452
46 1356
33 1086
21 1103
25 1181
47 1039
21 1195
13 1262
39 1314
19 1491
25 1456
43 1293
29 1438
30 1143
31 1407
41 1310
24 1273
16 1287
47 1169
33 1229
17 1270
20 1494
21 1153
15 1392
38 1432
38 1360
14 1341
27 1113
22 1404
22 1159
15 1452
17 1214
14 1414
33 1135
49 1454
42 1389
20 1303
48 1409
20 1115
12 1110
44 1112
36 1150
31 1309
37 1435
43 1130
14 1288
11 1080
10 1142
47 1296
39 1471
33 1456
13 1473
28 1324
29 1355
34 1335
25 1473
45 1298
33 1210
15 1148
43 1230
33 1460
37 1392
29 1138
21 1102
12 1032
12 1115
44 1022
12 1023
41 1354
31 1451
31 1016
18 1196
40 1396
38 1370
39 1085
37 1359
44 1151
20 1189
30 1127
26 1091
41 1100
22 1433
35 1266
26 1364
37 1292
12 1131
47 1421
43 1373
24 1057
43 1114
33 1490
30 1165
43 1098
34 1165
37 1451
35 1174
40 1476
38 1018
40 1188
37 1138
42 1184
43 1161
22 1191
30 1299
14 1045
14 1321
23 1240
29 1309
32 1261
43 1162
29 1276
21 1090
42 1057
22 1145
31 1055
17 1136
20 1018
31 1198
25 1313
19 1093
10 1414
44 1467
11 1167
14 1246
26 1146
32 1117
42 1428
27 1203
49 1199
19 1434
15 1345
34 1376
38 1317
44 1347
45 1423
39 1377
24 1337
28 1116
15 1103
47 1230
38 1095
13 1378
17 1019
37 1456
35 1367
46 1482
17 1435
33 1304
43 1176
22 1383
48 1272
44 1448
36 1137
41 1310
46 1108
18 1432
49 1487
28 1486
35 1023
24 1117
15 1325
34 1392
22 1171
27 1211
26 1057
38 1095
37 1259
14 1160
36 1020
14 1281
33 1025
48 1129
33 1093
19 1331
40 1252
44 1468
16 1484
43 1060
30 1086
28 1073
25 1456
34 1007
26 1470
36 1320
17 1260
12 1170
14 1415
28 1007
34 1271
48 1228
15 1064
16 1171
23 1049
11 1199
24 1096
36 1333
30 1146
33 1173
15 1232
17 1416
27 1116
41 1066
40 1382
15 1271
28 1474
39 1236
33 1200
39 1117
28 1122
11 1300
19 1187
46 1127
16 1295
30 1013
10 1150
42 1151
28 1250
19 1000
43 1271
22 1462
29 1278
32 1132
28 1429
23 1084
38 1103
39 1278
20 1236
23 1043
22 1457
21 1288
19 1207
13 1428
31 1019
48 1323
35 1418
41 1244
49 1469
49 1069
26 1064
18 1154
31 1071
42 1340
17 1142
33 1461
32 1496
46 1384
29 1115
45 1338
14 1077
47 1166
26 1378
37 1310
44 1225
27 1031
16 1390
26 1457
47 1291
20 1151
15 1121
47 1214
30 1168
24 1480
39 1052
24 1297
40 1369
45 1104
15 1386
37 1431
19 1287
41 1115
14 1232
45 1041
41 1237
33 1260
13 1379
49 1141
38 1497
22 1276
25 1452
35 1367
45 1125
30 1016
48 1177
44 1482
33 1139
38 1244
43 1135
20 1092
16 1235
32 1301
46 1018
43 1169
43 1283
16 1443
24 1306
24 1111
31 1319
12 1394
10 1356
22 1240
16 1264
20 1199
34 1102
29 1158
44 1403
33 1149
43 1133
18 1000
37 1083
28 1367
20 1033
17 1420
10 1307
38 1295
21 1190
16 1158
19 1113
27 1494
47 1272
26 1291
12 1444
41 1342
44 1357
17 1045
31 1210
24 1388
44 1292
31 1472
49 1478
37 1064
46 1251
27 1122
23 1292
14 1274
25 1116
29 1262
45 1208
13 1102
47 1382
11 1195
47 1202
30 1285
42 1415
39 1170
37 1436
30 1198
29 1454
48 1017
14 1019
41 1126
48 1406
47 1382
13 1018
13 1238
40 1225
44 1081
37 1049
46 1131
20 1309
40 1188
47 1052
12 1159
12 1029
17 1304
26 1052
39 1457
15 1373
29 1396
13 1327
42 1406
30 1249
45 1127
18 1227
22 1490
47 1432
34 1250
21 1492
36 1213
14 1034
39 1347
11 1035
38 1243
16 1494
25 1046
14 1295
25 1436
25 1447
34 1124
12 1114
30 1024
21 1012
43 1478
34 1117
13 1175
27 1371
43 1497
22 1468
13 1014
31 1185
45 1000
40 1428
47 1271
37 1371
28 1034
13 1187
39 1348
21 1426
10 1147
26 1469
40 1052
44 1487
41 1175
37 1295
21 1175
38 1293
48 1410
17 1430
27 1038
46 1081
14 1315
39 1121
11 1455
47 1027
48 1300
45 1085
23 1323
20 1386
41 1374
22 1402
18 1265
31 1488
46 1347
35 1025
28 1455
41 1471
26 1092
27 1085
43 1440
26 1299
38 1123
10 1198
14 1293
43 1372
43 1045
49 1182
16 1459
40 1078
33 1011
24 1076
35 1438
23 1450
44 1304
15 1127
37 1466
43 1216
22 1385
34 1340
48 1201
45 1193
34 1403
14 1231
21 1312
40 1149
16 1165
14 1298
19 1178
25 1312
16 1102
24 1351
34 1200
40 1424
41 1307
27 1289
16 1440
47 1279
40 1384
44 1189
20 1329
13 1340
32 1206
20 1043
16 1441
13 1298
33 1424
22 1255
11 1087
40 1117
10 1253
11 1060
45 1491
20 1485
11 1031
19 1235
23 1082
46 1200
24 1328
21 1327
13 1404
38 1365
31 1141
34 1188
19 1039
21 1237
28 1318
47 1253
12 1056
45 1433
45 1135
30 1230
22 1063
34 1451
37 1257
12 1417
46 1177
21 1037
14 1183
26 1402
25 1462
12 1364
42 1282
30 1443
22 1402
15 1306
36 1044
37 1259
17 1095
22 1431
48 1267
19 1495
22 1190
12 1337
17 1157
20 1133
19 1119
21 1383
31 1455
47 1053
47 1167
12 1206
23 1034
38 1028
25 1345
44 1134
45 1135
37 1030
14 1320
49 1229
46 1375
47 1334
12 1484
14 1112
22 1017
32 1350
16 1140
22 1090
46 1207
45 1187
20 1348
39 1370
19 1032
27 1389
44 1427
20 1475
19 1353
18 1182
29 1386
11 1344
23 1124
24 1271
46 1425
21 1304
32 1174
47 1393
19 1114
41 1203
12 1463
40 1101
30 1215
32 1022
17 1135
31 1007
14 1281
41 1375
37 1108
41 1410
32 1062
41 1137
39 1294
43 1094
22 1074
28 1452
23 1290
43 1484
38 1455
47 1002
49 1255
47 1468
39 1182
33 1494
13 1014
38 1319
44 1352
29 1170
47 1498
49 1491
24 1289
25 1143
38 1254
16 1409
39 1471
21 1446
42 1325
40 1344
45 1411
17 1335
17 1490
29 1419
28 1020
10 1395
13 1226
37 1050
18 1037
48 1391
46 1198
40 1178
28 1105
21 1489
19 1282
20 1387
46 1216
27 1313
34 1126
23 1007
22 1387
26 1458
11 1492
28 1249
44 1411
34 1305
34 1483
36 1181
30 1117
33 1048
18 1356
24 1096
30 1464
22 1346
43 1474
44 1011
30 1261
22 1236
36 1098
26 1056
23 1467
26 1024
44 1009
47 1261
14 1195
49 1219
30 1467
36 1118
23 1499
33 1230
31 1390
37 1378
14 1069
35 1225
18 1400
38 1263
14 1277
46 1370
34 1457
22 1130
39 1486
29 1251
33 1174
19 1443
35 1352
15 1473
14 1230
17 1015
48 1151
26 1371
38 1237
39 1238
30 1205
17 1341
32 1061
45 1064
25 1499
10 1274
21 1473
26 1421
43 1272
16 1208
17 1462
44 1080
26 1061
35 1156
49 1302
11 1405
13 1199
37 1469
12 1135
48 1008
43 1200
14 1128
25 1365
32 1235
25 1141
16 1309
25 1011
33 1229
15 1401
42 1216
28 1426
35 1289
45 1255
39 1181
33 1470
27 1383
14 1456
42 1223
39 1253
30 1242
12 1443
30 1409
36 1253
15 1148
31 1426
11 1259
14 1026
37 1284
23 1180
44 1273
40 1274
21 1458
29 1020
20 1498
44 1000
16 1350
20 1216
25 1437
35 1015
26 1234
41 1272
40 1168
16 1059
29 1025
13 1323
20 1067
12 1450
11 1284
30 1196
36 1492
31 1349
44 1186
40 1323
49 1475
16 1280
23 1010
27 1148
40 1121
28 1340
26 1129
10 1182
35 1338
48 1304
25 1058
17 1153
18 1228
28 1193
25 1342
30 1485
48 1245
46 1157
33 1388
33 1147
43 1175
37 1045
47 1479
32 1329
23 1323
27 1101
47 1032
40 1289
26 1353
30 1001
29 1450
49 1374
20 1269
27 1061
19 1202
19 1160
26 1057
17 1021
40 1133
26 1146
44 1455
24 1235
46 1028
47 1044
29 1496
11 1336
34 1186
39 1436
44 1327
35 1260
13 1310
32 1486
14 1260
10 1221
24 1273
16 1213
18 1471
49 1015
39 1395
45 1268
39 1222
27 1019
23 1386
13 1182
23 1306
40 1166
40 1142
27 1256
29 1419
19 1107
17 1400
44 1477
38 1067
49 1296
31 1228
29 1050
23 1388
33 1346
40 1123
12 1239
44 1418
48 1322
39 1428
33 1425
11 1454
10 1300
12 1287
37 1048
45 1295
32 1313
38 1112
34 1357
30 1325
16 1412
41 1475
34 1499
10 1181
14 1199
48 1239
35 1149
46 1016
24 1146
36 1124
23 1439
29 1458
14 1243
47 1289
11 1421
45 1158
11 1458
43 1443
39 1418
45 1127
36 1237
33 1061
42 1069
21 1079
30 1076
43 1044
22 1176
14 1468
19 1325
18 1399
17 1049
17 1451
14 1072
11 1292
21 1020
25 1281
41 1008
27 1115
20 1029
24 1108
49 1226
14 1344
37 1182
31 1211
43 1017
23 1007
40 1487
34 1430
24 1475
46 1435
48 1466
46 1092
34 1374
44 1205
42 1003
10 1335
14 1292
21 1173
22 1184
31 1133
15 1257
34 1388
29 1187
11 1276
43 1420
11 1339
41 1438
23 1152
34 1055
27 1155
20 1318
28 1189
47 1023
20 1378
43 1208
34 1370
38 1222
15 1014
30 1222
25 1417
23 1240
45 1180
39 1193
18 1357
39 1095
47 1111
33 1049
17 1054
28 1172
40 1099
20 1352
39 1139
31 1372
19 1027
19 1362
22 1243
18 1103
15 1343
48 1335
16 1335
49 1013
18 1233
26 1097
42 1038
33 1466
40 1191
49 1478
29 1112
39 1369
41 1455
10 1359
17 1156
12 1155
17 1411
27 1370
47 1355
34 1315
10 1062
23 1487
14 1080
31 1349
44 1445
42 1140
48 1421
13 1106
13 1408
34 1282
24 1050
15 1491
48 1037
24 1267
14 1416
22 1085
21 1065
19 1262
48 1262
10 1445
36 1210
22 1277
43 1197
10 1178
33 1031
33 1456
10 1422
12 1212
40 1317
18 1215
16 1420
33 1362
26 1190
10 1212
39 1075
35 1173
15 1460
37 1426
45 1403
37 1469
34 1096
21 1075
43 1061
37 1099
36 1056
46 1017
31 1338
43 1171
35 1116
30 1399
26 1100
25 1169
41 1398
35 1015
17 1178
11 1032
45 1111
14 1204
27 1327
20 1153
10 1335
19 1247
29 1438
38 1479
48 1370
31 1313
38 1109
31 1295
10 1080
45 1028
46 1091
10 1181
24 1095
24 1072
31 1027
24 1358
37 1003
14 1401
15 1314
12 1230
31 1008
26 1031
44 1101
34 1070
22 1417
22 1373
12 1070
13 1065
16 1221
44 1401
44 1492
33 1098
46 1405
19 1165
21 1352
27 1126
42 1482
35 1404
39 1293
31 1315
25 1008
38 1097
25 1245
18 1096
30 1438
30 1220
13 1361
29 1251
27 1337
48 1098
47 1496
16 1029
17 1176
11 1038
48 1298
17 1274
36 1353
40 1222
24 1218
21 1116
49 1329
48 1224
21 1429
32 1022
15 1499
16 1099
13 1484
20 1017
34 1478
15 1199
38 1387
40 1181
28 1264
32 1004
27 1164
41 1163
35 1297
38 1038
20 1054
14 1467
11 1150
44 1003
42 1445
25 1090
35 1489
19 1172
16 1406
17 1058
46 1176
32 1034
13 1346
34 1390
48 1050
16 1364
42 1147
16 1187
24 1443
22 1020
46 1127
27 1434
23 1078
48 1012
40 1271
10 1057
17 1205
25 1417
33 1452
31 1144
16 1178
27 1261
37 1496
13 1221
41 1431
19 1005
27 1225
43 1272
48 1417
19 1325
39 1109
18 1335
38 1308
28 1048
39 1009
18 1008
39 1241
49 1195
29 1385
45 1087
22 1118
42 1216
30 1207
35 1383
27 1089
45 1179
13 1365
13 1184
18 1430
18 1415
45 1398
32 1017
40 1353
44 1333
26 1126
20 1416
39 1052
14 1213
44 1132
25 1018
46 1071
25 1127
11 1193
47 1046
43 1293
30 1299
45 1106
48 1150
46 1155
23 1452
38 1030
28 1427
32 1495
22 1483
20 1453
12 1406
15 1329
22 1020
43 1226
15 1025
30 1345
35 1313
17 1212
26 1036
17 1490
42 1073
13 1268
19 1052
17 1424
21 1251
49 1110
34 1468
39 1417
23 1081
40 1002
22 1185
30 1407
22 1083
40 1345
30 1266
32 1378
37 1413
30 1170
32 1243
37 1213
32 1328
44 1212
47 1129
30 1106
28 1067
11 1148
25 1164
34 1296
39 1146
13 1244
49 1141
20 1414
29 1424
15 1449
18 1316
21 1060
34 1283
16 1045
33 1453
49 1245
42 1334
33 1372
29 1027
13 1063
42 1178
16 1427
40 1306
19 1085
49 1115
17 1291
39 1017
33 1374
30 1438
28 1378
12 1490
18 1061
43 1055
18 1040
43 1112
18 1198
31 1213
47 1203
18 1312
26 1338
40 1421
38 1032
32 1111
42 1074
31 1477
47 1078
48 1259
48 1208
12 1260
42 1341
16 1248
37 1402
16 1056
46 1082
17 1362
42 1341
18 1445
23 1347
26 1497
33 1326
31 1220
45 1158
30 1099
33 1141
49 1260
43 1385
15 1139
22 1479
47 1369
29 1289
25 1247
16 1124
13 1435
24 1110
19 1090
24 1188
10 1313
26 1080
17 1028
36 1392
31 1097
20 1494
44 1296
34 1428
35 1238
13 1173
26 1003
24 1071
21 1375
18 1288
25 1064
39 1251
15 1194
38 1188
11 1101
42 1177
41 1133
13 1200
49 1102
42 1285
28 1054
13 1341
25 1182
14 1189
38 1047
10 1047
40 1000
35 1439
17 1096
25 1088
33 1377
23 1004
42 1117
36 1389
39 1404
32 1432
46 1033
25 1483
14 1053
44 1105
23 1262
12 1472
15 1311
44 1082
17 1203
17 1311
47 1122
41 1137
27 1186
42 1381
44 1292
33 1362
27 1450
25 1129
29 1219
20 1292
15 1001
34 1054
40 1440
14 1445
37 1335
32 1260
34 1232
47 1072
32 1375
48 1372
21 1332
26 1376
15 1007
26 1276
12 1487
43 1454
45 1415
43 1394
15 1006
31 1439
39 1171
25 1172
44 1229
16 1328
46 1201
19 1318
31 1458
22 1231
37 1138
44 1331
46 1188
49 1383
23 1055
49 1292
29 1182
43 1230
45 1443
31 1332
42 1109
15 1181
25 1291
24 1370
12 1248
33 1270
37 1185
44 1218
15 1131
42 1143
15 1125
19 1439
41 1115
18 1355
24 1127
37 1091
43 1045
39 1423
42 1138
28 1432
33 1270
47 1405
40 1373
38 1356
18 1085
42 1239
23 1207
40 1343
30 1331
46 1402
29 1299
18 1331
22 1056
26 1096
29 1237
36 1036
49 1242
49 1324
13 1329
30 1414
19 1164
15 1343
21 1035
28 1006
15 1445
48 1061
31 1109
18 1344
26 1413
18 1480
37 1177
20 1141
42 1455
49 1241
34 1113
19 1236
10 1446
27 1284
49 1265
32 1304
33 1024
17 1016
34 1329
44 1085
44 1112
18 1227
48 1451
39 1412
46 1234
46 1451
47 1139
42 1024
14 1353
44 1086
16 1180
45 1189
21 1159
36 1229
17 1398
12 1262
35 1496
39 1240
18 1407
41 1173
17 1179
33 1349
47 1190
26 1430
27 1251
48 1227
43 1036
47 1401
15 1445
42 1479
42 1044
42 1137
39 1382
39 1003
35 1075
25 1078
42 1038
21 1235
46 1085
40 1258
44 1340
49 1083
41 1253
35 1042
21 1428
29 1360
26 1439
33 1473
29 1345
40 1441
32 1209
10 1144
39 1414
35 1358
40 1267
12 1484
22 1398
25 1341
27 1308
14 1034
43 1149
15 1372
25 1017
19 1242
43 1154
48 1403
17 1059
39 1493
13 1431
21 1460
36 1275
12 1483
47 1284
22 1104
10 1346
36 1499
27 1331
48 1176
16 1073
47 1044
18 1463
42 1139
26 1261
14 1331
34 1176
10 1428
23 1264
30 1242
17 1478
12 1224
17 1215
38 1378
34 1486
38 1485
28 1471
32 1329
36 1279
44 1392
21 1056
33 1307
47 1395
40 1035
42 1095
41 1089
39 1337
15 1383
20 1182
12 1418
21 1161
39 1051
46 1056
41 1071
16 1209
26 1190
40 1283
23 1070
39 1318
25 1142
42 1227
28 1045
35 1167
22 1042
30 1014
26 1203
42 1237
38 1293
22 1352
28 1331
16 1191
35 1489
17 1034
34 1002
46 1303
12 1244
31 1374
43 1127
29 1301
33 1445
46 1110
31 1095
22 1059
45 1056
23 1217
44 1260
35 1140
24 1419
22 1479
29 1052
14 1315
35 1315
38 1096
38 1034
21 1361
42 1329
13 1007
45 1445
17 1458
17 1379
16 1328
18 1045
27 1044
14 1169
22 1172
40 1381
15 1055
28 1358
12 1000
45 1440
14 1409
29 1223
19 1186
49 1233
15 1053
29 1017
27 1354
24 1298
40 1210
27 1188
17 1309
11 1030
15 1341
40 1071
23 1027
45 1038
22 1339
31 1458
43 1000
19 1182
21 1207
14 1039
24 1071
46 1003
32 1368
20 1064
19 1254
31 1010
43 1329
41 1076
46 1472
30 1467
48 1213
17 1025
36 1121
25 1268
17 1226
25 1145
47 1433
24 1027
17 1333
45 1072
32 1189
26 1092
45 1193
30 1399
14 1277
31 1074
14 1413
31 1058
29 1452
33 1243
30 1192
48 1476
41 1043
18 1309
21 1421
23 1348
36 1253
14 1213
38 1132
16 1296
33 1489
31 1242
49 1123
15 1071
29 1468
47 1266
41 1282
32 1040
49 1393
33 1262
10 1167
49 1172
45 1212
19 1416
16 1318
25 1000
34 1119
32 1250
26 1317
48 1256
48 1431
23 1328
45 1414
19 1136
34 1416
45 1081
30 1087
39 1123
22 1059
47 1101
30 1137
21 1443
47 1145
22 1359
44 1255
40 1119
16 1195
40 1332
45 1417
17 1376
11 1116
40 1046
28 1079
34 1132
16 1148
11 1453
24 1465
15 1211
33 1092
22 1478
43 1287
15 1350
43 1129
14 1421
43 1348
35 1003
13 1267
30 1464
29 1047
15 1452
49 1406
14 1000
35 1241
46 1260
15 1241
24 1010
23 1166
34 1306
48 1076
29 1006
30 1354
12 1113
36 1426
48 1042
47 1465
11 1107
26 1312
17 1163
33 1064
14 1269
18 1100
35 1469
11 1252
48 1070
15 1077
23 1119
12 1227
29 1407
14 1390
29 1193
45 1178
18 1226
16 1056
25 1099
47 1489
34 1457
22 1121
45 1328
19 1194
46 1481
39 1461
16 1445
31 1366
35 1400
23 1368
23 1167
29 1420
39 1250
17 1159
18 1012
47 1128
31 1286
36 1384
11 1301
35 1405
32 1339
41 1366
27 1133
30 1251
33 1337
14 1469
32 1041
46 1059
15 1246
19 1134
48 1445
41 1366
20 1480
32 1281
15 1148
12 1153
14 1341
32 1381
26 1187
43 1113
15 1220
47 1106
28 1269
42 1359
43 1225
40 1033
36 1280
49 1437
34 1191
13 1143
39 1087
37 1466
41 1201
10 1430
22 1437
20 1256
12 1250
23 1413
47 1191
46 1184
11 1435
16 1119
34 1304
45 1482
31 1193
29 1216
24 1309
41 1284
36 1076
29 1100
39 1271
37 1117
22 1400
12 1233
36 1219
29 1231
37 1413
23 1318
11 1015
21 1368
25 1111
39 1063
41 1138
26 1482
17 1014
46 1179
34 1422
18 1491
36 1034
19 1475
46 1287
28 1197
21 1347
13 1218
37 1036
10 1404
45 1092
48 1124
44 1351
41 1185
27 1193
31 1222
11 1436
42 1493
46 1411
11 1119
44 1222
12 1477
34 1140
46 1192
33 1132
10 1300
41 1138
16 1009
16 1084
30 1222
25 1296
42 1276
13 1395
15 1160
24 1450
32 1187
33 1229
11 1387
19 1014
31 1415
10 1109
15 1278
46 1206
14 1471
25 1472
45 1489
43 1393
42 1083
47 1211
48 1467
27 1394
42 1374
39 1244
29 1054
25 1353
30 1122
31 1015
14 1322
47 1216
13 1446
27 1174
32 1168
10 1144
47 1200
31 1352
40 1402
38 1254
24 1266
26 1376
23 1209
39 1224
32 1130
47 1226
45 1190
48 1182
35 1065
12 1376
43 1131
39 1137
13 1216
29 1054
35 1033
27 1056
29 1174
40 1265
45 1290
16 1194
30 1291
20 1394
22 1207
12 1424
25 1184
40 1477
44 1332
35 1085
47 1064
14 1361
11 1016
11 1121
20 1486
39 1138
24 1187
46 1049
35 1350
25 1042
17 1051
20 1490
47 1193
33 1170
23 1426
47 1282
21 1279
17 1148
31 1319
22 1152
42 1337
49 1272
30 1294
41 1060
27 1061
26 1131
24 1346
12 1460
46 1202
11 1269
25 1113
24 1286
29 1397
14 1464
34 1122
18 1216
38 1058
31 1078
33 1088
18 1125
11 1204
35 1056
32 1255
11 1168
28 1159
32 1076
42 1073
14 1483
22 1215
19 1351
30 1122
11 1332
12 1212
23 1225
24 1089
10 1283
40 1085
20 1096
38 1262
34 1402
36 1448
48 1360
30 1288
32 1438
46 1144
41 1219
33 1428
46 1453
37 1114
28 1304
17 1473
20 1381
24 1320
18 1060
11 1427
41 1229
33 1229
21 1182
16 1320
31 1263
25 1129
15 1054
28 1254
12 1020
34 1316
35 1246
36 1279
23 1420
25 1301
34 1240
20 1453
19 1344
20 1443
41 1182
18 1345
21 1040
45 1148
13 1129
12 1495
20 1168
12 1146
14 1174
42 1268
13 1129
18 1018
20 1141
36 1137
30 1323
29 1298
33 1022
38 1380
17 1235
11 1190
13 1342
41 1001
12 1084
35 1455
49 1412
31 1112
13 1417
47 1394
14 1127
11 1407
18 1275
47 1290
12 1381
22 1357
43 1422
12 1349
47 1117
40 1317
36 1389
20 1129
42 1458
23 1108
47 1007
47 1058
29 1318
45 1034
39 1367
27 1176
17 1163
40 1159
36 1189
47 1203
34 1136
42 1493
34 1213
46 1259
21 1313
49 1282
39 1145
38 1315
45 1466
39 1458
23 1320
15 1245
26 1173
28 1151
29 1103
26 1291
38 1331
10 1314
42 1016
34 1312
30 1163
48 1125
44 1488
29 1339
18 1090
24 1349
47 1436
19 1145
32 1308
31 1097
49 1250
17 1349
14 1356
38 1293
16 1125
25 1483
26 1430
44 1322
39 1204
26 1324
49 1424
34 1062
37 1437
36 1353
10 1196
14 1303
37 1267
28 1102
13 1177
39 1054
31 1304
48 1486
18 1363
38 1095
38 1446
38 1307
32 1214
40 1439
46 1045
35 1221
48 1051
42 1430
26 1209
38 1389
23 1015
15 1070
20 1427
25 1171
38 1055
30 1413
39 1101
35 1199
36 1119
16 1407
25 1493
38 1233
42 1307
34 1305
19 1453
27 1351
31 1065
14 1334
37 1221
16 1147
42 1030
22 1155
22 1194
45 1045
34 1421
49 1295
32 1099
14 1003
34 1285
42 1187
20 1291
18 1244
41 1350
29 1332
33 1362
27 1002
12 1247
18 1158
21 1041
33 1040
48 1053
13 1000
29 1262
35 1436
31 1167
44 1054
13 1123
47 1227
19 1257
22 1092
39 1132
11 1129
10 1293
25 1318
36 1390
35 1336
40 1150
36 1447
10 1347
30 1359
44 1053
24 1150
16 1036
41 1336
39 1263
22 1049
47 1220
19 1289
40 1257
11 1096
23 1291
48 1326
27 1147
22 1003
15 1119
22 1217
49 1452
37 1266
43 1479
31 1154
16 1220
30 1449
43 1292
25 1080
42 1072
13 1249
36 1393
39 1210
48 1440
14 1241
31 1112
23 1066
35 1245
36 1034
27 1068
48 1257
23 1331
47 1256
43 1082
31 1489
31 1373
28 1049
33 1353
12 1444
41 1397
40 1287
32 1359
38 1274
21 1471
36 1070
28 1052
37 1114
48 1389
41 1406
34 1164
26 1216
38 1347
12 1216
15 1059
43 1319
39 1394
30 1371
35 1126
48 1412
44 1384
44 1329
47 1111
17 1101
35 1464
27 1286
15 1259
18 1360
14 1455
19 1001
27 1420
28 1144
47 1065
48 1050
29 1169
10 1090
28 1253
25 1450
43 1255
35 1154
36 1269
33 1081
24 1102
42 1281
23 1115
38 1221
21 1245
30 1433
48 1336
46 1438
48 1284
19 1110
43 1109
32 1400
23 1381
34 1142
39 1284
23 1204
16 1265
33 1027
43 1326
35 1126
42 1477
36 1264
36 1313
36 1473
35 1235
20 1345
12 1398
15 1155
20 1496
22 1272
14 1400
21 1485
23 1482
46 1261
29 1433
42 1477
38 1259
35 1148
38 1106
13 1287
14 1159
25 1286
42 1476
40 1108
40 1096
38 1185
22 1077
12 1431
41 1469
36 1049
31 1353
14 1443
41 1397
21 1113
47 1375
20 1040
41 1304
45 1409
45 1118
20 1485
23 1216
35 1251
49 1272
24 1029
24 1449
31 1446
25 1186
47 1329
15 1283
30 1047
39 1174
16 1140
26 1010
40 1180
25 1470
39 1188
40 1148
11 1100
44 1189
17 1379
43 1208
15 1048
15 1050
11 1408
46 1147
49 1424
19 1218
32 1481
40 1227
45 1019
30 1139
32 1357
40 1488
24 1059
49 1181
28 1280
27 1280
14 1188
19 1224
14 1415
16 1435
11 1128
34 1015
31 1413
48 1251
14 1403
24 1277
27 1330
29 1029
28 1378
20 1011
44 1241
41 1315
21 1434
27 1201
10 1427
17 1016
22 1078
46 1258
48 1227
19 1076
23 1283
46 1124
49 1440
17 1454
10 1041
18 1028
29 1046
10 1470
16 1485
15 1061
26 1355
18 1095
34 1330
37 1155
17 1056
13 1291
19 1061
23 1042
11 1497
36 1202
26 1085
15 1416
19 1119
15 1217
27 1261
45 1284
17 1195
11 1499
15 1053
15 1037
24 1029
37 1221
25 1087
46 1406
16 1494
42 1496
32 1293
34 1103
44 1074
42 1120
37 1405
14 1231
12 1164
10 1116
31 1159
22 1443
26 1404
27 1442
18 1147
11 1348
28 1208
29 1052
18 1450
27 1213
27 1442
40 1321
30 1447
29 1475
18 1240
19 1196
40 1099
25 1331
24 1004
36 1179
42 1285
36 1189
34 1278
30 1088
39 1258
17 1180
45 1281
18 1261
48 1257
14 1287
46 1077
38 1175
41 1022
27 1335
27 1075
25 1088
34 1019
19 1295
12 1063
23 1230
15 1005
30 1101
17 1116
18 1268
40 1413
34 1313
36 1150
15 1148
13 1168
20 1171
22 1180
47 1381
36 1169
25 1024
39 1360
41 1359
37 1179
38 1274
48 1491
36 1059
27 1111
22 1458
31 1166
27 1437
18 1395
16 1349
45 1344
49 1277
27 1290
27 1026
36 1098
30 1118
12 1474
35 1034
45 1136
37 1118
32 1176
38 1421
16 1042
15 1027
14 1332
27 1299
44 1492
16 1044
27 1417
14 1277
21 1181
28 1153
42 1080
16 1414
16 1023
15 1047
49 1010
17 1343
24 1223
11 1479
32 1181
25 1223
49 1475
45 1359
44 1429
31 1074
34 1323
38 1147
40 1414
30 1029
46 1489
21 1119
25 1315
28 1274
42 1266
21 1165
23 1394
43 1027
22 1380
47 1058
15 1424
11 1206
45 1135
48 1224
22 1283
36 1308
22 1231
42 1268
31 1461
21 1048
31 1480
26 1277
32 1412
44 1249
33 1492
29 1097
45 1049
44 1455
43 1485
30 1066
26 1224
40 1437
45 1211
27 1064
38 1411
28 1411
12 1488
33 1263
24 1161
34 1357
16 1368
25 1142
37 1361
36 1443
14 1132
13 1230
28 1204
23 1084
31 1104
16 1356
26 1321
47 1264
38 1210
25 1428
31 1219
13 1143
36 1053
37 1142
24 1370
21 1021
44 1450
47 1250
36 1282
44 1065
12 1056
28 1335
20 1131
45 1382
10 1231
40 1132
23 1287
47 1294
40 1111
39 1024
48 1120
23 1240
37 1499
39 1260
32 1278
11 1308
33 1365
24 1353
49 1024
28 1494
30 1246
48 1197
25 1164
27 1405
41 1477
10 1157
25 1103
34 1267
33 1474
12 1198
12 1106
31 1212
26 1499
40 1449
35 1069
25 1398
19 1169
16 1108
44 1097
13 1309
38 1057
47 1397
18 1046
12 1202
17 1249
25 1117
49 1246
43 1028
47 1248
41 1052
44 1376
17 1035
18 1306
45 1078
47 1049
30 1362
38 1035
12 1100
12 1428
13 1262
11 1326
34 1132
37 1425
32 1285
23 1354
37 1449
45 1240
48 1022
32 1006
16 1379
33 1058
48 1008
20 1186
42 1300
28 1472
33 1046
32 1036
27 1010
30 1185
26 1459
45 1168
45 1159
36 1435
20 1184
20 1130
36 1229
36 1356
44 1416
10 1147
49 1036
40 1416
10 1407
27 1441
11 1492
39 1410
23 1441
14 1106
27 1169
11 1344
37 1131
41 1310
23 1231
39 1454
36 1222
47 1241
13 1064
29 1357
11 1273
25 1084
27 1377
21 1110
26 1180
41 1295
47 1262
45 1100
32 1046
18 1298
31 1059
10 1176
25 1301
48 1175
11 1163
29 1208
10 1226
36 1099
10 1185
25 1267
31 1002
49 1181
16 1027
39 1427
18 1169
13 1399
46 1320
26 1494
30 1191
17 1312
20 1041
33 1468
12 1447
28 1086
33 1106
46 1380
31 1237
45 1075
39 1235
49 1062
44 1176
19 1374
31 1270
28 1140
33 1268
27 1210
24 1119
11 1120
11 1297
40 1208
34 1046
38 1005
33 1224
44 1418
36 1427
27 1045
49 1293
48 1019
36 1018
18 1310
36 1225
41 1420
49 1354
38 1425
39 1267
28 1454
47 1106
14 1260
25 1372
49 1013
11 1129
19 1406
30 1091
30 1166
23 1465
43 1350
41 1065
48 1288
24 1094
48 1214
43 1092
30 1261
12 1271
23 1285
45 1324
11 1022
45 1186
18 1275
45 1243
17 1170
15 1115
24 1335
21 1008
19 1178
22 1499
41 1197
15 1031
41 1213
14 1068
35 1394
41 1262
37 1311
44 1257
38 1122
27 1474
15 1292
35 1119
47 1201
14 1086
42 1428
29 1444
28 1150
22 1250
13 1352
25 1132
44 1133
12 1142
43 1149
27 1345
43 1188
29 1054
29 1286
24 1278
17 1279
22 1010
38 1084
45 1009
40 1335
35 1130
46 1449
47 1184
36 1101
28 1095
18 1070
25 1497
36 1385
35 1247
26 1263
23 1023
41 1398
12 1340
13 1432
42 1171
34 1240
40 1076
45 1231
10 1001
24 1141
38 1018
25 1493
45 1331
40 1385
41 1489
30 1004
36 1234
18 1301
43 1011
39 1446
12 1013
31 1261
47 1210
20 1263
44 1201
43 1375
21 1383
34 1339
35 1447
45 1295
15 1454
45 1484
31 1095
40 1260
26 1054
29 1028
46 1200
24 1169
30 1056
47 1352
28 1300
23 1272
32 1031
14 1476
17 1045
22 1016
40 1218
24 1044
46 1495
45 1162
23 1366
46 1035
22 1186
29 1033
16 1436
34 1490
39 1236
29 1290
39 1133
27 1076
37 1254
10 1166
43 1197
11 1184
30 1418
49 1429
24 1077
40 1234
39 1453
14 1285
25 1344
14 1380
37 1044
25 1439
43 1401
26 1210
10 1030
39 1146
21 1079
21 1051
48 1136
19 1341
25 1272
44 1008
28 1360
11 1205
24 1041
33 1377
36 1320
33 1245
27 1419
45 1473
11 1247
41 1300
46 1058
34 1084
30 1449
10 1371
18 1000
19 1170
45 1176
22 1112
27 1237
16 1060
30 1463
17 1139
22 1177
39 1403
46 1410
18 1368
44 1240
24 1065
49 1042
43 1484
44 1449
49 1396
45 1305
12 1016
33 1132
19 1398
15 1025
34 1489
10 1383
35 1372
39 1054
31 1279
32 1067
14 1355
43 1431
17 1118
41 1174
18 1157
17 1091
48 1039
31 1149
22 1347
41 1195
38 1319
20 1004
40 1251
39 1312
17 1408
22 1053
48 1108
19 1238
13 1404
24 1087
35 1102
18 1055
41 1279
29 1441
20 1357
13 1218
25 1436
45 1337
21 1453
19 1493
45 1150
18 1371
35 1342
12 1195
11 1211
16 1225
21 1399
17 1110
29 1488
48 1244
39 1214
12 1175
18 1255
11 1040
35 1015
37 1284
16 1470
13 1154
41 1206
17 1387
29 1072
38 1298
10 1254
41 1140
20 1028
37 1136
40 1355
27 1232
17 1046
36 1097
30 1287
40 1387
24 1070
35 1458
43 1190
19 1164
31 1468
33 1476
18 1033
13 1296
48 1425
10 1499
36 1260
15 1056
12 1180
47 1430
34 1448
32 1154
42 1030
12 1168
48 1278
38 1168
33 1284
41 1103
28 1068
34 1135
11 1380
19 1266
11 1306
19 1271
39 1220
34 1228
35 1299
36 1188
47 1225
28 1220
43 1138
29 1315
49 1469
44 1339
36 1494
29 1194
25 1213
28 1158
35 1117
16 1429
32 1434
32 1257
41 1239
12 1013
32 1032
26 1188
40 1321
32 1287
22 1403
47 1496
30 1412
48 1124
31 1272
20 1373
43 1150
38 1323
15 1247
31 1281
15 1144
36 1108
47 1313
38 1320
42 1076
43 1332
21 1148
17 1139
40 1287
19 1169
41 1182
20 1213
21 1212
10 1413
24 1037
19 1142
34 1232
31 1446
28 1055
30 1120
37 1125
32 1003
31 1405
12 1304
18 1315
32 1383
36 1002
36 1118
14 1343
41 1313
24 1004
48 1167
43 1283
31 1300
33 1231
23 1382
35 1283
28 1320
32 1469
35 1177
19 1259
48 1165
28 1215
15 1137
41 1015
11 1496
48 1282
44 1384
22 1321
25 1415
23 1022
26 1459
25 1039
45 1022
10 1272
20 1073
47 1345
13 1448
21 1334
40 1485
41 1160
22 1057
13 1485
28 1045
10 1432
11 1430
21 1015
31 1293
26 1329
16 1112
17 1114
21 1032
48 1315
25 1445
45 1151
16 1196
26 1073
36 1202
40 1368
40 1113
17 1125
38 1345
45 1445
42 1174
29 1110
19 1257
30 1295
13 1083
29 1005
12 1300
27 1168
14 1118
24 1265
28 1335
24 1158
22 1073
10 1493
46 1218
14 1399
17 1211
25 1053
31 1152
29 1383
35 1020
47 1329
21 1215
36 1413
28 1379
27 1249
43 1154
22 1383
44 1272
38 1444
26 1417
17 1228
43 1087
22 1092
27 1077
49 1265
22 1079
45 1147
20 1342
40 1043
12 1140
27 1407
17 1354
46 1205
27 1487
10 1007
13 1235
42 1419
13 1206
23 1284
23 1106
11 1460
47 1065
48 1241
24 1378
31 1184
34 1343
39 1376
12 1116
10 1363
17 1008
35 1168
26 1360
31 1158
27 1359
13 1001
34 1133
42 1104
41 1271
17 1154
41 1032
21 1011
12 1223
38 1299
12 1069
11 1408
20 1119
45 1169
12 1494
48 1103
37 1050
14 1231
18 1169
10 1430
41 1150
47 1025
10 1406
11 1360
28 1142
19 1241
38 1027
22 1365
35 1174
31 1032
23 1425
26 1010
27 1350
41 1498
18 1134
18 1235
28 1475
23 1291
23 1199
39 1316
17 1489
27 1416
11 1271
31 1178
46 1147
16 1118
30 1184
12 1391
39 1486
14 1455
17 1258
30 1085
30 1299
34 1185
29 1265
41 1367
15 1345
25 1444
10 1377
26 1177
23 1197
29 1218
30 1273
45 1442
19 1076
16 1148
42 1096
33 1087
34 1382
43 1333
27 1076
11 1168
22 1152
12 1238
42 1355
32 1269
21 1289
18 1124
15 1411
42 1122
49 1125
23 1405
28 1325
33 1280
25 1275
16 1476
18 1490
19 1464
21 1491
12 1411
14 1114
17 1358
28 1343
12 1426
49 1232
27 1422
31 1012
23 1175
32 1302
37 1205
47 1000
43 1334
36 1443
33 1006
37 1214
32 1279
29 1334
26 1371
25 1344
49 1121
17 1499
23 1207
43 1183
47 1262
26 1441
14 1009
26 1101
36 1328
13 1419
45 1381
23 1145
13 1312
37 1251
41 1375
20 1061
36 1109
14 1458
45 1219
46 1052
47 1100
24 1467
12 1463
25 1035
14 1004
48 1028
42 1429
15 1454
44 1320
37 1326
16 1264
37 1038
33 1420
26 1431
24 1297
44 1126
33 1463
39 1063
47 1029
33 1481
35 1132
10 1353
39 1180
26 1209
38 1424
42 1325
33 1457
11 1139
32 1103
13 1093
41 1214
24 1231
47 1238
48 1390
13 1169
22 1079
14 1394
42 1492
47 1101
17 1137
35 1007
34 1301
16 1296
20 1461
20 1435
24 1331
48 1086
19 1453
29 1003
43 1391
18 1406
13 1024
40 1002
26 1356
48 1271
20 1305
49 1392
31 1198
20 1058
31 1136
20 1039
37 1100
42 1365
12 1396
22 1433
30 1262
18 1129
30 1429
37 1320
25 1237
43 1394
12 1364
39 1186
46 1146
14 1134
42 1421
13 1191
17 1329
48 1195
17 1338
43 1161
14 1235
15 1080
20 1030
26 1429
43 1180
11 1482
18 1091
28 1153
18 1445
14 1424
27 1010
22 1391
36 1431
27 1086
13 1258
15 1347
32 1104
22 1309
31 1021
12 1411
49 1011
49 1299
45 1490
40 1106
14 1303
33 1458
35 1274
43 1257
25 1264
29 1046
31 1381
49 1176
19 1323
27 1254
49 1347
38 1199
40 1496
22 1204
39 1129
20 1396
36 1045
23 1337
25 1372
49 1270
43 1432
18 1128
20 1315
41 1012
39 1110
31 1039
24 1102
33 1012
14 1259
44 1498
26 1494
30 1357
18 1006
33 1218
36 1421
40 1122
30 1407
40 1208
22 1119
40 1219
37 1439
41 1390
44 1085
18 1466
16 1361
45 1296
36 1358
46 1169
42 1437
10 1308
20 1109
43 1447
12 1002
16 1443
22 1243
49 1069
27 1442
19 1450
18 1301
15 1403
43 1051
12 1052
14 1215
24 1362
22 1215
49 1116
11 1059
39 1309
19 1139
10 1182
18 1171
14 1430
44 1163
11 1332
40 1384
45 1373
39 1330
38 1326
25 1460
36 1056
21 1226
41 1080
12 1426
36 1427
24 1117
37 1140
38 1281
25 1014
48 1238
18 1450
36 1421
18 1083
19 1473
36 1492
31 1453
48 1141
11 1323
30 1313
14 1354
31 1169
38 1218
22 1089
13 1265
15 1367
42 1404
41 1140
41 1282
43 1017
48 1491
35 1342
23 1175
33 1310
11 1480
25 1249
27 1265
34 1075
35 1172
10 1374
16 1074
37 1292
47 1349
31 1006
39 1353
33 1214
14 1103
44 1431
42 1302
16 1175
21 1032
46 1285
25 1074
28 1063
28 1164
45 1478
37 1325
15 1387
23 1108
29 1334
47 1311
10 1462
33 1171
20 1458
38 1438
22 1211
19 1417
11 1042
47 1364
16 1326
16 1059
35 1318
46 1049
12 1333
46 1496
25 1413
20 1170
42 1374
20 1378
22 1285
38 1153
49 1195
37 1477
31 1360
27 1439
11 1431
42 1286
23 1213
41 1291
40 1295
25 1430
35 1468
25 1435
29 1067
11 1488
11 1460
41 1043
45 1401
44 1452
34 1118
34 1398
22 1481
38 1053
12 1099
14 1177
29 1435
33 1340
11 1077
41 1357
36 1268
49 1396
16 1215
31 1440
20 1196
21 1063
37 1477
48 1022
18 1059
15 1014
40 1113
46 1400
41 1312
27 1105
33 1322
23 1419
43 1491
32 1159
49 1195
15 1345
21 1267
15 1475
10 1044
49 1102
19 1121
42 1443
29 1034
48 1257
20 1358
11 1310
22 1206
10 1077
40 1389
48 1003
29 1450
16 1390
22 1106
18 1403
43 1021
10 1478
10 1426
13 1078
48 1091
13 1262
12 1282
41 1154
31 1145
46 1046
24 1331
31 1133
47 1366
28 1035
21 1379
10 1177
14 1123
12 1199
33 1040
25 1041
25 1138
16 1316
14 1277
19 1329
38 1407
34 1119
44 1114
39 1140
32 1310
11 1490
19 1157
33 1181
30 1105
45 1248
21 1104
21 1071
26 1407
36 1313
19 1304
15 1274
37 1188
10 1488
15 1116
13 1330
24 1065
11 1257
44 1091
17 1288
14 1416
14 1299
12 1425
26 1128
44 1342
49 1370
12 1210
26 1088
19 1186
43 1352
37 1332
23 1452
11 1370
28 1421
10 1306
16 1431
45 1006
34 1401
29 1062
20 1491
44 1490
43 1102
42 1376
46 1456
37 1289
42 1316
10 1385
47 1164
44 1197
28 1322
47 1221
13 1264
29 1424
19 1437
48 1424
30 1084
31 1499
49 1415
24 1348
30 1323
19 1074
45 1447
32 1353
43 1460
30 1074
30 1284
18 1422
40 1436
17 1142
47 1143
49 1382
34 1378
34 1460
49 1326
43 1131
16 1095
38 1349
33 1154
41 1489
17 1394
14 1047
35 1337
39 1455
39 1016
41 1204
30 1260
43 1368
12 1082
43 1184
41 1190
21 1307
30 1168
44 1196
43 1468
34 1300
35 1487
29 1303
21 1216
40 1219
12 1060
37 1090
12 1436
17 1034
31 1499
20 1394
27 1322
39 1371
25 1285
20 1078
34 1087
10 1450
49 1120
38 1274
17 1358
17 1136
29 1032
46 1420
19 1066
35 1180
14 1047
41 1051
22 1010
42 1198
15 1407
17 1034
36 1145
17 1484
48 1289
18 1058
19 1011
47 1253
13 1102
43 1298
24 1229
23 1287
40 1145
31 1073
33 1264
43 1148
48 1349
16 1003
48 1225
16 1101
19 1384
10 1464
11 1012
34 1360
31 1271
31 1132
20 1232
42 1435
12 1093
28 1059
16 1308
24 1231
16 1250
47 1140
20 1129
43 1286
17 1310
24 1201
26 1458
30 1234
40 1389
38 1367
45 1498
34 1404
48 1182
15 1402
13 1306
12 1035
38 1034
44 1291
38 1163
18 1044
35 1429
28 1326
28 1364
40 1284
10 1325
47 1486
37 1121
15 1447
34 1044
49 1154
18 1196
16 1264
17 1323
34 1435
18 1146
21 1042
29 1383
37 1453
20 1331
32 1359
48 1390
10 1042
10 1180
27 1272
32 1383
11 1299
19 1468
13 1173
46 1178
11 1143
21 1349
42 1324
11 1479
11 1499
32 1411
47 1416
43 1403
33 1356
27 1305
46 1117
33 1347
42 1033
46 1344
17 1495
10 1442
11 1322
42 1262
38 1271
35 1448
40 1432
44 1480
17 1001
30 1180
24 1388
13 1463
17 1000
22 1214
26 1435
10 1483
34 1199
22 1442
29 1226
46 1383
29 1123
44 1175
34 1128
28 1294
44 1269
36 1332
44 1409
47 1278
30 1147
35 1028
24 1449
14 1028
23 1463
18 1124
16 1206
21 1198
30 1382
23 1419
18 1002
28 1194
33 1444
47 1389
30 1466
17 1033
16 1030
21 1258
41 1460
40 1003
41 1105
19 1141
26 1204
12 1448
31 1458
41 1451
35 1090
11 1494
49 1087
47 1410
38 1415
49 1060
20 1295
44 1442
42 1236
41 1288
42 1210
32 1482
12 1146
29 1351
48 1209
16 1322
21 1078
14 1433
47 1343
41 1352
25 1432
16 1221
18 1118
23 1127
36 1464
11 1314
39 1021
19 1380
22 1488
40 1347
11 1375
32 1369
21 1170
48 1181
18 1478
21 1053
12 1253
34 1311
13 1163
31 1123
36 1230
48 1301
18 1207
14 1184
35 1234
27 1410
24 1083
31 1016
18 1344
48 1201
25 1365
34 1495
42 1489
49 1430
38 1466
23 1193
21 1208
49 1183
20 1397
46 1397
43 1412
39 1164
26 1121
30 1467
18 1443
33 1201
16 1416
45 1424
12 1336
48 1141
21 1085
13 1044
27 1482
41 1037
38 1059
25 1356
22 1336
40 1000
13 1071
15 1458
18 1382
32 1435
42 1318
32 1438
25 1438
19 1048
39 1477
26 1404
17 1393
37 1289
31 1098
46 1467
47 1090
31 1138
10 1240
12 1112
11 1394
17 1346
11 1138
33 1014
29 1179
24 1376
13 1155
37 1366
48 1029
20 1366
17 1163
29 1021
11 1157
32 1054
36 1476
26 1375
39 1429
24 1212
39 1249
14 1391
11 1177
47 1123
46 1304
39 1090
13 1048
17 1413
11 1372
22 1029
17 1348
48 1283
14 1115
32 1371
32 1273
41 1032
39 1181
36 1456
10 1358
45 1181
17 1056
20 1150
25 1128
45 1111
41 1493
44 1269
11 1450
46 1167
23 1097
46 1401
16 1390
12 1344
43 1317
24 1390
45 1172
40 1377
28 1000
18 1437
32 1377
40 1397
34 1110
24 1281
31 1344
27 1224
10 1130
23 1242
15 1225
15 1258
36 1146
11 1488
26 1227
26 1355
34 1061
19 1279
44 1279
33 1154
44 1127
12 1356
10 1258
16 1479
42 1467
46 1025
43 1106
42 1308
26 1033
26 1381
26 1171
28 1343
18 1440
34 1223
47 1022
35 1408
13 1083
10 1245
11 1486
15 1129
41 1122
19 1386
12 1122
16 1351
43 1159
49 1009
38 1452
36 1251
15 1346
17 1287
22 1226
25 1082
38 1221
10 1386
10 1261
26 1124
31 1065
43 1075
45 1370
40 1469
24 1283
23 1142
42 1437
39 1288
46 1119
10 1047
23 1010
30 1263
31 1316
16 1483
44 1353
11 1150
28 1330
41 1006
40 1012
18 1224
35 1383
49 1121
18 1076
26 1217
20 1078
22 1266
30 1194
27 1105
18 1410
30 1082
38 1167
24 1467
38 1271
32 1441
41 1250
13 1468
47 1089
25 1192
37 1043
37 1456
44 1193
35 1497
39 1018
25 1261
42 1432
36 1286
20 1374
26 1357
46 1488
35 1368
19 1281
13 1312
38 1201
46 1024
47 1244
47 1264
39 1009
37 1133
19 1171
14 1214
39 1378
26 1435
27 1137
44 1316
41 1134
10 1497
31 1008
34 1146
15 1496
28 1185
16 1335
44 1108
28 1266
27 1338
24 1378
20 1194
43 1212
12 1353
13 1158
26 1435
45 1454
25 1188
41 1417
48 1498
19 1491
26 1115
10 1447
33 1179
17 1376
10 1439
12 1077
15 1071
44 1221
44 1265
15 1124
37 1034
12 1282
15 1429
16 1363
15 1481
32 1313
25 1007
49 1141
36 1182
48 1347
30 1034
36 1078
15 1352
27 1472
14 1416
25 1428
24 1041
22 1210
18 1273
25 1188
31 1083
11 1175
24 1033
18 1246
10 1064
27 1163
41 1093
41 1431
35 1431
15 1405
38 1410
22 1242
33 1197
33 1009
37 1246
19 1079
45 1449
46 1312
23 1311
12 1383
24 1242
33 1471
12 1330
30 1268
20 1466
29 1003
16 1436
41 1233
28 1224
46 1014
25 1322
17 1407
31 1276
19 1201
27 1179
39 1293
11 1273
47 1305
15 1361
39 1016
34 1029
12 1196
42 1440
27 1145
25 1158
22 1115
23 1100
26 1367
21 1355
30 1305
12 1211
30 1328
33 1448
36 1200
30 1300
46 1241
23 1069
26 1053
36 1034
29 1275
23 1089
43 1193
11 1226
11 1452
40 1336
13 1223
48 1455
34 1042
31 1440
21 1423
20 1276
41 1004
37 1481
11 1030
23 1015
16 1086
31 1088
32 1317
39 1086
33 1289
45 1271
20 1293
29 1163
37 1053
46 1135
21 1487
27 1146
36 1212
13 1434
29 1013
41 1379
12 1129
48 1419
25 1129
16 1160
39 1148
44 1194
13 1074
26 1079
13 1195
28 1011
10 1455
39 1199
12 1074
28 1318
47 1201
49 1059
32 1440
19 1058
13 1321
23 1477
40 1397
33 1084
39 1280
24 1484
13 1009
39 1479
26 1151
44 1271
37 1396
47 1453
14 1263
26 1370
25 1242
39 1450
22 1159
25 1037
23 1406
20 1258
48 1345
28 1294
47 1387
47 1409
47 1300
43 1374
12 1033
16 1183
38 1264
29 1352
27 1355
46 1045
22 1498
48 1207
24 1480
37 1450
47 1252
17 1136
10 1011
12 1121
43 1181
11 1362
28 1410
31 1212
11 1223
29 1075
23 1089
39 1368
48 1141
25 1286
27 1220
29 1297
19 1108
12 1098
36 1101
20 1194
26 1290
45 1025
24 1264
27 1005
32 1232
13 1048
42 1129
39 1158
11 1334
10 1303
42 1425
34 1491
15 1339
34 1469
42 1344
29 1400
15 1330
39 1312
18 1444
19 1168
16 1285
31 1114
26 1415
49 1409
49 1311
25 1042
41 1257
39 1329
20 1139
11 1209
18 1094
48 1014
41 1381
30 1262
26 1357
46 1263
29 1166
29 1194
14 1307
12 1365
44 1388
48 1338
41 1207
30 1392
24 1447
37 1453
17 1372
36 1142
42 1323
17 1026
41 1379
16 1145
25 1155
24 1334
37 1281
19 1313
10 1492
42 1032
42 1022
37 1498
45 1336
20 1039
20 1154
37 1420
49 1254
12 1446
37 1159
19 1284
37 1194
35 1032
32 1126
10 1325
14 1104
26 1182
40 1422
46 1173
18 1170
39 1242
25 1280
24 1012
36 1109
12 1030
34 1390
38 1025
39 1331
36 1273
47 1067
45 1349
48 1220
35 1202
38 1399
11 1230
31 1107
35 1436
46 1008
42 1228
14 1429
26 1201
21 1286
22 1247
27 1213
21 1488
17 1355
35 1051
25 1327
44 1440
33 1058
43 1453
19 1154
24 1194
17 1162
43 1259
29 1247
19 1057
11 1242
21 1402
47 1308
24 1390
37 1063
45 1216
46 1014
11 1173
17 1229
35 1100
19 1033
27 1035
40 1372
40 1414
18 1139
23 1187
25 1110
11 1354
42 1363
46 1071
43 1158
42 1223
36 1057
16 1159
25 1367
26 1201
23 1404
13 1089
36 1194
36 1087
10 1238
34 1305
12 1215
22 1247
11 1480
39 1156
46 1268
25 1332
14 1393
48 1174
25 1141
22 1098
43 1470
49 1176
19 1284
42 1374
44 1405
13 1362
44 1358
42 1455
26 1248
23 1340
49 1052
49 1409
48 1015
39 1321
34 1104
19 1006
43 1115
41 1230
28 1420
34 1430
19 1400
33 1320
21 1382
47 1250
18 1343
29 1421
43 1038
29 1088
44 1115
37 1485
24 1153