5000 6500
40 1224
31 1389
26 1008
26 1295
13 1229
23 1061
25 1462
43 1278
27 1281
31 1115
34 1054
14 1055
46 1444
47 1136
36 1066
34 1375
42 1075
46 1296
42 1363
22 1168
26 1035
14 1242
45 1340
25 1195
14 1276
12 1257
27 1174
21 1405
47 1391
31 1277
44 1454
41 1007
42 1463
48 1454
47 1174
26 1371
27 1398
30 1053
33 1200
28 1272
46 1372
17 1165
43 1296
44 1427
15 1092
15 1066
20 1061
46 1079
43 1147
29 1003
19 1043
16 1149
32 1205
22 1064
25 1000
19 1088
40 1175
20 1100
32 1307
28 1348
15 1196
33 1044
33 1211
35 1333
24 1308
39 1008
30 1285
39 1067
44 1156
30 1329
40 1261
32 1093
34 1131
42 1239
10 1284
45 1172
11 1013
43 1136
42 1316
26 1495
35 1061
49 1134
45 1253
34 1398
31 1079
22 1188
41 1116
48 1129
17 1281
10 1326
46 1200
12 1045
28 1253
24 1085
28 1416
41 1446
46 1121
43 1439
40 1235
19 1076
43 1478
39 1372
42 1432
47 1136
21 1124
19 1196
10 1401
45 1498
29 1179
11 1361
12 1410
19 1404
33 1227
43 1304
16 1139
14 1162
19 1154
30 1238
10 1119
41 1216
46 1369
34 1168
34 1187
43 1058
26 1216
23 1132
27 1048
31 1195
48 1169
18 1360
21 1027
22 1064
10 1288
35 1491
21 1282
13 1062
21 1098
30 1078
36 1069
35 1065
28 1403
11 1259
39 1465
25 1307
21 1223
17 1315
23 1155
15 1217
47 1453
37 1314
33 1224
37 1433
32 1374
46 1037
18 1264
35 1210
38 1423
34 1474
13 1345
24 1082
32 1413
39 1322
29 1099
48 1367
21 1198
18 1079
34 1262
24 1026
31 1282
36 1272
49 1206
35 1488
27 1121
31 1232
35 1443
17 1393
19 1464
36 1382
41 1386
45 1333
27 1330
37 1255
26 1253
36 1499
40 1451
18 1101
17 1324
24 1353
29 1488
48 1428
24 1341
40 1159
29 1268
38 1300
17 1017
31 1431
15 1338
19 1243
25 1234
25 1478
42 1499
25 1042
14 1435
14 1260
36 1280
18 1162
17 1238
14 1228
13 1319
28 1047
30 1195
38 1150
22 1440
13 1067
46 1285
23 1145
25 1123
33 1368
22 1448
44 1346
46 1210
39 1402
10 1259
29 1082
37 1269
18 1168
39 1170
14 1242
45 1403
25 1447
41 1375
30 1473
38 1441
28 1262
42 1478
46 1425
47 1448
27 1370
10 1241
28 1188
19 1232
19 1416
18 1117
45 1418
21 1064
47 1340
10 1029
45 1453
45 1418
16 1306
48 1306
31 1123
21 1193
17 1136
33 1128
12 1379
30 1232
10 1261
28 1140
17 1205
44 1469
13 1217
39 1207
12 1448
40 1288
36 1290
12 1057
32 1129
11 1494
15 1076
22 1225
31 1465
10 1441
47 1436
49 1480
37 1320
42 1435
33 1243
32 1090
44 1376
25 1249
40 1129
14 1473
44 1378
49 1037
18 1211
22 1082
31 1352
32 1212
32 1464
25 1319
37 1392
36 1366
45 1420
47 1406
33 1288
26 1476
14 1094
22 1280
47 1374
49 1449
23 1108
39 1161
27 1103
15 1118
12 1408
28 1005
18 1154
12 1392
16 1040
46 1080
22 1370
44 1076
13 1366
41 1291
43 1297
36 1236
19 1294
14 1321
48 1315
42 1293
18 1000
17 1333
31 1427
49 1484
31 1331
18 1252
37 1144
14 1110
18 1423
40 1147
49 1308
31 1458
15 1127
11 1047
49 1287
11 1046
48 1001
38 1277
25 1147
39 1409
38 1105
25 1302
13 1038
39 1384
16 1386
40 1138
32 1461
22 1162
12 1270
37 1190
14 1136
33 1405
27 1397
48 1057
17 1056
24 1404
48 1119
20 1375
44 1282
46 1165
26 1159
24 1456
29 1434
47 1421
19 1378
17 1301
33 1323
28 1001
18 1003
25 1308
29 1168
27 1200
48 1029
17 1495
15 1498
45 1016
44 1286
18 1301
37 1179
40 1098
31 1204
43 1183
35 1209
43 1254
18 1407
38 1277
36 1479
22 1192
39 1415
11 1089
36 1035
39 1302
26 1139
12 1370
20 1185
11 1245
35 1365
10 1029
32 1114
11 1221
29 1208
19 1131
47 1298
47 1263
21 1112
22 1140
20 1371
12 1494
18 1355
33 1476
18 1463
20 1173
10 1478
28 1495
21 1455
24 1319
37 1272
20 1442
45 1299
32 1307
42 1325
40 1384
25 1190
31 1256
23 1171
12 1207
19 1046
40 1033
45 1139
14 1038
21 1295
38 1361
17 1009
42 1165
12 1397
12 1290
19 1443
18 1103
27 1188
24 1391
20 1145
33 1296
29 1060
25 1302
33 1074
27 1204
35 1305
45 1260
22 1082
43 1298
49 1233
19 1304
10 1272
25 1187
27 1352
26 1354
26 1217
40 1417
43 1497
41 1389
27 1393
33 1264
24 1092
41 1121
22 1158
17 1353
24 1262
30 1045
41 1240
19 1341
22 1247
31 1082
34 1421
41 1099
27 1309
25 1246
27 1399
39 1066
21 1105
25 1219
22 1232
42 1362
40 1250
48 1280
44 1233
33 1041
34 1480
29 1390
12 1436
41 1326
20 1227
43 1225
34 1437
20 1473
13 1453
27 1071
15 1403
26 1212
17 1355
37 1027
42 1365
27 1428
18 1214
47 1403
32 1374
17 1217
25 1499
13 1371
39 1002
29 1094
24 1203
39 1086
32 1325
30 1497
43 1253
41 1087
17 1343
39 1465
48 1053
48 1361
43 1185
11 1422
16 1466
22 1358
40 1341
23 1369
29 1443
33 1440
17 1221
30 1125
41 1161
15 1458
23 1034
46 1451
45 1448
15 1480
24 1485
21 1079
37 1148
34 1032
27 1177
32 1302
13 1142
35 1300
35 1296
38 1040
32 1063
18 1191
41 1325
23 1397
10 1442
40 1026
28 1322
46 1135
10 1206
39 1464
36 1037
13 1245
45 1268
34 1077
10 1262
12 1468
32 1263
22 1193
35 1374
23 1314
43 1003
11 1457
39 1093
26 1210
12 1077
10 1287
22 1296
43 1477
44 1028
35 1051
13 1032
22 1398
38 1010
25 1058
27 1349
43 1110
48 1185
37 1154
41 1265
32 1128
43 1002
35 1354
13 1104
42 1393
45 1484
15 1245
25 1362
36 1043
30 1424
34 1344
15 1281
45 1150
35 1218
33 1196
48 1139
16 1213
45 1251
44 1355
23 1166
24 1217
18 1353
21 1107
17 1311
36 1327
35 1397
41 1298
44 1290
35 1419
30 1055
21 1220
22 1079
45 1492
40 1317
44 1255
27 1458
46 1247
24 1419
34 1385
34 1265
14 1301
28 1141
49 1143
32 1221
42 1495
37 1451
35 1357
18 1000
35 1322
20 1400
12 1091
13 1267
14 1067
27 1300
16 1366
25 1059
12 1245
24 1078
18 1376
16 1138
14 1142
17 1106
49 1431
28 1416
40 1066
39 1453
49 1047
17 1330
26 1415
43 1055
43 1085
27 1322
42 1491
22 1215
33 1498
34 1028
46 1441
15 1203
25 1432
13 1230
39 1147
10 1136
19 1166
34 1161
33 1282
10 1129
19 1414
22 1464
47 1452
14 1064
10 1402
15 1487
31 1480
18 1446
16 1324
14 1446
19 1387
46 1497
44 1283
39 1481
18 1457
43 1408
25 1420
41 1153
48 1080
44 1212
35 1017
44 1378
45 1170
32 1250
34 1395
33 1185
46 1373
17 1041
12 1474
22 1019
46 1057
19 1308
40 1449
16 1390
35 1464
18 1060
37 1485
33 1344
12 1214
34 1087
43 1476
11 1285
38 1449
15 1281
43 1371
37 1390
21 1425
45 1106
28 1011
15 1492
34 1444
13 1007
12 1216
27 1308
19 1030
49 1275
36 1412
41 1409
35 1370
26 1330
23 1383
22 1187
13 1338
23 1013
19 1404
46 1323
43 1203
37 1418
29 1400
20 1472
34 1013
41 1250
36 1472
38 1106
16 1169
25 1049
38 1007
47 1175
33 1024
29 1478
13 1044
17 1416
49 1341
42 1027
43 1493
48 1268
17 1227
49 1023
49 1245
24 1011
22 1396
34 1310
29 1359
44 1469
38 1038
44 1404
28 1028
46 1471
19 1080
14 1034
28 1277
13 1026
33 1006
46 1232
13 1160
21 1329
49 1252
28 1197
43 1202
22 1074
45 1123
36 1365
48 1430
34 1095
44 1223
38 1392
22 1326
16 1092
21 1140
48 1313
25 1414
27 1212
20 1353
46 1012
20 1198
27 1051
27 1311
36 1127
28 1219
23 1483
48 1401
49 1257
17 1128
37 1332
29 1288
16 1441
15 1060
28 1439
43 1434
10 1105
38 1218
33 1058
29 1156
33 1201
42 1257
12 1447
27 1379
46 1439
17 1197
37 1281
40 1215
16 1130
30 1437
34 1136
24 1031
42 1392
40 1419
26 1445
17 1165
35 1224
31 1403
48 1032
28 1176
23 1022
17 1497
33 1417
48 1186
36 1105
34 1052
37 1379
15 1118
17 1328
42 1486
26 1470
27 1235
42 1114
47 1016
16 1162
49 1270
27 1341
44 1330
41 1429
40 1065
10 1174
25 1380
45 1173
42 1261
34 1486
11 1458
19 1273
34 1437
32 1155
26 1301
12 1065
24 1148
42 1498
40 1420
21 1116
32 1438
28 1132
40 1366
12 1149
13 1322
35 1275
34 1137
16 1438
26 1377
28 1044
38 1055
45 1044
17 1058
40 1314
20 1410
25 1388
31 1161
15 1352
21 1347
17 1081
12 1002
24 1070
24 1327
25 1476
30 1076
19 1229
49 1277
12 1306
11 1359
11 1458
32 1471
13 1472
24 1134
45 1266
15 1499
24 1436
10 1486
46 1373
46 1062
26 1058
22 1437
27 1462
49 1061
18 1144
44 1035
40 1204
47 1437
17 1476
46 1318
28 1413
26 1491
31 1101
28 1130
46 1450
27 1393
29 1052
16 1416
13 1011
21 1119
15 1182
36 1293
22 1186
17 1225
31 1468
49 1460
28 1170
35 1184
36 1318
18 1142
47 1469
37 1198
22 1126
40 1197
22 1207
46 1052
24 1080
29 1424
20 1230
37 1403
11 1143
10 1005
47 1317
37 1386
16 1153
23 1254
22 1417
30 1127
40 1398
11 1255
41 1075
42 1389
35 1198
26 1421
28 1498
39 1404
27 1363
28 1147
47 1264
49 1124
39 1168
34 1092
13 1326
34 1455
41 1281
12 1402
48 1308
23 1284
36 1358
44 1046
20 1108
19 1486
44 1016
35 1286
12 1238
31 1027
48 1094
19 1431
14 1280
12 1157
36 1362
10 1004
41 1467
42 1207
38 1354
18 1247
12 1345
44 1464
21 1457
42 1285
48 1332
34 1136
20 1078
42 1162
36 1151
40 1119
18 1055
20 1131
42 1096
29 1002
31 1379
22 1335
20 1461
22 1425
24 1069
32 1290
46 1469
19 1374
43 1362
48 1220
42 1123
34 1186
12 1288
21 1379
14 1185
20 1053
18 1310
34 1334
36 1280
44 1390
36 1466
17 1374
17 1375
43 1079
20 1357
38 1255
47 1287
13 1076
13 1106
11 1253
24 1146
13 1300
46 1418
34 1087
47 1255
28 1310
12 1259
14 1276
42 1187
42 1319
14 1009
14 1103
23 1371
35 1417
29 1267
41 1185
18 1336
33 1451
29 1494
12 1475
46 1191
47 1347
47 1237
33 1373
36 1134
43 1280
28 1277
29 1031
41 1446
17 1141
35 1286
22 1022
38 1065
45 1298
40 1013
23 1210
31 1330
10 1130
10 1112
41 1079
27 1139
49 1101
46 1342
29 1481
12 1067
25 1476
33 1317
16 1121
47 1335
41 1010
35 1154
18 1197
20 1256
16 1166
40 1301
18 1236
11 1105
40 1222
26 1393
47 1273
25 1119
31 1082
32 1135
12 1212
44 1266
35 1153
36 1245
40 1100
23 1406
49 1268
19 1146
20 1181
16 1314
19 1178
25 1286
30 1461
18 1417
46 1482
22 1211
32 1007
25 1054
17 1006
29 1063
16 1194
37 1141
39 1033
10 1405
39 1126
39 1317
37 1059
16 1175
18 1291
17 1130
35 1004
33 1376
11 1466
12 1378
19 1427
45 1326
11 1238
43 1010
12 1076
19 1323
39 1312
38 1195
36 1084
12 1206
29 1060
30 1090
22 1118
44 1005
25 1369
31 1432
12 1238
10 1328
22 1085
32 1226
45 1127
24 1196
47 1092
28 1289
25 1373
25 1454
31 1490
11 1097
38 1087
28 1170
49 1053
42 1401
29 1286
20 1496
46 1239
33 1168
22 1349
48 1446
45 1396
16 1070
21 1090
16 1026
18 1338
34 1061
29 1364
29 1115
41 1099
32 1214
29 1436
13 1102
19 1487
13 1351
40 1054
17 1493
16 1187
48 1252
19 1265
33 1161
33 1367
27 1177
33 1371
45 1386
38 1154
36 1162
45 1012
43 1245
43 1003
25 1116
38 1449
13 1230
16 1449
46 1368
46 1006
22 1318
36 1211
22 1142
18 1308
33 1490
41 1449
47 1319
11 1261
41 1007
23 1482
36 1076
28 1029
41 1266
15 1188
43 1271
45 1342
22 1023
49 1013
23 1392
45 1200
10 1059
31 1358
12 1392
26 1049
12 1455
49 1313
45 1007
11 1341
37 1237
23 1268
39 1488
14 1403
30 1001
11 1062
35 1016
38 1209
17 1366
11 1333
26 1011
40 1466
37 1419
19 1467
35 1019
25 1073
13 1155
35 1243
22 1396
39 1491
11 1467
20 1079
26 1264
35 1477
24 1098
35 1283
10 1394
45 1086
11 1226
33 1374
23 1138
42 1154
47 1312
17 1153
31 1351
15 1440
15 1443
37 1340
29 1365
13 1029
36 1484
37 1277
49 1128
18 1383
22 1124
31 1273
32 1476
49 1107
20 1166
13 1386
34 1085
15 1212
16 1437
30 1121
32 1304
16 1272
43 1091
30 1042
17 1159
18 1331
13 1190
23 1454
44 1153
36 1103
46 1003
10 1093
29 1481
45 1034
21 1488
31 1241
33 1127
45 1194
46 1464
43 1184
25 1038
25 1174
27 1325
27 1383
21 1313
47 1287
27 1299
47 1235
37 1377
39 1435
39 1384
46 1311
10 1398
15 1284
16 1364
43 1232
44 1268
14 1471
15 1002
33 1101
14 1073
14 1121
11 1483
40 1106
39 1281
39 1327
32 1076
40 1207
26 1340
12 1374
19 1218
15 1406
29 1274
17 1280
41 1441
18 1006
25 1421
30 1238
32 1121
34 1053
41 1379
36 1411
37 1328
16 1035
32 1076
14 1155
24 1325
18 1497
14 1074
10 1397
46 1498
12 1049
30 1205
23 1009
38 1047
35 1248
35 1176
49 1070
39 1356
21 1060
14 1235
31 1404
18 1264
46 1173
28 1227
19 1284
10 1201
31 1274
35 1068
29 1139
14 1447
36 1342
22 1497
46 1100
20 1029
30 1015
23 1011
24 1151
22 1068
17 1446
15 1118
11 1392
40 1249
39 1021
25 1271
36 1484
32 1159
19 1232
32 1280
43 1431
36 1470
31 1131
27 1272
20 1391
17 1418
48 1276
28 1013
18 1352
19 1121
47 1111
36 1281
31 1121
21 1155
12 1078
41 1132
39 1272
20 1460
25 1350
30 1069
13 1126
26 1335
41 1094
36 1018
35 1023
42 1204
21 1080
42 1244
42 1099
26 1121
45 1360
30 1408
44 1385
25 1068
15 1216
48 1291
46 1495
42 1101
40 1290
42 1303
47 1388
17 1141
43 1272
46 1409
16 1177
41 1155
32 1473
27 1283
28 1497
28 1312
21 1397
41 1240
24 1250
26 1326
32 1206
25 1283
38 1190
22 1206
47 1419
12 1429
40 1243
10 1435
43 1131
45 1188
42 1353
29 1096
40 1452
16 1396
49 1365
33 1089
29 1284
45 1268
14 1251
37 1319
35 1157
31 1141
46 1241
24 1259
41 1056
39 1352
11 1149
14 1156
46 1320
44 1259
31 1410
39 1191
26 1363
47 1313
24 1269
44 1462
39 1488
37 1452
40 1139
46 1292
14 1053
21 1240
31 1158
13 1170
36 1298
43 1353
29 1321
24 1221
46 1132
21 1267
43 1236
33 1431
13 1059
25 1317
18 1016
21 1378
21 1180
30 1327
27 1153
43 1218
40 1286
29 1223
45 1399
15 1272
14 1253
43 1315
17 1344
24 1324
27 1385
18 1292
23 1095
24 1316
30 1258
45 1206
38 1331
16 1375
35 1066
10 1493
26 1035
47 1454
31 1140
25 1209
30 1087
20 1410
49 1360
20 1081
40 1287
21 1242
43 1027
18 1209
46 1093
34 1038
43 1123
33 1394
40 1397
36 1217
17 1123
12 1471
33 1227
15 1248
14 1150
33 1481
19 1369
40 1483
19 1134
23 1368
23 1025
34 1408
45 1134
39 1439
20 1395
14 1111
23 1433
34 1188
27 1383
46 1048
31 1334
28 1243
18 1458
16 1297
11 1120
13 1062
33 1355
37 1043
33 1410
18 1104
44 1308
31 1245
13 1029
22 1366
20 1223
10 1415
41 1055
18 1053
32 1365
16 1378
15 1072
25 1291
48 1296
20 1129
32 1153
12 1185
31 1241
41 1185
27 1410
18 1411
26 1203
29 1294
48 1160
16 1499
43 1115
18 1049
10 1121
47 1128
47 1212
32 1308
21 1494
46 1045
30 1202
20 1123
32 1003
31 1464
44 1441
41 1372
40 1223
49 1247
43 1242
30 1386
37 1045
33 1283
14 1062
20 1117
21 1212
22 1403
36 1167
45 1256
11 1273
34 1098
14 1434
17 1418
37 1368
46 1080
40 1411
25 1410
29 1197
13 1370
22 1292
14 1286
46 1422
14 1158
43 1411
35 1284
21 1281
34 1073
10 1465
48 1325
27 1075
30 1097
42 1171
37 1233
39 1127
25 1370
33 1192
26 1308
47 1256
43 1258
34 1046
31 1289
48 1136
40 1150
43 1380
41 1344
22 1146
23 1131
48 1496
10 1307
48 1456
44 1029
36 1304
43 1267
28 1061
29 1044
29 1189
36 1166
17 1437
31 1023
39 1073
22 1434
23 1063
46 1063
39 1254
26 1355
47 1485
44 1108
12 1406
29 1051
28 1417
14 1392
45 1466
33 1413
27 1047
15 1124
23 1363
13 1330
33 1239
35 1075
14 1479
18 1159
30 1059
26 1015
31 1251
15 1343
31 1294
48 1410
42 1066
20 1185
35 1148
18 1282
42 1468
21 1418
10 1293
14 1059
22 1263
46 1485
10 1387
25 1305
41 1470
14 1497
35 1073
33 1026
34 1124
34 1235
27 1103
44 1019
49 1031
32 1392
15 1444
42 1100
48 1332
29 1439
10 1416
47 1151
19 1155
10 1192
45 1298
37 1317
22 1321
14 1255
32 1187
22 1256
22 1197
16 1223
49 1339
40 1332
45 1496
21 1031
44 1353
13 1016
34 1183
38 1426
36 1195
24 1338
45 1381
38 1371
33 1306
34 1049
14 1459
33 1262
10 1390
44 1395
23 1282
27 1444
24 1201
29 1103
33 1219
38 1476
13 1043
29 1266
46 1050
12 1145
29 1431
30 1275
42 1289
46 1009
13 1068
45 1214
44 1205
15 1239
14 1271
23 1060
49 1049
14 1083
32 1059
27 1176
35 1498
26 1192
13 1475
17 1124
48 1271
49 1201
27 1015
49 1266
35 1357
26 1414
35 1064
32 1128
32 1274
16 1261
27 1173
26 1218
33 1317
43 1131
49 1409
30 1212
40 1335
29 1455
37 1368
24 1473
19 1393
35 1130
38 1149
16 1315
27 1021
44 1329
43 1174
43 1486
16 1179
15 1194
23 1090
28 1399
32 1468
42 1444
40 1243
22 1165
26 1484
20 1094
20 1208
39 1121
44 1140
38 1359
33 1355
13 1443
35 1378
35 1479
34 1053
34 1021
26 1049
46 1261
47 1286
27 1243
38 1119
36 1337
34 1050
25 1091
34 1492
36 1187
33 1175
36 1004
44 1169
19 1318
47 1195
31 1258
14 1000
29 1337
25 1248
30 1211
12 1253
46 1017
49 1242
44 1407
10 1029
13 1015
49 1019
35 1254
34 1268
41 1221
28 1222
26 1391
12 1086
44 1212
18 1235
35 1283
46 1169
16 1357
39 1281
26 1368
20 1229
27 1299
12 1393
37 1187
27 1042
41 1438
47 1217
23 1018
33 1273
13 1069
21 1104
13 1356
45 1052
18 1427
47 1245
32 1150
17 1186
44 1175
46 1074
49 1136
42 1141
26 1465
27 1051
18 1400
11 1384
36 1479
46 1060
27 1257
12 1265
42 1381
44 1498
16 1341
45 1337
39 1145
26 1472
37 1446
27 1073
12 1064
23 1280
32 1196
32 1012
27 1173
29 1205
22 1294
39 1125
29 1483
34 1078
44 1337
19 1100
32 1002
39 1400
25 1433
28 1331
44 1215
20 1459
18 1091
47 1127
15 1191
24 1023
10 1457
37 1414
45 1372
26 1028
27 1211
19 1023
38 1498
19 1233
33 1420
46 1162
32 1348
36 1002
27 1251
44 1328
15 1373
11 1060
15 1411
26 1014
26 1483
23 1496
34 1259
21 1014
14 1494
29 1102
13 1230
14 1224
38 1048
43 1368
39 1176
35 1080
28 1246
28 1226
30 1287
17 1251
18 1203
12 1437
14 1016
16 1287
47 1344
25 1476
25 1492
30 1291
18 1345
19 1495
41 1312
45 1485
45 1472
18 1392
34 1305
49 1390
47 1404
29 1393
19 1044
32 1154
22 1385
37 1441
26 1302
12 1407
45 1430
35 1425
24 1318
11 1141
36 1219
44 1344
48 1109
17 1003
12 1291
47 1481
10 1447
13 1308
19 1047
17 1004
27 1225
20 1134
30 1370
18 1155
28 1072
34 1442
18 1398
30 1202
25 1036
21 1219
20 1207
37 1289
39 1414
13 1059
29 1418
33 1142
33 1240
33 1182
44 1158
37 1092
15 1454
16 1208
43 1360
48 1073
49 1052
15 1283
36 1130
47 1178
38 1125
25 1347
24 1495
31 1109
31 1066
20 1297
49 1091
17 1032
42 1429
21 1146
39 1311
34 1397
17 1206
38 1423
11 1484
31 1278
39 1094
32 1100
17 1494
14 1454
13 1133
31 1261
32 1179
13 1224
11 1319
44 1225
27 1380
33 1460
34 1472
34 1184
27 1406
42 1479
42 1350
43 1082
44 1249
38 1258
24 1308
23 1256
13 1352
44 1328
27 1047
21 1166
23 1211
35 1391
47 1228
19 1237
19 1029
47 1411
19 1118
29 1382
40 1319
21 1425
47 1055
43 1481
49 1043
28 1214
26 1432
48 1268
24 1461
14 1295
43 1106
38 1117
13 1413
20 1222
17 1377
16 1464
12 1330
12 1305
14 1038
14 1439
13 1498
15 1427
47 1294
19 1427
31 1223
27 1189
31 1268
35 1276
35 1138
25 1156
31 1268
36 1068
24 1484
37 1188
16 1449
12 1083
35 1009
16 1115
12 1225
20 1446
25 1375
24 1101
35 1485
14 1409
21 1363
48 1245
15 1484
30 1197
35 1158
33 1340
45 1265
42 1444
40 1273
44 1481
40 1287
18 1095
13 1393
41 1022
41 1362
35 1172
44 1406
38 1046
23 1232
36 1162
32 1281
49 1195
28 1077
47 1396
39 1381
48 1172
16 1272
26 1272
43 1447
20 1260
20 1321
36 1033
30 1214
44 1257
34 1409
22 1206
16 1310
20 1017
35 1334
38 1295
30 1372
13 1132
42 1064
43 1469
31 1487
25 1350
11 1301
42 1439
38 1398
33 1105
38 1402
16 1193
46 1482
22 1169
20 1100
24 1364
41 1363
32 1407
39 1414
26 1312
28 1453
19 1483
40 1238
44 1145
49 1394
17 1171
27 1483
36 1301
42 1218
15 1313
21 1034
46 1391
27 1212
28 1364
18 1376
37 1121
49 1042
38 1457
45 1122
42 1372
44 1149
23 1360
39 1181
40 1437
22 1452
23 1262
21 1169
22 1136
46 1451
15 1327
43 1312
39 1262
49 1103
25 1148
32 1478
26 1043
36 1345
42 1427
49 1321
43 1277
34 1099
24 1479
47 1378
17 1129
22 1212
18 1114
29 1412
12 1212
34 1227
31 1036
28 1095
46 1155
21 1281
13 1172
24 1407
35 1374
36 1003
35 1099
32 1295
39 1194
14 1325
18 1039
17 1252
15 1470
14 1267
26 1400
36 1092
14 1477
27 1162
42 1186
12 1244
27 1000
23 1466
48 1388
23 1103
14 1016
29 1153
40 1234
26 1141
10 1302
47 1101
12 1437
43 1225
36 1007
42 1271
40 1274
10 1179
49 1038
10 1186
44 1411
26 1470
49 1000
19 1104
28 1077
12 1376
49 1000
20 1081
42 1186
39 1293
21 1163
28 1156
16 1431
22 1043
21 1075
12 1255
39 1270
32 1356
13 1139
34 1494
31 1221
17 1316
38 1128
31 1064
14 1381
46 1475
11 1212
41 1060
12 1153
24 1325
32 1253
35 1028
35 1305
28 1050
27 1182
22 1278
10 1490
49 1222
21 1216
47 1116
43 1195
30 1308
26 1431
47 1366
41 1020
31 1335
30 1194
16 1054
33 1152
15 1180
20 1377
14 1330
12 1074
40 1114
22 1360
26 1076
43 1204
26 1326
16 1077
13 1427
23 1369
31 1209
26 1041
18 1202
40 1088
16 1432
20 1393
19 1000
16 1042
20 1076
40 1219
12 1405
38 1372
32 1405
31 1383
44 1368
45 1159
47 1247
31 1166
44 1237
13 1098
24 1323
12 1063
48 1394
16 1100
28 1238
46 1386
33 1145
34 1368
48 1338
29 1339
29 1424
15 1008
35 1042
15 1294
21 1127
16 1340
43 1288
31 1201
39 1133
48 1117
38 1003
21 1328
31 1413
18 1201
43 1453
26 1461
36 1466
19 1323
20 1309
14 1002
15 1273
24 1003
17 1384
14 1492
14 1122
43 1253
30 1332
40 1153
11 1228
43 1359
34 1020
13 1394
21 1295
19 1172
30 1125
23 1466
43 1103
26 1216
47 1291
27 1264
13 1213
42 1327
30 1067
21 1337
24 1317
23 1106
48 1061
35 1304
37 1137
15 1189
12 1495
44 1470
29 1355
34 1309
13 1282
41 1328
27 1110
31 1289
27 1323
22 1400
31 1072
15 1212
23 1130
11 1159
16 1295
15 1042
34 1464
10 1070
22 1368
11 1403
14 1276
39 1193
15 1196
46 1279
24 1388
46 1481
37 1087
24 1393
48 1298
10 1295
45 1177
30 1173
17 1243
46 1427
45 1499
25 1456
48 1030
21 1415
40 1112
44 1373
18 1383
46 1110
42 1060
13 1088
15 1017
20 1434
35 1313
29 1053
21 1073
16 1057
38 1167
18 1347
31 1279
20 1400
22 1200
41 1243
23 1062
43 1430
20 1413
46 1133
45 1047
30 1238
25 1278
24 1347
35 1386
13 1032
29 1227
30 1104
18 1038
14 1101
37 1024
17 1439
25 1074
10 1428
19 1323
40 1025
44 1411
46 1384
27 1168
14 1046
16 1173
22 1089
21 1084
29 1072
21 1449
35 1276
34 1362
22 1464
26 1298
26 1112
23 1354
32 1332
46 1028
20 1089
12 1223
15 1029
28 1372
15 1238
35 1311
48 1461
29 1239
37 1327
45 1412
28 1437
40 1412
24 1050
32 1136
39 1213
41 1215
34 1494
49 1447
17 1257
43 1083
16 1222
46 1170
29 1490
29 1238
34 1418
12 1349
19 1131
17 1253
26 1430
12 1067
25 1138
48 1204
46 1005
25 1483
25 1158
26 1319
15 1036
28 1317
28 1373
48 1175
46 1310
38 1219
18 1055
29 1407
28 1462
36 1143
38 1475
15 1356
14 1093
43 1303
10 1036
40 1462
25 1326
48 1092
13 1493
17 1048
15 1484
45 1359
16 1136
40 1250
36 1032
22 1480
19 1088
26 1282
33 1368
43 1155
30 1179
37 1432
23 1207
46 1468
21 1013
26 1334
42 1469
20 1088
10 1116
15 1419
13 1001
48 1333
26 1436
46 1341
15 1178
12 1083
27 1350
45 1353
14 1109
18 1325
41 1312
19 1043
49 1304
11 1399
13 1438
22 1341
27 1208
44 1013
35 1395
19 1397
19 1003
49 1233
42 1189
28 1420
20 1428
34 1446
14 1074
38 1113
22 1127
27 1136
11 1271
45 1095
46 1185
34 1058
35 1009
45 1331
48 1323
34 1196
12 1004
38 1002
16 1015
27 1182
11 1402
44 1235
41 1051
12 1155
11 1446
30 1330
25 1254
12 1381
22 1470
49 1414
44 1250
15 1287
34 1311
37 1492
12 1267
25 1472
36 1345
34 1101
46 1351
11 1444
16 1219
22 1302
34 1306
29 1078
22 1281
48 1423
47 1263
23 1486
24 1447
14 1202
18 1116
28 1320
45 1258
44 1166
38 1276
11 1272
24 1308
21 1451
18 1242
48 1360
30 1103
46 1403
23 1021
10 1381
20 1022
30 1036
25 1335
38 1464
35 1024
36 1109
28 1404
42 1048
33 1428
26 1184
27 1404
14 1307
49 1289
39 1477
39 1360
42 1457
31 1060
38 1375
14 1024
38 1485
15 1257
23 1138
10 1099
39 1307
12 1062
13 1311
23 1346
10 1199
32 1396
15 1286
15 1314
16 1208
37 1010
36 1162
35 1159
26 1219
44 1063
12 1492
26 1246
21 1240
42 1400
29 1013
43 1370
30 1132
38 1445
41 1370
24 1381
30 1408
20 1057
15 1270
22 1272
37 1296
39 1226
36 1233
33 1100
30 1318
28 1174
42 1474
21 1260
47 1081
44 1352
22 1068
17 1178
48 1418
47 1347
12 1153
37 1461
44 1416
13 1417
27 1385
29 1247
49 1106
33 1331
22 1339
33 1096
39 1474
21 1449
45 1324
25 1192
20 1220
41 1055
38 1052
47 1164
40 1068
48 1026
45 1051
40 1326
38 1366
12 1416
32 1072
45 1093
45 1104
33 1201
24 1038
30 1240
14 1114
22 1173
45 1005
43 1021
27 1137
21 1389
48 1493
48 1299
26 1095
10 1100
30 1116
39 1203
20 1368
25 1411
41 1127
12 1461
11 1176
11 1149
10 1015
27 1036
24 1426
25 1018
37 1475
23 1209
25 1090
15 1371
46 1173
14 1137
13 1334
13 1328
24 1003
35 1071
45 1321
21 1454
17 1258
48 1102
46 1485
25 1253
38 1228
46 1187
28 1128
25 1071
11 1168
28 1426
28 1367
29 1014
35 1488
11 1339
11 1093
48 1198
26 1375
20 1171
43 1431
17 1474
39 1396
40 1443
14 1392
27 1039
27 1250
36 1447
23 1337
19 1142
43 1260
10 1379
35 1387
32 1030
41 1459
28 1136
20 1084
17 1356
30 1433
14 1253
41 1126
40 1209
37 1252
43 1111
32 1364
42 1011
24 1375
23 1356
34 1410
45 1432
49 1455
23 1329
43 1150
41 1165
13 1474
21 1061
40 1237
30 1049
11 1214
41 1498
42 1115
33 1006
31 1111
35 1065
37 1078
27 1034
19 1204
40 1103
12 1380
32 1051
28 1320
12 1453
43 1001
15 1403
12 1175
47 1152
46 1079
45 1179
33 1394
37 1449
49 1146
17 1123
15 1211
31 1364
13 1419
17 1228
43 1086
49 1145
36 1474
11 1216
28 1428
20 1250
47 1186
39 1087
24 1380
20 1056
45 1175
41 1060
16 1240
20 1299
24 1123
25 1017
39 1424
25 1433
31 1396
24 1423
12 1189
34 1238
10 1059
22 1265
11 1027
38 1258
16 1387
42 1363
30 1111
20 1458
22 1035
28 1184
34 1314
22 1060
37 1266
22 1243
22 1215
32 1490
24 1297
28 1152
13 1092
33 1147
49 1389
26 1244
10 1379
13 1174
40 1195
16 1495
11 1075
37 1216
32 1358
49 1413
37 1268
32 1157
44 1436
38 1109
13 1282
24 1391
20 1159
48 1254
19 1270
10 1089
31 1240
18 1409
25 1185
15 1456
32 1320
44 1483
37 1422
19 1399
14 1295
20 1099
16 1353
10 1010
12 1387
38 1039
25 1214
43 1170
24 1116
20 1413
44 1322
32 1397
46 1023
17 1264
23 1265
37 1069
40 1336
38 1011
12 1157
38 1166
44 1297
24 1383
25 1097
49 1079
43 1377
47 1159
21 1447
32 1166
10 1255
15 1019
40 1275
36 1061
15 1470
26 1324
18 1491
11 1125
49 1152
42 1477
45 1126
19 1361
13 1303
20 1161
41 1161
39 1306
22 1132
22 1345
43 1127
25 1235
19 1236
34 1129
28 1470
16 1127
35 1297
21 1156
25 1201
11 1063
28 1206
36 1452
43 1470
28 1296
37 1411
23 1070
45 1280
16 1313
19 1281
47 1449
20 1355
30 1171
34 1217
23 1084
19 1451
16 1127
19 1422
45 1160
27 1023
38 1002
34 1174
23 1493
44 1155
25 1240
13 1100
14 1318
36 1096
45 1211
22 1091
13 1246
12 1015
20 1236
35 1349
13 1497
23 1010
23 1340
24 1240
25 1430
13 1093
39 1370
25 1428
22 1354
12 1457
49 1403
16 1367
46 1043
19 1403
41 1117
32 1252
33 1057
31 1352
33 1320
12 1089
25 1167
18 1092
40 1233
31 1264
49 1161
43 1312
13 1082
25 1490
19 1390
49 1036
21 1315
29 1441
26 1210
14 1110
47 1450
41 1098
23 1249
41 1030
13 1335
22 1447
25 1071
19 1009
33 1254
48 1444
26 1116
28 1033
32 1415
23 1443
40 1496
10 1316
31 1372
43 1491
24 1362
47 1138
42 1326
29 1296
42 1421
46 1165
15 1366
38 1275
40 1222
35 1128
16 1378
20 1492
25 1260
33 1079
22 1188
47 1316
36 1066
43 1368
49 1427
28 1114
15 1150
45 1497
24 1233
31 1123
18 1363
18 1108
29 1453
15 1237
19 1334
18 1107
31 1204
33 1221
24 1406
34 1429
31 1275
28 1330
36 1146
10 1302
48 1378
35 1173
16 1371
15 1436
25 1486
43 1086
17 1158
25 1260
33 1434
10 1211
11 1065
25 1326
39 1085
29 1202
30 1498
38 1009
40 1058
30 1227
10 1179
34 1204
41 1019
37 1224
44 1218
16 1464
40 1121
24 1494
47 1171
11 1454
31 1250
14 1052
49 1186
36 1421
39 1434
42 1104
49 1362
49 1456
34 1248
36 1416
44 1369
44 1011
19 1431
45 1022
49 1033
43 1026
41 1099
45 1147
28 1183
46 1024
37 1170
46 1302
22 1087
12 1075
49 1023
17 1163
27 1483
12 1336
49 1486
32 1269
19 1319
45 1112
20 1364
40 1186
13 1134
15 1213
38 1291
19 1479
19 1244
44 1081
24 1097
12 1473
46 1251
27 1192
41 1356
31 1334
37 1219
10 1066
24 1242
19 1232
41 1143
30 1021
22 1005
15 1171
25 1024
28 1282
12 1158
38 1038
16 1015
42 1157
43 1294
25 1027
20 1362
24 1334
22 1179
40 1019
29 1039
42 1203
36 1033
30 1019
43 1416
20 1424
45 1108
27 1322
40 1317
29 1436
46 1117
23 1113
25 1097
34 1143
21 1050
24 1419
24 1389
16 1332
43 1060
48 1473
44 1304
34 1216
24 1084
39 1177
27 1312
37 1327
16 1334
20 1253
27 1215
37 1337
19 1372
24 1062
10 1275
44 1094
28 1048
32 1122
47 1087
31 1183
26 1105
12 1285
39 1473
12 1338
42 1150
44 1387
26 1433
33 1255
28 1093
27 1266
46 1389
24 1190
22 1302
34 1264
24 1337
28 1031
14 1111
48 1458
13 1078
43 1197
21 1276
17 1461
24 1000
43 1282
13 1420
33 1359
21 1255
47 1256
27 1268
19 1031
34 1190
30 1381
39 1074
21 1273
21 1296
13 1445
27 1366
24 1283
13 1328
23 1033
15 1087
44 1202
42 1282
44 1287
31 1231
39 1038
16 1109
17 1410
10 1384
29 1105
47 1245
34 1371
25 1330
39 1172
12 1086
14 1379
22 1038
38 1409
14 1096
47 1307
35 1296
28 1308
34 1049
41 1099
33 1071
35 1089
49 1321
41 1024
34 1079
47 1010
13 1203
31 1103
32 1307
49 1227
17 1485
25 1171
24 1305
12 1016
10 1008
12 1381
46 1203
45 1450
17 1410
27 1027
47 1106
45 1369
16 1372
30 1187
22 1314
16 1114
15 1185
42 1002
29 1299
43 1118
26 1370
49 1132
19 1179
48 1060
30 1122
38 1163
14 1128
17 1175
21 1486
21 1117
41 1378
28 1168
15 1432
12 1032
17 1093
16 1229
35 1484
47 1446
18 1445
25 1040
44 1490
39 1446
14 1178
15 1332
12 1084
12 1247
13 1218
23 1498
24 1026
27 1427
27 1349
13 1053
25 1461
25 1084
19 1465
16 1379
18 1177
37 1137
22 1103
23 1209
37 1337
19 1345
44 1399
21 1493
28 1007
41 1195
30 1293
15 1303
22 1370
33 1065
14 1432
35 1297
35 1245
24 1241
32 1075
41 1271
34 1022
45 1428
41 1027
33 1230
48 1412
38 1183
13 1368
22 1271
32 1104
46 1271
31 1080
15 1204
37 1484
22 1421
21 1439
22 1372
12 1348
14 1413
42 1292
13 1084
28 1453
35 1208
39 1200
16 1382
23 1402
23 1496
28 1253
26 1042
11 1115
13 1174
23 1396
45 1413
16 1035
23 1218
47 1143
13 1120
22 1311
48 1403
25 1324
40 1146
26 1073
44 1111
26 1181
13 1283
28 1357
42 1498
34 1160
41 1429
26 1422
21 1425
49 1016
20 1068
33 1455
49 1491
32 1423
36 1487
33 1043
13 1340
39 1419
29 1392
27 1246
16 1194
38 1077
22 1107
34 1245
13 1291
36 1165
45 1280
46 1286
27 1191
14 1181
46 1087
44 1407
22 1385
39 1019
10 1413
29 1116
48 1120
16 1219
17 1463
45 1126
41 1297
34 1000
31 1058
16 1315
46 1462
42 1174
47 1425
23 1203
44 1485
10 1077
39 1383
44 1386
30 1174
34 1197
46 1437
22 1126
45 1248
15 1341
23 1143
22 1237
17 1186
12 1197
26 1115
36 1302
42 1048
25 1447
46 1087
19 1013
21 1131
11 1007
26 1120
10 1290
28 1429
49 1042
14 1297
38 1376
49 1351
14 1455
38 1419
42 1188
33 1452
28 1436
40 1101
13 1075
36 1100
11 1294
33 1451
46 1339
40 1273
13 1403
44 1489
28 1224
32 1180
10 1229
42 1479
41 1167
19 1148
49 1488
49 1026
27 1301
37 1265
18 1000
23 1487
42 1392
20 1361
20 1221
25 1388
11 1196
35 1181
14 1376
49 1256
24 1396
46 1106
15 1462
42 1022
28 1309
40 1409
10 1078
28 1001
33 1397
10 1124
28 1472
34 1055
42 1113
11 1493
47 1457
20 1405
31 1335
28 1386
37 1447
22 1399
31 1102
15 1306
21 1124
17 1455
15 1194
48 1008
33 1179
25 1229
14 1189
46 1098
32 1339
47 1058
38 1108
41 1227
25 1201
26 1251
38 1146
21 1072
27 1241
22 1272
33 1373
14 1078
35 1288
36 1220
27 1123
42 1096
18 1299
32 1364
32 1359
38 1344
29 1419
45 1121
35 1351
16 1377
16 1495
42 1301
12 1026
13 1355
34 1064
19 1368
43 1100
14 1337
33 1262
26 1025
22 1056
24 1343
30 1196
25 1360
49 1047
17 1263
38 1415
30 1301
15 1135
36 1382
34 1347
24 1155
23 1498
12 1444
14 1203
12 1229
36 1058
15 1235
24 1104
16 1021
43 1313
14 1404
38 1230
25 1440
38 1158
43 1204
33 1157
28 1107
38 1350
10 1245
11 1002
11 1414
43 1185
38 1360
17 1420
14 1237
47 1162
29 1046
32 1373
11 1279
46 1492
10 1266
25 1183
34 1442
13 1313
43 1277
13 1235
24 1334
18 1024
30 1094
20 1471
12 1327
26 1295
43 1379
47 1180
46 1333
36 1397
22 1197
14 1351
44 1196
48 1345
36 1494
12 1331
22 1180
32 1250
29 1180
23 1214
18 1022
11 1156
39 1212
14 1184
20 1175
38 1070
32 1118
28 1212
31 1376
30 1101
37 1268
31 1093
15 1489
32 1143
16 1280
15 1351
14 1251
37 1420
27 1046
11 1043
43 1106
18 1074
23 1353
10 1329
43 1351
39 1417
39 1140
35 1391
10 1437
12 1090
25 1306
41 1139
41 1234
25 1027
20 1022
38 1483
24 1362
20 1112
20 1437
19 1384
20 1179
16 1117
12 1195
29 1345
43 1159
28 1329
48 1091
39 1057
21 1363
29 1089
13 1372
37 1234
29 1415
11 1001
47 1171
41 1262
24 1269
13 1112
44 1118
19 1229
27 1356
43 1290
35 1102
41 1223
49 1099
45 1176
39 1416
35 1218
38 1027
39 1430
44 1484
28 1099
23 1089
28 1258
10 1487
22 1420
27 1478
46 1003
49 1473
31 1084
40 1185
12 1226
28 1355
15 1428
14 1357
47 1478
30 1272
46 1333
24 1360
29 1243
16 1418
45 1393
11 1204
48 1486
31 1329
47 1339
20 1222
22 1198
29 1212
41 1211
19 1012
13 1340
41 1461
44 1286
25 1084
41 1420
41 1351
17 1458
41 1269
17 1244
35 1367
22 1091
35 1292
34 1483
19 1490
40 1143
15 1361
29 1179
32 1423
20 1421
15 1245
33 1200
10 1394
23 1300
17 1252
35 1250
13 1203
45 1318
49 1483
13 1057
42 1067
32 1421
33 1116
49 1430
12 1117
35 1405
27 1204
46 1485
45 1277
24 1084
12 1291
14 1105
18 1285
22 1325
45 1044
13 1250
18 1421
18 1389
17 1107
15 1114
40 1488
40 1346
44 1443
45 1253
12 1065
45 1189
18 1035
31 1416
25 1259
48 1200
13 1369
39 1062
22 1119
28 1011
41 1141
32 1263
49 1267
36 1072
36 1282
17 1457
30 1160
16 1033
26 1356
19 1410
25 1211
40 1005
43 1227
11 1416
25 1478
27 1141
40 1315
16 1148
33 1496
39 1139
31 1465
39 1099
38 1296
43 1011
18 1105
29 1411
43 1495
17 1401
32 1395
49 1211
47 1277
38 1169
35 1456
26 1432
42 1308
11 1186
44 1336
13 1201
25 1331
49 1368
35 1099
16 1332
40 1412
49 1282
10 1405
39 1401
40 1411
33 1367
30 1439
20 1269
33 1217
32 1342
34 1173
12 1279
48 1426
32 1314
15 1221
39 1310
19 1433
17 1337
28 1470
13 1484
44 1410
34 1267
35 1402
22 1355
17 1439
18 1171
23 1208
36 1226
43 1169
20 1424
14 1477
38 1036
36 1429
20 1364
19 1288
27 1366
41 1160
25 1085
36 1123
20 1064
18 1040
18 1075
37 1016
19 1220
46 1110
46 1229
30 1070
10 1243
31 1338
13 1286
26 1129
27 1326
10 1343
18 1298
49 1453
32 1206
36 1292
13 1241
22 1252
32 1114
16 1375
19 1144
17 1061
40 1457
42 1343
22 1125
20 1052
38 1467
19 1117
25 1009
12 1138
34 1055
45 1310
40 1002
18 1295
42 1400
21 1158
34 1250
15 1245
22 1079
39 1065
30 1375
33 1189
40 1189
13 1469
22 1202
20 1472
38 1189
17 1185
21 1392
32 1268
40 1335
33 1436
44 1407
21 1106
11 1022
42 1317
42 1173
48 1166
49 1036
20 1192
13 1327
25 1468
34 1062
25 1230
18 1371
23 1265
38 1108
26 1364
44 1006
29 1273
31 1480
10 1190
38 1138
36 1478
42 1404
28 1104
42 1198
42 1477
26 1121
12 1324
39 1232
24 1151
30 1363
33 1360
25 1054
44 1374
32 1453
30 1065
30 1071
14 1132
40 1173
29 1028
36 1418
39 1007
38 1430
15 1491
31 1120
16 1160
46 1087
21 1191
25 1025
10 1491
48 1436
24 1483
26 1158
13 1399
30 1242
37 1291
12 1050
37 1281
45 1344
36 1206
38 1162
44 1239
45 1393
18 1086
29 1040
10 1454
13 1016
23 1364
42 1315
45 1280
28 1026
25 1189
45 1037
47 1244
37 1162
42 1217
36 1279
32 1190
28 1190
46 1467
10 1032
11 1209
41 1372
22 1136
10 1143
29 1088
38 1026
10 1404
38 1046
36 1399
36 1110
10 1100
42 1047
16 1449
46 1007
13 1419
18 1130
23 1392
39 1050
21 1477
49 1311
38 1341
17 1356
24 1444
28 1355
38 1392
30 1018
20 1266
22 1027
40 1170
35 1023
12 1082
45 1032
12 1370
33 1298
13 1190
45 1284
18 1495
31 1233
41 1077
29 1434
28 1148
41 1453
15 1268
15 1191
21 1259
45 1229
33 1026
26 1294
37 1009
19 1082
44 1296
27 1004
40 1076
10 1414
34 1385
10 1280
37 1468
47 1094
38 1420
37 1297
15 1085
49 1389
33 1011
31 1061
15 1119
15 1081
42 1472
47 1169
31 1033
27 1405
34 1124
39 1040
44 1055
28 1456
38 1325
34 1210
46 1289
21 1371
42 1197
38 1498
42 1036
46 1173
11 1131
46 1278
21 1219
37 1090
35 1107
28 1233
31 1177
10 1371
35 1465
19 1237
23 1382
43 1246
33 1032
43 1483
45 1247
45 1138
17 1054
13 1408
40 1404
22 1170
36 1004
43 1122
32 1464
16 1460
37 1184
26 1477
32 1199
30 1406
10 1364
46 1171
41 1173
23 1414
16 1231
14 1172
25 1343
38 1360
14 1185
13 1312
41 1397
16 1051
46 1420
33 1139
35 1234
36 1484
34 1142
15 1210
23 1300
47 1458
33 1355
19 1402
46 1018
32 1077
40 1256
37 1353
42 1071
33 1309
25 1047
25 1095
37 1365
47 1447
24 1471
44 1356
21 1033
44 1103
46 1180
39 1053
34 1124
17 1448
42 1226
45 1238
35 1363
38 1007
14 1417
23 1398
35 1250
36 1423
31 1439
46 1289
49 1095
44 1409
25 1263
29 1368
40 1194
27 1045
30 1346
20 1444
18 1278
43 1229
15 1100
48 1231
24 1097
25 1329
46 1252
23 1362
48 1474
19 1256
38 1267
20 1384
13 1213
19 1094
45 1015
19 1378
16 1408
25 1256
37 1485
31 1279
47 1017
20 1160
30 1359
48 1232
19 1061
44 1058
33 1402
24 1308
25 1073
13 1071
16 1246
47 1378
26 1410
20 1049
11 1427
38 1183
36 1104
11 1265
30 1443
15 1196
29 1038
37 1112
16 1027
13 1001
48 1074
45 1016
43 1066
11 1022
40 1426
13 1074
28 1219
11 1133
39 1240
22 1485
42 1288
25 1207
23 1491
44 1478
39 1045
27 1030
45 1317
16 1157
18 1331
21 1416
10 1310
31 1037
23 1417
48 1395
27 1179
44 1365
24 1221
44 1410
35 1281
29 1338
37 1179
11 1016
28 1269
32 1432
16 1247
11 1037
21 1356
40 1014
34 1394
33 1017
20 1179
39 1178
20 1114
24 1238
10 1248
37 1437
49 1181
47 1476
16 1243
39 1038
28 1445
10 1185
20 1462
22 1023
30 1362
13 1136
41 1498
36 1475
27 1213
25 1161
18 1222
34 1247
29 1450
40 1396
21 1043
20 1369
12 1330
30 1203
35 1258
42 1243
35 1199
47 1054
20 1319
45 1220
20 1072
11 1060
47 1412
22 1171
42 1311
37 1361
27 1090
15 1039
36 1069
15 1237
48 1069
39 1375
30 1197
25 1389
38 1403
10 1261
29 1233
35 1048
40 1499
14 1381
41 1093
12 1155
33 1397
15 1192
35 1226
40 1388
17 1061
19 1424
10 1376
15 1295
48 1116
43 1167
27 1055
48 1252
42 1488
23 1000
18 1421
10 1424
15 1250
10 1347
33 1497
17 1258
36 1144
30 1242
30 1220
38 1448
31 1476
45 1166
29 1013
41 1022
28 1379
18 1350
41 1288
34 1005
15 1343
22 1269
38 1276
11 1176
41 1029
11 1207
44 1379
22 1256
16 1025
38 1218
21 1151
21 1194
25 1010
40 1182
43 1041
49 1358
36 1404
29 1435
22 1167
33 1495
38 1059
34 1452
10 1236
24 1144
29 1005
22 1127
46 1162
48 1425
32 1311
42 1488
36 1475
42 1124
21 1378
38 1125
26 1389
38 1269
48 1120
10 1024
49 1327
44 1348
11 1294
47 1080
34 1336
40 1100
21 1227
12 1216
46 1108
16 1009
39 1145
33 1125
37 1161
36 1055
30 1282
21 1409
35 1275
14 1182
11 1314
39 1482
13 1179
28 1223
41 1495
12 1309
22 1280
45 1397
13 1016
27 1287
30 1187
25 1359
11 1384
17 1309
43 1099
49 1099
18 1217
40 1111
44 1196
17 1490
25 1379
36 1134
47 1368
26 1419
36 1358
40 1326
20 1206
19 1479
42 1079
25 1453
34 1499
47 1141
42 1378
28 1491
39 1367
34 1432
44 1372
19 1184
23 1029
46 1117
34 1495
33 1342
15 1289
18 1486
15 1236
13 1024
21 1424
11 1178
40 1067
22 1340
39 1028
20 1375
13 1171
23 1012
48 1293
33 1443
41 1414
15 1264
20 1280
11 1199
17 1355
21 1401
23 1479
25 1297
26 1437
38 1307
21 1234
37 1304
34 1216
25 1317
14 1439
23 1096
43 1359
17 1476
17 1225
17 1225
40 1100
20 1238
36 1379
16 1052
22 1100
24 1449
10 1035
47 1052
43 1160
23 1051
44 1133
38 1333
19 1198
20 1380
38 1119
39 1245
39 1238
45 1209
13 1324
46 1405
40 1252
40 1449
36 1163
43 1452
28 1485
21 1282
44 1106
47 1257
25 1357
26 1319
48 1019
11 1199
24 1114
35 1384
41 1231
11 1441
28 1111
15 1426
16 1216
19 1245
42 1414
30 1159
16 1255
26 1082
33 1467
25 1451
28 1055
34 1306
27 1356
25 1401
24 1077
20 1469
37 1167
29 1335
44 1336
22 1129
29 1366
30 1213
11 1133
47 1464
40 1146
34 1497
41 1004
23 1444
15 1471
23 1370
30 1281
46 1121
16 1365
25 1116
45 1228
37 1380
30 1294
40 1455
36 1233
16 1100
42 1233
42 1345
23 1368
26 1456
42 1480
37 1463
34 1007
37 1404
37 1014
48 1194
14 1058
16 1346
16 1253
13 1384
31 1067
38 1237
15 1327
22 1348
22 1181
11 1272
38 1356
26 1332
23 1437
38 1404
21 1438
40 1236
21 1064
36 1151
31 1178
45 1431
29 1497
48 1026
47 1325
42 1150
38 1000
46 1271
48 1330
42 1025
12 1180
18 1475
34 1420
10 1354
47 1444
13 1352
33 1052
17 1326
12 1062
14 1263
13 1316
19 1404
47 1332
12 1141
41 1014
36 1499
37 1468
42 1441
44 1077
34 1247
15 1485
34 1208
37 1201
19 1417
48 1305
14 1229
15 1442
45 1361
21 1206
45 1341
30 1341
14 1445
16 1368
12 1053
26 1347
22 1419
10 1384
40 1163
32 1210
27 1308
40 1439
12 1243
18 1242
44 1014
45 1106
28 1316
10 1465
38 1226
30 1026
27 1339
26 1233
30 1135
41 1092
18 1453
43 1209
22 1326
22 1169
40 1043
25 1185
15 1361
15 1077
34 1359
45 1259
35 1186
17 1052
28 1113
29 1089
18 1252
11 1020
21 1089
38 1375
24 1196
18 1305
23 1302
34 1375
32 1107
19 1203
47 1238
26 1257
46 1106
44 1203
13 1119
20 1387
21 1271
25 1043
13 1430
12 1272
23 1244
27 1365
27 1353
19 1406
14 1124
24 1051
28 1447
37 1392
30 1408
44 1306
39 1219
47 1179
13 1068
35 1171
39 1005
25 1138
43 1073
47 1284
31 1284
23 1118
43 1044
41 1154
37 1388
10 1074
35 1175
33 1424
16 1002
36 1475
26 1025
44 1417
30 1440
23 1178
28 1234
46 1360
17 1211
36 1007
42 1025
13 1040
47 1403
32 1041
37 1225
24 1048
39 1352
49 1414
42 1307
48 1310
19 1369
47 1218
10 1464
30 1005
34 1020
30 1185
46 1276
28 1014
49 1254
32 1120
14 1215
36 1076
17 1437
16 1099
16 1352
42 1076
44 1453
18 1129
22 1203
44 1162
47 1322
27 1315
35 1483
31 1317
26 1073
42 1242
25 1404
26 1127
33 1467
37 1433
49 1171
37 1345
14 1150
38 1411
34 1216
12 1440
33 1450
31 1186
20 1411
44 1015
45 1329
21 1455
42 1408
40 1416
20 1451
10 1395
26 1045
35 1121
16 1411
22 1341
21 1049
43 1279
18 1299
43 1140
18 1039
38 1205
46 1066
26 1151
29 1215
13 1484
27 1056
21 1212
23 1472
47 1214
32 1453
26 1291
46 1460
35 1420
24 1347
46 1328
27 1204
21 1267
18 1239
39 1114
14 1242
32 1397
36 1434
20 1061
14 1424
37 1361
19 1135
33 1031
28 1123
29 1424
10 1332
27 1353
36 1166
14 1271
12 1449
49 1491
14 1420
12 1205
13 1268
43 1091
34 1392
26 1311
42 1245
14 1355
41 1408
12 1253
23 1332
32 1438
21 1238
38 1320
34 1264
11 1042
29 1378
44 1041
20 1322
29 1300
11 1492
46 1379
36 1172
10 1376
24 1464
49 1297
40 1044
39 1018
48 1488
20 1444
28 1161
22 1342
43 1475
38 1399
11 1143
48 1168
31 1158
31 1281
18 1343
49 1073
21 1011
22 1167
12 1259
17 1460
28 1474
20 1070
33 1147
37 1423
13 1128
20 1354
43 1021
49 1463
49 1423
31 1489
41 1205
20 1045
44 1312
11 1073
24 1461
24 1368
16 1414
19 1419
24 1372
18 1407
41 1335
39 1437
21 1191
34 1335
23 1144
31 1154
34 1240
14 1025
43 1470
28 1066
45 1157
20 1367
43 1048
17 1145
33 1108
24 1329
28 1041
36 1251
47 1326
16 1469
48 1204
33 1256
12 1364
46 1185
10 1287
10 1029
20 1384
29 1053
24 1466
23 1433
32 1245
30 1101
46 1116
22 1131
48 1100
13 1087
12 1425
29 1183
36 1120
28 1088
43 1211
33 1345