5500 4500
17 1188
13 1447
31 1096
26 1258
12 1034
12 1282
26 1090
42 1014
26 1329
49 1354
11 1371
17 1030
42 1371
48 1135
49 1060
46 1406
10 1367
49 1456
11 1466
37 1436
28 1076
14 1206
15 1289
40 1401
33 1242
43 1470
30 1187
21 1180
29 1000
25 1495
22 1481
29 1491
12 1375
19 1002
34 1095
45 1433
34 1319
32 1348
24 1498
47 1485
43 1221
26 1160
13 1196
16 1284
11 1090
41 1249
16 1461
28 1017
42 1079
47 1401
38 1494
23 1439
47 1493
32 1279
21 1111
11 1034
27 1225
26 1091
26 1271
38 1406
21 1039
49 1497
18 1397
10 1106
24 1374
46 1022
13 1471
29 1232
46 1461
18 1016
43 1472
34 1109
38 1099
30 1178
13 1337
11 1285
16 1485
42 1288
33 1053
42 1160
38 1428
36 1435
27 1441
29 1000
26 1288
14 1131
36 1468
27 1442
13 1246
45 1138
32 1420
34 1300
25 1368
38 1302
33 1146
33 1342
40 1395
30 1036
41 1204
30 1052
25 1170
17 1329
42 1167
20 1445
49 1058
34 1129
35 1367
22 1045
20 1139
46 1130
12 1053
11 1133
34 1237
21 1285
39 1222
29 1472
31 1161
33 1203
41 1128
16 1396
31 1334
30 1191
38 1154
43 1189
30 1295
48 1146
18 1426
39 1010
38 1447
32 1022
32 1170
12 1124
30 1126
40 1462
20 1332
43 1357
31 1156
49 1087
28 1379
23 1025
48 1222
37 1484
19 1273
28 1105
37 1419
33 1255
37 1312
35 1398
13 1115
13 1018
22 1204
22 1355
27 1097
22 1495
48 1487
18 1444
38 1024
15 1032
29 1161
16 1455
19 1222
29 1100
19 1307
16 1349
13 1050
11 1164
17 1032
43 1077
29 1084
26 1374
31 1416
38 1440
28 1216
41 1317
41 1451
25 1485
41 1115
40 1437
22 1405
20 1482
22 1164
47 1442
31 1434
34 1177
35 1026
10 1345
30 1482
43 1129
24 1185
21 1121
29 1153
30 1138
43 1226
27 1071
10 1294
40 1182
20 1000
14 1049
32 1454
17 1059
13 1341
41 1200
41 1156
47 1032
10 1076
43 1424
29 1417
35 1426
48 1472
37 1432
36 1053
28 1341
24 1276
27 1211
25 1199
29 1117
14 1424
28 1083
46 1098
40 1343
10 1129
23 1166
17 1391
42 1181
20 1191
41 1186
34 1018
32 1219
42 1148
39 1078
21 1346
24 1406
38 1089
41 1278
49 1195
42 1351
29 1064
47 1177
42 1082
17 1030
36 1265
35 1330
22 1367
21 1379
36 1096
45 1120
42 1122
18 1253
33 1407
10 1033
30 1209
46 1121
17 1126
42 1416
30 1271
39 1256
33 1190
38 1028
24 1048
32 1155
31 1150
42 1209
44 1183
15 1331
24 1146
40 1122
25 1407
11 1369
28 1229
12 1409
10 1475
49 1075
13 1113
18 1460
44 1034
23 1389
29 1110
42 1330
31 1318
24 1254
19 1362
36 1294
20 1463
49 1492
17 1133
31 1165
38 1009
43 1159
27 1009
41 1387
32 1337
36 1251
15 1211
43 1056
30 1465
20 1109
35 1075
23 1007
27 1459
23 1438
28 1413
10 1135
21 1171
47 1235
40 1038
24 1320
17 1080
21 1482
39 1081
40 1256
11 1342
25 1021
30 1001
19 1170
12 1277
46 1427
26 1278
19 1133
32 1357
27 1032
11 1169
42 1129
37 1432
47 1342
17 1440
42 1400
27 1491
18 1299
47 1082
43 1149
18 1038
11 1269
48 1482
16 1038
44 1042
30 1383
43 1464
34 1484
46 1282
25 1093
24 1228
13 1335
13 1347
14 1135
41 1006
33 1269
43 1216
12 1083
44 1306
13 1217
28 1051
28 1277
23 1420
40 1079
37 1095
23 1065
43 1177
15 1109
38 1067
10 1078
43 1351
11 1054
38 1332
27 1381
29 1397
32 1266
13 1047
47 1492
14 1245
19 1477
20 1264
27 1372
38 1031
44 1406
26 1451
24 1311
20 1028
35 1273
11 1170
44 1200
32 1498
23 1019
24 1317
25 1450
28 1156
43 1363
22 1237
23 1377
48 1269
25 1004
35 1251
49 1390
17 1220
27 1406
34 1057
35 1156
27 1389
28 1072
27 1495
13 1180
23 1035
39 1220
22 1387
18 1147
17 1223
41 1021
33 1063
44 1496
43 1165
46 1068
39 1121
41 1382
31 1079
26 1068
43 1451
36 1365
11 1005
31 1049
42 1068
17 1393
26 1102
16 1037
43 1102
47 1176
15 1016
38 1274
27 1222
29 1498
32 1130
15 1379
18 1412
29 1461
10 1289
19 1347
31 1358
25 1239
35 1073
19 1175
29 1468
40 1258
18 1200
44 1038
28 1477
18 1091
13 1485
29 1039
42 1456
17 1103
42 1282
38 1084
12 1399
12 1193
30 1077
40 1005
42 1156
29 1493
34 1287
15 1485
17 1303
26 1364
22 1450
32 1025
31 1221
30 1335
18 1152
41 1345
37 1356
10 1459
35 1295
12 1248
42 1383
10 1059
25 1377
12 1006
42 1022
41 1321
27 1400
42 1192
44 1396
29 1468
16 1107
27 1017
41 1197
48 1467
17 1471
12 1306
12 1233
26 1056
38 1157
43 1143
15 1196
35 1110
24 1010
36 1031
38 1321
13 1341
15 1485
34 1327
36 1055
10 1470
22 1324
47 1179
26 1414
10 1030
15 1359
13 1406
49 1364
10 1392
47 1059
12 1187
15 1154
21 1038
13 1070
12 1249
11 1229
35 1084
41 1362
10 1095
13 1361
36 1474
24 1192
33 1372
36 1287
29 1335
26 1270
34 1281
44 1089
25 1392
26 1358
22 1358
17 1204
33 1204
19 1062
26 1027
45 1420
14 1007
41 1237
27 1347
44 1055
31 1388
40 1400
21 1414
20 1438
26 1175
45 1337
48 1304
10 1171
29 1014
29 1334
38 1446
45 1410
10 1157
22 1384
40 1210
47 1214
43 1249
16 1499
45 1318
43 1198
43 1151
16 1188
24 1168
48 1314
32 1430
25 1013
33 1077
15 1285
15 1446
48 1085
47 1203
28 1068
14 1323
49 1329
18 1219
13 1011
41 1486
49 1368
34 1447
28 1469
31 1193
42 1218
11 1348
33 1013
15 1321
33 1111
14 1199
11 1288
30 1400
23 1057
41 1038
24 1308
49 1260
20 1382
37 1306
17 1452
37 1094
43 1028
27 1019
39 1325
35 1014
23 1026
38 1342
15 1466
15 1046
24 1373
16 1231
16 1218
33 1410
20 1378
23 1197
37 1390
31 1434
35 1311
40 1140
37 1454
33 1418
22 1135
36 1139
30 1077
26 1436
24 1380
30 1422
22 1365
15 1118
26 1231
19 1038
40 1216
44 1261
28 1168
28 1393
20 1105
10 1219
43 1373
49 1092
39 1071
21 1430
39 1120
19 1050
37 1062
17 1201
18 1314
27 1398
24 1336
48 1330
33 1304
47 1253
27 1244
42 1476
27 1155
40 1193
35 1164
31 1474
20 1136
39 1430
23 1218
12 1393
12 1070
14 1149
45 1295
34 1398
33 1460
28 1194
14 1170
31 1000
39 1046
24 1068
18 1428
11 1309
10 1341
22 1037
39 1223
21 1109
19 1206
26 1258
23 1264
43 1081
45 1144
31 1311
26 1173
39 1044
42 1340
30 1162
12 1059
41 1444
49 1246
13 1096
45 1312
26 1380
44 1085
39 1032
45 1208
31 1357
28 1156
49 1022
47 1486
37 1035
46 1206
11 1040
20 1423
25 1093
15 1121
10 1148
37 1115
10 1238
39 1416
37 1499
16 1286
34 1399
47 1378
37 1492
40 1378
48 1405
28 1261
13 1170
26 1303
20 1277
28 1124
45 1083
46 1174
47 1073
39 1157
32 1395
33 1397
21 1389
38 1418
10 1494
15 1135
21 1072
39 1100
22 1335
36 1420
31 1170
38 1042
26 1450
33 1158
38 1449
15 1222
44 1130
40 1452
47 1160
28 1209
22 1492
43 1054
19 1310
36 1182
18 1251
44 1073
36 1177
25 1214
15 1225
42 1108
19 1336
17 1437
22 1036
12 1007
39 1095
47 1449
38 1250
34 1345
30 1149
20 1158
44 1092
39 1154
48 1129
32 1282
15 1011
48 1371
43 1263
16 1492
43 1406
12 1211
19 1455
39 1044
35 1462
17 1400
10 1104
16 1472
15 1056
43 1082
29 1426
45 1233
40 1188
14 1011
21 1024
19 1401
34 1491
20 1291
43 1462
15 1284
26 1469
33 1386
23 1307
26 1435
28 1187
43 1227
24 1218
10 1048
28 1146
39 1251
18 1163
10 1343
30 1323
10 1389
38 1130
41 1042
25 1042
10 1183
27 1145
24 1316
36 1475
48 1296
37 1305
13 1001
17 1402
42 1209
39 1127
49 1481
43 1004
19 1349
30 1423
15 1397
28 1333
27 1066
14 1331
15 1333
22 1105
27 1458
47 1099
17 1272
34 1150
27 1090
20 1105
17 1250
38 1236
35 1241
39 1116
41 1303
11 1387
42 1496
49 1045
43 1279
29 1032
29 1459
21 1161
31 1074
13 1061
42 1130
38 1229
12 1124
47 1200
40 1248
16 1232
13 1150
40 1274
35 1131
22 1280
36 1344
37 1351
29 1134
33 1070
36 1343
47 1442
45 1225
20 1328
43 1000
17 1448
24 1208
49 1074
34 1081
29 1367
41 1144
41 1380
19 1019
26 1283
20 1059
42 1164
13 1429
48 1272
20 1119
23 1330
35 1396
34 1075
14 1125
11 1466
22 1218
43 1110
20 1375
17 1205
17 1210
21 1298
14 1417
19 1309
46 1184
33 1398
30 1468
19 1240
39 1171
18 1362
21 1032
30 1288
32 1280
30 1012
34 1280
29 1332
43 1429
49 1189
20 1008
19 1309
43 1282
29 1234
31 1479
34 1006
35 1131
20 1420
20 1308
16 1300
12 1189
15 1226
37 1047
33 1442
45 1259
37 1414
47 1437
28 1388
20 1248
25 1465
36 1275
15 1373
42 1265
10 1329
42 1072
34 1306
35 1449
20 1114
40 1253
26 1292
18 1105
38 1480
16 1094
19 1245
21 1120
42 1380
12 1401
12 1161
23 1216
44 1385
16 1392
34 1476
26 1494
26 1027
27 1306
25 1013
17 1191
43 1473
30 1379
48 1274
37 1025
41 1250
38 1248
12 1346
11 1447
20 1490
28 1095
36 1248
45 1186
17 1307
47 1220
48 1111
10 1477
49 1273
44 1301
20 1392
23 1467
22 1396
37 1460
45 1342
25 1425
24 1153
49 1073
15 1351
40 1383
32 1056
40 1458
21 1034
41 1168
40 1320
28 1105
22 1063
45 1463
35 1417
29 1401
16 1302
27 1247
46 1184
45 1086
39 1413
18 1295
21 1237
29 1467
14 1182
39 1347
24 1155
46 1092
48 1154
27 1259
40 1071
46 1426
34 1305
47 1234
12 1110
23 1164
15 1270
14 1107
29 1045
21 1063
26 1256
41 1441
43 1004
44 1350
40 1455
32 1371
27 1211
12 1133
13 1391
33 1042
17 1108
43 1090
21 1270
29 1265
36 1301
36 1423
19 1489
18 1073
18 1384
10 1291
11 1448
34 1067
10 1303
10 1402
11 1266
34 1227
44 1410
22 1486
45 1057
48 1099
30 1267
20 1046
10 1164
47 1244
21 1097
30 1071
49 1048
48 1336
33 1299
31 1066
18 1432
32 1398
10 1007
47 1080
32 1384
10 1239
35 1043
39 1306
23 1481
49 1229
10 1094
38 1217
46 1359
10 1170
32 1390
36 1229
46 1414
40 1372
24 1102
12 1314
19 1244
21 1186
34 1193
45 1327
41 1159
12 1276
11 1398
19 1439
47 1368
43 1268
31 1111
15 1073
46 1480
10 1396
25 1436
47 1408
16 1035
25 1266
23 1491
36 1119
43 1334
46 1164
19 1201
28 1108
24 1262
28 1227
17 1428
19 1205
31 1351
21 1338
33 1455
46 1028
40 1346
35 1259
40 1373
24 1286
36 1198
46 1091
26 1056
37 1269
14 1276
24 1019
25 1041
12 1466
47 1167
44 1455
48 1108
21 1422
45 1316
19 1415
37 1278
43 1208
48 1170
35 1190
26 1306
19 1260
43 1196
41 1384
10 1144
42 1211
32 1177
39 1066
40 1427
18 1033
48 1188
35 1015
30 1257
36 1233
10 1036
25 1242
43 1262
47 1185
34 1192
21 1340
35 1033
38 1329
40 1419
14 1298
43 1152
13 1001
34 1410
23 1443
29 1440
13 1434
16 1222
20 1225
10 1173
22 1482
45 1224
25 1297
36 1074
29 1160
33 1050
27 1059
29 1423
31 1181
12 1090
33 1370
20 1288
43 1240
33 1174
20 1088
35 1017
17 1018
13 1440
49 1039
49 1123
38 1025
48 1398
21 1039
33 1381
17 1352
26 1222
37 1040
44 1367
45 1211
39 1039
22 1475
42 1457
26 1294
48 1422
29 1099
35 1053
24 1416
26 1263
45 1113
33 1460
30 1384
33 1487
37 1291
21 1239
21 1216
12 1351
23 1472
39 1301
38 1445
48 1170
23 1454
17 1139
11 1482
19 1025
17 1345
37 1347
11 1284
27 1355
28 1406
33 1369
35 1166
17 1088
25 1409
24 1085
14 1126
10 1416
18 1107
42 1300
35 1122
48 1024
41 1281
13 1364
17 1493
46 1207
12 1123
17 1079
26 1154
21 1158
13 1265
10 1291
11 1278
38 1468
38 1374
12 1063
49 1073
24 1315
33 1124
30 1158
30 1405
27 1474
22 1213
24 1111
29 1407
33 1206
26 1379
34 1230
30 1253
40 1248
41 1369
22 1233
26 1368
19 1260
16 1125
20 1154
21 1394
48 1112
48 1107
26 1006
46 1042
43 1472
10 1048
47 1133
38 1307
18 1352
14 1012
32 1200
42 1443
23 1224
26 1028
16 1075
29 1415
21 1033
25 1251
20 1004
31 1460
26 1047
15 1107
21 1436
24 1131
23 1099
44 1153
18 1191
13 1394
32 1274
27 1216
11 1085
37 1205
26 1326
35 1347
41 1140
45 1025
11 1083
42 1314
16 1258
14 1122
26 1364
38 1344
30 1221
11 1387
43 1494
38 1369
43 1339
23 1429
13 1345
29 1370
42 1396
13 1074
46 1168
28 1488
24 1415
21 1074
19 1135
11 1422
39 1066
15 1261
13 1179
47 1205
33 1222
17 1318
19 1096
19 1116
34 1483
12 1157
34 1174
17 1154
17 1279
47 1467
30 1219
42 1288
44 1149
13 1136
39 1154
13 1389
31 1203
16 1419
14 1118
20 1249
14 1250
33 1352
28 1065
31 1129
20 1484
20 1109
47 1351
13 1387
42 1332
32 1206
19 1414
41 1201
35 1153
49 1430
25 1284
16 1455
30 1153
45 1234
21 1116
44 1310
43 1084
37 1339
44 1456
22 1367
32 1246
33 1099
14 1414
15 1020
20 1144
17 1051
32 1111
42 1195
26 1408
49 1124
19 1453
43 1288
17 1352
26 1365
10 1255
38 1460
39 1085
31 1474
35 1443
27 1442
17 1327
37 1198
10 1454
28 1122
36 1433
29 1390
25 1460
38 1122
42 1001
44 1359
23 1014
28 1163
28 1380
35 1198
28 1481
34 1463
16 1112
24 1368
32 1314
28 1315
45 1322
49 1485
15 1337
35 1152
26 1049
46 1383
44 1433
10 1344
36 1027
25 1250
30 1069
45 1290
15 1093
23 1035
23 1313
32 1420
41 1422
41 1114
20 1376
46 1248
41 1136
41 1233
30 1482
27 1146
35 1285
20 1278
15 1380
17 1041
38 1070
42 1280
14 1310
14 1121
24 1033
31 1342
11 1310
28 1288
17 1161
18 1312
16 1444
20 1250
27 1397
13 1450
46 1485
12 1021
38 1485
35 1199
39 1306
46 1475
28 1464
24 1466
31 1349
34 1373
22 1331
34 1487
13 1371
18 1282
38 1263
43 1337
29 1456
49 1009
36 1105
24 1063
12 1436
19 1138
31 1267
17 1346
15 1434
49 1416
26 1159
43 1169
30 1097
30 1307
20 1439
29 1189
13 1318
41 1095
10 1225
20 1092
45 1351
12 1250
45 1148
27 1491
19 1173
18 1475
34 1398
45 1247
46 1492
31 1419
41 1255
14 1141
41 1311
42 1455
29 1097
46 1499
39 1238
42 1046
23 1004
35 1333
29 1460
17 1220
14 1304
33 1268
10 1211
38 1420
17 1041
36 1399
40 1000
25 1279
18 1439
11 1420
12 1266
46 1449
39 1447
15 1311
16 1028
36 1232
28 1161
42 1158
21 1133
40 1375
41 1033
35 1433
24 1163
22 1185
38 1406
28 1201
28 1104
15 1147
19 1323
44 1479
45 1349
19 1065
40 1009
18 1207
27 1215
23 1424
14 1463
19 1024
10 1336
41 1276
21 1402
34 1287
27 1078
35 1140
26 1177
44 1084
16 1437
19 1493
12 1255
41 1000
38 1091
36 1135
48 1242
36 1398
48 1030
29 1347
19 1047
36 1090
36 1471
17 1265
20 1419
42 1058
14 1041
12 1173
47 1483
30 1276
31 1009
10 1452
25 1062
16 1475
20 1408
32 1007
17 1063
13 1220
37 1139
33 1300
25 1008
34 1054
35 1014
25 1471
46 1062
38 1361
41 1228
19 1207
38 1039
20 1250
29 1398
21 1000
28 1012
17 1495
29 1284
34 1403
27 1432
33 1108
29 1173
29 1419
32 1405
30 1134
23 1498
19 1189
19 1248
37 1191
34 1056
20 1122
19 1312
40 1242
22 1474
18 1005
39 1160
15 1371
39 1206
35 1414
27 1212
43 1033
36 1195
37 1245
17 1497
28 1191
37 1422
15 1170
20 1080
12 1300
20 1175
39 1452
44 1497
20 1084
40 1486
45 1335
25 1401
33 1143
11 1310
29 1277
28 1301
26 1151
21 1040
23 1086
42 1492
49 1460
39 1363
43 1372
37 1287
24 1157
13 1264
34 1153
46 1437
20 1415
49 1197
29 1070
38 1170
46 1045
33 1281
35 1199
27 1387
29 1476
33 1284
12 1475
11 1410
30 1291
33 1417
21 1216
22 1471
18 1097
24 1335
37 1315
36 1444
31 1106
39 1427
10 1286
18 1091
38 1005
13 1286
24 1425
28 1233
29 1324
32 1222
13 1034
20 1062
12 1170
20 1186
44 1015
22 1386
16 1005
48 1050
18 1399
24 1332
39 1191
27 1037
14 1291
42 1289
32 1098
43 1491
46 1295
43 1308
14 1498
37 1138
28 1050
34 1335
29 1188
35 1028
18 1150
11 1456
32 1099
25 1303
47 1466
12 1308
14 1244
19 1364
12 1214
43 1203
36 1481
25 1377
14 1025
25 1164
40 1135
17 1465
11 1011
14 1125
43 1311
49 1056
23 1459
41 1053
36 1259
48 1007
30 1327
30 1414
12 1153
47 1345
38 1245
16 1469
40 1495
36 1313
17 1331
12 1405
29 1182
19 1006
30 1123
31 1369
13 1187
19 1156
27 1022
38 1231
49 1454
33 1466
41 1102
41 1101
20 1428
14 1491
47 1254
32 1049
37 1037
16 1300
18 1221
18 1142
18 1184
22 1098
48 1116
33 1021
12 1143
20 1035
29 1011
38 1300
20 1161
21 1246
36 1440
24 1173
40 1017
44 1247
12 1050
28 1401
39 1045
26 1367
43 1442
12 1452
16 1141
14 1151
14 1006
11 1409
47 1011
25 1379
17 1476
10 1098
13 1390
33 1464
26 1467
35 1205
38 1454
16 1051
19 1358
28 1322
22 1126
45 1434
14 1425
36 1248
17 1440
41 1490
25 1233
20 1047
48 1081
11 1230
22 1444
41 1188
34 1446
38 1260
42 1162
31 1043
45 1286
49 1063
35 1368
17 1185
34 1305
43 1068
33 1026
12 1479
27 1494
18 1207
39 1164
29 1080
22 1403
46 1122
18 1453
10 1076
18 1309
43 1054
15 1333
16 1358
23 1383
22 1248
46 1349
11 1164
23 1417
36 1113
32 1276
42 1198
16 1261
37 1221
15 1057
21 1456
16 1219
38 1255
32 1230
40 1137
35 1016
17 1041
14 1161
20 1393
18 1165
25 1382
11 1123
11 1079
43 1069
39 1406
47 1473
27 1067
28 1252
26 1101
29 1192
29 1170
43 1444
48 1456
34 1190
47 1327
46 1298
31 1345
26 1304
43 1067
49 1137
37 1135
33 1446
23 1472
33 1023
30 1110
18 1177
27 1156
14 1238
47 1396
43 1257
47 1248
29 1086
25 1447
20 1163
20 1087
38 1278
10 1282
36 1426
47 1231
46 1349
17 1285
19 1454
46 1417
18 1046
39 1220
29 1219
28 1122
34 1485
39 1196
40 1429
38 1176
37 1449
17 1426
38 1082
18 1240
21 1355
31 1120
17 1184
38 1289
32 1057
12 1462
11 1404
26 1272
13 1175
25 1088
17 1031
48 1065
15 1305
47 1246
35 1028
35 1128
26 1118
22 1473
35 1286
10 1205
25 1028
22 1205
20 1348
12 1017
38 1213
25 1050
24 1275
27 1230
38 1445
31 1433
30 1288
30 1009
43 1242
32 1084
45 1064
35 1309
32 1295
21 1295
35 1394
40 1013
12 1320
45 1020
34 1031
19 1055
36 1048
12 1404
26 1090
26 1177
43 1437
35 1005
23 1165
43 1187
24 1394
43 1469
18 1481
39 1018
30 1296
16 1469
34 1114
40 1209
45 1228
37 1249
30 1019
39 1087
18 1279
12 1102
40 1207
30 1171
15 1441
26 1458
12 1014
19 1265
25 1102
41 1058
31 1098
14 1440
15 1231
33 1216
48 1366
37 1114
35 1193
33 1304
20 1296
14 1012
35 1163
30 1254
43 1002
19 1392
34 1390
21 1010
29 1148
17 1200
15 1238
40 1073
39 1402
30 1223
48 1333
33 1000
32 1150
37 1244
11 1117
13 1365
42 1130
45 1063
41 1486
28 1389
40 1406
13 1304
16 1409
49 1371
28 1315
29 1045
12 1491
33 1149
30 1039
10 1023
16 1328
17 1123
31 1208
48 1375
36 1004
30 1094
20 1341
49 1005
38 1019
45 1147
40 1481
25 1153
26 1413
25 1367
10 1168
42 1081
25 1202
17 1261
44 1069
44 1058
31 1471
27 1128
39 1427
43 1181
11 1396
14 1032
20 1021
35 1100
33 1248
22 1238
16 1334
44 1264
37 1371
25 1458
33 1068
46 1199
22 1202
26 1255
46 1102
35 1156
12 1416
49 1057
17 1222
29 1094
39 1431
37 1029
49 1249
13 1412
20 1293
11 1044
43 1123
46 1470
19 1421
29 1123
18 1441
10 1220
21 1398
41 1158
38 1210
15 1216
10 1209
44 1114
27 1047
40 1306
42 1058
27 1149
31 1184
24 1399
42 1012
40 1252
46 1335
19 1135
17 1021
10 1092
47 1410
41 1319
17 1175
34 1326
30 1197
19 1305
49 1150
26 1265
19 1165
10 1204
18 1003
22 1114
26 1179
24 1060
39 1408
26 1111
40 1284
21 1003
32 1093
27 1384
24 1119
21 1289
20 1175
15 1384
20 1453
22 1355
38 1145
44 1070
48 1157
38 1089
28 1489
12 1410
21 1489
17 1085
20 1304
24 1481
31 1159
25 1180
35 1339
24 1133
43 1088
19 1321
25 1443
23 1368
40 1411
45 1146
37 1452
37 1462
49 1477
24 1140
31 1464
18 1489
44 1129
32 1116
23 1195
46 1272
31 1045
12 1259
12 1048
24 1306
44 1305
32 1462
40 1223
46 1227
23 1269
12 1089
28 1371
47 1455
26 1423
21 1485
26 1127
48 1220
10 1305
12 1357
49 1124
35 1205
42 1466
10 1161
13 1191
15 1363
30 1137
24 1035
36 1307
17 1309
12 1064
26 1334
46 1369
24 1238
46 1364
30 1173
40 1220
36 1199
16 1313
23 1051
34 1280
25 1271
37 1234
10 1337
43 1218
33 1353
17 1007
26 1347
13 1151
27 1212
21 1006
11 1329
16 1304
40 1223
38 1389
36 1073
33 1033
31 1090
17 1050
35 1165
14 1240
10 1269
38 1243
36 1143
35 1069
42 1188
26 1465
46 1184
30 1279
15 1255
10 1446
19 1175
35 1174
25 1207
35 1184
13 1456
20 1149
12 1157
42 1180
21 1156
41 1175
16 1073
43 1099
11 1181
42 1392
16 1405
43 1460
39 1053
25 1206
38 1275
11 1050
18 1204
28 1149
11 1150
24 1463
35 1233
44 1118
44 1466
47 1215
48 1136
48 1346
33 1125
47 1366
31 1398
21 1446
17 1256
48 1124
12 1064
21 1456
46 1342
18 1098
21 1427
39 1475
36 1448
48 1396
34 1369
38 1296
13 1408
49 1471
17 1399
23 1381
33 1378
25 1136
34 1167
46 1090
20 1453
39 1359
48 1001
44 1143
33 1266
19 1216
44 1205
13 1054
34 1205
26 1042
18 1444
49 1350
15 1107
12 1206
44 1225
38 1149
20 1386
42 1326
30 1368
41 1242
41 1093
18 1210
11 1256
10 1334
35 1482
21 1458
39 1421
48 1306
44 1084
27 1336
26 1167
26 1125
14 1294
36 1449
17 1043
35 1065
47 1463
18 1269
18 1495
46 1410
30 1196
17 1190
15 1188
13 1179
42 1250
22 1016
26 1167
47 1234
20 1220
31 1344
39 1077
39 1371
19 1210
32 1498
40 1066
37 1003
11 1170
12 1432
30 1221
13 1201
17 1067
28 1270
42 1209
23 1052
39 1449
40 1236
27 1298
37 1192
20 1208
41 1332
26 1442
36 1150
34 1319
36 1488
17 1396
41 1326
29 1093
37 1072
34 1269
44 1098
21 1484
45 1223
13 1235
46 1170
38 1084
23 1042
45 1433
11 1337
48 1156
43 1140
19 1246
37 1288
13 1447
22 1426
13 1318
33 1318
40 1233
34 1272
30 1245
46 1452
40 1367
18 1037
21 1145
48 1242
29 1029
45 1478
44 1079
38 1003
29 1459
46 1026
19 1223
18 1192
47 1059
33 1465
45 1128
26 1268
12 1392
33 1267
19 1058
25 1358
38 1342
37 1424
24 1274
45 1381
49 1034
26 1119
34 1430
42 1379
49 1328
44 1298
30 1466
15 1391
39 1307
25 1327
17 1401
49 1198
28 1003
21 1042
35 1307
47 1459
48 1144
21 1386
44 1468
45 1248
26 1154
14 1181
21 1217
38 1214
42 1330
31 1386
23 1369
22 1066
15 1215
26 1001
36 1323
38 1257
25 1310
12 1322
10 1456
18 1346
39 1035
12 1413
34 1156
18 1416
30 1051
41 1403
24 1312
18 1056
35 1153
13 1272
45 1213
14 1184
47 1063
10 1297
45 1404
34 1344
26 1213
44 1218
24 1370
32 1492
11 1165
20 1260
14 1391
16 1081
17 1101
16 1087
43 1042
21 1309
38 1243
20 1218
35 1024
20 1051
40 1366
13 1476
13 1231
19 1162
19 1017
17 1270
26 1102
12 1228
11 1090
13 1127
29 1336
37 1111
42 1302
44 1463
34 1317
22 1080
19 1063
24 1208
32 1135
14 1112
17 1295
12 1165
28 1110
45 1230
23 1112
33 1409
10 1480
46 1052
19 1331
36 1405
42 1406
11 1202
12 1154
11 1478
22 1201
41 1295
48 1424
16 1334
41 1400
30 1489
11 1452
26 1115
14 1099
42 1272
38 1059
12 1339
13 1427
33 1478
44 1375
23 1159
27 1056
10 1179
47 1300
30 1180
42 1058
39 1287
12 1445
15 1094
40 1479
43 1068
46 1115
42 1299
23 1368
10 1225
13 1058
36 1228
14 1098
22 1195
27 1462
12 1163
36 1037
23 1115
39 1243
38 1415
28 1388
39 1044
31 1101
31 1153
23 1439
39 1445
22 1148
44 1290
32 1151
49 1129
38 1129
19 1312
23 1223
11 1121
43 1451
40 1147
19 1440
11 1019
15 1285
22 1077
10 1297
19 1259
22 1087
21 1230
28 1216
45 1233
33 1156
33 1013
41 1089
47 1052
16 1033
15 1029
30 1135
36 1172
23 1113
27 1242
26 1115
45 1206
16 1026
46 1291
24 1494
23 1098
23 1020
43 1293
12 1187
26 1313
12 1470
10 1319
14 1223
19 1133
33 1491
20 1044
13 1431
44 1449
31 1082
21 1319
18 1059
31 1390
35 1417
22 1274
11 1436
44 1207
14 1471
10 1279
18 1439
49 1351
26 1402
18 1352
42 1408
49 1243
27 1257
30 1346
25 1460
43 1324
36 1424
40 1325
41 1087
43 1136
47 1019
15 1353
17 1200
27 1392
36 1187
24 1332
13 1252
44 1226
10 1377
42 1488
37 1203
35 1115
44 1356
36 1285
16 1162
30 1019
39 1187
17 1075
22 1394
23 1023
40 1040
38 1123
17 1046
33 1457
19 1450
46 1122
16 1178
41 1347
17 1385
19 1320
42 1498
41 1021
46 1279
48 1228
28 1293
20 1324
11 1041
40 1477
24 1199
35 1279
43 1452
38 1230
49 1191
26 1034
43 1120
22 1191
31 1008
41 1421
19 1262
38 1008
28 1218
31 1429
15 1128
36 1449
23 1391
25 1401
20 1334
22 1104
31 1414
23 1233
27 1017
26 1018
12 1169
31 1490
15 1206
35 1292
15 1415
42 1382
43 1295
28 1210
44 1268
40 1313
49 1045
42 1122
47 1287
41 1499
15 1092
44 1210
40 1486
22 1127
46 1014
20 1235
38 1046
47 1055
29 1223
32 1316
25 1352
30 1048
20 1164
37 1057
48 1490
43 1056
32 1316
31 1256
27 1276
16 1271
49 1197
16 1270
34 1028
20 1104
49 1216
48 1162
44 1027
14 1440
11 1022
17 1425
31 1149
19 1386
19 1479
11 1321
15 1430
28 1130
13 1163
41 1279
23 1027
44 1393
18 1175
13 1463
43 1204
16 1440
44 1144
15 1391
20 1380
49 1246
26 1141
22 1052
31 1459
43 1018
37 1250
17 1373
28 1320
13 1421
23 1013
36 1277
34 1376
48 1342
13 1051
47 1192
30 1308
39 1363
10 1432
48 1269
47 1360
36 1014
44 1004
38 1324
36 1066
43 1325
39 1266
21 1226
18 1259
15 1326
12 1095
49 1436
35 1461
20 1392
26 1053
17 1003
23 1417
43 1242
18 1136
48 1137
42 1472
23 1060
20 1379
37 1317
42 1399
17 1328
33 1111
46 1361
28 1022
32 1008
12 1413
10 1406
19 1374
45 1394
24 1428
34 1485
43 1176
16 1466
15 1202
13 1128
49 1151
37 1185
48 1085
19 1301
23 1424
21 1430
49 1396
47 1375
16 1438
19 1198
41 1275
41 1106
21 1054
35 1016
15 1153
42 1251
31 1080
45 1148
10 1245
49 1476
30 1262
28 1018
15 1262
28 1403
30 1324
28 1053
17 1251
37 1091
20 1030
38 1095
49 1323
46 1426
13 1443
21 1005
30 1300
14 1370
32 1338
31 1200
16 1224
21 1179
25 1330
44 1254
45 1219
23 1109
30 1187
40 1434
17 1345
10 1118
34 1458
32 1379
27 1271
25 1032
28 1199
44 1461
24 1073
47 1410
41 1340
17 1216
32 1233
20 1250
30 1210
35 1325
35 1146
37 1228
33 1041
40 1442
21 1453
32 1249
16 1433
28 1489
49 1159
41 1088
29 1269
18 1406
38 1047
42 1176
14 1185
20 1450
33 1116
34 1491
46 1133
10 1290
35 1019
12 1305
11 1104
36 1291
37 1368
17 1446
21 1069
29 1113
46 1114
12 1152
11 1170
24 1052
43 1132
24 1083
31 1103
37 1425
26 1325
28 1379
43 1231
10 1444
18 1126
23 1377
32 1254
23 1118
30 1429
18 1411
11 1113
10 1297
17 1065
42 1441
45 1314
32 1390
11 1343
37 1432
10 1349
32 1357
33 1220
34 1339
35 1469
23 1197
10 1374
41 1319
10 1275
41 1015
34 1478
20 1443
25 1215
47 1118
15 1262
16 1488
17 1381
13 1371
17 1114
14 1218
25 1464
45 1303
48 1087
22 1419
42 1467
16 1427
29 1373
45 1009
47 1295
48 1119
13 1128
42 1449
35 1439
10 1006
43 1182
16 1312
27 1147
36 1250
16 1401
38 1255
31 1220
27 1344
17 1318
36 1472
49 1049
20 1168
28 1286
15 1222
42 1463
15 1130
39 1349
40 1207
26 1240
24 1318
30 1331
41 1392
28 1295
45 1198
34 1382
23 1235
43 1202
11 1462
31 1326
37 1297
46 1299
27 1445
45 1052
36 1137
27 1362
47 1029
46 1036
26 1294
29 1299
16 1172
28 1448
29 1148
16 1438
18 1323
18 1226
17 1028
44 1154
45 1205
39 1291
21 1170
31 1188
15 1235
33 1419
25 1295
10 1262
13 1080
11 1303
19 1410
12 1060
23 1463
38 1323
21 1152
34 1105
27 1373
25 1243
21 1151
26 1321
36 1206
13 1185
45 1486
14 1435
30 1011
13 1050
14 1244
21 1172
36 1026
41 1391
22 1193
16 1398
27 1155
28 1193
45 1052
10 1288
13 1279
45 1176
35 1325
14 1221
30 1013
24 1286
11 1132
12 1135
22 1427
21 1485
19 1007
46 1376
32 1105
42 1076
33 1033
48 1421
28 1298
24 1156
43 1155
47 1117
26 1226
17 1478
26 1100
31 1161
14 1299
41 1069
13 1006
38 1374
37 1194
27 1267
14 1372
18 1489
18 1051
15 1360
12 1026
20 1361
36 1056
39 1376
31 1303
48 1291
21 1097
40 1206
19 1239
11 1081
37 1187
25 1384
37 1279
28 1122
42 1308
25 1140
43 1038
33 1447
41 1267
29 1420
43 1088
46 1237
10 1328
26 1412
24 1164
38 1305
24 1143
39 1334
44 1125
24 1124
26 1011
48 1292
40 1484
18 1329
37 1180
27 1024
15 1098
44 1153
34 1004
31 1014
43 1321
30 1245
10 1108
22 1384
26 1166
15 1301
40 1410
34 1498
43 1024
24 1009
41 1011
37 1138
24 1376
12 1212
30 1115
47 1123
48 1337
23 1105
48 1012
49 1485
49 1265
36 1346
22 1230
15 1040
13 1057
35 1279
47 1105
22 1015
40 1211
28 1041
24 1235
29 1089
38 1355
26 1031
21 1207
17 1235
21 1061
19 1343
40 1190
30 1284
23 1218
21 1124
27 1240
14 1130
32 1008
47 1118
45 1030
48 1257
37 1227
38 1175
44 1478
18 1453
13 1084
41 1007
20 1457
26 1474
40 1377
29 1230
15 1260
31 1425
11 1180
23 1035
48 1204
29 1233
38 1388
21 1080
41 1329
16 1168
17 1149
47 1104
27 1498
11 1368
37 1349
14 1249
40 1049
28 1107
31 1328
17 1207
27 1406
26 1431
23 1161
26 1098
10 1198
36 1424
25 1327
34 1186
30 1235
31 1000
40 1062
33 1088
25 1387
19 1006
11 1213
31 1337
24 1307
19 1045
32 1429
40 1282
39 1314
37 1358
30 1442
45 1230
34 1484
13 1004
33 1051
29 1270
37 1384
47 1231
44 1498
47 1363
26 1437
42 1431
15 1136
35 1344
46 1437
42 1176
10 1366
23 1470
20 1094
38 1319
20 1111
22 1380
46 1103
47 1168
16 1109
31 1126
47 1063
35 1009
21 1097
31 1199
10 1276
14 1124
10 1006
48 1360
28 1307
25 1172
10 1214
49 1463
33 1306
23 1363
26 1457
32 1286
40 1275
26 1305
11 1266
35 1294
39 1147
44 1421
27 1441
18 1259
30 1220
48 1428
48 1140
15 1351
38 1200
26 1079
43 1299
13 1139
44 1027
44 1359
14 1265
10 1329
45 1486
49 1138
27 1021
28 1450
43 1226
42 1407
13 1036
18 1045
25 1171
15 1027
47 1271
23 1078
36 1064
25 1436
44 1042
46 1270
13 1314
21 1340
35 1484
17 1469
14 1273
20 1048
38 1105
20 1073
29 1352
46 1361
28 1129
21 1396
11 1150
35 1379
18 1117
30 1215
45 1079
25 1133
10 1087
36 1441
35 1079
25 1111
26 1059
46 1092
38 1142
39 1439
14 1106
12 1297
37 1131
40 1405
14 1129
40 1088
17 1296
36 1243
45 1192
37 1226
34 1250
15 1065
31 1251
37 1087
24 1086
25 1273
44 1013
19 1363
47 1075
29 1212
20 1109
13 1083
20 1270
33 1152
28 1249
30 1280
23 1260
35 1349
36 1200
35 1449
16 1288
41 1405
29 1123
12 1496
34 1108
27 1490
24 1204
37 1162
35 1430
11 1150
22 1213
43 1162
36 1209
36 1356
44 1001
14 1118
34 1060
15 1121
44 1125
33 1014
38 1365
43 1167
37 1013
21 1389
17 1494
22 1095
16 1065
45 1183
29 1044
24 1166
20 1451
42 1468
37 1136
19 1361
35 1420
14 1088
24 1423
35 1043
49 1230
25 1239
36 1153
21 1332
23 1268
37 1443
22 1388
36 1217
30 1372
48 1436
45 1281
14 1078
12 1146
34 1158
41 1157
49 1343
30 1436
23 1036
30 1375
20 1188
15 1465
34 1245
11 1488
26 1288
49 1357
44 1101
29 1350
35 1088
33 1137
14 1067
26 1311
14 1220
28 1164
44 1366
25 1153
31 1278
38 1161
13 1102
11 1319
46 1245
44 1218
27 1464
30 1280
46 1052
43 1079
49 1004
28 1329
42 1195
39 1298
14 1472
21 1345
34 1068
19 1439
42 1267
34 1482
13 1083
35 1305
49 1178
34 1470
16 1038
33 1029
23 1248
24 1234
25 1492
32 1371
14 1385
17 1273
32 1033
13 1042
40 1100
43 1315
49 1302
31 1304
15 1310
24 1448
19 1480
43 1392
46 1132
11 1403
25 1362
48 1367
38 1051
14 1457
45 1214
22 1231
23 1195
27 1244
27 1336
24 1088
46 1410
15 1279
35 1181
42 1160
13 1214
13 1041
22 1313
25 1411
28 1463
48 1257
35 1148
42 1311
25 1128
25 1081
12 1373
38 1493
23 1228
45 1466
20 1356
22 1071
16 1157
18 1435
32 1367
26 1218
20 1433
40 1058
28 1379
37 1170
41 1376
41 1469
25 1169
32 1488
16 1327
27 1297
27 1288
30 1200
33 1156
42 1435
18 1280
47 1327
36 1040
32 1420
33 1244
46 1424
19 1233
10 1222
33 1478
18 1202
31 1339
28 1081
12 1429
31 1106
40 1172
20 1474
48 1284
49 1028
30 1018
16 1303
17 1322
26 1015
18 1405
13 1074
35 1332
36 1117
47 1010
46 1432
45 1252
27 1189
31 1193
20 1180
43 1477
10 1470
24 1074
46 1269
30 1342
22 1194
49 1047
49 1385
34 1441
36 1426
16 1041
26 1460
22 1199
33 1307
20 1051
26 1261
12 1146
17 1010
48 1352
37 1375
49 1194
40 1268
13 1222
21 1266
15 1179
16 1441
40 1106
48 1159
47 1178
34 1307
49 1192
17 1483
34 1021
40 1401
37 1023
41 1499
32 1484
37 1317
12 1010
18 1397
13 1321
14 1441
27 1370
23 1364
29 1165
15 1156
32 1199
35 1205
26 1292
34 1328
12 1393
37 1496
17 1150
45 1498
32 1479
46 1084
33 1392
21 1148
14 1196
27 1302
19 1362
37 1497
37 1026
30 1249
42 1090
11 1472
20 1050
29 1180
32 1188
40 1058
28 1230
34 1484
48 1109
19 1064
49 1153
17 1147
39 1474
26 1275
34 1316
20 1373
15 1232
28 1052
38 1188
14 1037
15 1461
18 1278
42 1048
41 1250
33 1405
18 1489
15 1048
16 1455
18 1209
16 1338
48 1096
22 1182
30 1007
23 1295
40 1023
21 1094
49 1046
26 1437
32 1060
30 1061
42 1233
20 1458
20 1033
13 1414
47 1404
26 1034
39 1157
16 1262
38 1309
47 1454
15 1070
15 1107
24 1353
35 1260
44 1387
12 1365
18 1422
24 1496
33 1404
16 1393
35 1150
34 1103
38 1398
47 1438
46 1169
45 1459
11 1025
49 1251
21 1408
46 1350
39 1043
15 1216
15 1096
15 1263
13 1249
47 1499
32 1382
40 1492
12 1055
26 1220
24 1128
25 1402
14 1156
42 1411
30 1169
16 1309
39 1061
12 1121
11 1065
29 1471
23 1316
28 1107
14 1496
39 1355
38 1184
35 1057
45 1230
49 1430
13 1314
17 1023
41 1080
29 1298
42 1409
48 1127
31 1319
16 1354
28 1005
26 1166
19 1416
41 1409
28 1481
33 1141
37 1388
36 1299
17 1467
15 1147
30 1481
21 1106
40 1344
26 1290
37 1105
19 1382
32 1097
41 1219
24 1406
19 1128
25 1380
34 1065
34 1291
24 1165
48 1357
47 1006
36 1268
47 1082
28 1084
41 1349
48 1490
42 1133
35 1061
37 1176
30 1398
31 1229
47 1496
38 1025
39 1468
14 1120
18 1114
48 1270
23 1192
14 1061
47 1350
24 1155
16 1148
22 1141
11 1332
49 1293
39 1100
10 1099
44 1152
49 1409
36 1427
49 1203
27 1067
22 1361
39 1444
30 1001
35 1220
34 1419
36 1192
17 1283
30 1382
43 1280
15 1147
43 1240
32 1234
31 1463
30 1240
26 1070
48 1460
47 1423
30 1037
31 1319
24 1297
11 1380
37 1058
17 1011
37 1132
29 1147
23 1206
37 1086
39 1107
37 1244
31 1336
28 1012
29 1255
42 1278
13 1107
30 1001
15 1181
11 1283
46 1480
23 1399
18 1415
13 1339
12 1390
10 1067
45 1138
36 1052
12 1275
46 1268
17 1067
27 1006
25 1482
35 1275
16 1059
40 1062
14 1108
22 1083
32 1120
28 1359
40 1008
15 1219
37 1117
31 1341
37 1278
35 1046
13 1332
14 1377
29 1149
41 1478
22 1009
32 1033
30 1173
12 1370
28 1411
19 1377
13 1363
23 1170
20 1029
30 1405
37 1472
15 1236
45 1377
14 1160
47 1471
49 1070
11 1208
42 1351
26 1427
41 1053
28 1357
47 1014
17 1164
14 1108
27 1382
18 1269
37 1036
10 1408
38 1252
43 1300
18 1348
22 1225
31 1461
35 1492
42 1108
16 1484
43 1459
23 1152
47 1410
34 1030
21 1143
45 1208
36 1015
23 1096
24 1092
18 1349
36 1197
40 1486
40 1010
41 1411
48 1326
45 1481
43 1339
35 1413
37 1416
19 1346
26 1359
20 1163
39 1226
11 1197
27 1403
44 1392
30 1359
28 1248
26 1320
23 1132
42 1340
18 1489
14 1335
46 1306
13 1347
44 1343
29 1498
14 1078
23 1337
16 1466
36 1168
34 1061
11 1305
48 1245
22 1023
35 1428
48 1351
10 1041
20 1316
42 1122
20 1260
29 1106
42 1264
10 1261
49 1259
33 1440
25 1363
12 1010
47 1183
31 1277
44 1059
47 1056
23 1219
33 1483
36 1092
28 1161
33 1119
41 1282
27 1136
48 1204
25 1344
13 1311
29 1453
42 1494
34 1378
32 1090
29 1033
30 1113
42 1075
30 1088
17 1444
35 1077
33 1143
17 1449
28 1349
38 1432
20 1195
48 1382
41 1244
37 1473
37 1349
25 1095
41 1165
16 1253
17 1021
23 1295
14 1101
30 1418
13 1153
42 1252
10 1247
32 1104
47 1344
30 1416
19 1021
25 1406
37 1108
48 1438
21 1373
36 1142
38 1112
20 1221
16 1309
14 1414
15 1138
18 1009
32 1030
45 1461
17 1259
17 1162
11 1457
41 1285
34 1175
11 1100
35 1171
14 1317
45 1390
24 1058
43 1081
24 1167
23 1481
22 1362
20 1337
17 1102
39 1493
21 1156
33 1413
30 1460
49 1092
49 1405
11 1231
11 1314
38 1035
49 1388
31 1103
21 1429
30 1448
27 1368
42 1425
45 1407
14 1425
12 1255
36 1375
49 1167
49 1136
13 1110
36 1125
46 1412
12 1326
26 1201
39 1099
13 1057
31 1468
23 1227
32 1083
26 1097
42 1069
19 1064
44 1390
45 1166
14 1313
32 1329
21 1247
10 1274
41 1241
30 1475
10 1202
41 1348
28 1303
28 1032
33 1101
37 1321
31 1065
41 1095
34 1457
16 1012
18 1388
18 1199
27 1366
14 1440
28 1412
25 1115
31 1258
22 1282
19 1149
33 1130
43 1455
32 1409
14 1041
46 1298
44 1247
22 1084
19 1320
25 1273
18 1252
32 1023
32 1397
31 1390
17 1211
16 1099
14 1241
32 1346
37 1067
37 1386
22 1396
25 1434
28 1497
19 1076
20 1499
31 1379
17 1113
28 1469
16 1309
12 1215
27 1054
35 1412
49 1108
11 1018
26 1396
47 1066
28 1121
33 1205
43 1002
10 1025
44 1307
11 1324
41 1341
30 1325
33 1002
15 1401
46 1069
31 1169
11 1030
30 1021
32 1386
44 1437
40 1290
49 1443
32 1347
35 1057
13 1111
23 1011
11 1106
49 1415
46 1032
41 1056
36 1018
16 1465
13 1372
24 1101
20 1479
24 1119
46 1382
19 1202
19 1239
37 1370
38 1405
35 1241
35 1324
47 1445
37 1389
41 1365
10 1300
12 1181
31 1189
37 1414
23 1057
40 1390
38 1222
40 1125
44 1040
27 1153
38 1451
19 1093
34 1499
15 1174
10 1481
12 1382
44 1293
27 1453
13 1186
39 1004
46 1194
47 1315
18 1482
14 1308
48 1454
20 1497
49 1123
40 1348
37 1157
40 1470
14 1421
34 1454
22 1220
13 1410
20 1258
45 1374
24 1311
12 1366
26 1391
12 1013
46 1079
16 1032
12 1485
46 1050
18 1212
36 1440
12 1156
32 1211
19 1226
29 1337
19 1195
42 1231
24 1003
25 1179
26 1037
48 1116
10 1125
36 1441
12 1153
26 1149
44 1263
15 1208
47 1193
44 1351
48 1428
39 1064
34 1021
42 1044
24 1073
34 1139
43 1394
23 1319
30 1197
19 1432
39 1146
22 1237
22 1093
30 1365
24 1359
26 1028
10 1094
43 1227
35 1343
42 1063
12 1032
26 1422
40 1335
44 1411
25 1349
27 1478
37 1048
28 1377
24 1398
35 1354
18 1447
32 1099
46 1402
12 1313
10 1294
37 1377
35 1277
40 1031
32 1155
37 1129
25 1358
28 1025
28 1437
13 1376
14 1289
18 1003
19 1365
46 1227
28 1265
22 1034
40 1105
40 1153
31 1257
44 1432
20 1120
18 1299
39 1211
43 1278
12 1435
15 1224
41 1130
33 1422
31 1469
13 1487
17 1160
45 1107
25 1425
31 1310
35 1301
34 1360
37 1328
47 1370
25 1123
40 1156
21 1063
32 1074
30 1478
22 1319
48 1334
39 1207
48 1486
40 1426
19 1453
11 1080
17 1422
16 1154
26 1311
21 1316
37 1272
12 1282
31 1422
34 1194
16 1181
17 1285
38 1167
30 1467
33 1334
10 1065
18 1048
23 1032
42 1327
27 1465
22 1129
19 1231
11 1032
22 1459
20 1393
17 1241
32 1453
33 1271
17 1229
10 1365
17 1056
23 1244
15 1263
40 1092
42 1378
12 1407
48 1112
17 1140
39 1142
20 1429
30 1318
40 1209
39 1126
41 1288
19 1365
38 1193
45 1043
27 1368
29 1380
12 1432
37 1201
38 1017
12 1390
24 1333
13 1001
38 1326
47 1387
16 1271
42 1215
24 1401
49 1469
23 1246
25 1157
19 1121
29 1172
11 1489
46 1302
25 1491
12 1155
41 1283
23 1147
11 1361
41 1109
27 1041
22 1413
48 1475
38 1139
24 1392
21 1458
48 1360
43 1319
20 1047
30 1123
34 1420
11 1425
15 1191
29 1473
20 1028
13 1087
10 1327
47 1029
43 1213
45 1450
35 1010
21 1065
44 1454
37 1236
49 1266
38 1463
12 1189
17 1213
19 1422
36 1295
11 1399
15 1009
30 1021
27 1286
38 1131
29 1192
10 1198
42 1010
11 1250
29 1063
48 1205
23 1222
41 1151
19 1188
38 1237
44 1241
38 1300
46 1079
37 1050
48 1146
21 1058
20 1179
32 1180
23 1260
31 1405
20 1129
46 1252
46 1059
43 1345
10 1377
27 1234
33 1364
38 1019
35 1375
43 1053
37 1202
22 1008
20 1093
24 1095
25 1070
31 1402
22 1046
36 1008
25 1491
19 1499
22 1423
18 1149
33 1177
18 1372
29 1379
23 1058
37 1349
45 1051
22 1062
29 1249
43 1284
32 1183
23 1092
12 1400
46 1328
41 1320
23 1372
41 1391
18 1491
45 1480
45 1477
41 1269
32 1007
33 1394
46 1286
18 1496
23 1265
11 1201
41 1074
37 1391
12 1120
47 1265
28 1022
42 1008
37 1342
28 1412
10 1382
47 1144
43 1172
16 1121
38 1426
10 1177
15 1456
43 1431
43 1086
31 1061
38 1220
39 1163
22 1326
25 1144
22 1487
38 1218
32 1128
22 1051
41 1398
20 1200
19 1087
48 1122
41 1246
17 1268
12 1112
31 1039
16 1313
25 1226
13 1444
30 1168
21 1415
40 1480
19 1416
17 1463
16 1168
34 1465
18 1149
47 1361
21 1078
41 1209
45 1064
49 1037
40 1129
43 1066
14 1358
28 1098
38 1084
16 1493
31 1492
17 1166
26 1466
26 1420
31 1492
42 1056
43 1445
20 1402
25 1097
49 1419
47 1225
29 1175
11 1270
21 1030
12 1189
20 1021
13 1144
13 1030
33 1307
23 1403
37 1272
31 1115
40 1169
22 1178
27 1325
48 1269
43 1359
26 1301
48 1476
11 1400
32 1106
39 1043
37 1162
43 1106
34 1364
47 1414
30 1077
15 1097
39 1292
30 1255
36 1150
16 1054
33 1429
11 1002
32 1155
22 1092
14 1274
22 1436
42 1166
14 1016
42 1434
48 1474
10 1108
25 1053
16 1265
21 1011
26 1005
18 1482
42 1303
23 1392
13 1343
38 1026
45 1390
24 1052
11 1138
13 1168
36 1329
19 1262
14 1166
44 1359
30 1117
47 1058
34 1316
34 1462
30 1037
29 1098
19 1240
25 1085
41 1458
31 1134
26 1361
39 1078
19 1025
33 1108
15 1399
34 1487
41 1018
29 1144
30 1305
24 1298
20 1096
48 1409
22 1392
29 1349
49 1019
43 1066
14 1274
36 1448
29 1139
48 1115
37 1443
26 1169
48 1138
11 1116
49 1179
24 1073
29 1102
19 1288
11 1204
45 1220
37 1171
39 1411
11 1087
36 1233
27 1321
49 1205
49 1144
42 1261
27 1286
23 1145
21 1011
29 1439
40 1214
21 1140
29 1190
14 1136
44 1381
19 1235
16 1135
29 1003
42 1283
19 1055
49 1474
24 1244
25 1013
26 1197
29 1096
18 1103
36 1368
11 1241
20 1459
21 1251
34 1365
20 1437
36 1026
16 1290
38 1137
26 1116
10 1011
23 1419
17 1384
20 1313
41 1177
49 1492
34 1373
17 1012
49 1362
40 1091
23 1179
19 1001
14 1414
43 1398
15 1246
38 1056
16 1019
19 1277
33 1174
11 1076
34 1387
14 1241
18 1123
17 1301
19 1023
39 1488
26 1368
33 1369
14 1231
33 1206
34 1210
10 1223
44 1182
24 1437
20 1297
40 1268
33 1015
32 1449
20 1134
31 1353
34 1381
41 1257
32 1485
11 1379
26 1241
11 1352
15 1478
12 1061
33 1372
22 1216
13 1038
39 1029
41 1183
27 1073
21 1248
40 1074
45 1253
48 1000
14 1145
16 1088
30 1437
41 1311
30 1212
21 1247
39 1478
25 1140
38 1290
34 1002
21 1054
48 1057
29 1141
30 1370
10 1268
42 1228
31 1470
21 1007
42 1187
31 1429
48 1441
31 1067
17 1291
44 1357
22 1164
21 1365
12 1068
40 1207
29 1219
20 1060
26 1112
49 1245
42 1155
34 1377
10 1092
33 1161
18 1046
12 1445
42 1115
43 1222
11 1497
19 1305
41 1222
43 1215
42 1342
45 1073
29 1229
47 1207
33 1093
36 1492
44 1134
39 1335
37 1055
27 1134
39 1198
38 1086
12 1173
13 1358
36 1238
33 1327
10 1283
27 1104
27 1433
15 1005
49 1432
20 1485
19 1137
48 1350
38 1081
23 1028
40 1191
30 1345
25 1335
49 1406
14 1012
47 1219
16 1125
21 1141
24 1102
29 1315
23 1145
17 1266
27 1150
42 1003
46 1004
38 1091
31 1051
22 1095
34 1134
29 1384
11 1213
17 1023
40 1064
29 1096
14 1010
30 1050
28 1217
36 1421
21 1291
46 1334
19 1140
35 1181
37 1253
35 1223
21 1011
34 1457
24 1309
15 1293
34 1179
12 1465
28 1407
38 1005
42 1487
43 1197
42 1286
13 1373
49 1348
19 1063
41 1286
20 1033
21 1201
34 1139
37 1340
49 1125
44 1025
41 1355
24 1020
28 1204
11 1391
46 1155
24 1256
41 1299
39 1005
34 1114
36 1157
37 1491
38 1353
26 1262
18 1226
38 1458
10 1027
35 1048
29 1419
15 1414
43 1177
39 1358
14 1089
39 1263
19 1367
17 1203
32 1141
12 1471
48 1397
44 1197
22 1460
17 1192
33 1013
11 1419
33 1056
19 1463
14 1339
32 1464
40 1189
34 1268
39 1346
12 1257
41 1075
37 1150
24 1320
26 1070
43 1469
35 1045
24 1442
41 1310
34 1097
46 1246
15 1176
33 1068
38 1053
37 1125
16 1035
36 1300
16 1472
29 1017
42 1054
43 1415
11 1222
15 1428
20 1217
39 1186
11 1370
11 1001
11 1297
33 1196
32 1121
10 1280
34 1242
28 1254
29 1030
32 1265
16 1197
40 1265
10 1117
44 1228
48 1281
27 1289
46 1315
13 1078
11 1007
26 1065
26 1094
22 1039
31 1195
43 1364
47 1149
14 1289
38 1407
19 1249
13 1294
43 1033
19 1011
25 1002
11 1070
15 1228
33 1470
32 1495
20 1054
48 1227
20 1206
27 1490
21 1125
19 1495
26 1249
35 1157
24 1223
33 1162
48 1026
27 1350
27 1386
42 1315
36 1183
36 1373
27 1264
32 1089
10 1012
42 1018
19 1247
47 1129
32 1142
28 1388
33 1291
22 1138
33 1066
27 1160
35 1016
10 1390
49 1308
37 1471
48 1386
45 1493
45 1243
43 1442
29 1492
22 1458
34 1164
17 1429
48 1314
10 1031
11 1471
10 1019
22 1396
29 1241
16 1327
23 1005
34 1393
46 1419
32 1230
27 1251
48 1428
38 1395
19 1383
35 1025
42 1095
49 1069
20 1436
21 1366
33 1397
17 1066
29 1012
39 1258
45 1475
38 1224
47 1030
20 1266
27 1192
26 1234
25 1349
15 1207
27 1147
21 1307
39 1307
35 1202
20 1209
36 1193
35 1060
45 1001
33 1219
25 1159
32 1049
33 1154
32 1006
12 1351
11 1058
29 1022
30 1038
11 1062
22 1189
49 1062
12 1036
22 1224
19 1493
33 1490
43 1369
24 1083
44 1398
11 1351
41 1179
34 1311
27 1264
35 1433
36 1130
47 1024
26 1049
48 1412
23 1037
19 1033
28 1261
13 1272
41 1298
46 1304
17 1154
16 1055
31 1186
17 1288
26 1076
43 1270
23 1001
41 1073
10 1138
18 1342
19 1182
44 1181
13 1495
31 1403
14 1175
24 1395
27 1050
48 1109
42 1135
47 1326
25 1149
49 1171
37 1310
43 1193
25 1341
16 1326
46 1096
25 1468
14 1311
45 1455
30 1427
35 1320
10 1114
36 1166
47 1209
19 1069
10 1027
31 1488
40 1283
17 1398
37 1141
46 1374
22 1337
25 1231
24 1341
19 1385
11 1026
41 1220
44 1135
49 1254
20 1361
14 1088
41 1363
29 1147
11 1332
28 1322
45 1057
24 1025
46 1498
46 1021
26 1193
22 1265
46 1032
20 1272
34 1386
26 1282
17 1227
41 1267
21 1234
10 1166
33 1147
11 1433
40 1416
10 1022
42 1151
21 1445
12 1103
39 1146
35 1382
48 1421
45 1241
17 1165
14 1236
39 1339
12 1493
48 1147
12 1119
37 1240
18 1266
46 1354
47 1411
26 1082
30 1236
18 1088
15 1332
23 1119
29 1112
41 1192
20 1003
28 1305
28 1194
10 1162
17 1112
28 1419
22 1393
16 1253
48 1169
11 1173
14 1285
36 1106
36 1345
30 1452
25 1119
11 1338
38 1454
11 1199
31 1198
33 1130
38 1104
49 1297
13 1294
20 1280
22 1494
25 1467
25 1269
26 1460
43 1091
33 1127
28 1430
17 1346
21 1150
48 1022
23 1468
20 1412
13 1173
35 1448
38 1434
15 1460
23 1424
33 1256
12 1098
36 1319
33 1385
44 1115
48 1009
21 1010
14 1355
35 1482
10 1314
37 1291
15 1010
39 1116
47 1306
24 1113
36 1145
46 1139
32 1403
13 1227
45 1207
17 1423
24 1204
16 1254
30 1382
13 1040
13 1036
43 1170
12 1134
37 1136
48 1168
11 1489
30 1049
21 1123
43 1413
13 1499
41 1095
47 1003
45 1130
38 1141
34 1095
43 1404
21 1409
47 1129
27 1027
16 1491
48 1396
10 1378
37 1142
47 1055
31 1156
33 1202
23 1120
47 1451
35 1400
10 1093
19 1415
22 1006
37 1057
14 1347
26 1302
17 1318
33 1188
40 1297
12 1054
38 1256
15 1095
35 1455
35 1465
25 1419
31 1142
14 1384
10 1083
23 1067
42 1317
40 1345
10 1002
23 1270
17 1222
34 1120
49 1047
29 1091
42 1083
31 1123
13 1352
10 1016
20 1147
15 1329
13 1268
10 1126
25 1023
23 1116
16 1068
24 1232
32 1343
21 1300
20 1034
37 1063
38 1082
25 1458
11 1318
33 1443
25 1325
48 1447
29 1254
23 1428
11 1333
12 1029
39 1337
18 1471
33 1183
38 1280
19 1476
16 1458
31 1205
28 1397
34 1258
35 1171
37 1387
18 1490
29 1340
10 1454
18 1220
33 1060
20 1181
10 1440
32 1121
25 1276
46 1339
28 1431
37 1297
21 1328
47 1108
29 1474
27 1116
37 1484
39 1409
43 1399
38 1451
14 1255
25 1463
33 1499
38 1033
27 1278
24 1423
43 1092
46 1443
11 1330
39 1154
25 1452
36 1421
43 1295
49 1375
16 1384
48 1240
34 1388
22 1052
36 1241
42 1050
17 1102
41 1148
47 1347
41 1440
35 1145
33 1354
15 1496
21 1454
12 1344
11 1242
11 1442
49 1394
22 1495
46 1196
43 1051
18 1309
44 1364
31 1277
40 1166
14 1475
20 1489
26 1055
20 1398
23 1152
16 1464
25 1466
26 1480
42 1207
33 1240
13 1246
32 1000
49 1203
13 1323
46 1085
39 1352
21 1327
44 1396
46 1226
17 1430
39 1024
12 1039
29 1280
48 1205
34 1158
41 1323
28 1090
19 1099
42 1095
27 1255
41 1278
13 1036
33 1285
22 1349
42 1494
38 1142
12 1020
36 1358
47 1256
49 1084
12 1134
15 1137
16 1230
39 1255
30 1334
35 1023
44 1450
20 1401
17 1463
24 1417
36 1140
32 1453
38 1085
20 1498
30 1162
31 1148
43 1352
45 1445
16 1297
32 1291
25 1215
46 1074
35 1002
18 1148
14 1201
40 1290
34 1296
18 1307
33 1468
38 1476
30 1177
39 1357
21 1207
40 1287
17 1322
47 1027
47 1410
11 1057
25 1108
15 1176
45 1093
43 1134
32 1449
29 1418
16 1401
18 1105
47 1407
42 1456
25 1097
35 1329
44 1008
15 1214
30 1256
26 1489
42 1463
38 1203
23 1065
24 1081
28 1219
43 1060
27 1085
23 1370
30 1057
42 1497
19 1152
12 1324
43 1187
17 1125
11 1167
41 1322
42 1494