5500 3500
33 1470
10 1026
27 1156
44 1379
16 1366
11 1109
23 1072
47 1028
21 1016
11 1430
46 1492
12 1339
34 1127
26 1323
36 1444
17 1382
27 1332
27 1101
46 1356
34 1126
39 1178
21 1061
18 1424
36 1233
45 1024
30 1172
16 1077
19 1426
12 1067
27 1158
38 1225
20 1384
32 1244
49 1282
26 1079
23 1433
49 1233
46 1093
18 1271
19 1431
27 1370
39 1450
21 1438
38 1162
15 1281
34 1287
48 1214
10 1264
23 1442
25 1134
45 1478
43 1381
38 1136
31 1196
13 1405
22 1448
40 1097
37 1355
22 1416
48 1445
28 1354
36 1227
22 1216
31 1188
27 1499
21 1230
21 1365
16 1149
41 1280
39 1375
29 1033
32 1193
19 1123
26 1136
10 1063
32 1137
49 1094
43 1244
34 1080
44 1429
44 1270
20 1277
46 1102
49 1313
26 1075
28 1376
37 1180
21 1388
24 1110
30 1434
28 1432
39 1419
42 1459
25 1163
48 1049
27 1274
41 1293
46 1130
27 1080
40 1254
44 1351
21 1025
40 1353
22 1091
19 1311
15 1262
30 1068
36 1317
32 1171
10 1434
47 1066
25 1470
16 1429
22 1179
18 1252
13 1094
29 1302
49 1091
46 1051
47 1075
21 1326
31 1043
46 1372
40 1279
12 1405
20 1069
36 1417
13 1478
42 1054
23 1010
29 1224
41 1200
18 1061
18 1160
16 1125
18 1076
37 1361
29 1260
30 1399
18 1278
25 1148
46 1427
19 1186
42 1213
17 1352
41 1379
27 1169
17 1469
49 1056
26 1288
19 1270
12 1124
10 1461
46 1431
26 1018
13 1390
35 1224
40 1205
16 1083
22 1182
44 1328
17 1489
25 1108
42 1283
22 1397
19 1037
16 1494
46 1461
37 1327
34 1264
38 1113
28 1093
13 1077
44 1490
12 1097
12 1343
46 1223
19 1110
20 1024
15 1366
19 1260
36 1402
17 1304
47 1437
11 1452
14 1295
10 1438
21 1053
42 1040
36 1023
35 1168
24 1458
40 1207
37 1426
20 1104
17 1401
31 1210
11 1135
37 1338
31 1083
27 1030
21 1205
19 1413
11 1298
41 1400
28 1178
25 1409
48 1251
20 1299
37 1492
13 1407
35 1198
43 1146
23 1466
41 1042
16 1396
34 1183
39 1128
12 1299
22 1395
27 1112
19 1499
23 1228
30 1026
11 1363
47 1401
14 1211
39 1281
11 1107
39 1438
31 1274
25 1320
13 1391
47 1004
19 1273
35 1319
27 1370
21 1433
40 1252
10 1080
38 1288
11 1050
11 1469
35 1348
15 1106
19 1370
31 1160
10 1096
16 1145
38 1231
40 1454
14 1027
37 1067
42 1297
22 1382
28 1488
33 1025
38 1486
33 1016
33 1022
24 1074
44 1155
46 1327
23 1353
22 1339
38 1441
11 1441
26 1243
40 1405
31 1035
45 1453
39 1215
43 1230
14 1450
11 1245
34 1471
15 1373
49 1473
14 1371
38 1353
23 1019
43 1087
45 1002
18 1293
18 1007
10 1496
49 1009
37 1055
16 1191
33 1327
19 1361
27 1256
29 1235
44 1267
28 1170
42 1485
43 1336
32 1280
31 1487
26 1303
37 1313
44 1433
16 1170
11 1189
13 1127
30 1276
40 1217
26 1444
33 1065
26 1438
46 1311
21 1281
22 1163
11 1483
34 1194
12 1464
44 1186
20 1267
36 1341
45 1451
40 1323
46 1165
26 1019
32 1348
41 1293
33 1344
25 1477
36 1325
43 1307
23 1247
38 1203
11 1355
26 1446
32 1286
24 1437
49 1333
19 1488
17 1386
27 1042
42 1300
48 1341
32 1223
11 1259
41 1221
33 1424
23 1172
28 1001
10 1441
48 1100
26 1121
45 1192
38 1085
47 1398
10 1469
19 1370
36 1201
40 1301
16 1203
29 1129
33 1002
26 1258
44 1366
49 1183
32 1376
37 1349
41 1062
16 1260
17 1058
39 1062
18 1406
19 1171
41 1121
28 1136
45 1098
19 1312
38 1473
43 1045
30 1427
40 1089
21 1308
31 1087
39 1248
42 1368
26 1449
25 1321
34 1398
12 1017
45 1227
47 1175
13 1246
16 1336
34 1158
43 1348
38 1166
25 1320
14 1271
44 1042
43 1284
35 1330
18 1363
42 1477
32 1155
33 1473
45 1270
24 1465
40 1123
16 1085
41 1317
27 1345
18 1386
32 1350
10 1167
33 1034
44 1237
10 1428
11 1292
34 1258
21 1327
14 1191
21 1478
22 1327
24 1472
24 1133
12 1485
12 1196
10 1199
30 1344
19 1330
40 1250
31 1370
21 1009
45 1428
21 1281
10 1034
42 1386
39 1303
39 1325
18 1291
10 1174
26 1434
11 1456
46 1323
44 1138
31 1389
47 1092
39 1338
17 1491
23 1091
36 1498
13 1296
37 1035
26 1233
47 1005
30 1206
38 1298
12 1282
15 1210
44 1056
44 1456
17 1497
49 1258
49 1122
33 1032
45 1041
45 1134
13 1201
11 1321
30 1474
32 1481
34 1481
23 1232
35 1381
29 1487
31 1055
39 1119
33 1109
37 1317
46 1289
26 1397
31 1054
44 1333
28 1497
22 1216
33 1157
24 1328
17 1291
17 1176
39 1006
35 1346
16 1344
17 1474
44 1233
38 1085
28 1246
26 1334
14 1459
16 1215
34 1437
26 1318
27 1289
15 1181
22 1497
39 1362
32 1416
15 1214
44 1277
26 1499
46 1189
14 1445
44 1097
39 1218
28 1316
38 1159
26 1187
41 1251
15 1183
23 1427
47 1433
43 1388
33 1351
30 1220
43 1349
35 1067
25 1142
47 1036
24 1146
47 1320
37 1126
17 1197
19 1176
21 1010
30 1011
43 1359
32 1132
10 1226
39 1240
27 1084
43 1230
35 1468
38 1211
37 1484
34 1212
32 1138
30 1478
32 1106
36 1495
40 1202
33 1277
16 1226
12 1296
48 1232
33 1024
49 1442
30 1095
26 1093
40 1053
25 1177
38 1143
36 1188
23 1398
33 1098
12 1258
11 1415
24 1056
21 1252
27 1280
36 1012
40 1070
38 1243
10 1125
13 1198
11 1056
35 1139
41 1466
23 1044
16 1491
17 1016
45 1057
41 1355
42 1156
45 1134
15 1323
28 1233
25 1497
11 1259
48 1250
47 1290
25 1094
40 1233
14 1136
12 1303
47 1134
25 1059
40 1023
22 1352
16 1497
17 1153
29 1165
38 1043
11 1388
19 1213
28 1251
33 1234
40 1408
47 1013
42 1055
48 1029
19 1319
24 1105
11 1008
29 1161
33 1439
44 1256
14 1310
37 1358
30 1042
25 1083
47 1096
40 1383
43 1477
28 1025
25 1448
27 1423
34 1247
38 1236
23 1419
17 1200
12 1260
33 1037
23 1402
21 1269
13 1269
34 1430
22 1166
29 1132
41 1215
45 1084
26 1367
34 1285
31 1412
35 1208
43 1203
35 1012
12 1234
17 1096
10 1105
40 1175
33 1178
34 1340
36 1214
21 1372
14 1289
28 1435
31 1295
21 1467
39 1140
41 1238
25 1351
10 1105
38 1361
39 1121
42 1174
17 1260
30 1396
45 1234
13 1171
10 1296
39 1467
48 1448
39 1029
38 1317
49 1058
19 1152
45 1201
44 1219
18 1219
46 1467
33 1292
22 1473
39 1355
37 1170
29 1265
17 1020
45 1168
11 1439
14 1477
25 1379
18 1266
16 1164
36 1455
17 1041
31 1299
41 1001
12 1207
29 1059
18 1313
42 1141
11 1409
27 1418
21 1310
41 1019
10 1092
14 1371
32 1102
27 1296
12 1118
22 1487
28 1415
12 1299
46 1396
10 1143
41 1089
26 1262
20 1279
43 1123
44 1091
41 1363
33 1476
32 1370
38 1285
39 1319
33 1390
33 1421
42 1379
49 1299
44 1394
14 1210
22 1437
48 1460
40 1061
23 1151
41 1345
40 1458
18 1220
47 1220
13 1340
42 1472
16 1499
23 1103
28 1203
46 1390
28 1404
26 1475
21 1415
16 1496
13 1297
45 1065
30 1015
42 1161
43 1184
13 1196
47 1346
38 1181
49 1360
14 1020
24 1405
22 1047
39 1018
35 1407
24 1270
30 1126
11 1468
25 1115
11 1203
40 1169
25 1105
25 1074
15 1302
33 1394
22 1342
10 1069
33 1146
36 1068
31 1205
40 1382
20 1212
36 1319
41 1476
45 1474
44 1056
27 1407
39 1386
10 1031
11 1265
39 1493
40 1405
18 1098
44 1164
33 1486
42 1085
40 1303
46 1232
18 1348
18 1294
25 1000
46 1471
17 1123
39 1027
26 1492
13 1433
12 1348
17 1438
40 1114
33 1471
20 1082
13 1093
25 1305
46 1090
30 1421
10 1310
27 1442
44 1020
43 1024
43 1144
32 1396
36 1101
26 1257
33 1470
10 1179
48 1022
38 1466
43 1130
35 1277
22 1116
18 1379
34 1351
13 1383
13 1238
28 1134
32 1497
48 1324
39 1229
10 1371
27 1488
39 1423
28 1289
12 1444
34 1044
33 1377
35 1331
11 1255
11 1198
27 1189
12 1392
24 1499
24 1216
31 1388
17 1102
44 1002
19 1055
28 1248
16 1101
20 1030
47 1141
46 1355
45 1118
43 1122
47 1489
22 1299
21 1161
24 1288
32 1353
23 1435
47 1049
30 1029
36 1489
13 1177
20 1217
44 1142
12 1244
13 1493
41 1255
23 1233
40 1039
47 1129
23 1025
21 1130
12 1440
25 1280
45 1399
20 1083
10 1262
21 1260
24 1134
33 1065
42 1085
32 1082
16 1413
14 1041
49 1234
21 1177
43 1033
34 1038
37 1295
15 1127
36 1187
15 1094
27 1119
13 1437
46 1287
36 1495
49 1052
18 1258
42 1093
49 1266
42 1317
31 1169
10 1402
44 1459
44 1099
28 1353
46 1276
34 1122
40 1041
42 1187
15 1289
28 1235
17 1183
17 1046
21 1227
18 1157
32 1471
24 1437
39 1213
22 1001
44 1259
28 1187
13 1003
33 1328
37 1170
15 1032
37 1128
20 1471
39 1246
27 1425
40 1063
27 1406
17 1292
17 1291
31 1352
27 1203
13 1135
41 1252
16 1220
44 1179
14 1427
16 1168
27 1366
31 1415
30 1118
36 1390
29 1057
45 1166
44 1485
30 1183
29 1232
24 1313
35 1490
18 1254
33 1351
49 1495
43 1445
24 1047
42 1430
47 1353
31 1019
23 1461
15 1112
28 1217
33 1330
11 1153
22 1392
18 1286
27 1109
40 1113
48 1138
43 1241
19 1471
11 1096
43 1323
15 1428
31 1493
39 1415
45 1115
49 1445
25 1376
25 1321
37 1306
33 1148
25 1258
47 1358
27 1486
17 1234
24 1481
43 1414
35 1052
28 1290
20 1407
12 1019
10 1078
45 1066
41 1229
27 1305
27 1239
25 1053
35 1276
29 1201
45 1097
41 1092
30 1367
48 1261
30 1440
29 1393
41 1298
48 1291
46 1404
24 1438
44 1440
28 1072
28 1424
36 1064
19 1106
16 1157
16 1407
38 1189
19 1466
40 1487
31 1463
45 1359
24 1430
22 1171
21 1394
23 1435
43 1368
35 1417
39 1227
48 1399
40 1465
35 1181
42 1088
40 1131
48 1265
16 1248
28 1106
14 1437
48 1316
13 1335
35 1012
25 1472
29 1486
13 1410
46 1317
21 1283
23 1330
49 1223
43 1204
23 1123
43 1119
20 1027
25 1113
41 1473
49 1342
46 1355
25 1235
41 1169
30 1048
21 1311
49 1460
17 1492
46 1162
25 1404
11 1313
47 1253
42 1057
39 1086
31 1227
47 1082
46 1058
39 1051
29 1169
13 1499
13 1015
42 1424
12 1138
29 1299
17 1408
28 1342
48 1044
12 1300
45 1192
14 1115
48 1435
25 1366
38 1417
45 1330
38 1424
24 1077
22 1151
10 1002
39 1048
35 1300
23 1312
25 1087
12 1003
20 1122
31 1047
20 1482
37 1138
37 1214
31 1055
40 1312
34 1340
44 1345
29 1480
41 1359
13 1461
43 1053
20 1039
25 1161
11 1191
37 1147
44 1355
33 1076
21 1169
47 1146
10 1089
39 1485
14 1455
28 1411
33 1239
11 1006
43 1072
49 1176
16 1314
42 1126
49 1198
10 1166
48 1263
11 1437
49 1122
18 1266
18 1166
19 1458
18 1083
10 1241
22 1262
18 1379
17 1314
38 1364
33 1299
43 1141
14 1081
28 1319
30 1080
42 1464
44 1418
21 1218
31 1470
15 1478
12 1458
18 1038
43 1213
16 1065
27 1171
40 1218
43 1182
13 1445
41 1492
10 1272
38 1062
20 1251
34 1289
22 1300
23 1262
20 1292
13 1004
37 1019
40 1268
13 1034
41 1315
14 1186
33 1099
16 1063
20 1169
28 1303
18 1430
47 1109
36 1216
13 1075
35 1259
12 1450
27 1201
25 1315
16 1239
17 1474
45 1480
45 1415
25 1303
39 1450
49 1153
27 1224
36 1262
38 1376
38 1479
35 1053
48 1378
41 1026
43 1086
37 1340
25 1275
32 1397
35 1457
27 1260
20 1188
49 1343
19 1099
18 1385
13 1470
12 1236
48 1395
42 1238
42 1123
16 1022
34 1407
17 1197
42 1463
22 1282
23 1159
14 1053
22 1344
49 1011
15 1414
41 1409
43 1027
10 1112
39 1265
11 1424
47 1359
37 1475
10 1050
34 1008
48 1353
23 1371
22 1242
15 1412
30 1325
12 1217
32 1437
41 1494
40 1164
37 1473
29 1201
35 1488
30 1012
38 1435
38 1411
49 1167
35 1132
44 1295
47 1262
14 1050
14 1432
32 1464
27 1118
48 1066
18 1386
43 1228
20 1376
17 1027
36 1017
45 1302
33 1489
27 1333
21 1231
14 1065
27 1103
44 1499
20 1398
27 1372
14 1193
15 1487
11 1235
25 1461
14 1399
27 1076
28 1034
36 1230
17 1141
42 1350
29 1355
11 1307
46 1435
22 1415
32 1198
31 1497
44 1304
42 1062
24 1238
13 1306
17 1412
47 1037
24 1188
21 1037
38 1132
44 1464
44 1194
27 1198
33 1127
40 1356
19 1051
15 1356
43 1008
16 1177
44 1237
30 1019
49 1394
46 1331
36 1443
46 1050
45 1420
25 1013
40 1248
40 1302
49 1347
35 1250
13 1272
27 1241
36 1367
47 1461
43 1423
30 1462
25 1431
29 1487
16 1312
14 1062
12 1290
32 1495
48 1126
12 1346
31 1441
37 1150
32 1141
36 1154
15 1029
48 1326
37 1131
48 1002
44 1366
34 1249
39 1461
11 1190
29 1216
42 1416
16 1474
14 1346
14 1434
34 1320
38 1425
36 1278
13 1066
32 1140
49 1416
24 1445
40 1306
27 1499
26 1097
23 1410
36 1109
42 1476
32 1122
17 1170
25 1483
25 1317
25 1198
45 1314
48 1402
25 1190
26 1418
10 1193
49 1157
22 1191
46 1243
13 1442
12 1121
23 1109
47 1443
28 1273
17 1376
36 1325
19 1121
38 1319
48 1460
35 1406
13 1123
46 1316
10 1246
30 1427
12 1052
34 1333
40 1086
35 1153
13 1471
14 1027
25 1104
21 1279
29 1343
40 1183
37 1466
49 1154
41 1091
26 1288
19 1090
29 1218
38 1044
17 1374
31 1205
44 1081
32 1387
43 1233
33 1053
31 1227
18 1462
12 1104
44 1496
33 1230
17 1115
46 1440
27 1178
12 1058
22 1367
21 1084
34 1358
13 1062
33 1314
45 1007
20 1229
15 1107
16 1468
26 1401
14 1165
43 1387
39 1494
29 1358
36 1235
44 1404
35 1210
47 1251
19 1391
16 1151
12 1076
25 1277
29 1167
29 1407
30 1103
35 1484
14 1221
13 1245
12 1084
39 1452
17 1007
21 1280
35 1028
13 1142
20 1169
44 1043
29 1466
45 1192
48 1152
18 1110
47 1131
22 1476
38 1415
46 1196
37 1166
12 1072
21 1047
19 1163
17 1181
23 1308
35 1408
42 1108
30 1062
23 1315
14 1207
43 1493
49 1299
16 1024
39 1032
40 1221
41 1374
21 1053
45 1079
24 1483
24 1432
19 1109
29 1119
12 1143
42 1378
29 1399
37 1122
15 1214
35 1148
48 1070
41 1253
10 1383
34 1205
10 1419
33 1458
32 1408
45 1480
47 1301
25 1144
23 1452
17 1144
49 1086
12 1140
18 1239
21 1286
22 1176
14 1345
35 1061
18 1404
47 1267
21 1061
13 1172
31 1424
20 1211
35 1002
16 1255
42 1455
10 1095
22 1329
41 1479
26 1179
20 1245
49 1380
11 1445
30 1134
33 1057
48 1120
11 1396
36 1066
26 1123
22 1393
10 1286
30 1418
43 1198
43 1179
31 1109
33 1466
26 1354
37 1115
25 1407
49 1048
17 1311
20 1316
43 1264
49 1478
37 1092
12 1211
47 1276
41 1327
14 1377
36 1329
31 1242
21 1479
24 1282
33 1284
37 1295
35 1275
29 1147
26 1154
25 1026
14 1173
30 1051
48 1456
12 1411
25 1251
13 1122
25 1006
20 1245
36 1189
17 1063
12 1077
26 1326
19 1233
28 1297
33 1276
39 1425
40 1158
15 1373
21 1440
24 1009
11 1262
33 1345
34 1213
45 1246
38 1234
40 1435
37 1225
22 1126
23 1332
27 1210
11 1197
23 1463
22 1183
44 1365
32 1091
38 1405
16 1366
23 1335
48 1062
23 1432
21 1156
47 1332
21 1078
37 1240
30 1329
41 1252
33 1203
37 1284
20 1244
37 1090
21 1003
44 1407
37 1129
26 1110
32 1394
37 1048
30 1103
46 1366
25 1005
27 1428
44 1131
15 1253
26 1078
23 1358
21 1035
19 1082
27 1294
36 1007
37 1226
19 1326
30 1326
37 1037
35 1335
11 1389
19 1042
10 1184
40 1173
18 1402
24 1185
23 1343
18 1489
41 1183
29 1111
21 1142
28 1384
22 1245
20 1097
26 1280
14 1284
35 1195
46 1148
34 1056
21 1007
10 1207
12 1292
21 1475
35 1399
39 1269
35 1448
38 1152
43 1387
16 1482
26 1374
22 1013
32 1087
39 1046
28 1091
45 1408
22 1293
25 1392
34 1221
42 1450
35 1439
16 1324
48 1473
21 1479
22 1155
18 1403
15 1243
47 1112
14 1369
46 1418
33 1420
14 1194
24 1224
41 1231
43 1370
35 1370
18 1428
23 1043
16 1321
47 1162
28 1403
37 1424
17 1265
46 1245
20 1099
31 1252
27 1281
42 1091
48 1401
28 1133
25 1421
25 1139
21 1367
40 1270
40 1499
12 1396
26 1062
27 1295
11 1375
47 1122
17 1306
47 1088
40 1337
14 1444
11 1230
14 1166
47 1184
22 1233
27 1124
31 1470
38 1097
10 1114
30 1247
49 1345
27 1023
43 1326
21 1250
19 1426
46 1494
13 1172
26 1480
13 1454
10 1086
14 1088
14 1430
14 1286
15 1273
39 1264
10 1010
46 1226
27 1149
38 1154
45 1044
28 1219
49 1025
46 1200
29 1227
29 1242
33 1197
36 1210
36 1139
37 1286
15 1076
42 1087
48 1018
17 1488
29 1492
34 1384
49 1319
35 1304
46 1462
18 1211
45 1215
12 1137
36 1493
25 1072
25 1019
20 1048
19 1193
18 1405
38 1491
37 1191
21 1393
25 1399
14 1054
36 1119
24 1369
35 1098
25 1434
16 1453
31 1439
25 1049
20 1147
27 1406
30 1330
49 1144
14 1261
26 1470
33 1141
48 1389
24 1168
22 1410
41 1345
34 1257
20 1063
42 1217
10 1123
29 1102
11 1393
25 1139
36 1052
47 1321
17 1211
27 1047
42 1367
39 1470
39 1311
31 1242
47 1311
12 1121
41 1321
34 1271
19 1427
43 1230
27 1289
35 1262
27 1061
43 1446
26 1253
31 1237
29 1045
49 1466
33 1028
41 1000
42 1297
14 1454
30 1410
39 1375
21 1008
40 1302
15 1440
38 1309
45 1456
18 1206
16 1337
30 1012
10 1329
44 1131
39 1294
31 1153
39 1090
33 1093
47 1189
23 1259
22 1062
35 1454
13 1356
25 1166
12 1113
32 1225
38 1046
15 1157
21 1430
45 1301
27 1253
46 1442
27 1114
26 1415
44 1205
20 1091
36 1361
22 1355
23 1016
28 1028
47 1386
27 1083
38 1307
13 1317
18 1226
22 1437
32 1013
25 1432
46 1094
11 1026
42 1159
37 1171
29 1264
21 1076
27 1169
43 1414
40 1012
24 1405
20 1226
37 1478
11 1213
45 1195
19 1490
27 1151
13 1160
43 1268
18 1171
13 1058
16 1183
27 1017
42 1492
44 1385
24 1111
48 1427
45 1032
39 1233
16 1035
23 1416
25 1475
28 1399
34 1259
17 1477
14 1287
42 1301
41 1385
11 1454
38 1008
19 1490
30 1361
31 1491
36 1348
20 1268
19 1214
47 1482
29 1173
26 1179
21 1282
40 1291
26 1384
15 1281
48 1226
34 1081
24 1461
30 1077
43 1350
20 1403
22 1276
31 1466
40 1342
46 1457
20 1254
10 1168
38 1086
43 1372
43 1135
48 1121
35 1088
40 1439
41 1079
12 1325
48 1397
26 1319
15 1259
11 1001
37 1034
36 1287
39 1276
42 1346
12 1369
26 1119
13 1393
14 1368
42 1075
32 1456
39 1139
42 1154
22 1199
36 1333
49 1152
33 1136
23 1183
11 1045
23 1444
33 1070
26 1429
31 1271
12 1454
39 1302
26 1190
43 1143
15 1084
19 1338
18 1392
26 1103
37 1341
25 1263
16 1122
24 1300
46 1031
13 1432
27 1101
19 1476
42 1386
15 1318
16 1289
49 1158
23 1265
31 1441
17 1275
49 1272
12 1005
47 1180
29 1294
44 1093
24 1084
42 1304
26 1408
18 1084
16 1107
46 1419
10 1263
31 1497
15 1356
39 1336
29 1418
47 1008
34 1474
22 1169
37 1423
33 1272
34 1412
22 1374
20 1331
17 1315
39 1054
18 1492
12 1286
37 1413
40 1122
27 1321
39 1205
28 1381
41 1291
28 1338
22 1209
38 1076
49 1318
35 1370
10 1296
34 1323
48 1429
45 1074
33 1270
10 1205
16 1072
25 1182
28 1268
22 1411
12 1355
40 1474
39 1281
26 1287
32 1288
34 1147
40 1245
16 1157
22 1223
34 1273
24 1388
35 1407
10 1485
12 1066
43 1217
22 1035
21 1063
29 1139
26 1486
27 1444
49 1452
15 1491
49 1079
16 1136
11 1222
33 1330
37 1220
18 1383
29 1012
14 1339
47 1199
21 1036
43 1083
46 1151
11 1288
36 1204
16 1024
10 1344
33 1187
10 1069
38 1076
26 1128
11 1339
23 1447
26 1150
41 1101
39 1027
20 1103
39 1114
13 1140
22 1164
30 1387
26 1490
46 1226
15 1212
23 1025
40 1476
28 1401
26 1099
46 1038
34 1460
10 1241
12 1225
28 1286
49 1117
17 1163
29 1455
14 1250
44 1308
12 1224
32 1176
34 1237
30 1235
16 1423
24 1273
49 1461
42 1052
12 1406
25 1363
31 1124
24 1043
31 1315
32 1253
41 1200
40 1407
45 1072
38 1478
46 1414
29 1299
21 1130
38 1104
38 1484
16 1085
35 1461
23 1090
34 1089
42 1403
17 1128
39 1418
30 1415
49 1293
22 1206
17 1464
47 1167
27 1180
49 1093
21 1291
30 1201
11 1293
35 1199
36 1053
14 1271
41 1167
33 1427
28 1208
44 1248
29 1175
42 1056
21 1437
34 1162
43 1029
19 1221
36 1325
48 1228
14 1262
20 1291
29 1244
47 1380
41 1020
33 1279
28 1375
19 1210
16 1395
29 1376
32 1112
46 1377
10 1283
10 1121
22 1445
22 1254
47 1382
26 1119
49 1428
13 1376
39 1411
38 1024
39 1187
14 1084
27 1014
48 1324
33 1238
23 1456
14 1008
26 1182
24 1446
21 1180
23 1439
35 1308
35 1499
32 1285
23 1346
45 1214
44 1094
34 1300
16 1230
27 1091
19 1193
43 1325
45 1065
25 1368
46 1167
24 1383
41 1081
14 1022
19 1338
28 1218
24 1370
12 1051
42 1087
18 1315
18 1170
44 1375
20 1119
18 1327
41 1267
19 1266
46 1182
10 1152
17 1180
47 1302
19 1294
17 1012
12 1043
32 1091
27 1242
49 1082
48 1240
39 1122
16 1027
10 1487
38 1053
25 1152
20 1400
43 1115
14 1126
17 1383
31 1356
32 1411
38 1483
19 1114
29 1104
18 1185
16 1470
10 1250
19 1089
48 1428
10 1320
31 1012
14 1202
35 1123
15 1157
13 1311
25 1001
31 1318
43 1273
10 1264
38 1367
13 1483
46 1259
48 1339
15 1106
35 1080
32 1266
13 1438
15 1419
20 1339
35 1284
41 1057
38 1209
46 1304
47 1018
44 1309
22 1225
13 1054
33 1125
33 1461
26 1499
47 1140
48 1493
15 1330
23 1056
29 1305
35 1318
35 1307
32 1254
17 1008
45 1063
14 1344
10 1255
33 1439
47 1081
49 1499
30 1341
49 1291
28 1198
49 1225
16 1390
25 1423
22 1123
32 1098
12 1136
21 1258
29 1040
19 1190
17 1182
48 1389
24 1009
43 1312
22 1223
37 1338
23 1193
41 1330
19 1428
23 1081
41 1314
17 1111
41 1199
28 1292
23 1352
17 1206
46 1083
35 1382
48 1374
37 1330
26 1042
11 1052
35 1075
35 1299
39 1449
35 1132
21 1061
11 1267
36 1159
14 1027
43 1012
49 1296
40 1080
33 1375
29 1394
29 1110
45 1308
17 1232
40 1047
39 1387
44 1186
45 1433
35 1186
43 1030
16 1393
29 1351
44 1189
19 1160
19 1292
43 1141
10 1418
24 1136
27 1292
22 1182
28 1493
47 1062
15 1062
33 1074
20 1182
30 1126
18 1094
29 1188
43 1419
37 1428
19 1474
45 1080
15 1159
29 1441
20 1222
34 1273
30 1359
38 1497
18 1302
25 1201
19 1306
30 1247
23 1466
22 1381
26 1443
40 1180
31 1373
46 1441
27 1129
16 1086
39 1308
49 1264
18 1176
11 1095
49 1073
45 1164
11 1074
17 1417
48 1432
49 1487
38 1412
48 1253
23 1389
10 1413
20 1267
47 1496
44 1205
43 1401
41 1214
12 1195
43 1329
17 1374
13 1360
29 1222
43 1135
48 1148
16 1229
37 1131
30 1140
16 1405
24 1391
31 1185
22 1356
31 1492
18 1403
24 1148
16 1071
10 1138
40 1485
15 1288
22 1046
42 1181
17 1030
14 1348
20 1322
38 1480
20 1193
41 1011
32 1455
42 1099
15 1231
44 1359
43 1349
15 1247
14 1131
12 1067
19 1007
21 1002
17 1146
39 1149
48 1455
37 1019
27 1263
11 1027
15 1178
12 1151
26 1091
49 1107
29 1043
11 1284
37 1431
10 1096
36 1322
28 1323
16 1239
34 1403
29 1024
42 1040
11 1430
49 1072
36 1462
37 1190
20 1335
24 1476
38 1109
26 1252
33 1013
45 1482
42 1413
49 1024
38 1387
39 1497
46 1376
14 1309
34 1400
49 1406
48 1158
29 1214
22 1481
35 1168
39 1475
10 1094
39 1486
38 1253
38 1079
31 1131
40 1333
41 1424
24 1102
10 1422
34 1441
17 1447
17 1131
36 1086
15 1225
35 1435
23 1115
21 1435
43 1110
16 1040
36 1491
10 1484
22 1085
35 1436
28 1438
41 1146
34 1457
45 1478
23 1179
22 1134
20 1332
15 1412
39 1268
23 1011
48 1440
15 1328
34 1468
27 1433
37 1370
45 1247
11 1018
11 1364
37 1082
10 1128
12 1309
36 1389
12 1406
42 1390
13 1497
41 1120
18 1054
45 1386
48 1333
10 1009
26 1433
12 1062
43 1025
12 1117
11 1155
34 1438
11 1104
22 1254
17 1154
12 1336
23 1116
44 1318
33 1487
36 1311
14 1090
44 1252
41 1495
29 1243
47 1107
22 1455
36 1288
35 1272
22 1466
29 1182
36 1171
39 1171
25 1263
28 1418
22 1364
15 1301
47 1498
45 1307
11 1441
14 1302
40 1000
25 1491
25 1006
12 1205
21 1379
39 1126
43 1022
41 1262
30 1257
33 1070
36 1472
22 1224
49 1354
39 1210
19 1192
27 1419
13 1055
30 1384
38 1267
24 1419
39 1170
44 1126
27 1255
12 1393
16 1039
16 1252
15 1139
48 1204
39 1335
44 1162
37 1133
30 1390
48 1259
15 1305
47 1283
26 1235
14 1259
28 1177
40 1018
40 1359
46 1318
30 1191
25 1472
49 1148
21 1334
49 1342
13 1301
45 1385
36 1461
16 1078
20 1413
38 1320
46 1383
25 1487
18 1034
39 1319
18 1279
47 1337
49 1433
12 1408
47 1034
33 1020
45 1186
21 1084
41 1410
39 1273
31 1171
40 1289
42 1016
24 1126
20 1246
32 1231
11 1090
10 1496
46 1360
30 1215
39 1436
24 1123
41 1339
39 1394
38 1091
19 1256
26 1344
15 1172
20 1142
48 1054
47 1397
19 1274
31 1370
38 1134
47 1267
45 1170
35 1456
36 1349
37 1085
41 1447
48 1163
34 1163
11 1192
30 1189
25 1284
20 1340
10 1360
43 1386
36 1127
36 1358
30 1068
13 1140
48 1071
24 1241
48 1236
34 1466
22 1141
11 1257
22 1469
16 1075
11 1186
33 1419
41 1444
17 1365
15 1086
24 1298
21 1140
30 1032
35 1262
33 1396
15 1025
29 1447
34 1190
31 1306
33 1076
29 1496
32 1018
48 1223
14 1141
13 1467
46 1065
22 1262
12 1457
46 1457
20 1246
43 1076
24 1116
26 1276
39 1055
24 1008
48 1376
39 1306
26 1034
25 1346
12 1138
33 1248
44 1185
34 1192
16 1264
40 1042
16 1142
32 1389
22 1200
30 1151
48 1363
23 1243
38 1306
14 1377
25 1305
29 1101
42 1381
15 1409
41 1235
21 1427
27 1009
46 1381
22 1186
43 1324
38 1424
13 1009
39 1381
40 1289
47 1176
45 1022
34 1328
38 1410
36 1367
11 1437
18 1194
36 1406
29 1144
20 1006
15 1226
29 1067
35 1248
12 1394
45 1100
41 1265
36 1389
15 1371
47 1293
38 1152
41 1177
23 1052
28 1430
48 1271
48 1255
23 1498
44 1066
43 1356
48 1262
34 1338
23 1266
39 1126
39 1123
31 1418
10 1071
49 1144
14 1408
19 1446
20 1245
18 1040
45 1175
38 1339
48 1034
25 1119
17 1104
40 1143
46 1141
13 1467
41 1074
44 1139
19 1028
23 1181
20 1118
25 1196
12 1458
46 1172
41 1139
24 1454
14 1070
22 1280
46 1105
24 1331
47 1105
20 1474
15 1115
43 1347
38 1424
35 1444
24 1240
15 1173
26 1013
15 1442
40 1478
14 1228
45 1217
30 1094
40 1446
33 1415
23 1152
45 1043
38 1392
34 1421
49 1442
30 1087
22 1099
15 1154
16 1233
11 1011
40 1254
19 1078
22 1087
38 1420
30 1367
13 1075
22 1228
39 1032
15 1168
18 1496
34 1350
32 1227
37 1313
24 1162
10 1259
21 1120
33 1459
33 1338
36 1354
43 1462
33 1408
37 1323
29 1045
42 1388
35 1131
45 1064
23 1085
49 1013
46 1275
38 1308
43 1311
32 1022
17 1095
49 1110
22 1003
19 1126
30 1346
35 1131
17 1340
23 1072
35 1131
26 1149
39 1317
13 1314
21 1017
16 1455
10 1460
12 1347
39 1030
49 1196
33 1087
46 1245
25 1151
45 1049
38 1005
44 1489
30 1149
31 1382
39 1431
24 1146
26 1248
20 1201
12 1033
11 1239
49 1205
48 1443
36 1416
34 1312
23 1249
41 1050
29 1372
42 1233
38 1230
46 1392
35 1122
20 1291
28 1144
29 1250
36 1317
37 1157
37 1189
46 1153
47 1397
35 1251
19 1121
47 1124
18 1112
23 1393
44 1298
20 1154
13 1073
30 1338
32 1113
12 1202
27 1270
48 1281
18 1496
49 1118
41 1110
21 1158
26 1049
17 1266
39 1015
48 1448
16 1462
18 1402
23 1154
34 1297
19 1476
40 1409
40 1317
18 1104
20 1407
37 1337
49 1332
27 1145
22 1156
29 1065
13 1206
21 1479
25 1136
21 1099
34 1340
43 1494
31 1027
26 1113
48 1122
44 1081
33 1070
12 1428
26 1101
17 1327
26 1346
30 1064
34 1004
13 1156
12 1233
24 1391
19 1490
14 1146
43 1276
40 1041
14 1152
27 1226
13 1379
28 1208
44 1444
43 1186
19 1003
36 1268
24 1283
49 1034
22 1112
20 1107
22 1381
49 1139
26 1256
33 1374
16 1431
17 1355
21 1288
20 1444
22 1205
10 1416
16 1361
40 1421
30 1493
13 1135
43 1142
30 1204
46 1053
24 1291
10 1285
26 1492
20 1424
48 1118
23 1161
25 1493
43 1188
22 1393
16 1410
47 1248
15 1264
28 1324
45 1268
33 1195
26 1368
49 1027
46 1050
29 1497
26 1423
45 1102
15 1043
39 1108
29 1450
42 1216
13 1068
29 1344
16 1260
24 1181
49 1041
26 1159
42 1365
42 1444
20 1140
46 1219
13 1063
45 1456
43 1466
33 1419
12 1039
26 1011
40 1188
13 1247
22 1121
33 1275
28 1408
20 1261
10 1488
40 1351
33 1282
40 1208
38 1218
42 1463
42 1128
21 1315
25 1074
38 1333
28 1080
46 1431
13 1300
10 1410
12 1485
19 1113
32 1361
43 1387
44 1341
36 1171
17 1031
41 1390
42 1036
15 1096
17 1307
17 1441
45 1318
29 1280
19 1314
25 1480
25 1083
21 1046
23 1489
35 1236
45 1053
48 1141
18 1336
12 1220
11 1226
22 1109
11 1346
40 1327
15 1272
16 1209
27 1475
11 1314
31 1326
39 1239
12 1322
18 1102
21 1203
46 1050
30 1450
27 1092
21 1288
21 1350
21 1293
10 1151
28 1292
14 1390
34 1142
32 1009
10 1059
31 1022
29 1180
39 1470
26 1003
42 1300
19 1389
36 1393
21 1392
46 1012
24 1098
47 1218
33 1053
24 1269
10 1080
47 1475
33 1299
31 1094
41 1347
30 1075
22 1214
35 1106
34 1192
33 1319
30 1170
45 1288
25 1278
40 1311
10 1367
25 1271
12 1463
18 1119
41 1145
23 1092
10 1140
35 1044
29 1205
44 1357
38 1211
33 1157
23 1290
20 1077
33 1187
21 1160
14 1045
44 1395
25 1003
42 1428
29 1315
26 1318
29 1173
31 1051
30 1347
47 1407
14 1218
48 1334
26 1129
12 1437
33 1102
45 1425
25 1408
26 1013
10 1144
45 1488
37 1106
48 1067
49 1103
19 1182
45 1016
40 1459
44 1275
19 1451
30 1481
40 1097
13 1466
36 1190
22 1286
45 1228
20 1286
30 1340
48 1350
12 1292
40 1362
43 1415
39 1408
17 1243
19 1349
33 1160
14 1282
45 1087
44 1000
10 1393
32 1225
34 1258
34 1244
32 1255
32 1133
16 1035
14 1332
41 1011
21 1384
12 1360
11 1206
23 1200
34 1065
46 1237
11 1083
16 1259
47 1251
16 1381
37 1126
33 1241
13 1032
11 1450
13 1469
18 1163
17 1258
33 1221
42 1178
49 1415
17 1083
42 1109
16 1353
41 1304
11 1046
28 1043
44 1034
16 1156
41 1071
29 1283
45 1103
36 1381
39 1250
29 1102
34 1482
35 1344
45 1310
16 1038
41 1368
29 1386
18 1405
32 1184
29 1327
41 1074
36 1150
33 1092
28 1062
24 1055
28 1426
24 1006
30 1405
48 1107
49 1075
43 1222
41 1287
12 1345
15 1186
45 1479
30 1438
25 1045
26 1015
18 1191
31 1174
30 1169
17 1371
39 1416
10 1105
10 1150
28 1427
28 1099
18 1187
39 1350
28 1100
33 1112
25 1474
22 1326
39 1047
28 1390
20 1152
19 1295
41 1459
28 1168
38 1493
10 1026
13 1395
43 1190
19 1241
19 1016
43 1086
29 1252
21 1228
34 1012
38 1188
22 1205
44 1214
41 1256
12 1007
27 1170
45 1273
42 1053
23 1266
25 1316
35 1350
14 1259
44 1032
49 1461
20 1196
29 1114
36 1383
35 1333
10 1494
15 1133
41 1226
44 1184
11 1043
19 1420
10 1351
12 1345
41 1087
31 1251
48 1222
15 1042
43 1251
11 1083
34 1450
24 1139
11 1129
22 1278
14 1409
17 1109
49 1307
35 1119
47 1047
47 1474
22 1217
49 1214
36 1406
24 1408
34 1393
15 1164
30 1060
42 1140
24 1063
35 1015
26 1332
10 1382
23 1217
40 1395
10 1491
24 1305
26 1354
18 1208
42 1351
26 1336
42 1259
19 1180
46 1024
25 1342
39 1068
32 1441
20 1085
23 1131
27 1283
39 1372
48 1258
37 1024
33 1373
15 1023
16 1142
44 1147
29 1452
27 1468
17 1280
37 1253
10 1150
12 1215
30 1464
19 1239
46 1420
20 1464
11 1016
11 1300
21 1011
43 1069
43 1480
21 1474
12 1349
48 1371
19 1075
17 1364
29 1318
26 1278
15 1047
24 1217
14 1428
15 1431
18 1026
36 1040
47 1309
14 1119
24 1432
18 1474
19 1154
39 1023
49 1495
48 1266
19 1239
15 1054
23 1355
47 1474
45 1383
42 1145
48 1435
34 1262
36 1036
36 1155
35 1073
39 1227
29 1313
33 1267
40 1150
22 1235
34 1463
22 1121
31 1253
48 1330
20 1287
42 1221
27 1200
47 1387
42 1463
38 1179
26 1147
43 1193
24 1038
23 1490
44 1450
13 1205
18 1333
38 1059
13 1276
19 1307
44 1180
32 1468
37 1220
17 1084
13 1455
29 1454
30 1268
18 1359
17 1303
12 1074
19 1478
22 1181
42 1225
10 1113
22 1258
41 1075
43 1206
36 1085
43 1216
21 1159
48 1013
28 1045
21 1493
31 1247
36 1193
28 1122
38 1359
44 1199
31 1030
14 1473
25 1247
17 1497
18 1081
40 1223
10 1025
46 1399
18 1283
33 1087
21 1425
21 1049
20 1401
12 1125
34 1130
26 1433
14 1081
44 1287
36 1230
31 1004
44 1454
21 1141
15 1039
45 1494
42 1120
26 1031
12 1218
40 1038
36 1474
28 1212
34 1162
33 1365
30 1233
43 1214
24 1231
44 1148
44 1192
11 1204
36 1080
18 1278
13 1048
37 1375
41 1233
39 1059
11 1148
12 1109
26 1190
13 1395
13 1448
39 1234
45 1313
35 1059
21 1241
18 1365
43 1470
20 1259
26 1283
43 1320
36 1368
28 1208
27 1462
46 1261
44 1329
14 1260
15 1075
28 1458
32 1119
17 1171
46 1251
21 1016
30 1034
31 1295
46 1433
48 1078
36 1139
35 1171
20 1367
37 1196
37 1174
15 1066
43 1197
37 1343
20 1385
48 1289
26 1019
37 1176
33 1372
48 1480
40 1259
24 1388
25 1134
24 1435
21 1168
27 1323
17 1119
32 1392
20 1481
47 1152
31 1304
23 1048
44 1458
20 1381
39 1093
31 1161
32 1460
23 1034
45 1068
39 1488
22 1380
25 1162
13 1287
39 1208
30 1300
49 1211
28 1079
46 1479
17 1231
38 1152
25 1424
11 1052
39 1109
20 1244
47 1433
42 1304
39 1069
15 1180
49 1406
45 1095
48 1003
22 1349
44 1493
31 1478
47 1354
44 1087
30 1460
17 1108
26 1102
33 1149
31 1402
46 1416
16 1230
14 1462
29 1285
29 1065
43 1290
39 1118
26 1154
19 1195
32 1402
18 1475
41 1488
19 1044
39 1474
10 1042
17 1470
41 1040
24 1358
41 1353
26 1124
13 1184
13 1057
26 1173
49 1355
18 1098
31 1419
17 1094
25 1092
20 1002
37 1338
36 1094
16 1048
35 1370
39 1131
31 1374
34 1496
11 1141
10 1326
40 1449
33 1041
14 1239
18 1064
18 1314
46 1136
48 1245
31 1436
30 1264
24 1188
33 1045
39 1415
45 1497
44 1059
38 1315
33 1351
32 1163
39 1437
37 1234
11 1056
19 1128
12 1143
29 1480
24 1133
42 1419
30 1230
31 1423
35 1276
19 1197
47 1475
32 1490
17 1404
19 1083
48 1418
42 1222
27 1303
11 1371
12 1160
38 1335
10 1352
30 1043
31 1256
44 1300
14 1487
30 1114
22 1034
20 1280
47 1388
45 1322
18 1365
12 1481
17 1430
35 1273
45 1224
28 1194
13 1034
32 1485
14 1087
13 1365
40 1498
30 1162
27 1119
47 1352
11 1262
42 1298
43 1225
46 1458
23 1362
47 1479
28 1149
28 1259
21 1028
22 1061
14 1031
37 1107
32 1314
21 1248
21 1209
47 1064
21 1435
22 1187
37 1120
47 1336
14 1198
24 1479
17 1255
27 1042
37 1053
38 1006
42 1089
24 1400
33 1313
29 1314
17 1448
37 1242
46 1246
24 1295
22 1135
12 1452
45 1359
21 1331
43 1315
18 1343
33 1487
34 1010
48 1233
34 1208
34 1433
24 1498
17 1204
35 1423
22 1103
45 1246
33 1313
29 1401
17 1246
48 1471
34 1403
16 1076
32 1079
31 1215
23 1451
44 1488
42 1136
40 1319
10 1366
42 1382
13 1125
49 1036
13 1045
12 1194
14 1494
20 1455
38 1336
25 1238
24 1430
41 1105
40 1299
33 1164
30 1183
27 1023
10 1477
45 1479
10 1213
24 1179
39 1246
31 1412
11 1321
35 1474
48 1304
37 1221
28 1045
19 1293
40 1122
46 1340
22 1421
38 1374
33 1040
42 1179
45 1227
15 1136
36 1376
19 1185
35 1077
44 1486
28 1438
38 1453
39 1113
35 1471
49 1466
29 1409
42 1347
44 1129
26 1008
15 1382
47 1289
24 1223
17 1136
48 1290
40 1345
21 1268
28 1068
10 1145
19 1149
10 1005
30 1051
22 1015
16 1173
13 1379
44 1212
42 1380
20 1032
22 1298
23 1306
13 1403
32 1253
41 1194
35 1289
20 1166
10 1435
29 1107
34 1355
16 1232
37 1484
11 1027
49 1226
33 1051
20 1238
36 1282
24 1375
31 1158
32 1306
49 1460
17 1000
45 1433
14 1331
36 1125
38 1191
45 1066
45 1400
34 1381
25 1413
36 1247
13 1371
12 1106
10 1344
25 1433
17 1276
49 1415
16 1408
38 1386
38 1118
43 1094
41 1259
22 1038
27 1488
35 1017
33 1325
29 1277
25 1144
25 1296
37 1447
44 1121
33 1100
48 1229
12 1207
29 1120
11 1175
17 1324
31 1483
46 1305
22 1325
39 1223
36 1349
19 1397
20 1361
29 1449
25 1441
42 1260
41 1472
10 1461
42 1480
15 1218
25 1151
23 1216
47 1292
32 1406
34 1136
36 1473
44 1029
27 1391
39 1322
30 1103
43 1284
23 1024
41 1270
29 1369
12 1245
36 1405
20 1227
29 1369
19 1388
41 1154
11 1220
46 1192
45 1012
46 1151
22 1284
46 1487
43 1025
17 1400
45 1439
24 1210
20 1129
11 1468
16 1098
27 1332
19 1189
47 1484
43 1457
42 1459
15 1431
30 1348
33 1105
30 1191
48 1327
13 1283
46 1386
30 1042
20 1384
10 1343
23 1483
38 1101
23 1035
27 1155
10 1105
11 1262
15 1245
14 1266
32 1124
44 1170
38 1043
31 1384
43 1281
29 1424
30 1053
34 1157
36 1360
39 1081
44 1222
21 1274
39 1237
44 1036
42 1188
44 1041
48 1163
46 1083
48 1066
13 1381
47 1372
12 1395
12 1056
31 1233
44 1326
11 1344
41 1387
39 1000
41 1029
14 1085
32 1398
36 1456
35 1217
12 1423
33 1359
30 1305
31 1248
20 1317
18 1111
21 1114
41 1170
21 1050
48 1427
34 1402
32 1180
42 1462
47 1251
11 1365
46 1157
28 1365
39 1029
30 1279
49 1381
30 1368
39 1088
41 1212
44 1169
46 1375
26 1120
25 1493
15 1091
44 1381
29 1190
37 1107
31 1056
42 1228
22 1019
29 1139
41 1493
32 1107
20 1018
13 1325
36 1087
19 1239
27 1304
19 1178
12 1047
23 1461
37 1388
27 1356
33 1346
28 1266
30 1170
24 1285
18 1042
15 1076
35 1382
36 1174
36 1167
20 1305
17 1192
35 1371
47 1189
16 1127
25 1214
23 1133
47 1297
43 1273
23 1425
13 1367
12 1207
19 1488
17 1303
35 1444
12 1007
32 1329
13 1218
27 1392
26 1068
20 1290
44 1400
15 1231
12 1270
45 1193
26 1373
27 1103
26 1414
23 1382
43 1282
41 1205
39 1406
23 1102
42 1435
28 1267
29 1058
12 1339
44 1227
19 1496
25 1086
41 1284
36 1046
47 1198
20 1002
23 1327
28 1201
49 1407
33 1348
30 1121
38 1224
45 1041
19 1231
28 1360
44 1321
31 1358
35 1484
21 1456
36 1224
15 1006
42 1076
39 1274
43 1366
31 1033
46 1318
35 1417
21 1215
42 1075
36 1036
49 1112
42 1307
44 1213
47 1075
45 1038
11 1174
39 1297
27 1381
43 1255
16 1111
39 1108
17 1035
21 1156
49 1240
22 1098
41 1414
28 1254
32 1137
25 1397
22 1023
41 1476
40 1292
17 1124
49 1242
42 1091
16 1184
38 1095
21 1207
17 1094
30 1201
33 1214
31 1163
43 1397
42 1363
17 1240
15 1396
38 1157
10 1205
45 1429
32 1246
29 1441
32 1391
22 1443
47 1077
43 1183
33 1131
10 1016
33 1281
13 1014
30 1212
32 1197
45 1105
46 1055
14 1077
35 1175
46 1086
21 1363
48 1124
18 1409
42 1496
41 1033
20 1213
18 1018
47 1469
12 1110
30 1327
42 1064
23 1032
18 1197
33 1278
37 1405
45 1155
15 1480
40 1206
25 1112
10 1281
44 1317
48 1216
11 1094
25 1356
24 1049
49 1283
39 1228
44 1036
33 1352
11 1055
49 1473
24 1474
47 1308
14 1094
11 1492
41 1383
39 1359
26 1050
10 1157
21 1354
24 1277
27 1211
40 1317
37 1036
29 1428
17 1065
47 1225
15 1204
34 1393
20 1453
29 1436
19 1373
24 1209
46 1295
16 1347
27 1083
29 1457
44 1224
46 1160
48 1408
31 1176
48 1373
46 1383
15 1029
21 1380
42 1302
24 1442
10 1022
29 1174
44 1282
10 1326
49 1077
46 1013
36 1126
20 1336
49 1420
24 1319
10 1179
25 1411
36 1202
31 1355
44 1349
15 1464
44 1395
46 1481
38 1194
23 1122
18 1117
26 1339
22 1054
46 1471
23 1123
10 1199
37 1365
18 1413
29 1021
32 1210
49 1344
12 1440
32 1033
10 1368
11 1144
29 1473
39 1483
20 1270
33 1185
36 1246
44 1312
45 1171
48 1166
27 1218
33 1305
16 1150
31 1437
35 1099
13 1305
41 1004
30 1367
22 1052
15 1059
44 1367
28 1326
46 1100
36 1088
22 1196
28 1077
13 1002
39 1108
44 1477
20 1140
10 1163
42 1104
10 1210
27 1223
30 1475
16 1147
49 1200
30 1483
24 1136
26 1272
23 1449
49 1102
12 1332
37 1012
40 1282
12 1092
48 1174
29 1080
17 1420
10 1000
33 1204
45 1337
25 1085
48 1152
17 1300
15 1288
41 1370
34 1280
16 1143
34 1198
19 1247
48 1157
11 1403
29 1255
48 1440
21 1337
13 1277
16 1391
38 1277
43 1395
37 1241
34 1437
29 1418
24 1061
29 1016
30 1110
14 1462
47 1067
37 1080
21 1478
30 1487
22 1120
44 1168
23 1248
21 1313
11 1293
20 1125
15 1201
36 1318
37 1257
44 1159
20 1407
33 1017
27 1140
34 1163
45 1028
15 1493
43 1266
15 1242
46 1030
21 1144
44 1105
49 1156
42 1169
12 1231
22 1342
13 1227
10 1002
16 1268
38 1379
49 1325
10 1231
21 1175
46 1045
40 1471
39 1026
34 1162
10 1084
35 1154
32 1128
45 1064
19 1431
32 1128
20 1222
41 1112
33 1065
17 1373
40 1090
40 1140
40 1197
41 1219
38 1011
13 1219
24 1220
31 1417
49 1129
18 1055
35 1032
40 1111
26 1137
48 1469
49 1464
11 1187
38 1019
41 1332
25 1439
43 1141
47 1364
10 1350
30 1032
18 1005
16 1191
26 1290
31 1239
25 1171
48 1492
39 1342
45 1483
17 1144
30 1372
25 1361
39 1098
19 1056
18 1204
25 1424
41 1040
36 1261
26 1065
45 1236
13 1460
12 1337
28 1398
49 1340
36 1252
10 1079
42 1289
10 1244
15 1361
34 1367
39 1095
29 1386
10 1300
16 1138
21 1052
10 1387
40 1415
36 1036
26 1138
15 1139
44 1328
30 1156
24 1338
27 1123
27 1481
26 1256
20 1207
48 1363
46 1117
29 1285
27 1303
12 1496
18 1314
21 1193
47 1000
43 1320
45 1473
38 1111
23 1293
19 1375
40 1092
31 1462
38 1293
46 1330
18 1302
29 1158
27 1337
26 1083
40 1154
10 1129
47 1329
22 1350
47 1165
25 1327
14 1422
15 1146
24 1123
31 1476
10 1406
21 1282
49 1051
48 1048
27 1038
15 1467
26 1395
43 1222
48 1495
17 1457
23 1162
15 1255
44 1168
20 1234
13 1001
49 1203
49 1394
10 1116
30 1230
44 1081
25 1401
20 1228
33 1163
39 1077
16 1155
20 1493
41 1330
41 1173
30 1162
49 1406
19 1280
19 1349
35 1387
19 1480
30 1104
29 1437
34 1482
29 1328
45 1424
20 1025
17 1326
28 1114
32 1397
40 1403
17 1296
22 1027
42 1373
11 1498
11 1151
19 1243
22 1026
27 1172
19 1353
43 1336
33 1041
44 1284
23 1284
33 1192
29 1268
24 1440
39 1006
13 1267
29 1445
17 1464
26 1468
25 1091
49 1398
27 1336
10 1205
21 1227
14 1271
24 1036
26 1100
26 1069
28 1207
20 1055
14 1455
22 1049
19 1011
29 1056
10 1428
44 1422
14 1313
46 1337
20 1041
11 1467
36 1184
23 1122
25 1171
42 1373
30 1179
24 1467
14 1459
21 1436
21 1015
33 1234
43 1278
31 1184
42 1131
28 1110
17 1142
34 1445
25 1188
30 1264
31 1206
24 1157
38 1281
48 1130
40 1416
19 1155
10 1141
39 1372
23 1469
33 1495
36 1221
40 1241
25 1124
19 1093
45 1253
24 1082
29 1302
23 1460
11 1237
39 1249
20 1430
40 1141
27 1059
20 1408
22 1269
15 1460
16 1483
13 1354
44 1317
44 1039
10 1004
12 1099
49 1241
37 1109
19 1183
11 1244
40 1040
11 1268
40 1027
35 1298
33 1282
40 1480
38 1422
34 1489
20 1385
33 1289
29 1060
24 1350
19 1389
18 1088
15 1297
27 1129
19 1080
18 1087
38 1480
14 1173
33 1381
11 1188
21 1187
32 1136
36 1197
48 1423
32 1352
12 1134
17 1335
48 1449
25 1201
45 1363
39 1012
29 1330
22 1304
16 1258
29 1052
17 1246
19 1253
33 1290
44 1063
45 1341
45 1370
27 1270
23 1257
43 1403
10 1361
24 1401
27 1021
15 1349
10 1255
19 1432
34 1088
32 1245
22 1483
29 1139
23 1434
11 1250
44 1438
30 1073
15 1025
30 1255
44 1348
47 1348
40 1126
47 1116
16 1115
33 1230
20 1486
36 1447
33 1374
37 1366
30 1390
49 1009
10 1493
21 1025
49 1077
46 1155
27 1347
27 1380
13 1050
26 1241
25 1200
39 1096
17 1049
29 1012
24 1093
42 1487
21 1237
25 1403
42 1287
16 1428
35 1493
23 1211
22 1436
23 1017
24 1191
22 1321
25 1288
27 1141
23 1190
31 1455
18 1477
35 1307
39 1086
10 1407
30 1269
33 1463
24 1142
27 1474
31 1416
13 1024
28 1329
43 1447
38 1471
15 1042
30 1455
17 1371
38 1427
27 1089
10 1267
19 1165
41 1069
40 1294
29 1364
38 1074
39 1248
17 1141
18 1138
44 1432
18 1072
30 1429
21 1256
14 1464
32 1222
10 1276
47 1364
10 1376
10 1143
22 1216
32 1092
20 1403
35 1201
12 1299
45 1283
28 1294
12 1062
33 1087
37 1237
41 1065
40 1145
14 1126
21 1199
17 1174
35 1322
30 1039
21 1099
22 1311
31 1422
15 1052
36 1155
37 1110
49 1484
22 1130
15 1287
44 1162
27 1250
38 1023
25 1108
32 1279
36 1335
41 1276
21 1241
42 1004
46 1314
37 1372
37 1060
46 1089
39 1434
39 1247
28 1394
37 1045
38 1004
40 1071
44 1266
33 1022
21 1062
13 1165
13 1012
13 1036
21 1015
15 1336
20 1087
43 1108
45 1017
13 1406
39 1428
11 1087
31 1013
11 1164
36 1365
46 1445
27 1035
35 1445
42 1108
47 1258
42 1020
26 1438
22 1395
17 1141
40 1257
31 1416
41 1292
32 1164
27 1447
18 1349
10 1330
30 1050
19 1035
46 1416
41 1299
32 1357
38 1307
19 1291
11 1443
23 1168
41 1450
10 1116
11 1040
49 1480
37 1344
37 1114
38 1253
43 1208
29 1018
10 1392
36 1457
43 1308
25 1461
19 1134
26 1379
36 1212
47 1151
34 1191
26 1076
10 1485
24 1278
35 1211
47 1142
34 1177
19 1167
26 1190
44 1089
36 1342
20 1455
42 1464
36 1294
44 1362
40 1296
14 1163
40 1313
34 1498
29 1126
21 1471
16 1022
14 1046
10 1021
26 1478
41 1238
16 1348
12 1348
41 1173
36 1477
45 1445
25 1303
48 1483
30 1066
38 1108
40 1030
38 1493
18 1422
17 1322
41 1122
35 1289
36 1103
27 1151
36 1141
25 1420
18 1293
26 1308
18 1426
43 1307
24 1452
12 1113
19 1309
36 1466
17 1268
25 1062
39 1009
49 1377
32 1112
22 1243
30 1114
33 1438
47 1433
20 1249
24 1191
27 1355
11 1132
44 1273
40 1001
37 1179
43 1315
15 1216
18 1275
22 1070
17 1034
10 1057
47 1419
45 1334
13 1401
47 1252
42 1129
41 1073
38 1178
15 1354
13 1162
10 1256
24 1488
45 1366
21 1106
15 1297
33 1278
16 1444
23 1183
31 1202
42 1134
46 1224
25 1360
42 1128
27 1475
41 1439
14 1377
28 1213
18 1459
49 1097
30 1147
23 1247
34 1171
36 1193
17 1446
41 1255
20 1022
15 1410
49 1470
23 1201
14 1371
23 1453
18 1026
24 1475
20 1090
14 1157
41 1214
47 1301
41 1381
31 1139
46 1389
41 1473
23 1478
13 1117
12 1091
16 1070
21 1040
17 1261
44 1305
24 1125
16 1246
24 1084
40 1278
14 1122
38 1288
20 1096
35 1287
46 1090
26 1364
18 1031
26 1201
16 1450
26 1436
15 1100
18 1196
47 1104
32 1280
21 1075
15 1278
30 1254
28 1268
24 1072
35 1077
16 1012
15 1353
14 1232
24 1392
39 1059
11 1129
34 1140
16 1253
22 1032
42 1315
37 1457
47 1244
26 1210
49 1271
11 1347
34 1155
45 1347
22 1295
34 1122
31 1488
36 1023
19 1224
41 1090
31 1148
15 1096
17 1064
18 1385
36 1405
47 1315
21 1174
27 1368
10 1477
47 1072
31 1250
16 1195
12 1241
42 1378
18 1010
33 1048
26 1038
15 1305
39 1433
11 1284
45 1300
43 1215
38 1442
25 1037
46 1183
35 1142
44 1466
21 1212
37 1010
16 1178
22 1051
33 1118
12 1071
41 1210
45 1433
42 1015
44 1135
15 1252
24 1115
22 1009
45 1058
47 1263
37 1134
25 1260
28 1132
22 1494
12 1374
23 1496
35 1268
12 1421
12 1223
11 1280
22 1131
35 1300
19 1073
36 1278
14 1164
37 1305
35 1397
42 1270
35 1058
12 1130
23 1130
27 1450
20 1144
18 1304
49 1035
22 1137
15 1038
12 1408
40 1364
28 1143
36 1315
31 1124
34 1192
29 1164
42 1477
16 1159
13 1269
11 1085
41 1083
10 1056
13 1320
36 1349
48 1320
32 1193
49 1113
18 1155
32 1376
43 1241
10 1148
26 1167
16 1090
25 1037
44 1208
39 1194
36 1017
28 1239
27 1227
26 1447
39 1401
49 1463
18 1121
35 1071
38 1322
37 1338
20 1043
38 1174
10 1215
21 1373
26 1289
30 1128
13 1025
25 1499
38 1082
22 1127
32 1469
28 1219
35 1495
32 1097
48 1342
36 1091
16 1297
34 1006
44 1021
30 1262
36 1046
19 1288
24 1089
29 1146
30 1174
13 1094
22 1051
13 1232
49 1245
28 1295
27 1350
46 1108
11 1239
14 1237
10 1005
45 1125
17 1195
28 1086
27 1145
31 1378
15 1235
12 1452
41 1322
49 1027
27 1271
16 1016
25 1393
44 1260
40 1391
44 1015
44 1125
23 1187
16 1230
19 1220
10 1396
10 1314
46 1400
20 1122
35 1138
41 1357
24 1170
39 1116
11 1245
27 1053
20 1344
45 1204
49 1310
28 1324
19 1485
43 1083
18 1453
48 1425
46 1479
44 1100
30 1165
28 1436
23 1021
21 1261
37 1338
39 1451
28 1283
37 1066
16 1027
24 1147
41 1204
35 1223
48 1344
49 1060
48 1424
27 1373
11 1008
34 1252
48 1086
11 1048
26 1117
30 1244
35 1251
39 1233
20 1001
35 1170
21 1478
22 1415
25 1390
34 1063
15 1094
21 1260
42 1074
36 1296
44 1365
42 1039
27 1171
48 1349
42 1444
12 1194
20 1096
47 1138
49 1358
40 1277
38 1132
42 1257
44 1115
29 1244
23 1107
25 1116
26 1159
18 1321
15 1498
42 1215
21 1444
22 1175
46 1443
15 1238
33 1030
28 1484
12 1010
22 1285
12 1494
19 1023
27 1181
37 1128
10 1321
38 1470
48 1165
22 1026
24 1459
43 1399
32 1394
44 1171
14 1197
18 1348
43 1068
49 1383
26 1343
31 1103
14 1141
43 1066
25 1021
27 1167
21 1086
29 1151
30 1357
32 1013
23 1225
23 1247
26 1179
42 1203
18 1453
34 1480
45 1419
15 1456
30 1202
20 1085
40 1278
31 1010
33 1060
42 1388
41 1011
43 1399
35 1253
25 1040
23 1422
28 1421
39 1323
11 1493
23 1485
15 1013
25 1302
18 1236
31 1188
10 1236
40 1424
10 1371
24 1431
13 1195
11 1394
32 1468
46 1342
22 1269
19 1402
41 1128
35 1253
19 1176
20 1448
44 1346
30 1291
21 1174
38 1422
39 1171
45 1022
16 1230
31 1121
39 1121
39 1023
16 1387
34 1330
26 1150
46 1410
28 1118
31 1033
11 1414
42 1163
12 1132
37 1038
27 1467
38 1310
37 1277
46 1495
34 1115
21 1209
38 1155
14 1315
45 1095
12 1091
35 1495
12 1121
14 1311
25 1121
35 1312
23 1315
17 1461
39 1291
14 1248
48 1226
41 1146
11 1125
10 1017
46 1178
49 1326
15 1044
48 1083
19 1378
28 1432
28 1121
10 1091
43 1381
37 1479
16 1162
42 1251
25 1167
25 1181
17 1100
35 1164
31 1255
33 1058
49 1072
33 1059
45 1442
45 1391
22 1092
36 1145
43 1321
41 1002
26 1474
47 1214
48 1057
27 1083
26 1340