5500 7000
36 1167
40 1141
32 1487
25 1341
14 1477
28 1424
28 1476
10 1014
31 1154
44 1429
23 1449
18 1199
33 1484
41 1011
32 1493
34 1000
20 1383
28 1039
16 1187
12 1275
17 1275
39 1365
34 1404
24 1037
22 1249
15 1164
47 1063
46 1465
19 1139
43 1258
11 1406
10 1436
12 1230
37 1470
43 1040
34 1292
34 1160
37 1139
45 1240
28 1119
29 1314
34 1265
23 1014
33 1437
41 1446
17 1400
22 1374
30 1488
23 1459
23 1381
27 1035
19 1141
34 1469
30 1070
32 1002
16 1429
32 1220
20 1058
13 1257
19 1051
40 1232
32 1078
28 1435
45 1306
35 1335
40 1378
29 1152
49 1339
46 1049
49 1361
12 1438
19 1128
36 1299
43 1407
19 1480
14 1292
18 1286
28 1297
10 1141
29 1255
25 1234
11 1478
22 1023
24 1167
45 1099
22 1452
43 1442
33 1499
44 1389
14 1134
36 1411
42 1138
48 1266
18 1043
40 1213
40 1375
25 1163
15 1263
10 1345
38 1407
36 1311
20 1442
26 1132
14 1208
14 1019
16 1119
17 1002
15 1000
16 1033
11 1042
33 1203
30 1213
41 1026
39 1102
24 1166
18 1463
26 1143
10 1348
38 1028
41 1302
25 1474
34 1343
12 1143
45 1093
41 1283
11 1115
17 1100
41 1268
12 1196
40 1065
37 1203
48 1204
11 1494
44 1483
46 1298
20 1292
13 1029
26 1422
38 1210
19 1162
18 1321
23 1039
48 1052
32 1382
17 1286
24 1384
21 1397
14 1448
23 1102
16 1484
27 1361
40 1019
19 1008
31 1074
47 1375
19 1093
31 1046
14 1385
38 1228
25 1061
16 1261
30 1357
31 1478
27 1246
13 1424
45 1375
25 1256
45 1002
19 1135
43 1461
18 1023
22 1435
44 1469
34 1408
33 1133
40 1317
49 1398
43 1067
40 1478
26 1267
46 1079
45 1068
47 1042
35 1357
42 1222
13 1002
28 1034
28 1385
27 1464
46 1216
28 1011
32 1415
19 1167
16 1244
39 1112
38 1188
22 1349
35 1120
40 1466
23 1403
11 1461
30 1453
43 1279
13 1038
13 1300
42 1399
43 1231
38 1163
17 1478
11 1403
37 1272
16 1070
48 1438
13 1023
46 1262
36 1159
35 1351
16 1385
22 1283
42 1081
34 1345
11 1227
46 1386
29 1181
22 1239
47 1221
24 1189
13 1386
47 1359
20 1226
32 1425
24 1227
37 1339
14 1439
47 1288
21 1319
49 1218
35 1276
23 1109
45 1485
46 1289
35 1128
21 1366
31 1413
15 1428
22 1222
42 1405
32 1408
31 1259
23 1305
34 1031
18 1401
32 1415
36 1018
18 1265
49 1478
19 1494
21 1341
30 1354
43 1115
15 1097
30 1429
47 1288
27 1316
26 1208
21 1279
32 1284
23 1490
31 1286
48 1102
12 1474
21 1387
43 1240
43 1289
27 1345
13 1101
22 1364
40 1380
42 1110
31 1257
45 1046
41 1266
23 1407
20 1250
29 1315
39 1005
40 1050
35 1383
46 1419
33 1458
27 1348
42 1297
20 1469
36 1432
30 1404
24 1273
41 1192
23 1499
21 1230
12 1256
33 1307
12 1464
26 1026
23 1468
20 1111
16 1288
33 1131
27 1286
40 1225
12 1164
14 1125
37 1277
27 1384
37 1081
30 1434
15 1021
22 1498
24 1480
19 1391
34 1422
13 1038
28 1497
10 1040
17 1186
24 1324
24 1379
42 1097
26 1493
13 1058
39 1249
16 1366
30 1014
17 1242
31 1061
24 1442
49 1463
42 1127
13 1280
10 1483
32 1281
33 1216
38 1379
25 1047
11 1389
23 1183
42 1250
35 1104
46 1035
30 1116
40 1202
20 1419
32 1340
30 1148
41 1408
25 1168
37 1008
46 1449
14 1217
20 1046
48 1191
34 1037
18 1237
23 1073
34 1434
49 1353
10 1404
27 1045
29 1322
21 1174
43 1337
41 1094
47 1099
49 1237
30 1264
48 1342
46 1038
48 1037
24 1452
42 1204
12 1065
49 1089
49 1452
47 1041
38 1021
48 1196
13 1206
22 1045
35 1386
39 1360
21 1285
45 1148
10 1299
12 1408
15 1417
36 1484
43 1106
17 1222
49 1298
43 1299
34 1248
30 1057
32 1470
20 1388
13 1455
46 1185
12 1246
15 1419
35 1296
41 1101
23 1496
11 1358
24 1049
26 1204
48 1146
28 1238
45 1483
19 1131
37 1045
36 1482
30 1400
38 1195
17 1344
44 1430
17 1401
44 1458
47 1077
10 1094
13 1146
17 1315
48 1177
33 1356
48 1278
16 1150
24 1025
21 1022
16 1304
20 1212
34 1121
16 1325
32 1291
13 1122
22 1303
47 1489
12 1300
23 1208
22 1165
42 1020
30 1469
47 1260
38 1011
34 1344
10 1320
35 1261
21 1082
16 1353
33 1175
48 1160
31 1260
19 1485
32 1382
21 1224
36 1117
32 1450
46 1379
33 1209
44 1456
12 1480
23 1017
33 1376
41 1074
26 1419
48 1111
39 1167
21 1141
44 1175
45 1306
38 1080
14 1058
13 1369
25 1122
28 1313
46 1298
39 1125
29 1186
45 1138
41 1493
10 1096
32 1211
39 1019
30 1251
16 1082
13 1028
45 1449
22 1385
12 1220
45 1023
25 1235
20 1242
47 1279
39 1230
29 1192
14 1041
27 1396
13 1192
47 1448
41 1480
15 1238
33 1366
32 1044
22 1094
40 1230
24 1339
15 1355
15 1222
28 1297
36 1377
27 1188
40 1307
15 1003
29 1200
42 1152
26 1202
31 1287
20 1053
48 1213
28 1358
39 1404
35 1235
16 1319
14 1016
41 1023
41 1167
36 1453
32 1347
34 1143
42 1333
33 1000
10 1100
19 1214
45 1180
13 1388
21 1358
48 1101
37 1225
43 1249
43 1286
33 1230
37 1049
19 1472
48 1273
29 1249
11 1459
19 1152
46 1022
25 1304
44 1021
45 1387
20 1132
16 1368
33 1200
23 1054
23 1306
34 1250
19 1353
39 1442
28 1393
25 1270
30 1304
47 1017
39 1416
18 1199
23 1171
33 1072
48 1188
33 1106
12 1464
10 1423
37 1337
13 1393
18 1221
44 1089
44 1054
32 1063
24 1234
27 1134
15 1255
28 1030
41 1403
21 1064
32 1196
31 1380
30 1453
38 1165
13 1297
22 1356
13 1419
33 1178
29 1219
29 1426
13 1040
15 1161
16 1313
30 1176
13 1433
20 1070
22 1468
27 1194
46 1314
22 1028
48 1331
43 1275
13 1038
19 1059
42 1070
46 1234
18 1071
24 1166
30 1133
34 1136
39 1287
45 1076
28 1026
25 1151
28 1338
16 1224
23 1188
36 1193
45 1039
12 1294
33 1399
22 1194
31 1095
16 1467
43 1187
20 1275
43 1326
16 1207
13 1311
37 1439
31 1447
27 1475
45 1338
41 1346
43 1183
24 1180
19 1118
15 1217
31 1424
27 1150
15 1469
16 1469
29 1373
44 1183
31 1381
38 1134
49 1482
32 1112
35 1405
28 1037
48 1207
41 1307
43 1080
23 1050
38 1341
35 1219
33 1316
46 1014
23 1205
34 1164
14 1272
48 1458
25 1092
24 1315
10 1128
42 1395
41 1359
39 1357
23 1178
47 1482
42 1079
10 1366
24 1305
33 1327
31 1216
18 1192
18 1062
46 1063
20 1463
40 1183
18 1401
37 1321
23 1091
14 1240
47 1454
23 1151
11 1185
13 1456
30 1211
13 1283
10 1048
16 1336
22 1169
38 1271
19 1116
10 1347
48 1011
29 1000
45 1342
17 1097
29 1457
12 1221
14 1378
11 1200
12 1104
35 1096
41 1379
14 1120
26 1139
42 1237
31 1487
21 1129
18 1456
18 1312
31 1402
43 1480
14 1447
23 1330
18 1144
41 1289
15 1361
49 1301
20 1308
12 1381
44 1303
31 1212
27 1289
36 1354
19 1009
24 1497
40 1353
36 1397
18 1282
26 1438
43 1395
45 1410
33 1311
36 1131
25 1153
11 1293
44 1078
39 1015
26 1365
38 1364
22 1164
49 1317
26 1403
23 1383
11 1471
38 1392
48 1202
16 1335
26 1149
27 1113
39 1103
26 1498
15 1141
13 1411
17 1065
33 1285
48 1248
22 1083
37 1345
37 1380
10 1403
10 1454
49 1154
49 1417
33 1093
20 1084
30 1491
15 1371
44 1301
12 1432
14 1319
18 1360
23 1466
16 1238
37 1013
24 1043
41 1388
21 1417
25 1279
33 1487
40 1276
23 1011
14 1467
39 1010
49 1076
35 1186
34 1043
29 1460
31 1112
20 1246
32 1053
31 1208
12 1470
15 1260
16 1154
29 1155
25 1250
15 1393
16 1390
45 1382
26 1120
41 1067
45 1083
38 1109
14 1177
20 1347
45 1399
21 1268
38 1256
22 1367
25 1007
15 1423
31 1297
44 1058
33 1273
25 1275
14 1427
11 1123
25 1214
28 1279
29 1355
13 1045
28 1461
10 1102
38 1127
26 1446
31 1290
14 1054
29 1468
31 1294
26 1104
35 1338
46 1322
18 1348
45 1440
20 1290
26 1272
14 1200
11 1342
34 1238
43 1279
41 1270
13 1257
16 1168
18 1486
24 1452
12 1386
45 1157
13 1055
15 1248
38 1433
40 1436
32 1305
29 1090
37 1423
19 1321
27 1459
15 1283
46 1376
28 1130
46 1087
30 1153
11 1286
45 1491
24 1187
30 1084
41 1305
42 1202
36 1091
16 1088
32 1291
23 1438
20 1100
27 1168
15 1099
19 1395
47 1285
49 1308
16 1394
48 1388
19 1028
43 1477
25 1365
49 1142
25 1293
49 1065
26 1356
45 1295
11 1352
36 1282
10 1243
29 1452
14 1110
20 1074
33 1074
45 1284
32 1094
48 1281
43 1439
40 1384
20 1321
14 1364
30 1119
22 1383
37 1280
15 1137
23 1357
11 1471
39 1069
44 1013
11 1284
40 1011
32 1287
30 1016
44 1000
23 1091
29 1150
23 1071
48 1443
48 1322
10 1122
10 1393
16 1414
38 1386
28 1286
25 1092
47 1075
36 1431
46 1454
21 1321
24 1416
16 1471
48 1289
48 1243
45 1455
27 1431
40 1007
43 1342
10 1408
48 1451
36 1106
30 1035
14 1102
25 1147
43 1124
10 1033
28 1025
37 1264
23 1421
10 1393
17 1133
43 1065
26 1277
29 1052
17 1018
39 1242
10 1105
41 1235
43 1286
20 1431
34 1278
22 1218
30 1395
14 1415
45 1077
13 1372
13 1140
33 1178
28 1035
32 1248
11 1383
41 1054
37 1389
30 1309
32 1008
11 1292
30 1001
27 1170
46 1007
32 1056
49 1266
16 1080
33 1047
35 1468
49 1186
13 1382
28 1150
38 1366
42 1189
38 1078
33 1012
14 1086
27 1303
20 1362
12 1310
18 1165
42 1101
41 1404
13 1002
40 1156
12 1365
29 1297
25 1006
34 1081
40 1418
32 1436
28 1265
33 1400
14 1318
41 1105
14 1384
29 1133
35 1104
22 1249
45 1474
47 1011
25 1163
41 1243
48 1486
15 1293
10 1031
42 1357
38 1239
41 1307
11 1259
25 1004
31 1485
24 1485
47 1311
43 1234
15 1416
30 1188
27 1073
47 1441
31 1434
14 1166
45 1406
46 1003
32 1245
15 1098
23 1434
21 1350
16 1425
16 1074
47 1038
20 1440
37 1268
13 1265
30 1251
37 1329
48 1039
11 1445
42 1348
21 1369
29 1289
21 1394
47 1471
28 1229
35 1210
32 1403
46 1444
24 1093
33 1417
14 1377
39 1069
47 1417
41 1005
32 1125
38 1030
38 1065
49 1203
39 1182
21 1127
33 1095
36 1186
44 1181
40 1063
39 1047
28 1396
32 1175
35 1210
14 1285
28 1373
31 1090
43 1294
22 1423
26 1069
21 1309
38 1202
18 1221
41 1438
32 1082
47 1075
17 1453
48 1371
40 1034
25 1422
24 1121
14 1162
32 1281
35 1385
11 1352
47 1369
36 1369
45 1244
15 1404
48 1301
19 1131
35 1397
45 1010
37 1420
39 1270
21 1078
43 1338
13 1178
36 1469
38 1364
41 1088
33 1001
40 1004
21 1113
21 1374
10 1447
28 1484
44 1107
28 1063
46 1015
45 1366
21 1313
32 1206
14 1179
44 1145
13 1100
17 1362
37 1053
44 1213
45 1262
17 1076
13 1193
40 1064
28 1128
17 1246
49 1227
31 1238
26 1204
35 1106
40 1140
45 1337
21 1448
41 1369
21 1184
38 1262
34 1018
34 1370
36 1377
16 1475
39 1192
15 1069
10 1235
45 1456
46 1410
37 1222
36 1245
12 1391
20 1343
35 1461
40 1261
29 1166
32 1401
21 1142
32 1002
37 1158
36 1129
28 1463
33 1228
34 1275
10 1236
36 1343
11 1132
30 1485
20 1155
41 1423
28 1317
10 1173
37 1035
26 1452
47 1275
34 1287
45 1270
14 1455
14 1236
43 1425
37 1297
18 1463
16 1182
37 1228
44 1083
41 1461
26 1477
17 1340
48 1458
27 1120
33 1181
25 1081
42 1183
31 1059
25 1353
32 1118
42 1254
46 1265
35 1220
12 1495
20 1246
17 1347
23 1454
37 1035
13 1442
31 1318
42 1107
13 1162
39 1309
16 1348
12 1428
38 1228
28 1327
32 1216
36 1212
13 1209
38 1351
21 1267
26 1262
25 1197
41 1128
32 1329
12 1128
21 1480
32 1152
43 1448
27 1451
30 1367
49 1394
23 1224
29 1420
30 1314
25 1108
30 1278
48 1244
45 1161
35 1030
30 1438
39 1399
33 1279
39 1284
17 1053
17 1195
17 1345
39 1031
38 1493
34 1065
26 1109
30 1054
14 1121
14 1229
46 1134
21 1256
20 1202
44 1360
21 1118
27 1441
42 1010
43 1255
36 1317
24 1197
37 1322
23 1046
41 1355
21 1010
26 1007
33 1264
22 1199
17 1164
16 1353
29 1378
47 1116
38 1192
43 1298
18 1255
15 1083
31 1422
22 1481
36 1263
28 1323
28 1363
23 1002
23 1197
12 1200
29 1016
45 1439
15 1427
41 1157
41 1181
32 1292
21 1137
40 1160
18 1038
34 1225
36 1237
18 1183
32 1124
35 1074
25 1289
37 1108
30 1238
41 1385
49 1451
15 1362
26 1369
11 1077
40 1309
32 1314
36 1489
39 1422
16 1099
48 1138
12 1143
26 1141
15 1394
19 1489
16 1478
11 1409
12 1492
13 1168
34 1279
44 1420
36 1156
47 1129
40 1172
12 1105
19 1112
42 1190
40 1167
28 1250
18 1117
33 1140
18 1147
37 1270
42 1399
29 1317
49 1421
14 1030
38 1349
10 1037
38 1440
32 1335
44 1011
11 1047
35 1405
24 1096
16 1395
20 1486
26 1401
29 1436
40 1243
27 1240
46 1262
47 1404
15 1292
33 1402
26 1257
14 1408
46 1099
12 1440
38 1166
36 1270
38 1297
10 1403
39 1477
22 1126
21 1421
16 1168
37 1035
46 1450
21 1168
27 1175
29 1093
41 1194
35 1452
10 1222
13 1444
29 1350
42 1146
31 1152
18 1491
22 1277
36 1478
24 1050
27 1491
48 1301
39 1241
27 1093
13 1314
48 1004
36 1162
49 1092
20 1380
20 1070
23 1433
24 1365
22 1032
19 1220
36 1096
30 1312
37 1313
20 1043
15 1119
17 1398
22 1472
18 1095
40 1096
28 1083
10 1170
31 1318
29 1245
17 1202
47 1370
38 1430
31 1291
38 1428
18 1114
47 1058
37 1260
48 1288
38 1039
10 1315
23 1047
48 1138
13 1135
18 1114
29 1044
22 1294
27 1384
13 1363
48 1358
19 1372
42 1067
25 1197
47 1484
35 1179
28 1320
39 1189
13 1015
14 1198
46 1454
22 1251
20 1092
21 1414
45 1310
27 1378
17 1344
38 1287
27 1290
49 1434
21 1142
27 1187
14 1160
17 1100
11 1241
25 1414
21 1106
12 1241
27 1492
39 1191
34 1267
37 1349
31 1301
12 1283
41 1032
12 1085
41 1187
32 1212
47 1128
12 1391
26 1454
11 1246
46 1273
20 1270
24 1479
35 1156
38 1206
31 1490
46 1105
39 1049
45 1026
35 1255
48 1137
22 1052
48 1256
40 1445
40 1426
40 1139
48 1257
29 1292
46 1491
38 1184
41 1140
25 1320
35 1193
16 1362
32 1374
16 1294
47 1133
21 1180
33 1078
24 1092
24 1084
17 1130
21 1290
38 1247
11 1027
49 1401
28 1145
29 1135
19 1130
17 1067
12 1125
25 1399
35 1265
24 1059
12 1377
39 1337
20 1306
42 1463
41 1397
30 1151
48 1018
33 1149
10 1039
47 1160
27 1266
22 1174
35 1261
30 1468
38 1267
11 1029
41 1055
31 1139
17 1074
26 1420
26 1213
26 1482
34 1337
12 1014
47 1029
47 1284
34 1080
42 1031
43 1327
31 1113
37 1480
17 1368
49 1004
16 1365
22 1141
31 1154
16 1208
32 1176
26 1435
16 1496
22 1225
33 1185
36 1175
37 1307
49 1441
12 1330
26 1009
35 1407
29 1473
13 1379
15 1335
37 1322
25 1270
32 1221
21 1012
27 1207
15 1158
14 1383
44 1074
45 1114
16 1393
49 1450
23 1178
42 1346
30 1126
45 1417
11 1214
24 1239
25 1208
35 1017
24 1147
43 1140
12 1233
47 1453
36 1495
46 1159
26 1028
18 1364
46 1462
20 1009
37 1142
35 1331
10 1453
20 1381
10 1233
32 1131
29 1435
49 1394
23 1057
31 1291
29 1273
38 1443
16 1326
24 1168
49 1486
33 1358
32 1191
48 1398
22 1049
25 1171
21 1123
25 1438
49 1498
30 1330
37 1423
46 1020
15 1338
17 1260
10 1093
41 1366
21 1151
13 1474
24 1314
46 1053
27 1345
11 1068
28 1082
19 1362
39 1139
10 1215
36 1341
23 1445
23 1047
38 1025
10 1059
47 1483
25 1340
42 1247
17 1455
49 1493
42 1325
38 1327
17 1127
23 1208
49 1443
45 1076
18 1148
37 1320
23 1373
32 1014
37 1228
37 1062
48 1469
45 1280
38 1256
41 1370
48 1452
15 1221
29 1367
10 1091
41 1020
17 1380
18 1216
22 1259
14 1416
17 1332
42 1126
34 1117
16 1434
49 1350
45 1342
39 1039
33 1128
17 1117
45 1162
44 1166
43 1060
10 1174
25 1219
16 1301
24 1152
45 1423
28 1374
31 1462
33 1304
38 1487
45 1129
15 1433
10 1149
11 1342
35 1230
41 1282
20 1170
48 1010
30 1311
42 1177
49 1477
22 1347
46 1413
36 1046
40 1327
49 1294
46 1156
36 1113
15 1409
13 1326
29 1421
14 1481
11 1226
26 1103
49 1276
11 1261
35 1132
25 1131
41 1442
47 1113
24 1292
48 1040
16 1077
36 1349
27 1082
37 1420
29 1077
21 1078
46 1002
26 1062
17 1221
23 1060
12 1072
13 1073
27 1197
36 1337
44 1380
17 1005
24 1347
43 1427
21 1225
15 1499
44 1324
26 1122
25 1094
10 1250
14 1141
35 1470
36 1092
10 1278
21 1257
22 1386
37 1066
45 1011
12 1347
33 1473
33 1462
21 1001
26 1192
21 1034
15 1484
21 1109
35 1162
32 1470
30 1186
23 1115
26 1370
34 1391
36 1192
21 1177
21 1005
37 1360
49 1456
25 1309
44 1141
15 1399
11 1430
10 1105
27 1104
12 1188
13 1006
18 1138
47 1298
30 1218
44 1169
32 1451
18 1222
22 1027
21 1239
36 1339
18 1044
26 1036
23 1308
14 1023
42 1219
40 1498
32 1410
36 1492
47 1498
49 1264
29 1269
17 1341
41 1120
39 1459
49 1198
33 1494
17 1004
48 1182
28 1094
34 1189
14 1343
27 1081
31 1412
41 1251
49 1435
22 1187
42 1238
18 1257
28 1438
28 1016
19 1137
20 1248
28 1196
38 1483
39 1147
46 1120
29 1477
45 1425
47 1178
27 1292
15 1221
43 1314
20 1446
48 1308
18 1114
19 1261
10 1305
36 1275
49 1152
32 1009
22 1394
18 1031
15 1007
32 1478
15 1028
21 1003
43 1353
27 1360
34 1082
42 1096
26 1034
44 1227
31 1477
23 1429
11 1275
34 1479
41 1409
34 1279
18 1481
41 1175
15 1244
36 1155
21 1385
16 1425
35 1258
15 1241
33 1307
24 1261
49 1020
33 1303
38 1180
26 1066
12 1286
15 1413
49 1333
23 1042
33 1204
31 1464
15 1040
17 1410
22 1362
26 1328
18 1461
27 1028
45 1151
20 1261
18 1073
34 1143
39 1320
25 1140
40 1361
25 1390
29 1338
35 1481
44 1472
42 1145
15 1393
44 1164
18 1110
45 1465
42 1284
17 1430
26 1139
34 1045
18 1119
24 1234
18 1039
25 1115
18 1198
16 1235
39 1395
31 1122
41 1393
26 1160
37 1148
44 1487
19 1121
18 1144
41 1205
15 1420
26 1007
22 1404
27 1409
25 1157
28 1343
33 1103
49 1060
28 1132
24 1359
13 1496
33 1099
24 1460
39 1079
46 1140
10 1451
15 1091
45 1174
44 1496
45 1497
22 1352
17 1488
24 1116
13 1458
32 1388
35 1361
20 1295
14 1489
34 1330
18 1088
43 1238
37 1073
28 1292
46 1204
17 1000
30 1257
31 1047
23 1238
30 1027
42 1013
32 1223
41 1166
21 1395
36 1172
12 1382
20 1312
12 1278
33 1275
13 1357
35 1124
38 1309
12 1408
28 1310
46 1042
14 1106
43 1328
23 1230
28 1017
30 1031
40 1145
29 1311
40 1485
34 1490
11 1314
15 1188
17 1357
39 1189
29 1036
13 1041
39 1144
48 1282
26 1013
17 1416
25 1199
12 1016
27 1297
36 1305
46 1320
36 1373
20 1407
41 1387
33 1323
12 1331
38 1488
24 1285
21 1476
40 1216
45 1356
16 1076
18 1315
19 1354
26 1225
30 1221
24 1270
25 1192
13 1209
34 1377
20 1251
19 1312
16 1373
34 1132
20 1082
27 1040
32 1207
45 1080
42 1360
29 1194
13 1475
37 1481
30 1182
33 1246
29 1389
35 1072
44 1282
34 1410
28 1046
23 1411
25 1108
12 1204
46 1361
44 1424
39 1342
42 1307
20 1033
20 1436
32 1260
41 1321
11 1112
21 1059
28 1386
11 1104
12 1088
28 1064
17 1168
26 1258
22 1493
15 1114
25 1157
49 1462
11 1309
46 1390
30 1440
46 1252
11 1121
36 1383
14 1319
34 1039
35 1473
20 1064
10 1338
37 1342
22 1481
32 1410
36 1293
26 1162
28 1298
37 1269
17 1103
13 1289
22 1091
12 1377
14 1116
19 1164
26 1054
44 1294
10 1388
30 1379
39 1096
14 1011
31 1443
47 1144
41 1276
21 1034
26 1141
26 1451
33 1356
49 1087
42 1471
29 1362
14 1357
29 1401
15 1160
46 1456
24 1201
14 1087
36 1248
18 1169
10 1311
27 1193
19 1163
36 1247
28 1407
34 1481
31 1298
15 1264
37 1150
25 1434
33 1194
15 1308
25 1365
46 1092
21 1042
23 1173
21 1007
48 1324
46 1451
35 1182
47 1425
47 1315
49 1311
40 1292
19 1209
48 1205
11 1186
14 1383
29 1122
45 1152
44 1411
10 1386
35 1415
43 1416
15 1469
29 1264
35 1310
39 1408
17 1136
46 1472
48 1254
28 1073
15 1371
16 1211
48 1182
15 1386
33 1194
39 1187
23 1071
26 1345
22 1339
20 1066
10 1245
12 1335
37 1026
16 1138
22 1318
43 1442
47 1160
37 1212
44 1290
12 1493
46 1115
40 1083
26 1006
28 1282
14 1262
28 1416
10 1228
35 1419
33 1281
13 1113
34 1010
48 1192
26 1154
44 1104
36 1219
43 1114
37 1226
37 1126
14 1198
32 1217
36 1448
30 1359
45 1418
19 1092
10 1170
15 1260
48 1118
21 1041
15 1042
48 1224
24 1305
16 1455
47 1023
33 1041
19 1269
49 1128
28 1457
35 1098
48 1425
18 1075
48 1083
41 1048
33 1323
43 1341
24 1425
48 1213
38 1303
11 1005
42 1110
48 1275
45 1402
44 1422
42 1485
15 1457
17 1022
46 1449
45 1148
44 1011
34 1491
43 1254
46 1444
22 1173
15 1021
43 1447
33 1133
36 1324
33 1446
47 1343
31 1105
28 1387
38 1020
16 1172
18 1405
11 1316
22 1362
35 1376
27 1013
22 1269
44 1281
28 1012
12 1445
49 1268
36 1158
31 1098
25 1309
46 1141
38 1307
18 1408
49 1394
14 1439
11 1001
24 1190
44 1107
24 1019
45 1051
41 1317
22 1291
46 1302
15 1479
26 1001
24 1237
11 1450
29 1422
36 1017
46 1203
27 1099
38 1203
11 1348
28 1176
11 1271
23 1227
14 1230
35 1389
42 1165
39 1379
25 1044
20 1211
46 1073
17 1303
40 1477
47 1400
21 1299
28 1053
19 1009
37 1296
16 1238
28 1272
10 1282
40 1053
19 1216
12 1223
16 1363
32 1372
46 1117
21 1193
43 1072
42 1390
42 1064
33 1230
11 1087
28 1100
42 1152
44 1375
17 1104
37 1333
26 1213
30 1135
33 1044
25 1381
42 1124
46 1293
43 1173
15 1274
42 1329
15 1155
49 1102
34 1052
41 1370
10 1001
42 1480
25 1252
28 1093
15 1094
46 1440
17 1006
41 1239
47 1148
43 1447
23 1356
14 1242
32 1285
40 1292
27 1006
37 1363
34 1014
10 1486
12 1493
46 1465
42 1218
10 1181
20 1417
13 1012
35 1473
42 1363
25 1482
14 1255
17 1192
22 1030
14 1206
21 1357
35 1380
48 1455
45 1009
28 1460
35 1449
41 1424
46 1060
31 1368
19 1414
47 1182
41 1351
12 1438
32 1184
20 1431
17 1138
31 1443
27 1484
17 1047
16 1236
18 1163
14 1440
46 1094
14 1363
38 1223
37 1429
37 1120
45 1451
18 1327
48 1294
49 1073
34 1338
28 1340
45 1328
48 1043
28 1351
12 1484
48 1088
26 1063
49 1241
30 1111
16 1327
19 1213
18 1373
44 1050
46 1095
46 1355
18 1226
35 1465
26 1196
27 1058
28 1272
21 1306
18 1224
23 1095
42 1441
16 1441
28 1407
35 1065
12 1302
16 1434
22 1120
10 1210
12 1457
49 1187
44 1168
40 1107
44 1435
49 1278
33 1358
42 1280
37 1497
13 1006
25 1443
41 1087
34 1104
25 1162
38 1035
18 1406
42 1034
22 1163
20 1212
28 1261
12 1198
19 1275
42 1311
48 1004
41 1351
45 1007
33 1158
29 1164
26 1309
35 1437
26 1313
28 1316
21 1041
19 1350
35 1225
45 1220
47 1467
18 1478
10 1471
11 1099
17 1304
34 1099
21 1350
32 1131
44 1020
29 1076
34 1227
26 1174
15 1207
47 1379
31 1115
12 1292
17 1250
13 1071
17 1081
22 1329
34 1350
33 1272
47 1383
28 1210
38 1075
35 1218
12 1126
28 1230
37 1285
28 1111
30 1450
34 1115
20 1415
16 1010
15 1466
10 1261
15 1214
44 1184
42 1137
41 1381
29 1435
22 1238
20 1438
40 1117
19 1331
38 1074
24 1214
42 1144
27 1436
13 1237
46 1102
29 1059
20 1044
26 1106
13 1071
46 1006
24 1133
46 1015
46 1156
21 1186
42 1442
18 1094
47 1457
38 1431
23 1010
32 1114
33 1196
17 1050
44 1334
41 1160
13 1360
27 1416
32 1258
39 1006
24 1305
29 1117
11 1448
17 1046
13 1423
25 1392
15 1203
14 1282
10 1411
26 1342
23 1161
41 1284
20 1197
34 1106
34 1021
34 1362
19 1388
33 1215
15 1265
38 1463
10 1236
43 1166
15 1010
21 1146
31 1081
18 1097
22 1469
20 1132
24 1036
32 1195
30 1353
27 1319
38 1111
36 1031
47 1430
21 1415
35 1233
47 1201
38 1266
32 1363
15 1037
36 1375
34 1117
13 1423
34 1020
44 1272
27 1014
12 1324
13 1108
48 1078
26 1339
19 1093
15 1025
41 1144
15 1131
18 1038
21 1228
22 1489
48 1220
31 1235
27 1015
17 1240
35 1186
40 1407
42 1461
32 1282
44 1244
47 1274
18 1220
42 1179
27 1263
46 1399
32 1277
15 1337
17 1069
21 1383
25 1417
45 1116
40 1400
35 1430
42 1262
47 1368
48 1482
33 1411
44 1194
40 1359
40 1033
26 1265
40 1092
12 1254
35 1400
20 1021
24 1420
41 1454
26 1324
46 1112
43 1457
34 1380
10 1319
27 1221
38 1042
16 1106
25 1089
42 1199
28 1298
37 1117
15 1067
16 1325
23 1206
41 1079
42 1306
10 1289
19 1207
32 1434
32 1074
47 1227
40 1131
45 1499
20 1161
44 1040
18 1053
34 1081
29 1103
41 1263
37 1075
38 1407
24 1197
49 1312
14 1057
36 1146
38 1363
42 1442
39 1141
37 1027
38 1165
15 1397
11 1314
34 1227
26 1317
11 1383
29 1451
23 1144
44 1148
17 1039
21 1183
36 1349
49 1086
27 1060
27 1407
15 1391
20 1134
28 1497
22 1145
13 1275
21 1443
34 1095
12 1345
41 1097
41 1488
21 1177
13 1270
36 1205
34 1150
25 1446
42 1408
38 1205
44 1405
10 1397
25 1054
39 1164
10 1199
48 1050
15 1112
48 1275
28 1276
34 1480
24 1122
20 1492
16 1279
13 1323
11 1427
47 1312
43 1488
11 1487
28 1487
44 1243
46 1237
24 1088
19 1367
33 1349
47 1265
46 1397
28 1148
34 1375
28 1312
23 1027
47 1241
35 1112
42 1010
25 1054
21 1056
49 1438
17 1011
16 1208
19 1479
13 1457
45 1013
36 1099
43 1372
46 1050
37 1170
12 1127
29 1022
47 1208
11 1032
44 1396
43 1092
45 1299
26 1169
36 1018
30 1217
36 1048
15 1068
13 1222
17 1352
37 1359
43 1415
15 1478
46 1013
45 1335
44 1348
39 1120
12 1238
11 1146
29 1396
10 1275
38 1486
48 1212
36 1335
14 1274
22 1469
41 1039
22 1330
22 1067
35 1368
46 1138
41 1221
46 1325
20 1272
39 1167
49 1161
22 1493
34 1261
43 1320
17 1183
10 1385
34 1447
14 1391
12 1197
48 1072
41 1043
11 1401
46 1370
43 1132
27 1065
20 1470
38 1382
38 1348
45 1230
28 1152
45 1351
12 1451
48 1180
11 1225
26 1013
10 1184
47 1019
37 1155
48 1354
16 1456
18 1213
15 1458
20 1362
29 1428
48 1298
46 1297
24 1490
46 1137
13 1017
47 1377
17 1441
20 1488
48 1072
27 1359
13 1242
14 1437
33 1255
18 1352
28 1322
23 1483
28 1314
42 1380
49 1374
39 1111
23 1068
35 1319
35 1094
45 1225
10 1205
27 1078
18 1274
29 1396
10 1239
36 1017
20 1479
31 1275
18 1192
23 1203
35 1157
26 1025
10 1184
34 1460
44 1009
41 1003
31 1348
20 1364
47 1158
42 1009
45 1341
47 1300
36 1310
12 1281
12 1023
45 1205
20 1293
14 1004
47 1117
17 1050
35 1175
29 1194
18 1435
49 1381
16 1177
49 1493
13 1416
44 1084
18 1346
46 1127
25 1132
20 1407
35 1146
44 1246
20 1100
38 1131
34 1425
41 1126
44 1364
13 1473
30 1029
18 1409
16 1322
35 1393
24 1072
24 1235
44 1306
34 1429
45 1339
18 1388
22 1128
25 1162
47 1340
32 1170
14 1217
25 1173
40 1110
48 1158
44 1474
24 1016
18 1199
13 1493
20 1229
11 1440
22 1430
29 1205
42 1491
30 1151
33 1055
36 1223
14 1351
10 1310
43 1329
43 1013
36 1194
23 1238
36 1106
41 1479
23 1166
28 1026
33 1169
13 1150
16 1227
43 1088
41 1154
21 1181
37 1105
24 1440
32 1478
49 1409
47 1228
23 1299
42 1302
12 1324
42 1375
31 1268
34 1061
28 1027
22 1227
30 1050
40 1461
22 1314
26 1465
48 1385
16 1193
18 1219
24 1265
28 1137
49 1174
37 1094
22 1044
30 1196
43 1319
47 1488
30 1425
22 1314
12 1168
39 1130
21 1429
45 1380
41 1475
24 1406
33 1022
36 1441
40 1471
43 1443
38 1022
34 1489
12 1362
36 1233
34 1495
25 1033
46 1266
17 1108
41 1273
23 1258
25 1240
34 1396
38 1199
21 1348
43 1236
17 1071
49 1311
24 1454
46 1296
13 1046
15 1116
25 1472
33 1143
19 1096
34 1478
17 1408
28 1244
33 1291
16 1072
44 1222
20 1016
49 1485
32 1198
11 1317
30 1495
43 1121
31 1355
17 1346
25 1055
18 1340
26 1156
45 1067
30 1307
11 1437
31 1133
35 1085
45 1317
41 1026
22 1467
14 1062
13 1304
39 1009
18 1098
17 1236
22 1277
24 1343
12 1134
11 1063
34 1454
14 1282
43 1091
32 1052
45 1328
19 1495
32 1359
12 1490
38 1264
48 1249
31 1161
18 1350
27 1028
42 1077
29 1480
46 1424
18 1088
43 1165
20 1286
32 1154
22 1025
27 1085
41 1331
13 1395
33 1068
46 1373
24 1261
18 1062
36 1361
42 1439
40 1325
25 1411
10 1134
16 1022
32 1138
38 1487
48 1045
22 1035
46 1100
37 1044
36 1272
33 1284
42 1257
46 1132
29 1359
48 1224
33 1072
11 1309
16 1120
22 1239
17 1448
39 1192
41 1109
31 1157
40 1164
37 1252
37 1174
24 1281
33 1007
47 1030
32 1385
18 1118
39 1059
38 1079
37 1089
46 1166
46 1347
38 1200
25 1089
28 1015
22 1174
18 1417
31 1252
22 1447
15 1178
37 1076
18 1003
27 1098
45 1494
10 1069
47 1041
35 1482
34 1493
39 1375
26 1471
39 1479
19 1127
49 1104
36 1447
31 1067
41 1257
43 1429
36 1204
33 1485
23 1183
23 1020
24 1298
24 1413
24 1418
19 1192
13 1498
20 1194
10 1123
13 1325
23 1462
37 1389
49 1356
16 1122
13 1200
30 1345
41 1181
42 1465
28 1335
15 1474
28 1450
12 1312
40 1123
26 1402
16 1093
30 1436
13 1145
44 1483
42 1343
24 1206
29 1036
49 1183
42 1425
32 1034
14 1336
14 1098
12 1357
37 1058
24 1389
13 1176
30 1349
43 1123
32 1416
18 1229
31 1118
10 1157
24 1239
40 1134
28 1464
44 1443
49 1282
15 1362
10 1320
44 1249
15 1200
36 1462
14 1058
43 1017
37 1195
34 1482
12 1052
31 1005
47 1069
47 1084
42 1270
26 1067
30 1008
26 1459
29 1158
46 1309
21 1421
38 1121
26 1386
44 1417
43 1118
20 1228
11 1099
43 1259
35 1008
36 1370
38 1392
34 1276
30 1394
27 1144
37 1097
45 1456
29 1115
21 1281
24 1397
14 1493
29 1197
41 1116
47 1376
44 1013
15 1055
41 1070
36 1272
34 1352
36 1065
28 1409
44 1180
43 1136
22 1278
44 1040
23 1204
33 1378
45 1422
18 1337
42 1224
40 1198
16 1095
32 1047
25 1413
19 1197
32 1218
21 1213
18 1470
41 1303
38 1060
30 1032
25 1323
20 1399
38 1286
30 1289
19 1221
34 1103
12 1430
26 1391
36 1410
18 1461
36 1081
43 1213
48 1056
34 1117
39 1377
15 1096
35 1328
40 1476
10 1045
44 1349
49 1145
35 1098
41 1220
23 1432
15 1176
49 1206
44 1033
34 1347
11 1435
18 1344
37 1113
38 1246
10 1073
20 1415
40 1341
23 1354
15 1293
30 1346
13 1417
44 1220
44 1122
29 1282
46 1341
45 1387
11 1327
22 1068
25 1495
34 1423
27 1413
11 1034
12 1354
16 1197
16 1252
25 1004
17 1203
10 1494
15 1480
34 1152
38 1323
38 1387
23 1353
35 1329
17 1178
28 1411
23 1194
29 1109
13 1319
42 1403
19 1231
38 1308
19 1125
46 1345
18 1019
22 1057
34 1308
35 1389
42 1302
20 1320
29 1388
23 1494
22 1239
17 1275
39 1475
28 1101
49 1281
29 1102
12 1121
22 1351
26 1316
37 1164
25 1395
15 1461
36 1034
12 1356
29 1102
10 1042
25 1447
35 1304
31 1267
33 1217
43 1330
48 1192
36 1152
21 1264
20 1478
26 1252
43 1089
23 1388
24 1184
13 1150
43 1136
11 1233
28 1311
41 1318
16 1203
15 1069
30 1248
19 1085
21 1331
35 1394
25 1271
23 1481
36 1408
48 1068
23 1192
13 1342
14 1027
38 1449
17 1330
43 1067
19 1499
43 1070
31 1333
26 1401
37 1103
31 1492
46 1405
14 1001
11 1437
34 1245
25 1008
42 1220
17 1118
28 1214
32 1020
35 1474
25 1474
20 1444
45 1163
29 1196
22 1345
32 1397
45 1413
41 1047
11 1328
22 1081
29 1370
33 1404
44 1439
19 1050
47 1031
13 1080
39 1459
46 1331
19 1472
46 1259
14 1252
19 1368
21 1181
18 1358
31 1084
10 1107
15 1379
43 1214
17 1354
24 1307
25 1173
23 1223
26 1478
37 1059
11 1338
18 1312
14 1264
29 1472
36 1103
11 1105
34 1316
14 1137
42 1480
48 1083
36 1117
38 1344
49 1229
10 1076
15 1262
10 1074
43 1257
24 1161
11 1271
46 1125
31 1027
27 1210
36 1147
12 1433
38 1429
43 1230
45 1110
42 1302
32 1287
41 1463
28 1454
28 1424
36 1199
25 1462
21 1380
33 1270
36 1451
27 1249
30 1168
18 1391
46 1306
49 1049
22 1170
16 1467
23 1100
34 1175
36 1498
47 1194
40 1273
45 1182
36 1327
14 1498
11 1476
10 1302
19 1190
22 1006
48 1072
29 1313
29 1458
38 1233
33 1217
31 1113
28 1069
32 1342
27 1321
29 1400
25 1173
41 1261
48 1434
26 1098
14 1408
13 1284
18 1060
48 1251
28 1147
27 1089
12 1136
40 1308
15 1289
38 1487
48 1301
26 1458
28 1211
30 1177
30 1128
20 1034
48 1112
18 1475
18 1020
31 1339
12 1423
36 1081
33 1214
44 1462
29 1277
12 1434
35 1063
27 1483
18 1228
37 1432
31 1415
37 1362
16 1047
25 1188
37 1274
12 1141
32 1000
43 1445
18 1108
13 1084
19 1119
25 1033
19 1412
15 1274
16 1187
22 1336
27 1291
36 1217
19 1474
31 1097
15 1374
34 1073
19 1066
48 1417
18 1141
41 1017
18 1011
32 1243
25 1308
31 1403
33 1021
21 1181
24 1085
44 1366
28 1185
10 1337
32 1495
16 1055
43 1096
42 1435
31 1260
14 1275
46 1249
44 1253
10 1048
45 1347
36 1162
14 1219
34 1100
28 1353
33 1353
34 1239
29 1460
41 1342
46 1071
16 1387
33 1462
45 1053
34 1234
19 1254
35 1499
21 1397
14 1339
28 1221
10 1221
33 1254
47 1436
41 1037
48 1259
22 1017
14 1408
14 1129
23 1445
20 1124
35 1082
38 1346
42 1108
16 1297
32 1396
39 1099
38 1350
10 1353
23 1120
20 1100
42 1286
26 1095
28 1298
35 1273
40 1472
36 1384
33 1410
37 1074
42 1255
43 1332
35 1385
15 1060
44 1463
28 1148
24 1448
32 1035
43 1178
14 1012
49 1029
36 1317
43 1344
10 1079
21 1036
38 1124
17 1091
36 1448
16 1432
19 1176
26 1333
12 1416
43 1104
41 1186
36 1188
32 1383
32 1457
32 1078
25 1073
29 1442
17 1320
31 1194
38 1152
46 1307
46 1264
48 1484
49 1066
19 1447
33 1478
23 1090
19 1118
12 1322
43 1257
19 1082
12 1325
19 1305
27 1381
20 1422
26 1356
25 1333
49 1251
49 1332
17 1104
10 1184
34 1236
44 1045
10 1363
30 1399
14 1403
30 1323
45 1056
13 1159
36 1219
27 1033
10 1021
14 1255
46 1108
49 1170
29 1076
10 1070
33 1396
41 1437
36 1011
14 1244
10 1455
32 1440
43 1267
38 1144
36 1459
17 1400
49 1174
27 1323
21 1297
12 1494
20 1059
18 1373
28 1331
16 1494
23 1314
44 1172
25 1336
46 1285
16 1280
45 1381
14 1348
18 1130
16 1488
36 1047
46 1038
26 1489
18 1494
49 1425
27 1386
46 1021
28 1417
47 1155
38 1358
12 1402
22 1257
43 1463
46 1142
33 1279
15 1222
22 1289
44 1203
11 1147
47 1121
16 1496
10 1170
46 1223
46 1333
32 1413
24 1067
31 1006
49 1132
17 1387
26 1304
42 1047
33 1431
47 1418
10 1405
30 1007
39 1377
36 1390
32 1058
32 1471
27 1238
46 1144
19 1235
46 1440
16 1207
25 1154
21 1439
30 1418
21 1483
37 1067
49 1193
41 1191
16 1041
37 1275
23 1172
38 1123
31 1489
16 1300
27 1325
35 1487
43 1238
31 1409
42 1147
18 1146
11 1069
37 1354
31 1299
41 1497
39 1108
28 1039
41 1375
15 1012
49 1050
11 1230
15 1458
49 1200
23 1388
49 1287
13 1491
33 1027
45 1416
38 1140
16 1148
39 1146
18 1379
14 1046
42 1113
16 1051
29 1192
21 1062
18 1337
22 1308
29 1236
47 1120
43 1041
21 1437
29 1434
27 1398
32 1151
48 1181
23 1488
28 1446
29 1382
29 1448
15 1202
39 1314
39 1464
12 1138
20 1419
28 1145
39 1032
16 1170
39 1483
36 1110
31 1276
15 1041
44 1472
38 1300
27 1066
14 1279
39 1214
10 1160
26 1197
32 1063
17 1019
11 1302
27 1170
20 1303
35 1094
35 1236
44 1021
18 1379
42 1227
24 1173
41 1050
21 1498
19 1472
16 1018
14 1191
37 1097
26 1236
49 1480
42 1175
44 1239
41 1459
11 1033
37 1088
45 1172
43 1049
10 1320
48 1436
47 1256
43 1466
11 1245
13 1185
49 1358
47 1061
39 1001
33 1472
44 1283
21 1326
10 1285
41 1450
45 1273
40 1141
46 1254
20 1355
38 1174
42 1204
41 1234
28 1310
25 1071
23 1152
24 1032
42 1354
13 1013
43 1315
36 1131
27 1024
15 1055
12 1271
22 1055
24 1169
13 1118
31 1213
35 1221
31 1114
25 1254
28 1276
37 1031
25 1140
11 1021
34 1351
11 1396
35 1424
42 1388
14 1486
27 1017
47 1154
13 1188
10 1352
44 1145
36 1026
37 1070
11 1489
23 1462
46 1203
16 1188
17 1039
25 1431
27 1055
16 1118
47 1114
16 1462
28 1442
11 1367
14 1326
12 1397
49 1233
17 1034
42 1423
39 1383
45 1496
32 1313
20 1351
18 1490
38 1401
34 1322
43 1016
48 1476
28 1226
32 1306
10 1245
47 1127
35 1063
32 1486
14 1406
42 1136
34 1172
36 1338
42 1029
44 1355
35 1444
40 1005
27 1319
29 1112
37 1096
23 1326
35 1272
18 1199
20 1011
10 1137
30 1243
12 1291
31 1032
14 1427
23 1266
11 1003
18 1232
31 1197
24 1168
27 1411
40 1080
26 1010
13 1053
30 1298
14 1163
33 1415
43 1060
39 1072
46 1350
40 1438
23 1399
49 1082
12 1470
42 1308
44 1335
30 1399
33 1160
46 1089
38 1246
46 1173
25 1228
18 1120
29 1346
35 1293
32 1488
31 1024
18 1230
21 1352
16 1283
36 1352
45 1363
11 1171
12 1282
13 1093
26 1494
12 1116
10 1290
15 1406
37 1201
49 1479
27 1371
32 1422
46 1304
49 1473
36 1060
46 1447
40 1053
32 1498
26 1184
46 1296
46 1319
30 1093
31 1056
11 1329
48 1171
38 1314
37 1336
17 1193
28 1478
24 1344
39 1449
43 1461
43 1258
35 1085
12 1200
48 1290
14 1344
18 1107
40 1222
11 1252
36 1126
21 1222
15 1102
46 1272
41 1202
28 1471
41 1051
22 1346
36 1167
31 1321
48 1022
11 1255
33 1352
23 1431
33 1051
24 1108
40 1377
22 1051
45 1308
43 1062
23 1325
24 1352
49 1046
28 1206
25 1229
47 1159
47 1147
14 1056
43 1288
40 1499
25 1268
17 1264
15 1422
23 1219
11 1287
39 1066
32 1251
45 1209
12 1407
11 1252
21 1296
47 1177
36 1344
16 1177
28 1218
34 1312
25 1075
33 1333
18 1064
41 1462
15 1020
21 1256
16 1293
46 1361
39 1213
38 1282
32 1094
41 1309
13 1401
31 1098
35 1256
48 1491
45 1447
11 1344
11 1215
42 1255
34 1013
32 1192
49 1425
17 1378
17 1145
29 1240
21 1319
38 1250
49 1162
43 1223
45 1345
32 1285
48 1416
36 1353
21 1377
19 1202
21 1386
45 1350
24 1249
33 1214
47 1082
17 1262
34 1200
35 1132
18 1226
49 1053
16 1410
10 1238
26 1261
48 1469
42 1345
28 1331
37 1047
44 1213
10 1417
15 1178
35 1321
16 1323
41 1388
35 1022
26 1081
31 1180
20 1390
40 1448
34 1418
34 1320
43 1390
42 1139
32 1289
22 1027
25 1400
43 1423
43 1213
36 1330
32 1305
22 1183
43 1322
41 1253
10 1009
12 1375
36 1350
14 1165
45 1413
39 1323
45 1209
25 1422
21 1069
22 1149
14 1409
46 1288
24 1392
16 1483
23 1371
30 1436
11 1271
47 1366
46 1130
36 1473
25 1083
24 1342
34 1050
16 1251
44 1103
17 1358
27 1198
30 1020
43 1103
12 1044
38 1154
37 1316
13 1470
10 1145
34 1105
29 1145
30 1080
26 1297
44 1221
43 1445
36 1218
19 1036
44 1319
16 1386
35 1443
27 1141
11 1240
27 1283
26 1321
33 1271
30 1402
12 1382
34 1319
22 1306
10 1387
34 1460
35 1480
32 1177
28 1337
48 1014
10 1143
18 1160
38 1213
26 1485
15 1451
20 1423
23 1413
10 1318
31 1475
21 1018
26 1219
19 1034
46 1432
27 1080
42 1029
26 1419
20 1076
19 1261
29 1468
48 1480
40 1108
34 1392
41 1326
24 1486
49 1418
47 1134
43 1384
42 1110
33 1213
24 1073
30 1014
29 1060
11 1184
13 1050
14 1081
24 1288
49 1341
28 1015
38 1274
20 1059
34 1320
36 1329
34 1423
34 1280
11 1027
21 1096
17 1499
13 1313
27 1024
31 1168
12 1458
32 1238
31 1392
43 1008
26 1012
35 1274
18 1480
19 1446
49 1363
47 1231
44 1005
29 1427
41 1257
32 1271
41 1280
48 1495
37 1163
15 1192
42 1226
27 1220
14 1252
34 1093
28 1106
24 1140
41 1217
15 1253
26 1310
49 1397
39 1375
32 1453
39 1455
40 1196
11 1291
15 1226
10 1386
49 1474
19 1376
37 1475
20 1453
15 1123
19 1442
28 1040
15 1467
48 1223
22 1400
14 1169
24 1300
49 1159
27 1079
43 1166
39 1443
47 1007
46 1006
40 1088
21 1460
20 1245
20 1477
35 1266
17 1352
31 1036
18 1322
27 1478
18 1487
45 1365
48 1346
43 1021
12 1156
16 1126
25 1168
10 1327
27 1236
22 1379
44 1194
30 1471
39 1200
10 1377
34 1258
13 1443
10 1429
24 1138
11 1483
14 1083
23 1477
13 1020
20 1159
13 1255
47 1234
44 1257
17 1153
14 1223
36 1492
25 1108
35 1333
28 1126
19 1494
13 1328
11 1291
44 1423
49 1121
11 1302
27 1187
44 1245
15 1356
42 1363
49 1146
25 1125
36 1013
42 1451
16 1214
15 1039
41 1285
16 1313
14 1357
41 1396
47 1175
15 1400
11 1202
26 1167
11 1233
39 1198
23 1314
39 1388
15 1034
43 1269
42 1364
41 1482
26 1060
22 1302
21 1353
21 1421
27 1231
10 1043
19 1434
34 1261
39 1198
10 1284
19 1420
37 1039
31 1208
26 1192
16 1252
43 1052
23 1111
44 1427
10 1326
42 1419
18 1050
34 1224
37 1395
33 1068
18 1006
39 1319
33 1105
25 1126
24 1403
12 1485
37 1223
30 1413
17 1225
18 1251
47 1294
24 1348
39 1122
22 1169
37 1405
16 1082
10 1307
27 1417
45 1255
46 1107
14 1212
49 1039
11 1383
16 1423
18 1292
42 1199
43 1081
26 1189
10 1477
33 1211
29 1119
14 1011
13 1044
22 1479
16 1156
21 1437
43 1362
21 1061
43 1314
29 1451
47 1093
42 1201
28 1389
47 1173
46 1169
38 1146
24 1255
25 1032
13 1385
13 1386
34 1196
35 1098
46 1323
35 1409
22 1123
21 1366
38 1161
12 1484
13 1031
16 1034
43 1029
26 1413
13 1108
40 1110
19 1426
12 1162
48 1189
47 1318
34 1131
45 1223
43 1396
31 1325
26 1010
48 1153
27 1126
37 1001
47 1390
41 1164
27 1420
39 1200
41 1034
29 1203
37 1195
20 1178
34 1383
10 1226
16 1422
24 1330
20 1424
19 1251
11 1179
15 1129
17 1070
17 1195
10 1012
26 1141
30 1384
31 1358
36 1329
25 1336
13 1479
24 1107
35 1305
48 1289
14 1030
49 1413
15 1430
38 1024
35 1092
18 1195
47 1488
39 1033
19 1426
25 1479
25 1341
35 1308
31 1269
42 1181
44 1171
10 1350
43 1364
39 1319
35 1392
35 1416
10 1291
18 1299
32 1485
43 1367
42 1110
47 1306
26 1423
41 1466
36 1395
45 1113
27 1453
26 1286
42 1348
16 1306
23 1128
13 1271
25 1379
17 1429
25 1194
28 1018
45 1039
37 1493
41 1337
49 1223
25 1200
26 1298
24 1134
27 1033
25 1064
36 1000
26 1080
27 1253
45 1434
25 1214
16 1268
10 1462
22 1352
10 1273
36 1094
25 1388
24 1310
31 1173
36 1436
26 1153
49 1247
34 1467
39 1193
15 1138
24 1424
17 1176
40 1219
31 1411
31 1084
12 1111
37 1464
34 1390
32 1054
47 1047
16 1066
41 1155
29 1074
31 1294
31 1280
33 1208
24 1067
13 1452
12 1155
47 1029
44 1220
15 1216
46 1053
34 1034
18 1468
25 1187
49 1332
44 1312
24 1314
46 1042
35 1375
14 1436
43 1110
17 1363
22 1336
14 1129
22 1460
42 1495
22 1243
36 1486
23 1446
42 1299
43 1322
48 1424
18 1263
10 1326
14 1410
41 1045
12 1339
13 1443
13 1073
46 1461
49 1240
27 1201
37 1397
40 1265
48 1256
18 1461
31 1416
32 1237
38 1457
44 1072
32 1180
15 1064
43 1222
15 1181
39 1199
37 1387
49 1228
12 1210
33 1265
42 1237
23 1252
13 1057
21 1274
11 1101
18 1294
28 1371
44 1287
20 1169
22 1152
31 1094
17 1437
40 1467
12 1446
42 1249
12 1389
24 1221
18 1211
32 1376
32 1050
24 1186
48 1300
15 1267
22 1001
19 1412
25 1331
25 1149
22 1190
16 1206
19 1180
32 1415
24 1189
47 1005
20 1096
38 1310
27 1394
30 1058
21 1376
25 1290
41 1339
14 1386
26 1447
25 1083
27 1083
40 1237
39 1046
36 1425
48 1264
41 1142
48 1052
20 1393
34 1386
27 1246
32 1145
24 1160
21 1161
47 1331
15 1250
30 1125
23 1212
16 1238
19 1324
37 1217
37 1258
45 1460
43 1091
28 1248
32 1120
46 1318
14 1243
37 1418
38 1300
16 1020
20 1245
42 1098
39 1313
11 1242
23 1074
40 1227
20 1327
23 1196
23 1367
36 1473
43 1046
31 1056
22 1205
27 1494
45 1374
41 1425
22 1043
40 1139
42 1381
26 1398
47 1440
33 1417
31 1160
10 1478
47 1489
11 1013
19 1448
34 1498
37 1055
30 1074
28 1034
17 1055
18 1338
37 1420
14 1188
40 1205
21 1184
49 1471
31 1417
49 1298
23 1026
20 1194
48 1077
46 1457
19 1049
48 1342
38 1031
31 1025
14 1301
30 1399
43 1274
36 1086
38 1146
17 1344
23 1374
42 1462
32 1368
35 1274
14 1419
23 1328
47 1097
46 1146
28 1307
28 1098
45 1349
46 1266
24 1366
48 1034
33 1166
17 1334
41 1467
11 1165
43 1364
39 1079
35 1089
31 1368
41 1126
19 1374
33 1135
30 1423
34 1488
21 1168
30 1121
44 1427
17 1023
41 1387
15 1290
28 1190
25 1217
49 1142
35 1115
47 1397
12 1392
28 1480
44 1131
24 1091
33 1156
45 1264
27 1111
33 1405
37 1384
10 1002
47 1022
19 1085
45 1294
18 1407
26 1219
31 1060
48 1165
10 1334
36 1490
44 1320
47 1382
10 1389
19 1156
42 1211
45 1272
12 1493
19 1060
39 1369
39 1343
22 1205
46 1063
34 1078
41 1123
11 1312
31 1021
38 1067
16 1074
30 1449
22 1226
43 1453
32 1385
36 1312
13 1342
26 1429
39 1013
12 1214
20 1026
10 1378
48 1351
23 1342
42 1370
36 1286
49 1292
36 1192
28 1443
40 1325
16 1059
33 1404
43 1284
26 1425
29 1446
15 1137
14 1332
36 1187
48 1497
26 1233
11 1415
44 1460
49 1412
37 1051
41 1146
25 1296
33 1093
41 1257
21 1442
42 1095
35 1123
20 1342
24 1180
44 1405
36 1310
45 1455
36 1154
24 1214
47 1332
47 1098
48 1179
48 1022
48 1065
40 1496
36 1362
22 1179
34 1009
34 1240
18 1243
21 1071
13 1357
40 1145
15 1204
48 1237
40 1176
46 1252
43 1434
29 1405
26 1300
48 1170
20 1459
40 1399
16 1378
28 1465
29 1100
49 1163
18 1348
37 1160
15 1086
31 1321
44 1060
17 1003
20 1291
22 1294
47 1196
26 1068
15 1426
19 1399
42 1174
33 1014
31 1188
30 1343
18 1126
35 1450
14 1246
11 1404
29 1181
14 1316
43 1117
46 1474
46 1373
16 1331
49 1241
34 1466
42 1120
26 1496
29 1043
13 1406
33 1086
46 1049
13 1215
35 1275
13 1330
33 1103
36 1330
15 1396
48 1182
20 1415
41 1224
27 1144
18 1464
15 1157
36 1227
25 1469
26 1129
13 1099
48 1059
11 1259
23 1324
33 1058
26 1266
29 1379
45 1494
29 1169
39 1033
18 1028
38 1228
41 1065
48 1188
19 1100
33 1399
17 1005
30 1223
29 1216
22 1471
27 1110
23 1265
28 1211
21 1463
48 1282
22 1337
31 1104
24 1305
42 1395
25 1273
49 1043
17 1493
24 1235
16 1121
35 1245
16 1324
13 1352
22 1216
15 1018
11 1298
31 1025
11 1048
41 1043
42 1429
29 1302
11 1199
16 1334
46 1116
23 1133
40 1248
20 1416
37 1192
46 1413
45 1425
22 1453
49 1287
19 1328
31 1304
33 1361
43 1238
20 1111
12 1394
37 1236
36 1428
49 1424
35 1331
41 1444
16 1151
25 1162
22 1189
13 1019
17 1479
34 1113
28 1235
43 1218
33 1346
14 1143
30 1455
46 1403
26 1116
10 1355
39 1440
45 1185
29 1344
48 1306
36 1232
34 1125
47 1485
29 1289
49 1368
14 1366
45 1128
25 1380
23 1486
20 1340
28 1214
35 1127
31 1060
36 1044
14 1303
17 1465
31 1258
46 1062
44 1307
27 1235
25 1162
11 1340
39 1256
39 1168
43 1176
37 1192
31 1081
13 1128
43 1149
15 1112
23 1293
39 1223
36 1468
43 1085
35 1231
42 1304
24 1419
46 1010
42 1300
47 1098
34 1001
12 1443
33 1139
11 1270
30 1006
30 1469
49 1350
35 1363
30 1340
38 1352
25 1383
46 1167
31 1146
11 1108
44 1154
49 1334
34 1236
44 1006
12 1496
35 1477
33 1352
43 1358
36 1064
19 1029
11 1002
16 1057
40 1387
20 1185
39 1149
22 1069
33 1179
22 1335
22 1220
48 1354
22 1163
11 1157
41 1188
45 1168
24 1065
19 1260
35 1486
15 1482
39 1331
33 1141
24 1455
46 1463
14 1152
36 1078
31 1482
35 1010
41 1402
44 1423
24 1393
35 1139
31 1438
28 1107
47 1204
46 1195
17 1058
20 1309
13 1482
32 1099
32 1288
12 1330
13 1263
40 1318
14 1013
16 1474
15 1459
31 1379
27 1035
41 1144
22 1326
41 1249
15 1033
39 1405
40 1387
14 1469
49 1141
27 1471
15 1428
34 1157
37 1118
22 1239
37 1011
14 1006
18 1444
19 1362
19 1394
30 1370
40 1213
19 1034
25 1233
36 1367
22 1089
14 1324
20 1392
41 1288
19 1018
31 1132
11 1271
44 1326
21 1010
44 1108
28 1123
19 1385
37 1019
33 1197
29 1201
36 1451
17 1238
28 1028
37 1449
49 1100
37 1163
38 1313
40 1074
29 1489
13 1206
44 1329
32 1001
47 1153
23 1089
18 1426
22 1396
11 1238
48 1493
45 1026
26 1371
48 1378
36 1287
33 1334
34 1461
26 1354
25 1290
46 1015
40 1184
48 1200
41 1037
28 1132
39 1104
20 1157
22 1119
30 1446
11 1021
23 1280
43 1302
28 1377
26 1177
49 1050
35 1238
48 1482
19 1196
16 1309
14 1279
48 1294
18 1250
22 1495
17 1028
46 1411
10 1172
25 1472
35 1113
11 1383
26 1354
26 1227
26 1495
32 1287
15 1052
19 1215
33 1318
38 1135
12 1270
49 1067
18 1009
23 1012
41 1487
31 1039
16 1217
19 1324
34 1163
45 1318
38 1325
23 1145
40 1110
41 1284
45 1182
31 1157
29 1042
36 1112
31 1134
49 1447
26 1122
35 1045
44 1460
20 1231
46 1153
32 1396
19 1017
16 1103
23 1027
25 1174
15 1461
21 1314
17 1022
43 1238
16 1392
16 1216
18 1478
33 1200
42 1043
38 1048
20 1270
31 1209
47 1278
36 1451
35 1428
15 1222
40 1452
35 1066
27 1337
45 1280
40 1478
14 1174
37 1065
26 1256
41 1332
26 1142
32 1076
11 1405
32 1131
37 1291
38 1314
20 1382
43 1014
34 1293
34 1470
24 1279
13 1049
43 1268
42 1215
28 1255
35 1069
17 1345
18 1143
23 1356
27 1429
46 1024
47 1131
21 1410
19 1402
16 1411
14 1030
41 1328
36 1204
14 1062
32 1017
34 1112
36 1481
11 1119
46 1125
35 1262
12 1188
36 1218
19 1063
36 1294
36 1232
48 1267
19 1431
19 1217
48 1395
26 1237
28 1178
46 1086
28 1095
42 1439
34 1001
46 1370
41 1480
49 1235
27 1224
17 1304
21 1109
11 1076
43 1388
18 1489
17 1247
48 1141
18 1173
35 1071
44 1206
37 1071
29 1486
31 1093
34 1326
27 1317
37 1199
32 1095
39 1098
18 1389
22 1253
29 1174
21 1156
32 1128
32 1325
23 1189
40 1438
43 1154
26 1110
41 1295
27 1039
23 1255
33 1313
40 1476
38 1262
41 1066
15 1058
10 1209
10 1436
20 1125
30 1345
33 1417
32 1443
17 1153
23 1231
40 1374
42 1266
29 1177
49 1186
25 1037
14 1023
38 1107
42 1193
45 1211
21 1316
17 1115
35 1208
28 1275
48 1427
29 1388
34 1139
32 1118
11 1023
15 1001
49 1466
30 1434
44 1275
41 1484
29 1462