5500 4000
19 1233
17 1236
38 1364
46 1203
22 1179
11 1394
15 1132
14 1164
24 1452
38 1381
10 1376
20 1022
29 1040
47 1319
26 1157
31 1279
15 1226
34 1267
32 1078
15 1225
49 1387
25 1215
47 1424
12 1286
25 1082
32 1334
24 1267
36 1125
13 1277
22 1062
46 1395
26 1453
37 1143
46 1496
33 1032
31 1307
46 1006
39 1416
41 1392
10 1173
48 1426
15 1107
26 1316
31 1130
44 1260
39 1101
26 1490
35 1411
33 1206
46 1099
45 1215
36 1165
31 1159
23 1382
30 1145
38 1005
14 1011
40 1028
40 1340
36 1105
49 1103
29 1036
43 1458
25 1356
26 1034
24 1104
43 1021
43 1396
35 1409
28 1369
16 1141
41 1368
26 1152
43 1418
13 1120
30 1322
33 1256
28 1294
43 1187
46 1312
22 1388
19 1398
34 1497
40 1449
38 1326
22 1448
41 1385
26 1473
47 1393
31 1319
13 1089
29 1440
12 1121
10 1066
14 1331
43 1082
17 1239
32 1239
35 1200
27 1403
29 1470
36 1156
36 1211
34 1254
48 1326
38 1307
20 1243
15 1193
42 1291
19 1408
13 1259
23 1038
22 1227
23 1035
28 1474
29 1495
19 1098
39 1323
46 1303
17 1222
11 1148
33 1149
39 1036
39 1498
15 1171
27 1148
17 1001
32 1251
20 1228
24 1431
20 1092
47 1224
48 1470
13 1119
33 1462
30 1006
48 1481
26 1179
24 1374
28 1189
28 1269
12 1326
47 1392
22 1405
16 1099
27 1333
28 1028
19 1043
28 1076
20 1048
33 1490
16 1319
46 1394
39 1254
11 1448
39 1042
26 1138
48 1293
47 1352
46 1062
28 1398
15 1033
22 1395
26 1334
30 1368
11 1218
42 1447
31 1020
23 1161
34 1483
10 1489
33 1243
24 1422
10 1461
48 1185
26 1123
34 1259
34 1320
19 1499
30 1084
30 1406
15 1006
20 1237
29 1238
40 1157
21 1492
49 1278
16 1027
21 1360
49 1298
48 1322
34 1037
25 1017
21 1209
43 1412
45 1129
19 1486
39 1181
42 1341
23 1378
30 1429
40 1193
33 1158
17 1021
39 1102
36 1424
28 1477
47 1001
26 1334
26 1244
45 1020
11 1374
44 1365
21 1345
44 1343
45 1474
20 1100
14 1256
47 1056
39 1078
25 1337
34 1254
15 1212
32 1401
40 1102
16 1222
25 1261
16 1439
12 1000
46 1145
32 1116
45 1497
14 1172
40 1415
20 1252
32 1435
43 1428
24 1064
34 1231
20 1350
29 1017
12 1404
49 1183
36 1059
22 1207
15 1190
33 1302
41 1255
37 1351
46 1484
27 1374
15 1115
42 1331
14 1308
48 1278
41 1221
45 1185
23 1386
26 1311
31 1025
20 1101
26 1436
13 1036
21 1484
46 1243
25 1001
15 1159
37 1077
22 1024
11 1495
13 1337
25 1465
39 1478
45 1229
21 1096
40 1361
16 1022
28 1463
37 1317
19 1172
16 1199
41 1000
27 1313
40 1465
36 1431
38 1098
10 1169
19 1260
38 1176
20 1305
27 1214
23 1323
43 1247
26 1463
37 1338
12 1362
48 1084
30 1346
34 1212
23 1073
37 1225
35 1247
34 1235
13 1330
32 1204
14 1082
35 1153
27 1115
42 1398
23 1225
25 1168
26 1070
40 1404
13 1338
10 1041
21 1345
37 1229
14 1101
24 1298
47 1028
45 1280
19 1010
36 1083
28 1440
29 1488
40 1362
30 1018
46 1265
14 1497
42 1091
47 1039
28 1137
42 1441
30 1466
24 1397
30 1415
25 1088
44 1408
39 1170
16 1055
25 1435
43 1138
38 1123
41 1145
37 1054
40 1180
43 1011
48 1028
40 1082
44 1056
24 1195
46 1061
20 1048
47 1358
15 1153
10 1460
10 1087
19 1108
20 1391
19 1098
41 1216
22 1476
25 1483
33 1157
23 1017
44 1127
20 1157
43 1028
14 1431
40 1470
23 1199
33 1374
24 1488
39 1144
29 1445
41 1335
31 1431
19 1391
24 1012
30 1096
29 1481
35 1296
22 1348
25 1119
26 1130
38 1131
15 1320
34 1264
12 1098
37 1352
18 1053
13 1149
20 1311
39 1197
38 1048
14 1495
28 1294
14 1365
13 1423
18 1389
49 1360
26 1365
38 1096
32 1292
10 1460
28 1322
37 1488
15 1416
20 1309
36 1488
30 1230
44 1396
32 1123
21 1350
20 1029
10 1024
32 1183
42 1439
26 1487
14 1343
21 1315
29 1008
16 1250
11 1043
26 1155
32 1379
32 1135
17 1339
17 1190
10 1203
33 1123
13 1063
22 1164
10 1443
10 1499
32 1121
48 1070
42 1303
38 1377
12 1469
13 1357
17 1401
27 1320
13 1311
23 1226
40 1120
38 1037
24 1263
20 1381
19 1163
23 1461
43 1208
15 1221
47 1181
33 1345
34 1488
31 1486
23 1231
28 1237
40 1301
27 1372
33 1218
44 1146
20 1418
19 1058
30 1480
18 1384
14 1236
44 1029
47 1103
12 1464
17 1323
48 1449
41 1383
27 1220
25 1339
38 1091
34 1172
39 1244
12 1104
11 1017
16 1152
37 1489
17 1076
37 1321
29 1468
47 1319
47 1185
28 1400
18 1379
37 1310
12 1269
10 1101
34 1093
13 1018
20 1062
11 1427
40 1087
18 1003
34 1419
44 1194
43 1460
47 1085
23 1414
13 1065
42 1126
19 1354
31 1341
46 1186
35 1394
19 1358
24 1156
30 1079
46 1363
26 1197
20 1210
37 1171
40 1180
46 1170
10 1393
29 1174
12 1401
11 1436
12 1067
46 1359
14 1269
41 1424
28 1416
20 1086
39 1016
23 1414
39 1207
36 1200
14 1285
16 1357
43 1332
32 1300
35 1421
20 1152
43 1110
35 1105
33 1298
12 1342
13 1238
34 1469
11 1351
43 1235
36 1369
15 1029
46 1228
30 1030
19 1364
41 1362
29 1158
20 1160
43 1300
45 1364
30 1495
48 1157
48 1114
15 1078
13 1187
42 1361
10 1034
45 1072
45 1137
30 1178
29 1482
22 1400
43 1444
21 1467
46 1372
26 1292
36 1301
24 1259
12 1099
24 1184
37 1271
33 1426
41 1201
29 1494
44 1079
20 1349
23 1481
41 1015
32 1091
25 1103
39 1217
27 1317
43 1014
32 1314
19 1182
21 1430
33 1209
36 1219
31 1453
44 1018
27 1087
14 1086
16 1195
32 1442
34 1169
14 1366
26 1026
30 1232
11 1287
44 1416
27 1428
32 1111
32 1227
42 1069
16 1429
33 1479
30 1495
28 1199
28 1476
43 1312
43 1085
30 1418
30 1355
25 1467
47 1404
41 1154
33 1400
13 1156
44 1402
15 1244
32 1011
23 1076
32 1493
21 1335
47 1420
44 1188
14 1338
25 1094
31 1210
14 1470
25 1146
29 1031
45 1399
40 1334
27 1424
29 1259
25 1022
25 1192
39 1180
42 1419
38 1042
45 1320
37 1094
16 1105
18 1392
18 1446
27 1185
38 1216
33 1309
39 1339
34 1246
25 1291
21 1142
34 1369
13 1374
17 1144
45 1049
21 1434
37 1296
45 1231
20 1223
35 1087
37 1166
10 1144
30 1399
27 1084
26 1101
13 1215
24 1194
17 1496
31 1233
26 1107
33 1030
23 1351
19 1026
31 1198
38 1131
17 1088
14 1467
31 1199
49 1031
20 1318
39 1172
31 1190
39 1457
33 1037
44 1287
45 1092
24 1343
38 1356
49 1384
20 1267
10 1063
38 1338
10 1047
41 1372
19 1186
31 1014
38 1082
48 1226
25 1341
16 1463
29 1070
11 1449
39 1153
18 1149
22 1241
21 1015
45 1170
19 1496
10 1302
29 1003
28 1295
35 1311
22 1097
25 1453
35 1365
15 1453
29 1221
34 1228
26 1224
28 1347
31 1270
19 1053
39 1397
28 1024
11 1243
18 1370
47 1086
16 1258
44 1317
31 1235
46 1318
42 1072
23 1105
18 1259
15 1472
47 1420
41 1201
15 1293
48 1415
33 1440
12 1143
27 1144
21 1422
30 1029
17 1108
33 1097
41 1346
26 1486
41 1226
23 1027
10 1179
36 1164
22 1393
34 1177
37 1459
20 1429
44 1041
11 1300
15 1048
29 1329
49 1115
33 1248
46 1188
21 1155
19 1191
15 1032
41 1367
40 1274
31 1057
25 1384
13 1126
19 1113
21 1258
26 1338
22 1323
21 1190
32 1354
19 1327
15 1233
24 1478
18 1412
25 1075
42 1110
37 1142
10 1203
24 1408
41 1353
17 1105
23 1261
26 1259
13 1245
41 1042
25 1049
41 1101
25 1136
45 1082
14 1353
21 1495
19 1450
37 1165
20 1295
17 1179
20 1272
24 1112
26 1086
11 1257
18 1281
11 1100
39 1437
10 1245
48 1397
49 1039
40 1461
18 1424
42 1291
25 1134
31 1296
42 1139
48 1363
32 1306
10 1106
36 1450
37 1112
38 1442
35 1016
49 1151
42 1066
49 1283
25 1008
29 1211
14 1356
39 1034
41 1256
14 1111
35 1356
40 1306
29 1257
46 1083
48 1392
34 1123
36 1230
31 1036
10 1283
18 1228
46 1481
25 1482
25 1485
39 1256
45 1269
34 1287
49 1427
37 1283
13 1297
29 1276
18 1411
40 1477
44 1004
12 1461
18 1387
34 1269
18 1156
42 1290
29 1388
29 1494
40 1129
41 1462
16 1248
42 1330
11 1264
23 1329
32 1192
22 1347
29 1440
14 1317
31 1092
34 1091
37 1199
23 1266
29 1119
42 1294
45 1267
25 1404
48 1456
41 1064
19 1311
16 1181
17 1246
14 1068
10 1015
34 1428
49 1003
42 1270
27 1447
17 1109
46 1205
21 1448
17 1273
40 1022
17 1280
25 1205
41 1099
20 1263
38 1427
22 1287
14 1392
20 1065
12 1211
21 1007
40 1356
14 1021
35 1288
48 1284
17 1433
44 1129
17 1288
30 1367
45 1358
30 1036
18 1237
10 1001
21 1204
28 1293
48 1157
33 1311
25 1300
48 1056
10 1338
16 1046
36 1169
22 1036
45 1442
32 1322
48 1220
48 1463
29 1176
28 1309
37 1301
44 1267
16 1496
14 1175
16 1187
25 1339
17 1180
20 1052
19 1472
48 1197
21 1013
30 1018
38 1347
27 1000
41 1237
25 1139
26 1039
45 1426
13 1379
13 1093
13 1302
32 1009
31 1247
41 1329
17 1128
13 1393
33 1064
34 1240
16 1018
48 1166
26 1412
44 1140
16 1275
25 1139
12 1096
24 1136
49 1293
27 1341
18 1109
16 1402
49 1435
11 1176
35 1049
26 1227
11 1447
10 1020
38 1239
28 1000
22 1496
14 1204
41 1390
43 1290
17 1110
43 1403
28 1001
35 1065
49 1084
41 1158
31 1211
47 1307
17 1019
43 1259
17 1346
24 1094
25 1418
16 1490
34 1143
12 1443
10 1216
46 1399
18 1300
19 1141
29 1434
25 1321
25 1266
15 1053
43 1031
43 1290
21 1361
31 1033
20 1247
14 1356
28 1071
27 1464
40 1223
14 1130
34 1232
43 1433
47 1154
27 1161
40 1443
29 1237
12 1499
42 1004
38 1032
39 1372
11 1289
16 1237
25 1493
38 1107
23 1255
43 1266
48 1491
27 1476
28 1190
45 1437
20 1368
22 1285
24 1051
35 1088
31 1315
47 1375
38 1339
24 1331
28 1326
25 1327
38 1022
21 1366
44 1421
11 1087
39 1226
37 1037
13 1004
24 1006
16 1005
37 1077
15 1381
27 1208
10 1195
23 1109
43 1355
21 1150
38 1360
35 1470
40 1119
16 1401
40 1264
42 1213
19 1084
25 1079
36 1336
33 1378
36 1199
40 1044
27 1188
29 1036
32 1092
26 1182
30 1373
17 1340
24 1240
21 1103
25 1046
38 1286
30 1303
39 1055
32 1494
17 1134
34 1430
46 1197
10 1434
26 1263
34 1235
48 1120
22 1312
48 1460
47 1112
39 1090
24 1175
19 1489
40 1270
24 1481
20 1059
29 1462
24 1018
26 1023
43 1036
48 1051
33 1350
26 1281
47 1220
22 1296
24 1055
11 1156
21 1167
27 1033
34 1222
34 1442
30 1371
27 1073
10 1304
25 1299
47 1162
18 1016
33 1302
33 1310
16 1104
45 1449
32 1171
46 1395
23 1125
44 1316
39 1440
48 1061
40 1039
49 1031
33 1403
45 1337
28 1188
44 1357
23 1134
20 1101
28 1423
29 1053
35 1321
31 1345
31 1176
44 1037
41 1424
48 1297
37 1373
12 1101
42 1182
42 1401
45 1396
32 1227
38 1432
45 1402
22 1422
39 1178
14 1111
48 1191
34 1411
28 1397
16 1050
10 1008
49 1485
49 1165
44 1483
45 1369
25 1027
16 1005
37 1136
38 1491
37 1404
12 1115
43 1171
42 1382
18 1241
39 1062
42 1151
17 1344
17 1316
48 1366
12 1407
35 1034
49 1302
12 1442
45 1386
27 1477
31 1281
18 1351
41 1218
17 1161
33 1082
28 1160
29 1317
17 1495
27 1452
35 1316
29 1465
21 1295
26 1132
18 1169
48 1151
39 1089
28 1003
13 1481
23 1485
36 1448
14 1401
45 1332
27 1401
22 1434
17 1431
31 1275
15 1178
12 1135
24 1398
31 1146
33 1354
32 1308
39 1433
13 1031
12 1117
37 1334
14 1098
18 1334
37 1304
17 1169
40 1062
22 1059
39 1089
49 1213
41 1338
11 1207
28 1104
15 1141
17 1151
20 1069
43 1323
13 1194
36 1024
45 1320
37 1201
19 1350
28 1075
20 1329
38 1484
29 1482
28 1356
47 1128
45 1342
39 1496
18 1356
39 1051
44 1117
46 1217
22 1267
12 1413
41 1303
39 1006
25 1319
39 1381
29 1184
37 1455
34 1253
38 1400
45 1430
48 1108
14 1311
31 1265
12 1180
27 1441
47 1071
21 1079
27 1496
41 1154
31 1378
39 1311
13 1178
45 1164
46 1460
46 1056
15 1144
23 1244
21 1238
33 1164
31 1232
28 1337
42 1346
39 1434
41 1138
31 1407
46 1414
19 1431
38 1264
24 1312
24 1375
38 1374
40 1279
10 1243
28 1167
22 1013
32 1464
38 1372
17 1283
42 1134
45 1303
21 1046
20 1402
12 1273
34 1009
27 1166
35 1268
17 1316
20 1374
18 1342
14 1267
46 1209
46 1408
47 1001
48 1123
10 1404
27 1485
17 1150
40 1026
48 1388
42 1063
39 1005
49 1164
10 1416
33 1062
17 1002
26 1213
12 1404
26 1119
32 1321
32 1423
42 1086
27 1297
49 1148
24 1361
15 1174
34 1149
32 1260
46 1153
18 1103
24 1079
34 1036
14 1326
35 1268
43 1037
11 1115
44 1272
39 1462
48 1482
31 1326
29 1246
34 1103
44 1442
46 1496
23 1045
29 1483
41 1241
24 1393
44 1492
34 1195
48 1361
28 1016
24 1498
37 1327
23 1099
42 1365
25 1270
36 1330
33 1011
47 1134
41 1228
11 1461
32 1310
18 1438
19 1250
29 1268
45 1498
48 1432
34 1270
49 1286
21 1114
24 1244
29 1342
30 1157
10 1310
19 1496
34 1026
14 1087
35 1429
10 1236
16 1156
22 1200
26 1292
29 1366
46 1411
22 1327
33 1250
39 1331
30 1266
35 1026
42 1234
19 1427
36 1412
26 1282
19 1099
37 1406
42 1446
45 1486
17 1055
21 1380
43 1264
21 1121
13 1001
38 1426
23 1224
14 1396
41 1324
25 1430
24 1187
45 1283
23 1108
12 1048
31 1289
17 1316
10 1289
42 1045
28 1410
44 1313
29 1339
16 1162
25 1425
29 1181
11 1499
46 1276
38 1472
38 1450
21 1333
22 1454
16 1484
17 1231
27 1471
23 1010
11 1482
23 1280
48 1058
15 1195
34 1466
28 1435
25 1334
36 1010
29 1235
29 1079
20 1487
30 1247
25 1186
45 1063
42 1205
28 1271
21 1122
25 1319
27 1236
46 1184
44 1364
40 1213
12 1371
16 1220
33 1261
34 1169
13 1481
18 1091
48 1417
46 1385
44 1398
17 1384
34 1363
36 1440
49 1031
15 1384
19 1075
23 1324
37 1317
12 1390
10 1362
12 1037
19 1469
36 1487
28 1422
25 1478
16 1355
13 1411
22 1087
17 1229
12 1207
46 1013
48 1314
10 1114
46 1033
15 1113
44 1189
29 1013
12 1241
23 1262
15 1117
18 1000
35 1179
30 1392
27 1190
19 1246
47 1394
43 1145
32 1354
31 1045
33 1365
12 1047
13 1278
44 1028
44 1369
47 1291
47 1177
10 1420
49 1098
23 1321
16 1396
43 1474
33 1373
43 1190
20 1354
12 1019
39 1341
23 1468
34 1202
49 1482
46 1319
23 1002
42 1101
47 1356
20 1044
22 1292
32 1260
14 1334
25 1160
13 1147
31 1376
35 1197
45 1368
41 1088
27 1212
38 1102
17 1026
36 1099
26 1438
13 1012
49 1194
26 1260
32 1008
35 1198
10 1207
11 1279
20 1484
49 1457
38 1122
41 1246
36 1367
20 1151
15 1494
23 1251
19 1054
46 1453
35 1099
25 1236
15 1379
18 1051
35 1272
13 1050
23 1416
32 1180
13 1169
44 1128
37 1395
40 1292
48 1050
47 1038
18 1355
27 1099
37 1482
31 1157
31 1072
16 1352
39 1159
25 1428
33 1400
29 1211
39 1388
33 1362
14 1181
30 1161
21 1283
33 1124
12 1044
23 1419
33 1331
29 1231
29 1156
42 1412
40 1098
27 1123
34 1022
36 1208
32 1228
46 1250
17 1063
38 1302
32 1045
10 1044
10 1243
47 1168
18 1122
14 1332
44 1287
45 1017
36 1221
29 1460
48 1448
20 1221
21 1422
22 1022
11 1038
30 1304
14 1459
41 1173
14 1027
39 1286
40 1235
30 1070
31 1033
28 1179
40 1055
31 1045
43 1074
16 1156
23 1137
16 1120
33 1311
30 1244
25 1068
17 1077
19 1390
15 1377
49 1167
45 1378
26 1052
39 1442
48 1128
42 1382
12 1180
34 1154
31 1261
12 1092
20 1457
18 1200
23 1026
38 1252
12 1367
33 1212
47 1189
31 1236
10 1029
42 1086
31 1160
13 1091
26 1165
23 1000
31 1317
32 1319
30 1208
20 1381
17 1010
16 1446
27 1044
44 1150
38 1314
23 1047
18 1400
17 1403
13 1105
16 1329
35 1420
17 1045
41 1332
16 1084
21 1401
22 1196
38 1135
47 1017
25 1174
12 1062
36 1049
42 1477
15 1456
25 1050
36 1155
32 1030
10 1179
24 1341
24 1371
45 1117
46 1092
27 1287
15 1489
15 1228
43 1012
32 1409
42 1356
30 1364
29 1411
43 1167
16 1260
11 1277
49 1494
33 1051
18 1491
22 1289
45 1337
26 1078
45 1354
29 1359
19 1326
24 1271
11 1374
27 1127
16 1341
17 1495
17 1495
30 1143
16 1025
47 1092
16 1204
17 1156
32 1207
33 1071
11 1321
44 1215
26 1080
43 1046
27 1134
16 1423
29 1078
33 1208
39 1143
38 1407
40 1076
36 1368
12 1197
11 1098
39 1335
47 1137
17 1204
25 1458
23 1482
18 1063
41 1042
44 1470
37 1113
49 1043
46 1440
31 1498
22 1074
39 1425
35 1381
44 1083
49 1325
43 1155
23 1112
44 1079
22 1343
28 1298
19 1079
20 1416
12 1428
22 1409
14 1315
48 1247
48 1072
49 1393
44 1075
47 1432
47 1471
16 1424
17 1366
27 1462
30 1458
36 1027
20 1078
44 1056
16 1308
49 1264
30 1219
11 1207
45 1274
28 1332
26 1111
38 1361
28 1424
46 1107
17 1333
20 1070
18 1264
14 1210
26 1028
23 1176
39 1230
17 1066
46 1451
21 1416
38 1310
15 1094
11 1461
40 1413
31 1149
41 1137
11 1442
37 1341
43 1237
37 1453
30 1435
31 1307
29 1254
43 1478
10 1433
41 1024
31 1432
24 1126
36 1030
13 1302
41 1020
33 1280
15 1428
27 1312
36 1123
28 1461
47 1021
32 1063
24 1038
26 1090
18 1097
17 1010
37 1246
15 1455
26 1094
10 1054
34 1340
47 1015
41 1199
20 1082
40 1209
33 1118
44 1310
25 1315
22 1305
26 1176
39 1222
21 1175
37 1362
17 1033
27 1100
28 1352
22 1445
30 1408
37 1368
37 1228
24 1147
29 1279
29 1475
16 1387
34 1340
23 1037
17 1035
36 1081
39 1027
41 1033
15 1318
47 1342
21 1081
16 1498
20 1018
49 1298
34 1094
36 1088
19 1235
38 1238
11 1399
42 1457
36 1075
30 1081
17 1168
23 1236
20 1044
19 1462
36 1101
43 1135
45 1408
25 1133
38 1447
42 1076
42 1366
32 1066
35 1202
18 1256
19 1097
16 1217
35 1085
34 1149
12 1066
20 1470
40 1075
15 1153
21 1311
18 1499
13 1396
16 1120
42 1098
20 1261
32 1022
22 1474
47 1063
17 1391
40 1348
22 1330
18 1111
21 1177
49 1121
13 1303
29 1240
10 1270
32 1128
14 1281
13 1083
44 1201
45 1208
20 1208
25 1474
11 1182
21 1099
16 1130
27 1292
32 1293
28 1259
36 1043
26 1203
36 1018
10 1210
27 1156
16 1355
13 1177
38 1434
36 1478
47 1155
25 1122
24 1314
15 1053
40 1491
31 1281
46 1060
15 1169
12 1422
39 1473
48 1381
23 1453
12 1286
37 1080
11 1380
15 1095
23 1307
30 1004
42 1009
13 1312
35 1160
16 1232
14 1142
11 1357
36 1104
48 1169
18 1398
26 1125
12 1435
10 1149
45 1185
25 1296
15 1351
49 1005
20 1151
13 1284
26 1411
38 1456
42 1195
36 1267
17 1396
45 1143
30 1388
13 1384
33 1003
49 1266
43 1359
45 1426
31 1053
37 1036
48 1427
26 1170
43 1270
24 1467
18 1148
41 1267
46 1210
49 1112
10 1438
30 1204
41 1118
42 1214
36 1389
48 1347
47 1368
34 1116
17 1084
29 1277
25 1345
29 1205
23 1399
33 1385
48 1100
41 1214
31 1173
34 1296
20 1457
32 1335
43 1429
32 1366
38 1139
35 1050
32 1134
13 1487
15 1251
35 1165
20 1408
25 1230
39 1369
22 1401
15 1182
15 1378
28 1373
13 1110
49 1208
40 1349
12 1065
26 1243
24 1402
46 1473
10 1004
24 1459
38 1095
16 1252
38 1018
11 1281
30 1078
35 1122
45 1092
31 1176
39 1436
46 1296
10 1470
30 1139
48 1415
24 1186
16 1226
43 1311
46 1242
46 1470
26 1435
24 1116
19 1450
41 1335
10 1266
16 1281
21 1487
47 1154
41 1240
41 1431
42 1263
18 1410
18 1190
47 1237
32 1412
35 1122
36 1273
34 1353
17 1285
26 1268
16 1173
41 1049
38 1125
24 1282
12 1190
47 1215
23 1325
45 1460
39 1308
31 1459
38 1288
41 1087
22 1150
35 1448
14 1115
33 1201
33 1149
18 1057
31 1397
41 1067
27 1336
30 1202
23 1163
15 1346
18 1266
44 1426
34 1231
35 1063
32 1437
15 1127
43 1317
39 1250
20 1310
33 1068
44 1165
38 1340
12 1216
16 1253
34 1326
19 1245
44 1377
39 1473
12 1199
22 1046
40 1463
43 1133
18 1397
14 1324
31 1106
47 1396
12 1008
40 1061
44 1356
47 1279
18 1373
46 1297
18 1239
38 1489
33 1261
16 1413
30 1401
47 1049
48 1080
32 1229
27 1299
27 1498
40 1173
15 1493
29 1447
12 1361
13 1368
25 1106
14 1398
39 1062
31 1095
22 1016
33 1186
35 1153
31 1174
21 1252
35 1235
48 1190
26 1093
44 1103
33 1481
10 1198
49 1150
39 1206
13 1084
40 1329
30 1234
16 1440
43 1455
12 1214
34 1394
22 1145
29 1047
47 1445
22 1248
41 1476
49 1391
22 1290
34 1282
37 1350
10 1363
33 1130
25 1097
24 1251
23 1205
33 1310
26 1097
24 1032
26 1359
10 1479
22 1325
25 1099
15 1165
44 1173
45 1482
43 1485
40 1119
46 1065
34 1467
48 1085
40 1415
40 1190
35 1476
36 1304
48 1175
37 1121
27 1298
22 1296
30 1051
24 1291
28 1118
38 1444
24 1161
32 1005
40 1437
12 1415
32 1185
17 1158
17 1448
21 1368
49 1347
10 1436
40 1120
15 1325
22 1381
26 1055
31 1425
16 1189
17 1463
11 1111
24 1363
29 1401
49 1243
18 1248
13 1275
16 1289
49 1271
40 1417
24 1032
31 1410
43 1298
40 1335
18 1467
32 1487
25 1436
37 1252
30 1084
21 1492
20 1162
25 1087
15 1135
13 1283
11 1032
21 1458
43 1324
22 1440
48 1465
47 1035
35 1253
41 1471
26 1011
40 1256
48 1293
15 1312
38 1393
49 1483
28 1171
33 1483
39 1094
12 1371
41 1216
22 1474
22 1334
42 1090
31 1377
26 1107
27 1433
46 1249
45 1458
39 1208
22 1137
31 1385
20 1431
40 1025
28 1104
46 1005
14 1147
19 1097
23 1097
23 1051
23 1441
15 1193
42 1415
30 1215
40 1158
12 1362
28 1102
35 1254
27 1436
41 1136
26 1222
15 1255
44 1393
26 1467
13 1329
44 1034
24 1027
42 1301
18 1186
45 1471
41 1164
32 1367
12 1155
46 1156
16 1041
46 1151
36 1417
35 1479
37 1133
46 1206
39 1012
12 1435
41 1017
36 1243
45 1361
38 1079
35 1352
39 1329
15 1335
15 1164
11 1196
26 1463
49 1136
31 1112
15 1313
11 1081
42 1450
32 1228
29 1128
12 1178
39 1082
26 1139
17 1484
26 1142
17 1037
49 1379
37 1421
21 1403
35 1382
42 1121
21 1386
15 1289
41 1439
12 1343
19 1110
21 1069
15 1262
43 1026
31 1463
48 1132
31 1320
12 1383
46 1092
11 1416
24 1089
30 1423
42 1289
46 1485
28 1254
45 1430
34 1019
43 1023
22 1005
32 1151
24 1100
25 1124
20 1226
35 1427
29 1091
47 1158
35 1155
13 1127
27 1099
37 1012
13 1251
48 1132
17 1370
44 1497
24 1401
30 1491
35 1426
31 1072
46 1446
25 1253
15 1110
44 1403
10 1378
25 1068
42 1037
40 1200
28 1144
46 1403
20 1173
25 1152
47 1033
15 1424
20 1399
20 1486
46 1464
26 1395
36 1245
40 1406
16 1000
21 1348
22 1416
22 1150
44 1005
34 1198
37 1236
15 1400
21 1403
15 1030
40 1288
15 1059
21 1335
33 1147
41 1233
21 1004
44 1138
27 1172
11 1030
43 1292
21 1028
47 1010
44 1337
25 1324
31 1057
22 1307
36 1372
28 1261
10 1295
32 1250
27 1134
29 1167
43 1405
28 1207
30 1403
25 1009
25 1123
49 1108
28 1204
40 1042
20 1456
24 1266
16 1491
37 1417
47 1153
34 1361
41 1049
22 1076
29 1128
27 1247
14 1427
43 1398
31 1443
37 1093
36 1360
48 1434
46 1055
18 1193
14 1448
10 1049
26 1492
27 1264
28 1281
49 1149
28 1277
39 1330
37 1025
23 1082
11 1084
37 1385
38 1093
26 1309
48 1435
31 1387
37 1478
21 1498
28 1413
34 1032
16 1269
34 1361
20 1414
30 1036
42 1370
16 1310
25 1219
10 1391
13 1300
49 1295
30 1134
26 1383
30 1422
13 1112
21 1373
20 1117
18 1102
33 1297
30 1038
41 1136
41 1406
15 1297
49 1285
46 1323
30 1031
44 1282
42 1489
38 1001
40 1260
11 1186
44 1456
44 1001
48 1452
32 1307
37 1076
44 1388
35 1186
35 1388
28 1296
38 1220
19 1288
48 1489
13 1494
45 1215
38 1331
21 1019
18 1398
13 1288
36 1393
42 1003
31 1027
27 1400
15 1220
30 1127
41 1426
35 1185
12 1480
31 1455
20 1265
29 1002
36 1297
42 1238
11 1400
18 1253
24 1465
47 1437
38 1325
37 1392
20 1194
49 1056
29 1339
23 1401
32 1016
48 1041
18 1381
29 1055
30 1061
12 1045
17 1474
42 1222
19 1415
13 1414
36 1050
39 1234
42 1333
18 1164
28 1430
44 1098
34 1085
21 1085
23 1229
40 1304
45 1074
19 1240
22 1355
33 1322
14 1082
21 1082
14 1413
21 1461
41 1409
12 1054
11 1247
10 1147
40 1240
23 1081
20 1343
19 1418
35 1071
38 1372
21 1171
36 1011
48 1429
44 1201
19 1406
45 1021
24 1349
31 1361
40 1244
29 1073
42 1410
20 1492
13 1068
33 1282
13 1278
38 1253
13 1221
13 1459
13 1175
15 1146
28 1463
21 1291
40 1035
43 1023
12 1252
12 1390
13 1028
36 1443
36 1237
48 1099
46 1047
11 1480
27 1221
30 1401
20 1056
29 1195
30 1028
47 1221
15 1191
26 1337
12 1153
27 1383
29 1244
33 1009
47 1367
46 1483
30 1183
22 1077
46 1120
15 1280
33 1241
13 1312
48 1174
47 1115
27 1497
12 1081
26 1483
29 1179
45 1014
41 1265
48 1243
42 1150
48 1450
38 1002
47 1079
40 1298
33 1064
39 1206
47 1407
32 1128
42 1334
28 1194
11 1435
36 1245
43 1172
21 1465
29 1058
41 1088
28 1450
45 1139
24 1283
12 1371
48 1078
43 1358
21 1262
14 1044
17 1191
25 1028
23 1392
22 1267
48 1278
17 1446
49 1123
36 1218
14 1306
18 1035
20 1462
27 1047
11 1347
30 1165
20 1384
12 1049
23 1208
19 1345
19 1358
15 1101
42 1226
19 1203
37 1045
43 1087
19 1206
17 1193
20 1022
48 1171
13 1276
41 1417
27 1020
24 1033
45 1117
17 1379
41 1420
44 1352
17 1236
30 1232
25 1295
15 1333
26 1033
28 1240
48 1278
38 1152
42 1067
49 1044
31 1146
14 1371
29 1406
16 1452
10 1005
30 1363
41 1490
22 1378
41 1121
42 1406
14 1315
45 1461
29 1415
22 1037
34 1262
13 1376
10 1059
33 1489
37 1360
14 1369
49 1083
24 1132
15 1306
13 1246
30 1005
13 1219
35 1168
26 1097
35 1395
23 1316
43 1290
16 1156
13 1213
45 1079
11 1482
38 1220
42 1184
28 1265
26 1475
15 1195
16 1008
34 1400
10 1386
10 1126
36 1089
17 1130
18 1393
21 1316
32 1001
32 1470
18 1329
25 1341
18 1199
13 1422
10 1065
30 1149
25 1004
33 1119
13 1367
47 1212
41 1451
26 1245
18 1319
40 1123
22 1385
38 1299
42 1362
11 1449
48 1370
47 1334
10 1400
10 1338
41 1253
38 1075
15 1358
19 1074
10 1488
44 1053
45 1487
18 1182
28 1067
25 1422
33 1033
19 1253
47 1251
30 1400
18 1414
13 1033
29 1233
15 1218
30 1193
47 1283
20 1221
45 1108
34 1132
28 1316
40 1205
16 1126
46 1072
17 1105
46 1455
22 1029
38 1322
15 1274
23 1040
13 1499
23 1408
29 1075
15 1463
39 1047
25 1442
13 1197
35 1230
27 1496
44 1459
45 1331
41 1099
39 1328
10 1414
35 1440
22 1175
26 1202
34 1234
33 1301
18 1439
15 1027
16 1200
18 1110
41 1010
26 1068
21 1180
14 1119
45 1281
24 1210
23 1062
28 1354
33 1021
29 1166
10 1282
45 1469
22 1214
37 1450
30 1244
37 1285
38 1433
48 1495
20 1063
30 1091
21 1398
37 1238
16 1230
29 1314
40 1396
48 1437
24 1338
41 1433
37 1387
19 1201
44 1282
36 1042
23 1345
45 1088
23 1398
11 1025
43 1367
22 1370
29 1476
14 1049
26 1404
12 1188
17 1490
20 1371
20 1322
25 1221
41 1088
49 1031
11 1341
16 1462
12 1077
21 1206
11 1262
15 1358
32 1230
17 1344
15 1334
24 1158
19 1433
44 1453
26 1298
13 1186
13 1129
21 1194
18 1097
29 1037
33 1180
13 1437
49 1214
17 1128
13 1405
16 1025
16 1223
12 1210
46 1190
16 1290
26 1155
30 1222
48 1140
24 1066
19 1229
29 1321
30 1302
20 1203
49 1058
11 1047
37 1254
21 1411
18 1244
15 1283
37 1280
49 1331
31 1313
32 1079
26 1300
27 1158
28 1287
48 1383
44 1214
30 1181
46 1092
49 1390
35 1149
11 1310
40 1416
30 1176
10 1141
10 1188
47 1307
42 1266
30 1434
31 1077
14 1404
33 1276
23 1448
12 1405
18 1052
47 1131
44 1222
23 1275
22 1319
31 1393
23 1315
16 1317
29 1475
33 1047
43 1086
48 1193
44 1021
48 1160
15 1085
18 1223
34 1086
46 1208
24 1433
14 1134
15 1031
21 1194
20 1245
23 1208
33 1241
23 1017
23 1051
48 1346
34 1135
21 1110
14 1452
41 1046
17 1422
34 1121
37 1172
29 1496
41 1449
34 1206
13 1209
28 1045
34 1139
14 1432
16 1468
15 1297
21 1018
14 1169
31 1353
26 1318
21 1246
41 1328
43 1426
13 1050
38 1262
22 1313
26 1417
49 1425
28 1202
11 1370
32 1024
20 1035
46 1253
11 1179
33 1371
30 1426
45 1265
41 1102
23 1385
31 1275
27 1224
27 1154
10 1041
41 1060
40 1146
34 1437
17 1005
36 1118
22 1311
14 1477
10 1083
35 1447
14 1098
46 1355
22 1364
34 1031
22 1456
48 1052
33 1170
25 1056
29 1444
46 1053
12 1345
23 1365
43 1421
34 1367
49 1478
28 1147
18 1400
28 1152
22 1233
45 1277
47 1122
19 1051
31 1127
42 1394
38 1140
47 1059
42 1247
31 1220
27 1359
30 1282
18 1323
36 1037
10 1213
34 1081
40 1263
14 1479
42 1343
16 1100
47 1391
11 1212
18 1446
25 1017
16 1209
16 1026
20 1129
29 1207
34 1057
20 1121
14 1443
35 1326
12 1221
40 1074
22 1047
48 1200
18 1081
21 1128
33 1397
45 1483
38 1437
47 1375
26 1371
31 1175
34 1110
49 1329
20 1225
36 1482
44 1041
19 1206
10 1445
39 1348
41 1119
21 1017
12 1154
23 1120
22 1252
26 1405
46 1045
26 1473
37 1387
29 1373
20 1148
33 1407
41 1425
31 1087
18 1436
12 1276
38 1105
32 1321
20 1181
42 1331
40 1065
16 1152
25 1470
13 1074
20 1400
31 1111
36 1204
39 1150
24 1193
14 1253
45 1048
11 1353
20 1357
46 1337
38 1114
42 1371
15 1093
21 1060
39 1363
39 1485
22 1455
17 1032
31 1371
41 1420
49 1071
16 1252
38 1426
36 1270
25 1391
25 1487
25 1293
31 1044
45 1074
30 1053
35 1097
48 1315
12 1081
32 1187
17 1328
17 1117
29 1286
16 1205
43 1282
35 1174
24 1478
19 1174
34 1404
43 1038
28 1205
49 1147
36 1443
47 1485
49 1336
31 1211
11 1299
12 1146
10 1441
49 1012
16 1257
34 1433
38 1290
33 1291
18 1297
26 1351
44 1145
21 1379
36 1257
31 1427
31 1150
39 1490
42 1338
43 1183
32 1039
15 1235
20 1431
16 1175
35 1318
49 1321
32 1496
42 1391
17 1238
42 1218
31 1287
29 1147
45 1392
33 1035
10 1309
40 1079
37 1075
43 1291
49 1298
15 1314
17 1331
28 1072
41 1182
26 1354
41 1254
25 1176
45 1427
40 1145
26 1440
10 1007
29 1115
25 1140
15 1239
45 1480
38 1071
48 1355
33 1198
23 1165
26 1291
45 1053
28 1262
35 1229
34 1051
15 1239
23 1129
45 1092
34 1177
45 1262
36 1281
41 1350
10 1036
37 1070
11 1371
22 1286
18 1401
36 1336
32 1421
36 1308
48 1499
28 1105
23 1009
46 1168
22 1351
14 1466
31 1394
37 1419
32 1160
20 1457
38 1436
42 1122
42 1164
14 1264
22 1090
18 1465
24 1317
24 1419
34 1097
12 1219
14 1461
48 1454
22 1041
34 1057
31 1152
49 1011
10 1040
36 1113
32 1031
10 1480
46 1204
48 1304
36 1380
35 1126
22 1116
41 1016
39 1185
30 1040
15 1273
21 1476
10 1154
45 1188
40 1460
43 1393
11 1117
21 1156
22 1468
15 1378
15 1486
11 1402
33 1140
31 1274
10 1359
10 1493
46 1074
49 1462
48 1380
40 1000
33 1168
46 1045
47 1289
30 1099
33 1271
42 1034
37 1000
17 1256
10 1233
12 1028
19 1266
27 1128
44 1358
22 1227
28 1255
36 1170
44 1145
48 1153
46 1398
16 1160
47 1271
22 1162
47 1106
45 1345
12 1346
34 1256
35 1123
13 1391
47 1171
48 1157
11 1131
18 1046
45 1266
34 1211
32 1203
22 1490
42 1054
33 1150
14 1363
20 1416
12 1486
29 1180
33 1265
10 1027
44 1223
47 1191
12 1283
23 1309
49 1312
28 1367
47 1143
26 1488
21 1442
33 1232
29 1067
25 1298
45 1235
23 1150
48 1321
27 1408
20 1107
49 1388
37 1375
31 1491
33 1348
36 1054
19 1282
38 1400
45 1344
26 1466
21 1336
24 1010
47 1228
11 1384
21 1092
42 1496
18 1243
12 1357
18 1161
43 1257
13 1488
46 1028
15 1187
46 1455
19 1077
43 1353
38 1397
40 1260
47 1113
17 1140
37 1478
36 1000
28 1129
18 1436
34 1324
48 1348
10 1205
25 1404
30 1163
32 1233
14 1187
46 1276
19 1101
32 1278
45 1285
45 1034
40 1306
10 1455
11 1315
18 1445
33 1071
32 1435
46 1230
40 1412
36 1131
13 1448
28 1137
48 1289
40 1052
18 1168
18 1273
48 1278
41 1149
38 1398
36 1358
37 1414
36 1311
32 1081
10 1236
44 1235
43 1059
12 1284
48 1150
37 1448
35 1484
41 1410
47 1003
36 1499
42 1456
24 1291
41 1270
43 1284
48 1070
21 1446
27 1092
16 1263
47 1270
13 1204
47 1236
45 1143
20 1118
12 1394
35 1487
17 1326
30 1125
15 1460
12 1200
30 1498
34 1124
49 1458
18 1356
12 1330
31 1148
27 1405
29 1145
49 1393
45 1086
26 1388
26 1133
11 1095
12 1465
21 1201
15 1095
22 1115
11 1155
24 1419
30 1119
28 1031
42 1374
41 1097
37 1224
29 1466
14 1219
43 1050
24 1431
24 1385
21 1054
13 1388
28 1082
21 1234
19 1352
18 1102
47 1376
26 1273
18 1393
24 1163
40 1219
28 1297
46 1122
20 1101
16 1217
38 1332
15 1464
13 1214
45 1469
40 1256
36 1068
39 1228
25 1315
48 1022
26 1239
30 1286
38 1227
24 1018
24 1106
40 1108
15 1221
46 1132
16 1060
36 1433
39 1104
24 1071
37 1368
34 1344
27 1362
39 1481
45 1108
45 1316
30 1351
49 1339
48 1239
49 1135
37 1043
15 1426
37 1445
40 1023
39 1092
16 1304
30 1355
45 1288
26 1452
15 1400
23 1364
25 1171
42 1145
19 1092
40 1104
44 1124
30 1220
17 1373
24 1055
36 1343
34 1329
31 1063
36 1269
41 1248
33 1379
48 1179
21 1092
34 1320
19 1368
48 1276
10 1143
29 1206
31 1318
29 1193
32 1414
38 1131
15 1445
24 1256
31 1466
30 1140
19 1210
10 1412
37 1165
15 1417
47 1341
18 1031
13 1067
42 1207
28 1219
30 1145
24 1172
15 1174
36 1024
31 1291
11 1073
25 1148
32 1243
41 1433
31 1338
21 1100
23 1188
25 1079
26 1111
38 1109
21 1140
34 1033
14 1198
40 1053
29 1155
29 1068
41 1241
10 1226
36 1082
25 1069
43 1076
27 1396
47 1332
36 1410
41 1172
10 1323
25 1213
11 1051
43 1314
16 1310
41 1199
48 1397
42 1142
48 1346
37 1470
26 1359
35 1012
30 1439
35 1028
44 1097
11 1165
22 1264
35 1328
11 1180
34 1435
27 1156
23 1194
28 1419
13 1147
20 1444
13 1434
19 1064
32 1258
40 1109
43 1033
44 1316
16 1205
25 1121
34 1014
34 1108
36 1482
38 1118
47 1483
41 1049
43 1133
25 1058
23 1039
17 1304
31 1114
32 1202
11 1406
12 1153
24 1110
18 1184
33 1486
12 1374
11 1097
20 1242
22 1236
30 1484
38 1261
45 1302
17 1041
23 1484
28 1204
12 1236
24 1019
32 1445
35 1281
17 1318
37 1248
22 1414
49 1171
24 1056
30 1070
15 1444
47 1332
15 1246
24 1042
11 1150
10 1448
28 1088
49 1104
44 1056
36 1093
48 1097
14 1119
40 1471
24 1022
39 1209
41 1052
47 1306
16 1008
17 1024
44 1283
14 1195
31 1101
35 1474
17 1117
17 1084
41 1494
18 1322
39 1361
10 1088
45 1329
14 1120
15 1226
21 1077
23 1438
33 1290
18 1320
29 1318
32 1094
45 1461
22 1405
24 1318
13 1465
24 1310
24 1202
42 1283
34 1451
15 1172
39 1446
22 1381
10 1155
30 1485
41 1199
29 1291
47 1212
13 1434
11 1271
46 1426
45 1430
27 1499
10 1358
28 1004
36 1290
38 1469
23 1499
47 1007
41 1317
43 1332
23 1199
30 1328
17 1328
28 1412
47 1351
23 1488
43 1208
43 1445
39 1052
42 1386
30 1079
16 1336
36 1054
27 1389
43 1283
45 1155
25 1365
34 1276
11 1213
36 1393
23 1014
20 1317
26 1335
17 1078
31 1455
26 1357
43 1418
23 1166
37 1390
10 1289
42 1158
12 1313
26 1384
37 1212
16 1168
16 1462
27 1271
14 1043
49 1343
38 1166
36 1035
23 1261
19 1003
19 1128
15 1087
42 1458
24 1219
43 1299
21 1032
30 1475
38 1115
27 1108
49 1375
38 1381
24 1423
36 1255
12 1257
44 1420
36 1382
29 1407
32 1245
42 1499
43 1408
39 1429
33 1303
21 1271
47 1469
34 1022
27 1308
32 1428
39 1110
21 1415
36 1353
25 1278
12 1132
33 1257
13 1015
22 1220
21 1246
24 1235
43 1069
33 1073
17 1317
22 1107
11 1223
32 1382
18 1173
32 1104
17 1096
47 1125
28 1384
48 1239
25 1409
43 1037
41 1468
18 1178
30 1079
46 1360
18 1498
22 1208
20 1395
40 1004
27 1346
13 1391
33 1175
44 1172
27 1070
19 1425
19 1049
44 1103
34 1244
13 1289
24 1072
37 1129
22 1368
43 1315
49 1264
46 1107
10 1353
45 1483
46 1371
47 1331
25 1045
19 1248
33 1328
28 1331
16 1337
24 1287
18 1269
10 1143
14 1442
35 1174
11 1326
14 1302
21 1265
37 1139
15 1451
40 1354
20 1093
39 1464
46 1481
30 1063
19 1250
29 1413
47 1495
10 1406
24 1432
16 1277
44 1058
31 1046
41 1061
17 1163
24 1152
24 1445
14 1428
34 1421
40 1258
45 1490
18 1394
34 1128
27 1184
39 1172
39 1066
49 1307
11 1383
33 1128
19 1372
27 1256
23 1074
38 1145
14 1070
40 1028
41 1396
42 1436
43 1380
49 1142
43 1234
22 1110
25 1129
45 1062
19 1324
30 1124
17 1374
34 1283
12 1385
16 1142
13 1422
25 1341
17 1154
49 1087
35 1439
45 1214
19 1381
12 1355
22 1475
40 1162
19 1494
19 1391
21 1276
10 1098
25 1192
38 1311
24 1085
19 1306
23 1179
45 1107
28 1432
44 1297
34 1383
33 1064
40 1081
19 1273
38 1296
38 1431
43 1426
47 1335
15 1321
21 1077
43 1017
27 1285
39 1062
21 1402
22 1489
37 1037
47 1080
30 1294
29 1318
12 1137
43 1229
13 1033
18 1347
31 1147
17 1104
36 1405
17 1476
46 1150
26 1233
41 1053
14 1146
27 1070
44 1305
44 1018
33 1101
35 1108
19 1473
32 1249
41 1157
40 1239
17 1456
16 1176
14 1257
45 1374
12 1372
20 1268
45 1237
43 1408
38 1112
35 1052
11 1449
19 1419
43 1484
31 1414
47 1373
39 1479
34 1132
42 1139
19 1162
28 1085
48 1132
48 1294
21 1017
32 1068
23 1255
44 1214
23 1000
15 1105
26 1102
25 1337
23 1350
39 1410
22 1373
38 1492
37 1099
45 1321
46 1139
28 1046
28 1080
34 1153
17 1103
23 1071
36 1253
21 1267
30 1343
22 1323
26 1305
19 1155
33 1150
28 1078
29 1179
24 1423
19 1060
44 1061
20 1001
28 1314
45 1137
25 1293
13 1407
17 1304
39 1330
14 1466
23 1276
16 1395
41 1315
20 1037
24 1031
22 1138
20 1479
40 1429
38 1401
38 1088
14 1387
26 1163
27 1304
35 1170
11 1239
21 1329
24 1162
30 1343
44 1324
17 1027
12 1205
19 1326
21 1302
24 1370
27 1235
48 1177
12 1026
30 1177
29 1056
33 1283
19 1204
40 1325
28 1414
49 1382
37 1327
19 1469
23 1340
43 1174
16 1255
29 1463
34 1006
10 1041
15 1296
19 1402
16 1005
19 1271
44 1424
19 1030
17 1394
42 1168
31 1106
36 1055
12 1064
10 1006
12 1459
33 1353
32 1373
27 1006
23 1090
15 1428
13 1340
26 1318
35 1494
48 1375
26 1024
24 1274
39 1049
41 1217
47 1210
31 1043
45 1147
26 1055
16 1142
37 1012
42 1230
24 1328
17 1435
34 1032
47 1343
15 1013
45 1087
22 1189
13 1238
37 1415
41 1119
48 1061
15 1400
42 1213
24 1082
36 1150
45 1436
11 1486
46 1181
38 1254
29 1382
11 1101
10 1072
48 1286
44 1303
48 1167
30 1043
37 1076
22 1016
27 1465
48 1045
13 1180
19 1288
17 1163
46 1406
33 1483
10 1386
41 1082
39 1282
26 1081
34 1396
30 1220
37 1055
39 1039
22 1243
39 1237
20 1478
41 1279
19 1242
29 1496
16 1225
27 1123
18 1216
34 1038
37 1075
40 1491
25 1235
43 1371
26 1038
48 1136
19 1230
14 1107
44 1104
13 1177
45 1136
25 1240
43 1479
24 1189
35 1212
32 1465
19 1175
49 1329
27 1103
21 1036
22 1066
14 1173
35 1092
41 1263
21 1480
30 1336
33 1353
39 1016
44 1429
37 1388
30 1241
27 1281
20 1225
15 1139
30 1170
47 1421
12 1488
43 1454
27 1097
27 1483
13 1320
34 1282
14 1027
13 1349
27 1230
32 1200
25 1055
18 1414
12 1105
24 1402
37 1270
38 1333
33 1437
27 1342
49 1381
14 1271
26 1360
39 1065
40 1224
47 1119
32 1427
41 1239
33 1174
36 1456
14 1165
26 1389
23 1071
35 1127
28 1420
13 1288
39 1404
28 1424
36 1236
33 1100
37 1491
44 1340
19 1465
45 1477
31 1316
16 1381
19 1448
14 1405
11 1300
11 1374
29 1024
48 1279
31 1447
26 1210
10 1314
44 1035
44 1060
13 1005
29 1180
16 1263
10 1030
32 1348
20 1437
46 1045
14 1236
39 1245
18 1084
27 1026
15 1183
14 1200
13 1101
41 1043
24 1429
30 1494
35 1415
17 1058
34 1080
31 1128
48 1357
13 1237
33 1192
32 1078
45 1382
26 1363
26 1013
27 1261
16 1496
33 1182
34 1335
35 1388
15 1280
25 1174
34 1266
31 1478
38 1450
46 1280
39 1101
23 1039
46 1376
10 1315
27 1010
29 1167
40 1194
49 1466
45 1063
19 1438
34 1319
18 1032
26 1354
40 1490
48 1065
23 1450
43 1227
47 1431
12 1221
46 1115
27 1256
39 1036
16 1255
37 1084
17 1123
17 1338
36 1031
31 1286
47 1210
33 1237
32 1071
42 1299
37 1415
44 1401
45 1076
18 1102
17 1363
10 1441
17 1037
41 1332
20 1291
26 1127
21 1194
29 1412
24 1358
29 1314
31 1111
16 1467
17 1278
47 1066
43 1254
12 1482
10 1035
15 1366
19 1431
20 1454
21 1003
13 1218
13 1350
18 1307
38 1439
40 1166
46 1344
24 1469
39 1002
22 1185
24 1184
19 1281
35 1499
30 1180
24 1160
37 1276
36 1441
22 1467
43 1454
34 1368
12 1383
43 1425
15 1410
13 1076
20 1141
25 1233
26 1103
30 1059
38 1459
45 1182
43 1011
42 1396
31 1034
32 1110
15 1133
20 1295
26 1108
29 1243
13 1495
13 1323
14 1397
35 1137
43 1112
30 1354
38 1396
44 1354
11 1263
37 1225
31 1438
11 1239
34 1015
11 1194
15 1210
20 1463
34 1092
17 1481
21 1429
20 1399
21 1303
28 1078
48 1262
10 1474
49 1290
32 1229
35 1031
38 1277
19 1015
14 1162
43 1472
11 1423
31 1176
19 1380
13 1084
15 1169
14 1336
12 1035
26 1341
35 1025
49 1157
46 1109
15 1237
28 1458
44 1274
46 1151
30 1357
15 1438
10 1422
47 1430
44 1361
10 1220
34 1245
21 1292
32 1462
39 1420
36 1254
48 1284
12 1382
36 1257
45 1328
37 1169
23 1115
19 1101
49 1041
14 1053
10 1059
49 1184
25 1306
27 1096
11 1236
22 1424
40 1062
30 1443
29 1184
23 1277
42 1183
35 1400
36 1054
41 1295
48 1034
16 1266
16 1037
23 1162
44 1393
27 1092
36 1357
39 1022
37 1398
26 1415
24 1157
45 1000
41 1090
10 1077
24 1449
32 1396
10 1354
38 1224
22 1380
25 1330
33 1483
33 1341
30 1052
13 1277
25 1202
36 1097
49 1410
31 1191
36 1310
41 1105
36 1032
47 1352
18 1091
24 1109
23 1018
25 1457
48 1201
23 1470
37 1339
33 1378
33 1210
22 1117
43 1071
18 1456
15 1366
12 1273
47 1013
14 1232
21 1331
22 1326
41 1413
36 1345
11 1181
48 1151
45 1107
44 1496
11 1097
24 1100
49 1366
25 1279
30 1215
19 1340
41 1290
39 1392
11 1072
46 1491
10 1230
41 1148
20 1443
18 1125
46 1209
46 1306
21 1143
18 1069
13 1105
10 1055
16 1204
38 1254
12 1396
14 1300
42 1002
39 1470
47 1018
47 1245
12 1469
30 1475
48 1406
20 1202
48 1159
43 1217
21 1449
19 1078
12 1404
47 1023
47 1199
10 1359
15 1238
12 1464
10 1136
34 1295
39 1477
44 1117
19 1093
46 1072
28 1250
41 1267
15 1312
34 1143
23 1224
41 1315
48 1430
15 1485
32 1414
49 1244
45 1107
27 1476
46 1269
10 1326
16 1061
42 1177
29 1466
41 1179
17 1139
19 1234
39 1136
23 1221
46 1047
24 1208
33 1442
30 1014
34 1290
25 1304
44 1226
42 1057
26 1331
11 1015
26 1139
21 1308
48 1025
10 1096
47 1044
32 1089
20 1359
15 1312
33 1377
33 1084
10 1036
39 1429
43 1449
41 1401
10 1068
35 1393
41 1074
25 1357
49 1349
32 1475
46 1009
27 1374
41 1163
24 1472
37 1457
11 1003
27 1479
45 1422
35 1105
27 1044
16 1059
41 1404
26 1414
46 1414
32 1078
34 1023
12 1442
45 1431
43 1399
41 1324
24 1150
45 1088
15 1410
46 1197
17 1302
33 1335
47 1117
25 1485
28 1296
25 1207
39 1178
33 1364
12 1023
44 1239
28 1353
43 1098
20 1275
49 1052
36 1275
42 1001
22 1294
27 1078
40 1115
38 1432
40 1016
34 1442
29 1014
45 1386
20 1014
25 1387
33 1428
22 1369
10 1313
20 1462
13 1396
18 1492
23 1479
18 1281
33 1118
26 1118
35 1490
34 1254
43 1284
12 1208
29 1381
25 1218
46 1157
45 1091
35 1180
31 1470
18 1353
20 1402
45 1215
28 1421
29 1189
29 1085
22 1357
47 1051
26 1110
12 1417
25 1369
10 1371
35 1462
21 1067
35 1117
22 1000
26 1131
18 1060
18 1135
13 1380
13 1454
32 1256
47 1361
47 1047
44 1375
39 1225
32 1214
17 1061
28 1194
10 1176
30 1282
21 1093
21 1357
39 1356
22 1120
16 1483
32 1214
30 1303
28 1306
21 1296
39 1006
25 1352
22 1055
48 1089
22 1185
18 1384
22 1489
42 1215
21 1193
47 1111
44 1347
22 1432
37 1380
28 1298
30 1346
30 1086
43 1361
48 1046
45 1120
35 1494
34 1442
44 1353
15 1429
13 1064
46 1282
31 1128
33 1207
17 1126
16 1179
19 1427
29 1412
16 1439
31 1478
38 1170
48 1381
34 1461
16 1235
16 1192
34 1221
12 1450
21 1031
44 1149
14 1030
13 1308
28 1176
17 1229
44 1292
34 1421
28 1122
41 1313
25 1017
43 1388
12 1329
45 1338
41 1488
14 1464
14 1349
21 1487
42 1483
43 1376
40 1155
24 1111
28 1337
16 1290
35 1382
40 1105
47 1100
32 1148
41 1013
22 1430
41 1324
22 1449
46 1295
30 1150
13 1406
49 1032
14 1421
38 1313
28 1241
30 1285
35 1088
22 1357
46 1160
23 1246
38 1446
35 1466
37 1497
16 1068
37 1085
31 1053
33 1171
27 1427
15 1450
15 1307
24 1149
31 1394
49 1265
33 1393
33 1497
30 1382
28 1302
10 1093
28 1327
45 1475
14 1260
46 1359
35 1456
14 1107
44 1089
47 1228
15 1007
47 1239
37 1049
23 1194
41 1185
46 1335
15 1158
24 1273
46 1379
30 1122
16 1269
39 1476
22 1176
32 1102
22 1123
17 1148
37 1022
15 1089
31 1344
44 1311
44 1072
16 1389
30 1362
46 1259
43 1385
46 1487
49 1107
31 1062
36 1034
24 1386
46 1308
22 1231
39 1383
34 1374
36 1073
10 1125
15 1022
17 1316
25 1003
22 1181
12 1103
21 1069
46 1413
26 1402
28 1346
27 1378
30 1207
27 1342
24 1402
35 1376
37 1346
11 1205
19 1156
21 1169
45 1113
27 1285
20 1362
22 1176
10 1013
26 1086
18 1287
49 1054
29 1210
46 1175
25 1195
36 1479
48 1437
14 1412
48 1005
44 1249
29 1381
45 1243
29 1323
11 1332
27 1369
38 1037
47 1238
30 1323
35 1103
19 1007
19 1477
25 1345
38 1135
15 1348
36 1184
17 1420
43 1306
32 1369
23 1217
22 1116
36 1017
33 1413
27 1385
40 1175
38 1035
10 1217
35 1400
22 1355
18 1246
21 1349
33 1499
14 1327
16 1272
22 1345
10 1352
45 1478
48 1446
36 1302
27 1270
12 1448
30 1287
12 1299
45 1449
15 1168
42 1386
37 1363
30 1235
18 1381
49 1487
25 1463
45 1159
34 1089
31 1314
16 1324
21 1196
40 1264
33 1378
46 1151
28 1093
38 1016
16 1379
43 1450
47 1267
16 1078
31 1164
16 1460
26 1243
19 1152
49 1046
15 1151
23 1043
34 1064
48 1399
31 1491
35 1229
21 1306
38 1315
40 1317
20 1453
47 1355
15 1344
26 1328
39 1033
32 1221
15 1244
11 1031
22 1116
12 1087
23 1385
37 1330
36 1454
10 1484
32 1179
39 1384
47 1216
44 1195
40 1380
40 1400
28 1151
30 1443
34 1444
36 1107
10 1422
25 1358
37 1499
18 1490
48 1295
21 1234
45 1077
40 1380
16 1390
19 1342
27 1144
12 1445
29 1119
49 1046
26 1497
27 1242
42 1336
39 1273
32 1133
46 1257
43 1105
25 1000
40 1341
11 1035
38 1365
21 1102
25 1445
10 1120
15 1478
29 1336
38 1452
45 1302
14 1045
13 1139
23 1196
25 1210
18 1134
41 1220
42 1384
11 1434
26 1415
26 1279
35 1406
38 1226
11 1022
11 1297
32 1161
14 1112
49 1029
13 1193
42 1038
40 1267
39 1132
10 1196
29 1137
28 1219
39 1157
15 1158
19 1082
35 1106
32 1262
23 1039
35 1306
25 1210
48 1378
33 1002
44 1300
41 1256
25 1204
46 1152
17 1136
19 1208
27 1038
27 1060
37 1136
20 1399
21 1230
29 1064
24 1090
37 1245
23 1060
22 1472
42 1015
34 1233
13 1063
32 1189
38 1420
16 1253
31 1466
16 1291
11 1249
18 1376
49 1022
44 1011
27 1339
45 1221
47 1426
41 1027
40 1154
36 1345
10 1350
23 1358
37 1228
25 1214
35 1012
30 1171
48 1356
30 1468
28 1248
33 1341
35 1094
18 1483
15 1356
16 1251
48 1407
36 1201
18 1236
19 1268
22 1192
29 1437
11 1448
31 1306
39 1300
37 1360
22 1422
49 1361
37 1203
12 1328
23 1157
27 1002
16 1317
24 1279
35 1228
33 1342
32 1216
39 1014
34 1273
18 1108
11 1395
37 1383
20 1222
23 1465
42 1439
49 1149
41 1172
18 1419
39 1042
32 1199
16 1273
19 1482
20 1031
37 1020
39 1137
37 1486
18 1318
45 1193
13 1379
37 1433
49 1025
33 1038
10 1192
40 1113
33 1047
13 1135
45 1488
32 1391
18 1493
24 1231
45 1360
49 1263
30 1163
10 1024
39 1380
44 1264
10 1143
33 1129
43 1077
34 1084
34 1392
39 1453
36 1486
34 1218
34 1430
32 1017
46 1342
49 1477
10 1467
20 1328
25 1081
38 1219
28 1115
33 1248
27 1458
46 1406
34 1423
33 1403
24 1096
14 1043
49 1396
11 1325
16 1248
35 1045
11 1361
36 1368
15 1304
14 1286
39 1112
32 1484
11 1026
23 1365
15 1255
42 1171
22 1468
31 1347
12 1219
16 1277
12 1456
43 1101
16 1243
29 1108
15 1017
29 1019
42 1126
33 1282
28 1327
48 1155
11 1394
27 1449
10 1427
32 1416
44 1228
14 1327
27 1147
12 1305
27 1169
23 1353
30 1106
13 1404
12 1025
49 1482
32 1411
14 1251
28 1310
43 1416
46 1128
47 1226
44 1210
40 1061
28 1463
29 1001
26 1234
10 1091
32 1040
30 1435
30 1320
18 1463
49 1491
38 1141
27 1421
38 1358
12 1056
26 1440
21 1043
17 1285
16 1285
34 1158
27 1273
35 1090
23 1454
20 1166
14 1235
37 1303
20 1312
42 1060
48 1176
39 1015
40 1375
24 1254
28 1170
29 1149
35 1491
23 1033
10 1223
25 1364
27 1018
47 1342
31 1398
21 1127
43 1323
34 1219
26 1019
10 1462
24 1087
36 1332
44 1313
27 1113
29 1380
31 1196
41 1263
25 1442
34 1169
42 1250
25 1299
34 1303
28 1355
29 1213
20 1391
15 1215
25 1020
34 1170
43 1462
12 1492
20 1422
27 1492
48 1168
43 1397
46 1324
23 1154
15 1267
49 1046
34 1075
25 1426
26 1468
16 1186
42 1473
37 1108
47 1239
37 1063
11 1032
19 1138
20 1264
15 1439
32 1399
11 1060
41 1179
12 1489
32 1179
15 1462
40 1091
15 1330
13 1471
17 1458
22 1488
40 1103
13 1204
32 1149
13 1059
48 1150
12 1027
43 1439
22 1105
14 1315
32 1072
23 1379
41 1138
45 1330
13 1152
24 1054
26 1185
37 1166
16 1108
11 1225
35 1255
23 1243
48 1043
21 1311
34 1217
37 1468
44 1433
31 1102
18 1419
39 1448
39 1345
38 1324
44 1414
40 1058
14 1418
49 1372
41 1351
46 1084
43 1373
42 1060
10 1221
11 1126
16 1346