5500 5000
29 1346
21 1476
49 1214
18 1042
13 1036
31 1410
46 1166
20 1183
42 1273
28 1497
43 1287
12 1282
33 1495
23 1028
21 1138
49 1395
34 1159
12 1150
23 1304
11 1273
17 1127
25 1275
18 1383
45 1457
34 1130
22 1228
41 1217
19 1260
23 1177
22 1194
32 1150
48 1231
10 1424
34 1184
25 1319
23 1243
49 1157
29 1346
22 1408
27 1176
45 1466
14 1086
17 1157
28 1195
37 1338
35 1089
15 1047
45 1111
40 1401
21 1466
38 1230
47 1040
13 1361
32 1417
27 1404
14 1402
38 1124
46 1046
27 1297
22 1446
32 1156
45 1202
13 1247
39 1297
44 1473
45 1381
29 1096
26 1249
44 1305
22 1406
49 1314
39 1305
31 1052
31 1365
14 1315
15 1343
44 1294
36 1086
35 1174
18 1030
48 1484
38 1166
49 1222
29 1361
36 1391
21 1203
45 1101
45 1125
13 1341
15 1205
21 1452
40 1369
41 1197
34 1326
37 1069
44 1385
39 1057
28 1174
38 1226
11 1396
29 1017
14 1249
43 1005
27 1222
23 1044
13 1424
41 1139
12 1048
21 1404
33 1464
22 1299
47 1421
23 1080
16 1388
42 1240
15 1121
24 1306
39 1167
24 1165
12 1279
20 1421
19 1302
25 1005
23 1212
39 1329
48 1070
17 1336
39 1052
26 1055
43 1373
32 1311
14 1178
44 1491
34 1121
18 1258
27 1097
21 1206
13 1461
23 1003
26 1362
17 1436
49 1359
17 1072
38 1181
39 1350
18 1043
25 1291
36 1144
40 1455
33 1372
21 1238
49 1076
14 1351
21 1139
25 1039
32 1443
36 1399
33 1150
36 1066
43 1100
42 1023
11 1248
17 1381
12 1400
30 1129
19 1114
14 1456
39 1338
10 1020
46 1379
43 1297
17 1300
35 1018
40 1075
35 1247
43 1085
21 1261
26 1308
36 1215
22 1016
32 1315
43 1260
40 1022
41 1071
39 1308
33 1323
25 1019
11 1317
28 1267
42 1220
34 1473
27 1428
34 1266
10 1142
48 1432
37 1455
34 1193
21 1215
25 1141
20 1390
47 1055
34 1007
24 1133
14 1482
35 1052
49 1401
40 1260
39 1120
49 1474
31 1016
34 1286
20 1391
49 1095
21 1231
30 1121
30 1214
31 1347
27 1163
31 1249
46 1084
45 1415
30 1399
26 1279
23 1339
27 1360
16 1171
30 1455
21 1425
29 1372
39 1385
40 1081
32 1099
43 1244
48 1433
16 1084
17 1215
46 1309
39 1398
42 1000
24 1442
25 1022
35 1235
33 1028
38 1254
32 1182
42 1199
34 1036
19 1020
23 1055
19 1338
12 1170
30 1118
20 1063
47 1478
44 1151
24 1239
39 1336
31 1080
28 1377
37 1095
18 1308
34 1183
30 1316
45 1021
31 1022
18 1368
49 1161
18 1360
10 1481
24 1014
34 1066
48 1116
29 1453
39 1184
34 1440
19 1167
36 1297
33 1095
27 1218
17 1360
49 1415
25 1440
30 1250
20 1050
23 1456
28 1492
48 1368
18 1342
35 1488
15 1247
13 1319
38 1302
48 1153
30 1422
34 1195
25 1463
35 1289
14 1263
13 1343
49 1169
38 1174
16 1006
45 1171
42 1398
45 1149
11 1415
20 1153
32 1131
35 1199
27 1091
41 1205
47 1464
13 1254
16 1115
38 1101
49 1085
26 1355
30 1179
16 1024
29 1308
30 1082
19 1250
38 1018
18 1094
19 1394
35 1286
11 1492
36 1113
38 1415
38 1152
43 1014
46 1289
34 1338
40 1291
22 1432
20 1246
15 1452
13 1175
24 1083
26 1155
24 1408
45 1453
27 1005
45 1247
30 1400
13 1081
29 1083
29 1467
17 1086
22 1489
27 1475
29 1327
40 1456
18 1089
32 1495
37 1282
31 1211
41 1202
42 1041
46 1362
27 1168
35 1098
45 1104
36 1481
28 1175
46 1278
22 1183
43 1269
44 1205
24 1077
44 1146
49 1151
10 1133
36 1089
46 1307
12 1281
11 1238
43 1018
39 1465
29 1231
23 1313
32 1231
36 1302
26 1173
40 1459
30 1214
30 1216
28 1298
43 1287
39 1216
15 1020
25 1358
15 1101
23 1005
30 1436
31 1089
17 1328
12 1418
24 1400
22 1395
31 1141
27 1070
45 1079
42 1025
49 1033
49 1154
35 1054
39 1434
31 1028
32 1411
42 1435
46 1317
43 1090
16 1060
40 1343
20 1250
24 1137
43 1032
38 1172
43 1131
25 1458
47 1436
43 1465
30 1137
41 1246
34 1260
30 1031
28 1143
40 1463
23 1233
28 1218
15 1412
34 1381
10 1059
32 1314
27 1402
42 1363
34 1006
32 1188
44 1231
16 1148
40 1245
13 1015
49 1161
11 1445
40 1083
45 1137
16 1003
18 1044
48 1099
26 1200
40 1462
26 1190
38 1455
42 1100
38 1182
27 1126
20 1344
15 1154
44 1482
31 1310
30 1122
15 1178
44 1323
44 1377
36 1343
42 1334
24 1430
21 1070
26 1033
18 1072
12 1052
41 1183
46 1362
46 1278
20 1453
11 1480
45 1130
17 1340
39 1034
15 1445
28 1423
25 1393
18 1292
44 1133
30 1127
41 1258
18 1343
16 1208
40 1086
20 1457
47 1040
16 1158
27 1247
22 1324
40 1359
27 1058
33 1225
34 1231
43 1115
36 1397
28 1069
45 1349
30 1270
35 1480
14 1171
38 1352
14 1019
20 1015
43 1084
45 1023
29 1381
35 1235
33 1055
35 1420
25 1192
21 1018
38 1399
39 1148
22 1291
30 1315
45 1167
31 1268
14 1261
26 1144
47 1272
45 1233
12 1168
18 1196
47 1445
33 1214
22 1206
38 1088
10 1377
25 1041
45 1453
35 1300
37 1417
30 1337
30 1314
31 1482
24 1286
28 1135
21 1103
24 1260
10 1330
44 1226
36 1315
14 1429
32 1296
45 1109
39 1356
10 1489
43 1406
30 1442
37 1139
19 1192
26 1018
30 1017
46 1219
18 1396
26 1297
26 1294
40 1088
42 1054
19 1335
19 1330
18 1484
11 1205
11 1099
24 1384
32 1389
24 1165
47 1185
46 1136
23 1461
13 1323
31 1301
42 1499
27 1481
11 1286
40 1114
30 1209
49 1331
20 1475
18 1173
46 1264
33 1050
37 1150
16 1397
28 1189
43 1246
13 1039
42 1296
42 1447
47 1003
23 1401
48 1411
20 1303
49 1294
46 1397
23 1259
30 1180
38 1262
43 1359
23 1022
33 1357
29 1350
23 1424
21 1259
12 1300
32 1325
43 1252
37 1130
40 1192
21 1332
37 1239
12 1431
28 1236
44 1092
27 1448
22 1378
22 1337
30 1473
36 1162
37 1004
42 1052
20 1390
18 1428
40 1115
41 1077
10 1061
41 1429
18 1402
48 1159
26 1001
12 1033
29 1378
12 1194
34 1368
21 1332
20 1341
29 1317
43 1051
45 1177
11 1486
14 1497
35 1378
15 1372
17 1068
17 1403
20 1165
41 1264
40 1297
44 1191
34 1378
46 1331
31 1266
12 1014
40 1427
27 1419
14 1449
28 1058
39 1207
45 1427
29 1058
45 1335
14 1299
10 1083
32 1445
39 1394
30 1332
36 1103
35 1298
37 1023
13 1138
16 1479
28 1327
15 1024
36 1251
44 1068
26 1374
29 1259
26 1088
11 1444
13 1416
14 1259
24 1125
15 1269
47 1066
40 1345
34 1367
30 1195
21 1095
26 1129
12 1393
11 1451
38 1060
39 1291
23 1006
27 1416
40 1495
26 1315
42 1206
30 1213
45 1122
21 1044
39 1222
18 1193
17 1283
22 1158
14 1479
17 1312
46 1210
46 1121
40 1124
30 1128
23 1131
23 1378
49 1363
40 1202
25 1137
11 1338
38 1271
35 1485
22 1430
29 1034
35 1043
43 1457
48 1172
46 1379
12 1361
18 1061
30 1261
30 1396
13 1385
19 1080
25 1089
29 1346
45 1152
18 1218
37 1465
44 1162
16 1260
48 1191
37 1078
47 1134
28 1075
47 1454
15 1385
31 1393
34 1064
49 1123
22 1086
12 1437
19 1267
42 1042
16 1196
21 1268
44 1071
23 1433
30 1095
34 1283
42 1023
17 1439
16 1264
28 1430
47 1275
37 1015
41 1285
12 1369
29 1068
16 1308
49 1120
38 1449
22 1390
24 1277
49 1007
13 1456
40 1041
40 1466
11 1167
26 1298
14 1006
29 1141
41 1478
40 1474
43 1147
27 1110
46 1443
19 1347
13 1141
30 1350
29 1390
13 1418
28 1056
36 1238
34 1220
41 1237
11 1082
12 1237
21 1271
14 1187
29 1233
18 1219
34 1194
38 1383
28 1104
47 1084
11 1145
37 1180
11 1023
48 1420
29 1164
19 1062
13 1253
29 1072
41 1036
23 1358
21 1120
13 1435
33 1433
44 1294
11 1010
14 1445
14 1035
24 1059
10 1155
30 1427
41 1126
44 1188
26 1303
20 1199
15 1163
15 1163
20 1498
42 1276
37 1244
16 1237
44 1248
37 1334
26 1385
13 1362
10 1387
22 1259
25 1073
21 1352
23 1052
49 1434
12 1299
30 1264
48 1452
13 1320
31 1216
11 1317
35 1325
37 1326
11 1029
18 1375
47 1411
40 1120
10 1081
15 1401
40 1347
17 1255
29 1446
49 1182
35 1332
34 1310
47 1295
39 1188
14 1283
44 1259
21 1169
37 1129
35 1330
47 1011
33 1215
28 1137
19 1355
26 1179
15 1056
44 1388
47 1288
15 1476
47 1269
11 1296
10 1174
10 1086
26 1161
19 1211
14 1475
46 1437
28 1233
15 1324
28 1499
33 1190
30 1453
43 1331
36 1338
26 1007
35 1418
12 1456
38 1121
47 1079
43 1129
43 1360
14 1039
24 1028
49 1371
39 1132
10 1041
15 1391
37 1374
31 1299
38 1378
49 1011
12 1248
49 1093
28 1251
11 1219
30 1074
25 1262
15 1491
19 1010
16 1417
31 1162
22 1395
39 1346
25 1428
22 1157
38 1278
37 1066
36 1377
35 1184
31 1085
18 1369
22 1394
28 1031
28 1235
43 1494
49 1283
22 1273
12 1255
29 1008
13 1345
25 1009
49 1447
42 1109
31 1384
13 1469
31 1403
21 1076
41 1012
21 1177
23 1132
24 1366
33 1498
25 1010
44 1440
10 1141
11 1128
26 1056
34 1248
27 1210
14 1224
12 1018
42 1015
21 1269
38 1274
30 1290
46 1255
23 1146
17 1108
13 1151
13 1065
26 1089
35 1279
32 1498
13 1191
11 1231
14 1118
17 1042
49 1337
48 1120
29 1230
30 1382
16 1033
24 1392
27 1274
43 1378
12 1465
16 1436
49 1248
20 1163
32 1045
18 1322
47 1112
47 1048
25 1092
18 1350
41 1472
16 1309
12 1442
42 1300
43 1220
47 1174
12 1179
13 1192
29 1375
21 1000
18 1129
11 1374
39 1204
39 1467
21 1005
26 1188
22 1354
21 1408
23 1497
42 1249
47 1099
16 1043
11 1442
18 1191
15 1398
43 1192
19 1417
21 1331
35 1332
23 1382
12 1240
43 1167
18 1351
19 1083
32 1402
46 1378
42 1114
26 1066
44 1460
38 1188
49 1356
38 1134
10 1229
31 1060
46 1286
41 1280
36 1287
41 1279
46 1466
26 1015
48 1472
49 1348
21 1140
15 1460
49 1439
44 1139
31 1400
42 1290
45 1313
22 1497
38 1210
38 1106
49 1241
49 1426
18 1100
47 1020
31 1327
35 1296
17 1365
20 1168
13 1070
49 1347
39 1324
21 1349
40 1171
23 1205
23 1032
10 1167
45 1239
34 1197
37 1289
49 1252
31 1491
42 1186
35 1454
38 1124
21 1100
42 1294
12 1241
27 1399
28 1451
27 1382
35 1304
19 1355
13 1000
19 1224
35 1201
26 1238
34 1246
22 1232
49 1262
32 1011
27 1141
19 1227
35 1159
37 1356
43 1444
41 1091
34 1032
23 1494
41 1443
16 1021
43 1345
19 1332
47 1046
41 1292
18 1157
45 1379
28 1120
38 1183
22 1167
10 1193
29 1145
23 1430
25 1278
48 1276
28 1200
44 1244
22 1415
12 1397
27 1284
17 1274
49 1109
47 1324
32 1088
42 1118
40 1475
46 1241
29 1391
39 1394
18 1023
29 1284
45 1454
23 1148
26 1111
12 1455
42 1282
38 1386
14 1381
45 1455
13 1212
19 1179
43 1342
35 1362
20 1287
25 1178
38 1467
13 1208
47 1137
31 1488
10 1203
10 1300
46 1095
31 1052
47 1307
34 1159
38 1143
25 1356
16 1260
18 1095
15 1379
14 1178
46 1065
35 1453
14 1155
37 1383
40 1299
46 1161
38 1267
48 1139
23 1424
48 1144
22 1405
10 1022
44 1056
23 1265
28 1036
23 1394
31 1147
16 1436
39 1209
46 1007
30 1206
36 1155
29 1347
31 1199
39 1308
42 1388
15 1178
11 1123
46 1422
12 1217
15 1484
47 1310
12 1432
28 1157
14 1329
17 1131
17 1149
42 1128
40 1463
27 1377
42 1331
11 1036
39 1091
12 1388
38 1211
35 1104
10 1151
19 1245
41 1008
15 1042
34 1444
41 1301
43 1308
46 1429
28 1195
10 1083
41 1334
34 1263
28 1429
41 1315
29 1237
11 1437
26 1319
16 1266
28 1384
33 1252
17 1364
30 1376
20 1082
40 1466
23 1147
36 1292
25 1268
40 1071
47 1117
25 1228
29 1446
46 1255
32 1489
34 1202
39 1233
24 1397
24 1405
27 1298
49 1273
41 1477
44 1131
27 1481
21 1446
16 1459
30 1359
49 1145
10 1028
26 1442
41 1147
46 1045
31 1046
15 1203
28 1431
33 1410
46 1435
22 1287
35 1309
34 1296
21 1460
39 1232
39 1045
24 1351
22 1099
41 1033
40 1112
18 1471
29 1399
29 1281
29 1053
20 1490
39 1385
29 1220
21 1047
37 1356
37 1239
43 1498
33 1087
29 1256
18 1402
10 1403
23 1295
11 1120
45 1311
18 1053
10 1110
41 1324
14 1230
19 1000
46 1074
47 1270
46 1041
44 1231
23 1456
20 1097
15 1023
16 1315
23 1401
45 1117
13 1260
16 1314
35 1198
31 1222
23 1014
40 1058
46 1428
46 1123
34 1252
11 1009
26 1434
46 1084
44 1219
20 1229
29 1161
20 1064
18 1448
42 1145
39 1428
40 1223
15 1114
10 1261
39 1237
23 1044
35 1446
16 1337
11 1289
48 1014
42 1274
32 1103
18 1257
37 1212
31 1385
49 1416
36 1334
10 1267
40 1252
16 1095
31 1109
18 1259
14 1286
26 1291
19 1267
40 1196
45 1169
48 1417
44 1073
32 1264
27 1434
43 1321
39 1089
24 1443
45 1273
22 1215
20 1142
31 1310
25 1073
49 1419
16 1193
22 1277
24 1144
36 1427
36 1382
38 1409
39 1363
31 1278
34 1055
10 1484
10 1154
47 1215
10 1130
42 1417
28 1000
35 1413
10 1149
32 1005
23 1226
34 1077
45 1128
18 1093
45 1474
38 1393
32 1341
18 1218
23 1026
41 1060
19 1286
34 1429
26 1417
13 1099
40 1033
19 1043
20 1286
47 1374
20 1345
13 1463
42 1418
44 1045
46 1270
20 1001
43 1203
22 1032
10 1285
24 1074
28 1157
12 1230
44 1373
46 1011
47 1331
26 1066
33 1063
19 1335
11 1466
15 1338
29 1211
28 1232
39 1252
43 1022
26 1220
44 1113
28 1015
17 1185
11 1438
39 1185
48 1350
32 1222
31 1058
30 1066
12 1388
35 1227
36 1406
24 1441
42 1113
22 1175
20 1014
29 1153
24 1120
10 1444
10 1204
39 1025
47 1092
34 1270
45 1476
24 1424
10 1487
17 1005
18 1090
27 1466
17 1120
45 1015
44 1395
46 1408
32 1161
25 1446
35 1185
38 1479
30 1366
43 1448
23 1483
32 1138
23 1348
39 1151
36 1119
23 1322
18 1256
21 1316
16 1276
11 1000
31 1176
15 1399
44 1141
32 1012
17 1452
21 1379
20 1020
41 1129
48 1078
44 1042
40 1140
32 1306
43 1332
23 1026
24 1340
17 1321
43 1318
28 1022
42 1208
13 1398
16 1133
22 1380
25 1358
12 1448
32 1296
45 1452
28 1308
38 1175
12 1387
41 1423
40 1099
42 1131
23 1010
34 1083
13 1310
35 1143
24 1074
44 1383
45 1410
32 1071
15 1249
24 1326
13 1194
32 1250
27 1048
20 1219
26 1082
12 1354
15 1483
29 1316
40 1337
17 1430
45 1427
38 1196
44 1217
38 1229
38 1383
26 1001
10 1405
10 1456
33 1467
17 1235
33 1023
11 1144
13 1304
32 1172
36 1040
16 1457
29 1060
29 1178
14 1161
45 1071
21 1441
49 1169
12 1481
49 1196
41 1341
47 1074
40 1046
19 1402
18 1417
16 1254
17 1117
27 1254
29 1261
40 1142
27 1452
28 1385
10 1337
24 1390
27 1359
31 1073
35 1434
12 1401
25 1149
24 1141
33 1279
43 1499
23 1394
39 1096
46 1383
19 1463
36 1294
49 1160
28 1138
46 1085
14 1446
49 1064
19 1250
45 1477
31 1214
26 1318
36 1353
42 1138
38 1152
24 1172
41 1443
42 1103
44 1164
19 1198
19 1346
44 1392
17 1397
45 1008
28 1488
17 1417
47 1399
21 1071
19 1008
46 1124
34 1033
34 1438
31 1417
16 1149
21 1101
26 1390
40 1215
49 1218
12 1363
29 1047
31 1441
27 1045
45 1210
11 1229
34 1076
11 1211
48 1465
16 1431
44 1394
13 1408
39 1306
23 1304
14 1005
31 1178
26 1199
23 1018
19 1318
42 1186
36 1141
39 1327
13 1443
15 1285
15 1374
30 1266
48 1004
49 1307
18 1473
43 1118
30 1137
47 1237
49 1465
19 1474
39 1365
23 1198
44 1372
40 1496
26 1407
48 1211
16 1427
48 1214
12 1486
46 1352
44 1034
37 1387
30 1432
41 1133
31 1187
17 1015
11 1118
32 1305
15 1442
44 1320
46 1330
30 1315
42 1054
48 1164
18 1371
49 1395
41 1044
18 1392
40 1451
26 1448
35 1336
37 1109
42 1052
42 1120
19 1055
46 1092
27 1133
38 1047
22 1430
49 1148
45 1403
36 1410
34 1340
40 1275
25 1391
34 1328
29 1269
12 1190
17 1181
28 1392
31 1048
41 1469
22 1229
27 1240
29 1183
48 1446
17 1431
34 1419
17 1231
15 1046
25 1270
37 1484
21 1105
22 1312
13 1481
49 1267
13 1329
12 1188
19 1389
43 1480
28 1035
22 1098
37 1358
20 1203
15 1350
47 1163
43 1007
48 1085
16 1077
24 1200
40 1253
25 1415
30 1335
30 1349
37 1129
18 1041
12 1396
14 1122
20 1262
41 1195
26 1089
45 1107
28 1178
35 1211
22 1113
44 1298
28 1165
17 1493
44 1136
29 1257
25 1495
32 1139
11 1479
48 1024
44 1243
26 1401
14 1389
27 1298
34 1489
45 1008
30 1303
40 1450
25 1310
43 1109
26 1288
12 1242
21 1053
49 1157
33 1389
27 1010
29 1083
41 1159
20 1018
36 1368
39 1039
45 1112
31 1159
34 1186
21 1247
33 1140
26 1339
49 1315
16 1105
38 1175
30 1076
20 1057
14 1431
24 1342
46 1270
11 1038
19 1447
42 1089
38 1174
34 1137
27 1485
17 1187
22 1140
27 1281
31 1480
16 1111
29 1147
16 1201
46 1457
31 1236
25 1359
46 1395
18 1455
35 1323
12 1256
11 1275
12 1300
42 1489
20 1298
44 1235
38 1302
40 1027
14 1451
27 1016
19 1016
48 1124
27 1184
14 1381
33 1299
37 1214
17 1167
10 1121
18 1373
17 1472
24 1045
43 1416
17 1264
47 1020
14 1304
38 1290
36 1481
12 1248
38 1270
48 1296
35 1160
35 1261
45 1490
31 1282
12 1400
31 1416
23 1293
29 1172
33 1097
40 1192
38 1338
20 1212
25 1065
14 1026
29 1133
46 1162
25 1014
23 1351
20 1089
48 1310
15 1435
21 1131
46 1121
27 1138
22 1192
39 1272
31 1074
39 1003
30 1129
33 1474
15 1302
38 1117
42 1393
14 1454
24 1192
26 1013
11 1283
23 1032
37 1127
21 1464
20 1442
20 1084
38 1236
21 1138
40 1012
40 1379
19 1266
22 1387
19 1098
47 1052
12 1321
42 1111
32 1118
47 1197
49 1031
45 1145
49 1260
19 1416
27 1034
16 1416
25 1224
47 1299
48 1164
45 1443
18 1314
10 1487
25 1191
34 1446
44 1039
40 1047
17 1108
24 1379
44 1112
27 1279
38 1263
43 1286
31 1244
46 1271
36 1051
18 1214
27 1150
21 1471
17 1384
14 1157
46 1322
28 1421
32 1333
46 1228
47 1438
32 1084
41 1481
17 1099
14 1291
42 1437
13 1122
44 1389
22 1377
33 1056
13 1126
32 1194
13 1236
17 1306
28 1072
29 1333
18 1011
34 1069
46 1273
13 1450
11 1081
48 1116
40 1069
19 1496
40 1096
47 1251
24 1157
31 1387
22 1283
11 1255
47 1012
12 1427
27 1312
47 1107
44 1469
19 1265
41 1034
26 1431
16 1389
36 1141
45 1418
44 1395
36 1354
27 1449
34 1100
49 1444
22 1291
16 1408
44 1382
38 1265
19 1369
30 1374
33 1455
24 1405
38 1052
23 1399
44 1386
35 1407
11 1083
36 1266
35 1123
26 1410
49 1096
43 1050
27 1286
41 1229
10 1470
15 1196
41 1374
44 1134
39 1353
21 1002
31 1414
11 1024
27 1384
35 1391
32 1143
22 1267
40 1291
34 1439
25 1249
47 1361
44 1149
29 1011
45 1337
29 1043
25 1098
49 1423
30 1247
34 1495
40 1202
11 1148
35 1355
32 1124
34 1329
41 1030
38 1201
37 1403
18 1081
11 1275
36 1192
36 1039
10 1377
11 1343
35 1394
17 1065
34 1254
25 1141
22 1127
11 1360
15 1173
35 1251
18 1031
26 1082
38 1268
22 1389
47 1312
30 1234
30 1358
28 1083
29 1326
11 1363
47 1096
38 1017
22 1305
10 1381
22 1157
15 1027
15 1401
20 1171
27 1042
29 1183
32 1443
34 1336
15 1130
30 1185
43 1465
39 1424
10 1093
24 1230
32 1212
42 1398
37 1108
31 1083
22 1011
24 1002
43 1076
22 1326
47 1028
37 1409
17 1259
14 1311
43 1464
37 1337
22 1270
42 1015
49 1037
20 1225
12 1473
34 1275
40 1082
28 1380
21 1294
46 1024
24 1283
20 1061
28 1058
35 1027
33 1122
47 1112
14 1321
10 1421
31 1197
22 1479
15 1470
11 1198
23 1256
47 1002
23 1492
29 1388
49 1286
21 1174
23 1402
21 1102
35 1074
37 1174
40 1123
21 1249
24 1286
48 1023
49 1339
44 1494
44 1153
48 1240
47 1097
15 1292
34 1480
21 1419
16 1143
42 1181
38 1175
23 1118
11 1138
12 1460
11 1489
40 1327
48 1068
38 1291
16 1233
46 1026
23 1416
24 1317
33 1216
33 1410
12 1259
15 1470
25 1057
39 1189
29 1139
34 1170
44 1159
33 1378
13 1344
27 1322
48 1451
10 1083
32 1141
21 1363
41 1119
11 1203
33 1471
43 1112
21 1329
15 1437
20 1255
44 1177
18 1487
11 1309
45 1113
12 1373
49 1384
10 1206
32 1263
21 1466
16 1092
30 1089
36 1074
23 1013
29 1161
30 1253
13 1418
16 1305
42 1485
18 1147
33 1469
17 1374
47 1277
14 1081
33 1095
18 1111
15 1224
43 1288
38 1176
28 1014
22 1147
15 1435
11 1184
46 1179
25 1447
14 1395
24 1308
39 1037
27 1285
21 1229
45 1233
24 1371
19 1167
13 1419
36 1183
13 1449
46 1277
24 1179
18 1193
42 1183
48 1262
20 1161
29 1176
26 1117
19 1293
24 1223
29 1166
16 1361
43 1245
34 1479
40 1000
30 1482
28 1397
19 1109
14 1237
24 1155
16 1281
16 1297
42 1460
18 1199
15 1257
14 1366
11 1375
42 1498
40 1291
28 1285
25 1445
44 1421
19 1321
25 1079
24 1412
21 1243
40 1400
11 1207
48 1047
32 1458
43 1235
25 1199
35 1365
14 1038
14 1174
32 1409
34 1129
39 1493
22 1180
11 1393
15 1366
36 1064
34 1249
39 1462
35 1330
32 1147
41 1307
48 1499
28 1073
43 1162
15 1293
10 1185
39 1483
13 1196
13 1347
28 1340
17 1477
10 1064
19 1024
46 1260
38 1351
35 1034
27 1244
14 1305
40 1340
36 1211
26 1286
18 1398
29 1029
32 1183
10 1382
13 1267
37 1048
17 1429
35 1214
23 1040
24 1433
16 1458
20 1142
28 1118
37 1221
42 1421
39 1264
23 1109
48 1454
14 1322
39 1290
30 1046
33 1449
22 1474
35 1282
45 1436
47 1470
19 1191
14 1277
43 1421
28 1460
41 1387
46 1446
27 1409
11 1430
15 1061
12 1203
39 1496
22 1068
32 1116
13 1241
24 1196
13 1265
19 1046
25 1284
35 1160
28 1214
37 1246
43 1033
27 1484
25 1224
16 1210
13 1168
29 1027
42 1488
13 1350
49 1387
28 1350
39 1306
31 1207
11 1001
29 1090
46 1489
10 1359
13 1122
30 1192
17 1426
31 1468
34 1297
40 1280
13 1135
20 1348
40 1111
38 1046
37 1063
39 1142
48 1245
14 1411
29 1124
44 1457
10 1077
24 1186
35 1375
12 1205
41 1162
16 1308
21 1231
15 1179
38 1102
18 1243
39 1052
22 1411
17 1160
40 1377
11 1013
44 1057
29 1205
31 1094
30 1118
26 1053
40 1409
11 1443
17 1117
42 1223
20 1469
11 1404
47 1159
44 1163
36 1077
14 1376
40 1108
17 1039
47 1227
35 1091
21 1265
35 1312
31 1074
44 1161
43 1263
38 1056
39 1124
41 1237
29 1057
45 1341
35 1171
15 1171
19 1391
24 1424
31 1285
35 1221
33 1006
20 1066
39 1444
31 1182
11 1455
26 1394
18 1494
38 1341
27 1225
45 1067
32 1409
46 1088
17 1308
20 1079
26 1243
29 1035
35 1444
22 1003
41 1007
46 1146
17 1189
41 1211
31 1351
38 1077
43 1363
44 1493
49 1359
37 1097
44 1147
35 1473
16 1095
39 1427
42 1391
15 1343
33 1319
47 1063
45 1349
16 1374
32 1381
35 1121
43 1416
25 1148
38 1351
49 1089
31 1449
36 1247
22 1097
49 1391
42 1476
49 1112
21 1018
16 1215
34 1414
13 1300
20 1312
13 1439
11 1211
42 1414
13 1494
43 1170
40 1483
40 1478
13 1037
31 1009
39 1031
36 1394
24 1490
34 1234
45 1264
45 1189
11 1390
34 1207
16 1052
33 1128
41 1076
29 1082
23 1220
12 1344
25 1458
35 1011
44 1485
40 1102
16 1150
24 1465
37 1137
13 1284
37 1174
38 1254
26 1180
41 1047
33 1342
29 1245
48 1349
48 1388
34 1347
39 1210
25 1205
33 1240
28 1033
16 1090
48 1495
47 1047
35 1431
46 1181
17 1293
25 1134
18 1433
32 1229
22 1486
47 1183
42 1020
21 1487
39 1237
43 1442
21 1447
27 1174
12 1484
19 1210
45 1128
36 1270
40 1108
28 1093
38 1434
24 1381
27 1192
30 1140
14 1415
12 1059
18 1334
45 1248
44 1265
38 1197
30 1212
45 1062
29 1209
15 1000
27 1279
37 1403
42 1062
34 1053
11 1474
49 1390
19 1407
45 1240
44 1027
42 1306
47 1213
36 1340
26 1230
13 1436
49 1369
33 1219
44 1364
45 1258
12 1140
21 1143
14 1379
20 1029
44 1367
27 1429
36 1435
32 1140
24 1169
41 1239
46 1182
44 1095
12 1397
29 1339
31 1302
37 1202
25 1491
21 1121
39 1354
44 1310
14 1147
34 1071
12 1067
19 1318
32 1496
12 1202
14 1102
46 1291
30 1377
35 1352
25 1322
13 1058
36 1327
23 1215
11 1410
42 1289
20 1086
10 1029
43 1321
36 1038
13 1070
37 1303
15 1437
15 1203
33 1376
45 1260
42 1076
28 1397
40 1486
27 1068
23 1252
20 1162
33 1209
42 1222
12 1004
47 1213
20 1236
33 1377
37 1066
31 1144
49 1489
25 1203
31 1133
11 1055
15 1032
12 1476
13 1392
45 1040
37 1128
36 1394
14 1487
35 1055
48 1467
29 1083
16 1302
12 1243
40 1310
16 1092
43 1159
28 1031
19 1488
28 1389
45 1048
18 1474
43 1073
22 1309
12 1423
40 1362
30 1299
22 1009
37 1468
28 1442
11 1454
29 1213
12 1023
37 1481
40 1281
17 1448
21 1426
20 1434
45 1262
14 1354
19 1472
14 1258
18 1452
34 1199
46 1254
24 1309
13 1124
32 1481
16 1164
13 1353
48 1189
12 1478
46 1339
19 1102
44 1477
36 1091
37 1026
49 1327
17 1129
45 1090
16 1060
15 1040
32 1212
40 1092
30 1279
44 1175
25 1274
38 1378
31 1389
18 1212
17 1115
41 1297
35 1050
31 1047
32 1440
42 1290
28 1350
32 1209
47 1338
11 1388
42 1192
35 1063
17 1192
25 1260
22 1107
48 1214
18 1156
22 1007
24 1484
48 1375
30 1463
48 1411
41 1268
13 1446
40 1120
39 1122
44 1138
30 1064
48 1322
49 1242
12 1222
33 1444
35 1318
17 1403
21 1033
25 1076
29 1468
46 1201
25 1231
15 1021
36 1456
40 1315
37 1319
32 1424
23 1070
43 1426
38 1048
12 1449
17 1383
37 1104
33 1045
16 1048
14 1140
35 1002
32 1119
21 1225
16 1418
41 1251
10 1046
38 1492
35 1469
25 1227
45 1164
41 1052
32 1199
41 1028
47 1332
46 1365
43 1001
47 1255
40 1083
25 1179
14 1127
14 1352
33 1194
39 1341
25 1049
26 1230
28 1437
24 1143
38 1358
11 1134
46 1344
23 1053
22 1313
47 1111
28 1375
29 1475
35 1062
28 1454
42 1319
22 1094
40 1073
28 1210
29 1181
38 1280
46 1274
18 1244
42 1229
21 1495
18 1226
45 1144
21 1370
32 1234
48 1044
26 1069
41 1497
16 1135
29 1316
28 1303
28 1366
46 1328
41 1145
47 1401
27 1056
28 1204
10 1089
22 1152
11 1316
19 1372
24 1307
38 1337
26 1495
44 1336
41 1015
42 1333
18 1162
24 1083
43 1445
17 1324
46 1497
24 1272
24 1177
48 1496
17 1000
41 1309
44 1258
44 1079
25 1311
20 1152
44 1278
25 1494
26 1179
14 1027
11 1024
24 1371
28 1486
25 1469
45 1022
10 1209
43 1030
28 1108
28 1021
25 1115
20 1360
43 1351
14 1104
30 1008
44 1446
12 1300
32 1076
37 1035
17 1239
31 1091
32 1216
13 1090
23 1007
18 1360
11 1490
27 1248
11 1232
21 1224
48 1042
42 1387
19 1457
15 1088
48 1419
19 1378
18 1405
12 1432
37 1228
26 1070
45 1237
19 1205
34 1110
15 1453
42 1298
42 1454
40 1346
19 1225
38 1106
34 1447
16 1364
10 1462
25 1433
22 1466
45 1079
24 1457
35 1227
17 1029
38 1088
42 1216
37 1377
27 1074
42 1421
33 1422
31 1343
32 1406
41 1265
32 1002
33 1445
12 1294
22 1270
22 1418
32 1079
27 1011
45 1106
19 1281
47 1155
30 1451
28 1167
16 1044
42 1213
39 1105
45 1498
13 1211
30 1168
37 1036
48 1097
18 1328
27 1166
33 1325
14 1232
47 1427
36 1064
15 1339
25 1475
47 1319
14 1153
26 1127
10 1363
18 1358
29 1151
26 1219
35 1308
16 1454
43 1036
28 1114
47 1031
43 1410
30 1248
38 1037
40 1339
14 1369
28 1463
13 1419
27 1211
39 1328
48 1219
43 1222
32 1206
42 1035
32 1346
45 1043
11 1468
15 1056
44 1427
43 1339
21 1021
39 1105
23 1392
29 1261
49 1300
36 1051
33 1209
15 1408
35 1195
38 1388
27 1015
45 1495
43 1270
37 1283
28 1249
16 1090
29 1142
16 1457
32 1394
32 1083
33 1239
42 1063
37 1447
13 1295
27 1096
47 1000
37 1123
39 1310
49 1494
23 1314
15 1452
37 1284
13 1404
47 1402
45 1147
20 1478
44 1464
21 1199
25 1275
49 1226
37 1021
12 1313
39 1327
22 1490
16 1257
30 1081
37 1281
35 1206
33 1394
10 1025
11 1242
42 1449
14 1463
33 1497
30 1420
19 1388
12 1197
27 1407
28 1202
21 1067
31 1067
13 1384
26 1480
33 1296
16 1165
26 1081
27 1091
11 1185
18 1049
49 1228
35 1126
26 1261
43 1157
19 1469
25 1405
13 1120
20 1045
41 1360
18 1255
22 1212
17 1114
48 1212
29 1461
36 1004
44 1353
22 1253
47 1201
44 1327
11 1387
13 1361
31 1196
41 1016
34 1495
47 1413
26 1238
37 1406
17 1068
20 1089
40 1019
44 1221
24 1021
48 1299
18 1262
28 1336
41 1133
13 1084
41 1433
10 1262
15 1451
24 1178
36 1151
49 1219
19 1205
25 1315
30 1413
23 1180
29 1337
11 1085
19 1350
42 1152
32 1478
16 1323
33 1145
40 1386
15 1408
16 1258
22 1202
35 1333
17 1316
42 1089
35 1438
22 1380
14 1229
41 1355
12 1015
11 1114
37 1341
41 1223
42 1323
16 1071
31 1293
34 1459
29 1351
11 1441
47 1128
21 1226
33 1014
30 1036
49 1220
21 1090
17 1205
38 1090
27 1299
21 1268
30 1427
32 1060
30 1133
43 1060
18 1427
33 1014
42 1334
42 1050
18 1227
36 1250
16 1297
15 1069
29 1309
37 1359
44 1053
27 1099
21 1450
33 1293
13 1198
44 1440
22 1053
42 1310
31 1119
38 1237
24 1362
24 1126
17 1191
45 1169
10 1417
40 1471
39 1429
28 1011
34 1179
12 1048
44 1001
47 1172
20 1055
46 1221
39 1318
11 1377
24 1289
41 1038
10 1195
18 1238
31 1237
16 1455
40 1373
25 1213
28 1222
48 1248
46 1322
47 1224
24 1235
45 1030
27 1236
20 1298
12 1396
49 1026
24 1070
37 1144
41 1028
35 1396
44 1230
45 1124
21 1401
39 1074
12 1023
42 1040
39 1493
29 1453
37 1141
39 1415
34 1307
40 1137
39 1332
35 1087
22 1105
20 1405
17 1005
48 1210
10 1148
41 1206
14 1228
18 1311
32 1129
13 1309
26 1487
43 1220
19 1262
29 1082
46 1317
14 1455
42 1409
15 1406
29 1348
46 1449
11 1433
29 1105
39 1204
45 1396
20 1357
39 1054
46 1315
45 1446
15 1256
16 1264
47 1481
24 1305
48 1366
31 1305
15 1361
18 1072
11 1040
42 1156
12 1374
19 1099
42 1039
14 1112
40 1203
35 1003
48 1286
15 1244
49 1001
18 1357
13 1457
45 1333
47 1314
40 1406
46 1245
48 1353
47 1102
37 1389
26 1485
48 1479
13 1254
28 1115
17 1371
40 1200
20 1430
49 1120
19 1159
22 1440
38 1424
33 1207
39 1219
21 1207
38 1324
33 1202
20 1378
13 1293
42 1452
23 1405
20 1366
48 1290
39 1096
10 1130
36 1123
46 1098
28 1243
21 1365
10 1359
43 1120
24 1337
28 1274
47 1465
15 1248
44 1474
26 1261
49 1154
24 1215
44 1113
10 1327
25 1018
16 1131
25 1469
39 1029
36 1446
26 1153
36 1478
26 1398
38 1357
48 1013
37 1308
22 1343
17 1346
31 1439
14 1347
47 1366
43 1463
35 1497
11 1102
18 1334
32 1244
37 1491
17 1000
36 1297
26 1138
41 1243
28 1032
46 1345
23 1169
24 1454
28 1494
24 1143
47 1032
36 1058
47 1283
27 1242
46 1215
12 1368
44 1296
11 1481
33 1038
20 1389
43 1033
31 1141
21 1008
34 1072
49 1402
26 1158
11 1452
43 1019
24 1209
30 1113
25 1048
24 1171
14 1277
20 1357
29 1405
28 1299
26 1377
22 1038
10 1499
41 1068
22 1324
33 1332
35 1220
38 1280
11 1308
43 1303
28 1397
32 1323
11 1268
42 1273
34 1037
29 1157
49 1199
20 1248
18 1365
39 1056
23 1131
19 1170
44 1439
33 1156
34 1475
42 1043
40 1216
42 1238
39 1016
23 1351
12 1335
20 1043
46 1034
22 1156
25 1253
13 1289
49 1411
46 1046
39 1025
41 1148
21 1019
30 1212
30 1074
36 1143
37 1043
14 1330
24 1176
13 1099
18 1163
35 1024
24 1359
13 1004
21 1340
49 1224
17 1451
30 1373
33 1379
11 1290
15 1412
34 1181
46 1203
13 1049
31 1193
37 1362
41 1238
40 1248
42 1185
21 1345
19 1110
16 1445
26 1144
39 1075
31 1477
19 1003
14 1462
44 1049
22 1113
41 1254
16 1111
15 1495
36 1111
46 1105
43 1117
49 1064
14 1405
48 1322
18 1435
41 1154
30 1255
30 1103
47 1144
21 1177
31 1096
34 1374
23 1281
36 1454
33 1243
30 1324
35 1371
21 1170
24 1073
40 1209
30 1091
10 1137
13 1453
43 1314
38 1425
31 1091
34 1304
21 1202
45 1382
43 1289
27 1206
38 1004
35 1021
38 1477
16 1479
34 1347
42 1401
34 1478
11 1172
44 1234
32 1476
20 1443
24 1257
36 1448
47 1089
49 1259
47 1338
26 1347
38 1173
17 1324
32 1405
19 1201
24 1099
35 1053
32 1020
13 1473
14 1403
12 1372
19 1004
42 1384
36 1183
40 1093
35 1119
16 1032
16 1328
43 1358
27 1148
21 1443
37 1320
14 1012
25 1072
26 1067
34 1173
47 1148
23 1232
28 1171
20 1140
38 1317
42 1124
39 1267
24 1043
25 1325
22 1244
13 1020
20 1197
40 1337
45 1445
33 1034
30 1381
27 1221
26 1217
21 1352
34 1299
25 1124
17 1118
16 1348
28 1110
28 1124
19 1461
46 1225
34 1220
27 1437
49 1299
35 1498
16 1331
21 1305
19 1274
36 1293
33 1349
15 1325
46 1306
48 1316
41 1152
39 1259
27 1406
44 1414
39 1292
43 1296
35 1439
14 1255
22 1224
22 1045
21 1264
49 1182
18 1009
16 1207
28 1190
40 1440
22 1268
46 1484
48 1333
16 1397
16 1234
29 1307
26 1479
25 1195
22 1304
42 1388
20 1053
46 1450
33 1458
49 1138
27 1447
43 1119
15 1021
33 1178
37 1437
47 1245
13 1294
14 1079
29 1099
44 1353
22 1480
17 1298
42 1294
13 1082
48 1452
43 1246
18 1373
32 1446
46 1411
11 1325
21 1097
41 1420
36 1032
36 1329
11 1351
21 1481
23 1288
41 1294
30 1446
11 1488
45 1086
46 1307
49 1307
23 1152
46 1124
31 1218
35 1055
19 1494
16 1313
39 1318
28 1025
17 1369
26 1291
25 1417
49 1203
24 1060
36 1121
13 1306
13 1201
14 1371
45 1259
13 1488
29 1374
44 1034
36 1286
46 1020
47 1354
23 1294
23 1115
30 1082
23 1304
48 1010
36 1043
17 1192
17 1206
19 1389
47 1140
32 1459
15 1356
34 1384
48 1088
19 1300
32 1155
35 1105
45 1181
46 1280
40 1278
35 1353
14 1411
26 1423
22 1180
38 1285
32 1191
33 1054
38 1176
20 1198
28 1232
15 1024
44 1220
23 1107
34 1375
21 1265
32 1169
11 1170
45 1254
26 1407
31 1437
24 1097
49 1080
45 1084
28 1152
30 1496
48 1000
42 1001
49 1417
37 1209
23 1194
41 1251
14 1462
36 1005
22 1267
14 1218
38 1065
29 1183
30 1138
31 1311
25 1223
15 1143
36 1447
18 1120
43 1227
12 1146
35 1125
34 1488
20 1262
12 1165
29 1087
27 1176
37 1271
17 1291
38 1139
34 1252
27 1340
44 1083
38 1368
28 1053
42 1215
41 1337
39 1442
16 1036
15 1317
43 1490
40 1203
30 1371
14 1478
10 1374
30 1363
35 1359
30 1337
17 1479
11 1042
19 1089
31 1365
29 1455
26 1005
19 1114
25 1130
46 1242
25 1346
41 1286
25 1242
17 1330
28 1265
16 1404
13 1490
18 1123
24 1477
25 1160
21 1069
25 1415
36 1084
42 1382
26 1463
22 1294
47 1002
47 1178
38 1236
40 1142
45 1090
14 1056
17 1372
46 1336
47 1339
47 1355
49 1252
26 1300
45 1192
45 1415
13 1038
18 1216
14 1110
33 1376
45 1219
11 1004
41 1291
38 1280
20 1374
13 1191
43 1480
12 1404
41 1145
47 1226
13 1490
17 1093
24 1182
16 1356
38 1203
18 1110
48 1123
46 1168
28 1431
40 1239
10 1261
24 1117
45 1139
25 1242
34 1285
26 1289
45 1216
39 1473
39 1088
28 1369
34 1014
49 1059
32 1192
43 1020
15 1291
28 1092
13 1346
27 1259
25 1152
10 1340
19 1036
37 1197
37 1484
19 1096
43 1489
23 1153
49 1271
49 1419
43 1351
24 1424
18 1492
26 1306
29 1244
32 1115
37 1211
43 1392
46 1168
15 1076
21 1077
18 1046
18 1282
16 1303
10 1342
47 1244
49 1060
12 1238
42 1359
36 1148
13 1168
11 1271
21 1140
18 1099
37 1161
41 1313
46 1132
28 1232
29 1180
11 1316
21 1366
23 1000
13 1078
34 1120
23 1150
25 1309
16 1324
18 1064
48 1297
48 1172
13 1186
10 1308
10 1288
11 1490
43 1434
26 1278
32 1305
17 1270
23 1473
38 1147
39 1154
33 1146
25 1304
41 1454
24 1392
19 1029
21 1311
31 1324
44 1349
47 1158
37 1472
15 1410
40 1206
26 1381
40 1490
39 1120
38 1411
48 1014
24 1345
31 1404
28 1179
14 1001
47 1022
34 1329
17 1024
35 1366
10 1276
12 1119
36 1033
34 1473
33 1457
14 1497
41 1360
10 1222
40 1248
31 1140
11 1401
39 1274
38 1289
35 1157
47 1032
15 1050
11 1108
10 1447
17 1284
19 1422
38 1238
38 1481
26 1075
34 1307
33 1176
30 1125
29 1354
19 1227
25 1019
31 1040
25 1166
16 1375
35 1026
14 1026
30 1345
40 1449
46 1409
39 1397
28 1225
19 1198
49 1282
28 1491
24 1482
24 1001
19 1289
10 1436
44 1449
15 1127
39 1050
38 1283
27 1477
22 1204
36 1105
39 1450
12 1235
16 1207
11 1382
47 1380
49 1264
17 1331
27 1457
25 1027
32 1101
30 1463
43 1122
22 1224
19 1394
27 1337
49 1304
20 1151
37 1338
34 1073
33 1118
11 1138
24 1303
49 1198
21 1343
30 1226
18 1353
49 1046
10 1288
43 1296
37 1296
12 1138
25 1199
36 1379
24 1233
30 1159
37 1349
48 1259
41 1323
31 1311
10 1151
43 1009
30 1054
28 1389
29 1327
32 1384
38 1200
21 1367
40 1077
43 1059
28 1432
47 1089
36 1155
34 1352
29 1373
42 1284
44 1037
12 1055
12 1396
24 1473
46 1493
35 1364
15 1481
34 1389
42 1154
23 1374
30 1352
36 1332
14 1032
20 1000
18 1271
10 1212
44 1326
25 1040
48 1223
28 1167
40 1456
42 1211
45 1213
11 1425
32 1270
16 1278
29 1174
16 1312
45 1460
37 1085
48 1074
11 1483
28 1398
39 1230
25 1492
16 1186
19 1192
27 1314
11 1253
13 1175
10 1401
42 1290
41 1124
42 1398
35 1284
24 1123
12 1066
37 1484
27 1003
15 1337
16 1351
45 1278
10 1133
11 1134
44 1250
21 1085
34 1465
17 1339
21 1398
46 1386
47 1368
48 1445
17 1145
15 1011
13 1389
31 1041
16 1469
49 1207
18 1271
15 1478
12 1388
37 1045
11 1354
47 1078
25 1292
11 1120
48 1374
15 1099
48 1211
30 1256
36 1439
28 1238
24 1024
21 1043
28 1442
28 1263
35 1332
27 1071
20 1189
12 1011
23 1103
38 1482
27 1149
19 1240
33 1168
41 1406
26 1145
22 1124
35 1032
29 1262
18 1035
46 1148
36 1251
40 1454
42 1296
29 1465
45 1183
36 1286
36 1073
26 1160
29 1482
43 1166
49 1165
46 1116
47 1259
45 1247
14 1385
40 1467
17 1264
36 1044
23 1082
20 1179
19 1088
42 1282
31 1486
25 1239
23 1305
29 1466
21 1055
47 1425
11 1095
33 1083
20 1078
37 1483
49 1123
11 1190
11 1223
22 1132
20 1493
20 1128
43 1492
15 1106
28 1132
28 1437
27 1149
41 1201
35 1300
27 1338
13 1479
34 1173
17 1094
18 1179
45 1013
32 1150
32 1018
11 1305
25 1258
46 1095
44 1148
20 1277
48 1161
25 1380
20 1126
13 1123
33 1411
32 1106
40 1205
43 1489
27 1416
49 1077
12 1191
43 1145
25 1376
32 1104
21 1180
47 1272
25 1478
24 1219
35 1041
16 1499
33 1423
19 1059
38 1400
36 1356
43 1014
41 1183
43 1247
31 1499
12 1269
18 1023
21 1390
21 1455
13 1151
32 1385
34 1479
41 1274
28 1068
47 1284
18 1352
19 1262
20 1456
49 1046
27 1446
15 1067
47 1098
20 1209
35 1377
22 1401
10 1182
25 1119
41 1376
26 1367
33 1356
18 1022
23 1051
37 1226
14 1338
40 1384
27 1195
36 1272
15 1040
20 1348
25 1439
16 1154
27 1089
27 1044
45 1185
33 1058
40 1121
38 1101
46 1197
35 1291
12 1252
29 1376
49 1459
29 1461
33 1417
28 1242
36 1465
38 1142
11 1300
36 1099
43 1347
32 1012
30 1023
35 1365
27 1455
18 1393
31 1411
20 1495
14 1418
32 1352
46 1376
10 1411
44 1429
36 1156
49 1323
39 1379
39 1493
48 1405
15 1304
12 1424
27 1459
48 1207
21 1025
28 1240
42 1442
37 1028
14 1105
36 1017
33 1181
28 1204
38 1296
11 1211
13 1045
15 1184
29 1395
35 1314
23 1457
27 1102
19 1187
11 1350
39 1311
18 1096
36 1348
41 1253
15 1388
46 1480
49 1178
40 1476
28 1227
10 1239
17 1256
45 1221
40 1374
44 1188
28 1440
39 1079
33 1348
15 1478
36 1002
49 1432
40 1116
31 1219
33 1113
41 1095
12 1323
16 1219
22 1021
20 1452
33 1105
32 1270
14 1464
28 1312
19 1442
16 1370
36 1365
43 1280
10 1086
44 1054
34 1046
13 1312
25 1448
29 1388
39 1111
33 1175
38 1131
35 1411
38 1126
31 1313
33 1003
39 1427
40 1055
36 1103
32 1272
41 1371
47 1345
25 1482
16 1116
26 1183
27 1153
46 1414
29 1073
32 1288
35 1048
22 1090
14 1166
17 1196
29 1310
40 1335
33 1296
44 1134
37 1357
38 1006
16 1380
15 1010
37 1313
36 1430
37 1060
17 1115
14 1350
38 1381
27 1461
24 1191
36 1350
27 1120
10 1100
36 1276
17 1039
38 1248
49 1479
34 1492
25 1061
43 1034
40 1276
31 1034
37 1498
49 1333
41 1117
22 1355
41 1311
35 1060
42 1022
13 1086
21 1166
38 1157
18 1260
37 1478
33 1081
12 1110
34 1009
31 1439
29 1366
48 1499
21 1365
14 1301
42 1261
16 1492
37 1347
48 1367
31 1225
23 1215
22 1132
42 1394
17 1379
10 1455
42 1461
10 1453
30 1201
30 1363
31 1135
16 1473
35 1137
13 1288
27 1120
23 1313
30 1237
43 1252
23 1151
27 1144
29 1447
23 1111
43 1095
43 1139
41 1496
49 1195
38 1031
21 1321
25 1337
44 1167
48 1047
16 1139
38 1334
15 1165
47 1420
46 1116
43 1442
32 1477
45 1118
28 1353
35 1265
32 1390
12 1012
13 1072
48 1340
20 1124
27 1137
14 1423
43 1196
17 1382
47 1491
39 1189
43 1140
13 1285
11 1355
23 1146
40 1127
47 1136
36 1492
11 1398
13 1051
10 1137
34 1382
30 1220
41 1152
18 1302
14 1187
13 1205
32 1411
17 1400
23 1144
24 1229
15 1401
41 1497
18 1034
39 1144
45 1086
19 1490
42 1189
43 1405
30 1492
14 1061
27 1388
33 1228
28 1440
26 1106
26 1373
31 1418
43 1035
11 1263
38 1037
35 1234
48 1403
30 1133
18 1296
16 1247
12 1359
47 1253
38 1075
16 1000
41 1014
19 1085
37 1141
34 1115
18 1328
34 1299
41 1411
44 1108
12 1183
12 1163
48 1069
33 1294
23 1346
46 1041
43 1168
26 1201
46 1175
26 1175
27 1085
48 1093
49 1138
40 1256
43 1467
30 1495
38 1366
21 1066
25 1287
47 1354
25 1094
41 1101
14 1089
15 1163
13 1392
42 1023
30 1056
45 1448
47 1074
26 1492
49 1098
11 1216
49 1383
34 1243
30 1432
10 1344
28 1034
15 1133
42 1256
26 1455
38 1314
26 1477
23 1027
24 1088
40 1470
39 1352
11 1290
38 1161
18 1259
12 1364
46 1027
43 1423
19 1134
27 1440
22 1232
10 1128
46 1298
14 1197
11 1386
20 1450
17 1157
44 1353
28 1045
46 1219
34 1033
32 1006
37 1072
12 1412
34 1150
45 1402
11 1061
47 1469
23 1007
44 1381
15 1434
44 1278
34 1295
47 1118
28 1192
29 1282
37 1020
41 1476
41 1187
18 1254
11 1140
18 1359
17 1435
39 1051
10 1486
22 1417
36 1054
20 1494
27 1192
41 1232
33 1402
21 1053
16 1432
13 1410
47 1276
26 1036
20 1378
26 1287
21 1263
24 1161
11 1457
18 1076
40 1331
26 1319
29 1230
14 1413
25 1371
42 1200
26 1208
21 1268
28 1005
33 1089
44 1418
28 1266
24 1354
21 1210
30 1125
28 1109
12 1131
17 1251
34 1120
20 1049
46 1232
43 1149
49 1327
23 1496
44 1482
12 1202
20 1146
42 1417
30 1428
46 1489
14 1021
13 1086
34 1422
36 1107
12 1132
42 1427
28 1282
26 1269
33 1174
34 1137
13 1192
19 1192
49 1497
36 1091
16 1061
36 1221
15 1460
35 1474
24 1158
18 1486
12 1179
13 1280
13 1122
40 1070
43 1228
14 1305
16 1022
43 1467
13 1407
28 1032
19 1338
35 1264
11 1072
35 1391
31 1211
40 1152
32 1265
48 1270
43 1369
27 1130
45 1418
23 1361
31 1027
42 1151
19 1199
47 1404
21 1213
22 1331
21 1365
25 1091
28 1037
17 1358
36 1054
11 1437
42 1117
38 1445
32 1252
49 1209
49 1405
19 1417
31 1385
30 1233
43 1237
32 1440
14 1045
14 1462
40 1160
40 1345
27 1464
38 1227
49 1188
21 1146
46 1321
19 1343
35 1123
32 1310
13 1301
42 1127
49 1361
30 1141
27 1448
18 1071
15 1269
34 1206
32 1067
43 1481
38 1340
16 1007
16 1270
33 1484
41 1493
14 1330
34 1153
10 1444
12 1427
18 1371
19 1111
42 1117
38 1081
43 1336
16 1439
42 1495
34 1241
34 1018
13 1305
45 1103
16 1262
19 1162
34 1385
27 1404
34 1128
32 1118
49 1255
26 1095
12 1060
46 1408
39 1407
16 1341
42 1088
38 1208
41 1181
15 1372
40 1322
18 1415
41 1334
26 1036
40 1014
47 1256
34 1291
14 1155
17 1294
13 1012
48 1388
38 1364
44 1001
48 1221
12 1232
38 1498
10 1248
28 1270
27 1141
17 1438
39 1247
20 1010
37 1049
19 1263
38 1166
11 1132
28 1164
10 1378
32 1165
42 1005
19 1259
19 1146
19 1062
47 1437
28 1009
45 1385
39 1127
31 1294
14 1317
17 1210
48 1273
25 1107
35 1111
22 1008
36 1197
38 1074
19 1333
12 1179
13 1035
37 1041
38 1147
35 1471
47 1067
33 1246
49 1140
31 1339
13 1030
16 1124
12 1465
39 1082
16 1081
14 1459
19 1315
19 1412
40 1049
37 1101
39 1204
27 1128
47 1388
36 1179
41 1308
33 1121
23 1325
37 1130
37 1245
33 1152
28 1242
12 1420
30 1412
41 1275
16 1441
29 1317
44 1139
34 1108
11 1112
43 1492
12 1099
34 1004
28 1476
25 1282
46 1244
41 1206
36 1465
37 1328
21 1487
36 1054
35 1147
19 1264
39 1052
12 1256
19 1029
42 1045
22 1081
14 1051
31 1439
20 1138
41 1057
39 1008
21 1435
13 1141
16 1190
36 1339
27 1494
20 1253
19 1275
24 1258
39 1178
11 1457
11 1261
15 1213
27 1047
11 1338
20 1041
12 1215
40 1057
42 1225
41 1241
26 1414
37 1288
14 1030
38 1434
24 1325
39 1353
40 1074
13 1321
34 1339
19 1083
47 1192
42 1193
28 1424
18 1191
32 1442
40 1457
32 1220
29 1383
12 1434
34 1161
29 1204
44 1240
47 1344
15 1066
30 1249
28 1314
45 1097
47 1335
37 1105
28 1401
47 1403
24 1361
23 1362
23 1120
15 1041
25 1291
46 1280
12 1406
25 1191
43 1087
45 1232
34 1240
15 1307
20 1251
43 1215
28 1421
26 1262
14 1259
17 1002
48 1219
21 1120
13 1201
17 1442
38 1344
30 1443
43 1223
40 1455
29 1117
39 1408
27 1268
33 1054
49 1168
21 1314
33 1470
21 1004
42 1058
24 1095
33 1338
14 1345
49 1056
45 1047
16 1495
19 1419
30 1230
21 1347
13 1044
41 1458
19 1388
28 1475
36 1361
13 1496
13 1398
41 1088
13 1471
12 1185
10 1296
15 1339
28 1093
27 1453
18 1473
28 1156
26 1179
21 1402
37 1430
37 1068
28 1150
19 1104
36 1055
14 1320
44 1232
38 1076
26 1390
11 1390
22 1006
36 1354
32 1476
40 1387
24 1277
27 1150
41 1387
24 1208
12 1288
29 1478
29 1427
35 1401
11 1255
26 1032
23 1383
38 1499
36 1252
39 1125
25 1382
14 1030
22 1180
26 1019
25 1403
21 1063
32 1346
39 1271
24 1237
44 1278
41 1347
36 1304
19 1441
11 1084
10 1313
40 1373
13 1108
35 1485
28 1059
36 1418
41 1313
19 1037
48 1339
40 1147
33 1446
32 1207
10 1194
48 1346
36 1234
19 1437
32 1494
31 1134
12 1398
10 1379
17 1430
35 1483
30 1206
38 1465
45 1229
49 1073
34 1259
19 1090
29 1056
48 1308
30 1424
38 1439
10 1341
47 1296
46 1213
28 1469
35 1312
41 1155
48 1216
48 1143
46 1348
27 1101
29 1138
24 1422
28 1466
22 1255
35 1494
46 1294
32 1199
14 1158
35 1006
10 1048
48 1215
33 1335
38 1039
14 1299
28 1448
18 1485
10 1387
18 1228
16 1212
15 1128
18 1360
38 1444
10 1261
16 1056
25 1078
26 1036
48 1443
10 1185
36 1372
26 1057
30 1290
40 1281
15 1082
47 1247
10 1357
38 1206
12 1380
43 1127
42 1033
40 1119
14 1271
45 1331
36 1283
47 1440
22 1322
34 1400
43 1072
36 1429
43 1103
43 1195
47 1467
21 1038
38 1435
43 1353
39 1446
13 1234
27 1424
36 1428
19 1234
49 1039
30 1044
47 1281
18 1406
19 1034
12 1444
37 1179
10 1325
26 1076
26 1351
10 1296
28 1044
10 1250
38 1433
23 1361
17 1169
17 1075
30 1334
20 1165
27 1002
20 1190
24 1237
18 1224
48 1493
33 1264
34 1237
15 1286
36 1284
20 1023
14 1044
39 1342
11 1077
20 1366
17 1153
21 1013
37 1474
43 1498
45 1334
30 1195
12 1256
44 1047
22 1479
39 1380
37 1405
25 1266
32 1153
36 1289
20 1413
36 1295
25 1345
33 1085
21 1365
32 1319
29 1110
14 1183
33 1297
34 1077
31 1360
18 1114
38 1474
21 1340
37 1241
39 1130
12 1010
14 1192
49 1451
47 1345
33 1461
16 1345
49 1348
41 1391
18 1350
36 1302
17 1111
35 1496
16 1294
18 1011
43 1198
48 1489
44 1235
23 1253
25 1329
44 1241
17 1385
26 1322
49 1336
42 1113
32 1013
14 1291
24 1384
41 1053
10 1251
43 1290
33 1141
42 1321
33 1297
38 1376
22 1326
34 1126
47 1142
46 1090
47 1220
39 1217
14 1287
48 1171
49 1001
35 1226
11 1265
26 1032
23 1189
28 1064
20 1435
41 1033
35 1393
32 1459
48 1191
12 1186
16 1025
30 1317
40 1038
22 1130
25 1083
30 1223
40 1089
44 1435
31 1358
39 1117
46 1009
26 1443
14 1247
19 1044
16 1357
34 1346
35 1272
11 1370
22 1031
10 1286
38 1246
19 1467
18 1385
33 1469
11 1397
21 1350
33 1350
45 1476
12 1376
29 1065
38 1419
46 1025
27 1447
25 1364
14 1188
41 1123
20 1143
11 1439
22 1129
46 1417
31 1314
11 1083
24 1445
11 1332
18 1468
20 1315
38 1002
48 1400
29 1041
49 1447
39 1077
11 1109
28 1011
32 1460
30 1310
49 1285
15 1423
12 1337
28 1184
34 1132
15 1081
14 1460
46 1307
20 1163
39 1392
36 1481
34 1119
34 1093
28 1107
18 1044
45 1186
20 1047
40 1430
36 1380
39 1494
49 1036
24 1193
41 1336
26 1205
16 1247
14 1047
22 1145
29 1443
27 1392
25 1241
47 1348
38 1304
30 1142
18 1257
43 1046
18 1251
41 1435
31 1397
29 1205
34 1018
41 1345
16 1205
16 1080
12 1301
44 1478
42 1470
12 1304
39 1412
35 1209
40 1416
27 1091
11 1292
45 1426
27 1141
44 1416
20 1097
11 1296
27 1214
44 1439
12 1418
32 1121
26 1238
27 1495
27 1202
33 1193
39 1426
43 1274
46 1427
12 1256
16 1311
17 1048
21 1358
25 1258
32 1254
27 1464
46 1202
33 1378
21 1409
24 1169
17 1249
11 1177
38 1262
28 1235
41 1334
16 1053
35 1123
11 1076
21 1029
16 1038
14 1311
30 1158
18 1094
12 1328
49 1365
21 1375
22 1056
32 1398
36 1302
22 1050
23 1425
46 1332
28 1340
26 1291
34 1029
32 1054
12 1369
26 1416
37 1018
45 1355
12 1254
38 1082
21 1428
21 1408
23 1367
11 1096
11 1402
49 1497
13 1270
45 1472
17 1231
38 1409
18 1057
42 1007
32 1053
23 1304
11 1205
14 1278
13 1090
17 1115
15 1434
31 1108
29 1425
20 1045
27 1463
29 1191
37 1159
33 1309
36 1149
21 1343
47 1186
41 1478
45 1248
37 1433
22 1277
24 1421
19 1402
25 1069
43 1018
22 1259
15 1003
22 1113
29 1074
30 1331
27 1352
42 1475
31 1409
27 1471
12 1410
26 1130
49 1197
35 1035
47 1188
30 1114
48 1279
33 1046
36 1119
25 1137
41 1251
24 1118
30 1168
12 1281
16 1057
38 1239
41 1326
36 1450
29 1311
45 1325
44 1207
37 1481
18 1268
46 1479
14 1217
18 1006
25 1463
38 1408
20 1190
31 1419
39 1300
17 1206
30 1004
35 1361
13 1006
34 1354
46 1031