6000 1500
19 1342
11 1115
33 1492
14 1474
16 1086
14 1186
17 1125
46 1434
16 1116
30 1206
32 1229
27 1178
46 1317
10 1210
19 1458
46 1409
36 1217
27 1260
46 1148
17 1279
39 1097
29 1261
42 1364
19 1402
22 1028
46 1273
43 1410
22 1315
25 1238
29 1040
37 1058
49 1250
47 1195
33 1100
12 1158
13 1115
25 1137
17 1456
26 1236
16 1465
34 1290
38 1426
40 1244
32 1125
17 1048
35 1344
20 1132
12 1356
40 1356
25 1025
31 1139
28 1201
26 1221
23 1473
19 1180
48 1198
41 1440
22 1338
39 1017
31 1179
30 1210
13 1053
24 1444
25 1282
43 1372
49 1071
49 1357
32 1491
29 1357
33 1006
26 1185
26 1436
15 1470
45 1176
24 1036
34 1445
37 1229
23 1461
42 1488
23 1473
12 1105
35 1194
23 1475
25 1035
34 1471
42 1354
33 1101
30 1395
29 1269
28 1126
21 1149
36 1377
16 1453
13 1098
22 1371
25 1017
24 1063
29 1234
18 1024
33 1241
29 1105
21 1323
35 1050
42 1416
44 1446
49 1441
47 1377
41 1462
13 1022
29 1168
34 1170
34 1376
35 1357
29 1289
15 1198
47 1113
47 1437
42 1211
45 1165
40 1436
45 1385
37 1195
14 1486
45 1403
32 1135
40 1221
42 1061
40 1218
37 1213
10 1378
21 1314
44 1083
28 1212
21 1368
29 1110
38 1010
33 1231
40 1116
34 1221
25 1162
39 1370
49 1454
23 1295
22 1143
41 1339
13 1062
35 1116
25 1222
44 1397
48 1416
11 1202
48 1055
19 1364
36 1485
47 1272
24 1451
27 1489
30 1374
41 1117
19 1098
27 1255
46 1071
32 1084
13 1184
48 1327
32 1315
42 1460
49 1047
21 1205
11 1345
46 1051
19 1411
13 1342
36 1193
40 1271
16 1443
38 1091
46 1494
20 1050
47 1028
17 1320
30 1434
15 1455
24 1112
24 1151
27 1403
34 1448
31 1467
46 1231
36 1038
13 1253
44 1267
29 1236
41 1201
24 1058
30 1473
33 1155
31 1293
19 1385
30 1385
33 1233
42 1238
24 1205
41 1399
26 1409
29 1289
26 1245
22 1436
38 1391
15 1488
28 1395
48 1060
11 1144
43 1309
40 1414
28 1099
22 1294
26 1383
36 1078
13 1387
18 1292
32 1463
25 1019
46 1327
23 1088
23 1121
18 1287
48 1139
23 1413
29 1318
39 1401
21 1111
29 1213
48 1088
15 1385
29 1132
19 1121
28 1486
31 1386
35 1172
12 1459
38 1493
13 1402
45 1424
32 1201
13 1138
39 1357
31 1330
43 1021
45 1386
20 1019
34 1241
46 1429
29 1340
32 1213
45 1135
27 1044
49 1383
14 1335
29 1297
18 1056
41 1476
28 1441
46 1168
21 1066
39 1284
15 1250
38 1060
32 1079
11 1276
47 1041
22 1043
13 1185
17 1013
32 1124
31 1114
29 1450
20 1209
29 1077
34 1223
11 1178
41 1021
41 1466
15 1105
46 1262
16 1127
46 1452
44 1333
33 1424
41 1417
44 1492
43 1297
41 1441
17 1070
30 1472
35 1278
36 1270
48 1271
12 1392
40 1281
20 1373
49 1080
12 1367
19 1122
32 1256
12 1335
15 1194
19 1021
36 1452
23 1418
26 1402
40 1466
33 1367
45 1010
33 1016
17 1353
28 1263
22 1490
32 1220
12 1172
35 1259
34 1193
45 1497
42 1288
12 1434
22 1455
23 1055
19 1222
43 1211
45 1088
44 1338
36 1452
26 1223
31 1482
29 1221
47 1223
18 1065
43 1459
21 1177
32 1317
34 1131
45 1112
29 1280
20 1021
30 1471
38 1380
25 1424
17 1231
33 1359
22 1129
31 1184
13 1480
35 1139
44 1319
22 1147
23 1081
18 1421
16 1111
19 1044
41 1272
14 1019
49 1009
48 1313
33 1231
15 1074
47 1187
41 1073
49 1080
47 1017
19 1041
14 1365
14 1350
12 1037
24 1480
17 1137
16 1011
49 1149
15 1165
43 1182
26 1301
41 1322
34 1467
41 1076
39 1397
32 1201
26 1027
34 1116
42 1410
23 1324
15 1348
11 1360
26 1337
22 1411
27 1082
22 1449
31 1463
45 1360
18 1042
32 1375
13 1055
44 1093
11 1438
11 1210
22 1362
13 1241
42 1199
14 1005
28 1233
47 1102
27 1001
24 1475
15 1040
25 1175
25 1123
27 1464
19 1196
26 1194
49 1303
11 1374
44 1050
26 1106
16 1003
49 1181
33 1290
41 1216
25 1025
35 1049
17 1074
17 1153
14 1162
25 1452
48 1151
13 1185
25 1000
43 1376
41 1477
33 1217
13 1393
14 1441
14 1260
45 1231
23 1074
38 1420
32 1275
46 1286
26 1121
10 1353
26 1029
33 1068
30 1244
46 1393
46 1489
38 1402
41 1146
21 1302
25 1067
39 1268
35 1291
47 1076
33 1028
28 1246
29 1325
12 1353
14 1332
44 1424
28 1163
29 1494
29 1043
17 1481
22 1167
49 1224
25 1074
29 1050
30 1487
13 1251
31 1315
39 1009
25 1436
20 1477
11 1266
32 1377
14 1048
28 1260
18 1246
28 1315
29 1329
40 1416
48 1365
15 1043
26 1063
30 1271
45 1484
23 1433
13 1321
15 1484
40 1045
43 1469
19 1034
47 1292
43 1149
39 1272
36 1034
26 1129
26 1183
26 1231
19 1476
26 1417
32 1251
34 1471
38 1297
30 1191
14 1478
14 1007
34 1293
20 1309
27 1071
14 1475
18 1300
42 1016
31 1263
46 1060
44 1219
21 1417
10 1014
45 1024
10 1371
34 1015
47 1491
27 1217
30 1278
15 1281
24 1147
20 1332
13 1398
38 1333
41 1440
33 1288
46 1421
18 1090
22 1142
11 1360
12 1466
19 1164
46 1036
43 1338
44 1451
43 1489
28 1480
10 1284
46 1365
38 1099
39 1475
31 1021
10 1045
49 1241
40 1445
18 1020
42 1418
23 1468
26 1079
22 1468
15 1029
32 1132
15 1321
48 1130
45 1048
48 1359
37 1102
17 1392
20 1479
20 1016
49 1021
47 1387
39 1423
36 1221
48 1265
42 1233
16 1352
21 1376
32 1354
33 1334
46 1441
17 1083
44 1444
45 1126
16 1270
15 1140
35 1002
13 1309
15 1021
38 1384
23 1350
49 1426
42 1314
39 1371
33 1175
26 1096
17 1402
11 1425
24 1099
14 1324
41 1216
49 1388
41 1067
26 1271
39 1195
27 1110
47 1334
15 1418
32 1415
20 1376
46 1325
18 1102
47 1372
34 1344
26 1357
30 1095
23 1437
16 1459
42 1331
16 1199
17 1111
42 1259
34 1483
21 1331
25 1413
25 1393
44 1096
10 1227
16 1007
22 1095
25 1481
35 1435
14 1140
47 1480
40 1038
13 1286
29 1333
24 1356
24 1001
39 1075
49 1413
45 1276
30 1361
18 1158
24 1226
15 1211
48 1406
44 1374
48 1439
13 1143
47 1428
17 1386
31 1014
39 1032
11 1002
21 1007
46 1079
49 1358
31 1486
36 1250
22 1435
11 1343
13 1362
29 1137
45 1415
34 1147
45 1196
22 1103
33 1448
42 1240
20 1142
16 1351
47 1302
31 1104
48 1312
28 1165
18 1271
15 1359
45 1260
37 1168
43 1378
43 1204
19 1456
38 1026
38 1401
10 1312
25 1381
35 1184
45 1098
34 1399
35 1337
33 1360
25 1115
37 1157
47 1224
44 1217
38 1075
33 1033
32 1077
43 1161
16 1442
38 1168
32 1192
47 1229
35 1223
17 1239
15 1087
17 1455
49 1481
48 1047
26 1425
27 1479
27 1471
10 1010
27 1270
18 1404
15 1209
16 1455
31 1458
43 1471
30 1442
47 1359
21 1054
33 1280
19 1491
45 1276
48 1019
26 1003
30 1394
46 1404
39 1428
18 1126
11 1306
10 1360
47 1160
37 1441
10 1050
17 1000
44 1325
36 1030
44 1467
25 1038
26 1279
31 1323
36 1230
39 1100
15 1357
42 1042
21 1412
47 1064
16 1442
41 1190
42 1028
18 1325
10 1456
18 1440
29 1483
25 1293
49 1243
36 1481
43 1223
39 1311
23 1012
39 1212
14 1337
32 1112
15 1465
36 1020
17 1233
18 1212
38 1089
16 1217
49 1339
36 1470
38 1079
32 1356
25 1454
23 1236
37 1306
11 1155
35 1315
25 1394
26 1480
12 1416
45 1244
41 1179
21 1004
15 1253
30 1145
10 1253
16 1017
46 1436
26 1100
15 1154
10 1119
24 1163
12 1357
47 1405
44 1200
36 1180
26 1461
27 1231
29 1451
30 1389
42 1492
47 1359
25 1127
37 1212
20 1399
28 1084
31 1228
34 1238
45 1190
40 1472
22 1441
23 1234
41 1278
22 1209
29 1185
37 1277
22 1319
32 1018
43 1382
47 1496
21 1025
24 1147
28 1075
22 1069
20 1247
32 1405
28 1422
48 1173
33 1185
13 1102
32 1462
23 1204
12 1463
11 1382
37 1355
46 1101
33 1221
20 1339
19 1073
41 1418
45 1332
18 1419
43 1450
43 1359
27 1209
36 1279
47 1467
20 1339
43 1224
44 1112
47 1237
33 1239
17 1141
35 1132
41 1306
49 1227
32 1183
26 1203
13 1018
39 1134
42 1082
14 1222
19 1085
15 1453
40 1160
45 1485
10 1373
13 1018
49 1406
27 1159
36 1165
12 1331
32 1409
33 1309
41 1443
49 1026
17 1338
38 1493
21 1267
27 1296
42 1117
26 1493
44 1167
41 1327
27 1143
26 1436
30 1339
47 1082
41 1397
30 1065
42 1201
19 1053
11 1455
19 1228
32 1096
11 1496
45 1254
17 1011
47 1347
26 1427
10 1303
15 1355
41 1326
11 1397
42 1486
32 1345
23 1346
26 1053
23 1061
33 1207
48 1223
40 1347
21 1144
32 1176
28 1221
45 1117
26 1252
43 1136
28 1106
38 1123
12 1420
35 1416
12 1051
43 1404
32 1218
21 1328
45 1192
10 1217
13 1317
35 1364
27 1495
30 1319
29 1389
19 1155
13 1455
38 1353
49 1153
16 1405
47 1144
37 1377
16 1313
31 1055
34 1113
17 1340
19 1462
35 1456
38 1289
34 1280
26 1179
45 1074
49 1167
14 1357
43 1035
29 1432
44 1495
31 1127
20 1489
25 1323
41 1422
47 1172
24 1300
31 1254
29 1243
21 1422
21 1472
34 1453
11 1074
47 1295
48 1356
23 1132
22 1179
45 1031
12 1006
26 1250
39 1071
34 1452
25 1495
47 1401
40 1412
20 1164
49 1426
23 1063
15 1263
14 1222
19 1163
36 1004
15 1392
11 1289
46 1347
12 1095
38 1429
22 1333
46 1483
12 1045
13 1075
37 1012
22 1141
48 1497
46 1200
35 1262
45 1494
20 1404
22 1289
31 1406
40 1096
37 1147
20 1294
43 1300
15 1265
49 1497
30 1113
25 1255
22 1098
38 1008
18 1059
11 1283
38 1437
20 1272
28 1212
48 1245
36 1121
41 1474
39 1155
30 1321
14 1259
36 1351
33 1359
30 1453
18 1255
10 1156
10 1276
17 1327
10 1230
46 1278
47 1212
28 1077
43 1266
28 1376
16 1124
27 1380
43 1445
42 1217
48 1443
48 1188
44 1264
29 1345
40 1475
36 1162
34 1192
31 1395
41 1240
43 1465
46 1447
19 1080
14 1164
10 1265
32 1011
25 1345
26 1348
14 1337
29 1051
20 1297
44 1401
14 1332
18 1082
48 1002
42 1169
26 1164
42 1206
33 1313
31 1239
44 1062
34 1207
21 1171
24 1484
25 1348
19 1406
26 1358
26 1315
43 1359
23 1152
19 1280
21 1403
11 1272
27 1123
46 1025
11 1162
28 1097
44 1385
17 1123
23 1094
47 1009
41 1200
17 1412
24 1430
14 1464
40 1123
17 1305
37 1180
21 1000
49 1182
32 1139
13 1249
34 1200
27 1024
26 1473
45 1470
46 1297
27 1318
37 1087
28 1401
21 1185
41 1482
45 1048
41 1325
27 1014
47 1291
44 1042
11 1357
28 1220
39 1283
33 1274
47 1255
38 1099
19 1252
15 1269
37 1123
16 1436
28 1040
34 1000
32 1281
32 1201
26 1076
40 1061
44 1448
27 1094
40 1247
43 1432
41 1296
35 1426
21 1141
47 1472
16 1205
12 1017
43 1342
40 1304
42 1198
28 1007
12 1492
27 1130
21 1012
40 1473
33 1471
22 1358
37 1357
36 1060
29 1472
38 1487
21 1057
32 1270
24 1361
38 1136
34 1270
32 1305
21 1486
36 1208
41 1406
18 1212
36 1212
34 1159
12 1464
21 1204
38 1479
30 1264
23 1161
45 1445
12 1318
16 1347
28 1104
37 1308
26 1034
10 1309
40 1229
27 1393
26 1111
42 1409
46 1192
26 1138
44 1099
28 1311
46 1251
40 1009
43 1446
31 1028
45 1367
34 1147
29 1188
43 1314
34 1150
27 1353
15 1336
26 1408
12 1335
15 1495
10 1085
19 1464
32 1056
24 1233
40 1047
32 1156
43 1292
39 1235
35 1203
21 1127
25 1068
41 1394
10 1204
32 1302
29 1300
49 1334
47 1340
43 1383
34 1266
34 1186
20 1373
46 1028
13 1158
23 1439
34 1180
20 1465
37 1462
36 1283
46 1116
12 1330
36 1406
44 1405
47 1151
22 1391
44 1115
30 1266
27 1210
19 1437
21 1069
33 1337
27 1043
36 1118
49 1138
15 1150
29 1456
30 1310
23 1160
29 1060
37 1146
29 1024
28 1102
10 1249
41 1453
32 1254
35 1162
49 1392
28 1052
43 1131
40 1493
39 1407
33 1177
12 1098
18 1384
19 1425
27 1334
37 1407
28 1479
31 1374
31 1283
30 1089
17 1173
37 1412
24 1135
42 1354
31 1434
13 1299
21 1350
20 1075
13 1390
15 1296
12 1101
31 1112
48 1408
27 1252
21 1020
39 1297
40 1427
47 1162
45 1012
27 1003
47 1329
13 1230
20 1231
15 1337
45 1151
47 1491
46 1433
42 1077
23 1188
39 1460
43 1469
10 1370
46 1372
38 1361
22 1282
14 1152
45 1388
23 1299
43 1294
11 1397
36 1336
12 1464
37 1113
45 1481
23 1202
41 1409
45 1498
24 1208
42 1238
32 1289
38 1119
13 1090
38 1387
12 1017
19 1455
11 1100
43 1355
17 1100
19 1112
11 1224
19 1072
49 1004
49 1138
30 1391
48 1047
45 1245
28 1313
34 1141
34 1075
11 1037
11 1034
34 1062
39 1304
35 1061
14 1375
42 1448
35 1217
28 1200
29 1384
22 1064
27 1459
10 1028
41 1163
17 1414
42 1416
16 1381
44 1100
17 1001
44 1351
37 1210
13 1048
20 1383
23 1195
37 1140
49 1453
48 1145
15 1239
42 1116
29 1061
48 1296
37 1415
33 1355
24 1188
42 1418
21 1177
41 1320
35 1439
21 1277
14 1207
20 1311
39 1434
12 1483
10 1404
34 1139
32 1292
24 1149
29 1475
39 1437
29 1375
14 1232
30 1331
23 1308
24 1278
36 1024
36 1205
49 1290
36 1264
21 1198
49 1108
48 1057
20 1180
11 1405
10 1294
47 1241
16 1489
27 1422
26 1466
36 1465
16 1354
41 1160
15 1100
39 1107
12 1265
16 1094
42 1395
35 1179
15 1154
24 1403
42 1274
26 1000
27 1111
42 1219
10 1203
24 1346
41 1054
13 1267
19 1445
37 1394
40 1375
29 1187
20 1143
39 1028
46 1139
43 1356
49 1435
21 1437
19 1004
31 1098
18 1117
11 1204
26 1080
10 1017
31 1045
47 1238
11 1177
36 1125
36 1498
14 1082
35 1276
47 1316
26 1442
24 1437
23 1465
45 1114
26 1412
24 1108
12 1371
29 1360
46 1267
38 1431
35 1361
17 1330
38 1297
15 1442
39 1192
34 1379
29 1221
17 1085
42 1375
35 1146
19 1154
19 1133
48 1444
45 1467
35 1400
44 1265
13 1088
40 1368
27 1114
36 1296
18 1387
10 1093
42 1312
40 1472
34 1317
24 1038
27 1018
15 1488
32 1186
22 1060
30 1419
36 1164
34 1431
31 1278
24 1054
33 1375
43 1315
46 1300
11 1124
37 1160
22 1051
36 1349
47 1216
40 1033
37 1464
31 1335
37 1004
14 1281
48 1353
23 1218
32 1027
37 1092
31 1199
41 1222
25 1192
47 1339
22 1127
35 1097
16 1230
15 1246
35 1092
44 1210
26 1178
17 1477
38 1221
31 1412
38 1462
34 1105
39 1061
11 1098
16 1137
31 1027
46 1192
34 1392
16 1491
42 1338
11 1383
49 1393
41 1019
20 1085
27 1337
31 1317
48 1303
17 1170
27 1288
23 1478
42 1100
36 1470
16 1052
35 1127
48 1308
28 1285
29 1405
11 1289
25 1060
27 1014
19 1487
12 1010
40 1356
46 1460
47 1179
38 1378
45 1341
18 1175
20 1381
41 1086
18 1159
47 1119
28 1217
44 1338
45 1393
48 1290
30 1258
14 1151
16 1016
28 1028
41 1120
29 1114
33 1378
37 1125
42 1112
22 1315
15 1418
21 1227
28 1301
20 1297
18 1303
21 1228
28 1013
12 1217
17 1234
13 1321
26 1369
42 1417
27 1132
30 1300
47 1062
45 1375
12 1015
19 1277
24 1245
37 1153
48 1274
27 1102
19 1121
28 1207
36 1020
49 1046
36 1303
18 1451
45 1329
16 1000
12 1091
28 1103
30 1487
46 1152
19 1040
34 1081
20 1305
37 1304
19 1303
40 1425
38 1237
28 1255
25 1279
16 1498
12 1263
29 1170
48 1002
35 1055
20 1294
46 1062
10 1090
20 1159
45 1344
25 1354
43 1448
40 1114
27 1101
41 1325
38 1028
45 1471
48 1437
39 1072
40 1244
44 1034
41 1326
41 1050
35 1384
20 1005
46 1338
39 1015
39 1378
15 1483
21 1215
13 1076
20 1405
40 1448
21 1169
34 1431
36 1095
49 1495
46 1024
27 1472
40 1232
17 1024
37 1479
49 1188
32 1119
13 1416
32 1179
14 1311
20 1217
48 1447
47 1270
11 1166
45 1230
23 1257
47 1112
18 1294
28 1391
30 1291
32 1171
36 1474
19 1017
10 1307
24 1470
21 1476
16 1406
23 1115
30 1497
27 1462
40 1058
22 1446
18 1295
33 1162
42 1416
17 1432
35 1415
33 1080
44 1381
10 1286
21 1026
27 1019
18 1485
25 1046
18 1034
39 1101
12 1179
40 1388
35 1285
28 1295
27 1257
36 1150
44 1285
41 1417
39 1345
25 1197
49 1336
38 1112
38 1369
18 1166
49 1137
27 1386
43 1189
11 1107
18 1080
11 1270
39 1300
16 1259
25 1443
35 1313
11 1102
29 1080
22 1419
22 1288
16 1147
45 1307
49 1475
21 1406
36 1433
39 1240
44 1358
46 1000
23 1277
49 1117
10 1146
13 1222
30 1157
26 1497
31 1264
21 1111
29 1250
15 1115
41 1079
40 1156
15 1139
14 1214
35 1258
29 1182
10 1218
22 1377
14 1219
23 1095
47 1291
25 1071
26 1492
38 1368
18 1076
30 1472
22 1275
29 1391
42 1017
13 1028
15 1173
41 1409
47 1192
45 1374
15 1421
47 1120
47 1418
10 1120
37 1201
43 1272
16 1042
47 1101
19 1258
15 1354
41 1427
37 1021
10 1175
20 1121
43 1384
35 1045
42 1410
14 1433
49 1084
26 1216
26 1465
48 1295
20 1319
36 1016
30 1113
44 1397
11 1318
23 1385
47 1168
28 1150
24 1155
16 1225
14 1206
17 1441
16 1189
18 1089
32 1083
40 1407
29 1283
11 1427
36 1324
11 1391
19 1318
31 1454
49 1476
44 1382
25 1442
19 1074
24 1413
15 1132
46 1335
26 1152
43 1146
41 1300
11 1148
48 1368
30 1348
18 1443
25 1312
46 1129
27 1108
32 1084
31 1103
23 1410
38 1232
43 1433
14 1032
28 1023
12 1101
34 1173
30 1156
26 1395
16 1090
36 1218
41 1254
23 1425
49 1390
10 1000
29 1091
26 1258
41 1435
33 1479
47 1357
40 1170
45 1453
20 1255
48 1437
45 1247
18 1044
24 1146
12 1043
49 1032
44 1058
19 1420
37 1337
15 1017
32 1076
42 1142
20 1421
40 1027
35 1452
27 1243
37 1431
25 1264
14 1077
11 1470
11 1075
24 1142
38 1300
11 1230
17 1063
12 1136
35 1379
18 1323
33 1442
20 1045
42 1146
40 1151
36 1057
32 1121
33 1188
10 1395
23 1175
30 1439
27 1240
21 1402
26 1142
39 1420
47 1140
12 1266
40 1212
47 1204
14 1243
38 1072
49 1224
35 1102
28 1421
32 1112
44 1041
11 1059
13 1497
34 1303
46 1448
15 1210
15 1196
13 1482
12 1348
29 1105
11 1445
44 1280
12 1475
25 1316
11 1153
24 1414
47 1188
19 1387
16 1178
22 1074
43 1498
41 1096
38 1086
26 1395
43 1136
26 1238
33 1206
34 1414
11 1156
25 1368
15 1310
39 1400
16 1032
33 1070
34 1374
39 1434
40 1288
17 1132
37 1156
45 1164
40 1405
24 1004
26 1468
40 1027
43 1264
45 1075
31 1244
11 1368
11 1375
38 1246
15 1280
37 1297
13 1347
26 1016
36 1497
46 1349
14 1121
28 1225
45 1042
15 1189
27 1145
21 1084
46 1315
11 1401
10 1345
22 1195
36 1079
24 1278
44 1422
34 1354
30 1175
24 1164
24 1174
18 1319
17 1143
13 1372
10 1075
32 1475
16 1463
27 1440
32 1375
28 1082
18 1176
47 1343
21 1135
37 1171
27 1282
47 1317
21 1485
23 1160
41 1100
49 1374
29 1030
17 1000
31 1165
44 1001
19 1069
32 1123
14 1283
36 1340
30 1230
46 1377
16 1082
27 1316
14 1256
12 1463
20 1107
23 1330
35 1364
24 1045
31 1476
14 1128
17 1315
32 1197
44 1295
36 1068
35 1116
34 1146
39 1254
41 1318
32 1101
45 1169
31 1206
23 1278
24 1390
30 1165
28 1178
31 1026
20 1356
20 1208
10 1075
15 1306
35 1394
24 1411
20 1207
48 1107
42 1260
47 1483
41 1476
10 1026
39 1431
30 1155
31 1340
23 1409
11 1156
32 1285
49 1227
20 1348
34 1401
16 1363
18 1357
45 1252
10 1031
40 1011
14 1149
27 1241
33 1072
20 1146
27 1002
38 1160
17 1031
14 1408
38 1204
33 1043
22 1122
33 1014
37 1362
34 1071
35 1268
24 1134
42 1005
42 1465
22 1425
19 1215
37 1337
20 1211
25 1382
16 1109
45 1317
20 1151
24 1240
44 1253
31 1025
45 1427
31 1291
48 1235
19 1421
35 1257
29 1478
11 1428
10 1332
13 1376
42 1181
25 1432
45 1162
26 1408
37 1344
24 1357
13 1444
34 1117
17 1483
47 1073
41 1084
13 1249
14 1354
37 1240
48 1443
36 1052
22 1412
10 1434
22 1225
35 1439
33 1202
21 1178
30 1219
44 1179
36 1159
43 1331
20 1022
48 1043
46 1180
38 1267
14 1271
49 1280
24 1293
31 1091
11 1315
26 1440
20 1039
15 1216
11 1064
26 1411
42 1192
26 1473
31 1184
34 1143
32 1336
49 1249
29 1055
34 1316
46 1368
39 1303
49 1191
41 1373
38 1309
36 1449
18 1381
43 1237
37 1235
30 1173
29 1113
11 1083
30 1242
28 1375
25 1350
45 1198
48 1217
46 1305
23 1111
45 1178
39 1468
25 1158
19 1167
29 1289
14 1318
33 1413
11 1019
30 1325
19 1134
43 1008
10 1402
38 1005
36 1008
46 1025
27 1177
27 1032
33 1280
12 1316
26 1349
26 1211
41 1284
39 1275
33 1154
18 1350
35 1220
10 1101
11 1247
41 1301
22 1314
47 1352
46 1372
24 1190
40 1362
12 1229
26 1065
15 1079
21 1480
14 1324
15 1042
30 1187
17 1182
44 1151
26 1377
22 1065
22 1016
31 1426
32 1222
20 1011
14 1499
37 1370
40 1132
13 1457
38 1300
31 1086
45 1014
20 1298
49 1015
12 1403
42 1093
18 1479
32 1047
11 1322
35 1409
40 1050
31 1335
41 1233
22 1488
32 1479
40 1373
38 1244
41 1478
29 1331
40 1033
37 1206
14 1430
35 1220
32 1096
49 1362
22 1022
48 1328
26 1489
15 1287
42 1020
20 1341
44 1212
13 1443
40 1457
37 1131
40 1453
29 1065
23 1409
22 1058
18 1165
49 1033
29 1170
24 1439
26 1207
19 1457
17 1382
48 1476
28 1454
21 1188
19 1199
32 1215
12 1300
11 1344
20 1259
15 1043
39 1363
26 1308
21 1165
47 1269
37 1131
13 1310
23 1311
40 1406
13 1286
25 1342
17 1189
15 1446
13 1492
36 1321
43 1192
13 1086
44 1087
34 1210
42 1229
22 1147
10 1330
32 1133
35 1121
20 1386
25 1119
16 1296
47 1493
49 1372
44 1152
22 1094
32 1041
30 1098
46 1163
30 1103
37 1432
41 1177
21 1416
22 1228
17 1165
41 1216
27 1355
47 1351
12 1138
10 1269
47 1464
18 1447
28 1488
15 1251
25 1462
49 1152
10 1410
15 1193
49 1042
13 1420
48 1112
27 1290
23 1097
41 1359
21 1298
42 1211
20 1293
33 1324
27 1307
15 1279
28 1377
24 1253
49 1459
33 1155
49 1453
11 1196
37 1493
29 1370
43 1347
13 1016
20 1338
37 1170
45 1062
44 1467
29 1369
12 1260
27 1422
25 1241
46 1446
48 1327
43 1214
38 1157
40 1229
17 1170
24 1063
32 1409
47 1346
40 1229
31 1340
23 1410
16 1458
11 1435
30 1138
35 1308
13 1230
39 1146
35 1459
18 1450
46 1205
35 1061
35 1221
38 1364
12 1252
42 1369
19 1334
41 1022
24 1234
11 1186
26 1185
25 1426
15 1322
41 1478
44 1136
31 1176
10 1247
33 1372
23 1236
40 1491
16 1359
26 1234
18 1348
14 1361
14 1441
10 1032
14 1136
34 1338
16 1477
13 1096
25 1200
11 1214
13 1282
38 1477
35 1188
30 1361
20 1052
10 1444
44 1162
21 1489
40 1326
44 1156
31 1348
41 1091
49 1324
27 1349
35 1328
44 1026
31 1243
27 1440
14 1087
46 1155
36 1202
34 1284
12 1071
45 1372
28 1190
23 1252
29 1072
26 1353
12 1096
23 1267
12 1453
38 1155
15 1339
11 1235
48 1247
31 1378
15 1105
44 1385
28 1116
37 1422
46 1189
24 1145
44 1488
40 1204
27 1420
24 1462
33 1012
39 1022
12 1468
48 1435
37 1368
30 1141
13 1169
36 1205
36 1230
22 1271
10 1378
14 1476
48 1260
15 1091
36 1357
49 1414
29 1001
40 1166
26 1179
30 1369
47 1233
45 1014
41 1464
24 1210
37 1034
45 1147
48 1448
27 1374
46 1415
28 1036
20 1411
29 1051
14 1168
11 1038
46 1218
42 1433
36 1067
33 1448
41 1010
19 1105
32 1190
28 1291
40 1017
36 1466
14 1040
42 1263
10 1414
39 1012
39 1202
38 1029
33 1177
32 1479
44 1224
34 1087
22 1007
33 1476
22 1014
19 1252
15 1385
18 1312
35 1213
24 1264
29 1169
12 1399
13 1240
42 1421
48 1411
17 1181
15 1428
16 1465
14 1039
39 1429
44 1175
14 1392
11 1149
11 1450
33 1236
48 1416
30 1461
29 1390
36 1352
33 1215
21 1472
41 1378
43 1088
22 1055
38 1239
40 1498
32 1210
14 1476
21 1100
14 1079
38 1042
35 1348
26 1243
43 1489
21 1425
29 1492
45 1330
33 1326
32 1154
45 1246
23 1313
45 1307
29 1266
28 1245
14 1046
10 1171
34 1170
14 1111
12 1395
21 1239
43 1443
23 1159
11 1299
13 1220
32 1210
37 1083
31 1438
14 1050
48 1234
27 1336
14 1376
36 1038
23 1337
11 1382
39 1329
47 1124
30 1252
12 1139
37 1135
17 1259
15 1006
19 1077
34 1136
36 1016
49 1047
24 1046
46 1178
27 1150
26 1076
33 1197
24 1015
47 1038
40 1202
49 1496
25 1314
35 1019
23 1494
46 1336
41 1483
37 1272
26 1237
14 1289
49 1487
10 1294
24 1368
40 1468
35 1245
35 1136
44 1287
22 1038
46 1492
37 1050
40 1326
22 1193
22 1092
41 1428
21 1177
37 1148
19 1464
39 1050
39 1098
34 1408
32 1322
28 1139
14 1475
15 1079
41 1028
23 1366
28 1335
19 1017
19 1222
29 1308
33 1323
44 1084
47 1455
27 1364
46 1435
37 1285
24 1151
27 1071
27 1155
20 1061
30 1448
37 1097
49 1313
38 1286
21 1266
48 1263
37 1278
34 1233
20 1264
20 1062
48 1341
12 1234
19 1444
43 1046
48 1398
15 1413
44 1299
49 1226
40 1464
47 1009
22 1070
10 1092
13 1090
32 1128
28 1321
20 1303
10 1004
36 1081
45 1068
16 1253
45 1320
10 1310
25 1296
27 1378
40 1111
13 1467
18 1209
34 1020
41 1238
37 1322
10 1167
25 1172
23 1353
27 1132
37 1186
29 1044
40 1410
17 1333
34 1478
47 1130
37 1485
42 1371
36 1319
34 1280
27 1307
17 1402
28 1375
24 1166
33 1447
33 1351
43 1186
20 1106
15 1469
15 1066
13 1287
24 1113
19 1227
21 1029
25 1162
20 1031
13 1289
15 1053
34 1005
15 1471
31 1010
32 1467
33 1108
28 1257
39 1462
43 1473
15 1488
29 1041
39 1303
12 1106
49 1453
45 1049
27 1490
49 1350
33 1330
23 1157
42 1372
24 1219
36 1479
14 1125
42 1199
47 1489
20 1085
30 1127
18 1481
36 1102
43 1213
25 1432
43 1428
15 1051
26 1391
15 1221
35 1056
35 1171
12 1484
47 1206
30 1238
23 1332
41 1265
23 1371
17 1005
43 1251
35 1427
22 1255
34 1300
30 1376
25 1191
17 1404
22 1339
23 1435
41 1311
22 1053
18 1273
22 1193
34 1305
41 1472
46 1032
30 1113
11 1223
47 1356
12 1024
39 1150
16 1481
36 1065
15 1074
42 1225
39 1314
41 1313
16 1105
15 1196
24 1429
39 1209
37 1464
11 1308
17 1192
22 1387
49 1321
41 1418
41 1267
25 1127
28 1210
26 1004
25 1057
42 1450
13 1344
32 1332
22 1238
48 1035
20 1344
24 1467
46 1463
42 1337
48 1143
45 1260
18 1036
14 1324
15 1493
32 1116
45 1294
41 1455
27 1190
29 1089
47 1429
12 1175
31 1435
37 1278
21 1062
43 1364
39 1258
12 1289
23 1130
33 1301
12 1498
29 1339
35 1428
46 1100
42 1365
12 1471
11 1034
29 1027
48 1165
34 1198
39 1491
43 1303
11 1410
40 1192
28 1007
21 1203
36 1285
44 1216
19 1210
38 1007
35 1005
11 1002
24 1216
43 1130
28 1250
27 1006
20 1347
17 1356
47 1414
32 1022
47 1333
47 1499
26 1113
20 1210
28 1242
32 1201
35 1307
20 1082
38 1038
29 1179
30 1292
15 1362
38 1270
17 1020
24 1240
24 1448
47 1171
39 1456
13 1405
13 1425
36 1279
29 1141
18 1123
10 1222
30 1396
32 1190
45 1465
33 1013
21 1055
40 1484
37 1262
16 1402
20 1347
39 1196
14 1150
10 1135
19 1187
14 1092
24 1225
32 1417
44 1256
45 1274
33 1259
19 1490
44 1080
27 1209
34 1160
24 1164
35 1430
44 1165
34 1089
14 1057
17 1091
24 1268
19 1487
26 1383
21 1260
29 1225
25 1386
36 1206
17 1479
48 1464
24 1070
29 1147
45 1118
24 1127
13 1145
40 1490
37 1318
36 1280
48 1467
29 1014
34 1471
22 1126
13 1008
36 1464
43 1139
28 1449
41 1361
34 1264
34 1341
41 1009
46 1324
41 1351
46 1496
20 1363
39 1124
41 1315
33 1155
12 1414
20 1472
16 1065
20 1394
44 1380
26 1242
30 1041
29 1440
28 1266
13 1180
23 1107
30 1170
22 1440
49 1370
25 1022
19 1159
43 1254
32 1266
19 1078
40 1332
34 1143
26 1039
44 1078
13 1076
20 1202
20 1374
11 1364
13 1388
30 1379
18 1265
16 1299
41 1169
44 1496
20 1198
45 1191
35 1085
48 1457
22 1396
23 1171
26 1073
25 1483
46 1416
12 1419
17 1312
15 1145
34 1014
20 1083
16 1022
15 1042
18 1320
47 1124
17 1435
49 1206
38 1411
47 1333
42 1330
32 1096
40 1037
12 1178
42 1295
42 1200
18 1264
35 1156
47 1290
37 1396
30 1202
11 1476
22 1354
43 1362
44 1283
49 1201
10 1140
33 1109
25 1317
29 1180
16 1316
32 1197
24 1049
48 1315
32 1400
27 1301
18 1298
28 1160
49 1023
21 1190
35 1427
43 1261
40 1150
32 1044
29 1005
41 1145
10 1364
43 1052
27 1209
31 1218
34 1018
11 1131
22 1111
37 1261
10 1495
27 1407
26 1328
11 1471
31 1396
49 1147
40 1131
17 1326
44 1051
46 1131
40 1018
19 1334
35 1367
38 1469
47 1341
28 1124
10 1002
11 1357
19 1491
33 1491
39 1162
37 1213
33 1285
30 1000
18 1049
42 1388
45 1332
31 1160
18 1230
26 1372
38 1160
38 1184
12 1332
36 1164
33 1393
35 1480
43 1329
21 1463
49 1023
46 1035
31 1407
45 1235
44 1018
15 1306
15 1132
45 1339
30 1162
43 1093
35 1197
13 1282
28 1051
12 1240
14 1312
26 1318
10 1113
37 1136
47 1496
40 1411
27 1064
36 1415
41 1214
46 1488
49 1432
42 1261
45 1080
31 1200
30 1456
16 1395
19 1271
39 1285
34 1317
23 1467
42 1337
22 1470
33 1011
34 1351
23 1073
17 1420
12 1412
30 1368
20 1395
25 1361
30 1032
47 1153
25 1243
25 1057
12 1043
22 1109
31 1011
46 1255
14 1267
34 1108
31 1153
22 1271
29 1496
39 1365
44 1225
33 1444
46 1046
29 1084
25 1200
46 1205
46 1355
26 1498
39 1272
26 1281
19 1299
20 1431
32 1206
39 1245
23 1451
18 1030
34 1190
33 1236
10 1211
11 1122
27 1291
25 1405
36 1415
47 1107
20 1094
20 1472
22 1334
25 1271
28 1017
25 1071
35 1381
11 1473
39 1297
31 1142
19 1217
22 1389
22 1162
35 1122
40 1051
39 1387
26 1289
44 1111
22 1323
14 1142
33 1171
10 1079
22 1269
49 1226
26 1080
15 1454
42 1189
49 1328
35 1407
39 1432
44 1242
23 1309
42 1113
28 1374
27 1292
14 1464
19 1441
49 1308
46 1155
27 1257
31 1129
15 1381
35 1290
44 1004
12 1321
32 1450
21 1017
48 1216
30 1135
36 1077
24 1295
41 1046
40 1193
20 1268
16 1008
22 1154
42 1043
33 1411
29 1470
16 1096
31 1302
20 1147
15 1299
38 1166
27 1077
16 1127
27 1135
47 1333
46 1014
16 1394
16 1430
15 1382
25 1375
48 1065
43 1400
34 1230
45 1409
48 1249
26 1281
43 1153
36 1233
35 1205
24 1433
26 1483
32 1216
28 1177
16 1294
15 1311
16 1045
10 1477
39 1029
43 1043
13 1319
32 1006
30 1043
16 1120
39 1441
21 1025
16 1300
37 1494
24 1231
12 1411
29 1243
35 1106
33 1010
39 1430
44 1179
32 1123
34 1182
30 1093
34 1383
23 1333
35 1290
45 1432
16 1173
23 1098
30 1442
43 1328
44 1117
32 1439
16 1234
49 1448
37 1141
16 1337
21 1448
13 1155
14 1114
30 1098
11 1408
18 1136
15 1322
32 1026
12 1363
43 1189
31 1020
37 1175
44 1129
13 1419
14 1186
47 1180
49 1245
25 1390
19 1376
20 1122
47 1286
48 1443
23 1054
42 1331
49 1081
30 1334
19 1301
13 1181
26 1026
30 1353
43 1235
26 1154
12 1257
28 1321
12 1455
34 1092
44 1111
12 1344
34 1117
13 1321
32 1205
23 1272
39 1318
47 1091
44 1286
16 1213
36 1337
24 1210
30 1152
29 1330
20 1462
34 1229
23 1265
21 1110
35 1411
13 1259
25 1280
44 1010
29 1044
23 1300
37 1209
16 1196
34 1021
13 1256
44 1147
46 1130
12 1475
49 1035
21 1046
35 1252
48 1247
21 1266
36 1343
17 1169
15 1269
44 1491
46 1069
32 1069
30 1406
21 1393
22 1196
27 1025
22 1046
22 1443
14 1149
44 1328
40 1487
28 1195
17 1220
40 1437
20 1389
46 1209
45 1043
32 1175
31 1347
11 1048
32 1088
14 1012
17 1019
19 1140
15 1148
45 1293
34 1445
43 1064
20 1410
22 1319
44 1219
36 1110
18 1073
16 1137
48 1436
48 1242
24 1201
35 1427
37 1226
48 1228
27 1454
43 1108
47 1485
36 1029
26 1197
35 1220
35 1131
30 1360
45 1333
22 1069
29 1041
28 1001
15 1327
32 1258
32 1441
44 1261
25 1356
20 1203
31 1210
35 1323
21 1073
40 1437
13 1205
16 1145
23 1175
18 1488
10 1408
39 1499
49 1396
13 1485
16 1409
30 1012
43 1249
30 1350
10 1279
17 1046
22 1474
40 1150
29 1167
48 1438
25 1327
11 1474
21 1189
18 1058
40 1393
39 1086
33 1336
41 1377
48 1462
36 1313
33 1119
40 1263
32 1166
45 1348
15 1090
14 1384
42 1029
45 1475
41 1480
39 1328
47 1410
14 1270
20 1317
40 1123
47 1169
33 1098
35 1293
21 1236
14 1168
19 1199
43 1444
27 1451
13 1483
40 1090
13 1071
45 1476
23 1099
21 1163
34 1126
37 1494
31 1481
20 1017
16 1466
48 1278
33 1489
20 1109
22 1430
15 1361
21 1379
35 1469
39 1133
21 1422
35 1440
43 1128
43 1417
33 1017
28 1226
48 1292
14 1310
28 1279
47 1098
39 1211
38 1390
21 1486
41 1155
14 1456
33 1199
27 1459
15 1123
22 1223
27 1366
49 1416
34 1484
18 1398
26 1064
43 1038
22 1492
45 1302
16 1102
14 1496
10 1251
13 1249
46 1187
20 1314
17 1491
47 1197
11 1435
42 1120
39 1142
34 1193
13 1181
47 1299
17 1046
43 1190
28 1301
25 1384
30 1187
43 1122
22 1195
37 1357
25 1407
16 1372
37 1250
25 1433
22 1434
34 1143
27 1019
22 1408
20 1198
32 1047
43 1176
12 1475
36 1091
16 1146
15 1074
32 1371
25 1345
49 1004
25 1367
22 1356
27 1198
10 1043
14 1458
37 1314
10 1049
36 1113
45 1470
18 1303
30 1071
42 1242
31 1145
25 1104
16 1288
48 1252
12 1295
34 1241
11 1137
43 1364
23 1464
34 1317
18 1361
31 1239
11 1197
42 1373
41 1040
38 1472
35 1003
18 1011
19 1428
46 1194
15 1169
24 1463
25 1273
22 1263
20 1168
38 1148
41 1247
35 1305
10 1137
47 1400
30 1120
37 1076
39 1201
14 1019
22 1268
49 1283
18 1175
43 1132
12 1268
42 1062
34 1191
30 1418
17 1059
36 1331
38 1293
45 1407
48 1338
24 1140
19 1294
12 1311
13 1242
16 1488
34 1357
36 1323
39 1109
14 1495
28 1388
29 1480
24 1368
13 1099
40 1112
34 1038
29 1299
19 1053
12 1013
17 1049
25 1246
25 1179
31 1007
29 1487
35 1209
33 1374
37 1044
20 1023
33 1064
49 1312
41 1144
34 1375
15 1131
30 1367
24 1114
47 1261
35 1240
33 1458
31 1047
29 1157
10 1299
26 1169
31 1157
34 1254
24 1490
13 1498
23 1488
21 1386
15 1114
17 1480
20 1097
17 1488
36 1182
14 1199
18 1306
42 1282
45 1495
23 1383
34 1015
25 1121
35 1293
38 1009
26 1155
11 1120
14 1235
32 1314
31 1412
46 1341
37 1425
43 1123
25 1420
40 1106
15 1450
37 1442
18 1173
33 1492
12 1043
34 1131
32 1335
34 1269
45 1405
15 1298
34 1241
23 1342
10 1377
25 1196
29 1082
15 1219
18 1433
42 1382
18 1234
37 1119
14 1395
28 1265
17 1020
27 1297
40 1186
16 1095
28 1432
35 1136
41 1310
25 1202
27 1127
35 1240
44 1295
34 1211
20 1139
41 1306
38 1018
33 1116
27 1051
26 1345
32 1463
18 1260
46 1477
35 1021
19 1107
38 1066
28 1204
13 1086
13 1050
26 1357
17 1372
11 1065
40 1042
37 1403
43 1443
43 1077
45 1370
13 1101
30 1314
10 1188
38 1233
20 1097
35 1313
40 1141
25 1047
38 1028
49 1470
48 1418
35 1138
41 1159
35 1483
21 1317
17 1470
20 1258
11 1360
29 1358
43 1392
48 1295
39 1240
24 1146
48 1291
26 1439
11 1036
45 1145
47 1274
31 1475
39 1135
48 1191
46 1038
29 1368
10 1311
47 1268
17 1405
26 1253
44 1085
47 1102
22 1434
17 1283
11 1478
29 1294
23 1311
44 1458
28 1317
47 1305
17 1402
44 1415
35 1002
47 1495
31 1064
11 1390
21 1450
23 1085
26 1285
41 1297
39 1492
32 1438
47 1326
35 1287
20 1048
35 1041
48 1388
30 1295
13 1313
46 1038
28 1122
30 1011
27 1318
29 1202
42 1365
24 1458
21 1135
18 1498
41 1089
48 1450
25 1066
19 1471
23 1430
22 1195
18 1174
49 1494
14 1086
45 1498
21 1434
12 1247
34 1101
22 1392
20 1414
46 1112
14 1239
36 1009
29 1032
11 1236
31 1068
33 1303
11 1284
38 1427
33 1123
42 1474
14 1375
30 1153
30 1056
48 1492
24 1172
24 1363
22 1465
30 1309
31 1482
31 1002
11 1413
19 1215
42 1080
36 1020
32 1343
32 1452
46 1074
17 1350
41 1341
48 1381
26 1042
47 1408
17 1153
30 1077
21 1059
10 1076
34 1075
15 1356
16 1087
31 1043
36 1325
13 1478
28 1410
18 1200
18 1256
19 1264
18 1306
39 1450
44 1274
10 1495
37 1232
39 1482
18 1475
24 1129
34 1150
10 1329
35 1177
49 1084
10 1213
18 1132
47 1218
44 1191
41 1341
14 1246
21 1477
19 1370
30 1031
18 1037
24 1061
24 1039
44 1081
29 1252
37 1383
35 1334
26 1449
44 1202
15 1037
45 1496
20 1272
48 1023
20 1039
37 1211
40 1056
24 1362
26 1113
46 1304
17 1163
24 1449
32 1064
33 1461
27 1181
34 1202
28 1048
45 1168
47 1109
32 1191
22 1368
49 1216
34 1225
26 1126
33 1167
13 1491
36 1045
14 1290
47 1184
30 1101
45 1139
17 1290
24 1287
28 1409
43 1114
22 1061
42 1129
25 1043
43 1293
42 1445
33 1180
24 1356
28 1272
26 1312
18 1373
46 1013
45 1481
46 1424
48 1080
26 1431
10 1078
34 1262
42 1319
20 1428
48 1214
13 1185
12 1485
30 1231
43 1454
27 1283
43 1466
46 1460
24 1496
28 1132
25 1041
49 1013
46 1483
42 1417
40 1087
42 1098
31 1167
34 1008
38 1233
30 1318
39 1458
40 1477
40 1234
12 1086
11 1288
46 1417
20 1221
39 1143
12 1264
15 1412
17 1229
11 1137
20 1332
43 1415
16 1152
36 1193
49 1340
43 1140
38 1156
23 1054
40 1459
49 1488
44 1355
41 1128
28 1318
16 1284
20 1046
18 1458
10 1403
27 1342
27 1461
38 1335
18 1341
10 1111
33 1397
35 1489
46 1072
22 1462
47 1038
33 1225
12 1374
42 1002
41 1455
33 1078
11 1023
30 1345
37 1439
45 1181
17 1455
31 1177
18 1243
16 1471
44 1156
44 1435
40 1163
22 1344
23 1356
15 1320
33 1275
38 1163
28 1098
42 1142
47 1344
21 1212
18 1026
20 1301
26 1200
21 1205
43 1421
29 1442
34 1308
25 1314
43 1111
42 1009
46 1133
11 1046
29 1001
12 1403
49 1199
26 1166
35 1345
15 1158
15 1089
48 1312
30 1312
44 1469
36 1451
35 1315
14 1009
24 1270
11 1484
45 1359
12 1360
41 1140
33 1075
40 1419
40 1215
35 1324
37 1328
44 1284
40 1276
13 1425
32 1236
44 1380
26 1085
35 1198
20 1426
25 1093
35 1328
25 1258
30 1116
21 1148
33 1308
22 1320
49 1279
19 1169
46 1278
38 1459
25 1193
13 1170
24 1304
24 1219
13 1475
12 1252
10 1202
23 1173
18 1462
32 1391
46 1290
46 1209
15 1337
16 1275
27 1061
35 1250
45 1217
37 1465
37 1234
34 1383
23 1236
29 1373
20 1159
23 1388
34 1125
32 1313
41 1170
42 1198
11 1114
47 1095
24 1136
27 1469
22 1463
38 1315
11 1098
43 1373
16 1300
11 1184
47 1447
28 1270
22 1205
49 1093
19 1230
44 1426
31 1402
34 1117
25 1111
39 1319
36 1215
11 1178
36 1028
44 1043
41 1269
49 1216
17 1249
49 1335
18 1071
42 1016
46 1172
41 1149
28 1191
43 1019
46 1329
45 1165
31 1170
49 1478
45 1422
42 1068
49 1029
42 1244
48 1009
14 1370
19 1160
42 1449
43 1152
49 1271
10 1491
36 1110
25 1223
31 1020
34 1268
30 1048
46 1355
17 1086
15 1042
47 1205
14 1222
46 1046
23 1112
32 1157
37 1494
25 1311
35 1145
28 1402
45 1343
33 1112
41 1002
13 1114
48 1151
11 1119
17 1478
33 1230
32 1289
19 1335
14 1237
47 1032
49 1025
46 1239
16 1379
17 1364
18 1149
27 1454
17 1180
43 1209
29 1382
25 1397
38 1262
36 1258
18 1308
21 1339
43 1451
26 1172
42 1488
41 1387
44 1024
33 1005
34 1482
22 1241
27 1476
35 1119
18 1485
10 1269
48 1293
15 1293
24 1289
15 1097
10 1283
14 1082
11 1014
21 1156
43 1100
25 1172
45 1351
32 1412
29 1417
38 1047
27 1163
34 1252
22 1375
14 1028
46 1441
16 1457
34 1214
24 1498
20 1388
47 1412
10 1273
30 1164
40 1250
16 1440
19 1181
37 1019
32 1371
15 1242
41 1117
31 1073
48 1355
38 1283
46 1077
28 1266
20 1446
25 1119
38 1082
36 1180
24 1212
20 1469
15 1065
28 1383
30 1092
47 1030
41 1377
16 1452
22 1074
31 1207
49 1253
48 1270
44 1064
21 1079
11 1076
43 1112
21 1171
20 1172
47 1308
42 1373
39 1473
11 1296
25 1015
40 1429
29 1011
39 1045
22 1122
47 1020
31 1435
17 1418
39 1237
24 1105
46 1053
36 1406
23 1042
49 1125
34 1227
32 1207
17 1128
44 1207
46 1355
48 1361
43 1105
46 1098
47 1149
11 1477
42 1242
35 1122
47 1197
32 1312
12 1201
13 1083
31 1203
33 1442
35 1036
28 1279
17 1185
16 1107
41 1199
32 1197
38 1192
22 1150
10 1211
45 1496
43 1368
45 1178
28 1065
47 1312
34 1018
38 1150
46 1327
44 1350
28 1257
24 1180
10 1336
15 1412
12 1000
32 1497
17 1035
42 1210
28 1022
22 1356
41 1452
45 1419
49 1327
27 1205
23 1188
38 1307
37 1251
46 1103
44 1145
15 1449
10 1191
33 1048
23 1049
46 1205
27 1405
33 1264
11 1226
24 1278
42 1140
29 1128
41 1216
27 1186
16 1045
27 1296
16 1165
48 1144
44 1282
20 1331
25 1429
36 1021
32 1183
36 1286
34 1413
32 1137
37 1498
27 1273
27 1177
37 1402
35 1260
17 1033
16 1338
13 1224
24 1444
31 1292
35 1097
44 1245
14 1316
48 1052
27 1024
46 1315
20 1435
17 1179
35 1308
45 1140
31 1391
12 1477
32 1357
35 1384
48 1434
35 1264
11 1386
12 1463
27 1456
25 1483
30 1076
41 1211
33 1110
40 1148
46 1316
24 1439
26 1228
30 1236
27 1377
36 1055
22 1093
39 1048
24 1401
47 1290
45 1339
21 1384
12 1431
24 1274
35 1142
28 1343
33 1359
19 1481
25 1173
47 1376
18 1447
19 1210
22 1382
11 1272
16 1374
28 1377
24 1011
40 1202
42 1269
47 1347
14 1021
30 1427
18 1092
22 1365
17 1133
49 1317
12 1333
38 1449
37 1476
31 1107
18 1237
35 1469
37 1305
29 1447
25 1081
15 1055
18 1481
37 1296
35 1315
26 1209
40 1221
41 1218
29 1171
15 1031
12 1070
20 1011
49 1433
34 1184
16 1100
12 1410
35 1448
24 1169
13 1193
19 1258
22 1166
49 1436
27 1449
36 1424
36 1237
49 1154
38 1089
27 1309
30 1485
33 1064
19 1247
18 1290
39 1434
43 1160
10 1454
45 1038
14 1228
47 1265
43 1412
34 1247
32 1010
37 1306
44 1237
33 1219
24 1450
45 1282
47 1437
14 1436
46 1194
29 1079
44 1373
33 1430
48 1224
37 1413
47 1142
20 1291
43 1034
12 1099
27 1122
16 1496
39 1116
45 1306
15 1105
44 1052
25 1223
38 1108
20 1162
41 1025
24 1207
35 1410
36 1042
34 1120
46 1054
10 1047
46 1385
19 1402
39 1379
16 1424
41 1359
23 1417
33 1439
19 1478
40 1369
42 1487
28 1026
11 1252
23 1127
19 1486
26 1173
40 1471
35 1263
32 1282
13 1123
38 1325
21 1359
31 1036
16 1280
37 1499
47 1135
35 1076
19 1371
31 1448
35 1204
37 1110
17 1427
31 1486
49 1354
45 1474
26 1066
16 1123
15 1207
46 1419
17 1288
45 1156
34 1166
48 1204
32 1281
49 1362
39 1190
13 1196
42 1457
43 1187
19 1237
21 1494
27 1119
27 1188
44 1303
32 1087
44 1390
46 1113
47 1419
24 1409
39 1434
10 1072
25 1215
40 1162
17 1081
36 1253
17 1195
29 1079
18 1267
40 1148
45 1092
29 1315
45 1009
20 1332
46 1443
17 1110
24 1098
32 1254
34 1175
39 1112
43 1005
27 1006
46 1489
34 1074
48 1087
10 1037
36 1223
37 1253
26 1108
37 1396
33 1187
28 1148
32 1234
45 1003
16 1263
37 1115
28 1293
12 1304
40 1428
37 1472
48 1371
21 1013
11 1270
27 1408
49 1000
22 1134
12 1476
11 1243
17 1207
40 1311
23 1230
34 1366
23 1391
46 1284
44 1288
26 1180
49 1007
13 1236
47 1427
46 1237
21 1141
14 1226
11 1176
33 1243
46 1026
49 1000
36 1130
48 1118
28 1130
44 1390
16 1296
14 1339
18 1196
17 1332
22 1032
39 1116
49 1330
40 1285
32 1150
43 1287
30 1187
11 1142
43 1123
23 1346
26 1413
46 1320
25 1360
43 1343
25 1199
20 1447
40 1283
33 1429
16 1307
16 1325
14 1081
33 1430
48 1268
43 1032
40 1039
10 1014
17 1292
37 1094
47 1032
32 1495
47 1149
28 1265
49 1318
39 1484
21 1122
22 1244
24 1310
30 1182
38 1192
32 1051
15 1132
25 1328
26 1076
34 1378
45 1047
27 1110
15 1484
44 1003
30 1011
21 1128
29 1363
41 1259
32 1083
26 1166
14 1314
18 1178
49 1302
13 1020
38 1339
24 1324
43 1342
37 1124
32 1310
36 1392
21 1174
38 1364
32 1499
19 1116
40 1450
36 1231
22 1115
37 1314
44 1438
47 1032
14 1192
44 1298
22 1483
28 1087
38 1313
43 1424
35 1366
28 1457
13 1070
48 1198
47 1425
11 1231
19 1256
16 1052
40 1198
18 1201
19 1113
37 1410
21 1017
19 1416
24 1207
40 1096
12 1102
27 1352
34 1169
19 1016
42 1294
36 1202
38 1261
22 1101
12 1126
47 1301
17 1150
43 1448
20 1078
38 1290
34 1373
40 1346
22 1119
42 1286
16 1333
45 1387
10 1339
12 1420
19 1119
37 1050
39 1365
31 1313
48 1069
26 1411
21 1231
35 1328
35 1163
27 1331
20 1371
16 1147
44 1142
20 1169
47 1234
41 1348
46 1090
21 1135
32 1497
25 1019
35 1412
12 1202
28 1001
16 1487
40 1274
40 1112
40 1466
41 1437
10 1081
19 1057
27 1216
25 1024
14 1185
25 1336
47 1367
10 1131
45 1366
42 1335
44 1067
38 1057
14 1106
46 1335
36 1263
17 1063
15 1036
42 1034
36 1052
30 1303
37 1347
23 1090
11 1397
43 1474
31 1429
26 1130
45 1402
31 1228
20 1495
11 1112
19 1481
47 1090
26 1023
18 1482
40 1413
18 1142
41 1009
33 1055
37 1077
16 1478
46 1123
42 1053
35 1227
30 1413
45 1082
39 1337
49 1354
10 1128
27 1188
22 1219
40 1178
36 1158
12 1241
23 1379
13 1387
40 1178
21 1037
28 1358
49 1287
36 1291
25 1101
36 1445
25 1300
29 1045
43 1107
15 1059
49 1088
40 1342
13 1242
17 1388
17 1003
25 1338
40 1157
25 1370
20 1444
39 1289
14 1115
27 1235
19 1137
46 1007
10 1061
14 1278
17 1412
43 1330
48 1482
44 1240
33 1385
11 1291
34 1359
30 1490
41 1451
36 1369
39 1159
40 1251
13 1193
48 1405
42 1064
12 1016
46 1374
24 1136
43 1274
48 1232
38 1098
16 1424
11 1194
41 1441
39 1208
43 1498
39 1097
34 1118
20 1369
23 1449
38 1414
17 1345
40 1009
46 1311
33 1476
44 1054
28 1293
31 1338
27 1426
47 1054
28 1227
27 1411
17 1233
44 1202
45 1264
25 1362
10 1133
11 1036
22 1440
34 1340
41 1458
17 1171
12 1294
22 1355
41 1277
13 1362
31 1134
18 1383
32 1209
13 1178
49 1013
45 1116
39 1107
19 1462
42 1258
45 1201
33 1362
22 1114
17 1025
29 1407
46 1379
12 1356
48 1495
41 1432
42 1308
15 1355
20 1207
46 1230
48 1324
35 1216
20 1401
40 1068
36 1263
10 1233
41 1231
17 1173
43 1215
25 1487
24 1122
49 1434
35 1356
31 1471
22 1345
24 1498
27 1291
40 1193
13 1410
40 1351
28 1137
42 1235
40 1040
24 1455
10 1391
16 1076
13 1143
15 1059
23 1112
31 1058
12 1111
31 1318
19 1411
34 1221
21 1235
27 1489
34 1230
31 1188
43 1423
48 1011
43 1359
32 1031
26 1156
22 1423
25 1346
10 1127
11 1006
41 1228
33 1089
30 1400
26 1038
11 1132
32 1032
33 1467
43 1285
12 1065
47 1207
31 1192
27 1488
10 1077
19 1404
47 1486
24 1007
23 1359
16 1490
11 1005
38 1077
18 1147
49 1427
46 1224
26 1228
13 1057
14 1459
21 1043
40 1225
31 1148
39 1386
20 1156
44 1492
27 1215
23 1136
44 1106
28 1358
38 1145
39 1136
47 1103
45 1021
14 1058
21 1157
32 1191
46 1072
31 1334
21 1379
20 1221
40 1331
10 1297
24 1263
39 1043
46 1081
36 1178
25 1448
26 1243
14 1312
15 1064
27 1267
23 1345
30 1085
37 1333
41 1481
25 1489
24 1010
35 1173
35 1034
12 1236
26 1328
33 1495
16 1205
12 1068
48 1482
15 1455
34 1389
19 1067
39 1076
23 1063
10 1396
11 1402
28 1309
33 1319
28 1168
30 1167
43 1467
25 1336
26 1243
29 1462
13 1044
31 1473
32 1467
30 1152
24 1112
19 1405
48 1358
28 1442
28 1220
45 1452
47 1080
19 1322
25 1086
36 1131
21 1019
17 1107
37 1401
15 1196
44 1051
20 1352
36 1233
25 1299
15 1009
10 1154
15 1374
41 1497
16 1274
20 1264
28 1314
29 1117
15 1164
35 1495
10 1028
32 1429
42 1206
34 1115
37 1186
25 1343
41 1334
10 1340
31 1453
48 1139
16 1078
21 1274
43 1475
39 1070
28 1465
47 1417
36 1214
40 1275
30 1360
23 1192
46 1096
39 1028
14 1000
29 1219
28 1121
18 1267
14 1342
25 1257
14 1081
19 1097
25 1485
41 1494
39 1139
31 1009
37 1469
38 1078
36 1152
43 1126
45 1070
47 1349
38 1348
29 1350
26 1129
16 1276
25 1485
40 1033
17 1320
42 1049
18 1183
40 1297
36 1012
42 1403
14 1038
18 1244
19 1077
41 1200
44 1093
27 1286
41 1425
39 1415
42 1330
37 1113
45 1463
29 1485
40 1049
24 1462
22 1077
24 1093
39 1305
42 1360
38 1078
31 1404
41 1182
18 1126
19 1075
16 1447
45 1350
17 1345
38 1230
34 1060
45 1194
29 1030
47 1420
33 1298
24 1399
18 1344
11 1081
32 1006
28 1225
19 1346
46 1042
15 1286
33 1189
25 1064
11 1178
31 1438
42 1137
49 1122
13 1494
15 1005
23 1142
37 1377
36 1164
32 1183
18 1291
47 1409
22 1276
11 1197
14 1129
15 1015
19 1074
37 1041
18 1371
41 1372
33 1361
44 1267
32 1228
13 1107
13 1373
30 1121
20 1081
33 1248
40 1332
42 1299
43 1045
44 1133
39 1422
35 1421
15 1326
20 1407
44 1020
26 1065
24 1143
31 1042
20 1333
35 1084
27 1275
46 1049
18 1153
47 1381
22 1154
11 1135
16 1416
38 1381
42 1447
42 1342
43 1122
27 1148
48 1387
46 1421
43 1351
39 1443
33 1421
14 1303
20 1005
47 1228
14 1022
43 1321
19 1212
28 1109
13 1266
48 1396
23 1447
24 1329
30 1254
18 1202
12 1016
25 1474
13 1490
29 1495
29 1156
36 1282
21 1078
30 1028
36 1381
39 1217
43 1228
43 1232
24 1118
16 1065
35 1039
10 1000
31 1104
23 1453
13 1238
19 1049
25 1118
31 1349
26 1125
38 1227
45 1393
39 1497
29 1186
44 1074
40 1188
15 1245
12 1026
16 1498
20 1416
27 1376
43 1253
46 1344
15 1024
48 1325
16 1381
49 1265
34 1377
30 1180
48 1427
13 1204
45 1463
32 1326
45 1085
34 1348
29 1352
30 1263
10 1163
45 1088
16 1348
25 1484
24 1453
30 1234
18 1448
44 1466
39 1179
32 1370
38 1277
31 1049
39 1195
46 1486
25 1026
34 1034
25 1184
13 1220
19 1129
41 1201
46 1171
31 1283
22 1409
38 1367
11 1155
28 1148
13 1031
27 1091
16 1300
32 1336
42 1085
40 1448
11 1032
37 1358
42 1201
42 1231
10 1195
16 1337
38 1312
47 1171
45 1013
32 1120
21 1184
11 1308
25 1260
39 1241
27 1380
37 1283
49 1416
13 1257
16 1184
14 1357
48 1429
21 1089
49 1017
13 1250
29 1155
20 1401
27 1240
23 1447
41 1462
47 1026
20 1399
22 1386
47 1175
12 1179
22 1025
24 1184
16 1230
37 1379
21 1204
28 1183
33 1245
31 1068
38 1191
45 1458
16 1223
49 1263
12 1068
13 1334
44 1126
20 1020
24 1114
22 1450
26 1205
11 1450
39 1136
37 1466
10 1451
33 1211
21 1246
47 1272
47 1429
36 1326
14 1350
12 1110
18 1253
31 1281
23 1146
46 1202
21 1021
45 1416
49 1387
11 1356
35 1295
43 1401
45 1117
18 1177
48 1468
28 1109
45 1488
43 1061
48 1499
33 1022
28 1053
27 1339
17 1419
10 1135
34 1056
22 1381
32 1266
45 1225
26 1240
37 1272
34 1156
38 1374
15 1234
18 1242
33 1407
35 1410
29 1402
41 1224
44 1381
35 1383
38 1303
24 1249
25 1269
12 1268
33 1147
15 1236
41 1163
31 1376
41 1080
40 1221
38 1049
10 1267
45 1188
15 1010
17 1422
48 1027
19 1248
21 1050
45 1266
43 1085
19 1173
17 1054
40 1107
34 1269
48 1381
26 1365
49 1383
30 1172
29 1220
32 1167
35 1301
28 1339
20 1342
46 1085
28 1332
19 1261
33 1137
40 1407
44 1058
38 1447
35 1498
36 1487
32 1456
28 1190
14 1075
33 1246
23 1331
30 1227
21 1326
23 1356
23 1149
44 1168
47 1436
18 1209
21 1311
48 1368
19 1233
41 1240
17 1085
41 1332
43 1193
28 1405
41 1174
42 1421
26 1383
23 1279
10 1313
43 1425
37 1210
30 1468
46 1122
30 1293
35 1292
34 1432
16 1489
37 1363
34 1371
15 1323
32 1165
47 1137
45 1485
47 1386
23 1211
49 1159
32 1293
49 1210
30 1012
46 1275
34 1270
49 1179
15 1440
18 1419
44 1287
14 1442
26 1108
44 1157
15 1468
47 1306
45 1359
14 1031
17 1051
17 1249
30 1089
12 1457
24 1350
28 1295
39 1353
19 1497
13 1218
38 1173
10 1334
11 1146
36 1397
33 1308
20 1043
32 1387
29 1394
15 1190
31 1390
11 1229
44 1452
27 1296
15 1389
34 1013
34 1348
17 1399
48 1082
23 1096
45 1075
28 1126
14 1007
49 1265
45 1434
21 1007
46 1034
35 1188
39 1409
45 1090
37 1232
33 1151
48 1093
32 1479
36 1321
16 1111
15 1426
43 1230
11 1025
27 1092
20 1336
13 1100
21 1166
39 1395
32 1007
43 1381
40 1206
36 1369
30 1376
30 1070
20 1288
24 1391
35 1007
28 1293
39 1009
39 1099
14 1478
37 1115
24 1139
35 1028
29 1236
33 1271
28 1411
34 1148
42 1203
16 1242
20 1327
33 1048
16 1294
10 1245
16 1274
21 1283
27 1404
26 1065
29 1038
46 1066
33 1224
10 1258
44 1479
40 1400
45 1057
38 1191
37 1206
26 1482
14 1242
43 1429
11 1037
33 1352
19 1241
48 1139
33 1301
47 1445
29 1303
34 1118
27 1426
18 1392
32 1432
31 1031
21 1034
46 1007
48 1310
38 1376
21 1250
41 1489
18 1065
15 1051
42 1423
22 1243
34 1014
42 1440
22 1187
34 1373
43 1181
24 1120
37 1461
28 1202
41 1446
24 1094
21 1239
31 1391
16 1045
34 1459
27 1228
49 1096
13 1460
17 1332
12 1153
44 1169
32 1301
37 1449
28 1377
35 1367
32 1201
37 1249
39 1012
24 1447
16 1065
15 1236
40 1373
43 1166
24 1141
43 1094
10 1125
26 1345
26 1191
22 1162
44 1240
44 1129
28 1398
10 1317
42 1247
15 1060
45 1159
47 1423
25 1159
33 1477
25 1347
25 1337
24 1400
11 1059
27 1123
13 1262
21 1236
25 1409
37 1019
14 1236
32 1200
29 1439
28 1325
38 1313
48 1382
27 1477
34 1045
44 1030
15 1256
46 1424
13 1236
20 1228
41 1217
48 1438
29 1079
21 1396
11 1049
34 1344
29 1427
10 1118
27 1095
27 1001
20 1351
17 1395
28 1187
47 1360
27 1241
47 1034
27 1096
19 1016
41 1249
18 1267
44 1263
32 1354
36 1223
19 1457
19 1353
13 1069
40 1315
28 1420
33 1085
24 1432
15 1305
20 1493
35 1201
23 1088
33 1458
46 1258
15 1223
29 1479
41 1135
27 1459
24 1213
20 1230
36 1120
15 1282
10 1461
39 1241
49 1228
32 1267
31 1339
41 1163
47 1097
24 1391
34 1119
17 1125
18 1154
41 1427
46 1146
30 1148
14 1120
26 1267
24 1022
39 1093
29 1331
13 1492
37 1159
42 1448
32 1275
22 1474
30 1146
25 1490
48 1400
14 1230
22 1252
24 1431
38 1372
21 1164
23 1411
14 1123
28 1097
17 1445
19 1190
19 1199
19 1407
13 1153
14 1007
36 1203
25 1493
47 1083
13 1408
33 1300
36 1172
25 1337
42 1078
25 1494
18 1448
37 1350
34 1198
47 1173
22 1461
13 1320
41 1476
40 1124
23 1460
24 1405
35 1152
23 1460
16 1212
16 1015
24 1273
36 1198
44 1077
32 1232
43 1138
49 1181
35 1174
42 1243
46 1094
30 1130
18 1131
15 1154
34 1443
23 1243
47 1472
20 1162
14 1486
15 1012
14 1138
21 1392
37 1267
14 1366
38 1402
25 1169
18 1199
16 1093
29 1160
15 1124
48 1465
21 1015
38 1106
44 1044
44 1399
20 1191
10 1451
37 1100
32 1401
21 1042
45 1002
42 1214
38 1401
33 1404
19 1267
47 1301
31 1455
43 1068
34 1024
21 1036
42 1235
29 1442
21 1279
37 1292
48 1379
12 1424
28 1392
47 1251
24 1031
42 1350
40 1167
24 1359
49 1103
20 1380
30 1042
34 1102
18 1190
15 1085
14 1201
31 1470
13 1000
10 1336
24 1256
13 1084
20 1257
11 1082
26 1419