6000 3500
22 1307
16 1057
37 1305
12 1159
36 1303
10 1059
32 1352
39 1203
13 1022
27 1129
35 1459
16 1187
41 1418
40 1069
44 1433
37 1057
20 1181
46 1324
24 1457
38 1413
11 1147
48 1017
34 1321
31 1028
44 1082
40 1403
45 1476
29 1294
25 1046
35 1109
36 1253
32 1259
30 1134
34 1026
35 1347
18 1292
20 1132
44 1350
15 1458
26 1347
27 1423
26 1028
31 1214
42 1330
47 1041
38 1036
12 1376
34 1453
40 1270
21 1204
48 1367
17 1288
43 1404
47 1414
36 1472
45 1096
23 1266
37 1457
28 1070
27 1479
47 1042
21 1088
42 1014
21 1109
41 1166
45 1284
29 1434
42 1271
38 1249
31 1244
11 1179
39 1093
16 1017
30 1463
18 1049
48 1493
30 1392
39 1463
30 1081
35 1302
22 1496
35 1071
20 1318
25 1160
17 1350
42 1300
12 1288
30 1110
23 1201
38 1017
11 1019
37 1177
10 1160
38 1495
38 1087
33 1057
23 1110
13 1357
35 1007
21 1043
40 1095
48 1000
17 1227
21 1422
47 1469
17 1278
49 1139
24 1121
39 1436
11 1206
10 1169
11 1339
35 1129
29 1122
17 1302
33 1258
33 1168
12 1197
21 1497
30 1032
33 1238
20 1284
43 1254
24 1164
44 1156
22 1414
15 1093
17 1258
21 1397
37 1090
36 1040
34 1042
10 1118
49 1423
20 1042
34 1367
49 1414
13 1280
28 1270
19 1401
35 1162
18 1204
19 1336
26 1141
31 1088
43 1487
18 1335
38 1023
41 1016
29 1118
41 1299
26 1080
49 1409
10 1193
47 1436
20 1300
11 1122
10 1287
16 1402
49 1121
40 1443
26 1162
15 1241
33 1173
43 1224
18 1029
45 1345
40 1258
22 1340
38 1282
25 1339
21 1423
47 1169
43 1434
23 1245
35 1417
14 1125
39 1388
10 1023
13 1318
18 1294
33 1232
34 1261
49 1458
41 1421
22 1321
12 1108
27 1427
42 1314
14 1017
33 1090
26 1043
15 1166
30 1207
15 1445
48 1379
44 1112
37 1285
20 1353
34 1442
12 1138
42 1383
35 1313
48 1093
16 1118
26 1245
15 1082
21 1103
39 1350
44 1292
25 1005
30 1119
26 1354
47 1313
18 1332
23 1499
44 1097
36 1199
33 1372
18 1344
43 1433
16 1029
35 1268
41 1144
45 1180
48 1164
47 1150
26 1485
29 1027
44 1444
47 1179
13 1462
35 1140
33 1041
14 1475
32 1107
22 1265
14 1196
48 1287
45 1161
43 1404
27 1033
39 1452
44 1309
36 1251
34 1275
23 1103
27 1449
38 1479
41 1082
36 1156
34 1319
48 1184
20 1044
49 1222
17 1010
21 1404
36 1041
14 1177
30 1085
45 1125
45 1143
29 1165
36 1306
14 1464
12 1187
28 1341
39 1347
48 1252
22 1065
48 1163
18 1121
34 1105
16 1379
22 1352
20 1020
38 1430
23 1236
24 1125
17 1041
13 1428
45 1146
47 1182
36 1121
25 1217
41 1166
48 1362
40 1294
40 1050
43 1277
15 1242
47 1089
16 1391
28 1464
16 1417
14 1029
41 1321
28 1062
45 1177
31 1023
31 1304
17 1322
31 1332
16 1347
36 1151
42 1147
23 1191
44 1396
29 1315
23 1415
27 1394
40 1241
17 1135
26 1139
34 1386
49 1016
34 1306
33 1003
43 1321
20 1312
47 1004
25 1221
19 1227
49 1232
45 1063
37 1332
42 1357
21 1401
34 1197
36 1371
28 1297
33 1239
25 1118
29 1172
33 1011
43 1355
39 1141
14 1250
20 1182
33 1072
22 1427
34 1181
13 1281
10 1292
33 1311
31 1086
34 1283
42 1351
27 1489
25 1094
35 1080
44 1290
30 1271
11 1199
47 1343
36 1387
45 1220
17 1494
29 1251
29 1051
22 1416
25 1263
37 1218
31 1327
34 1497
20 1035
30 1484
38 1390
44 1125
11 1280
39 1126
47 1002
45 1445
19 1099
26 1087
26 1347
40 1454
47 1168
43 1042
24 1211
49 1135
44 1122
43 1348
21 1184
20 1235
13 1119
23 1061
20 1082
30 1446
38 1291
41 1294
34 1137
42 1477
35 1112
42 1301
23 1125
28 1094
15 1474
35 1409
22 1382
45 1322
28 1419
30 1456
38 1279
26 1218
14 1249
38 1392
35 1153
41 1483
33 1209
43 1365
32 1110
48 1385
28 1000
30 1177
46 1045
20 1404
38 1444
40 1477
30 1485
37 1012
47 1395
12 1110
41 1238
34 1216
28 1098
46 1393
15 1183
11 1296
11 1156
34 1038
20 1006
45 1472
15 1419
36 1028
10 1325
41 1179
42 1323
15 1333
12 1181
31 1264
36 1214
31 1199
41 1340
40 1351
12 1058
21 1131
32 1346
13 1083
30 1418
11 1466
26 1050
49 1367
17 1301
40 1021
13 1325
47 1152
39 1203
21 1253
41 1291
19 1314
13 1425
28 1131
42 1023
21 1376
28 1150
11 1190
48 1296
39 1038
43 1136
34 1292
24 1198
30 1388
24 1346
21 1303
31 1457
35 1012
11 1002
23 1063
13 1343
31 1487
29 1202
48 1352
10 1364
41 1152
19 1387
37 1168
29 1443
10 1046
38 1261
34 1145
29 1480
22 1004
31 1486
19 1329
24 1133
47 1168
28 1478
41 1039
18 1233
11 1304
39 1409
40 1473
36 1100
49 1495
13 1337
12 1291
39 1232
43 1466
31 1077
28 1330
44 1058
47 1034
39 1349
43 1387
32 1487
36 1487
30 1205
45 1202
26 1492
27 1246
32 1412
39 1263
32 1164
15 1492
44 1297
21 1073
25 1029
32 1063
29 1462
35 1468
13 1464
26 1392
13 1120
27 1035
26 1095
20 1179
19 1448
23 1409
34 1244
11 1308
41 1352
19 1008
13 1085
12 1435
12 1166
32 1340
31 1187
40 1383
35 1349
10 1234
17 1128
37 1349
43 1219
44 1313
31 1478
25 1158
13 1125
26 1006
26 1281
28 1148
37 1304
26 1391
38 1468
16 1314
34 1047
40 1077
36 1058
34 1210
23 1179
43 1288
27 1446
14 1286
42 1093
31 1373
28 1082
32 1055
45 1274
11 1208
21 1070
18 1050
43 1418
38 1167
23 1088
14 1344
19 1040
30 1270
25 1124
27 1125
37 1270
27 1115
48 1479
31 1099
14 1461
48 1488
28 1237
12 1083
24 1177
43 1219
21 1112
14 1133
29 1303
12 1182
17 1175
21 1253
36 1245
47 1182
32 1191
24 1469
34 1258
29 1230
24 1094
46 1274
22 1209
45 1204
29 1064
44 1379
18 1386
33 1236
17 1051
38 1068
41 1058
40 1267
28 1147
29 1303
15 1108
16 1413
43 1260
34 1007
43 1096
34 1275
47 1054
25 1450
39 1033
39 1452
31 1466
19 1425
19 1147
20 1375
33 1247
48 1169
19 1287
37 1296
20 1031
23 1010
42 1220
44 1468
32 1145
34 1394
29 1203
36 1409
47 1083
41 1484
12 1148
26 1447
20 1009
26 1433
29 1307
45 1098
30 1296
44 1175
41 1002
42 1466
24 1101
29 1272
19 1117
10 1357
28 1220
29 1447
28 1246
14 1372
16 1122
25 1230
10 1202
22 1028
26 1094
21 1349
22 1422
28 1463
15 1090
25 1064
45 1104
40 1312
17 1282
39 1423
11 1468
30 1471
46 1337
31 1336
45 1151
26 1287
26 1205
18 1219
45 1455
41 1423
28 1117
30 1168
11 1450
16 1285
15 1121
10 1294
38 1361
45 1406
10 1037
22 1085
32 1208
35 1301
45 1303
12 1173
12 1028
24 1412
28 1329
29 1088
13 1444
48 1301
41 1497
17 1022
31 1443
14 1347
15 1461
40 1039
45 1301
36 1227
11 1393
32 1455
11 1343
25 1441
12 1017
11 1060
30 1302
11 1383
13 1095
25 1437
36 1495
15 1393
42 1268
21 1126
35 1385
34 1140
37 1156
29 1186
17 1047
21 1392
25 1319
38 1063
40 1291
39 1460
38 1483
20 1234
20 1243
24 1387
16 1102
48 1465
34 1041
44 1382
49 1365
11 1052
11 1271
35 1194
14 1133
47 1471
40 1463
20 1308
39 1490
42 1093
37 1154
27 1483
22 1063
19 1155
30 1184
34 1067
25 1024
42 1198
47 1251
11 1050
30 1243
19 1356
47 1488
36 1239
44 1457
28 1131
46 1003
40 1339
19 1202
25 1462
41 1017
11 1098
25 1485
30 1333
43 1198
16 1489
39 1497
13 1236
13 1437
36 1333
24 1000
20 1116
10 1217
44 1097
42 1315
31 1059
31 1176
31 1044
16 1384
42 1321
28 1292
34 1383
41 1076
34 1076
33 1478
39 1439
32 1369
17 1465
48 1209
17 1093
13 1460
21 1386
17 1013
18 1058
25 1372
43 1253
34 1157
17 1387
47 1166
41 1315
22 1038
48 1001
42 1482
36 1233
47 1282
23 1185
41 1042
24 1012
45 1031
24 1437
27 1123
37 1179
31 1103
40 1342
41 1443
36 1241
14 1296
15 1282
21 1118
28 1211
27 1176
16 1397
39 1062
28 1058
49 1015
41 1284
14 1327
25 1350
17 1306
39 1369
30 1294
18 1250
31 1236
32 1316
25 1481
14 1275
46 1288
32 1075
15 1364
48 1479
21 1176
42 1153
18 1123
28 1436
20 1474
21 1434
37 1165
46 1000
36 1108
29 1208
38 1326
17 1284
17 1053
19 1038
46 1028
19 1323
41 1367
24 1137
19 1297
43 1354
28 1398
22 1270
14 1121
33 1214
11 1194
12 1492
29 1277
40 1040
35 1348
38 1134
22 1228
32 1272
28 1095
41 1328
42 1080
18 1163
47 1260
26 1341
23 1178
23 1337
13 1317
43 1131
35 1386
19 1008
49 1117
44 1484
39 1487
10 1488
37 1494
29 1104
18 1030
47 1470
40 1395
21 1214
25 1164
30 1445
33 1264
38 1376
47 1413
24 1314
29 1364
19 1009
16 1293
29 1427
18 1236
38 1486
31 1139
38 1048
48 1135
40 1267
11 1253
48 1189
42 1436
28 1460
16 1353
40 1367
34 1024
11 1011
21 1400
11 1186
27 1315
49 1315
16 1085
17 1207
18 1065
40 1084
34 1211
18 1295
37 1019
15 1354
30 1362
20 1023
40 1357
34 1270
19 1475
49 1347
42 1277
15 1029
23 1489
16 1261
39 1049
37 1328
47 1358
10 1448
10 1381
27 1004
41 1354
41 1385
46 1357
47 1375
47 1334
16 1366
49 1210
19 1439
38 1041
26 1455
16 1147
25 1096
12 1165
42 1211
49 1140
44 1382
42 1203
32 1444
15 1372
26 1383
21 1323
13 1115
20 1056
44 1187
12 1362
23 1020
28 1371
17 1040
45 1308
23 1416
18 1431
47 1090
48 1445
45 1150
12 1182
48 1461
28 1124
20 1379
33 1139
45 1452
46 1452
38 1065
16 1464
41 1330
30 1003
21 1240
26 1487
12 1225
13 1000
26 1094
44 1489
24 1155
23 1390
34 1382
23 1252
45 1478
39 1240
20 1145
44 1126
10 1391
23 1058
23 1441
49 1200
37 1204
49 1237
21 1166
40 1486
14 1343
43 1042
20 1123
21 1023
32 1358
13 1477
10 1020
46 1429
20 1366
39 1177
33 1021
37 1107
47 1145
37 1382
48 1279
23 1484
27 1295
13 1193
42 1393
30 1370
36 1236
32 1324
44 1460
25 1090
12 1332
30 1172
19 1230
42 1478
24 1270
14 1048
37 1006
49 1093
43 1265
23 1356
13 1258
25 1100
11 1272
17 1230
17 1479
48 1054
33 1283
14 1132
18 1308
17 1278
16 1258
23 1423
39 1474
18 1056
12 1049
36 1199
16 1383
19 1080
45 1212
48 1455
29 1222
48 1390
15 1201
15 1066
20 1308
17 1000
18 1348
16 1201
33 1122
41 1382
19 1450
20 1023
39 1271
29 1295
47 1261
44 1468
44 1176
24 1354
40 1442
19 1286
23 1069
29 1268
10 1139
48 1355
32 1221
14 1258
28 1182
11 1298
30 1381
35 1487
20 1122
29 1235
23 1055
38 1279
20 1095
49 1164
17 1464
27 1097
48 1133
27 1358
10 1411
47 1234
23 1470
17 1126
35 1349
22 1306
20 1230
37 1457
21 1126
48 1147
24 1435
42 1271
40 1301
24 1355
49 1359
45 1024
49 1315
23 1139
31 1192
19 1419
18 1450
33 1006
34 1381
38 1495
46 1320
41 1300
42 1126
48 1210
16 1291
36 1058
43 1040
21 1272
22 1312
14 1005
16 1127
10 1295
27 1115
29 1149
39 1035
12 1452
42 1267
15 1188
40 1050
28 1348
31 1139
33 1027
13 1137
19 1171
21 1029
49 1391
31 1093
15 1275
14 1478
16 1476
18 1084
12 1377
44 1389
26 1181
45 1076
24 1197
49 1207
37 1362
13 1424
15 1379
10 1042
20 1448
39 1352
37 1008
32 1282
48 1272
42 1275
10 1368
21 1219
13 1173
43 1069
26 1387
46 1350
45 1491
14 1111
28 1315
20 1041
20 1400
20 1273
38 1132
44 1397
19 1361
30 1444
16 1402
22 1222
20 1449
36 1153
13 1116
49 1491
38 1241
42 1270
27 1382
40 1013
43 1341
34 1162
35 1136
38 1149
34 1076
24 1280
48 1081
36 1040
13 1091
23 1417
37 1405
17 1472
22 1450
15 1047
23 1338
13 1249
17 1184
32 1099
49 1035
29 1096
33 1125
47 1402
30 1292
27 1357
48 1420
12 1380
15 1114
44 1060
32 1111
24 1010
22 1149
11 1487
16 1194
30 1228
38 1170
43 1362
30 1412
48 1103
48 1106
43 1063
45 1136
20 1390
25 1127
16 1074
46 1224
17 1296
13 1162
17 1348
47 1104
36 1462
47 1154
21 1462
17 1399
38 1427
19 1395
11 1019
28 1225
31 1319
42 1105
46 1255
16 1078
22 1314
35 1309
47 1332
46 1142
45 1108
33 1243
40 1443
37 1204
34 1449
14 1363
22 1001
16 1058
32 1431
42 1210
19 1248
30 1463
26 1051
35 1400
21 1206
18 1157
18 1470
49 1001
21 1275
29 1443
47 1298
21 1086
11 1287
18 1316
37 1238
12 1314
22 1323
34 1221
19 1493
27 1218
20 1312
34 1047
42 1077
39 1007
31 1006
16 1398
12 1199
13 1033
26 1228
13 1314
18 1461
45 1385
13 1261
22 1057
32 1292
33 1015
27 1281
29 1208
13 1434
35 1162
23 1257
14 1030
14 1371
25 1174
30 1285
14 1142
27 1271
21 1020
42 1070
21 1215
43 1066
24 1042
19 1315
12 1335
34 1343
38 1104
29 1339
26 1488
32 1268
16 1231
17 1008
47 1028
24 1246
46 1444
43 1082
26 1364
14 1131
36 1436
23 1088
37 1280
40 1457
34 1464
22 1144
46 1334
30 1393
41 1001
13 1072
48 1224
32 1172
36 1104
27 1119
19 1230
36 1154
33 1493
37 1436
19 1040
17 1103
14 1389
10 1129
44 1249
38 1381
44 1122
42 1272
28 1330
23 1062
17 1353
20 1232
47 1433
33 1259
21 1333
42 1360
13 1209
11 1351
38 1431
34 1172
19 1435
42 1409
48 1417
38 1248
23 1309
20 1079
36 1204
12 1306
38 1387
27 1468
40 1299
18 1133
12 1382
48 1016
22 1196
35 1190
46 1254
20 1291
43 1227
43 1368
34 1343
31 1033
11 1465
13 1087
26 1033
32 1036
34 1194
40 1362
36 1493
25 1302
11 1089
37 1023
39 1442
25 1364
19 1357
20 1139
40 1096
37 1233
19 1034
12 1410
14 1403
27 1171
26 1439
10 1154
48 1292
18 1466
37 1389
24 1488
28 1271
16 1108
30 1420
39 1001
34 1212
41 1188
33 1265
13 1470
45 1437
40 1472
33 1492
46 1193
39 1396
25 1253
42 1040
47 1333
43 1249
16 1364
10 1490
40 1193
13 1331
36 1101
22 1201
41 1084
25 1499
20 1011
37 1104
35 1286
42 1099
24 1156
28 1228
29 1393
21 1035
32 1375
43 1427
49 1181
46 1408
27 1191
46 1200
22 1368
44 1403
42 1175
28 1201
34 1380
39 1311
12 1346
32 1106
24 1461
41 1402
10 1041
49 1329
36 1358
29 1401
38 1103
44 1253
28 1235
19 1203
36 1405
37 1151
47 1315
17 1158
16 1283
36 1385
36 1298
46 1348
42 1244
30 1423
35 1338
41 1328
43 1285
20 1226
42 1049
32 1091
29 1449
14 1325
18 1413
26 1461
22 1330
40 1330
27 1088
29 1066
20 1254
38 1095
17 1427
48 1281
48 1077
25 1098
35 1215
17 1293
20 1243
28 1109
48 1422
29 1350
35 1116
10 1441
39 1311
26 1320
15 1246
16 1188
15 1056
31 1386
26 1248
43 1483
36 1131
35 1459
39 1115
10 1303
37 1324
33 1400
28 1448
21 1399
34 1237
23 1172
12 1198
17 1346
35 1053
33 1077
30 1239
21 1345
27 1308
13 1114
27 1348
48 1340
29 1267
35 1144
20 1009
23 1402
41 1299
38 1068
45 1471
12 1258
31 1220
11 1291
37 1329
44 1270
39 1422
13 1232
10 1305
18 1463
21 1419
20 1474
11 1429
25 1116
26 1055
38 1231
37 1325
20 1218
21 1351
39 1127
12 1292
39 1276
13 1208
47 1017
27 1106
47 1290
16 1424
48 1301
23 1328
20 1225
39 1031
42 1133
41 1329
40 1081
30 1364
10 1148
14 1314
21 1458
15 1009
32 1064
48 1396
22 1257
32 1363
39 1121
32 1275
39 1245
14 1186
43 1280
27 1312
25 1261
28 1081
17 1392
10 1315
39 1208
38 1496
20 1144
27 1257
18 1197
31 1036
47 1117
23 1372
48 1069
48 1460
39 1091
36 1285
20 1093
43 1340
37 1020
41 1008
24 1206
22 1120
23 1371
45 1499
23 1389
31 1381
30 1433
22 1216
41 1063
38 1055
24 1145
45 1097
12 1359
10 1390
17 1495
10 1475
10 1319
27 1456
27 1409
33 1491
28 1111
40 1032
49 1105
42 1431
24 1320
49 1218
40 1052
46 1121
36 1431
44 1053
13 1423
16 1479
10 1097
33 1083
19 1462
46 1249
31 1265
23 1145
45 1125
21 1405
21 1499
30 1303
16 1348
31 1469
39 1472
17 1031
21 1015
17 1115
20 1218
32 1004
19 1148
34 1212
21 1140
41 1431
13 1479
29 1179
13 1475
31 1159
44 1400
36 1403
40 1445
17 1108
30 1156
25 1012
33 1404
37 1147
27 1084
11 1094
36 1177
39 1337
20 1070
34 1044
27 1372
13 1181
46 1194
33 1119
17 1058
42 1164
23 1064
30 1080
26 1456
19 1038
46 1450
40 1096
18 1088
45 1263
22 1139
23 1317
34 1412
41 1132
38 1072
28 1078
15 1003
42 1170
24 1169
38 1103
24 1275
26 1247
44 1119
30 1470
22 1373
39 1074
36 1282
14 1300
11 1487
37 1423
22 1473
27 1213
42 1239
41 1397
43 1170
10 1248
40 1439
19 1113
26 1115
17 1263
24 1107
40 1278
48 1299
36 1201
31 1188
18 1297
27 1425
21 1329
41 1087
13 1134
42 1117
37 1246
39 1201
27 1474
24 1170
19 1128
11 1383
27 1401
41 1290
23 1128
15 1169
12 1447
27 1381
44 1193
40 1061
14 1135
22 1349
37 1095
12 1186
21 1211
48 1167
19 1165
21 1356
21 1245
33 1210
16 1038
22 1298
25 1357
13 1397
32 1335
27 1456
14 1360
19 1398
23 1388
34 1084
29 1209
37 1283
35 1338
22 1333
36 1361
26 1338
36 1009
13 1472
32 1055
45 1356
13 1477
45 1378
27 1014
20 1048
44 1433
35 1021
28 1355
46 1099
35 1365
21 1488
42 1479
19 1077
43 1169
15 1497
33 1155
31 1244
17 1157
41 1473
25 1107
34 1339
41 1439
13 1435
12 1104
20 1054
18 1247
43 1231
12 1168
32 1012
27 1228
12 1413
18 1462
15 1151
37 1491
15 1077
42 1261
33 1046
45 1349
19 1067
45 1282
31 1366
31 1244
32 1291
25 1195
29 1446
33 1469
26 1357
44 1376
46 1434
18 1183
44 1122
12 1381
17 1108
48 1164
30 1163
11 1458
35 1243
48 1364
27 1209
17 1377
38 1162
47 1245
35 1493
45 1162
10 1228
17 1087
48 1407
22 1235
24 1391
22 1136
21 1214
30 1291
12 1298
23 1261
47 1476
41 1260
14 1417
13 1048
19 1474
19 1106
34 1032
22 1455
47 1090
40 1376
47 1303
36 1455
24 1471
34 1404
49 1165
17 1297
49 1430
28 1002
28 1143
16 1171
33 1151
28 1322
43 1146
26 1247
31 1302
49 1019
24 1387
29 1462
16 1436
15 1002
44 1085
43 1328
42 1298
34 1263
34 1320
21 1451
16 1221
25 1255
40 1269
17 1148
29 1194
17 1133
41 1252
20 1221
11 1322
20 1282
36 1089
49 1107
36 1150
13 1030
46 1402
47 1228
46 1390
33 1057
38 1234
17 1163
25 1420
13 1054
48 1079
13 1443
15 1007
40 1328
45 1382
29 1179
42 1247
17 1288
30 1116
22 1082
10 1300
11 1430
43 1023
32 1329
10 1140
39 1021
23 1311
17 1246
20 1164
19 1488
21 1289
32 1196
20 1064
34 1266
23 1416
48 1175
46 1042
25 1408
28 1091
46 1106
32 1441
21 1318
45 1109
13 1378
11 1484
18 1055
30 1370
17 1056
30 1107
10 1064
48 1021
33 1304
36 1249
37 1411
12 1182
14 1226
46 1370
32 1365
26 1491
28 1340
48 1202
35 1154
13 1266
45 1020
18 1119
17 1292
35 1133
40 1440
28 1241
28 1412
22 1325
34 1429
42 1160
44 1274
48 1425
17 1186
24 1323
29 1022
31 1304
26 1248
34 1331
40 1261
27 1424
47 1246
28 1393
32 1358
24 1058
29 1112
32 1232
24 1277
15 1078
48 1419
26 1346
11 1277
49 1067
41 1467
32 1198
32 1477
17 1226
14 1196
20 1279
39 1021
18 1273
20 1041
27 1384
24 1313
12 1181
39 1125
35 1383
15 1118
29 1257
21 1106
31 1153
15 1332
49 1142
14 1208
43 1113
22 1486
46 1300
40 1428
24 1179
33 1023
37 1215
13 1202
16 1409
29 1443
40 1047
27 1193
25 1163
32 1215
16 1252
26 1473
16 1378
47 1318
37 1446
29 1028
29 1098
45 1385
28 1302
16 1472
25 1497
25 1473
22 1226
23 1040
10 1169
22 1446
49 1159
37 1288
34 1054
48 1295
15 1237
20 1341
24 1359
18 1308
43 1108
42 1231
18 1326
46 1273
36 1298
38 1287
21 1028
47 1127
17 1385
35 1148
46 1314
25 1252
10 1291
24 1095
34 1207
13 1187
25 1261
14 1332
20 1099
25 1027
45 1011
29 1033
19 1221
16 1015
43 1003
22 1472
11 1221
25 1477
45 1421
18 1309
37 1306
24 1264
15 1440
29 1024
33 1153
46 1271
41 1148
33 1407
28 1248
13 1339
28 1158
28 1378
35 1059
34 1366
40 1095
23 1208
10 1486
20 1286
36 1235
18 1123
13 1104
18 1298
30 1278
44 1324
24 1177
42 1361
46 1186
23 1159
49 1386
12 1402
39 1181
43 1070
20 1449
27 1114
14 1171
37 1139
29 1069
32 1472
36 1426
11 1052
20 1009
33 1482
15 1388
15 1219
37 1416
15 1305
42 1081
46 1219
36 1023
17 1187
22 1330
19 1250
11 1227
29 1293
48 1014
46 1245
16 1186
33 1355
16 1386
47 1208
44 1028
12 1296
12 1217
19 1144
14 1327
48 1441
45 1061
35 1273
45 1423
47 1014
16 1339
45 1478
49 1362
19 1184
27 1036
12 1258
13 1021
24 1224
29 1116
17 1125
44 1206
10 1398
44 1490
45 1215
10 1168
35 1302
20 1357
15 1120
13 1257
16 1335
49 1085
14 1300
45 1441
47 1090
44 1235
32 1419
33 1448
10 1044
39 1297
33 1414
12 1195
33 1295
21 1019
21 1423
19 1211
43 1074
46 1187
13 1484
24 1020
37 1383
15 1189
40 1203
41 1101
47 1386
16 1247
47 1498
46 1397
17 1427
24 1218
17 1204
34 1311
27 1471
40 1396
15 1243
30 1340
34 1187
13 1127
33 1300
32 1382
29 1058
21 1132
12 1199
43 1162
41 1125
47 1407
11 1089
31 1420
26 1084
46 1209
30 1221
27 1424
22 1255
11 1350
20 1403
44 1329
20 1148
15 1099
31 1100
27 1295
10 1435
45 1352
14 1481
16 1180
11 1229
45 1000
22 1326
14 1190
39 1188
26 1266
33 1003
21 1030
21 1464
45 1138
12 1034
17 1480
33 1388
14 1355
20 1462
16 1309
17 1471
26 1147
26 1369
43 1345
48 1453
37 1182
31 1471
12 1390
33 1352
20 1132
26 1116
45 1357
20 1093
31 1118
40 1270
28 1295
25 1453
12 1024
49 1057
16 1458
48 1359
18 1438
30 1122
47 1159
13 1491
33 1277
45 1081
35 1216
29 1349
46 1045
46 1004
38 1222
41 1387
14 1076
42 1426
29 1073
27 1047
39 1042
33 1212
24 1026
41 1429
22 1080
41 1182
13 1297
34 1479
31 1152
16 1279
16 1323
36 1209
26 1336
47 1485
12 1365
26 1439
25 1384
39 1416
42 1454
33 1038
15 1115
12 1063
45 1385
13 1364
25 1037
21 1336
19 1133
24 1419
46 1215
11 1391
28 1390
13 1307
20 1391
25 1105
30 1351
45 1283
38 1031
22 1017
13 1107
40 1372
26 1229
41 1241
33 1441
31 1221
43 1236
46 1327
29 1050
14 1305
23 1359
33 1053
25 1402
27 1438
21 1298
15 1075
19 1073
28 1072
19 1422
48 1017
10 1128
37 1164
41 1335
28 1187
12 1380
12 1116
33 1222
27 1144
31 1073
41 1128
20 1395
25 1119
38 1384
18 1354
28 1450
14 1179
23 1390
30 1043
49 1312
39 1219
24 1194
14 1299
19 1489
42 1321
10 1391
47 1368
36 1135
40 1367
36 1218
21 1334
38 1310
27 1136
11 1121
44 1382
21 1352
31 1344
39 1035
15 1344
37 1416
41 1498
16 1111
26 1093
25 1484
34 1320
22 1464
16 1121
25 1205
45 1044
41 1311
27 1372
30 1333
35 1286
35 1019
18 1175
40 1485
47 1410
42 1421
14 1307
37 1495
39 1314
28 1376
29 1226
28 1487
49 1092
29 1025
46 1035
46 1221
15 1438
34 1472
26 1069
26 1476
15 1081
37 1057
38 1284
27 1387
12 1349
11 1490
37 1260
42 1333
41 1430
44 1353
45 1005
36 1152
32 1112
36 1175
10 1423
45 1342
28 1037
33 1474
31 1035
21 1481
32 1076
18 1007
19 1275
30 1061
18 1001
38 1037
25 1024
11 1019
39 1121
31 1034
20 1334
12 1016
20 1174
12 1381
29 1225
47 1025
41 1252
14 1496
25 1428
29 1071
10 1123
26 1461
42 1389
39 1123
10 1386
34 1084
41 1222
25 1362
24 1493
29 1258
46 1369
48 1329
41 1061
19 1429
24 1022
21 1011
33 1342
43 1252
21 1355
46 1428
28 1376
47 1250
49 1206
14 1076
49 1295
43 1263
41 1456
15 1199
41 1241
27 1337
20 1159
31 1080
15 1383
21 1221
24 1427
36 1143
17 1296
32 1028
40 1141
49 1164
35 1260
32 1396
38 1357
41 1446
28 1139
46 1212
12 1157
22 1339
21 1415
32 1186
29 1009
42 1454
37 1194
19 1096
31 1388
30 1159
36 1441
26 1466
24 1431
47 1004
47 1126
31 1358
34 1177
41 1418
41 1497
17 1111
11 1474
22 1292
46 1387
20 1307
48 1353
41 1450
31 1345
47 1100
23 1497
44 1158
15 1492
28 1353
42 1212
22 1135
41 1122
15 1262
41 1210
24 1198
27 1228
19 1051
18 1451
47 1069
13 1250
38 1390
13 1417
23 1192
27 1482
39 1352
29 1055
24 1192
37 1165
25 1218
18 1423
43 1436
45 1159
13 1169
28 1203
34 1256
44 1276
23 1440
30 1398
29 1150
10 1456
45 1447
17 1048
23 1298
11 1384
35 1402
29 1498
49 1125
48 1286
28 1040
46 1301
26 1059
47 1069
16 1244
22 1444
15 1249
42 1132
20 1219
12 1202
10 1212
45 1326
49 1224
22 1302
31 1198
18 1062
35 1193
36 1360
43 1026
20 1374
12 1426
42 1165
14 1021
48 1279
12 1048
46 1197
21 1474
23 1399
45 1056
39 1268
26 1085
38 1185
49 1409
12 1444
27 1340
11 1262
22 1474
29 1440
30 1011
32 1270
44 1360
16 1448
24 1131
25 1177
41 1092
46 1221
37 1146
21 1038
39 1090
22 1301
45 1168
45 1109
15 1007
39 1346
16 1341
20 1437
25 1254
15 1227
20 1449
32 1221
21 1380
34 1260
27 1165
23 1446
40 1284
34 1463
17 1283
37 1241
21 1221
43 1409
46 1003
39 1378
30 1153
10 1173
31 1411
25 1327
20 1342
47 1002
42 1045
24 1437
40 1370
30 1033
27 1227
34 1230
30 1443
29 1163
17 1485
37 1058
33 1226
21 1323
15 1045
27 1037
34 1455
18 1197
30 1468
35 1180
16 1124
14 1206
36 1365
24 1176
40 1187
10 1227
20 1264
28 1391
18 1305
29 1261
19 1260
19 1348
14 1382
26 1255
28 1321
45 1220
37 1487
30 1161
11 1440
39 1184
38 1005
16 1264
28 1242
13 1089
27 1154
19 1334
45 1048
13 1264
14 1026
48 1272
32 1020
21 1134
37 1142
49 1024
33 1260
48 1432
30 1139
24 1156
47 1016
26 1113
48 1289
37 1324
41 1248
27 1054
11 1289
23 1064
15 1459
32 1172
41 1266
44 1104
42 1112
37 1227
18 1333
31 1313
17 1079
23 1208
10 1392
31 1476
28 1485
39 1276
42 1127
26 1130
29 1282
47 1396
44 1182
46 1162
40 1164
13 1406
37 1119
49 1457
36 1480
43 1125
45 1286
46 1186
42 1199
44 1010
34 1015
23 1313
37 1100
43 1287
45 1406
25 1144
13 1479
22 1479
10 1273
40 1102
12 1176
49 1075
11 1205
46 1425
30 1285
46 1147
14 1175
34 1028
35 1338
13 1053
43 1135
30 1466
48 1260
38 1228
14 1261
47 1151
43 1184
20 1265
26 1287
21 1109
49 1129
43 1229
32 1073
18 1355
40 1219
43 1125
19 1326
22 1206
20 1354
22 1338
49 1234
38 1479
26 1469
18 1137
47 1222
26 1210
33 1262
10 1271
18 1401
44 1229
38 1036
33 1313
11 1470
38 1478
38 1224
20 1114
39 1232
27 1326
11 1052
31 1032
25 1061
48 1444
36 1146
44 1492
14 1214
25 1382
30 1456
28 1399
35 1284
48 1311
11 1122
24 1366
31 1387
36 1108
27 1398
32 1336
34 1025
14 1418
20 1311
18 1200
13 1295
23 1204
46 1383
11 1247
13 1270
35 1469
12 1445
14 1427
29 1140
39 1188
22 1191
17 1113
37 1032
22 1072
31 1473
41 1080
24 1359
29 1437
24 1178
28 1262
32 1168
43 1460
43 1352
26 1126
36 1050
11 1314
46 1447
14 1469
18 1353
41 1097
45 1244
19 1336
40 1108
19 1484
20 1293
17 1460
30 1114
42 1110
35 1073
28 1415
33 1465
38 1248
43 1426
43 1335
32 1244
37 1387
23 1208
14 1179
26 1035
36 1417
47 1013
24 1215
40 1013
13 1108
35 1471
26 1248
10 1024
45 1052
37 1209
33 1456
47 1434
26 1240
10 1150
44 1205
16 1490
15 1222
28 1440
29 1321
35 1278
37 1230
38 1380
33 1395
39 1229
42 1204
37 1206
43 1088
15 1073
49 1380
32 1303
30 1078
20 1376
45 1447
32 1144
45 1300
16 1184
36 1476
47 1478
32 1444
29 1020
16 1005
44 1493
10 1020
11 1318
38 1489
48 1290
12 1246
20 1438
47 1326
26 1376
20 1127
44 1444
28 1462
13 1427
27 1472
46 1317
42 1322
12 1218
20 1487
40 1166
27 1021
33 1359
32 1333
44 1366
15 1380
29 1336
26 1071
18 1171
33 1395
39 1371
10 1210
39 1196
49 1256
33 1202
49 1369
40 1235
46 1184
33 1078
13 1435
36 1095
19 1018
10 1385
23 1086
24 1337
31 1372
28 1479
29 1053
24 1322
30 1168
43 1125
28 1016
13 1311
13 1464
29 1276
18 1202
40 1345
37 1195
12 1100
15 1460
24 1036
49 1245
37 1127
42 1380
46 1468
32 1289
17 1010
34 1112
42 1341
47 1435
42 1234
40 1400
46 1193
22 1026
44 1478
32 1365
17 1006
42 1004
31 1146
23 1181
42 1365
19 1233
34 1221
21 1383
24 1228
27 1008
21 1189
10 1320
22 1463
26 1465
22 1008
40 1022
25 1330
13 1105
49 1311
19 1282
39 1448
23 1489
28 1126
44 1282
49 1126
25 1383
21 1343
48 1430
11 1287
37 1114
40 1065
21 1302
27 1376
48 1048
22 1043
21 1371
45 1308
35 1289
27 1259
36 1056
43 1169
17 1125
16 1334
29 1191
41 1487
28 1344
46 1006
11 1468
34 1038
29 1310
22 1368
35 1176
44 1302
23 1176
13 1393
10 1427
25 1363
27 1414
30 1109
29 1055
40 1460
10 1209
10 1199
36 1245
13 1077
12 1228
34 1176
28 1225
36 1291
36 1249
28 1223
39 1207
41 1358
33 1391
23 1061
29 1071
12 1203
14 1410
36 1084
28 1027
40 1194
30 1049
45 1418
39 1374
49 1280
28 1147
23 1336
27 1187
15 1249
43 1162
29 1459
17 1375
42 1206
42 1245
29 1142
35 1041
30 1078
43 1219
30 1126
16 1496
33 1044
46 1235
21 1356
20 1479
47 1487
30 1452
18 1206
35 1240
12 1466
18 1109
20 1498
10 1267
43 1387
18 1347
31 1486
49 1208
17 1142
30 1446
35 1399
40 1387
42 1460
37 1296
46 1092
29 1391
12 1098
22 1382
46 1088
36 1086
13 1335
39 1118
18 1461
31 1249
39 1052
39 1348
14 1075
21 1094
39 1481
46 1189
31 1204
42 1251
39 1427
33 1374
14 1249
35 1111
25 1459
48 1364
15 1252
42 1465
40 1151
36 1090
40 1499
26 1081
43 1341
25 1284
45 1190
35 1375
28 1386
30 1168
28 1277
14 1490
13 1379
36 1165
34 1207
26 1497
24 1039
20 1218
26 1360
33 1209
23 1267
36 1210
29 1179
35 1015
11 1486
34 1247
31 1255
37 1446
35 1195
17 1289
22 1399
18 1233
20 1241
15 1175
15 1016
49 1056
35 1255
20 1098
15 1238
41 1328
32 1313
33 1105
25 1472
19 1407
38 1488
11 1068
42 1369
23 1174
41 1234
34 1358
28 1096
28 1279
14 1137
33 1248
33 1087
49 1341
15 1028
22 1173
19 1161
44 1084
36 1456
32 1428
17 1296
49 1004
36 1335
44 1128
12 1075
18 1230
18 1162
48 1125
35 1406
38 1458
39 1330
20 1373
13 1277
12 1220
27 1322
10 1099
46 1062
11 1162
15 1205
43 1349
24 1049
22 1170
29 1147
15 1209
13 1395
22 1211
28 1251
49 1116
30 1153
18 1468
34 1367
19 1261
39 1418
30 1284
26 1012
25 1013
10 1203
19 1341
36 1448
16 1474
16 1408
29 1186
24 1141
22 1171
49 1476
28 1429
26 1020
32 1293
13 1134
29 1394
31 1162
42 1049
41 1208
44 1292
30 1141
40 1464
24 1100
44 1319
19 1042
38 1196
10 1089
17 1034
41 1458
48 1263
11 1460
20 1300
11 1372
30 1122
22 1221
45 1434
25 1434
22 1267
16 1196
46 1055
18 1228
40 1161
49 1180
13 1429
42 1101
46 1192
25 1247
41 1262
44 1257
40 1483
18 1485
40 1495
41 1148
31 1335
49 1252
26 1348
46 1176
18 1000
42 1361
21 1111
35 1365
38 1379
14 1274
40 1031
42 1178
41 1398
16 1402
33 1425
38 1476
16 1389
26 1343
20 1019
47 1298
31 1353
15 1187
32 1070
24 1218
22 1213
29 1333
41 1051
11 1316
14 1381
26 1067
36 1450
10 1418
34 1441
22 1392
43 1252
38 1204
35 1089
28 1163
49 1178
40 1463
49 1233
21 1013
20 1234
44 1409
11 1148
30 1441
17 1052
48 1186
15 1278
38 1392
27 1423
40 1288
29 1103
28 1118
44 1309
44 1333
13 1493
36 1398
13 1326
45 1307
33 1392
44 1498
20 1478
46 1080
48 1081
46 1420
45 1194
19 1247
14 1218
11 1204
49 1232
36 1379
20 1165
30 1065
24 1122
32 1391
48 1319
29 1144
16 1325
37 1053
44 1423
29 1265
17 1247
27 1003
29 1261
30 1047
28 1213
14 1096
40 1035
39 1326
29 1283
21 1345
41 1016
34 1488
27 1239
44 1330
30 1322
31 1105
20 1143
27 1423
18 1376
48 1259
10 1101
31 1260
11 1159
34 1169
27 1406
27 1264
46 1481
13 1433
42 1385
20 1192
40 1133
19 1338
29 1156
45 1139
33 1293
18 1485
12 1338
41 1405
39 1040
19 1050
35 1129
26 1228
22 1224
35 1304
10 1010
37 1261
31 1135
34 1165
38 1386
22 1285
10 1181
48 1076
15 1257
22 1272
38 1414
26 1118
46 1185
17 1368
41 1038
29 1398
14 1427
27 1267
12 1109
47 1075
45 1307
47 1387
21 1011
47 1118
24 1134
23 1012
10 1251
24 1132
19 1318
20 1257
23 1259
41 1194
10 1286
47 1349
25 1071
29 1466
49 1321
36 1285
19 1302
12 1355
20 1039
42 1229
37 1185
38 1473
15 1496
29 1403
43 1324
47 1198
19 1451
17 1416
27 1087
36 1194
43 1018
35 1121
29 1214
22 1299
25 1419
40 1054
44 1259
41 1005
12 1434
44 1137
47 1111
27 1454
49 1109
33 1187
23 1140
39 1175
35 1207
41 1019
21 1106
37 1073
11 1278
41 1246
47 1424
19 1117
16 1378
47 1221
15 1187
20 1304
46 1432
47 1256
12 1124
40 1368
18 1130
13 1055
17 1150
35 1240
13 1085
47 1355
24 1003
49 1272
32 1247
39 1225
48 1075
27 1367
34 1223
23 1099
32 1210
19 1483
26 1021
47 1337
34 1043
26 1269
44 1092
43 1470
39 1399
20 1321
31 1498
41 1359
45 1399
40 1415
33 1136
42 1171
13 1311
17 1067
47 1239
35 1171
40 1265
21 1009
46 1193
25 1333
13 1238
30 1222
19 1419
39 1053
20 1137
10 1257
17 1385
15 1047
43 1498
31 1188
41 1199
40 1323
19 1234
19 1339
11 1121
17 1159
35 1306
26 1142
31 1264
30 1200
30 1288
20 1065
12 1476
48 1282
48 1067
12 1210
10 1083
46 1012
46 1007
25 1410
24 1464
48 1340
42 1162
15 1403
23 1425
38 1227
32 1230
38 1383
25 1370
48 1193
42 1212
19 1100
46 1321
32 1139
25 1403
40 1397
41 1217
18 1024
17 1161
27 1225
35 1024
15 1328
25 1244
31 1012
34 1034
39 1308
10 1205
32 1108
12 1011
12 1448
28 1276
17 1167
19 1114
39 1147
16 1061
31 1197
17 1492
29 1471
45 1222
40 1316
31 1280
44 1130
10 1151
30 1433
42 1286
10 1326
12 1352
12 1204
19 1016
19 1278
24 1400
27 1449
36 1233
31 1168
21 1453
14 1032
37 1102
22 1452
20 1022
24 1283
30 1454
37 1346
16 1387
49 1411
28 1493
26 1081
26 1468
17 1146
21 1373
25 1178
16 1365
44 1006
44 1118
27 1441
33 1168
15 1055
40 1226
46 1328
23 1383
21 1116
12 1343
26 1422
11 1304
47 1054
24 1475
48 1145
12 1359
46 1422
45 1313
10 1407
27 1431
15 1372
28 1009
31 1137
46 1438
36 1049
15 1381
46 1459
30 1091
45 1488
25 1141
43 1360
11 1269
48 1074
25 1153
49 1409
43 1125
20 1284
14 1311
49 1081
29 1067
21 1087
43 1490
21 1454
34 1122
44 1270
31 1013
41 1103
12 1216
29 1245
24 1151
25 1314
39 1320
21 1478
48 1492
33 1002
37 1466
12 1016
16 1023
26 1087
40 1320
30 1037
32 1022
21 1110
39 1077
22 1207
34 1144
23 1276
20 1028
47 1496
33 1434
45 1424
28 1418
47 1432
43 1286
20 1070
16 1221
33 1112
27 1387
29 1120
12 1065
18 1035
41 1349
41 1485
15 1158
31 1308
15 1371
37 1011
44 1018
40 1075
19 1382
37 1494
11 1269
29 1044
38 1179
14 1113
48 1129
46 1244
36 1315
21 1118
20 1388
25 1378
40 1001
19 1445
37 1490
24 1421
33 1209
41 1038
23 1011
29 1180
39 1005
42 1167
43 1489
12 1121
10 1199
34 1197
19 1215
39 1026
25 1035
14 1405
44 1365
16 1099
46 1132
13 1189
34 1347
45 1318
47 1453
19 1249
42 1484
42 1389
18 1259
19 1056
38 1292
20 1251
21 1435
40 1381
11 1162
15 1296
38 1391
20 1482
14 1138
23 1492
21 1058
29 1034
12 1441
45 1002
22 1040
20 1326
19 1007
40 1358
39 1365
21 1174
10 1183
36 1478
37 1034
49 1000
27 1304
20 1371
41 1397
22 1071
15 1164
13 1123
12 1350
25 1047
15 1252
38 1214
45 1056
38 1464
28 1497
11 1422
26 1403
45 1437
21 1274
27 1266
41 1153
31 1170
24 1180
47 1112
25 1002
28 1211
41 1261
21 1305
21 1059
19 1430
14 1486
44 1400
27 1162
24 1266
27 1184
42 1105
33 1267
35 1478
17 1020
34 1175
19 1232
43 1191
46 1410
33 1186
39 1423
21 1108
47 1099
25 1110
22 1492
10 1258
12 1173
20 1304
37 1477
15 1258
31 1023
37 1432
13 1033
49 1489
24 1184
38 1057
13 1128
43 1117
14 1394
28 1493
11 1024
24 1297
49 1003
15 1209
14 1079
27 1089
26 1248
25 1427
15 1101
15 1220
29 1035
14 1006
40 1460
45 1193
11 1445
31 1185
47 1466
31 1012
44 1068
46 1272
37 1470
49 1383
44 1013
12 1396
49 1371
45 1201
24 1037
18 1008
21 1060
35 1404
14 1005
19 1412
47 1425
16 1318
31 1412
16 1157
45 1015
27 1030
23 1438
19 1107
10 1157
36 1385
15 1312
17 1209
15 1127
38 1019
25 1171
48 1212
27 1263
36 1341
11 1353
43 1282
32 1421
14 1322
45 1153
37 1149
30 1123
45 1274
46 1386
21 1253
47 1255
32 1383
26 1186
19 1452
44 1177
46 1265
21 1237
18 1232
23 1462
13 1348
31 1162
16 1460
39 1104
46 1172
25 1242
29 1076
46 1398
31 1231
23 1351
29 1314
14 1004
28 1238
16 1185
46 1171
42 1237
33 1348
36 1056
18 1071
29 1018
44 1487
24 1472
49 1248
18 1450
20 1497
22 1460
42 1184
15 1165
19 1376
28 1204
31 1412
49 1118
39 1002
17 1392
13 1395
31 1262
26 1281
34 1073
48 1460
44 1161
45 1471
46 1265
40 1471
41 1139
21 1380
38 1049
38 1191
28 1280
18 1257
38 1403
11 1059
29 1474
27 1075
16 1293
27 1440
32 1295
23 1421
44 1169
29 1291
30 1099
29 1062
17 1369
21 1356
11 1497
33 1176
43 1409
43 1243
24 1121
33 1489
13 1263
30 1473
35 1313
41 1111
40 1499
22 1081
21 1045
20 1388
14 1065
39 1031
35 1491
12 1134
14 1340
36 1444
31 1136
31 1427
18 1163
23 1014
47 1347
27 1119
15 1362
19 1451
47 1083
27 1424
21 1026
43 1064
46 1212
20 1369
25 1366
31 1139
44 1465
30 1049
31 1370
28 1198
28 1254
36 1474
33 1423
41 1457
29 1464
28 1180
45 1361
49 1076
35 1387
30 1092
35 1100
29 1164
37 1108
21 1106
27 1032
49 1036
24 1354
20 1005
15 1423
12 1029
44 1348
40 1497
30 1165
11 1425
35 1020
43 1252
44 1088
37 1242
46 1213
46 1043
32 1147
25 1422
13 1388
19 1156
31 1494
11 1063
40 1218
47 1302
30 1239
17 1361
40 1334
43 1491
18 1336
14 1280
45 1452
38 1398
39 1297
45 1081
28 1096
20 1422
16 1326
44 1381
47 1223
30 1243
26 1027
16 1029
43 1103
17 1138
43 1125
39 1096
27 1249
44 1329
27 1262
33 1255
32 1222
17 1212
43 1403
36 1309
29 1270
33 1342
49 1488
41 1346
47 1465
40 1169
34 1166
41 1405
21 1304
29 1200
11 1064
37 1455
40 1159
31 1118
27 1201
29 1268
28 1363
34 1485
42 1087
38 1378
29 1112
45 1087
10 1068
42 1322
35 1174
36 1044
24 1407
44 1485
47 1340
36 1070
22 1108
39 1159
13 1201
46 1468
35 1350
34 1403
29 1393
32 1470
45 1375
20 1024
23 1456
36 1318
31 1040
15 1103
32 1266
14 1185
16 1204
42 1453
46 1048
26 1049
12 1215
41 1036
28 1110
37 1475
27 1497
22 1211
27 1443
17 1174
11 1446
40 1078
34 1159
44 1457
21 1357
43 1227
29 1426
41 1035
25 1002
12 1107
23 1416
13 1283
12 1495
39 1316
39 1349
40 1261
18 1000
36 1160
15 1017
30 1458
33 1301
47 1020
23 1063
35 1479
49 1016
36 1341
17 1286
31 1163
35 1386
48 1460
18 1351
19 1379
34 1188
37 1410
32 1194
20 1143
29 1021
35 1436
48 1115
34 1075
17 1325
35 1480
20 1451
42 1192
15 1170
28 1291
29 1245
22 1033
10 1305
14 1462
26 1366
15 1412
39 1216
36 1119
14 1116
33 1015
17 1236
38 1423
15 1256
24 1032
23 1204
17 1472
15 1219
31 1083
29 1328
32 1088
16 1138
16 1218
37 1343
14 1477
28 1367
15 1323
30 1001
40 1169
15 1419
20 1330
27 1189
37 1435
13 1192
33 1218
19 1126
29 1012
42 1117
28 1235
27 1149
13 1006
34 1201
39 1349
45 1169
19 1221
11 1406
31 1347
32 1374
27 1239
40 1419
26 1004
33 1382
31 1223
16 1433
19 1193
22 1349
46 1417
15 1446
25 1322
14 1002
46 1233
16 1469
25 1195
12 1067
14 1306
49 1411
39 1241
43 1269
39 1251
37 1472
13 1318
39 1008
47 1004
29 1051
30 1054
49 1000
10 1077
33 1123
16 1335
34 1421
34 1197
41 1158
29 1414
14 1062
43 1345
37 1322
36 1381
29 1471
22 1152
23 1101
49 1305
20 1497
20 1089
26 1305
49 1199
11 1470
30 1096
17 1268
16 1034
30 1343
20 1013
29 1255
21 1404
24 1100
49 1395
20 1385
25 1238
14 1224
40 1438
31 1023
38 1049
35 1231
41 1138
49 1257
35 1300
44 1469
32 1045
12 1209
25 1310
17 1358
47 1057
30 1086
34 1064
24 1274
28 1110
17 1387
21 1192
28 1123
11 1296
44 1309
48 1370
48 1150
38 1477
46 1213
14 1289
34 1035
18 1253
14 1396
30 1345
31 1116
49 1472
38 1065
19 1472
35 1489
18 1264
34 1057
30 1203
10 1042
33 1165
42 1468
47 1049
39 1261
46 1094
14 1215
25 1340
31 1286
23 1044
23 1159
19 1024
15 1327
36 1192
10 1472
37 1199
16 1428
42 1160
38 1338
29 1238
18 1010
22 1260
13 1465
25 1424
25 1289
27 1091
31 1111
44 1252
27 1468
39 1146
14 1010
25 1078
46 1258
15 1473
22 1264
16 1465
12 1315
44 1387
43 1385
47 1484
12 1349
21 1434
33 1419
48 1386
23 1269
47 1205
17 1250
48 1359
34 1198
11 1279
35 1455
41 1335
14 1458
41 1010
22 1280
34 1395
16 1072
41 1171
40 1110
48 1067
24 1064
40 1211
38 1303
30 1351
32 1269
14 1046
34 1144
15 1022
40 1438
46 1162
31 1062
17 1302
47 1218
20 1080
40 1083
26 1394
24 1423
45 1456
43 1148
40 1315
38 1098
11 1034
19 1274
19 1304
25 1310
47 1025
15 1418
28 1047
41 1280
16 1076
42 1152
46 1125
39 1023
34 1183
17 1051
21 1219
18 1382
32 1061
42 1366
12 1115
30 1369
25 1473
12 1112
15 1121
26 1290
47 1202
37 1174
26 1206
23 1322
13 1213
33 1062
33 1104
11 1028
37 1369
30 1391
34 1235
41 1409
38 1476
23 1354
25 1493
29 1490
15 1355
27 1002
11 1428
10 1254
39 1472
21 1466
34 1436
49 1086
24 1194
24 1170
28 1171
49 1138
43 1453
13 1486
25 1074
15 1169
14 1206
46 1355
18 1305
48 1122
22 1138
24 1005
20 1267
48 1263
44 1109
37 1307
39 1323
17 1061
24 1184
16 1069
22 1138
43 1221
44 1119
45 1391
25 1411
48 1068
42 1334
41 1165
39 1400
27 1437
21 1051
12 1021
43 1279
39 1308
27 1275
27 1321
35 1388
20 1475
47 1047
29 1327
32 1256
42 1391
15 1478
23 1366
37 1316
24 1159
21 1020
43 1354
40 1083
43 1080
30 1045
13 1270
44 1454
26 1032
28 1432
44 1217
32 1476
41 1179
35 1400
23 1254
20 1446
43 1046
45 1172
14 1074
34 1477
44 1365
39 1418
44 1468
20 1264
14 1478
15 1307
35 1482
34 1369
13 1119
15 1367
31 1495
44 1484
29 1335
21 1477
31 1193
12 1089
15 1418
20 1052
46 1056
25 1064
15 1463
18 1262
20 1199
28 1298
34 1135
27 1172
45 1333
28 1459
23 1042
14 1166
46 1416
36 1123
15 1172
36 1497
28 1231
19 1109
28 1013
26 1413
39 1247
41 1444
33 1164
36 1154
35 1076
41 1384
41 1097
28 1115
49 1080
12 1177
37 1029
16 1452
43 1335
17 1257
29 1279
26 1438
35 1264
19 1179
38 1159
44 1051
35 1247
49 1086
47 1348
34 1443
12 1121
44 1321
48 1131
45 1047
33 1042
39 1462
42 1432
23 1170
42 1420
37 1181
37 1461
44 1346
34 1223
27 1065
47 1064
17 1344
17 1413
33 1176
21 1083
14 1218
15 1364
20 1486
12 1050
34 1314
46 1404
35 1212
19 1316
35 1400
19 1246
32 1033
33 1426
35 1046
38 1255
23 1486
46 1178
15 1279
49 1370
38 1357
48 1273
39 1158
16 1085
43 1320
47 1495
12 1259
28 1145
19 1339
35 1387
43 1092
21 1213
18 1129
18 1079
27 1094
27 1248
39 1347
33 1262
49 1105
24 1126
34 1111
18 1211
32 1123
19 1495
12 1492
36 1013
38 1067
19 1329
28 1421
21 1107
39 1052
13 1476
44 1393
45 1304
10 1171
25 1335
48 1114
41 1065
25 1031
26 1434
10 1475
30 1382
42 1239
16 1228
12 1242
35 1181
19 1375
23 1471
10 1474
32 1082
42 1453
10 1002
25 1128
41 1036
48 1357
29 1434
10 1033
42 1259
48 1029
45 1485
11 1405
40 1097
46 1294
10 1151
29 1319
20 1078
34 1403
31 1295
13 1002
49 1494
10 1347
16 1441
30 1021
39 1339
23 1431
33 1030
33 1331
26 1178
22 1418
35 1445
22 1182
44 1347
40 1113
24 1367
39 1072
34 1059
21 1337
13 1058
29 1414
29 1455
20 1109
43 1495
36 1263
42 1462
41 1474
17 1463
29 1492
26 1211
45 1205
23 1348
16 1286
32 1092
20 1075
28 1036
49 1044
10 1054
34 1344
33 1217
44 1068
44 1392
32 1144
34 1036
35 1332
19 1366
48 1260
28 1155
39 1172
35 1479
25 1439
14 1183
19 1170
20 1102
48 1185
27 1092
24 1414
37 1395
37 1402
26 1332
17 1118
49 1338
23 1066
25 1027
23 1344
24 1472
20 1329
23 1479
25 1396
28 1116
47 1249
37 1375
34 1091
17 1117
21 1127
30 1058
25 1197
27 1261
47 1479
31 1268
21 1001
35 1435
23 1143
28 1028
44 1446
20 1261
15 1486
43 1216
33 1193
23 1190
14 1234
35 1323
41 1131
12 1297
45 1198
18 1321
29 1365
22 1376
15 1212
10 1035
43 1088
14 1267
43 1124
48 1464
34 1030
35 1036
43 1308
26 1450
17 1103
47 1256
20 1334
36 1374
25 1481
46 1412
44 1059
19 1159
30 1368
33 1411
30 1175
13 1150
44 1474
47 1251
47 1179
13 1196
39 1358
43 1001
25 1399
23 1454
24 1023
33 1076
15 1214
47 1053
38 1286
30 1038
38 1474
19 1409
18 1360
44 1045
15 1219
21 1127
17 1414
30 1045
26 1026
38 1408
40 1470
11 1269
17 1487
12 1482
35 1383
13 1449
49 1372
25 1041
33 1148
26 1098
41 1264
37 1325
37 1151
14 1096
36 1346
48 1416
19 1482
12 1317
37 1109
24 1000
47 1163
34 1071
27 1225
33 1430
16 1094
16 1453
33 1366
20 1374
21 1449
14 1100
21 1299
22 1096
38 1483
48 1257
13 1384
18 1395
32 1462
38 1276
43 1482
26 1431
34 1044
45 1231
11 1154
34 1041
13 1289
48 1450
10 1146
10 1150
15 1072
16 1281
22 1093
26 1092
34 1482
25 1144
40 1473
30 1156
49 1457
17 1246
31 1065
13 1444
25 1268
37 1303
22 1497
47 1355
42 1106
26 1185
13 1159
12 1311
16 1434
49 1120
47 1389
44 1044
26 1236
36 1149
43 1115
22 1093
30 1284
34 1105
10 1430
41 1344
22 1310
16 1116
28 1150
11 1210
44 1106
19 1352
38 1039
36 1479
34 1128
11 1366
44 1348
23 1454
14 1041
43 1276
35 1157
36 1126
47 1067
40 1110
37 1113
28 1040
21 1212
25 1296
11 1452
41 1064
39 1375
30 1236
34 1262
40 1297
47 1438
39 1459
35 1000
38 1283
35 1451
23 1263
19 1295
45 1497
39 1449
27 1486
39 1487
26 1052
29 1369
20 1398
30 1065
25 1444
32 1141
25 1368
11 1322
13 1251
20 1063
23 1460
43 1046
12 1192
48 1061
46 1443
38 1488
31 1466
20 1455
11 1217
42 1031
36 1430
48 1433
35 1475
34 1051
16 1106
47 1078
13 1483
33 1304
23 1017
27 1402
25 1160
40 1373
47 1464
34 1277
21 1327
25 1096
42 1116
21 1006
11 1157
31 1155
16 1291
39 1113
22 1493
29 1161
19 1172
29 1424
14 1090
34 1175
40 1444
42 1499
24 1269
27 1199
29 1147
48 1362
40 1385
36 1195
16 1494
40 1230
27 1163
25 1455
45 1373
19 1228
46 1292
16 1143
44 1072
49 1095
12 1357
21 1182
37 1384
30 1035
47 1178
49 1378
39 1367
43 1119
45 1268
38 1435
15 1278
40 1077
29 1482
27 1146
16 1119
12 1050
34 1418
33 1112
40 1116
15 1391
18 1485
12 1170
45 1208
36 1261
33 1099
32 1239
41 1230
16 1106
30 1043
10 1322
42 1146
49 1131
42 1152
24 1278
45 1444
33 1306
12 1054
32 1275
35 1215
25 1401
27 1153
37 1193
19 1426
37 1114
42 1108
16 1049
28 1085
33 1339
37 1425
28 1033
46 1382
23 1381
49 1282
11 1092
25 1463
35 1179
16 1207
11 1347
40 1230
47 1412
26 1095
29 1337
19 1332
38 1123
26 1200
10 1329
28 1253
47 1369
19 1228
44 1040
15 1094
40 1405
13 1431
39 1344
37 1067
29 1465
23 1228
49 1276
38 1401
40 1252
21 1223
10 1374
28 1493
22 1200
31 1322
27 1196
11 1288
13 1339
42 1061
25 1334
33 1082
26 1030
38 1489
19 1476
35 1209
20 1340
42 1321
22 1392
39 1058
31 1137
29 1145
38 1106
41 1277
33 1136
18 1000
11 1497
20 1454
43 1010
39 1376
43 1044
32 1233
24 1021
15 1401
22 1020
24 1026
28 1357
19 1019
12 1090
34 1357
43 1054
48 1479
12 1156
35 1286
22 1065
12 1208
25 1208
32 1160
41 1021
37 1139
33 1457
22 1490
49 1005
10 1168
44 1046
31 1095
33 1131
18 1399
38 1119
15 1442
44 1239
13 1412
25 1476
46 1148
23 1353
39 1254
16 1133
33 1250
22 1468
46 1213
42 1303
11 1432
28 1337
46 1456
30 1200
20 1276
17 1365
12 1449
33 1253
48 1104
21 1224
29 1427
25 1181
47 1045
17 1105
21 1263
41 1073
16 1047
31 1468
24 1216
42 1325
23 1437
16 1354
24 1178
29 1105
34 1231
30 1472
42 1150
30 1228
39 1103
10 1107
48 1140
12 1364
25 1164
15 1141
31 1277
33 1476
13 1332
14 1255
10 1396
31 1089
40 1299
43 1329
29 1221
20 1345
29 1367
36 1498
18 1237
48 1144
45 1374
47 1456
21 1015
13 1407
13 1252
20 1027
17 1248
17 1023
32 1361
28 1359
36 1337
22 1094
49 1155
47 1188
20 1214
24 1461
25 1378
47 1220
33 1084
13 1474
26 1371
27 1350
26 1300
43 1354
14 1230
19 1064
18 1254
44 1383
17 1080
29 1175
24 1402
46 1038
28 1237
36 1277
16 1232
11 1112
37 1041
21 1474
27 1117
17 1208
38 1366
37 1079
31 1366
44 1024
35 1206
37 1498
16 1111
47 1312
43 1054
46 1209
47 1078
44 1100
19 1389
13 1033
36 1385
37 1092
43 1276
35 1238
14 1258
44 1286
35 1215
16 1004
26 1234
38 1217
32 1478
35 1199
42 1384
20 1017
36 1327
24 1485
24 1217
25 1379
10 1172
27 1478
31 1377
48 1033
27 1352
28 1084
29 1199
17 1242
35 1270
27 1449
14 1226
26 1073
35 1195
18 1192
17 1289
43 1213
33 1450
41 1187
30 1101
41 1301
29 1120
13 1294
33 1014
33 1343
15 1298
17 1127
47 1107
45 1467
22 1441
36 1370
33 1243
45 1088
22 1214
32 1218
27 1153
22 1133
38 1074
25 1098
45 1083
31 1382
25 1282
33 1220
43 1033
32 1191
19 1058
40 1319
33 1446
32 1334
25 1253
28 1449
40 1492
20 1048
13 1442
18 1212
39 1457
35 1067
48 1323
21 1160
25 1228
16 1133
12 1430
24 1012
39 1217
27 1092
40 1021
35 1169
19 1461
17 1262
46 1003
10 1186
41 1335
13 1392
26 1088
12 1103
18 1421
42 1202
31 1137
18 1178
14 1354
20 1283
42 1112
44 1265
16 1045
15 1089
12 1192
38 1168
37 1164
27 1183
16 1431
30 1009
14 1331
30 1191
49 1194
15 1264
25 1198
43 1407
24 1236
29 1206
17 1009
10 1012
39 1133
14 1184
28 1029
22 1445
28 1212
38 1444
25 1428
48 1359
34 1136
11 1473
18 1025
23 1460
27 1124
32 1197
33 1429
22 1321
12 1020
12 1410
36 1315
26 1080
11 1198
27 1312
17 1479
28 1497
27 1202
42 1215
21 1262
23 1288
18 1012
24 1393
22 1348
44 1496
37 1477
17 1322
17 1201
28 1343
17 1114
39 1080
44 1182
24 1219
45 1196
40 1358
29 1401
26 1038
34 1334
37 1100
23 1470
41 1211
23 1121
43 1075
26 1415
45 1363
28 1410
26 1449
19 1250
26 1052
35 1420
48 1450
44 1332
24 1070
12 1450
23 1444
47 1480
37 1317
48 1158
20 1155
17 1025
36 1474
13 1076
25 1264
24 1322
28 1252
34 1275
26 1277
29 1097
45 1455
12 1248
40 1329
23 1340
36 1383
19 1345
40 1068
22 1300
10 1483
37 1343
15 1058
19 1227
25 1499
40 1456
23 1306
32 1116
20 1236
38 1186
23 1074
25 1261
43 1363
44 1274
46 1497
22 1059
41 1370
41 1410
28 1422
23 1218
17 1450
13 1259
23 1407
39 1267
47 1022
41 1102
35 1080
27 1497
12 1152
46 1144
49 1376
46 1000
31 1231
30 1419
43 1434
39 1012
25 1074
48 1002
21 1440
27 1480
44 1209
27 1192
41 1113
16 1433
13 1034
12 1360
45 1367
36 1351
11 1422
39 1044
43 1100
39 1182
38 1066
27 1318
43 1436
44 1478
40 1209
46 1224
13 1231
24 1290
13 1326
10 1072
27 1207
41 1370
37 1250
43 1081
26 1301
19 1215
46 1169
36 1335
40 1133
46 1428
28 1230
24 1049
40 1061
38 1032
47 1402
49 1395
24 1305
42 1111
28 1239
19 1193
42 1492
18 1104
22 1091
20 1280
43 1141
40 1356
30 1163
18 1047
16 1456
16 1416
36 1422
37 1475
23 1204
23 1332
10 1117
17 1473
35 1461
30 1000
14 1348
16 1095
42 1263
31 1192
41 1280
49 1465
49 1102
12 1255
33 1240
41 1141
20 1181
46 1233
43 1156
27 1403
17 1042
42 1079
23 1419
39 1028
37 1378
22 1348
26 1002
45 1419
19 1377
17 1326
26 1040
34 1230
42 1088
23 1113
49 1135
11 1338
48 1326
46 1208
26 1278
21 1457
24 1417
39 1107
49 1428
11 1244
27 1174
44 1097
20 1438
21 1020
38 1146
26 1066
26 1479
31 1191
43 1393
29 1397
33 1355
17 1200
49 1181
15 1310
43 1032
30 1495
47 1356
17 1255
47 1002
43 1351
38 1048
12 1451
11 1276
35 1196
32 1150
46 1484
18 1226
31 1330
43 1238
47 1066
44 1196
48 1007
27 1414
38 1444
25 1258
21 1119
21 1002
26 1159
48 1177
36 1142
16 1049
48 1475
48 1441
11 1295
29 1182
17 1442
24 1282
46 1201
16 1156
48 1109
24 1050
16 1099
15 1142
45 1112
40 1250
26 1370
10 1488
11 1457
43 1272
28 1042
24 1481
21 1291
47 1015
13 1030
17 1151
29 1010
27 1456
24 1407
26 1039
40 1018
48 1095
22 1125
25 1168
21 1438
29 1104
25 1338
47 1162
26 1164
32 1463
38 1034
19 1098
14 1420
25 1275
10 1182
29 1187
41 1190
29 1344
47 1256
43 1401
17 1234
16 1419
16 1355
36 1104
10 1088
29 1237
43 1357
26 1017
44 1349
38 1407
44 1079
37 1025
35 1300
22 1069
14 1437
24 1325
27 1160
44 1123
13 1138
36 1031
13 1302
22 1353
21 1297
15 1089
34 1145
37 1339
15 1192
22 1478
37 1184
42 1239
45 1477
16 1203
11 1332
12 1384
22 1128
19 1108
47 1297
48 1249
32 1076
43 1054
29 1379
30 1226
29 1479
31 1231
19 1396
14 1307
35 1139
26 1104
44 1252
22 1430
49 1216
27 1220
16 1132
39 1424
13 1275
25 1338
13 1148
16 1242
35 1021
42 1184
13 1009
24 1219
48 1487
12 1183
41 1307
27 1018
17 1220
37 1290
19 1029
44 1007
10 1367
19 1350
25 1152
49 1021
40 1329
18 1181
24 1098
23 1322
27 1282
12 1229
43 1058
24 1325
29 1268
17 1116
42 1211
26 1230
26 1083
36 1214
35 1009
13 1395
40 1005
24 1264
42 1292
13 1331
39 1217
30 1076
32 1362
25 1206
43 1208
37 1333
25 1261
26 1106
40 1431
24 1069
32 1405
10 1031
37 1455
22 1029
21 1382
24 1062
42 1331
45 1261
31 1475
23 1138
32 1063
14 1417
21 1236
31 1419
26 1167
45 1065
18 1203
17 1381
38 1053
10 1362
46 1467
48 1214
20 1059
43 1182
10 1175
36 1038
16 1383
29 1224
15 1138
47 1263
11 1402
20 1166
48 1466
47 1150
42 1098
17 1486
35 1123
47 1092
40 1404
17 1450
47 1338
49 1023
40 1214
29 1102
27 1281
12 1256
16 1316
24 1192
12 1170
20 1172
28 1294
48 1421
14 1277
20 1245
23 1436
21 1481
18 1107
19 1358
42 1364
22 1243
11 1453
39 1125
34 1171
12 1322
47 1449
20 1293
32 1004
21 1317
12 1306
15 1157
32 1029
40 1105
16 1474
23 1115
45 1004
25 1019
14 1432
38 1042
26 1419
44 1159
31 1207
14 1390
39 1415
46 1462
42 1337
10 1037
45 1070
41 1216
34 1301
11 1227
29 1234
24 1161
25 1064
43 1263
11 1494
37 1019
49 1210
45 1397
35 1315
32 1433
36 1216
40 1024
25 1109
34 1342
12 1427
17 1303
10 1098
43 1105
48 1176
49 1330
41 1231
29 1249
28 1242
44 1345
41 1448
41 1025
13 1192
33 1042
31 1403
35 1104
48 1025
47 1307
11 1245
13 1488
34 1048
26 1245
38 1010
39 1105
29 1156
28 1282
18 1094
13 1365