6000 3000
49 1173
11 1374
43 1376
26 1498
34 1089
22 1091
16 1344
38 1480
17 1145
47 1174
18 1224
14 1309
39 1131
16 1086
23 1084
40 1113
34 1291
24 1374
32 1193
44 1191
31 1137
41 1248
20 1111
47 1252
40 1309
32 1253
43 1427
22 1232
12 1162
30 1274
25 1401
30 1261
13 1296
41 1042
48 1480
15 1355
38 1177
14 1282
14 1024
23 1341
29 1211
36 1055
35 1212
18 1257
28 1492
15 1419
25 1385
46 1255
24 1424
42 1105
34 1189
30 1364
23 1106
12 1123
12 1433
21 1373
48 1124
23 1296
36 1258
30 1314
40 1150
19 1238
47 1104
34 1140
26 1385
29 1172
48 1012
43 1062
10 1320
19 1260
46 1404
38 1023
25 1019
12 1100
36 1004
19 1199
11 1263
36 1109
17 1387
39 1037
40 1241
26 1098
11 1431
33 1295
13 1161
26 1440
39 1008
44 1449
11 1466
27 1187
25 1277
16 1133
28 1223
22 1378
45 1128
34 1260
38 1311
32 1279
29 1328
43 1039
40 1017
29 1183
34 1205
11 1347
21 1263
15 1422
43 1337
13 1380
34 1087
17 1400
28 1093
30 1382
39 1244
41 1411
36 1304
37 1150
18 1037
47 1362
25 1054
18 1032
38 1493
16 1161
34 1471
14 1075
19 1180
32 1444
21 1008
42 1263
27 1317
25 1286
19 1386
32 1480
45 1441
29 1413
18 1387
19 1174
32 1104
46 1161
27 1065
14 1036
25 1023
10 1325
35 1004
33 1033
17 1124
42 1425
18 1091
27 1063
31 1007
48 1360
11 1479
24 1196
26 1436
11 1428
10 1401
42 1265
49 1329
34 1207
29 1130
42 1268
13 1319
25 1380
24 1179
20 1127
49 1152
12 1406
13 1499
21 1463
43 1116
28 1198
10 1203
44 1262
31 1356
35 1294
29 1311
24 1462
45 1433
14 1261
49 1495
49 1244
10 1256
37 1294
46 1363
38 1499
12 1261
37 1397
43 1439
36 1159
15 1126
33 1042
12 1200
32 1334
28 1037
22 1320
42 1467
24 1129
10 1486
31 1439
15 1197
36 1241
43 1314
47 1302
43 1142
49 1101
15 1110
48 1318
12 1395
27 1183
13 1099
18 1155
48 1464
17 1216
23 1131
46 1432
36 1318
39 1311
48 1309
37 1380
45 1445
30 1124
44 1296
38 1343
16 1046
27 1334
39 1285
39 1150
22 1144
25 1459
23 1173
46 1014
16 1055
41 1019
34 1249
36 1143
34 1022
37 1255
26 1078
30 1345
31 1372
22 1161
35 1262
12 1223
22 1217
37 1413
33 1285
35 1186
30 1318
20 1403
30 1054
46 1434
30 1143
16 1150
22 1088
12 1022
11 1269
38 1306
38 1041
49 1466
20 1189
41 1306
49 1223
42 1171
30 1285
43 1199
46 1293
40 1128
25 1493
25 1196
23 1331
33 1342
45 1111
27 1034
27 1335
35 1133
28 1237
16 1224
49 1338
40 1079
47 1150
36 1197
45 1000
26 1402
23 1380
14 1128
39 1390
33 1323
12 1331
25 1082
48 1152
18 1249
46 1316
33 1215
16 1305
43 1154
40 1066
19 1494
27 1211
17 1325
32 1063
41 1192
29 1016
25 1065
37 1023
34 1415
40 1139
25 1066
21 1322
17 1492
47 1155
36 1315
13 1287
25 1289
48 1107
10 1425
33 1201
21 1253
19 1151
30 1159
24 1091
21 1339
34 1221
41 1395
31 1009
42 1148
15 1324
37 1375
28 1076
28 1176
44 1039
23 1205
30 1143
40 1372
38 1264
24 1064
48 1476
15 1022
27 1466
33 1305
28 1262
13 1260
20 1361
16 1216
44 1324
17 1165
12 1046
33 1413
33 1056
44 1080
26 1346
23 1335
37 1138
14 1467
35 1404
30 1048
16 1377
25 1256
14 1374
21 1433
49 1165
49 1169
31 1417
20 1465
29 1381
36 1130
11 1096
41 1115
16 1192
44 1470
34 1201
19 1188
22 1153
37 1451
24 1116
48 1495
36 1124
41 1408
44 1062
20 1041
40 1366
43 1147
22 1070
43 1232
29 1352
28 1326
43 1371
33 1175
12 1448
23 1293
11 1011
33 1121
30 1097
39 1121
30 1110
34 1136
47 1266
24 1101
29 1072
14 1320
18 1412
29 1147
22 1099
38 1053
48 1340
49 1087
24 1146
27 1211
14 1382
29 1455
49 1465
36 1373
14 1146
43 1339
20 1022
47 1471
11 1232
19 1282
15 1397
15 1069
43 1405
22 1417
42 1097
34 1185
32 1127
24 1243
32 1009
18 1078
17 1131
25 1433
27 1061
29 1323
47 1177
29 1466
38 1369
17 1147
37 1195
48 1009
27 1111
35 1444
38 1218
16 1452
26 1464
14 1089
33 1229
33 1420
44 1399
30 1231
37 1454
15 1105
14 1109
36 1407
30 1465
40 1446
12 1361
11 1057
39 1162
20 1309
48 1050
28 1276
29 1188
30 1255
34 1197
44 1158
20 1217
20 1203
30 1164
16 1152
27 1241
15 1307
31 1147
49 1112
49 1191
18 1412
29 1492
13 1337
27 1373
48 1092
41 1208
21 1495
40 1070
11 1235
25 1476
42 1362
41 1105
13 1328
46 1405
25 1051
12 1462
35 1458
32 1297
48 1137
33 1438
48 1298
17 1243
15 1428
22 1034
13 1075
42 1248
33 1005
40 1171
36 1438
25 1401
41 1239
21 1207
31 1284
21 1409
28 1298
17 1334
42 1252
43 1425
22 1302
28 1279
12 1327
46 1147
21 1403
11 1227
49 1139
11 1238
14 1129
33 1060
48 1128
30 1268
12 1395
45 1359
19 1259
36 1219
28 1486
21 1291
44 1115
17 1273
43 1141
10 1102
39 1007
25 1421
37 1298
43 1025
27 1368
17 1243
27 1267
26 1410
13 1489
26 1207
35 1180
26 1345
39 1197
32 1225
41 1249
39 1443
29 1140
23 1456
15 1463
38 1310
46 1468
14 1023
17 1314
36 1284
30 1471
24 1331
41 1080
36 1019
38 1147
15 1072
41 1333
27 1068
36 1180
30 1437
22 1456
34 1377
31 1399
49 1218
10 1471
11 1488
17 1253
47 1381
47 1063
47 1110
37 1160
17 1220
43 1165
14 1230
23 1482
27 1448
16 1133
45 1072
19 1223
13 1016
42 1103
10 1459
29 1255
40 1390
13 1141
37 1426
26 1422
21 1141
18 1272
12 1233
27 1106
34 1021
28 1457
31 1065
14 1061
20 1464
14 1333
11 1265
47 1238
37 1219
12 1087
15 1257
28 1314
47 1313
27 1006
46 1351
36 1226
40 1293
45 1128
39 1199
48 1142
39 1155
38 1125
46 1114
28 1192
22 1353
44 1402
16 1227
19 1398
20 1238
37 1483
12 1395
23 1221
40 1091
10 1442
23 1263
22 1288
39 1272
21 1408
11 1351
35 1460
36 1037
42 1091
28 1360
49 1183
36 1138
29 1297
21 1358
38 1021
30 1413
25 1090
47 1057
13 1005
34 1284
47 1383
43 1499
15 1163
14 1263
19 1217
11 1204
17 1193
14 1487
47 1050
22 1065
44 1423
12 1036
45 1147
41 1410
17 1206
13 1480
40 1320
17 1046
38 1241
30 1051
26 1263
10 1126
36 1111
36 1324
25 1361
45 1462
10 1162
25 1394
24 1140
41 1294
42 1112
27 1248
10 1171
13 1122
12 1208
28 1110
43 1094
37 1073
20 1192
27 1362
10 1280
36 1478
35 1310
48 1247
23 1118
21 1301
29 1323
19 1181
14 1312
49 1157
19 1234
49 1314
26 1411
31 1026
10 1004
38 1126
31 1109
19 1488
24 1392
34 1427
44 1298
34 1257
25 1179
47 1419
23 1185
36 1352
45 1196
38 1312
11 1307
17 1118
22 1187
47 1197
10 1294
42 1162
37 1195
25 1483
47 1475
25 1020
10 1024
39 1449
49 1491
16 1274
44 1018
23 1339
41 1057
13 1080
30 1492
15 1182
18 1039
24 1414
43 1188
44 1230
29 1181
21 1167
13 1229
18 1231
10 1253
47 1236
36 1087
28 1124
49 1462
43 1341
12 1193
34 1360
22 1071
39 1357
26 1119
49 1345
38 1129
29 1092
35 1349
39 1158
40 1442
11 1466
22 1192
30 1323
40 1322
15 1034
33 1390
33 1308
14 1427
44 1007
10 1271
19 1019
22 1003
41 1313
11 1295
28 1073
45 1297
27 1071
23 1270
44 1493
25 1458
23 1449
37 1036
18 1162
23 1296
44 1213
43 1182
19 1361
29 1119
31 1175
20 1433
34 1176
28 1231
15 1494
29 1378
38 1140
43 1330
28 1268
28 1262
32 1416
48 1278
40 1184
43 1040
49 1397
35 1374
26 1079
29 1430
33 1461
36 1385
14 1035
44 1233
41 1153
14 1285
33 1040
24 1251
24 1308
41 1179
28 1062
13 1130
14 1375
37 1205
18 1197
37 1233
44 1458
20 1388
15 1138
30 1473
17 1126
43 1014
21 1060
36 1106
21 1271
20 1401
24 1327
33 1222
21 1304
25 1352
11 1286
18 1284
10 1217
25 1358
19 1240
14 1365
18 1032
37 1400
38 1111
21 1377
42 1310
25 1359
38 1374
27 1217
13 1168
12 1121
21 1418
12 1077
23 1394
30 1169
18 1343
39 1362
15 1466
25 1107
31 1119
36 1310
13 1358
44 1156
41 1124
49 1353
22 1484
35 1061
27 1026
32 1268
40 1407
23 1112
39 1071
11 1039
27 1305
12 1038
35 1334
26 1277
17 1073
32 1487
12 1128
12 1252
49 1088
26 1061
26 1408
24 1119
42 1229
34 1406
14 1258
49 1129
32 1019
10 1129
29 1362
39 1239
21 1312
44 1095
27 1299
16 1120
44 1482
22 1281
41 1361
42 1340
43 1112
27 1213
45 1373
25 1261
11 1459
24 1452
28 1415
32 1012
19 1218
26 1042
37 1459
32 1063
16 1371
43 1440
11 1343
11 1437
12 1045
10 1306
29 1460
24 1118
11 1429
19 1406
24 1324
46 1177
16 1129
44 1484
19 1116
36 1437
41 1368
14 1231
39 1129
26 1063
15 1284
17 1064
38 1153
47 1068
14 1399
29 1285
35 1381
48 1006
41 1448
46 1265
18 1410
44 1278
18 1039
21 1329
30 1198
41 1226
31 1207
48 1036
35 1065
26 1030
11 1051
36 1139
13 1105
16 1052
40 1049
25 1476
21 1399
21 1140
37 1243
44 1413
19 1030
45 1459
27 1184
16 1264
36 1343
15 1395
40 1319
27 1133
45 1042
29 1442
41 1246
16 1499
27 1468
39 1435
23 1319
30 1252
44 1047
17 1193
47 1152
28 1144
48 1143
17 1198
40 1311
44 1118
31 1424
28 1451
20 1261
18 1034
35 1319
30 1227
13 1312
42 1283
42 1398
21 1055
41 1418
43 1239
29 1185
38 1314
44 1198
22 1460
46 1170
34 1280
47 1179
38 1032
11 1452
49 1314
28 1447
16 1110
48 1402
40 1341
39 1224
46 1418
31 1317
30 1470
17 1137
48 1019
48 1226
30 1339
32 1490
14 1060
27 1474
17 1486
21 1176
28 1227
48 1142
41 1181
20 1347
34 1335
48 1153
32 1236
37 1381
40 1059
12 1048
17 1487
43 1295
28 1218
34 1109
21 1171
47 1037
26 1232
13 1204
49 1427
16 1283
29 1160
17 1283
38 1452
46 1036
37 1227
29 1106
26 1084
37 1414
46 1352
49 1313
33 1012
10 1120
46 1133
30 1057
31 1379
25 1246
16 1083
22 1006
11 1166
37 1010
15 1466
42 1183
42 1109
11 1088
13 1210
28 1195
35 1001
40 1197
29 1207
10 1409
34 1062
17 1351
49 1351
21 1373
14 1431
28 1103
10 1018
34 1185
47 1060
41 1235
42 1341
16 1226
47 1396
33 1181
37 1208
33 1048
37 1099
21 1202
12 1078
32 1152
16 1416
22 1165
45 1352
20 1251
34 1441
19 1100
15 1391
42 1451
36 1123
37 1465
41 1173
43 1464
18 1154
28 1448
24 1193
32 1312
38 1311
40 1205
15 1010
13 1048
36 1317
46 1043
14 1412
37 1273
35 1017
39 1157
41 1228
39 1356
17 1140
22 1262
34 1144
21 1085
23 1405
16 1026
44 1298
38 1114
39 1039
31 1389
36 1262
21 1050
35 1151
40 1381
48 1226
39 1008
12 1414
11 1120
47 1220
29 1184
12 1218
35 1151
39 1047
39 1075
17 1366
19 1182
20 1219
30 1228
17 1385
38 1155
16 1307
29 1252
13 1116
44 1087
15 1425
13 1153
35 1226
39 1332
13 1240
38 1019
25 1344
37 1491
12 1203
15 1214
27 1114
43 1098
31 1406
39 1413
28 1223
32 1238
10 1155
17 1327
49 1216
28 1202
13 1171
21 1058
17 1438
41 1273
18 1290
15 1115
30 1024
19 1201
21 1130
20 1078
37 1267
40 1320
14 1079
10 1424
45 1448
45 1180
12 1352
40 1410
31 1228
36 1137
13 1295
31 1047
36 1204
46 1331
17 1187
38 1106
15 1341
22 1239
46 1425
12 1273
43 1228
37 1169
33 1347
14 1472
23 1419
31 1236
16 1446
43 1049
26 1398
10 1340
15 1215
26 1055
23 1143
43 1143
41 1196
11 1171
21 1363
14 1472
46 1060
34 1270
18 1232
17 1030
18 1388
32 1288
11 1187
24 1199
23 1098
36 1261
11 1136
22 1340
26 1248
15 1497
38 1375
24 1366
31 1071
49 1197
20 1241
36 1175
45 1290
49 1099
11 1414
11 1405
13 1399
47 1166
18 1493
14 1040
46 1495
15 1233
49 1345
48 1302
43 1398
23 1460
41 1460
29 1453
28 1277
16 1122
19 1002
45 1376
15 1359
14 1143
16 1283
23 1367
21 1080
23 1140
17 1092
15 1203
34 1430
48 1234
10 1033
26 1139
14 1488
46 1129
37 1342
20 1059
39 1109
41 1312
44 1249
34 1111
26 1122
42 1012
45 1019
14 1428
29 1468
16 1327
40 1077
15 1336
39 1311
44 1043
21 1229
37 1155
34 1442
47 1121
22 1168
22 1081
49 1326
20 1253
31 1101
28 1397
21 1214
17 1103
33 1278
34 1292
22 1126
44 1489
39 1243
30 1283
26 1356
21 1175
35 1293
35 1077
47 1420
32 1181
38 1432
35 1262
13 1153
32 1247
45 1002
36 1060
36 1012
41 1096
33 1482
16 1180
31 1301
15 1206
40 1201
11 1356
24 1240
21 1466
28 1337
36 1264
34 1312
40 1359
39 1485
42 1135
17 1478
14 1058
14 1400
47 1468
18 1481
41 1235
12 1007
34 1153
11 1334
10 1378
34 1282
29 1482
43 1192
28 1196
38 1116
31 1452
19 1286
28 1204
32 1470
24 1083
47 1480
32 1273
29 1292
17 1157
44 1289
26 1305
42 1264
15 1134
36 1211
20 1039
45 1498
49 1052
48 1387
35 1497
49 1101
36 1155
35 1334
41 1097
19 1021
31 1205
20 1281
42 1387
20 1480
14 1418
27 1282
10 1056
36 1432
31 1228
49 1110
30 1265
34 1057
19 1220
47 1359
30 1152
39 1381
45 1413
25 1390
14 1097
16 1165
19 1202
39 1199
49 1059
46 1268
11 1281
44 1397
18 1388
17 1270
49 1231
24 1453
29 1320
35 1264
17 1000
24 1256
45 1038
22 1181
12 1428
21 1243
33 1144
33 1479
12 1007
12 1063
16 1101
10 1232
10 1212
33 1238
40 1437
31 1015
23 1041
44 1167
29 1079
12 1099
23 1102
34 1231
10 1356
23 1024
28 1412
14 1126
29 1108
15 1296
42 1067
32 1331
47 1449
40 1312
10 1199
32 1327
15 1302
22 1411
37 1142
28 1472
26 1313
11 1107
41 1465
42 1217
36 1390
13 1421
22 1420
13 1134
14 1021
22 1181
46 1105
48 1200
10 1000
48 1054
41 1248
31 1050
20 1322
40 1275
49 1440
38 1099
39 1476
11 1265
28 1010
40 1320
31 1296
44 1394
48 1008
32 1192
24 1072
33 1245
27 1045
17 1081
32 1076
19 1284
22 1155
23 1255
49 1082
25 1458
30 1485
16 1012
11 1165
39 1366
16 1086
49 1156
22 1291
36 1329
42 1136
18 1152
41 1090
41 1467
14 1162
40 1086
33 1000
15 1395
44 1101
47 1444
49 1394
17 1239
17 1296
46 1355
36 1388
33 1230
44 1252
30 1111
23 1434
23 1026
48 1283
15 1384
47 1144
49 1426
10 1234
28 1074
19 1139
24 1424
31 1033
42 1369
21 1254
12 1356
40 1347
17 1451
18 1091
36 1286
47 1054
26 1245
37 1150
49 1108
44 1034
48 1485
48 1234
32 1345
49 1312
36 1049
34 1427
35 1283
42 1302
28 1478
26 1125
25 1033
49 1373
46 1053
43 1313
20 1210
12 1455
48 1295
24 1390
39 1346
33 1406
40 1056
32 1190
35 1345
20 1296
13 1349
40 1035
21 1105
48 1085
45 1023
37 1049
20 1208
12 1289
45 1487
42 1224
43 1042
28 1302
48 1408
11 1482
18 1179
24 1000
39 1057
28 1356
41 1391
46 1336
31 1199
36 1199
40 1385
41 1224
44 1423
25 1002
24 1066
36 1401
42 1266
33 1042
39 1360
13 1424
30 1483
10 1019
47 1121
46 1176
49 1362
17 1491
35 1467
26 1078
35 1116
18 1438
45 1436
23 1387
45 1231
47 1161
10 1020
16 1344
10 1059
39 1012
44 1355
39 1369
42 1058
12 1321
17 1290
36 1460
45 1470
43 1174
11 1279
25 1427
49 1125
14 1375
43 1074
34 1096
29 1493
42 1362
39 1141
16 1463
31 1352
10 1416
38 1389
49 1157
30 1210
39 1249
45 1380
15 1282
12 1444
34 1466
47 1160
45 1320
13 1354
27 1247
22 1168
11 1079
44 1365
21 1281
13 1035
11 1419
12 1175
42 1146
49 1288
33 1457
20 1332
39 1004
36 1125
34 1080
21 1370
30 1131
31 1123
13 1087
27 1216
48 1149
22 1479
10 1104
48 1347
29 1359
31 1301
45 1348
48 1497
38 1011
20 1164
16 1158
26 1113
16 1216
21 1451
13 1391
47 1164
13 1270
45 1261
31 1109
14 1409
14 1393
21 1405
34 1372
22 1103
44 1329
27 1027
20 1197
31 1403
12 1185
12 1065
43 1478
33 1262
27 1426
39 1061
37 1053
18 1177
10 1052
24 1156
17 1481
37 1349
39 1338
31 1223
49 1065
12 1068
28 1274
22 1109
48 1392
19 1249
46 1203
44 1460
41 1267
17 1148
41 1076
27 1244
18 1310
19 1485
10 1354
33 1197
49 1337
48 1135
43 1052
44 1311
47 1409
27 1195
18 1401
44 1064
11 1306
41 1386
24 1246
40 1136
26 1191
11 1218
37 1008
31 1193
33 1467
32 1316
27 1137
25 1165
34 1078
49 1144
35 1286
31 1235
23 1186
48 1012
18 1243
45 1092
49 1183
16 1002
40 1159
21 1470
27 1177
10 1442
49 1029
41 1199
29 1172
22 1465
18 1106
18 1448
21 1367
44 1304
39 1178
13 1287
14 1163
23 1228
46 1433
10 1192
17 1003
18 1499
47 1144
16 1201
24 1196
49 1074
24 1022
45 1227
35 1352
20 1038
48 1057
12 1021
42 1091
40 1081
23 1127
38 1285
43 1036
49 1403
21 1492
42 1208
34 1457
20 1386
18 1065
12 1063
18 1144
45 1347
29 1455
13 1226
37 1236
21 1174
45 1028
27 1224
32 1427
16 1272
19 1392
38 1008
41 1320
33 1398
24 1338
46 1292
30 1024
33 1303
25 1466
23 1203
21 1203
43 1054
47 1191
16 1009
13 1186
44 1218
20 1135
27 1073
30 1153
44 1069
22 1375
38 1280
22 1108
39 1422
46 1435
38 1417
39 1224
34 1469
49 1227
34 1205
40 1202
37 1211
35 1123
25 1232
48 1053
40 1253
20 1140
39 1204
27 1402
27 1272
49 1072
20 1367
29 1304
14 1408
41 1392
14 1267
49 1133
41 1234
11 1077
37 1463
23 1478
22 1031
31 1479
15 1036
44 1479
21 1102
17 1020
46 1118
20 1475
48 1169
36 1035
28 1360
43 1042
45 1425
26 1031
24 1293
26 1477
21 1131
13 1095
41 1232
27 1158
14 1069
33 1413
41 1050
32 1432
34 1015
38 1454
18 1111
17 1212
46 1033
32 1007
24 1394
12 1153
28 1302
42 1385
34 1101
11 1250
43 1455
45 1061
41 1270
13 1465
17 1375
46 1142
33 1253
13 1153
10 1478
19 1141
39 1273
27 1025
26 1301
37 1346
19 1378
49 1131
36 1126
45 1104
44 1002
21 1192
23 1289
34 1215
12 1283
14 1088
17 1044
43 1366
46 1415
29 1003
28 1481
27 1434
30 1182
18 1207
36 1000
49 1391
34 1182
11 1499
42 1390
42 1337
26 1000
22 1007
15 1462
28 1300
29 1300
23 1458
49 1278
24 1124
37 1496
42 1472
46 1305
23 1028
47 1460
49 1156
18 1318
15 1352
28 1165
29 1237
47 1111
28 1160
16 1292
41 1394
23 1014
24 1074
29 1213
36 1179
39 1417
22 1157
42 1158
41 1153
33 1206
23 1312
26 1424
27 1362
29 1205
17 1461
18 1139
41 1394
39 1396
35 1218
38 1057
37 1342
37 1398
11 1026
21 1098
19 1163
10 1425
33 1440
44 1487
40 1338
20 1302
22 1159
46 1304
42 1033
49 1241
17 1127
17 1177
33 1316
49 1182
48 1079
23 1386
39 1293
39 1184
39 1334
46 1423
22 1147
42 1271
12 1245
25 1438
26 1225
30 1458
14 1018
47 1336
15 1420
45 1202
20 1277
42 1435
18 1132
35 1351
44 1278
47 1126
19 1350
12 1033
37 1262
36 1485
49 1450
46 1108
39 1356
19 1209
26 1240
39 1132
46 1217
42 1365
49 1284
10 1003
24 1083
20 1439
41 1081
45 1362
41 1292
20 1482
49 1027
44 1493
39 1057
39 1466
26 1044
49 1445
23 1482
44 1270
28 1357
24 1067
35 1308
43 1408
46 1341
22 1427
29 1219
28 1453
26 1288
17 1080
46 1067
47 1174
34 1088
48 1384
16 1477
10 1014
49 1474
15 1159
39 1293
20 1482
16 1004
32 1415
38 1452
29 1278
11 1300
25 1302
48 1290
31 1195
35 1452
29 1359
18 1381
15 1326
30 1258
13 1101
36 1007
20 1130
26 1457
42 1258
34 1482
38 1107
35 1432
27 1433
13 1401
36 1371
45 1105
28 1402
31 1171
46 1036
12 1439
35 1027
13 1295
14 1362
28 1064
28 1391
23 1350
33 1053
30 1469
44 1279
47 1023
18 1301
25 1405
20 1022
33 1028
12 1487
23 1286
33 1230
27 1149
37 1167
28 1471
40 1122
40 1006
14 1335
33 1043
33 1251
34 1104
44 1443
32 1375
31 1371
29 1101
47 1433
40 1326
42 1273
41 1087
33 1054
43 1206
46 1493
32 1240
34 1465
18 1228
43 1141
13 1302
13 1233
23 1249
40 1015
18 1355
16 1242
38 1316
12 1019
33 1448
22 1356
47 1301
29 1485
33 1024
47 1242
15 1338
29 1382
19 1156
49 1328
34 1106
10 1460
29 1472
22 1169
46 1378
13 1257
34 1397
12 1192
26 1380
36 1061
26 1333
11 1439
41 1249
27 1462
44 1494
18 1077
18 1266
40 1214
31 1123
30 1128
41 1413
40 1367
49 1017
48 1241
16 1383
47 1013
13 1492
37 1075
42 1190
33 1066
22 1124
30 1097
39 1211
46 1138
34 1233
14 1241
36 1230
30 1372
10 1168
37 1427
15 1499
20 1016
20 1080
28 1065
42 1327
31 1366
37 1190
20 1359
44 1378
40 1262
20 1022
16 1163
29 1279
39 1447
37 1121
30 1314
21 1320
37 1106
13 1447
40 1177
42 1463
17 1324
47 1101
15 1027
21 1294
28 1077
43 1025
46 1213
38 1408
10 1373
14 1381
34 1375
43 1216
35 1008
30 1127
19 1156
38 1021
11 1213
40 1072
34 1152
10 1437
45 1312
35 1203
22 1252
36 1080
19 1042
12 1271
49 1094
39 1111
31 1184
43 1468
13 1230
47 1314
10 1113
20 1211
23 1484
23 1146
36 1481
30 1098
24 1196
37 1336
46 1148
16 1228
45 1389
30 1313
44 1482
40 1296
33 1225
43 1073
26 1107
42 1283
43 1337
38 1415
10 1441
38 1171
44 1440
36 1035
46 1225
17 1333
35 1039
14 1033
46 1430
23 1376
29 1001
25 1350
10 1113
17 1440
30 1367
28 1146
49 1091
30 1083
36 1458
46 1376
48 1301
39 1152
48 1438
39 1194
30 1315
12 1391
46 1028
46 1188
14 1284
45 1361
18 1206
16 1420
22 1273
34 1333
38 1199
21 1318
48 1083
34 1248
14 1177
26 1195
22 1409
23 1400
12 1481
36 1376
29 1166
16 1062
18 1221
22 1282
24 1035
31 1123
14 1159
38 1050
35 1246
45 1352
16 1205
31 1474
16 1073
19 1105
18 1299
42 1237
14 1346
47 1451
41 1316
18 1436
24 1114
43 1058
35 1257
27 1239
41 1404
16 1055
29 1053
14 1153
38 1382
34 1042
49 1395
10 1250
13 1159
37 1002
27 1327
21 1344
15 1103
39 1005
36 1162
19 1287
47 1492
47 1336
24 1498
32 1200
42 1352
11 1086
11 1177
34 1208
20 1286
15 1388
40 1283
19 1041
26 1247
49 1088
13 1324
26 1356
14 1087
34 1096
24 1452
19 1386
31 1461
14 1205
14 1062
40 1341
13 1068
28 1258
16 1195
40 1225
14 1400
48 1413
14 1374
40 1275
36 1438
29 1438
16 1025
37 1023
24 1159
23 1468
10 1301
39 1122
27 1060
26 1292
33 1435
37 1330
28 1160
12 1238
37 1198
41 1229
14 1203
14 1394
33 1211
27 1214
29 1039
34 1133
10 1062
37 1498
23 1004
37 1093
20 1190
14 1252
14 1072
49 1439
48 1129
41 1044
38 1173
11 1292
27 1083
22 1143
42 1452
23 1000
15 1355
32 1216
22 1184
46 1312
49 1090
40 1141
32 1473
20 1355
43 1131
49 1300
14 1153
33 1426
22 1134
23 1141
37 1254
31 1096
30 1070
14 1163
10 1179
12 1384
11 1013
34 1490
47 1298
39 1193
11 1042
12 1009
21 1400
31 1294
13 1477
19 1163
22 1157
44 1279
14 1331
43 1418
14 1074
42 1088
18 1134
14 1420
12 1416
35 1317
16 1112
38 1139
35 1300
42 1402
20 1060
45 1008
28 1165
45 1134
41 1292
35 1038
43 1001
23 1416
19 1174
24 1096
14 1041
42 1008
31 1080
34 1161
27 1491
21 1354
31 1359
48 1415
29 1379
30 1277
24 1140
38 1180
41 1411
17 1085
24 1356
45 1184
14 1367
20 1118
42 1208
36 1233
46 1279
41 1191
43 1315
33 1050
26 1078
11 1444
29 1323
38 1361
42 1130
33 1246
15 1023
35 1423
30 1301
14 1359
20 1163
32 1255
34 1147
16 1358
38 1103
13 1269
20 1032
31 1056
49 1226
12 1194
40 1396
17 1414
38 1238
40 1434
28 1067
22 1110
37 1461
29 1276
32 1246
17 1330
16 1423
22 1269
13 1234
25 1046
32 1489
18 1022
21 1170
39 1365
33 1253
20 1108
16 1427
16 1146
11 1105
30 1058
30 1264
22 1324
34 1379
46 1330
30 1047
15 1123
33 1042
47 1133
26 1425
45 1331
15 1149
23 1269
22 1247
42 1190
25 1377
14 1226
35 1146
13 1484
33 1300
44 1146
30 1417
20 1020
30 1127
36 1174
34 1495
44 1131
23 1221
28 1098
18 1363
15 1358
34 1235
26 1319
18 1185
16 1396
21 1420
24 1277
30 1292
30 1138
39 1255
37 1444
34 1111
21 1232
31 1014
26 1179
32 1109
32 1241
37 1317
42 1263
13 1479
49 1239
28 1082
33 1350
49 1146
25 1218
26 1401
35 1416
36 1241
18 1017
49 1007
31 1041
31 1214
27 1044
13 1288
45 1274
29 1473
35 1246
29 1052
37 1441
17 1453
19 1081
24 1243
23 1021
30 1408
27 1310
36 1118
25 1197
47 1086
36 1375
46 1011
44 1100
44 1474
47 1433
23 1048
24 1199
36 1194
43 1328
25 1247
41 1026
11 1288
25 1073
38 1150
10 1199
29 1437
22 1026
44 1201
42 1051
23 1133
37 1414
23 1058
46 1428
37 1242
20 1297
14 1067
40 1498
32 1053
45 1346
22 1349
48 1195
45 1235
35 1337
47 1427
43 1049
44 1284
49 1118
46 1394
12 1361
30 1242
38 1127
27 1419
19 1475
19 1441
13 1127
29 1206
37 1315
31 1056
28 1053
38 1454
12 1240
46 1003
34 1382
39 1179
13 1267
29 1099
28 1465
30 1196
34 1240
25 1332
11 1082
19 1467
26 1116
20 1050
19 1387
48 1128
31 1241
42 1246
28 1246
36 1042
37 1415
24 1423
41 1151
28 1055
44 1244
22 1224
14 1274
44 1357
13 1254
20 1145
49 1126
43 1268
41 1426
33 1272
15 1381
48 1228
28 1258
33 1338
40 1089
31 1026
17 1158
42 1026
36 1059
47 1466
39 1252
46 1429
39 1089
29 1176
20 1107
28 1008
45 1277
45 1158
38 1345
32 1035
31 1412
24 1358
36 1066
38 1151
22 1065
17 1016
32 1332
12 1057
47 1026
13 1026
43 1465
28 1314
32 1053
47 1144
42 1129
20 1136
48 1226
10 1254
48 1421
12 1228
30 1153
17 1357
32 1324
19 1476
30 1021
32 1042
47 1006
28 1115
33 1070
49 1367
14 1325
37 1045
27 1053
40 1003
39 1234
41 1269
44 1332
29 1146
33 1294
13 1395
33 1027
20 1076
14 1453
37 1085
13 1165
36 1066
10 1161
19 1434
34 1205
37 1209
32 1344
46 1138
22 1055
47 1325
20 1212
34 1077
42 1374
33 1407
28 1004
41 1182
13 1154
10 1128
11 1162
30 1445
42 1137
14 1237
25 1285
18 1437
32 1161
34 1140
27 1111
13 1141
11 1022
30 1188
44 1319
28 1124
18 1029
18 1057
42 1359
14 1073
16 1440
14 1293
35 1170
16 1337
14 1495
19 1278
27 1035
47 1377
46 1271
40 1477
14 1397
11 1425
47 1376
37 1065
13 1358
25 1122
22 1105
27 1233
24 1008
29 1072
36 1216
40 1067
18 1145
33 1465
48 1355
37 1338
25 1404
10 1307
47 1165
42 1433
16 1122
19 1463
27 1442
22 1477
31 1322
10 1346
24 1232
35 1275
15 1491
35 1393
30 1075
43 1447
47 1384
29 1122
39 1194
31 1300
14 1079
19 1083
15 1102
22 1394
45 1205
38 1366
49 1124
37 1191
17 1102
11 1389
42 1320
18 1235
16 1061
18 1013
25 1159
42 1084
25 1406
20 1152
24 1461
13 1166
28 1484
28 1035
24 1453
18 1351
27 1239
37 1285
45 1151
48 1199
32 1468
36 1195
33 1263
10 1037
43 1467
23 1226
23 1108
11 1428
21 1425
28 1299
46 1278
41 1048
22 1263
22 1003
43 1033
34 1345
26 1275
42 1449
12 1035
28 1393
13 1183
16 1046
35 1498
30 1352
24 1036
17 1255
48 1087
41 1371
24 1069
43 1258
10 1037
25 1222
46 1012
33 1364
23 1452
10 1173
33 1264
18 1463
18 1209
38 1361
17 1355
26 1272
14 1332
15 1011
26 1093
26 1408
45 1195
39 1471
12 1384
28 1018
33 1222
29 1487
37 1488
45 1126
12 1460
16 1490
37 1077
45 1055
33 1085
27 1063
44 1066
40 1310
35 1213
39 1451
34 1427
16 1299
27 1167
27 1429
21 1087
26 1136
44 1476
25 1302
37 1288
40 1095
34 1479
20 1218
43 1216
34 1259
45 1014
33 1299
39 1417
31 1281
14 1341
25 1385
33 1038
46 1097
49 1243
28 1480
36 1227
17 1270
34 1124
43 1307
39 1466
18 1407
46 1206
27 1110
25 1394
21 1485
43 1388
48 1279
25 1386
22 1423
49 1218
17 1153
30 1434
39 1130
45 1391
12 1112
49 1474
23 1124
27 1159
45 1167
40 1354
22 1335
34 1472
20 1288
29 1072
46 1437
10 1113
37 1462
21 1427
23 1419
38 1406
36 1123
18 1088
22 1314
27 1137
46 1021
12 1355
40 1268
42 1096
34 1042
43 1101
39 1411
36 1168
33 1321
25 1299
37 1401
34 1034
31 1271
13 1363
12 1180
24 1250
42 1451
31 1428
36 1070
14 1074
26 1199
35 1400
11 1371
20 1021
30 1460
49 1359
38 1056
35 1308
38 1186
31 1383
42 1034
26 1279
10 1426
11 1016
45 1252
18 1289
10 1426
12 1253
19 1124
47 1142
38 1282
18 1480
25 1113
20 1246
33 1469
10 1018
39 1497
32 1021
17 1368
39 1367
11 1344
39 1146
48 1042
38 1014
37 1163
33 1398
32 1495
13 1334
23 1226
38 1375
37 1010
28 1371
28 1247
36 1085
23 1483
18 1070
44 1128
17 1451
24 1183
41 1040
11 1477
30 1192
28 1386
15 1284
42 1311
14 1491
38 1098
48 1214
38 1487
47 1498
22 1396
26 1357
15 1485
43 1300
32 1215
18 1210
16 1347
16 1291
19 1362
17 1235
16 1312
25 1417
33 1477
42 1080
40 1023
29 1238
40 1383
16 1071
49 1320
40 1194
10 1312
22 1153
19 1470
47 1419
20 1115
18 1454
22 1259
38 1179
27 1473
15 1079
44 1480
33 1068
14 1278
37 1074
48 1189
33 1458
48 1316
16 1227
11 1403
15 1206
37 1194
32 1405
30 1184
18 1359
35 1152
48 1291
40 1118
27 1318
14 1494
18 1410
12 1461
43 1458
13 1019
13 1438
23 1052
24 1492
19 1209
19 1496
33 1030
21 1215
31 1102
45 1083
29 1098
19 1318
41 1403
17 1251
15 1219
44 1044
42 1195
18 1444
36 1358
39 1330
46 1430
13 1292
15 1371
22 1094
39 1217
11 1199
23 1211
43 1373
48 1197
38 1412
11 1011
25 1427
44 1452
44 1020
38 1096
41 1497
14 1209
24 1385
39 1236
16 1370
21 1331
25 1477
28 1163
38 1095
40 1289
12 1213
37 1119
22 1411
24 1378
40 1356
29 1158
23 1203
29 1071
12 1112
13 1084
34 1206
31 1108
24 1218
15 1210
13 1319
49 1457
40 1097
21 1494
19 1228
27 1270
28 1192
20 1249
17 1178
45 1234
30 1433
36 1270
36 1184
18 1082
29 1196
47 1264
23 1300
20 1067
46 1120
25 1450
20 1189
30 1277
49 1443
19 1328
33 1050
16 1351
36 1066
34 1354
43 1384
38 1313
19 1157
41 1037
48 1031
36 1423
29 1042
41 1246
20 1308
39 1186
12 1419
14 1121
29 1139
36 1447
19 1028
37 1173
23 1233
21 1193
40 1207
42 1129
38 1014
10 1094
10 1035
43 1278
16 1056
16 1066
14 1228
34 1160
45 1391
20 1416
39 1453
48 1108
45 1207
48 1193
49 1072
49 1362
29 1465
28 1311
12 1371
35 1007
47 1121
38 1396
35 1139
32 1084
16 1278
28 1490
13 1470
39 1337
41 1211
12 1161
29 1272
28 1229
45 1378
31 1174
40 1139
22 1210
24 1363
25 1216
30 1438
17 1277
46 1459
15 1183
34 1381
27 1377
12 1051
40 1441
20 1151
49 1441
47 1073
15 1045
11 1147
28 1456
48 1092
18 1267
26 1407
40 1008
11 1040
14 1136
41 1410
15 1175
18 1219
45 1000
20 1490
37 1229
12 1491
16 1321
36 1018
41 1254
20 1030
43 1449
35 1036
19 1256
29 1344
26 1367
14 1229
38 1417
30 1336
48 1330
27 1355
25 1435
42 1499
47 1296
16 1261
39 1176
42 1020
35 1145
46 1241
23 1244
36 1285
10 1343
15 1248
33 1365
32 1112
38 1422
22 1152
32 1327
46 1053
18 1086
23 1136
21 1144
44 1132
18 1253
19 1310
16 1235
13 1127
37 1469
39 1149
15 1119
37 1464
38 1209
33 1135
32 1322
43 1251
33 1376
22 1397
42 1348
48 1047
21 1250
49 1252
27 1276
13 1092
14 1138
20 1102
41 1171
48 1373
43 1064
39 1152
23 1341
12 1277
34 1496
19 1007
25 1066
43 1392
16 1098
18 1447
44 1259
34 1364
47 1006
30 1373
49 1196
34 1436
48 1289
45 1030
32 1391
44 1269
42 1061
14 1176
41 1344
15 1033
42 1003
46 1007
15 1415
25 1123
41 1017
32 1397
38 1352
23 1004
16 1300
39 1103
34 1131
12 1233
36 1354
14 1232
16 1437
48 1168
41 1205
46 1042
29 1362
33 1022
39 1041
28 1399
10 1414
23 1127
33 1345
25 1152
16 1390
22 1261
20 1434
12 1297
11 1435
40 1400
35 1029
41 1253
12 1197
25 1297
45 1021
27 1190
37 1168
14 1000
17 1482
24 1259
19 1019
18 1026
45 1211
39 1340
25 1114
26 1163
25 1041
29 1383
11 1049
32 1422
31 1273
24 1467
49 1004
49 1447
24 1491
49 1061
25 1133
23 1419
21 1459
31 1079
16 1026
40 1033
26 1117
15 1013
13 1279
25 1220
42 1242
25 1190
34 1322
34 1439
20 1255
23 1280
39 1121
33 1231
45 1416
30 1230
36 1364
22 1494
22 1258
48 1323
32 1222
14 1042
26 1315
46 1022
18 1086
22 1065
40 1157
13 1229
27 1259
44 1001
40 1448
29 1245
13 1288
19 1359
12 1390
48 1027
18 1012
19 1448
10 1372
27 1184
10 1408
20 1079
11 1265
24 1484
31 1232
33 1024
25 1376
18 1390
37 1241
34 1482
26 1103
46 1117
19 1232
32 1336
38 1077
37 1124
37 1351
40 1332
45 1469
49 1094
43 1200
15 1369
16 1360
34 1253
26 1256
40 1036
16 1056
12 1236
18 1089
34 1117
27 1367
20 1484
15 1192
47 1176
39 1008
12 1336
16 1185
12 1180
19 1078
17 1193
34 1379
46 1107
30 1211
19 1455
37 1225
22 1326
23 1380
15 1468
19 1071
26 1179
41 1069
40 1380
18 1278
18 1121
13 1477
42 1247
18 1317
36 1337
13 1363
37 1248
22 1119
33 1140
35 1489
28 1233
21 1460
24 1193
21 1490
27 1205
24 1020
47 1109
43 1239
32 1138
19 1015
19 1294
20 1152
16 1303
33 1434
14 1007
24 1165
22 1026
40 1071
19 1416
32 1434
29 1262
41 1002
37 1155
30 1016
44 1485
39 1136
44 1449
13 1434
46 1306
26 1058
47 1282
12 1492
30 1460
47 1184
10 1228
25 1069
39 1262
29 1383
25 1345
23 1298
33 1050
41 1397
35 1380
28 1425
15 1355
36 1119
12 1122
36 1347
28 1479
24 1031
32 1069
45 1313
15 1290
24 1061
49 1076
20 1008
23 1435
17 1469
46 1149
42 1476
35 1023
17 1412
48 1433
39 1175
15 1081
11 1189
26 1314
31 1204
14 1313
35 1115
23 1063
30 1360
37 1285
27 1159
49 1288
14 1440
15 1177
20 1024
12 1159
43 1391
46 1455
35 1122
39 1058
25 1139
43 1452
21 1033
29 1024
20 1499
33 1472
19 1373
15 1246
44 1399
28 1003
19 1349
43 1496
22 1268
10 1458
39 1482
33 1392
40 1208
47 1077
11 1440
21 1128
44 1422
10 1006
23 1125
31 1254
39 1273
40 1397
49 1488
30 1432
39 1047
34 1210
30 1139
25 1136
13 1454
35 1484
33 1264
15 1472
41 1098
21 1394
31 1206
26 1022
29 1223
23 1029
15 1396
27 1477
38 1053
46 1087
24 1022
28 1199
23 1384
20 1475
41 1458
33 1280
43 1084
20 1438
44 1415
38 1280
32 1002
48 1104
24 1143
40 1480
30 1493
43 1207
22 1276
36 1441
27 1404
18 1238
21 1121
47 1344
12 1052
36 1223
49 1113
15 1180
26 1434
46 1168
36 1270
16 1378
12 1312
27 1355
36 1319
11 1251
42 1255
43 1139
16 1315
26 1439
21 1223
24 1078
17 1068
38 1385
48 1315
17 1050
14 1051
47 1198
26 1141
28 1045
34 1183
33 1349
21 1433
18 1312
19 1090
22 1267
25 1162
17 1215
41 1233
10 1249
13 1066
41 1429
38 1117
49 1211
27 1172
43 1344
42 1357
49 1054
43 1009
42 1428
39 1018
10 1052
22 1122
41 1390
49 1196
36 1415
14 1036
19 1166
42 1332
21 1418
28 1473
19 1211
26 1352
15 1497
47 1306
25 1181
43 1319
45 1147
16 1390
40 1013
16 1296
12 1235
15 1101
41 1312
39 1057
47 1173
49 1269
36 1311
27 1105
27 1440
37 1298
39 1025
41 1426
30 1307
35 1106
44 1054
22 1102
18 1450
45 1162
46 1459
17 1013
36 1207
10 1098
38 1313
39 1445
22 1177
47 1086
41 1162
12 1477
25 1259
17 1396
31 1049
36 1428
34 1020
27 1330
42 1361
49 1396
16 1395
45 1480
30 1340
42 1221
35 1338
42 1271
18 1369
45 1259
14 1376
27 1034
39 1292
20 1257
23 1005
37 1143
32 1279
32 1387
39 1154
25 1169
13 1321
32 1312
26 1019
35 1438
23 1049
49 1152
47 1468
28 1487
28 1376
17 1015
25 1057
26 1223
15 1186
36 1181
33 1163
28 1208
46 1296
38 1459
37 1239
37 1270
27 1286
21 1228
47 1285
15 1053
40 1356
15 1402
20 1127
22 1315
38 1382
48 1341
42 1152
16 1321
22 1094
13 1084
48 1076
14 1120
11 1480
22 1226
32 1428
21 1205
35 1033
16 1090
37 1265
38 1189
47 1254
11 1043
17 1142
45 1329
22 1345
33 1292
44 1433
39 1423
33 1448
41 1392
24 1453
36 1195
24 1038
21 1481
46 1019
39 1171
27 1145
48 1441
31 1195
15 1113
16 1452
42 1453
28 1421
13 1375
23 1308
38 1136
14 1314
40 1096
20 1344
43 1008
31 1344
37 1072
18 1370
29 1087
37 1442
27 1051
45 1314
31 1271
20 1341
22 1204
27 1448
13 1351
49 1392
17 1028
49 1241
27 1241
30 1315
17 1123
19 1230
47 1272
27 1320
25 1016
32 1008
44 1259
44 1237
36 1432
32 1468
21 1436
11 1298
12 1431
42 1165
31 1189
43 1446
28 1214
16 1083
24 1440
15 1220
11 1165
47 1344
33 1282
31 1144
11 1404
47 1091
22 1435
21 1174
13 1028
31 1072
10 1105
41 1174
42 1440
35 1250
28 1194
31 1110
18 1269
37 1434
12 1426
45 1360
19 1400
27 1359
20 1365
16 1067
18 1463
27 1117
48 1178
20 1389
20 1049
37 1341
27 1415
45 1251
12 1270
22 1439
39 1349
13 1048
41 1415
41 1179
33 1323
40 1314
18 1012
12 1485
44 1320
33 1089
23 1062
21 1118
25 1368
41 1416
30 1447
48 1467
45 1195
35 1410
25 1382
11 1136
40 1157
31 1371
14 1187
10 1054
24 1011
43 1197
38 1360
42 1317
29 1262
12 1398
15 1308
49 1043
40 1377
25 1067
12 1077
17 1148
47 1338
42 1065
13 1288
26 1242
25 1430
46 1021
30 1107
24 1201
21 1389
30 1341
40 1391
11 1164
12 1017
39 1170
24 1496
34 1185
31 1025
24 1347
49 1111
32 1363
15 1436
29 1006
34 1460
37 1372
49 1083
34 1052
16 1095
30 1025
49 1424
24 1312
40 1445
22 1025
46 1420
26 1382
21 1074
17 1466
13 1092
12 1222
30 1052
34 1369
47 1256
20 1046
46 1488
40 1377
36 1265
41 1034
11 1475
41 1324
26 1273
18 1398
29 1017
16 1296
18 1093
43 1454
33 1298
32 1232
25 1124
37 1434
24 1404
43 1144
44 1361
11 1362
34 1095
36 1018
34 1202
24 1249
19 1095
36 1310
49 1202
36 1196
36 1416
48 1355
42 1172
42 1305
33 1054
20 1466
21 1036
40 1391
46 1270
29 1156
16 1201
12 1268
26 1209
42 1031
38 1011
19 1048
49 1319
43 1341
22 1484
19 1022
13 1266
38 1444
14 1224
47 1007
44 1218
16 1162
29 1124
14 1313
33 1263
21 1347
37 1149
41 1171
24 1359
21 1222
41 1166
48 1330
24 1075
13 1045
46 1363
40 1348
10 1132
32 1472
28 1445
38 1155
39 1198
36 1326
22 1388
28 1032
19 1426
38 1157
13 1120
37 1163
47 1203
15 1143
27 1263
33 1484
38 1375
35 1014
35 1467
48 1491
38 1024
41 1129
21 1190
47 1010
32 1429
25 1155
42 1015
23 1366
44 1373
37 1068
29 1237
43 1041
27 1239
49 1394
37 1052
28 1102
27 1467
39 1270
47 1099
47 1421
23 1360
40 1054
29 1156
27 1147
23 1270
48 1180
22 1167
36 1313
26 1099
35 1071
21 1257
36 1095
12 1333
14 1079
12 1335
31 1488
25 1310
20 1429
32 1221
43 1138
49 1072
19 1273
36 1169
26 1322
31 1463
26 1446
30 1138
11 1072
42 1433
14 1147
24 1425
33 1204
15 1480
27 1301
36 1168
46 1047
49 1056
33 1490
30 1373
33 1074
28 1333
14 1477
26 1208
37 1343
43 1072
11 1265
39 1269
18 1303
39 1445
44 1173
22 1128
32 1277
48 1030
33 1191
41 1184
25 1182
16 1218
15 1209
24 1411
14 1135
37 1349
28 1491
23 1133
27 1387
41 1333
22 1392
16 1045
43 1291
17 1164
19 1247
14 1380
47 1041
22 1316
26 1087
41 1088
46 1082
27 1377
33 1439
31 1203
39 1017
23 1239
43 1207
21 1129
25 1433
17 1223
41 1209
43 1295
24 1269
42 1269
42 1370
21 1226
43 1106
46 1119
34 1057
39 1365
34 1113
33 1081
37 1164
11 1229
15 1333
25 1445
13 1368
16 1240
10 1401
28 1012
46 1178
22 1003
31 1469
25 1397
20 1306
42 1470
32 1028
36 1266
15 1382
39 1375
34 1227
28 1187
21 1420
45 1045
27 1090
31 1266
14 1137
35 1313
18 1215
12 1072
14 1418
11 1342
31 1231
15 1387
35 1330
25 1373
43 1415
29 1260
11 1401
44 1347
43 1385
17 1287
29 1063
19 1195
48 1448
24 1136
45 1200
44 1313
12 1180
46 1008
20 1295
23 1281
48 1111
39 1441
40 1011
14 1257
19 1181
15 1437
49 1226
34 1035
19 1451
17 1180
16 1372
39 1109
15 1150
37 1491
21 1442
18 1212
42 1045
43 1123
25 1409
19 1280
49 1385
17 1090
14 1362
28 1204
39 1274
33 1255
36 1073
17 1354
31 1134
17 1020
14 1297
34 1100
31 1315
44 1460
22 1090
38 1267
35 1136
21 1140
10 1388
47 1145
40 1077
40 1304
48 1046
22 1193
35 1303
49 1092
45 1135
12 1369
18 1402
16 1209
49 1173
49 1487
13 1140
40 1408
27 1036
39 1393
40 1170
22 1022
33 1274
34 1225
38 1296
35 1025
48 1021
22 1133
38 1408
43 1299
33 1257
22 1257
22 1447
37 1341
27 1034
20 1108
46 1297
12 1292
16 1064
23 1449
15 1211
18 1289
43 1034
16 1333
47 1018
26 1481
17 1224
38 1203
13 1389
49 1076
39 1210
41 1071
26 1165
44 1383
15 1495
38 1173
39 1075
22 1126
24 1294
13 1155
36 1033
32 1194
31 1073
20 1375
19 1477
21 1458
45 1159
48 1121
48 1263
33 1435
34 1104
20 1313
46 1006
35 1227
48 1424
17 1138
20 1385
40 1096
32 1457
19 1474
43 1196
46 1127
19 1322
26 1298
48 1458
31 1337
34 1152
37 1296
21 1422
12 1323
11 1176
21 1314
47 1478
15 1291
46 1256
45 1150
37 1357
14 1171
38 1316
33 1489
28 1141
30 1204
49 1339
28 1289
32 1131
26 1035
21 1216
29 1099
42 1309
25 1466
14 1234
45 1355
22 1095
11 1055
16 1351
33 1318
24 1117
32 1091
41 1295
32 1011
38 1063
46 1385
29 1223
43 1242
31 1119
16 1032
41 1096
24 1069
35 1275
45 1281
34 1063
32 1253
26 1380
32 1200
41 1075
33 1118
12 1214
33 1006
17 1109
32 1228
41 1097
32 1164
49 1233
48 1414
41 1281
43 1203
13 1281
34 1030
15 1482
27 1218
26 1342
29 1210
14 1459
17 1317
44 1046
13 1008
19 1313
39 1096
13 1499
44 1373
23 1213
12 1081
18 1238
47 1435
12 1295
49 1429
45 1259
19 1331
47 1251
39 1107
21 1381
17 1218
19 1417
43 1323
20 1061
42 1344
14 1256
11 1383
24 1013
24 1110
19 1144
34 1160
47 1140
18 1023
12 1211
35 1164
46 1194
38 1013
31 1047
42 1216
37 1104
27 1040
30 1196
27 1464
13 1343
33 1400
43 1331
21 1194
22 1013
19 1213
42 1270
33 1079
16 1334
19 1218
44 1405
48 1480
13 1381
24 1134
34 1396
26 1456
22 1472
18 1498
39 1204
38 1466
46 1019
14 1286
14 1432
39 1112
45 1071
28 1207
23 1248
16 1379
15 1117
19 1391
15 1016
46 1352
42 1496
29 1257
33 1049
23 1236
21 1137
16 1396
43 1242
22 1065
26 1370
13 1242
19 1461
19 1276
14 1012
41 1078
17 1343
12 1486
11 1201
18 1155
37 1194
26 1285
35 1354
18 1487
19 1389
45 1191
30 1405
19 1095
34 1472
39 1456
48 1178
45 1325
12 1145
42 1053
45 1434
29 1468
12 1244
41 1412
48 1352
38 1059
33 1485
28 1150
25 1243
19 1413
33 1473
29 1435
16 1060
15 1352
30 1083
19 1071
49 1188
18 1435
37 1145
26 1284
16 1004
47 1084
36 1396
14 1069
43 1074
48 1270
29 1379
32 1059
30 1408
22 1439
40 1247
13 1230
42 1040
36 1259
25 1390
26 1263
35 1400
47 1194
14 1475
13 1274
37 1033
41 1015
32 1126
19 1049
25 1152
40 1007
25 1207
30 1434
24 1032
17 1406
11 1044
27 1341
24 1088
41 1488
18 1453
12 1011
13 1044
42 1243
17 1019
18 1000
11 1060
20 1444
41 1370
31 1234
45 1427
46 1091
22 1028
37 1219
25 1218
21 1256
22 1379
24 1288
29 1434
10 1338
46 1076
22 1183
18 1100
34 1362
28 1367
12 1163
25 1464
49 1082
43 1236
39 1127
36 1150
16 1152
27 1146
49 1124
37 1266
16 1454
10 1161
27 1198
18 1242
27 1077
12 1430
33 1226
25 1035
34 1135
27 1351
22 1383
22 1183
22 1151
47 1020
14 1199
28 1127
37 1035
36 1311
15 1273
12 1001
35 1086
35 1357
12 1284
34 1239
14 1376
22 1380
28 1460
15 1027
49 1400
27 1488
45 1051
19 1166
22 1286
43 1079
33 1145
25 1418
19 1347
34 1171
45 1443
18 1474
40 1232
29 1140
31 1186
38 1256
44 1321
42 1497
44 1392
40 1328
15 1189
16 1456
10 1179
37 1397
43 1076
21 1126
29 1218
47 1037
12 1083
44 1469
21 1333
20 1488
26 1084
26 1358
17 1025
35 1149
36 1194
28 1383
44 1218
23 1127
24 1007
14 1462
22 1474
22 1210
11 1218
23 1123
43 1172
14 1012
25 1054
12 1403
35 1180
36 1370
42 1332
13 1359
46 1217
22 1186
10 1071
22 1073
49 1365
43 1344
15 1052
21 1434
33 1257
10 1421
26 1150
29 1094
26 1215
22 1475
32 1406
25 1296
15 1314
23 1235
28 1285
16 1242
35 1464
33 1322
34 1029
22 1141
30 1127
22 1369
42 1298
24 1108
32 1304
25 1000
39 1333
39 1349
46 1491
31 1425
49 1467
49 1210
40 1181
30 1072
37 1288
10 1031
23 1319
25 1313
14 1348
27 1342
28 1134
21 1493
46 1237
32 1400
22 1290
29 1187
13 1394
30 1009
21 1423
31 1453
47 1156
42 1097
16 1457
22 1215
32 1022
44 1458
45 1121
30 1496
34 1036
23 1340
46 1366
47 1204
23 1229
42 1408
32 1350
31 1198
47 1099
49 1284
28 1278
26 1105
20 1260
27 1150
18 1336
30 1152
36 1441
18 1273
44 1308
33 1117
18 1173
16 1262
41 1337
12 1466
11 1020
18 1437
28 1471
43 1181
41 1371
27 1319
33 1140
24 1343
44 1071
19 1284
23 1342
49 1253
11 1251
25 1237
30 1066
24 1439
13 1071
15 1463
49 1115
35 1219
35 1147
31 1160
11 1096
19 1216
14 1266
46 1248
42 1401
10 1493
29 1332
34 1395
12 1246
26 1101
47 1364
15 1026
24 1329
29 1156
33 1170
28 1119
14 1002
49 1078
49 1063
32 1316
27 1392
30 1421
26 1461
48 1224
16 1006
21 1080
32 1216
29 1493
16 1266
49 1132
27 1356
20 1017
16 1105
11 1280
26 1471
42 1420
40 1157
40 1119
48 1422
29 1323
21 1426
10 1312
48 1389
48 1046
35 1153
26 1134
23 1161
28 1325
37 1480
42 1442
33 1053
41 1279
31 1013
34 1073
38 1061
12 1085
23 1328
20 1177
30 1242
12 1107
49 1293
16 1336
40 1062
11 1309
25 1426
24 1040
45 1483
22 1042
34 1018
43 1264
13 1141
30 1439
20 1417
19 1198
25 1433
36 1396
31 1057
31 1150
22 1256
37 1024
18 1220
30 1210
46 1198
44 1348
29 1370
37 1133
21 1155
29 1238
23 1150
47 1267
39 1325
47 1411
47 1185
16 1394
11 1406
45 1271
44 1109
46 1317
42 1208
30 1128
18 1094
24 1474
38 1149
46 1012
19 1174
38 1450
37 1106
24 1133
12 1128
27 1289
41 1476
28 1191
39 1309
47 1157
12 1045
28 1443
36 1102
34 1158
40 1490
48 1052
34 1113
18 1489
24 1226
49 1207
38 1072
10 1240
12 1175
24 1277
14 1489
36 1106
31 1286
17 1127
35 1121
37 1193
23 1067
11 1462
31 1088
47 1450
36 1322
11 1330
44 1416
28 1086
13 1112
18 1268
41 1431
18 1444
28 1202
43 1131
42 1214
35 1071
21 1356
36 1300
14 1423
38 1076
49 1282
21 1009
37 1404
47 1258
17 1458
18 1235
31 1489
47 1348
20 1157
26 1362
34 1381
36 1040
40 1132
16 1435
31 1378
34 1406
15 1047
19 1149
40 1256
24 1283
39 1325
17 1345
40 1465
16 1032
48 1077
10 1021
18 1143
40 1128
12 1434
11 1315
45 1405
25 1101
15 1294
36 1370
12 1187
26 1451
29 1461
49 1131
30 1045
48 1251
33 1161
19 1092
28 1030
14 1217
17 1192
14 1498
15 1017
43 1471
19 1297
49 1097
28 1075
38 1280
33 1260
23 1141
20 1153
32 1178
16 1179
44 1064
37 1387
40 1267
45 1021
25 1352
25 1235
38 1156
19 1249
46 1411
34 1243
24 1363
44 1046
45 1298
40 1416
13 1084
29 1143
31 1053
17 1388
35 1481
41 1037
26 1385
42 1039
44 1286
29 1406
10 1448
33 1343
28 1432
47 1426
23 1137
49 1026
23 1092
19 1239
14 1218
34 1178
12 1416
29 1459
16 1478
23 1377
31 1029
26 1040
30 1248
24 1475
40 1477
32 1403
14 1261
22 1276
46 1321
35 1144
46 1151
23 1459
44 1378
34 1377
22 1434
18 1309
18 1039
19 1052
46 1310
33 1404
41 1321
48 1455
15 1477
27 1084
28 1191
26 1224
43 1255
42 1181
32 1079
40 1277
15 1439
27 1383
12 1420
31 1236
30 1076
10 1259
42 1489
15 1357
48 1052
15 1188
20 1361
28 1175
25 1066
24 1097
37 1162
13 1307
12 1387
22 1453
19 1216
19 1310
10 1305
40 1236
32 1239
16 1489
19 1440
23 1450
40 1274
18 1205
11 1422
17 1087
42 1370
30 1160
36 1327
18 1143
43 1368
46 1483
14 1452
33 1068
33 1131
28 1476
21 1236
38 1103
44 1149
42 1420
49 1485
17 1235
36 1169
47 1075
35 1023
19 1193
40 1380
34 1241
16 1406
36 1120
34 1125
15 1317
41 1487
11 1403
10 1365
23 1056
33 1380
47 1348
13 1166
33 1239
32 1448
18 1122
27 1043
42 1437
38 1352
16 1399
18 1034
30 1381
18 1301
40 1308
41 1417
20 1106
12 1460
15 1024
35 1357
45 1107
43 1136
14 1255
18 1144
41 1335
34 1401
11 1458
40 1220
40 1032
16 1436
34 1378
25 1226
23 1196
43 1200
46 1087
28 1193
24 1073
24 1114
29 1399
19 1010
43 1407
13 1030
40 1272
16 1241
27 1239
16 1454
17 1270
42 1314
39 1151
10 1140
19 1019
12 1098
24 1354
33 1120
22 1499
34 1212
39 1213
23 1093
20 1277
20 1157
28 1291
41 1138
17 1447
44 1345
38 1034
17 1181
28 1450
26 1253
43 1204
46 1224
41 1158
46 1477
49 1080
47 1327
29 1198
16 1028
18 1170
12 1273
14 1037
32 1111
47 1408
33 1050
44 1094
21 1097
48 1085
36 1033
11 1112
45 1242
12 1130
22 1078
18 1422
40 1230
45 1235
34 1113
13 1144
12 1317
40 1476
48 1324
33 1322
21 1282
39 1306
42 1104
14 1112
49 1285
28 1344
12 1190
17 1101
17 1287
35 1168
34 1325
35 1032
49 1004
18 1063
49 1298
24 1298
49 1430
31 1193
36 1280
15 1408
29 1195
16 1167
42 1193
39 1004
32 1493
39 1022
25 1077
27 1196
28 1263
45 1000
14 1401
35 1006
39 1333
38 1205
41 1232
38 1322
20 1000
30 1457
18 1083
10 1317
11 1017
22 1426
10 1402
20 1102
25 1348
42 1342
11 1281
35 1224
23 1306
20 1280
18 1340
33 1117
20 1235
38 1343
36 1448
15 1008
18 1064
10 1461
13 1266
30 1140
45 1252
22 1228
15 1168
35 1047
27 1211
23 1404
26 1469
35 1153
27 1359
45 1304
49 1248
11 1269
41 1145
32 1170
34 1284
20 1118
34 1215
14 1128
14 1254
25 1297
35 1185
40 1346
33 1340
18 1045
21 1481
47 1275
19 1379
39 1260
48 1240
27 1177
42 1380
29 1466
44 1352
40 1454
31 1312
25 1337
31 1031
37 1119
10 1009
28 1427
39 1095
42 1426
20 1241
11 1331
14 1375
21 1447
25 1344
14 1246
31 1024
14 1177
21 1126
37 1275
21 1179
30 1314
19 1356
12 1116
21 1273
37 1469
25 1191
49 1160
38 1163
30 1293
43 1317
21 1139
46 1299
47 1153
44 1126
13 1482
27 1279
11 1149
16 1301
15 1331
14 1349
29 1405
49 1483
12 1075
14 1010
32 1478
13 1234
36 1446
15 1194
44 1359
46 1215
14 1422
39 1341
21 1330
34 1342
43 1462
48 1470
38 1486
35 1241
44 1308
40 1405
17 1257
38 1388
38 1046
34 1425
10 1486
27 1100
26 1303
40 1285
34 1012
28 1197
11 1369
40 1260
35 1136
37 1082
22 1478
17 1397
35 1471
17 1161
41 1316
25 1496
30 1042
22 1107
30 1499
33 1256
23 1089
48 1429
36 1144
32 1152
26 1285
24 1186
48 1060
45 1496
43 1214
32 1402
28 1476
47 1362
20 1242
22 1401
43 1367
17 1241
46 1087
20 1058
49 1381
30 1246
32 1226
29 1262
19 1149
39 1300
33 1394
29 1167
39 1204
22 1250
34 1101
20 1302
40 1404
39 1309
13 1165
10 1062
19 1497
24 1404
31 1027
18 1087
11 1412
23 1256
46 1081
30 1458
26 1331
25 1441
32 1110
21 1197
25 1242
12 1356
22 1201
13 1059
44 1483
21 1389
42 1253
38 1248
46 1413
48 1230
40 1439
44 1420
41 1193
19 1426
31 1318
28 1265
10 1349
11 1463
37 1285
13 1432
48 1390
35 1035
39 1217
44 1235
35 1041
29 1141
27 1213
31 1185
44 1083
43 1071
19 1026
23 1072
25 1241
10 1383
18 1039
14 1242
24 1403
17 1495
25 1002
47 1487
20 1253
18 1271
43 1195
11 1097
21 1111
41 1328
36 1230
20 1374
12 1026
41 1267
39 1492
17 1180
25 1082
43 1366
48 1325
39 1332
19 1335
39 1285
41 1225
30 1309
37 1443
24 1336
45 1475
25 1326
25 1434
20 1434
12 1385
21 1429
46 1093
43 1323
41 1459
11 1117
34 1470
11 1138
18 1000
27 1332
38 1024
12 1469
22 1195
40 1440
31 1172
36 1346
12 1458
22 1496
19 1355
42 1308
28 1243
22 1009
30 1281
48 1006
11 1213
17 1249
39 1481
33 1103
23 1125
45 1121
49 1376
23 1316
10 1194
38 1208
11 1446
14 1239
46 1061
24 1273
22 1131
47 1324
38 1154
38 1447
13 1313
27 1479
42 1097
11 1214
18 1075
37 1071
11 1432
42 1246
25 1464
41 1279
48 1221
42 1125
46 1433
34 1418
27 1412
28 1420
47 1489
49 1169
31 1473
18 1039
36 1451
39 1263
34 1447
41 1285
10 1440
22 1254
17 1483
45 1181
11 1158
19 1330
12 1359
25 1425
34 1352
30 1366
44 1107
45 1015
18 1270
32 1027
32 1115
28 1165
14 1346
35 1225
15 1497
38 1094
38 1206
22 1282
21 1425
16 1484
35 1453
49 1094
30 1100
20 1026
35 1416
26 1185
17 1110
19 1212
31 1034
10 1374
31 1247
36 1420
24 1111
29 1005
32 1011
26 1364
42 1450
18 1453
41 1049
19 1089
17 1069
40 1195
14 1371
21 1200
41 1456
18 1078
14 1010
39 1060
15 1050
45 1286
17 1032
43 1228
24 1211
34 1047
36 1401
29 1454
17 1377
19 1380
46 1352
47 1304
26 1449
45 1462
29 1483
28 1383
45 1003
25 1058
16 1471
34 1461
11 1234
44 1172
33 1315
14 1352
30 1040
10 1029
16 1449
27 1397
47 1265
43 1478
21 1127
47 1141
18 1410
25 1211
30 1335
37 1156
22 1079
45 1478
20 1177
39 1370
42 1467
43 1395
22 1250
41 1240
20 1168
12 1326
32 1323
27 1461
49 1034
33 1122
46 1257
43 1317
17 1321
17 1263
15 1369
18 1300
21 1125
40 1008
41 1151
16 1450
48 1092
38 1084
19 1194
28 1015
13 1134
41 1084
21 1372
14 1347
43 1192
35 1149
35 1494
41 1009
48 1254
29 1390
49 1158
12 1180
29 1256
19 1410
48 1471
29 1058
33 1408
19 1196
48 1417
41 1250
23 1133
17 1215
49 1379
30 1030
24 1273
11 1198
48 1117
48 1492
12 1480
47 1194
14 1466
13 1108
13 1360
45 1434
11 1287
41 1234
24 1146
19 1332
30 1252
48 1110
28 1035
22 1457
25 1176
38 1259
33 1297
25 1248
43 1168
13 1370
19 1108
12 1361
29 1372
28 1287
17 1027
48 1009
26 1194
23 1000
14 1373
42 1440
42 1482
28 1133
26 1170
11 1380
41 1398
37 1351
13 1482
34 1216
10 1313
36 1423
16 1265
33 1041
49 1168
43 1132
48 1370
10 1264
17 1387
37 1415
20 1385
34 1032
37 1456
45 1237
18 1094
16 1241
40 1090
34 1419
26 1123
16 1234
40 1183
43 1066
36 1324
16 1413
36 1018
34 1379
42 1279
39 1122
38 1219
33 1296
29 1396
25 1204
29 1108
25 1479
42 1416
31 1267
13 1331
48 1454
21 1132
20 1378
11 1041
34 1203
35 1218
36 1085
10 1393
45 1123
15 1312
14 1493
20 1168
13 1282
24 1259
37 1361
37 1392
24 1255
35 1118
20 1305
30 1457
44 1476
10 1233
42 1409
16 1141
44 1182
49 1388
25 1202
16 1010
37 1062
37 1219
39 1263
26 1195
16 1407
48 1477
11 1229
23 1426
30 1380
43 1348
37 1285
40 1380
31 1008
27 1107
26 1143
49 1450
13 1094
29 1270
28 1372
34 1310
27 1234
20 1448
19 1255
39 1172
41 1249
25 1331
46 1072
45 1057
37 1462
41 1410
32 1078
38 1199
31 1357
35 1279
38 1485
32 1257
28 1172
41 1316
36 1058
45 1164
24 1244
34 1058
46 1272
13 1240
37 1221
21 1118
20 1380
15 1254
33 1342
12 1012
28 1194
41 1059
24 1025
24 1331
33 1013
37 1045
26 1199
32 1080
39 1031
31 1167
24 1163
43 1384
23 1297
47 1467
45 1332
21 1368
18 1025
34 1168
27 1175
22 1444
25 1049
25 1285
43 1054
20 1187
35 1159
24 1159
16 1371
32 1215
31 1143
13 1143
42 1332
39 1419
41 1219
32 1000
14 1060
45 1481