6000 2500
19 1064
49 1332
17 1153
13 1131
47 1235
28 1144
19 1363
16 1155
47 1011
26 1280
42 1004
13 1004
33 1200
14 1112
34 1173
30 1120
27 1168
19 1039
11 1148
14 1064
19 1223
31 1439
32 1223
40 1427
47 1382
20 1213
13 1328
40 1189
49 1335
19 1183
27 1061
49 1435
38 1098
25 1137
41 1124
14 1117
18 1105
41 1041
34 1233
38 1411
27 1335
30 1414
28 1282
22 1026
38 1386
45 1264
16 1444
49 1093
44 1343
37 1291
34 1327
11 1409
21 1440
34 1277
13 1119
43 1475
10 1397
28 1338
24 1159
26 1138
24 1317
46 1268
40 1305
41 1066
13 1486
31 1369
22 1448
27 1275
49 1332
44 1325
31 1176
37 1352
31 1281
44 1479
36 1402
32 1353
20 1402
38 1093
28 1075
34 1189
11 1131
21 1334
37 1191
33 1241
26 1223
15 1176
20 1264
48 1254
18 1413
27 1145
17 1081
18 1010
15 1279
37 1169
14 1309
40 1201
41 1353
23 1073
14 1227
16 1491
11 1465
28 1243
49 1263
33 1186
14 1207
47 1130
15 1419
38 1344
26 1478
45 1291
21 1288
26 1232
17 1423
33 1073
24 1452
10 1031
34 1267
34 1287
24 1043
44 1348
46 1082
46 1297
30 1034
13 1130
38 1188
43 1019
13 1184
26 1147
21 1316
18 1056
10 1234
45 1099
10 1130
38 1396
47 1319
47 1210
33 1373
30 1196
31 1286
19 1027
44 1260
30 1290
23 1456
15 1039
46 1383
10 1200
38 1351
18 1401
23 1043
14 1076
23 1374
11 1273
24 1421
17 1108
11 1079
38 1234
34 1232
23 1301
26 1130
34 1300
10 1350
32 1421
47 1424
29 1092
48 1220
46 1230
28 1250
47 1287
46 1033
18 1156
10 1257
30 1225
28 1468
47 1269
19 1408
43 1347
46 1141
40 1337
44 1299
27 1440
34 1259
39 1112
32 1168
24 1169
42 1202
20 1055
44 1361
31 1265
41 1400
12 1356
17 1048
12 1179
27 1029
20 1077
11 1465
31 1414
35 1478
46 1172
15 1052
21 1411
14 1207
15 1070
41 1482
49 1394
13 1454
31 1002
27 1170
19 1247
17 1253
25 1437
44 1388
11 1317
42 1382
28 1234
12 1194
44 1458
24 1057
19 1368
29 1002
35 1464
26 1486
37 1439
36 1095
23 1139
11 1263
43 1205
24 1051
40 1207
35 1343
31 1103
25 1389
23 1101
19 1203
21 1183
34 1362
17 1494
33 1034
35 1180
14 1140
17 1435
26 1331
41 1499
20 1250
25 1487
14 1210
48 1419
25 1359
21 1076
48 1477
22 1080
39 1060
30 1100
49 1364
24 1393
27 1215
24 1452
34 1277
26 1190
12 1123
13 1247
10 1143
19 1266
30 1116
42 1208
10 1369
29 1458
38 1031
25 1499
41 1074
13 1146
27 1358
48 1151
16 1424
28 1134
19 1309
20 1497
22 1468
39 1364
22 1299
21 1068
29 1043
20 1261
34 1185
44 1464
32 1232
39 1222
41 1057
35 1373
49 1402
33 1278
27 1484
35 1329
13 1214
14 1338
47 1265
39 1176
49 1313
46 1331
22 1026
27 1301
18 1390
34 1390
31 1189
16 1149
21 1244
28 1272
48 1125
28 1079
42 1148
43 1332
18 1305
25 1388
11 1066
47 1395
31 1259
42 1476
46 1331
22 1094
21 1439
18 1027
37 1104
29 1189
29 1241
16 1442
13 1040
17 1374
31 1129
11 1496
18 1143
34 1243
21 1124
17 1046
29 1314
19 1115
34 1078
18 1034
18 1482
47 1155
44 1378
12 1114
34 1066
23 1049
13 1106
46 1058
30 1077
48 1071
47 1490
11 1094
34 1449
10 1325
28 1135
11 1275
41 1403
34 1440
25 1275
40 1411
27 1263
26 1266
27 1101
24 1461
16 1323
31 1347
38 1289
27 1221
14 1389
28 1049
27 1102
41 1346
33 1244
14 1332
33 1253
11 1345
46 1321
27 1116
13 1123
14 1423
20 1227
15 1338
21 1383
15 1454
23 1157
20 1344
15 1127
39 1493
34 1391
11 1143
33 1364
49 1109
12 1389
23 1126
20 1108
20 1080
39 1145
23 1378
23 1413
20 1266
32 1312
13 1173
22 1095
35 1330
12 1043
29 1223
44 1286
24 1239
30 1462
31 1315
20 1231
44 1222
41 1379
46 1302
32 1025
24 1370
21 1203
47 1383
31 1371
17 1099
35 1159
46 1227
24 1493
44 1107
30 1311
40 1110
27 1321
37 1130
21 1097
38 1098
45 1185
36 1334
30 1280
14 1378
37 1022
22 1331
36 1212
32 1083
10 1137
19 1076
41 1110
10 1224
35 1424
21 1459
47 1235
18 1231
37 1261
25 1084
20 1001
31 1496
38 1352
30 1236
41 1450
48 1478
26 1172
22 1359
20 1017
48 1287
41 1027
15 1329
12 1028
26 1027
22 1287
25 1344
41 1406
42 1216
12 1232
32 1340
31 1080
20 1276
45 1136
33 1098
10 1110
49 1104
31 1248
47 1381
33 1203
43 1471
13 1490
46 1353
29 1217
10 1260
46 1159
38 1430
34 1308
14 1089
40 1016
35 1279
11 1140
14 1248
22 1008
34 1043
17 1428
10 1106
46 1217
26 1083
10 1370
13 1061
17 1036
18 1078
20 1311
23 1199
19 1375
37 1445
29 1382
15 1346
43 1311
38 1422
24 1272
35 1350
33 1136
39 1423
19 1055
45 1411
47 1268
27 1117
29 1407
38 1088
26 1007
28 1392
47 1155
17 1468
33 1048
34 1076
33 1205
34 1394
22 1011
13 1407
28 1065
41 1269
38 1373
34 1394
38 1277
32 1194
49 1157
31 1177
16 1298
36 1028
44 1245
13 1394
45 1058
10 1086
25 1203
15 1419
23 1293
14 1083
21 1180
42 1453
10 1296
16 1487
31 1048
23 1240
20 1327
42 1494
43 1048
25 1394
22 1288
12 1496
26 1254
32 1200
16 1308
12 1415
44 1364
38 1335
44 1164
40 1449
29 1041
10 1356
33 1252
35 1001
29 1360
25 1118
44 1026
29 1350
48 1349
28 1361
37 1332
16 1113
15 1054
38 1040
48 1124
35 1288
24 1238
44 1040
11 1032
41 1096
22 1469
18 1026
45 1138
11 1437
14 1228
28 1477
29 1120
24 1265
18 1316
19 1102
37 1428
33 1214
36 1056
32 1440
19 1321
30 1123
19 1242
12 1371
45 1151
46 1317
44 1491
46 1182
29 1345
43 1094
21 1049
47 1230
31 1351
28 1248
39 1317
38 1160
24 1123
38 1496
15 1114
27 1133
14 1000
36 1416
18 1234
44 1476
49 1088
39 1198
32 1032
14 1287
11 1315
42 1000
19 1098
16 1189
25 1027
44 1253
37 1248
39 1008
26 1065
41 1287
48 1007
42 1202
44 1087
34 1015
18 1338
35 1188
41 1131
45 1291
47 1459
30 1202
26 1119
28 1320
23 1159
35 1487
25 1366
39 1087
44 1198
15 1271
35 1185
49 1110
46 1295
46 1234
27 1169
37 1086
34 1491
39 1019
38 1348
25 1418
43 1031
37 1304
10 1265
45 1491
33 1424
20 1446
10 1202
47 1170
36 1358
10 1358
43 1125
34 1406
14 1186
38 1081
28 1239
30 1089
33 1335
39 1241
33 1269
36 1184
27 1133
28 1108
12 1222
48 1418
13 1159
20 1352
40 1437
17 1338
48 1367
10 1462
17 1014
40 1002
22 1076
30 1392
38 1163
10 1323
47 1118
10 1093
12 1378
39 1159
19 1422
42 1466
18 1352
28 1340
14 1020
30 1178
31 1007
33 1284
35 1460
45 1300
49 1121
44 1014
35 1381
35 1284
32 1088
39 1350
16 1320
27 1216
28 1108
18 1174
41 1011
24 1272
27 1379
25 1459
23 1162
24 1131
15 1482
26 1307
26 1174
33 1043
29 1296
49 1316
41 1085
13 1458
13 1020
47 1049
24 1449
40 1470
34 1305
12 1112
37 1280
41 1193
12 1377
26 1200
45 1440
12 1128
38 1214
31 1159
29 1063
24 1463
35 1193
29 1437
21 1216
23 1059
11 1494
33 1012
18 1025
13 1143
17 1287
47 1477
41 1248
17 1139
38 1108
48 1365
49 1493
42 1327
48 1125
27 1036
41 1075
40 1329
42 1354
20 1072
43 1234
34 1470
30 1310
16 1433
35 1070
39 1363
45 1133
28 1142
12 1129
39 1391
25 1262
40 1155
39 1387
32 1467
29 1327
49 1328
40 1354
13 1481
33 1404
27 1196
31 1440
33 1370
37 1130
22 1243
33 1464
26 1068
46 1472
37 1285
41 1089
13 1192
28 1206
41 1293
28 1266
48 1178
19 1465
23 1246
38 1429
28 1004
35 1226
47 1376
37 1008
16 1097
39 1242
28 1418
42 1057
28 1305
46 1406
46 1316
10 1395
29 1112
11 1301
35 1433
14 1231
27 1205
24 1388
27 1457
24 1151
23 1441
32 1190
13 1018
15 1012
22 1247
38 1357
42 1381
34 1376
36 1448
40 1478
27 1486
13 1185
36 1406
12 1036
21 1381
13 1072
18 1491
20 1345
26 1444
47 1225
17 1457
30 1425
49 1473
18 1012
23 1446
21 1253
26 1293
35 1458
40 1354
41 1016
36 1200
20 1045
17 1031
32 1001
19 1075
16 1287
41 1336
17 1146
18 1087
42 1262
36 1340
25 1407
17 1389
48 1328
39 1457
14 1209
29 1252
39 1289
43 1101
40 1205
12 1085
32 1133
29 1091
40 1048
32 1299
26 1146
39 1167
18 1020
12 1268
13 1066
39 1493
12 1330
47 1022
27 1472
41 1471
15 1039
10 1481
22 1344
30 1384
30 1243
33 1185
35 1212
15 1014
37 1455
44 1476
26 1174
23 1013
48 1244
26 1111
31 1232
33 1391
10 1142
40 1463
16 1261
46 1412
17 1345
33 1470
42 1028
16 1089
17 1004
47 1134
34 1205
34 1313
29 1076
39 1064
38 1359
41 1255
24 1439
35 1029
26 1248
10 1036
48 1060
45 1131
41 1187
21 1473
28 1172
38 1205
27 1443
27 1297
43 1366
36 1018
34 1301
42 1333
38 1319
33 1496
10 1413
23 1169
34 1319
30 1429
13 1264
16 1090
36 1045
33 1409
34 1447
40 1424
48 1081
35 1199
20 1207
37 1019
18 1227
38 1441
24 1473
39 1185
30 1378
14 1243
29 1394
32 1411
47 1056
13 1287
29 1313
34 1210
41 1202
46 1006
19 1250
18 1063
47 1183
32 1393
37 1490
40 1131
18 1447
14 1305
39 1132
20 1359
38 1398
26 1028
24 1254
14 1219
31 1395
32 1271
39 1168
25 1461
49 1216
45 1023
19 1010
12 1411
30 1159
49 1390
12 1227
24 1491
33 1333
16 1471
15 1208
22 1123
12 1210
19 1139
44 1425
16 1073
12 1460
30 1280
43 1205
48 1406
42 1107
23 1172
34 1151
41 1464
32 1061
38 1490
24 1465
43 1447
36 1386
32 1385
40 1238
10 1210
14 1491
16 1441
17 1382
43 1388
28 1122
22 1342
32 1103
44 1269
43 1364
30 1404
44 1169
45 1401
42 1318
20 1112
27 1172
13 1426
24 1091
22 1286
12 1264
42 1182
31 1262
40 1239
16 1288
16 1101
32 1197
13 1469
34 1091
49 1195
30 1410
27 1001
17 1208
35 1330
14 1077
32 1239
24 1426
18 1245
35 1401
29 1390
10 1092
19 1204
13 1062
23 1092
20 1341
32 1326
15 1363
23 1150
44 1298
21 1306
22 1256
27 1429
25 1441
27 1252
10 1372
22 1375
26 1406
27 1205
44 1259
14 1445
27 1246
39 1040
20 1481
35 1452
40 1482
11 1389
28 1090
21 1403
36 1342
37 1138
30 1250
49 1261
17 1377
14 1316
29 1099
11 1090
14 1414
14 1467
32 1446
49 1380
30 1286
32 1096
16 1404
17 1418
25 1355
15 1088
41 1241
18 1356
31 1116
44 1038
46 1228
22 1404
39 1318
37 1251
13 1055
24 1219
45 1166
27 1004
46 1304
44 1092
24 1446
16 1277
31 1167
37 1325
14 1389
38 1416
22 1024
46 1077
21 1303
36 1066
17 1114
36 1004
10 1471
20 1478
11 1233
22 1000
38 1013
34 1104
27 1024
23 1283
46 1022
45 1194
29 1445
36 1083
30 1370
23 1410
38 1088
32 1249
16 1178
11 1406
48 1455
15 1398
49 1433
11 1292
32 1194
45 1283
26 1373
22 1078
41 1124
18 1341
45 1491
29 1182
12 1237
43 1479
44 1479
41 1180
49 1131
29 1490
22 1150
33 1460
46 1327
20 1147
45 1189
37 1272
43 1079
37 1246
46 1237
45 1451
36 1428
38 1157
20 1482
32 1393
39 1260
14 1203
21 1182
19 1136
33 1425
40 1188
43 1138
28 1038
17 1190
47 1456
13 1275
42 1489
35 1007
22 1248
23 1191
28 1313
32 1070
25 1327
43 1361
19 1118
31 1316
48 1434
12 1356
33 1063
28 1201
27 1256
48 1255
28 1369
31 1259
10 1063
18 1388
18 1495
45 1417
34 1319
37 1262
16 1233
36 1408
23 1103
30 1191
16 1347
33 1435
19 1072
32 1255
42 1302
35 1098
29 1043
30 1157
24 1061
23 1189
48 1169
29 1212
33 1060
41 1018
45 1167
47 1139
11 1259
37 1260
49 1222
41 1390
12 1137
44 1292
48 1136
29 1025
38 1437
12 1392
46 1182
20 1461
36 1274
11 1161
26 1444
38 1275
39 1108
49 1416
13 1434
38 1427
17 1475
31 1453
12 1290
42 1108
21 1253
43 1382
28 1015
26 1330
24 1203
17 1154
35 1472
31 1444
31 1060
41 1343
35 1408
43 1267
49 1243
22 1104
21 1034
24 1358
28 1207
11 1158
40 1325
46 1193
27 1387
25 1385
41 1232
43 1038
30 1443
23 1447
39 1274
38 1417
39 1111
47 1133
32 1371
37 1050
40 1404
15 1217
34 1199
34 1387
44 1388
10 1019
31 1293
10 1158
35 1245
46 1377
40 1234
14 1268
46 1296
39 1099
43 1427
11 1047
21 1351
39 1236
23 1444
32 1059
47 1185
24 1375
10 1121
25 1291
33 1293
31 1488
20 1302
25 1478
39 1411
39 1101
40 1187
18 1442
18 1163
46 1016
42 1362
17 1229
24 1448
24 1452
18 1007
33 1359
43 1354
16 1393
47 1473
17 1267
12 1037
17 1463
34 1224
43 1174
48 1364
19 1024
41 1377
30 1479
13 1420
33 1430
31 1041
38 1338
34 1227
13 1195
32 1057
49 1156
29 1342
32 1258
40 1357
12 1378
29 1422
46 1492
43 1302
42 1455
43 1467
25 1079
20 1055
36 1236
42 1452
44 1498
25 1081
23 1115
13 1104
26 1286
38 1004
33 1050
17 1267
15 1071
34 1113
46 1365
40 1232
16 1248
44 1468
19 1071
28 1396
31 1036
43 1071
42 1205
24 1234
31 1438
10 1050
30 1272
47 1106
12 1313
17 1300
42 1337
47 1347
33 1490
27 1371
14 1254
34 1312
21 1293
30 1378
18 1068
13 1454
10 1457
25 1334
46 1307
16 1104
48 1019
12 1386
44 1103
49 1392
47 1230
48 1382
34 1126
20 1389
44 1115
41 1055
44 1391
12 1079
21 1462
16 1106
30 1275
42 1457
30 1414
37 1005
34 1098
45 1113
18 1016
46 1022
42 1192
13 1103
23 1441
43 1392
31 1308
32 1447
15 1314
33 1166
11 1387
23 1067
32 1171
41 1044
47 1362
38 1327
16 1175
36 1342
33 1196
41 1141
44 1031
13 1353
19 1020
46 1010
44 1293
45 1047
43 1488
43 1330
29 1408
47 1301
43 1361
27 1394
17 1101
41 1318
31 1140
10 1091
39 1134
10 1245
31 1150
49 1342
35 1181
23 1221
36 1416
48 1092
27 1231
10 1131
16 1423
35 1259
35 1130
21 1260
32 1056
40 1083
11 1208
42 1316
17 1292
44 1304
19 1141
30 1229
16 1200
34 1019
27 1438
42 1317
31 1490
26 1445
26 1461
34 1036
29 1229
10 1241
16 1238
37 1212
26 1224
24 1482
31 1450
19 1037
36 1225
36 1400
33 1391
30 1145
35 1008
14 1319
41 1035
30 1339
49 1450
43 1042
49 1092
33 1239
34 1254
39 1102
35 1044
39 1155
37 1412
30 1323
42 1343
37 1448
24 1099
20 1382
34 1160
40 1007
25 1369
14 1074
19 1295
14 1274
20 1211
13 1226
45 1412
48 1175
20 1111
16 1214
13 1138
19 1312
20 1276
34 1457
10 1160
32 1148
31 1339
18 1044
11 1134
36 1164
36 1022
15 1151
42 1230
11 1183
42 1444
33 1280
43 1095
42 1357
13 1264
39 1001
21 1276
40 1003
42 1325
31 1037
29 1358
15 1050
45 1477
46 1254
38 1414
26 1012
38 1198
20 1080
35 1310
38 1205
42 1349
19 1274
45 1383
30 1121
36 1103
40 1061
48 1423
49 1106
34 1163
24 1352
34 1245
14 1147
49 1228
11 1222
15 1264
36 1257
38 1445
28 1088
40 1285
20 1441
29 1229
12 1154
49 1138
12 1278
35 1280
46 1312
49 1030
37 1496
19 1385
17 1053
41 1245
35 1149
25 1311
22 1169
29 1490
21 1442
22 1433
44 1403
12 1108
39 1379
25 1122
23 1460
15 1235
45 1458
34 1375
41 1271
34 1212
21 1207
37 1321
14 1160
14 1348
21 1218
12 1431
36 1307
12 1362
14 1481
11 1405
36 1156
35 1044
37 1167
39 1003
10 1386
37 1042
42 1164
38 1151
36 1412
37 1004
39 1416
28 1125
32 1223
43 1394
34 1106
26 1118
39 1051
24 1190
27 1474
48 1201
23 1138
10 1432
14 1047
34 1169
42 1254
24 1207
13 1471
35 1199
19 1387
23 1275
35 1105
45 1467
36 1261
33 1333
21 1177
20 1345
44 1063
20 1045
21 1175
48 1097
32 1475
44 1478
48 1492
27 1021
49 1146
43 1036
45 1338
33 1406
20 1178
37 1379
19 1041
26 1100
36 1073
30 1135
41 1240
13 1330
24 1483
32 1081
39 1396
21 1128
15 1086
19 1292
20 1310
12 1221
11 1120
48 1033
30 1200
48 1381
33 1012
35 1200
13 1066
40 1035
42 1064
27 1341
19 1214
48 1236
18 1244
39 1083
28 1473
35 1255
35 1264
32 1423
37 1301
35 1248
47 1403
38 1171
16 1124
37 1389
26 1466
45 1108
40 1118
41 1088
25 1417
19 1054
49 1057
10 1430
13 1249
47 1291
11 1320
25 1148
41 1262
44 1101
42 1478
39 1278
46 1194
26 1361
12 1147
25 1131
11 1129
18 1131
10 1150
48 1322
16 1093
33 1439
36 1025
44 1159
15 1167
38 1165
29 1245
45 1472
48 1086
39 1193
35 1221
21 1461
26 1156
34 1446
48 1182
42 1434
34 1420
20 1490
26 1093
33 1210
47 1330
20 1270
10 1312
33 1193
36 1468
18 1030
27 1294
24 1396
26 1272
33 1399
46 1090
38 1444
36 1441
19 1021
41 1239
16 1332
44 1410
48 1470
16 1293
44 1473
48 1073
38 1084
27 1447
25 1098
34 1419
39 1382
23 1157
14 1070
29 1318
42 1259
40 1453
31 1411
38 1290
20 1473
36 1074
19 1487
15 1253
23 1021
18 1272
22 1251
44 1133
44 1298
21 1429
40 1485
45 1071
14 1312
12 1021
16 1180
10 1021
13 1046
22 1347
44 1157
23 1247
48 1115
15 1203
21 1220
33 1287
28 1094
46 1363
23 1009
43 1067
31 1128
23 1429
33 1240
33 1160
14 1120
49 1282
24 1177
43 1288
16 1154
16 1178
47 1074
47 1253
25 1312
13 1372
40 1089
45 1105
43 1372
25 1055
25 1047
37 1395
31 1295
18 1318
43 1446
25 1410
11 1372
13 1257
11 1042
12 1346
32 1162
37 1328
35 1137
49 1033
21 1196
43 1423
15 1065
31 1360
47 1160
31 1479
35 1456
18 1015
32 1348
30 1155
40 1087
44 1005
37 1208
12 1032
14 1340
15 1454
31 1060
25 1205
40 1128
26 1324
42 1479
14 1379
42 1106
25 1171
10 1010
47 1079
36 1350
25 1001
11 1427
47 1411
26 1312
32 1007
33 1059
29 1387
41 1302
19 1282
31 1118
42 1142
21 1290
11 1481
39 1088
20 1329
39 1283
19 1493
44 1347
43 1481
34 1127
39 1337
32 1363
20 1374
47 1119
18 1043
40 1481
34 1407
13 1054
49 1292
28 1348
18 1235
29 1232
15 1275
36 1019
11 1182
21 1247
22 1495
41 1256
29 1451
23 1080
35 1155
15 1230
29 1137
37 1455
20 1044
32 1362
43 1230
35 1132
47 1204
25 1335
25 1016
35 1125
14 1385
12 1141
33 1299
25 1269
26 1499
35 1416
48 1464
45 1017
26 1325
26 1230
35 1035
37 1291
11 1395
18 1487
11 1217
38 1195
27 1144
49 1249
21 1390
46 1169
14 1277
19 1009
25 1030
45 1317
15 1149
40 1051
18 1186
44 1015
33 1189
27 1085
14 1439
49 1072
45 1247
32 1121
19 1164
19 1308
23 1463
38 1149
27 1175
41 1187
30 1042
39 1179
18 1188
28 1092
11 1373
45 1208
45 1205
14 1457
13 1353
48 1039
49 1077
44 1231
32 1267
39 1002
41 1086
22 1407
33 1282
13 1305
10 1220
38 1018
14 1383
19 1132
35 1132
21 1313
36 1038
34 1456
21 1201
21 1444
41 1124
20 1064
15 1413
27 1388
28 1070
27 1024
30 1434
14 1421
48 1214
11 1078
12 1174
33 1162
25 1204
46 1034
23 1196
44 1196
38 1394
49 1395
17 1017
41 1408
39 1463
38 1386
39 1014
27 1123
27 1401
31 1431
25 1493
46 1137
42 1051
17 1252
45 1256
37 1447
37 1129
14 1397
16 1341
10 1074
48 1155
39 1138
49 1309
26 1237
47 1061
42 1341
16 1368
10 1063
41 1190
49 1021
10 1487
49 1421
19 1372
16 1014
40 1385
14 1192
15 1459
48 1035
28 1173
15 1271
43 1328
48 1007
15 1432
28 1173
13 1336
44 1357
19 1294
26 1012
26 1383
28 1200
38 1243
33 1144
21 1133
42 1252
49 1262
37 1482
31 1340
17 1111
29 1345
22 1489
16 1320
12 1260
32 1171
44 1439
45 1268
27 1450
18 1095
47 1341
33 1393
33 1289
31 1350
44 1388
38 1417
15 1355
29 1471
47 1290
31 1436
41 1149
16 1394
33 1095
38 1158
11 1251
36 1327
22 1079
25 1265
35 1129
36 1001
40 1359
41 1347
31 1007
38 1081
32 1082
16 1421
30 1032
29 1094
24 1281
14 1118
20 1277
45 1381
41 1458
19 1408
43 1054
43 1015
31 1174
40 1091
12 1384
46 1152
47 1246
13 1482
16 1359
42 1141
47 1167
13 1383
15 1181
11 1074
16 1135
34 1389
26 1062
40 1164
36 1268
19 1307
22 1052
18 1053
39 1482
31 1156
12 1135
35 1305
10 1368
12 1118
41 1443
41 1381
31 1357
38 1167
35 1173
45 1138
22 1295
39 1182
10 1331
24 1347
32 1276
38 1333
47 1257
40 1435
16 1400
28 1022
12 1473
37 1310
38 1422
13 1013
14 1494
32 1236
25 1399
48 1473
34 1015
35 1365
18 1061
43 1347
35 1279
12 1122
48 1082
39 1353
20 1002
26 1382
28 1314
37 1140
28 1252
48 1036
39 1455
49 1045
40 1206
42 1202
23 1483
14 1216
18 1104
27 1419
46 1268
49 1001
18 1174
12 1391
10 1377
34 1440
25 1161
30 1330
39 1421
48 1147
23 1478
37 1173
23 1010
14 1124
10 1008
45 1238
12 1072
38 1209
47 1164
47 1016
45 1147
33 1137
25 1108
34 1445
18 1137
10 1450
22 1353
48 1454
25 1446
29 1175
44 1339
10 1335
45 1337
44 1255
33 1187
28 1023
10 1415
40 1171
17 1270
17 1481
42 1316
15 1116
29 1156
17 1046
21 1337
39 1212
49 1223
13 1064
26 1049
27 1216
32 1020
21 1439
15 1282
14 1009
18 1127
27 1004
38 1227
31 1175
22 1434
43 1382
31 1230
25 1335
37 1459
17 1481
11 1477
28 1416
20 1182
34 1350
41 1328
43 1095
29 1044
28 1343
37 1023
37 1426
23 1017
20 1056
31 1360
46 1428
28 1093
38 1414
29 1439
29 1280
18 1068
38 1245
40 1064
45 1447
41 1096
13 1200
10 1244
34 1116
25 1092
32 1358
48 1291
15 1277
33 1457
32 1003
13 1463
22 1226
34 1395
41 1051
15 1137
23 1361
24 1033
26 1405
28 1222
16 1324
21 1287
32 1293
35 1099
14 1323
27 1083
30 1132
35 1123
16 1211
16 1208
30 1004
21 1494
24 1022
10 1485
17 1218
42 1143
41 1262
37 1088
26 1401
37 1064
17 1465
28 1149
31 1120
19 1466
24 1435
14 1297
22 1462
43 1096
11 1170
27 1401
11 1386
25 1177
29 1061
30 1262
46 1076
12 1199
27 1305
27 1064
23 1482
21 1467
33 1311
45 1412
47 1337
44 1399
18 1331
18 1417
48 1366
48 1208
45 1081
48 1443
14 1027
23 1008
31 1484
38 1282
22 1081
49 1096
33 1167
38 1127
40 1309
30 1288
34 1022
37 1122
35 1464
17 1411
16 1494
10 1322
10 1145
17 1174
26 1340
40 1217
15 1434
31 1288
28 1363
20 1412
41 1250
22 1042
25 1014
33 1336
40 1052
25 1352
24 1462
29 1357
49 1177
35 1386
18 1315
43 1310
41 1124
32 1344
28 1232
41 1084
27 1335
43 1459
33 1382
23 1078
22 1409
22 1258
49 1365
28 1407
15 1318
21 1153
25 1116
43 1269
32 1249
13 1349
18 1425
34 1247
45 1109
28 1173
11 1490
25 1355
42 1110
19 1038
41 1112
49 1075
48 1320
30 1119
26 1231
34 1043
13 1072
10 1220
24 1131
34 1360
20 1318
17 1045
26 1352
22 1343
24 1221
38 1398
41 1194
47 1028
16 1422
42 1461
31 1413
37 1138
14 1341
48 1170
47 1315
49 1302
34 1084
16 1007
47 1020
48 1495
44 1051
30 1464
35 1122
23 1038
23 1406
11 1151
30 1382
38 1259
29 1051
40 1083
39 1339
13 1393
42 1462
35 1252
15 1198
29 1197
46 1192
21 1425
37 1091
27 1453
38 1371
24 1014
18 1464
42 1252
29 1117
26 1036
18 1433
40 1413
26 1040
44 1199
31 1400
42 1122
41 1052
48 1085
39 1360
16 1083
42 1045
41 1167
24 1114
15 1347
18 1234
21 1163
23 1025
38 1499
46 1132
49 1378
10 1478
17 1229
43 1397
26 1274
36 1127
17 1315
43 1225
33 1032
42 1105
40 1184
32 1465
34 1253
18 1095
36 1152
30 1056
17 1227
30 1320
11 1393
34 1095
42 1279
38 1418
34 1290
47 1033
22 1329
12 1168
46 1373
37 1105
28 1024
18 1179
15 1262
23 1099
10 1305
49 1115
13 1202
12 1306
17 1131
47 1407
11 1320
17 1417
15 1035
30 1349
13 1454
47 1073
28 1244
19 1423
27 1262
21 1461
37 1475
14 1486
23 1101
35 1117
17 1397
20 1440
24 1302
47 1093
30 1011
40 1115
32 1484
19 1186
13 1369
18 1375
21 1018
21 1297
16 1288
28 1394
46 1030
41 1074
44 1326
26 1415
13 1385
45 1433
35 1299
34 1006
19 1371
24 1014
48 1230
10 1323
28 1442
45 1187
43 1046
38 1358
12 1096
32 1009
49 1184
40 1138
20 1013
42 1309
25 1003
22 1168
23 1217
48 1374
35 1323
41 1139
23 1008
25 1409
21 1360
23 1207
15 1451
35 1381
35 1361
45 1045
11 1160
24 1432
23 1007
15 1179
19 1286
16 1008
30 1307
19 1481
17 1286
14 1169
40 1138
12 1219
46 1021
47 1196
24 1491
23 1080
21 1366
42 1329
45 1128
48 1275
35 1364
48 1184
17 1178
26 1173
21 1015
19 1412
25 1165
39 1340
20 1487
31 1411
46 1343
19 1206
33 1146
11 1420
31 1192
21 1392
39 1129
15 1328
22 1205
15 1473
27 1004
15 1183
45 1467
25 1198
26 1340
31 1094
23 1242
15 1249
49 1294
17 1465
31 1281
25 1171
40 1395
10 1419
10 1472
29 1144
38 1185
14 1374
49 1098
24 1115
32 1167
32 1069
42 1431
46 1327
43 1135
47 1341
48 1169
23 1265
27 1471
31 1047
30 1186
31 1169
31 1415
40 1460
45 1087
48 1476
44 1426
39 1008
16 1293
43 1387
39 1243
27 1223
29 1488
42 1283
33 1221
49 1119
16 1445
13 1392
41 1004
34 1338
32 1297
27 1152
34 1322
38 1444
32 1475
40 1100
21 1415
21 1042
42 1350
24 1121
34 1131
26 1150
25 1336
24 1404
45 1250
20 1176
39 1059
26 1070
21 1166
31 1245
10 1357
44 1434
40 1061
36 1494
47 1075
47 1134
10 1088
14 1178
29 1026
14 1380
12 1261
37 1234
12 1331
46 1447
20 1159
46 1381
16 1435
18 1466
22 1142
49 1296
35 1477
29 1254
30 1397
34 1249
16 1028
23 1434
47 1108
18 1082
49 1090
42 1288
48 1324
25 1106
25 1083
31 1345
39 1095
43 1442
48 1190
30 1217
36 1021
38 1384
31 1060
24 1379
49 1403
32 1466
26 1259
43 1291
23 1248
21 1298
26 1337
37 1062
38 1072
19 1334
11 1069
25 1164
31 1343
15 1203
27 1220
43 1406
29 1411
26 1213
10 1043
27 1172
35 1334
28 1085
23 1338
32 1187
29 1058
20 1147
48 1274
36 1439
23 1439
14 1318
10 1185
17 1334
49 1196
33 1116
11 1152
46 1496
34 1209
39 1155
16 1170
35 1124
10 1105
12 1101
49 1299
44 1140
19 1121
24 1399
49 1371
30 1068
13 1237
11 1352
35 1212
28 1361
18 1367
28 1027
36 1192
18 1103
29 1032
32 1254
10 1438
16 1411
33 1389
21 1243
30 1076
36 1491
38 1082
22 1067
32 1224
46 1369
35 1466
19 1371
38 1207
28 1493
12 1012
41 1289
16 1129
22 1498
12 1134
19 1250
21 1258
47 1249
35 1386
28 1420
32 1206
23 1413
41 1071
29 1415
10 1436
19 1190
46 1200
38 1292
24 1059
18 1313
33 1477
17 1004
46 1321
16 1331
21 1453
15 1416
19 1252
48 1427
23 1341
22 1052
22 1078
37 1495
31 1397
16 1384
24 1390
10 1404
13 1386
38 1456
24 1470
25 1248
22 1394
31 1161
41 1478
39 1156
33 1166
36 1255
32 1308
46 1062
20 1452
12 1136
29 1302
10 1249
30 1366
29 1069
30 1059
42 1454
48 1046
18 1059
32 1012
36 1493
44 1261
41 1085
21 1220
48 1393
45 1113
38 1409
16 1199
26 1079
24 1310
46 1370
37 1048
28 1193
42 1044
39 1303
43 1491
46 1391
17 1440
15 1123
21 1287
45 1241
49 1271
19 1459
37 1315
38 1464
21 1229
20 1021
11 1284
12 1355
28 1162
43 1232
12 1183
23 1193
13 1179
21 1107
27 1405
12 1225
12 1270
48 1259
41 1002
12 1097
36 1432
23 1368
19 1496
43 1106
26 1202
46 1426
33 1408
34 1111
22 1206
33 1047
25 1089
15 1131
30 1252
41 1340
10 1322
22 1274
49 1282
20 1304
10 1298
20 1314
16 1226
31 1133
22 1167
11 1119
18 1153
28 1483
24 1049
15 1124
26 1118
17 1374
43 1015
28 1051
47 1343
49 1453
10 1212
17 1451
32 1106
20 1093
45 1315
16 1289
46 1409
49 1317
46 1035
14 1316
22 1388
49 1319
34 1423
40 1218
21 1419
39 1113
18 1273
35 1081
20 1499
42 1403
45 1078
10 1468
41 1194
30 1409
34 1064
41 1359
21 1085
10 1441
20 1460
43 1211
44 1266
20 1347
16 1421
39 1399
19 1158
37 1139
47 1313
19 1343
15 1379
17 1466
46 1044
46 1230
20 1383
37 1456
21 1437
16 1173
39 1049
13 1037
35 1377
22 1042
16 1225
44 1152
23 1265
34 1368
27 1181
47 1487
40 1183
32 1061
18 1484
47 1394
17 1395
43 1276
44 1338
14 1418
22 1018
10 1078
19 1212
25 1190
29 1312
48 1278
16 1430
14 1097
35 1445
22 1140
37 1460
47 1311
42 1349
42 1272
46 1362
13 1446
42 1025
21 1165
45 1235
34 1115
49 1098
44 1212
49 1406
36 1478
44 1338
13 1463
38 1295
39 1079
39 1179
42 1401
48 1205
33 1229
16 1003
37 1315
11 1224
42 1147
14 1180
10 1012
43 1375
21 1330
17 1062
14 1495
35 1189
46 1173
43 1349
27 1009
49 1377
42 1068
26 1145
23 1022
11 1027
32 1069
20 1420
20 1349
42 1319
19 1351
48 1472
33 1451
48 1326
14 1203
13 1304
35 1002
40 1443
17 1125
18 1369
47 1023
14 1312
20 1057
21 1455
42 1190
28 1032
12 1316
35 1410
33 1185
44 1429
44 1153
40 1101
26 1494
14 1101
15 1340
14 1272
44 1098
44 1129
32 1033
21 1067
11 1160
18 1433
24 1134
37 1080
48 1372
14 1207
16 1274
22 1188
49 1217
35 1369
20 1108
11 1126
43 1048
20 1388
47 1338
25 1124
35 1064
14 1163
23 1154
12 1044
47 1151
47 1372
12 1258
18 1404
46 1320
14 1384
13 1016
38 1149
35 1210
11 1300
18 1146
40 1206
44 1285
29 1171
11 1310
26 1498
31 1330
44 1221
15 1041
47 1206
29 1434
35 1483
39 1283
19 1162
21 1254
11 1189
14 1020
18 1170
24 1404
11 1046
32 1468
33 1252
22 1005
31 1398
47 1390
45 1023
21 1365
47 1053
17 1148
12 1196
35 1387
16 1391
37 1403
31 1431
34 1374
42 1407
41 1026
30 1479
35 1225
17 1253
45 1408
49 1260
30 1363
32 1013
45 1031
23 1092
29 1130
24 1244
27 1017
43 1165
15 1390
36 1179
16 1283
46 1305
13 1077
28 1472
23 1150
41 1392
42 1208
49 1025
45 1245
20 1204
29 1063
39 1234
18 1248
34 1185
25 1484
30 1463
30 1011
40 1401
35 1078
15 1201
15 1256
37 1225
35 1385
43 1425
45 1353
48 1447
30 1328
32 1165
27 1401
11 1076
24 1063
29 1290
16 1123
43 1472
22 1165
41 1215
40 1379
19 1078
36 1218
11 1253
41 1395
10 1405
30 1472
33 1126
41 1338
46 1105
47 1096
16 1008
47 1433
12 1264
14 1315
11 1214
14 1137
27 1131
27 1290
19 1449
30 1176
24 1355
32 1145
11 1034
14 1087
30 1304
12 1144
16 1347
45 1310
12 1365
48 1056
42 1380
10 1248
46 1191
29 1179
38 1287
14 1072
17 1478
24 1327
36 1475
33 1309
33 1452
24 1213
21 1091
40 1298
21 1144
16 1057
17 1154
39 1004
39 1278
46 1362
32 1222
24 1045
34 1292
49 1490
26 1186
35 1055
23 1410
17 1467
18 1495
33 1427
48 1360
34 1077
26 1250
35 1227
30 1118
33 1164
48 1345
27 1289
15 1384
49 1203
47 1029
14 1406
43 1049
20 1157
35 1047
14 1089
44 1240
23 1348
10 1219
41 1323
32 1384
40 1175
21 1263
36 1248
30 1307
26 1101
40 1438
49 1019
18 1350
46 1266
18 1344
33 1494
40 1192
42 1414
11 1268
26 1064
12 1185
22 1043
33 1235
12 1244
44 1264
21 1034
21 1482
19 1440
10 1477
22 1323
33 1485
32 1191
18 1095
39 1368
25 1213
42 1345
13 1294
11 1495
38 1149
40 1320
29 1011
38 1030
28 1186
48 1087
43 1441
17 1194
32 1425
27 1154
11 1482
43 1433
41 1247
49 1222
31 1412
46 1191
34 1214
34 1222
27 1094
32 1110
34 1168
49 1172
23 1109
43 1382
41 1497
40 1479
40 1355
19 1012
36 1004
14 1256
11 1095
20 1330
12 1248
36 1387
34 1487
34 1129
47 1002
28 1332
30 1404
38 1301
17 1204
45 1249
38 1422
43 1001
43 1047
37 1272
16 1009
11 1161
15 1494
49 1317
30 1482
47 1015
44 1382
35 1368
47 1334
27 1207
28 1215
48 1200
28 1210
30 1491
36 1073
42 1271
28 1298
49 1387
48 1078
49 1388
13 1123
20 1162
23 1328
37 1396
20 1225
27 1190
43 1099
32 1051
13 1002
20 1080
13 1029
49 1377
37 1132
36 1227
35 1413
40 1419
15 1217
18 1218
26 1405
27 1194
22 1434
40 1486
30 1312
15 1480
21 1256
16 1369
15 1426
24 1345
38 1189
22 1274
39 1415
16 1411
19 1446
38 1448
41 1226
28 1075
32 1305
42 1483
42 1487
31 1041
46 1307
49 1128
30 1068
34 1195
48 1104
46 1423
22 1426
30 1114
49 1440
13 1334
45 1050
47 1026
20 1018
24 1169
13 1469
24 1127
10 1217
34 1039
39 1280
42 1432
17 1177
28 1186
19 1255
10 1479
10 1258
36 1019
47 1126
15 1332
15 1064
29 1435
33 1183
20 1114
11 1321
37 1216
30 1279
14 1436
18 1452
32 1287
21 1402
15 1196
21 1428
49 1100
14 1133
46 1370
18 1197
10 1000
18 1075
14 1461
16 1214
14 1249
14 1037
43 1115
44 1426
37 1183
12 1136
33 1305
40 1306
45 1012
46 1397
45 1351
29 1104
44 1008
24 1389
46 1436
32 1065
13 1054
26 1497
39 1073
43 1400
31 1370
36 1008
25 1122
12 1381
24 1322
46 1225
42 1045
18 1309
30 1204
14 1258
43 1452
28 1138
41 1152
25 1331
31 1358
42 1351
36 1019
44 1244
21 1364
10 1314
27 1292
17 1458
48 1096
40 1186
30 1111
28 1037
29 1288
23 1322
40 1351
37 1469
15 1156
10 1187
27 1327
11 1449
44 1084
25 1334
10 1005
13 1365
10 1385
17 1177
24 1399
46 1101
41 1439
15 1494
38 1411
29 1315
13 1364
39 1460
14 1398
39 1034
12 1198
35 1270
47 1496
49 1350
19 1424
46 1022
37 1373
12 1073
22 1026
47 1101
29 1468
21 1409
39 1254
41 1354
49 1128
16 1484
19 1163
10 1146
45 1353
33 1000
24 1233
24 1412
40 1314
13 1356
23 1397
23 1159
10 1220
47 1175
15 1478
43 1347
31 1243
38 1210
32 1091
38 1024
21 1027
33 1439
27 1263
22 1151
44 1251
11 1255
48 1479
39 1368
34 1066
37 1132
13 1090
23 1251
44 1026
17 1485
17 1445
11 1034
44 1352
37 1043
38 1461
19 1484
34 1071
25 1160
49 1002
37 1485
15 1187
44 1249
32 1130
33 1214
33 1237
48 1080
35 1220
36 1176
10 1426
29 1156
12 1053
31 1168
44 1457
47 1031
41 1056
36 1480
25 1236
24 1048
36 1120
44 1359
16 1114
36 1027
18 1324
24 1428
18 1462
11 1104
42 1188
36 1008
29 1253
34 1138
10 1008
12 1182
37 1466
48 1406
21 1026
25 1149
36 1387
37 1419
25 1419
42 1391
26 1081
34 1480
46 1121
25 1465
33 1236
31 1360
33 1209
49 1153
41 1011
42 1391
34 1168
26 1308
36 1237
36 1203
41 1404
40 1459
13 1027
25 1410
48 1432
35 1418
39 1485
21 1275
18 1422
40 1084
17 1253
17 1341
22 1457
17 1045
40 1356
20 1439
31 1160
48 1372
14 1015
41 1446
19 1017
13 1018
22 1336
18 1374
32 1116
20 1183
34 1183
14 1012
19 1318
26 1309
34 1089
43 1285
49 1434
47 1426
24 1174
48 1439
48 1412
20 1346
38 1108
17 1452
31 1185
18 1488
45 1288
31 1371
19 1284
39 1249
18 1317
46 1389
43 1201
39 1340
36 1110
15 1449
48 1263
27 1332
44 1260
32 1309
47 1002
39 1047
36 1251
46 1445
23 1036
39 1045
13 1321
14 1159
49 1039
27 1146
40 1066
16 1485
45 1276
23 1073
15 1377
14 1151
20 1017
34 1063
25 1300
44 1338
46 1008
48 1026
12 1260
14 1158
46 1183
45 1179
14 1470
13 1191
36 1009
36 1365
33 1105
26 1209
22 1216
15 1137
46 1029
31 1443
41 1292
14 1125
13 1262
48 1070
31 1030
28 1420
41 1355
30 1382
39 1045
19 1332
26 1432
40 1163
18 1278
14 1100
35 1134
40 1112
36 1155
36 1164
21 1136
32 1000
19 1023
25 1499
49 1210
28 1019
31 1490
12 1101
23 1107
43 1289
18 1333
15 1026
42 1352
29 1494
21 1340
38 1337
37 1011
44 1352
35 1051
47 1319
27 1021
35 1019
29 1296
19 1129
36 1363
16 1436
30 1451
11 1307
22 1115
33 1135
33 1105
38 1013
10 1027
38 1254
40 1417
17 1061
44 1435
48 1160
30 1454
31 1481
39 1231
19 1428
39 1223
15 1398
21 1213
11 1020
13 1283
43 1333
40 1176
33 1310
10 1471
30 1123
44 1177
19 1272
18 1006
24 1059
45 1001
18 1464
28 1484
20 1301
44 1304
41 1385
31 1307
28 1270
31 1092
48 1114
12 1473
37 1295
37 1205
44 1374
48 1229
29 1426
11 1032
10 1300
11 1274
24 1243
33 1466
17 1102
20 1308
14 1221
16 1295
31 1314
40 1079
49 1129
37 1304
44 1164
20 1097
22 1493
10 1099
12 1307
43 1414
29 1001
34 1406
25 1370
12 1368
16 1024
25 1130
11 1276
46 1454
37 1155
27 1223
46 1369
11 1068
13 1039
16 1418
21 1102
46 1070
12 1425
48 1427
35 1174
10 1017
13 1134
31 1002
13 1489
49 1280
43 1466
17 1359
18 1227
31 1277
41 1320
12 1210
31 1054
34 1223
14 1308
10 1443
38 1239
48 1291
42 1123
39 1123
17 1370
26 1198
19 1143
25 1267
10 1103
32 1259
20 1468
19 1367
33 1400
45 1311
41 1106
37 1158
22 1073
20 1378
33 1035
33 1331
45 1390
14 1335
14 1095
39 1335
12 1300
38 1187
34 1284
10 1313
27 1359
27 1202
19 1194
35 1004
48 1326
33 1040
30 1119
20 1440
28 1300
28 1114
31 1221
47 1304
43 1240
22 1267
35 1148
22 1488
30 1449
22 1018
14 1007
41 1345
17 1421
23 1109
35 1434
34 1371
30 1163
28 1005
33 1205
17 1453
37 1154
45 1334
35 1121
40 1300
47 1088
17 1129
24 1177
32 1114
21 1212
33 1485
34 1125
11 1311
11 1419
12 1391
45 1327
16 1400
21 1287
29 1149
31 1454
38 1488
49 1434
45 1150
43 1358
11 1304
28 1407
22 1299
49 1444
32 1460
13 1081
29 1106
16 1385
35 1376
27 1114
27 1288
20 1262
22 1328
34 1268
26 1225
45 1347
15 1293
46 1009
36 1046
47 1462
33 1142
18 1441
31 1185
32 1441
34 1017
20 1333
16 1275
45 1235
23 1052
39 1292
41 1434
40 1112
41 1083
29 1318
49 1467
35 1205
42 1153
41 1448
19 1179
16 1156
44 1245
31 1360
17 1387
34 1214
40 1475
32 1132
28 1179
17 1047
15 1393
43 1163
23 1127
48 1168
43 1409
41 1231
15 1388
10 1420
26 1314
21 1367
10 1341
14 1051
26 1059
30 1410
36 1443
31 1172
40 1229
40 1437
36 1024
45 1193
44 1266
14 1220
12 1021
26 1370
17 1197
22 1116
43 1308
36 1041
49 1410
32 1118
40 1025
35 1167
29 1493
19 1399
49 1046
32 1229
27 1037
35 1371
47 1022
43 1190
49 1370
26 1112
47 1301
12 1116
13 1317
43 1203
37 1134
49 1239
49 1172
20 1144
46 1174
40 1013
47 1418
22 1480
47 1442
18 1318
28 1144
26 1121
46 1133
19 1422
39 1184
29 1444
43 1086
44 1399
17 1145
12 1154
27 1332
47 1459
49 1043
29 1387
45 1153
49 1068
49 1070
35 1420
30 1043
12 1469
40 1219
39 1159
19 1006
20 1121
45 1355
31 1039
39 1010
42 1251
11 1274
13 1051
16 1402
39 1241
10 1218
19 1440
45 1469
42 1134
38 1398
26 1077
45 1061
27 1064
37 1476
34 1378
34 1145
26 1094
32 1444
35 1227
36 1403
49 1011
25 1375
38 1442
27 1375
13 1213
31 1480
49 1185
48 1024
44 1321
45 1283
32 1106
38 1198
10 1386
15 1184
35 1142
44 1024
28 1338
12 1201
33 1446
22 1426
26 1348
25 1156
49 1232
46 1322
15 1089
38 1082
23 1345
33 1491
20 1038
39 1264
41 1360
36 1001
13 1478
47 1066
25 1250
43 1216
27 1236
14 1317
22 1348
27 1434
29 1104
26 1227
29 1202
33 1323
11 1085
42 1448
49 1195
21 1008
22 1325
24 1463
31 1202
18 1121
40 1367
13 1297
26 1080
33 1066
28 1105
39 1138
12 1315
12 1461
21 1180
28 1356
34 1273
43 1443
30 1159
16 1034
25 1214
35 1283
46 1491
12 1271
38 1256
27 1447
14 1349
11 1426
49 1486
19 1392
28 1124
39 1352
28 1308
29 1079
29 1097
34 1030
44 1069
43 1426
32 1414
14 1127
46 1422
20 1162
45 1129
32 1366
14 1062
23 1440
17 1471
47 1355
10 1092
45 1402
32 1293
30 1058
16 1099
29 1320
40 1193
25 1163
49 1148
36 1462
43 1254
22 1078
24 1307
31 1138
33 1014
13 1349
10 1475
41 1332
36 1430
44 1391
44 1099
23 1333
33 1367
45 1036
10 1029
34 1278
41 1253
29 1169
31 1368
40 1066
25 1173
31 1140
31 1000
48 1380
36 1053
12 1296
32 1306
36 1395
22 1085
24 1316
10 1374
39 1299
29 1246
29 1388
24 1342
14 1142
13 1010
39 1049
16 1462
39 1479
43 1398
32 1314
43 1268
25 1402
46 1149
22 1162
33 1488
20 1464
25 1417
29 1158
29 1133
29 1028
23 1252
34 1312
37 1139
39 1440
46 1058
41 1248
12 1004
25 1011
31 1237
29 1124
18 1081
15 1193
26 1049
23 1457
34 1334
38 1268
24 1462
32 1025
49 1114
14 1034
47 1393
27 1108
16 1018
13 1251
49 1127
41 1287
13 1400
21 1313
28 1241
22 1244
27 1379
43 1266
39 1256
14 1222
18 1207
20 1132
22 1046
13 1186
16 1227
42 1414
40 1382
12 1471
24 1119
10 1054
24 1046
41 1408
36 1071
10 1218
21 1453
39 1420
34 1169
11 1015
12 1294
27 1224
45 1415
13 1094
16 1458
10 1138
40 1379
43 1023
23 1122
20 1286
12 1306
41 1012
48 1171
20 1084
32 1394
21 1242
33 1156
19 1095
37 1272
32 1398
41 1216
41 1016
13 1324
12 1350
12 1123
10 1432
11 1032
37 1323
43 1242
23 1453
44 1164
35 1477
19 1422
14 1406
22 1013
14 1368
20 1168
11 1328
36 1132
22 1143
14 1132
40 1360
46 1363
44 1299
22 1454
10 1103
21 1020
40 1350
30 1010
47 1366
32 1060
10 1230
25 1278
37 1272
36 1013
16 1073
21 1282
27 1170
42 1191
49 1182
28 1285
47 1096
49 1307
31 1086
31 1423
31 1146
40 1309
33 1490
31 1175
20 1348
11 1408
48 1261
34 1155
35 1026
44 1265
26 1035
17 1315
14 1241
11 1280
15 1215
35 1042
28 1418
46 1156
32 1431
42 1495
30 1150
49 1444
47 1067
30 1304
22 1405
17 1027
23 1347
40 1425
25 1189
28 1168
13 1279
36 1235
43 1136
28 1130
22 1450
13 1251
27 1165
47 1072
23 1167
18 1166
39 1067
32 1200
48 1275
39 1022
21 1099
35 1080
27 1302
38 1231
15 1074
14 1466
28 1050
34 1282
47 1248
12 1471
41 1076
16 1239
43 1011
41 1100
37 1257
17 1022
38 1496
48 1270
11 1105
38 1381
34 1394
26 1258
25 1344
39 1176
45 1066
38 1271
49 1085
22 1306
10 1072
46 1470
10 1204
11 1254
14 1090
46 1090
49 1437
24 1431
39 1419
16 1182
45 1335
48 1073
44 1161
46 1334
49 1430
46 1127
38 1324
22 1381
14 1112
11 1091
34 1484
14 1426
30 1092
26 1219
38 1423
13 1120
24 1223
14 1280
42 1315
46 1239
43 1466
29 1172
37 1429
28 1139
25 1372
43 1432
43 1143
42 1411
14 1104
49 1431
46 1071
15 1250
25 1273
33 1113
16 1120
16 1478
25 1094
24 1218
23 1276
49 1314
20 1477
44 1401
33 1026
25 1349
44 1383
41 1031
26 1255
28 1079
40 1262
12 1275
39 1343
35 1070
11 1310
38 1189
22 1071
28 1137
30 1360
32 1152
28 1390
29 1444
33 1461
12 1222
16 1184
16 1263
33 1388
22 1125
10 1250
43 1178
20 1038
16 1229
44 1489
27 1431
12 1396
44 1101
26 1408
36 1129
35 1183
20 1221
25 1382
30 1137
43 1015
25 1214
40 1468
24 1190
31 1168
21 1194
29 1494
49 1199
32 1409
43 1473
27 1308
47 1059
36 1283
49 1090
34 1459
42 1368
10 1169
21 1182
23 1346
48 1018
16 1387
46 1287
39 1497
10 1432
27 1158
46 1005
43 1085
47 1001
21 1348
39 1336
20 1156
11 1081
34 1244
26 1180
18 1211
10 1499
16 1192
31 1057
45 1177
19 1055
15 1392
22 1429
47 1426
27 1223
22 1285
35 1097
16 1332
42 1417
43 1283
30 1251
22 1303
41 1366
27 1346
45 1210
26 1456
44 1125
24 1359
41 1214
22 1148
27 1005
49 1122
31 1491
29 1150
22 1238
45 1092
20 1136
45 1412
16 1115
10 1422
19 1104
44 1256
42 1225
37 1170
25 1204
12 1485
38 1492
39 1354
10 1012
30 1097
46 1303
49 1079
45 1353
47 1025
23 1242
14 1082
32 1001
37 1402
13 1089
24 1410
39 1463
20 1157
41 1018
10 1081
44 1250
38 1109
35 1335
40 1428
49 1008
28 1385
47 1194
35 1436
20 1452
38 1309
20 1044
16 1223
11 1477
10 1226
27 1210
30 1453
11 1047
29 1065
47 1071
13 1240
37 1101
45 1063
42 1115
16 1405
33 1298
39 1250
48 1369
32 1498
21 1005
10 1001
22 1055
13 1227
25 1321
29 1199
38 1175
44 1469
45 1003
14 1401
23 1474
34 1287
23 1491
12 1388
45 1193
40 1225
29 1325
14 1282
26 1266
13 1496
13 1403
23 1184
32 1177
10 1027
45 1488
35 1237
25 1450
26 1244
30 1251
16 1267
35 1188
12 1204
11 1377
23 1456
38 1363
18 1044
23 1181
17 1015
22 1186
27 1374
41 1196
43 1183
33 1129
28 1275
36 1110
26 1071
48 1339
15 1154
24 1136
19 1064
34 1050
44 1067
47 1213
30 1463
31 1244
30 1216
16 1086
38 1297
23 1364
35 1437
24 1087
25 1314
25 1361
45 1039
37 1340
11 1092
25 1059
18 1445
32 1184
10 1252
39 1415
21 1239
15 1191
24 1425
15 1246
21 1483
45 1420
39 1265
48 1454
10 1161
32 1018
35 1336
43 1447
18 1392
40 1077
19 1140
21 1066
43 1311
46 1069
11 1155
43 1289
37 1343
12 1148
38 1232
33 1316
34 1116
20 1286
10 1385
12 1127
44 1085
10 1153
36 1332
18 1307
11 1169
42 1080
15 1379
22 1434
24 1208
35 1351
17 1296
46 1257
17 1420
33 1082
15 1246
27 1423
46 1294
19 1281
41 1277
48 1018
31 1239
30 1117
14 1480
43 1282
13 1264
36 1154
29 1061
36 1059
43 1085
19 1432
30 1224
35 1286
37 1227
45 1397
40 1045
42 1256
10 1379
42 1272
19 1292
40 1327
15 1334
10 1359
13 1046
32 1318
13 1352
29 1174
42 1412
44 1491
36 1428
11 1304
24 1297
39 1052
32 1098
16 1268
43 1002
14 1157
37 1253
42 1349
41 1332
25 1208
16 1352
29 1320
48 1471
20 1131
34 1057
25 1102
14 1341
26 1446
33 1234
18 1383
29 1454
36 1365
15 1483
21 1145
32 1345
18 1175
18 1378
30 1278
29 1304
46 1018
39 1135
18 1019
42 1224
24 1026
43 1402
25 1321
13 1027
14 1222
49 1201
49 1326
34 1225
38 1078
28 1065
47 1122
40 1089
21 1367
27 1475
33 1148
12 1470
33 1312
18 1204
31 1203
36 1274
21 1035
17 1410
39 1411
41 1197
10 1462
37 1296
30 1441
11 1344
10 1034
11 1481
10 1433
36 1424
26 1397
23 1445
23 1151
17 1260
10 1171
11 1051
34 1301
19 1180
42 1123
20 1417
32 1248
12 1449
33 1342
46 1199
45 1400
15 1009
10 1175
16 1135
30 1024
36 1498
44 1035
31 1135
17 1243
31 1261
34 1133
40 1263
18 1315
11 1454
39 1422
36 1466
25 1469
31 1210
39 1288
11 1175
31 1060
31 1431
40 1087
12 1365
45 1486
31 1460
48 1438
44 1044
40 1155
30 1495
15 1273
46 1388
16 1184
34 1005
38 1309
43 1172
46 1024
13 1493
20 1339
25 1067
34 1211
41 1182
32 1408
45 1178
43 1394
34 1192
44 1418
24 1499
49 1036
37 1170
39 1403
19 1498
42 1453
35 1045
46 1335
26 1164
30 1403
13 1083
27 1127
16 1134
29 1075
13 1080
43 1098
27 1036
19 1076
24 1485
35 1382
44 1292
38 1293
23 1107
29 1482
10 1099
45 1398
37 1274
20 1018
29 1440
33 1423
40 1231
22 1211
23 1356
21 1151
35 1358
25 1042
25 1193
10 1016
45 1443
17 1134
24 1178
32 1460
33 1083
16 1091
25 1459
27 1326
27 1425
29 1336
19 1248
21 1442
21 1122
49 1030
14 1002
42 1212
39 1039
43 1004
28 1246
42 1257
41 1482
33 1299
24 1119
44 1061
19 1196
17 1144
29 1134
31 1136
49 1327
47 1440
28 1352
40 1089
35 1247
38 1312
49 1007
49 1284
37 1166
15 1361
21 1482
11 1013
14 1423
20 1062
25 1407
31 1100
45 1091
13 1238
32 1107
44 1372
45 1082
19 1416
21 1221
36 1282
26 1245
36 1384
18 1433
48 1415
42 1047
25 1099
14 1257
13 1249
49 1194
24 1277
25 1064
34 1242
29 1095
47 1114
31 1072
14 1267
22 1370
26 1356
32 1112
14 1218
14 1438
38 1419
22 1344
18 1206
35 1385
17 1228
18 1170
10 1416
28 1462
43 1158
15 1276
18 1013
31 1272
48 1086
27 1196
24 1411
41 1136
46 1090
26 1210
38 1209
22 1482
42 1410
43 1494
25 1211
32 1418
11 1228
28 1255
27 1475
13 1144
14 1283
22 1047
26 1197
24 1197
32 1137
13 1182
26 1120
11 1315
44 1475
12 1230
36 1177
37 1197
27 1236
10 1348
20 1054
28 1345
24 1321
44 1484
12 1165
33 1104
34 1191
25 1133
39 1237
38 1229
43 1135
41 1262
22 1034
17 1358
26 1151
10 1290
31 1260
40 1389
39 1100
35 1092
38 1418
42 1070
29 1009
38 1345
28 1054
39 1202
17 1095
34 1278
38 1369
37 1279
43 1147
30 1118
45 1179
18 1052
30 1328
39 1067
17 1252
18 1238
18 1419
41 1151
34 1440
34 1038
31 1219
13 1318
33 1202
31 1477
37 1027
44 1467
43 1185
34 1452
37 1406
30 1326
40 1233
15 1083
49 1402
18 1192
15 1375
33 1288
22 1054
34 1078
47 1498
48 1154
27 1204
30 1046
29 1259
37 1087
22 1003
21 1462
21 1285
42 1007
45 1359
35 1195
30 1212
29 1365
17 1027
45 1421
38 1497
46 1044
18 1465
12 1426
19 1430
28 1059
22 1464
28 1413
13 1327
40 1144
12 1474
23 1283
21 1206
14 1089
32 1208
28 1275
31 1146
46 1378
10 1232
25 1039
42 1067
37 1147
44 1319
45 1479
20 1030
23 1010
15 1218
21 1291
45 1144
24 1023
31 1146
22 1179
28 1310
14 1185
26 1425
31 1014
26 1159
34 1344
26 1317
25 1126
34 1068
46 1479
25 1268
12 1003
20 1254
22 1272
28 1085
34 1416
17 1321
46 1285
48 1385
35 1380
10 1104
30 1129
48 1410
44 1275
45 1379
33 1255
10 1046
49 1151
31 1200
47 1413
19 1077
21 1444
10 1239
17 1433
49 1282
35 1165
46 1288
35 1206
33 1404
29 1312
43 1482
32 1182
27 1208
40 1432
22 1462
35 1006
22 1329
44 1113
21 1209
28 1251
32 1070
46 1018
10 1398
25 1179
28 1179
21 1437
18 1197
17 1018
29 1137
45 1105
37 1176
40 1455
19 1276
13 1042
34 1110
23 1146
48 1320
29 1251
40 1030
27 1451
17 1437
40 1210
20 1185
37 1338
28 1292
32 1403
18 1040
11 1023
14 1185
30 1169
34 1103
16 1182
25 1256
30 1436
15 1399
23 1240
49 1229
21 1288
11 1357
20 1172
32 1452
47 1203
39 1111
33 1441
42 1218
28 1215
19 1085
31 1489
17 1455
26 1294
28 1318
18 1098
31 1103
31 1108
20 1499
10 1242
28 1478
37 1394
14 1273
22 1269
17 1291
16 1487
39 1418
12 1105
23 1105
17 1286
29 1237
17 1186
44 1114
18 1330
33 1170
20 1488
31 1277
32 1088
17 1294
25 1269
43 1334
20 1203
30 1370
14 1096
23 1323
24 1346
18 1360
38 1138
28 1108
14 1089
14 1153
33 1193
13 1172
33 1483
31 1425
13 1170
33 1098
27 1138
41 1073
47 1003
26 1021
16 1455
15 1175
39 1021
36 1012
25 1201
22 1372
42 1045
34 1276
26 1451
48 1259
42 1299
38 1034
31 1065
35 1256
43 1009
23 1325
35 1013
45 1178
18 1243
35 1028
25 1279
31 1014
44 1478
41 1460
36 1219
15 1388
40 1212
27 1115
18 1040
46 1304
19 1011
29 1318
29 1431
43 1145
37 1385
15 1061
10 1311
42 1345
21 1130
25 1321
28 1137
34 1139
33 1443
39 1123
30 1463
21 1060
10 1151
44 1216
34 1363
41 1132
33 1349
25 1100
12 1444
27 1037
49 1037
29 1257
19 1489
33 1317
21 1126
17 1147
41 1061
47 1297
20 1179
25 1190
32 1162
38 1294
30 1015
43 1428
32 1392
45 1030
44 1108
20 1330
10 1326
26 1401
36 1036
39 1350
36 1433
14 1156
43 1319
30 1313
44 1142
31 1041
41 1222
14 1432
16 1453
11 1036
38 1210
17 1484
22 1064
24 1425
21 1024
39 1175
31 1426
37 1004
29 1431
33 1384
16 1299
22 1301
33 1211
38 1265
38 1354
45 1126
10 1331
17 1435
11 1466
31 1003
16 1092
17 1488
11 1229
11 1238
30 1140
25 1035
39 1322
26 1268
41 1130
30 1475
18 1323
24 1050
20 1411
46 1412
44 1481
19 1204
31 1316
29 1303
37 1205
46 1330
32 1218
12 1393
20 1330
35 1219
30 1411
39 1278
43 1080
33 1128
25 1165
41 1258
35 1471
13 1370
39 1311
30 1120
40 1315
32 1497
43 1210
16 1156
11 1112
41 1457
12 1329
46 1206
21 1440
48 1264
40 1045
33 1465
45 1095
38 1453
14 1156
42 1317
23 1239
10 1221
34 1093
19 1178
28 1160
33 1043
18 1024
45 1317
45 1394
47 1308
49 1203
31 1296
44 1423
12 1226
29 1022
17 1445
24 1457
22 1223
14 1430
40 1115
48 1070
14 1420
47 1110
26 1031
24 1223
47 1282
39 1362
40 1224
36 1067
28 1450
26 1232
10 1290
33 1244
49 1342
36 1169
19 1097
18 1292
41 1259
22 1317
23 1068
22 1380
16 1061
45 1325
19 1423
12 1443
44 1476
34 1472
17 1183
39 1058
29 1047
36 1336
49 1455
17 1124
20 1491
28 1350
45 1091
23 1125
12 1157
24 1086
35 1064
28 1044
22 1481
48 1222
16 1008
18 1414
20 1364
28 1271
12 1119
38 1376
22 1269
44 1138
33 1132
22 1239
20 1341
38 1161
31 1012
36 1077
15 1065
42 1139
14 1018
17 1125
32 1117
44 1040
19 1493
20 1424
15 1194
14 1312
27 1275
29 1075
42 1292
40 1189
20 1166
13 1058
30 1103
44 1099
48 1213
37 1302
18 1156
33 1384
19 1171
24 1141
33 1013
37 1158
26 1241
30 1461
21 1207
36 1140
33 1191
21 1393
49 1265
34 1444
34 1289
44 1475
20 1409
31 1312
42 1276
43 1170
28 1193
28 1221
48 1129
33 1036
33 1337
41 1366
43 1098
40 1294
20 1196
48 1114
46 1043
38 1218
45 1356
48 1327
37 1483
24 1329
43 1034
18 1407
32 1431
23 1098
43 1240
22 1343
30 1149
46 1431
18 1354
23 1447
17 1204
23 1255
24 1022
21 1247
38 1397
36 1258
16 1252
22 1108
41 1272
24 1315
46 1324
48 1347
30 1363
39 1270
34 1326
38 1387
47 1413
41 1164
24 1498
27 1439
41 1081
41 1107
46 1216
43 1309
29 1485
18 1144
15 1364
37 1211
20 1445
31 1134
47 1396
25 1403
23 1049
33 1078
42 1226
35 1375
41 1138
11 1497
35 1461
44 1024
22 1445
36 1323
31 1246
28 1047
46 1091
23 1479
30 1095
30 1266
26 1424
35 1436
37 1401
11 1286
46 1287
27 1493
36 1073
32 1442
29 1345
41 1362
45 1246
29 1034
43 1266
40 1278
26 1110
22 1490
20 1036
34 1313
14 1458
24 1296
45 1014
24 1467
11 1322
35 1477
29 1383
22 1140
33 1062
16 1218
36 1313
48 1335
20 1458
19 1469
44 1478
44 1374
32 1161
16 1480
46 1207
17 1295
42 1240
12 1218
34 1382
43 1183
13 1374
28 1100
17 1258
45 1176
24 1266
17 1366
42 1025
15 1200
18 1038
12 1170
38 1338
21 1361
10 1197
34 1263
49 1174
40 1345
22 1185
38 1100
38 1157
29 1446
38 1121
17 1160
11 1396
37 1339
14 1002
24 1457
28 1270
42 1425
38 1104
38 1219
26 1210
44 1111
28 1257
23 1149
10 1364
44 1116
21 1374
26 1292
35 1193
23 1343
43 1308
20 1010
10 1249
31 1090
29 1242
40 1082
41 1035
43 1243
28 1312
27 1025
48 1128
40 1368
23 1383
11 1290
47 1006
22 1394
46 1108
11 1354
17 1178
24 1061
47 1036
24 1008
44 1069
17 1219
10 1229
17 1084
37 1370
21 1040
18 1007
43 1091
30 1018
26 1212
41 1485
33 1052
47 1207
14 1337
26 1410
40 1491
19 1212
26 1133
27 1459
46 1133
35 1280
46 1183
34 1006
43 1024
16 1015
42 1197
13 1301
45 1412
31 1244
28 1474
47 1218
43 1126
11 1236
32 1246
44 1428
39 1423
18 1246
12 1305
17 1166
48 1006
16 1305
18 1316
26 1491
32 1239
41 1329
12 1235
45 1379
47 1258
44 1215
44 1166
35 1154
37 1059
21 1375
24 1168
46 1341
40 1415
25 1257
25 1415
27 1468
47 1345
15 1247
12 1438
13 1293
19 1024
24 1222
17 1314
33 1280
44 1161
26 1101
48 1143
20 1324
13 1033
24 1221
49 1036
28 1344
44 1175
39 1290
31 1173
25 1060
22 1402
36 1270
35 1317
10 1109
40 1320
34 1247
24 1436
37 1111
39 1347
17 1084
38 1079
33 1304
47 1171
13 1321
38 1270
35 1407
30 1293
46 1325
47 1453
47 1017
12 1496
26 1098
13 1224
20 1191
18 1339
11 1143
21 1087
29 1306
30 1291
42 1132
13 1035
23 1245
11 1275
17 1151
12 1038
24 1423
12 1205
18 1251
44 1005
15 1285
30 1023
40 1045
42 1216
45 1473
17 1296
37 1332
29 1048
18 1095
35 1346
29 1256
27 1094
21 1384
39 1314
15 1471
32 1334
13 1284
12 1479
38 1159
25 1404
40 1234
29 1039
30 1496
20 1387
38 1421
45 1445
48 1328
25 1236
40 1073
28 1311
27 1066
48 1074
34 1317
34 1417
31 1006
39 1413
30 1450
29 1168
33 1090
12 1304
14 1337
49 1322
35 1070
21 1116
14 1434
21 1248
26 1179
13 1056
29 1222
13 1303
37 1252
18 1185
33 1332
34 1083
25 1027
16 1245
12 1453
32 1385
33 1310
49 1271
37 1036
30 1230
47 1218
17 1141
25 1470
48 1263