6000 7000
34 1353
47 1308
43 1016
23 1107
35 1296
32 1403
34 1271
40 1117
26 1069
38 1021
42 1279
45 1334
43 1390
41 1232
35 1189
49 1184
17 1155
12 1327
22 1224
29 1381
37 1062
29 1138
30 1061
18 1424
16 1101
33 1324
11 1295
24 1220
41 1053
45 1374
48 1306
24 1450
43 1199
43 1016
40 1078
34 1434
12 1166
33 1200
17 1259
26 1417
24 1344
32 1159
30 1233
30 1127
17 1244
34 1285
46 1082
10 1019
18 1036
37 1151
26 1495
18 1409
36 1395
24 1394
15 1064
34 1088
17 1260
33 1132
27 1416
18 1308
21 1069
32 1225
41 1189
40 1375
35 1316
14 1465
21 1334
34 1191
39 1088
49 1424
10 1379
20 1435
30 1337
27 1065
37 1185
26 1142
29 1156
11 1463
39 1350
43 1487
45 1341
43 1201
33 1234
16 1284
20 1406
29 1339
45 1222
33 1268
43 1395
37 1006
22 1487
11 1193
48 1125
30 1035
12 1098
35 1453
33 1357
36 1441
22 1472
31 1248
44 1464
47 1324
26 1239
49 1480
43 1268
45 1240
38 1205
38 1368
20 1473
36 1233
41 1067
47 1256
46 1276
13 1356
13 1068
11 1207
33 1484
35 1354
40 1358
21 1193
43 1040
18 1118
44 1379
15 1319
14 1424
14 1204
16 1255
35 1276
22 1418
28 1369
12 1351
36 1278
23 1198
14 1303
40 1136
15 1136
48 1453
47 1030
45 1287
14 1332
19 1037
36 1243
22 1051
29 1073
13 1272
19 1162
11 1303
19 1196
47 1047
20 1179
12 1112
45 1110
38 1399
35 1076
17 1229
42 1306
28 1083
20 1001
43 1400
35 1432
21 1339
22 1305
12 1360
46 1135
27 1184
14 1474
32 1260
21 1498
35 1159
37 1447
33 1443
49 1295
48 1232
12 1260
23 1019
45 1221
38 1468
27 1492
31 1091
15 1318
29 1339
31 1477
29 1201
34 1017
21 1290
27 1025
25 1163
29 1367
25 1244
35 1101
20 1171
21 1268
20 1479
33 1177
12 1049
27 1089
21 1406
30 1001
35 1008
35 1236
44 1277
13 1208
11 1141
24 1252
23 1275
41 1195
29 1422
48 1392
36 1041
30 1351
16 1471
33 1422
23 1211
23 1222
19 1243
18 1433
17 1102
31 1115
37 1093
11 1094
49 1150
22 1016
35 1205
37 1065
45 1010
44 1385
20 1014
30 1108
38 1375
16 1197
36 1361
30 1114
46 1086
29 1196
35 1192
32 1155
35 1142
44 1428
46 1154
23 1386
25 1483
10 1265
31 1223
34 1471
18 1422
24 1445
11 1321
30 1379
45 1321
43 1171
45 1000
30 1286
37 1117
12 1455
16 1007
18 1389
45 1439
15 1257
10 1415
31 1479
21 1390
11 1241
21 1209
42 1480
31 1442
13 1118
38 1128
10 1391
13 1448
13 1285
11 1317
48 1499
39 1169
16 1040
14 1483
49 1497
21 1494
29 1294
13 1304
30 1022
48 1175
13 1155
48 1246
16 1356
23 1202
47 1040
37 1008
42 1135
13 1009
49 1168
34 1488
16 1245
17 1309
14 1463
26 1426
35 1391
15 1427
27 1101
24 1210
45 1217
35 1050
28 1248
29 1135
31 1183
41 1212
12 1103
12 1437
42 1040
46 1471
42 1228
31 1374
16 1383
19 1384
23 1255
44 1189
35 1428
16 1120
10 1440
25 1104
30 1419
40 1001
10 1262
31 1199
30 1445
22 1025
31 1371
37 1348
42 1407
13 1483
13 1379
14 1326
18 1431
46 1439
42 1169
45 1329
28 1388
12 1488
28 1295
29 1485
29 1026
26 1044
37 1440
37 1420
30 1013
13 1478
18 1125
39 1376
14 1011
45 1335
47 1454
13 1108
48 1122
22 1131
26 1488
16 1238
27 1124
26 1306
46 1183
31 1128
25 1042
31 1356
24 1490
40 1410
34 1310
25 1486
14 1311
38 1020
34 1340
39 1212
14 1391
27 1138
25 1383
13 1369
21 1148
26 1388
18 1454
43 1061
40 1333
43 1300
16 1441
30 1161
22 1054
34 1446
49 1110
34 1169
46 1494
19 1409
31 1478
17 1446
35 1456
26 1030
19 1223
46 1072
33 1132
12 1335
41 1138
29 1009
18 1109
34 1255
16 1302
47 1495
49 1471
27 1461
23 1162
35 1187
20 1315
16 1098
33 1460
19 1329
46 1098
49 1206
33 1096
11 1159
21 1442
18 1314
14 1346
20 1107
44 1391
33 1165
35 1139
10 1022
32 1364
23 1429
24 1103
23 1459
45 1258
26 1428
39 1365
22 1307
37 1478
35 1224
41 1045
44 1230
33 1023
17 1066
11 1021
31 1397
43 1073
14 1172
34 1096
25 1364
17 1410
49 1149
13 1072
32 1364
30 1020
28 1410
21 1018
43 1261
17 1307
25 1481
16 1028
19 1279
43 1494
40 1444
21 1199
15 1170
21 1315
22 1348
10 1319
39 1074
36 1306
41 1478
26 1033
28 1160
38 1365
21 1445
47 1367
17 1041
20 1182
39 1386
25 1159
46 1156
10 1026
25 1361
40 1196
40 1296
26 1323
11 1383
18 1089
34 1318
22 1404
31 1016
17 1367
40 1395
26 1236
40 1267
29 1107
34 1474
27 1199
12 1442
20 1241
35 1430
31 1157
23 1281
39 1219
22 1236
49 1310
25 1157
12 1412
26 1068
27 1067
35 1203
47 1101
36 1256
46 1334
16 1162
31 1053
44 1268
12 1108
21 1016
30 1065
38 1013
11 1091
35 1350
37 1067
23 1131
45 1017
32 1057
10 1344
32 1471
45 1310
49 1222
17 1064
23 1028
25 1419
45 1163
49 1017
29 1205
25 1126
29 1016
20 1483
15 1321
35 1073
14 1012
23 1350
24 1239
14 1149
13 1284
30 1033
26 1368
27 1185
25 1173
34 1254
25 1371
19 1469
13 1026
11 1448
33 1270
24 1014
12 1411
31 1393
36 1380
16 1434
18 1408
42 1408
21 1382
11 1463
33 1338
10 1485
40 1005
28 1169
44 1283
46 1297
23 1460
31 1173
23 1267
42 1341
40 1118
42 1167
25 1288
32 1076
35 1142
47 1373
15 1454
13 1491
22 1230
45 1071
25 1385
10 1178
29 1069
26 1495
11 1149
38 1157
48 1452
47 1039
10 1439
19 1166
31 1214
34 1354
42 1009
19 1196
30 1204
29 1158
20 1399
45 1152
36 1252
19 1334
43 1493
26 1465
10 1156
31 1079
20 1174
25 1424
28 1229
37 1287
18 1080
19 1463
26 1096
23 1383
25 1029
24 1110
30 1413
23 1365
38 1169
12 1494
22 1011
20 1283
38 1419
41 1047
14 1389
27 1051
32 1156
16 1391
37 1039
41 1300
15 1429
26 1195
21 1397
11 1066
17 1179
42 1435
38 1017
39 1342
26 1465
36 1003
12 1132
36 1489
21 1212
44 1091
14 1246
23 1273
26 1402
27 1351
33 1421
25 1147
17 1317
49 1477
16 1049
13 1097
21 1225
47 1077
18 1174
29 1292
25 1359
35 1389
37 1411
22 1466
12 1324
38 1119
31 1261
44 1176
38 1293
35 1421
41 1210
26 1214
19 1285
24 1098
24 1435
48 1240
44 1385
44 1440
18 1361
11 1458
31 1105
23 1404
24 1200
32 1206
10 1023
21 1105
21 1120
39 1112
37 1107
29 1340
10 1184
26 1477
19 1465
15 1314
19 1472
21 1459
24 1271
26 1436
33 1196
25 1247
15 1159
36 1394
33 1285
24 1184
37 1491
11 1022
25 1032
21 1324
25 1450
18 1159
14 1447
36 1485
15 1260
49 1405
30 1353
42 1145
41 1011
20 1273
15 1485
16 1441
48 1199
36 1337
12 1093
39 1497
17 1050
27 1146
27 1324
48 1197
45 1021
22 1384
19 1186
37 1342
49 1035
40 1159
29 1122
10 1390
15 1249
44 1250
13 1277
20 1478
44 1136
31 1165
37 1139
18 1458
25 1352
24 1113
21 1132
23 1217
16 1405
27 1349
24 1329
48 1035
22 1438
45 1299
49 1116
27 1307
24 1476
11 1069
28 1003
14 1358
28 1380
16 1448
49 1037
12 1224
26 1160
22 1440
38 1147
43 1329
24 1001
25 1386
31 1018
42 1300
27 1469
39 1348
14 1308
25 1256
35 1018
31 1339
29 1066
31 1108
39 1467
44 1037
30 1233
42 1218
42 1319
33 1328
17 1448
38 1461
45 1409
37 1332
20 1323
34 1312
30 1205
32 1220
18 1271
43 1469
10 1117
48 1267
33 1383
26 1160
30 1295
44 1372
10 1353
15 1242
37 1138
44 1360
49 1040
29 1162
11 1295
21 1273
15 1248
15 1162
18 1176
39 1498
46 1310
29 1140
33 1082
24 1404
43 1483
17 1020
47 1026
28 1108
25 1386
48 1388
20 1499
22 1062
14 1156
30 1474
30 1192
29 1216
34 1411
27 1460
38 1327
19 1134
33 1441
39 1073
33 1134
13 1089
37 1268
42 1161
35 1278
15 1351
44 1487
39 1055
30 1160
17 1490
35 1118
35 1043
25 1419
27 1396
36 1470
31 1492
27 1329
37 1257
34 1241
31 1126
42 1273
16 1389
47 1013
48 1190
32 1303
48 1118
10 1234
23 1383
30 1104
42 1278
35 1339
29 1434
24 1113
15 1496
29 1096
37 1378
43 1157
10 1171
44 1005
32 1032
33 1171
40 1399
14 1483
20 1273
26 1038
40 1281
38 1286
48 1063
20 1423
20 1431
22 1484
20 1287
24 1036
46 1334
16 1053
31 1217
44 1216
29 1116
38 1331
36 1432
41 1417
33 1316
47 1453
15 1048
14 1103
37 1387
17 1331
15 1312
21 1474
22 1354
49 1247
14 1291
47 1007
48 1074
30 1051
27 1300
34 1329
47 1373
30 1483
27 1055
12 1277
32 1363
34 1037
33 1224
28 1304
43 1095
13 1164
15 1044
30 1044
16 1403
16 1348
44 1174
34 1253
10 1336
44 1419
23 1359
25 1402
49 1415
38 1469
44 1235
14 1364
13 1066
44 1429
41 1332
40 1030
32 1015
43 1246
47 1034
13 1166
33 1226
13 1003
17 1365
33 1049
25 1260
43 1401
46 1461
19 1113
44 1332
44 1199
49 1466
46 1335
32 1416
18 1079
23 1216
15 1145
34 1310
23 1329
14 1011
17 1294
13 1408
20 1315
24 1207
38 1489
42 1202
15 1374
14 1315
48 1189
33 1450
39 1223
35 1014
24 1423
14 1489
43 1065
49 1079
24 1039
34 1438
33 1113
16 1176
43 1128
43 1121
29 1209
24 1286
15 1374
18 1135
20 1336
39 1115
46 1250
15 1305
25 1398
49 1426
34 1434
25 1393
21 1446
28 1495
27 1439
35 1025
26 1079
38 1430
22 1397
41 1158
27 1115
24 1428
46 1397
40 1288
43 1162
12 1362
23 1129
13 1477
41 1039
31 1029
10 1427
20 1258
44 1151
29 1243
46 1123
11 1224
10 1407
16 1268
48 1430
20 1200
35 1418
49 1253
33 1030
13 1458
27 1314
48 1357
33 1188
40 1032
32 1289
29 1210
12 1170
28 1266
13 1304
46 1034
46 1189
37 1153
13 1102
16 1106
16 1445
29 1050
31 1437
16 1071
10 1439
42 1480
32 1311
28 1009
12 1364
16 1416
40 1004
36 1335
22 1383
48 1059
11 1074
28 1398
29 1009
15 1037
44 1246
19 1086
28 1461
27 1003
42 1126
27 1022
42 1478
22 1234
28 1182
43 1379
48 1440
13 1170
13 1477
15 1485
31 1354
41 1427
42 1409
20 1127
27 1341
46 1084
24 1328
36 1145
36 1253
16 1145
20 1258
26 1108
25 1239
19 1044
43 1435
13 1471
27 1461
46 1189
31 1395
29 1411
23 1453
20 1251
31 1043
21 1336
47 1328
11 1479
42 1447
24 1333
13 1142
48 1334
39 1318
21 1318
48 1023
34 1182
28 1241
37 1264
49 1412
47 1115
40 1013
13 1080
20 1444
48 1124
20 1171
18 1329
39 1004
16 1367
35 1114
12 1376
17 1461
24 1024
47 1040
36 1487
39 1006
49 1499
22 1292
39 1334
21 1258
41 1127
33 1445
40 1108
35 1214
17 1147
48 1365
26 1199
10 1360
48 1201
20 1480
12 1290
39 1300
20 1285
32 1127
15 1073
26 1291
46 1453
24 1465
37 1082
16 1305
21 1470
38 1018
12 1116
41 1445
29 1282
22 1131
48 1241
12 1239
23 1384
24 1011
35 1020
20 1226
38 1144
21 1158
28 1414
33 1225
44 1110
39 1136
25 1222
33 1432
37 1226
36 1176
40 1417
42 1064
39 1160
41 1226
12 1234
24 1044
23 1389
24 1011
35 1257
26 1396
41 1064
42 1198
11 1276
10 1391
41 1176
35 1467
34 1238
22 1052
10 1253
41 1466
15 1054
21 1426
32 1038
48 1265
11 1066
21 1389
27 1097
48 1175
39 1306
43 1445
32 1427
36 1030
39 1051
47 1066
35 1216
36 1425
16 1087
25 1355
24 1083
26 1231
13 1434
33 1102
17 1453
26 1142
36 1115
40 1100
38 1414
31 1320
12 1272
17 1059
24 1091
13 1173
16 1184
35 1323
41 1153
13 1150
29 1461
26 1117
37 1274
45 1313
10 1320
34 1158
21 1213
14 1173
44 1245
40 1410
27 1460
33 1365
33 1438
29 1312
41 1488
19 1397
46 1037
17 1203
23 1481
16 1150
21 1214
24 1209
47 1378
18 1373
35 1315
10 1250
42 1415
17 1099
35 1345
18 1152
14 1437
20 1079
47 1387
23 1250
15 1162
36 1446
46 1382
14 1171
16 1171
24 1330
24 1218
18 1179
41 1445
25 1467
15 1294
33 1483
19 1194
30 1258
19 1358
42 1136
16 1438
39 1170
14 1075
11 1140
23 1189
14 1353
45 1246
10 1242
46 1392
49 1218
10 1235
30 1226
12 1436
12 1443
41 1325
29 1419
34 1044
45 1433
45 1071
44 1114
13 1104
34 1160
27 1155
18 1124
27 1367
37 1243
41 1305
36 1476
44 1388
35 1315
38 1211
43 1030
33 1097
45 1294
22 1003
35 1311
26 1192
20 1198
23 1319
11 1053
33 1164
14 1335
46 1466
10 1001
49 1047
25 1133
22 1471
20 1017
40 1179
42 1038
46 1349
29 1374
46 1196
35 1273
29 1005
18 1477
36 1435
15 1074
13 1022
12 1379
45 1315
20 1099
23 1182
11 1154
15 1403
42 1258
49 1210
27 1192
15 1264
48 1141
39 1468
13 1122
12 1464
14 1471
37 1175
41 1144
37 1128
38 1010
16 1464
22 1353
10 1338
40 1027
38 1322
28 1204
11 1102
14 1058
41 1112
27 1226
14 1309
49 1251
11 1018
33 1413
40 1060
16 1200
27 1114
18 1076
45 1479
23 1232
35 1244
32 1114
37 1449
47 1062
19 1320
44 1106
14 1344
28 1383
29 1418
14 1042
15 1009
29 1050
10 1261
33 1403
23 1208
30 1193
26 1327
14 1108
14 1447
46 1096
42 1078
30 1005
47 1416
22 1131
39 1180
24 1072
10 1292
13 1336
49 1376
32 1334
47 1154
30 1137
16 1182
20 1039
21 1218
26 1100
19 1026
23 1476
28 1411
48 1079
13 1110
21 1171
49 1178
42 1263
18 1363
21 1317
12 1377
38 1120
43 1223
39 1256
21 1360
31 1157
45 1210
23 1091
42 1203
29 1055
20 1456
36 1096
21 1161
11 1189
35 1264
25 1101
12 1154
17 1238
46 1149
41 1300
14 1466
37 1441
12 1174
26 1446
12 1164
46 1216
49 1317
34 1289
10 1189
47 1162
10 1017
11 1203
36 1428
10 1171
28 1206
11 1466
13 1317
46 1062
15 1380
32 1441
22 1288
16 1379
16 1127
43 1066
34 1369
49 1265
49 1297
25 1081
31 1070
34 1256
19 1186
11 1395
34 1333
35 1459
18 1063
46 1277
46 1118
30 1113
16 1436
17 1382
28 1199
45 1387
31 1468
44 1336
17 1375
33 1479
12 1193
17 1050
18 1314
38 1100
43 1471
17 1063
29 1116
24 1141
21 1312
18 1241
34 1059
12 1079
43 1065
11 1420
46 1036
14 1211
45 1268
16 1415
38 1088
28 1400
43 1344
27 1059
21 1218
40 1203
16 1462
39 1081
40 1425
35 1121
29 1124
22 1468
42 1164
14 1451
35 1208
36 1416
32 1012
31 1067
46 1384
25 1133
32 1486
42 1388
29 1008
39 1332
43 1052
13 1428
21 1201
37 1200
46 1445
26 1020
40 1333
31 1444
49 1169
19 1493
15 1027
35 1299
14 1493
10 1393
29 1029
35 1301
36 1348
45 1007
40 1265
40 1007
35 1082
16 1036
18 1407
37 1165
24 1002
17 1247
36 1252
26 1326
19 1158
24 1315
38 1083
44 1068
43 1050
39 1382
25 1231
25 1184
30 1171
21 1167
41 1389
17 1099
36 1132
41 1053
31 1249
14 1377
25 1439
21 1157
22 1478
49 1361
23 1447
16 1338
22 1389
25 1152
36 1338
48 1113
17 1085
35 1431
33 1393
49 1045
23 1037
27 1021
38 1364
19 1340
16 1393
26 1183
25 1403
31 1221
21 1465
29 1042
48 1029
31 1121
12 1361
44 1486
24 1015
42 1386
22 1200
15 1099
49 1465
48 1249
41 1225
20 1034
42 1491
30 1190
33 1209
16 1302
29 1337
31 1448
44 1268
37 1006
35 1123
27 1462
12 1179
37 1234
44 1390
42 1335
14 1329
49 1037
18 1198
33 1226
16 1430
26 1280
34 1242
24 1174
12 1010
14 1305
29 1183
24 1097
19 1374
36 1361
46 1173
24 1089
15 1264
39 1023
18 1289
35 1085
26 1174
11 1434
16 1112
42 1229
28 1163
36 1062
10 1276
35 1388
15 1095
43 1318
25 1120
45 1388
18 1168
25 1300
26 1400
17 1314
23 1427
12 1289
36 1103
13 1188
10 1472
47 1111
25 1214
18 1280
13 1366
10 1249
26 1063
48 1244
27 1191
13 1110
45 1281
47 1253
45 1277
42 1026
17 1220
12 1495
43 1390
24 1312
29 1254
25 1462
25 1355
12 1249
35 1056
36 1318
17 1385
44 1303
23 1497
24 1416
26 1395
17 1107
15 1273
40 1270
37 1240
15 1138
18 1104
28 1192
38 1366
11 1202
33 1148
24 1468
18 1307
36 1464
30 1264
30 1047
23 1396
30 1221
10 1054
46 1475
22 1108
21 1440
23 1109
37 1022
26 1323
31 1081
20 1232
39 1383
20 1187
25 1290
28 1014
11 1088
10 1020
46 1296
27 1260
43 1412
10 1170
28 1271
20 1384
13 1441
27 1140
14 1131
25 1376
29 1058
12 1169
40 1129
20 1312
34 1104
39 1373
19 1471
22 1104
39 1075
24 1478
48 1065
39 1252
26 1095
38 1266
27 1212
34 1088
20 1188
28 1347
14 1422
15 1204
10 1321
12 1161
35 1254
29 1154
43 1132
17 1431
33 1259
28 1229
23 1319
39 1014
49 1196
30 1192
38 1305
20 1365
32 1414
17 1221
12 1369
39 1413
34 1262
13 1117
13 1243
35 1262
46 1227
44 1488
10 1266
48 1010
48 1285
40 1431
13 1345
25 1495
44 1219
28 1319
41 1480
15 1088
49 1285
32 1326
20 1109
24 1207
19 1159
36 1412
21 1312
38 1346
48 1434
28 1449
20 1190
35 1220
36 1179
26 1241
25 1179
10 1254
36 1011
42 1165
38 1317
28 1311
11 1430
47 1037
37 1132
49 1337
16 1462
21 1378
29 1081
24 1357
20 1041
23 1052
12 1434
28 1173
37 1186
40 1136
45 1433
45 1237
27 1212
37 1449
36 1099
17 1113
24 1185
46 1270
43 1000
43 1241
39 1363
34 1352
30 1054
40 1261
22 1211
22 1226
26 1003
18 1148
32 1268
37 1001
30 1374
42 1064
48 1454
23 1055
24 1199
19 1379
33 1113
11 1076
34 1470
13 1436
47 1234
30 1358
36 1105
27 1447
19 1345
12 1255
49 1219
24 1403
31 1122
14 1190
15 1259
36 1117
34 1488
11 1070
42 1240
48 1325
31 1291
40 1008
16 1194
28 1412
43 1295
11 1341
33 1112
44 1276
20 1119
42 1193
47 1264
26 1178
25 1484
13 1411
44 1403
13 1290
36 1269
25 1198
11 1223
24 1147
36 1469
26 1376
33 1172
27 1013
44 1063
12 1218
35 1098
42 1020
44 1401
33 1320
40 1148
25 1246
41 1465
14 1010
40 1271
17 1305
11 1177
25 1087
48 1285
12 1029
43 1041
25 1168
32 1355
31 1463
26 1049
33 1032
15 1025
25 1118
23 1097
14 1341
29 1030
24 1368
11 1203
49 1246
19 1417
14 1314
42 1197
39 1129
19 1166
42 1434
46 1008
11 1460
28 1189
46 1102
10 1214
29 1216
49 1055
11 1224
45 1338
33 1427
20 1286
42 1045
33 1151
33 1220
37 1049
49 1064
12 1075
25 1209
48 1063
20 1271
12 1210
19 1492
33 1220
48 1127
10 1016
40 1441
47 1012
21 1425
46 1000
20 1269
36 1037
45 1380
26 1185
30 1387
44 1305
27 1481
16 1006
38 1282
32 1085
20 1129
24 1226
35 1194
40 1070
28 1360
32 1010
38 1201
13 1151
48 1401
18 1322
17 1072
10 1309
38 1360
22 1049
10 1337
37 1168
20 1273
17 1088
31 1025
35 1370
31 1359
17 1365
29 1334
47 1423
44 1116
43 1242
17 1180
11 1385
39 1284
41 1235
39 1495
39 1251
14 1070
43 1193
48 1482
18 1156
48 1344
23 1313
21 1004
17 1282
18 1104
19 1498
41 1178
25 1464
36 1473
35 1076
35 1272
43 1122
24 1371
39 1486
47 1392
46 1410
32 1304
21 1361
24 1395
25 1421
48 1028
20 1191
37 1012
39 1251
24 1016
42 1040
31 1387
35 1459
16 1463
15 1124
35 1372
35 1223
28 1168
42 1379
34 1126
32 1131
23 1211
39 1059
39 1465
49 1289
46 1134
32 1493
30 1056
22 1054
40 1273
32 1104
10 1396
10 1493
27 1106
47 1498
26 1358
20 1320
42 1204
23 1226
37 1333
49 1365
46 1434
22 1255
18 1336
33 1195
36 1364
11 1272
19 1191
15 1481
27 1068
15 1155
29 1238
24 1291
36 1371
38 1189
41 1491
47 1249
44 1033
16 1424
22 1120
47 1068
42 1388
30 1198
49 1255
29 1154
40 1452
18 1408
15 1057
27 1135
42 1104
30 1170
49 1304
47 1477
33 1324
29 1427
38 1459
18 1489
25 1002
30 1414
44 1149
45 1439
14 1484
13 1391
45 1121
11 1437
11 1169
12 1463
41 1189
21 1023
24 1272
17 1136
16 1181
47 1204
22 1106
47 1277
42 1151
37 1494
24 1073
27 1065
28 1382
15 1026
44 1361
18 1403
43 1087
42 1125
23 1209
41 1215
41 1428
19 1244
47 1376
18 1150
15 1405
22 1305
27 1482
35 1050
46 1073
31 1002
10 1464
24 1151
22 1459
41 1446
48 1201
37 1431
11 1186
19 1045
20 1298
17 1047
21 1489
40 1357
26 1004
34 1011
29 1103
37 1497
45 1071
22 1474
39 1200
36 1458
11 1453
38 1392
38 1339
31 1189
10 1462
11 1390
23 1424
28 1327
33 1074
28 1355
40 1355
42 1178
46 1193
29 1391
38 1121
23 1040
12 1398
43 1217
10 1242
34 1159
38 1359
11 1138
35 1474
31 1344
25 1175
12 1076
40 1014
33 1454
43 1145
19 1151
30 1253
29 1172
34 1242
14 1319
15 1261
30 1163
23 1498
30 1409
21 1423
44 1495
44 1139
24 1490
30 1185
22 1163
44 1232
10 1195
27 1285
22 1196
13 1308
34 1343
44 1134
45 1107
43 1364
16 1415
35 1182
12 1041
39 1009
12 1474
32 1214
15 1187
47 1148
40 1376
10 1175
23 1321
22 1385
10 1141
23 1187
26 1386
34 1299
12 1125
35 1454
23 1433
33 1189
25 1034
49 1162
10 1150
16 1213
49 1172
31 1257
22 1290
19 1152
41 1074
31 1218
32 1149
44 1086
41 1381
35 1429
16 1399
18 1038
12 1160
43 1116
30 1084
37 1260
31 1400
31 1195
10 1333
12 1015
18 1247
26 1176
48 1369
19 1190
14 1048
25 1049
42 1046
33 1278
38 1390
22 1302
16 1044
48 1316
44 1243
25 1112
18 1005
20 1410
44 1127
38 1408
11 1333
40 1005
32 1222
29 1167
43 1113
42 1231
23 1388
22 1325
38 1050
13 1227
19 1003
10 1482
47 1007
33 1486
15 1412
14 1067
34 1482
30 1493
40 1421
49 1140
20 1266
18 1427
40 1076
21 1280
35 1008
18 1042
18 1344
28 1420
31 1206
10 1327
19 1058
32 1224
11 1394
14 1280
13 1176
15 1346
33 1226
34 1405
12 1217
20 1146
44 1068
47 1412
18 1144
39 1232
41 1485
48 1312
45 1327
42 1232
19 1193
34 1162
45 1305
44 1236
10 1163
43 1479
36 1430
23 1264
24 1194
13 1219
24 1481
40 1035
30 1014
36 1207
37 1011
13 1061
25 1137
34 1159
29 1074
25 1383
21 1023
20 1376
12 1308
11 1165
40 1356
43 1461
11 1397
17 1193
11 1198
26 1021
10 1088
33 1493
38 1383
30 1071
20 1316
34 1202
46 1150
24 1101
31 1458
30 1361
26 1151
34 1384
42 1217
40 1347
28 1418
21 1440
24 1128
30 1498
46 1366
38 1232
21 1278
44 1229
33 1423
18 1389
35 1012
12 1018
14 1078
31 1271
32 1427
29 1182
18 1394
46 1265
24 1098
21 1265
24 1351
39 1369
34 1206
23 1244
43 1179
48 1203
28 1328
45 1058
19 1269
48 1166
27 1492
25 1167
19 1095
42 1122
15 1343
19 1392
13 1000
10 1000
41 1168
36 1368
46 1310
37 1022
21 1046
10 1417
13 1168
37 1267
27 1169
43 1220
30 1022
12 1100
21 1021
32 1304
35 1057
33 1041
43 1030
10 1253
23 1138
23 1434
27 1010
43 1296
24 1111
42 1405
38 1341
35 1082
47 1166
44 1053
36 1404
14 1097
38 1334
43 1236
31 1289
33 1278
46 1012
45 1094
21 1134
26 1144
44 1026
27 1214
47 1038
37 1097
24 1408
49 1397
43 1452
18 1164
45 1257
38 1139
38 1092
26 1495
36 1094
10 1267
39 1023
16 1287
36 1491
37 1387
42 1439
21 1364
40 1364
48 1089
17 1392
47 1164
23 1250
32 1139
49 1265
41 1319
15 1010
45 1220
44 1224
15 1380
35 1228
10 1225
42 1316
40 1046
33 1136
43 1149
47 1126
15 1197
31 1416
31 1458
11 1081
45 1449
45 1039
40 1066
13 1403
14 1114
34 1335
27 1387
17 1325
21 1353
23 1088
38 1035
20 1105
26 1035
32 1218
21 1225
17 1106
39 1077
25 1198
30 1256
16 1325
48 1119
47 1205
47 1390
12 1440
20 1498
21 1132
32 1341
48 1287
46 1339
46 1062
43 1336
25 1057
37 1271
48 1362
43 1334
24 1100
13 1369
16 1377
21 1066
47 1340
32 1204
16 1244
34 1390
34 1318
18 1274
21 1090
16 1064
35 1176
44 1387
14 1442
18 1092
18 1453
38 1245
25 1201
33 1440
39 1374
32 1475
10 1035
17 1454
27 1490
17 1297
24 1097
49 1268
26 1278
14 1491
42 1009
42 1130
30 1097
15 1468
28 1425
11 1350
27 1496
19 1212
23 1474
21 1032
41 1335
14 1282
20 1015
41 1379
17 1117
45 1355
39 1121
21 1159
41 1140
32 1168
35 1479
11 1264
10 1207
49 1340
17 1274
33 1165
32 1288
21 1111
45 1052
33 1293
20 1486
18 1351
20 1464
20 1438
16 1372
30 1013
46 1187
24 1435
13 1151
47 1496
27 1292
41 1489
26 1231
41 1144
36 1058
10 1078
13 1468
29 1210
11 1455
20 1198
17 1374
23 1191
40 1069
38 1167
19 1314
23 1417
33 1182
19 1222
11 1075
14 1281
18 1274
39 1059
22 1496
13 1414
24 1143
44 1186
42 1433
25 1341
44 1074
30 1426
34 1007
41 1490
11 1063
39 1358
12 1270
24 1102
48 1274
12 1150
27 1077
23 1030
45 1293
44 1332
41 1488
43 1039
39 1401
12 1072
25 1186
49 1491
36 1253
49 1320
43 1202
23 1060
29 1347
27 1389
22 1060
13 1407
10 1451
41 1359
24 1195
14 1126
46 1061
48 1075
14 1010
24 1452
22 1398
41 1282
31 1288
44 1395
38 1251
28 1390
29 1182
18 1177
15 1249
28 1497
17 1472
27 1372
43 1053
26 1055
40 1481
34 1266
21 1073
45 1287
43 1147
39 1007
19 1347
17 1016
11 1157
14 1144
44 1418
38 1360
49 1458
34 1162
37 1288
18 1447
14 1402
34 1352
47 1311
11 1407
36 1136
19 1221
37 1380
18 1194
42 1292
32 1262
12 1052
29 1050
10 1391
11 1172
37 1006
48 1124
42 1174
21 1262
41 1490
13 1068
37 1152
36 1442
22 1171
40 1470
47 1055
32 1004
44 1234
13 1448
39 1220
24 1133
10 1240
19 1263
34 1107
24 1156
19 1064
34 1058
17 1040
48 1025
44 1112
39 1112
13 1488
49 1289
11 1333
40 1174
47 1182
17 1357
32 1271
35 1337
11 1441
11 1206
22 1048
34 1404
15 1478
16 1306
38 1297
27 1168
49 1292
27 1259
26 1223
41 1367
49 1164
25 1354
16 1008
28 1436
45 1279
27 1330
38 1332
21 1451
31 1179
22 1182
32 1073
10 1387
26 1311
24 1353
40 1433
33 1249
37 1354
47 1426
13 1215
14 1416
46 1025
21 1340
39 1156
43 1056
29 1221
24 1319
45 1353
41 1475
32 1135
12 1018
48 1120
42 1316
12 1270
49 1333
42 1293
45 1162
33 1001
35 1496
34 1431
21 1151
29 1399
10 1333
26 1365
34 1318
33 1107
27 1405
12 1106
43 1251
25 1429
15 1374
34 1114
27 1033
32 1031
10 1151
47 1444
22 1140
32 1185
30 1383
24 1091
48 1386
44 1424
44 1158
33 1281
28 1432
37 1053
34 1117
46 1137
31 1122
21 1331
48 1013
39 1443
14 1174
18 1038
46 1123
35 1356
19 1471
12 1113
46 1108
18 1064
37 1244
45 1391
16 1337
46 1281
35 1153
16 1037
36 1120
19 1024
40 1187
31 1399
14 1164
20 1310
49 1362
41 1493
17 1354
15 1435
45 1478
40 1472
37 1473
37 1486
27 1031
48 1238
15 1137
37 1425
33 1155
11 1479
30 1082
42 1140
44 1076
37 1342
16 1273
40 1368
24 1452
33 1028
34 1406
22 1270
13 1308
31 1179
29 1451
34 1235
37 1221
47 1351
27 1197
33 1273
19 1256
13 1002
13 1242
42 1256
23 1364
20 1148
27 1284
23 1117
37 1457
44 1391
19 1421
42 1236
29 1338
48 1198
11 1113
29 1415
27 1389
16 1114
35 1457
10 1200
26 1111
15 1414
28 1025
10 1308
42 1357
18 1308
23 1323
20 1183
29 1233
49 1096
47 1116
34 1024
18 1475
42 1206
41 1185
34 1234
47 1038
31 1034
45 1192
46 1082
33 1198
42 1051
35 1458
18 1103
10 1369
33 1192
45 1012
32 1169
22 1130
12 1086
40 1330
28 1105
33 1282
32 1294
33 1180
34 1031
48 1134
41 1377
37 1447
33 1384
30 1335
17 1150
13 1013
31 1197
12 1141
37 1159
23 1263
12 1414
40 1423
44 1041
27 1108
37 1101
49 1076
32 1114
31 1050
19 1143
31 1331
27 1341
23 1338
44 1291
36 1169
28 1235
24 1463
10 1230
10 1380
19 1497
33 1300
48 1195
18 1096
22 1480
47 1491
44 1284
38 1245
38 1037
39 1234
11 1238
42 1290
22 1142
45 1077
14 1254
18 1478
21 1033
29 1304
32 1368
27 1498
35 1071
19 1032
17 1384
16 1025
42 1063
13 1168
14 1311
49 1071
49 1442
11 1232
43 1183
42 1294
42 1354
22 1284
11 1437
42 1252
19 1367
46 1304
33 1140
34 1127
30 1301
13 1237
37 1222
42 1241
18 1348
10 1499
35 1170
22 1387
30 1469
17 1402
34 1044
46 1369
10 1337
33 1364
29 1180
20 1082
31 1318
43 1176
23 1125
35 1271
36 1391
28 1275
37 1094
11 1069
14 1324
27 1451
18 1463
24 1265
28 1427
23 1188
46 1050
40 1011
49 1277
13 1370
14 1340
35 1420
28 1116
25 1438
23 1288
18 1442
24 1040
16 1288
35 1072
18 1129
36 1047
39 1267
10 1171
44 1454
43 1425
30 1434
48 1288
38 1135
31 1062
32 1244
42 1003
41 1380
40 1303
17 1094
18 1268
35 1137
20 1417
33 1286
28 1018
24 1201
23 1178
17 1097
43 1164
48 1023
10 1282
11 1372
49 1249
22 1164
14 1019
25 1124
25 1466
11 1352
40 1290
14 1252
29 1171
13 1313
21 1394
18 1171
17 1006
17 1158
48 1317
44 1445
36 1363
28 1421
27 1254
25 1453
45 1034
33 1289
11 1319
33 1121
43 1187
13 1159
25 1222
20 1308
10 1499
20 1416
30 1050
12 1486
32 1198
24 1244
40 1396
22 1308
38 1352
28 1401
41 1230
21 1040
32 1289
25 1067
12 1346
48 1252
11 1141
23 1164
22 1145
10 1129
29 1294
11 1475
11 1234
10 1003
12 1087
13 1445
22 1443
13 1031
49 1397
45 1020
30 1422
37 1494
13 1174
14 1387
42 1394
33 1326
25 1026
46 1170
28 1366
17 1187
34 1160
28 1408
12 1379
24 1280
12 1115
13 1051
22 1247
17 1223
37 1188
43 1343
37 1182
15 1448
35 1131
40 1089
28 1089
36 1406
25 1172
23 1044
46 1205
29 1091
23 1235
26 1039
21 1420
18 1293
46 1165
11 1061
37 1096
31 1224
41 1203
39 1467
41 1349
35 1435
29 1086
13 1320
11 1469
41 1102
38 1091
20 1178
28 1382
21 1130
22 1290
48 1400
21 1402
33 1056
29 1073
42 1392
40 1127
33 1182
30 1404
47 1206
48 1034
22 1199
32 1301
19 1208
48 1182
16 1201
15 1323
26 1100
31 1344
25 1144
21 1208
12 1350
46 1231
20 1109
49 1379
23 1032
44 1437
48 1366
41 1356
14 1181
34 1004
30 1394
44 1275
35 1300
40 1490
27 1189
41 1423
29 1487
48 1160
36 1040
35 1385
16 1018
24 1102
21 1158
45 1087
20 1407
38 1002
33 1443
38 1289
37 1477
15 1207
41 1051
24 1415
22 1133
44 1328
12 1439
12 1356
25 1316
34 1082
41 1362
47 1091
49 1468
42 1351
16 1373
20 1246
33 1042
35 1427
44 1214
49 1438
13 1212
29 1069
40 1497
19 1235
27 1142
15 1418
48 1404
35 1167
26 1494
33 1048
39 1302
31 1462
36 1110
10 1335
45 1028
36 1121
19 1296
18 1316
22 1141
47 1381
40 1196
23 1274
23 1303
46 1010
22 1413
11 1290
11 1436
26 1288
17 1338
13 1028
21 1017
44 1276
15 1394
11 1329
24 1035
36 1451
26 1474
25 1210
27 1137
14 1383
28 1175
18 1114
20 1083
45 1052
44 1424
35 1297
40 1202
49 1494
31 1179
41 1088
18 1030
13 1173
10 1268
11 1068
19 1065
34 1081
35 1317
17 1279
14 1015
19 1405
25 1183
43 1002
35 1147
32 1174
33 1282
15 1371
22 1242
29 1098
43 1112
14 1088
22 1394
41 1328
49 1148
12 1351
22 1010
35 1130
43 1018
28 1029
46 1458
37 1044
34 1351
37 1238
21 1401
39 1141
34 1444
12 1461
40 1185
30 1148
49 1444
24 1034
39 1024
23 1012
24 1396
43 1242
34 1147
14 1313
16 1152
30 1005
16 1306
35 1141
32 1334
14 1422
46 1266
46 1020
18 1460
10 1024
41 1063
17 1443
13 1168
28 1173
24 1074
36 1415
17 1141
46 1373
11 1342
25 1409
16 1223
42 1298
36 1484
16 1491
43 1155
20 1127
36 1187
27 1113
19 1107
26 1184
43 1464
28 1112
30 1066
47 1480
42 1254
23 1005
33 1041
36 1030
38 1263
19 1475
29 1226
45 1309
40 1190
22 1472
35 1073
34 1140
15 1480
26 1037
49 1089
48 1058
33 1435
17 1165
21 1299
36 1215
26 1344
49 1232
41 1307
24 1022
38 1159
47 1159
24 1033
37 1110
18 1023
18 1299
18 1331
23 1012
43 1132
37 1375
31 1246
37 1363
45 1075
37 1386
27 1461
39 1221
41 1096
30 1472
31 1380
29 1258
12 1374
29 1405
20 1030
26 1145
47 1133
45 1186
11 1458
26 1310
14 1272
22 1097
46 1079
27 1192
34 1259
11 1310
33 1331
41 1090
21 1014
28 1315
31 1138
36 1096
10 1405
12 1194
47 1206
26 1106
19 1459
23 1324
17 1227
43 1061
43 1489
48 1132
34 1120
26 1280
40 1348
26 1025
30 1175
14 1212
31 1201
40 1093
10 1345
15 1013
41 1014
40 1113
22 1428
39 1236
26 1279
13 1171
10 1370
15 1270
30 1137
18 1454
32 1324
29 1104
25 1368
12 1380
42 1399
47 1031
12 1488
48 1236
14 1059
19 1422
22 1104
48 1233
32 1234
32 1405
34 1155
21 1475
42 1183
39 1007
10 1284
10 1120
41 1091
18 1371
36 1390
13 1166
21 1019
39 1433
34 1093
28 1073
15 1000
48 1323
34 1225
33 1044
16 1034
49 1041
26 1395
15 1320
11 1186
17 1009
24 1190
41 1287
28 1225
12 1462
19 1137
13 1160
45 1417
25 1413
16 1052
24 1045
22 1450
49 1407
14 1483
44 1400
31 1373
44 1366
42 1445
22 1333
31 1358
12 1482
31 1098
21 1423
39 1000
16 1159
49 1288
26 1286
44 1302
10 1040
17 1003
47 1111
31 1098
25 1332
20 1233
47 1351
20 1322
29 1241
33 1421
12 1398
13 1099
17 1044
48 1279
12 1444
21 1351
28 1362
43 1104
42 1372
48 1156
40 1116
47 1239
15 1150
19 1371
45 1435
37 1103
33 1360
33 1483
28 1145
25 1306
47 1052
20 1111
42 1178
37 1248
44 1279
18 1004
46 1316
10 1242
28 1344
47 1365
39 1483
37 1080
46 1284
40 1129
30 1241
42 1305
14 1477
37 1447
38 1350
47 1350
48 1135
13 1084
44 1217
15 1399
15 1154
43 1090
28 1171
36 1402
14 1498
23 1152
48 1099
24 1392
38 1449
19 1494
17 1058
24 1064
34 1019
29 1296
44 1368
29 1406
26 1252
10 1304
22 1475
12 1182
24 1425
28 1097
44 1325
19 1496
47 1391
34 1150
42 1433
19 1171
42 1021
26 1479
21 1452
14 1072
49 1143
32 1458
16 1156
33 1061
22 1198
34 1111
17 1424
47 1405
34 1037
12 1281
11 1350
34 1444
48 1379
30 1268
29 1192
27 1068
46 1228
10 1432
49 1404
46 1160
23 1369
46 1489
24 1355
44 1238
14 1183
24 1326
22 1195
39 1051
34 1482
32 1162
37 1187
48 1083
46 1204
26 1379
26 1311
49 1236
27 1345
42 1480
33 1066
18 1391
39 1489
40 1413
38 1450
25 1494
10 1309
45 1336
36 1034
26 1049
15 1204
49 1428
33 1064
24 1337
47 1254
49 1031
35 1218
20 1090
12 1313
41 1181
13 1005
18 1330
19 1442
46 1171
19 1491
16 1306
40 1010
15 1225
45 1111
21 1154
46 1123
12 1148
21 1096
15 1431
24 1142
47 1076
12 1314
28 1128
36 1294
46 1293
23 1151
43 1075
14 1277
13 1058
27 1459
23 1434
21 1087
38 1358
12 1014
45 1235
47 1077
38 1180
25 1200
49 1067
33 1488
22 1419
17 1044
27 1055
18 1380
26 1411
10 1499
48 1311
49 1019
32 1389
25 1428
16 1150
47 1212
10 1058
34 1475
35 1187
28 1357
23 1204
43 1492
20 1087
43 1093
47 1297
46 1415
39 1455
32 1205
44 1315
15 1283
40 1382
49 1398
17 1490
18 1407
32 1070
33 1332
41 1262
33 1237
15 1376
49 1491
36 1491
43 1351
24 1195
45 1450
10 1235
13 1389
43 1173
45 1145
48 1290
13 1073
30 1259
48 1284
46 1354
33 1201
35 1302
39 1334
24 1314
27 1209
18 1420
45 1246
41 1482
38 1326
30 1173
49 1356
16 1167
32 1249
16 1433
22 1283
31 1209
17 1417
46 1009
27 1340
42 1282
46 1266
38 1134
36 1305
16 1213
46 1376
23 1007
32 1342
23 1155
22 1481
44 1223
13 1268
48 1311
19 1433
34 1266
29 1250
28 1496
21 1490
17 1405
18 1061
49 1139
22 1439
24 1361
39 1393
23 1323
27 1201
28 1173
18 1011
43 1149
27 1262
31 1189
38 1033
47 1489
44 1483
34 1221
23 1407
13 1025
31 1054
45 1179
18 1125
25 1225
17 1296
48 1398
21 1038
13 1304
35 1022
25 1265
31 1033
15 1017
19 1061
27 1301
17 1109
46 1358
45 1075
37 1156
19 1292
31 1208
22 1307
48 1323
31 1463
27 1336
32 1256
15 1201
24 1484
22 1428
22 1107
15 1241
19 1199
17 1407
37 1407
20 1029
31 1168
42 1256
45 1439
38 1271
17 1049
45 1100
20 1091
44 1257
21 1013
30 1252
44 1320
44 1240
38 1256
34 1420
40 1230
49 1096
12 1041
33 1454
49 1384
24 1225
45 1089
32 1218
29 1031
37 1446
15 1461
33 1295
13 1417
22 1184
35 1301
47 1269
48 1197
18 1267
20 1011
32 1255
44 1477
44 1139
22 1053
33 1238
47 1475
39 1383
26 1373
49 1162
48 1497
32 1151
40 1254
43 1148
41 1415
16 1124
35 1425
23 1080
30 1277
17 1355
24 1160
29 1245
42 1256
17 1215
35 1431
18 1352
42 1209
20 1228
19 1427
48 1465
19 1488
43 1343
22 1207
21 1270
25 1256
33 1113
22 1011
38 1376
14 1012
44 1260
11 1452
21 1368
41 1094
42 1126
47 1129
14 1279
45 1136
13 1107
31 1102
22 1365
20 1357
43 1142
27 1433
11 1041
14 1092
17 1306
15 1487
10 1232
44 1409
32 1419
39 1260
44 1497
18 1269
13 1229
32 1150
26 1105
10 1272
14 1409
23 1068
21 1122
15 1225
18 1201
10 1447
13 1099
31 1210
32 1171
34 1223
16 1104
19 1482
34 1390
11 1149
10 1022
41 1460
23 1405
48 1049
29 1276
43 1112
12 1376
19 1241
34 1458
16 1149
34 1285
49 1428
37 1358
18 1378
19 1462
39 1160
19 1365
44 1268
21 1280
20 1208
49 1271
47 1404
49 1146
26 1069
20 1257
28 1274
20 1183
29 1071
47 1285
22 1047
31 1103
49 1205
32 1378
10 1468
19 1228
15 1490
12 1300
17 1098
31 1071
35 1242
41 1153
13 1182
37 1181
25 1491
10 1233
44 1140
34 1483
26 1480
47 1048
21 1372
48 1133
15 1068
47 1129
30 1137
28 1156
34 1265
36 1116
15 1274
16 1391
36 1219
22 1247
29 1152
44 1451
18 1349
29 1417
42 1466
38 1267
10 1494
33 1449
29 1204
40 1210
30 1471
37 1435
21 1355
23 1189
28 1254
40 1139
30 1363
30 1286
15 1373
46 1457
31 1456
10 1183
47 1016
19 1253
17 1082
47 1384
28 1486
13 1408
29 1453
30 1404
12 1307
13 1475
13 1370
48 1127
21 1478
36 1456
45 1147
10 1024
28 1470
39 1088
37 1012
48 1126
34 1315
32 1035
29 1356
31 1408
16 1470
12 1092
21 1353
27 1224
10 1042
22 1020
20 1091
20 1176
39 1115
44 1468
12 1466
30 1051
22 1496
41 1009
29 1317
22 1462
34 1190
21 1032
21 1447
21 1139
13 1238
29 1358
43 1463
35 1439
10 1087
25 1421
33 1074
17 1113
21 1411
29 1352
17 1146
40 1027
42 1306
35 1083
35 1181
40 1200
11 1409
16 1464
10 1001
39 1117
16 1071
23 1136
19 1409
44 1076
47 1027
27 1462
48 1208
30 1320
21 1156
18 1426
33 1014
26 1178
20 1200
32 1353
18 1267
30 1101
11 1384
29 1216
17 1227
39 1200
49 1487
13 1420
15 1206
24 1309
30 1190
37 1210
49 1012
22 1065
16 1190
18 1217
38 1433
48 1353
47 1429
27 1143
45 1357
24 1045
43 1070
14 1461
12 1321
47 1279
24 1147
20 1242
24 1308
14 1100
25 1104
37 1277
15 1391
10 1213
41 1430
21 1326
39 1069
48 1119
22 1204
43 1206
45 1381
14 1224
15 1290
13 1248
25 1328
37 1091
13 1231
36 1486
35 1387
10 1356
16 1338
19 1273
22 1362
16 1106
46 1239
49 1361
45 1218
45 1385
46 1052
12 1449
30 1287
27 1138
49 1427
12 1200
27 1225
22 1144
41 1042
33 1176
34 1388
12 1478
26 1118
38 1111
16 1419
49 1165
34 1447
35 1449
48 1023
18 1013
34 1016
23 1499
11 1020
47 1222
49 1375
38 1024
24 1235
40 1194
29 1194
15 1097
48 1255
23 1249
48 1217
18 1062
45 1254
29 1454
22 1049
39 1125
23 1250
45 1417
46 1392
37 1379
35 1378
17 1055
25 1309
19 1274
39 1036
13 1372
41 1247
43 1417
31 1402
40 1037
34 1012
10 1231
40 1294
44 1001
12 1198
46 1355
24 1111
40 1493
38 1186
45 1299
21 1126
14 1103
25 1293
36 1393
22 1306
31 1325
44 1123
39 1216
27 1375
47 1042
29 1112
47 1257
34 1260
18 1389
37 1275
27 1298
35 1296
23 1059
40 1000
20 1134
17 1054
38 1117
25 1314
47 1082
46 1403
27 1157
39 1310
39 1385
39 1279
14 1026
22 1325
16 1328
20 1398
15 1292
42 1342
27 1166
45 1028
12 1261
15 1027
25 1169
22 1066
18 1290
13 1029
29 1147
10 1179
39 1276
29 1400
21 1490
45 1279
40 1458
26 1073
33 1121
35 1094
11 1012
11 1200
18 1099
22 1043
18 1243
35 1228
14 1380
29 1103
23 1034
38 1149
14 1348
15 1170
37 1441
11 1021
36 1373
18 1080
48 1077
34 1482
23 1122
11 1338
29 1008
49 1419
15 1000
41 1119
34 1109
25 1178
20 1348
13 1426
49 1243
44 1413
24 1224
24 1004
48 1201
47 1108
39 1458
11 1460
22 1381
37 1242
20 1043
15 1121
24 1127
26 1166
49 1004
37 1001
18 1411
19 1493
10 1069
20 1283
38 1195
19 1137
24 1003
18 1024
11 1032
34 1225
32 1074
38 1401
25 1117
17 1180
27 1492
24 1491
35 1419
15 1066
39 1289
14 1026
35 1393
38 1395
15 1201
41 1354
22 1364
36 1384
13 1208
17 1070
18 1368
46 1465
31 1182
29 1255
42 1017
25 1208
44 1186
16 1341
39 1317
41 1391
32 1316
25 1222
32 1393
27 1246
35 1497
24 1418
32 1364
30 1491
36 1440
18 1164
19 1172
21 1324
30 1351
31 1142
14 1112
18 1249
15 1110
17 1191
34 1359
30 1281
18 1181
25 1379
15 1409
47 1217
31 1001
17 1464
45 1101
49 1087
44 1253
25 1023
23 1336
46 1284
47 1447
35 1001
29 1348
48 1435
20 1080
38 1193
29 1115
27 1089
19 1412
37 1002
34 1074
47 1393
11 1372
34 1124
29 1147
25 1333
13 1360
16 1244
30 1291
34 1440
11 1139
37 1256
41 1017
17 1007
37 1486
22 1128
47 1385
22 1252
10 1077
40 1483
25 1498
34 1120
31 1182
23 1488
30 1044
39 1359
14 1073
22 1057
30 1232
32 1124
47 1315
20 1343
38 1430
47 1452
16 1110
45 1405
41 1220
27 1062
36 1237
24 1439
49 1041
29 1081
26 1430
39 1196
13 1007
11 1493
24 1138
22 1393
49 1223
36 1176
20 1437
42 1344
37 1241
37 1047
18 1463
11 1188
13 1164
33 1092
48 1494
43 1014
18 1399
19 1268
19 1074
10 1264
12 1370
23 1027
27 1466
21 1488
30 1400
34 1489
11 1489
11 1383
42 1109
19 1335
11 1336
43 1165
31 1396
45 1435
45 1160
21 1254
27 1192
27 1195
39 1479
25 1162
17 1349
44 1130
29 1241
40 1243
13 1280
16 1087
31 1377
17 1153
44 1337
25 1452
29 1295
20 1106
20 1148
26 1378
15 1308
42 1470
39 1181
18 1092
48 1042
27 1174
14 1343
18 1426
37 1059
20 1449
27 1109
38 1252
16 1483
33 1343
13 1073
27 1129
46 1390
40 1035
43 1366
44 1285
46 1275
29 1005
22 1129
36 1302
44 1125
40 1459
10 1380
12 1484
32 1069
25 1485
47 1400
23 1497
23 1342
41 1110
21 1273
30 1173
30 1156
33 1374
47 1164
34 1315
28 1448
28 1107
24 1244
26 1120
49 1120
16 1011
42 1406
13 1431
23 1247
38 1010
10 1336
24 1121
47 1261
49 1040
17 1478
24 1344
43 1347
21 1216
25 1412
38 1023
17 1281
19 1072
11 1050
35 1433
17 1417
13 1474
44 1419
47 1151
47 1326
11 1310
13 1296
36 1092
17 1341
31 1001
35 1214
39 1136
14 1147
39 1347
13 1125
10 1199
48 1298
35 1206
13 1403
17 1093
45 1414
22 1204
31 1076
41 1069
20 1343
43 1094
31 1308
16 1413
31 1022
25 1296
28 1162
10 1039
14 1405
41 1333
14 1180
24 1026
12 1152
20 1143
23 1216
31 1163
35 1100
49 1429
13 1369
27 1331
23 1116
34 1059
18 1126
22 1164
16 1291
49 1165
33 1195
43 1094
38 1108
20 1498
45 1227
39 1406
20 1024
43 1331
33 1148
23 1162
32 1289
27 1048
47 1233
44 1130
40 1383
11 1102
42 1173
33 1334
10 1316
49 1276
34 1399
43 1103
37 1222
22 1129
21 1032
43 1314
26 1106
26 1066
40 1169
26 1072
45 1373
39 1171
14 1180
18 1004
38 1266
33 1213
13 1410
23 1326
39 1021
21 1347
23 1219
13 1330
48 1087
31 1467
42 1124
44 1028
48 1491
41 1285
21 1157
43 1129
28 1266
19 1087
20 1422
25 1203
14 1339
29 1358
32 1080
44 1080
34 1246
43 1332
40 1121
14 1153
37 1198
14 1249
34 1045
41 1072
40 1084
44 1068
21 1279
15 1257
49 1228
47 1372
42 1222
28 1161
23 1315
29 1384
26 1441
27 1041
14 1326
18 1268
40 1460
41 1052
41 1412
27 1200
33 1341
37 1142
37 1487
35 1176
23 1095
40 1393
38 1462
32 1210
26 1060
33 1211
20 1207
22 1175
23 1247
39 1431
42 1220
13 1280
14 1290
17 1216
29 1398
45 1435
27 1193
13 1203
11 1342
15 1442
11 1040
22 1119
32 1002
15 1301
21 1185
49 1499
20 1250
29 1434
10 1476
38 1162
29 1160
48 1262
28 1120
39 1279
38 1381
37 1419
41 1075
14 1340
41 1412
14 1021
24 1395
14 1023
10 1196
18 1065
21 1461
24 1158
17 1414
37 1363
17 1077
24 1110
49 1374
33 1363
47 1043
21 1437
15 1436
34 1430
40 1054
26 1224
10 1439
16 1446
47 1002
20 1140
35 1340
49 1274
40 1487
20 1387
48 1417
35 1266
17 1432
13 1149
42 1456
15 1493
30 1323
23 1442
14 1397
25 1058
18 1207
45 1004
11 1458
20 1425
14 1364
39 1411
29 1453
42 1484
15 1157
31 1363
10 1366
15 1317
16 1284
20 1062
20 1438
25 1147
34 1163
20 1112
27 1169
13 1132
28 1279
45 1385
32 1227
15 1304
13 1455
41 1430
19 1092
18 1345
48 1403
47 1388
23 1209
37 1079
15 1397
11 1287
32 1483
25 1241
18 1260
12 1438
48 1196
35 1133
41 1178
24 1479
15 1273
29 1449
33 1193
14 1259
39 1160
12 1462
48 1223
38 1328
42 1329
48 1373
46 1323
46 1237
31 1100
16 1216
33 1416
41 1249
24 1344
44 1111
14 1300
43 1463
47 1451
44 1344
10 1179
15 1169
24 1484
24 1202
34 1218
37 1196
41 1053
15 1047
23 1440
35 1173
42 1162
41 1014
19 1461
45 1274
11 1261
39 1099
44 1294
31 1449
33 1454
44 1157
24 1396
34 1378
19 1243
26 1129
45 1436
23 1304
10 1064
39 1468
30 1253
39 1091
39 1353
37 1025
34 1273
40 1037
48 1075
28 1297
36 1412
20 1032
14 1349
45 1026
25 1343
48 1228
46 1270
13 1297
26 1159
37 1137
29 1132
25 1238
24 1293
25 1021
48 1113
22 1353
27 1251
16 1005
45 1058
31 1070
47 1312
47 1385
28 1374
29 1457
12 1068
30 1131
35 1081
40 1148
18 1065
39 1119
31 1357
44 1250
18 1306
34 1264
16 1372
17 1241
12 1206
23 1224
49 1170
27 1401
29 1373
15 1388
34 1407
12 1038
13 1412
16 1449
25 1393
27 1065
11 1284
32 1089
43 1219
46 1400
37 1333
29 1118
36 1148
18 1304
38 1050
11 1289
11 1389
48 1485
46 1419
45 1002
10 1080
12 1439
38 1270
20 1475
13 1314
24 1489
42 1062
43 1026
21 1218
34 1483
24 1026
40 1194
40 1393
23 1074
28 1099
36 1456
25 1041
14 1453
13 1220
44 1136
40 1287
37 1002
22 1308
24 1397
19 1483
25 1187
39 1211
17 1022
39 1360
23 1352
47 1311
39 1487
48 1098
11 1049
24 1059
14 1373
46 1271
21 1450
14 1122
13 1183
33 1447
19 1460
38 1177
24 1207
30 1406
32 1169
27 1390
46 1079
32 1303
33 1147
47 1423
21 1082
36 1321
15 1313
31 1475
36 1397
46 1207
12 1177
36 1047
11 1240
40 1000
49 1388
38 1096
46 1201
10 1435
24 1375
13 1098
24 1234
14 1416
18 1080
27 1458
37 1283
34 1481
43 1029
36 1304
38 1306
12 1324
39 1247
40 1260
45 1243
15 1227
39 1122
23 1163
26 1271
45 1075
45 1383
25 1179
44 1396
21 1114
15 1194
40 1036
34 1362
32 1152
42 1492
45 1121
32 1260
24 1086
12 1057
18 1183
13 1340
27 1123
47 1266
10 1374
41 1076
42 1260
16 1087
24 1239
36 1466
10 1015
23 1144
40 1196
48 1423
24 1119
46 1180
31 1083
46 1038
46 1012
24 1409
12 1337
12 1287
25 1313
30 1484
36 1460
22 1447
44 1231
17 1415
18 1316
30 1004
24 1223
18 1251
15 1031
21 1321
21 1479
32 1197
11 1477
43 1220
28 1301
34 1110
40 1201
28 1264
25 1248
24 1183
11 1007
13 1194
23 1150
10 1367
46 1224
17 1275
31 1432
29 1481
48 1079
18 1161
45 1073
36 1217
13 1232
13 1076
30 1460
33 1448
22 1492
39 1181
15 1303
49 1375
34 1397
42 1484
34 1427
14 1064
31 1470
42 1065
35 1273
19 1447
34 1064
17 1209
40 1111
32 1487
16 1309
38 1325
27 1212
12 1271
47 1363
42 1337
20 1276
49 1445
20 1300
29 1310
48 1338
14 1414
10 1213
37 1451
43 1132
45 1050
36 1144
41 1243
12 1403
14 1435
42 1018
12 1276
22 1381
26 1356
24 1449
26 1120
36 1002
19 1224
48 1339
44 1115
42 1076
31 1192
28 1324
19 1258
32 1143
16 1427
36 1410
41 1378
26 1154
30 1412
15 1152
35 1101
45 1450
43 1234
22 1181
30 1462
10 1062
23 1177
17 1186
24 1326
36 1409
40 1283
32 1328
39 1326
48 1210
45 1053
36 1299
10 1386
41 1291
15 1350
35 1070
35 1070
13 1461
11 1293
23 1099
19 1295
34 1235
46 1271
31 1245
31 1249
29 1207
17 1274
35 1119
11 1484
32 1035
14 1428
25 1491
33 1013
21 1453
33 1477
21 1249
18 1330
34 1286
10 1323
30 1057
43 1025
37 1036
46 1355
20 1239
33 1478
16 1485
11 1052
38 1418
31 1181
11 1238
46 1209
16 1117
15 1487
43 1061
42 1237
48 1288
28 1296
15 1005
11 1478
37 1011
32 1447
44 1460
26 1495
35 1475
20 1135
32 1318
35 1166
14 1220
28 1414
41 1121
42 1017
25 1210
47 1109
15 1326
38 1493
22 1408
25 1049
31 1235
40 1159
34 1269
27 1369
47 1403
18 1287
33 1247
25 1054
18 1313
34 1413
19 1353
30 1007
44 1343
12 1013
26 1168
12 1081
30 1189
40 1149
29 1014
39 1077
30 1370
34 1044
30 1040
26 1050
17 1006
37 1400
43 1430
26 1002
39 1324
16 1486
41 1232
33 1458
40 1135
11 1455
14 1136
42 1091
48 1348
44 1107
26 1417
30 1158
39 1341
33 1292
45 1005
33 1409
22 1435
14 1117
45 1116
23 1240
10 1029
18 1301
41 1193
21 1260
49 1138
16 1009
29 1254
49 1236
29 1214
48 1295
30 1120
12 1033
45 1218
26 1184
33 1361
43 1367
23 1119
14 1412
46 1488
27 1260
47 1367
27 1389
19 1338
41 1043
13 1315
21 1257
21 1320
25 1258
39 1044
12 1020
28 1203
25 1272
20 1285
44 1311
31 1444
12 1256
37 1262
45 1165
35 1116
24 1116
36 1268
23 1275
31 1234
17 1172
46 1007
42 1333
24 1426
49 1011
48 1382
18 1292
17 1291
46 1330
15 1260
39 1160
39 1250
15 1443
39 1407
13 1010
31 1128
23 1247
16 1424
35 1148
36 1476
29 1080
12 1001
21 1255
40 1143
34 1021
46 1044
25 1272
15 1358
45 1409
25 1494
48 1203
22 1190
29 1253
31 1349
32 1140
15 1154
11 1176
39 1189
39 1279
38 1114
35 1421
42 1373
48 1369
24 1353
42 1051
15 1303
49 1103
44 1207
48 1214
20 1245
21 1214
30 1106
36 1428
17 1075
19 1357
38 1433
13 1141
19 1411
46 1365
37 1137
20 1260
25 1360
11 1195
38 1343
35 1310
32 1130
45 1007
24 1262
34 1424
28 1410
25 1072
42 1466
31 1232
15 1132
43 1078
28 1495
34 1385
25 1333
23 1280
39 1483
17 1217
44 1053
13 1253
37 1277
28 1439
24 1211
19 1304
21 1408
49 1425
18 1379
22 1064
39 1446
37 1455
22 1078
16 1316
41 1446
25 1382
21 1208
15 1000
42 1403
14 1392
45 1318
44 1228
38 1262
47 1300
43 1194
41 1417
42 1442
43 1436
26 1201
17 1223
47 1204
46 1404
46 1238
43 1456
11 1471
35 1494
18 1310
11 1395
18 1063
49 1390
32 1489
10 1104
46 1390
17 1033
47 1101
13 1435
27 1216
22 1478
46 1214
19 1067
36 1143
36 1177
48 1269
37 1432
24 1107
42 1363
38 1347
23 1339
48 1269
31 1137
33 1127
18 1147
20 1310
39 1387
16 1184
12 1090
49 1341
46 1281
12 1245
36 1031
44 1007
41 1149
26 1085
48 1061
17 1034
46 1144
48 1063
11 1398
40 1208
26 1327
21 1182
47 1429
41 1054
42 1380
44 1248
13 1293
48 1217
18 1346
25 1478
10 1187
10 1071
40 1319
32 1429
16 1211
48 1344
39 1295
49 1019
45 1026
18 1201
11 1247
49 1399
27 1354
18 1248
39 1181
27 1045
19 1428
32 1198
25 1038
43 1466
42 1074
18 1259
10 1196
34 1426
27 1426
45 1082
12 1224
34 1456
17 1055
45 1189
33 1073
46 1093
17 1189
42 1345
42 1033
31 1389
16 1188
40 1266
42 1149
25 1463
32 1075
49 1300
40 1396
13 1224
45 1101
44 1493
32 1324
47 1461
49 1371
13 1036
44 1087
28 1379
44 1365
37 1381
47 1215
39 1336
32 1450
33 1410
34 1245
24 1330
41 1393
48 1358
36 1263
15 1106
28 1154
19 1291
11 1171
22 1216
15 1293
34 1211
16 1429
47 1423
15 1361
39 1428
40 1435
20 1173
22 1240
13 1392
16 1224
19 1334
22 1164
14 1067
29 1165
17 1247
18 1245
24 1086
38 1469
46 1130
21 1257
15 1128
47 1467
21 1434
39 1310
18 1242
46 1012
43 1404
35 1342
38 1117
42 1271
36 1122
17 1146
33 1128
41 1350
31 1208
27 1163
29 1265
41 1029
19 1465
40 1447
23 1411
45 1471
49 1421
15 1213
39 1255
22 1187
27 1119
12 1107
10 1495
43 1084
38 1230
40 1162
30 1344
38 1452
18 1036
49 1398
36 1094
16 1122
23 1242
45 1256
42 1247
15 1364
16 1130
38 1026
42 1189
46 1187
18 1373
32 1339
13 1256
18 1279
18 1373
30 1205
42 1420
12 1070
11 1317
12 1225
32 1071
21 1252
19 1102
29 1209
19 1461
41 1293
44 1244
36 1174
37 1219
48 1434
33 1297
48 1407
42 1159
18 1286
43 1172
14 1192
18 1000
30 1113
47 1151
29 1002
31 1021
26 1324
37 1497
35 1306
17 1211
21 1085
49 1139
28 1356
42 1068
29 1107
46 1052
45 1082
42 1371
47 1254
47 1232
25 1045
26 1018
28 1037
41 1136
22 1014
42 1290
21 1027
23 1434
41 1463
46 1247
39 1031
43 1299
20 1242
11 1246
34 1326
25 1127
35 1299
46 1171
44 1048
24 1229
44 1186
38 1350
47 1473
19 1475
41 1190
14 1466
23 1282
37 1471
24 1266
38 1056
18 1419
39 1169
19 1175
15 1060
16 1230
19 1369
23 1070
46 1213
30 1441
18 1395
39 1188
12 1353
31 1194
13 1356
35 1365
11 1045
49 1034
37 1229
49 1137
21 1035
23 1076
21 1105
34 1002
14 1342
36 1275
19 1391
36 1437
40 1443
49 1148
41 1394
45 1448
18 1065
12 1124
41 1357
49 1067
31 1238
21 1069
39 1185
42 1160
27 1236
24 1404
21 1436
15 1403
15 1233
24 1450
26 1468
12 1059
49 1486
45 1339
32 1015
47 1381
32 1327
29 1473
11 1376
29 1396
25 1347
43 1322
26 1170
36 1339
38 1420
40 1278
49 1314
41 1003
36 1470
15 1150
46 1452
25 1113
16 1458
47 1265
27 1208
22 1278
45 1450
15 1423
43 1294
47 1286
36 1017
42 1114
32 1056
21 1447
46 1349
35 1399
33 1172
18 1371
45 1212
19 1224
47 1058
48 1291
24 1448
24 1283
48 1145
22 1035
11 1421
35 1357
20 1026
36 1188
15 1040
16 1212
18 1082
29 1359
17 1404
18 1122
35 1179
14 1496
25 1081
46 1092
37 1474
43 1003
40 1497
35 1393
22 1290
46 1290
26 1207
27 1301
17 1016
38 1228
38 1406
49 1204
10 1495
31 1031
30 1141
37 1371
15 1354
39 1212
16 1351
22 1089
23 1266
15 1378
33 1192
20 1024
25 1008
15 1321
17 1092
39 1461
42 1331
17 1332
34 1347
32 1102
20 1347
27 1451
20 1268
29 1046
22 1017
15 1483
31 1402
42 1372
36 1476
41 1253
25 1046
18 1142
26 1359
45 1232
43 1280
28 1489
31 1466
40 1192
19 1041
12 1316
24 1323
39 1048
39 1267
14 1305
37 1159
28 1184
35 1450
31 1154
48 1086
43 1336
18 1379
19 1397
24 1109
37 1005
10 1239
12 1478
47 1026
16 1200
48 1129
33 1039
33 1029
45 1374
27 1045
17 1166
29 1084
10 1014
27 1176
30 1474
32 1012
27 1226
36 1341
35 1361
34 1110
34 1445
29 1179
36 1307
31 1483
12 1281
48 1086
25 1281
35 1120
41 1383
36 1212
34 1442
30 1366
10 1281
32 1382
48 1326
40 1158
15 1353
18 1147
31 1472
41 1272
19 1424
15 1403
11 1080
49 1180
35 1202
17 1380
47 1137
17 1093
16 1274
33 1103
35 1408
10 1035
15 1123
46 1497
12 1085
25 1221
45 1309
28 1248
39 1390
45 1099
10 1085
43 1273
12 1084
37 1175
33 1385
14 1456
38 1113
42 1356
16 1087
12 1073
15 1242
46 1441
13 1263
34 1063
14 1261
29 1260
39 1022
33 1036
35 1348
16 1346
20 1250
49 1120
14 1435
42 1020
33 1153
32 1241
26 1204
45 1136
38 1224
47 1499
12 1444
26 1303
13 1075
27 1439
30 1139
34 1345
19 1480
49 1174
30 1341
27 1286
31 1297
16 1283
48 1026
10 1194
15 1116
42 1057
18 1391
44 1442
36 1420
34 1218
16 1058
17 1194
15 1050
24 1239