6000 4000
28 1161
27 1324
46 1360
16 1104
47 1161
10 1005
10 1064
26 1343
25 1337
41 1178
29 1192
12 1070
46 1255
26 1149
21 1437
20 1205
27 1263
13 1392
25 1249
34 1004
20 1378
49 1165
10 1248
38 1166
27 1339
14 1397
41 1223
21 1311
31 1114
14 1332
11 1207
16 1156
22 1301
47 1461
45 1354
10 1122
30 1350
34 1122
22 1236
42 1082
15 1213
31 1497
34 1477
25 1098
45 1366
23 1000
20 1016
29 1241
44 1423
40 1254
38 1094
15 1372
20 1224
24 1146
25 1101
40 1414
19 1102
32 1186
29 1231
19 1071
47 1496
14 1011
25 1052
27 1484
17 1208
16 1323
38 1378
35 1026
47 1054
19 1431
46 1043
16 1364
45 1167
31 1031
18 1331
28 1150
24 1227
23 1025
30 1236
43 1407
16 1044
49 1172
40 1218
10 1340
38 1177
22 1224
16 1198
49 1120
26 1466
33 1140
17 1250
38 1016
35 1117
33 1375
24 1457
31 1265
41 1358
19 1097
23 1261
17 1064
49 1259
21 1483
11 1049
18 1347
49 1059
36 1300
28 1016
36 1294
37 1104
14 1325
49 1174
19 1342
27 1249
30 1248
18 1212
27 1249
49 1318
18 1156
37 1063
34 1046
45 1479
31 1271
11 1472
33 1405
29 1187
25 1339
24 1278
32 1022
34 1478
10 1003
46 1435
15 1463
14 1444
26 1136
18 1147
36 1391
28 1050
46 1401
21 1129
28 1072
49 1179
10 1248
22 1322
13 1192
15 1096
30 1150
43 1374
49 1030
23 1065
47 1172
41 1218
29 1162
29 1270
22 1055
48 1368
34 1072
13 1105
23 1051
19 1281
11 1319
37 1245
35 1242
38 1216
26 1432
30 1450
15 1493
28 1384
49 1216
25 1395
49 1129
21 1446
25 1300
28 1029
42 1278
22 1030
31 1082
41 1298
49 1184
40 1323
19 1146
10 1069
35 1495
30 1394
24 1451
39 1270
49 1414
30 1455
16 1302
42 1471
13 1186
18 1450
32 1182
22 1149
24 1397
37 1216
33 1069
26 1151
24 1090
47 1073
14 1217
33 1255
38 1035
43 1362
43 1441
31 1021
25 1363
29 1399
40 1217
18 1229
28 1141
28 1389
32 1075
36 1079
30 1456
35 1240
44 1196
45 1064
38 1036
27 1179
25 1377
46 1369
20 1360
43 1313
19 1492
34 1437
33 1387
21 1105
46 1178
24 1135
23 1251
21 1235
37 1110
27 1089
30 1491
40 1493
19 1487
22 1007
31 1235
37 1290
20 1349
49 1187
14 1472
16 1365
39 1472
10 1386
31 1409
17 1073
13 1398
15 1473
35 1462
15 1214
46 1411
38 1492
25 1094
35 1241
26 1082
10 1214
40 1208
33 1305
35 1498
47 1116
13 1387
33 1018
33 1002
24 1107
31 1397
12 1201
11 1462
42 1201
42 1382
14 1035
35 1474
20 1275
12 1417
48 1081
16 1244
35 1111
44 1432
36 1368
23 1359
41 1246
13 1456
35 1271
17 1391
34 1160
46 1178
31 1059
31 1461
47 1352
28 1393
44 1008
21 1329
21 1297
31 1039
12 1239
34 1351
14 1266
35 1060
36 1477
34 1358
28 1374
33 1123
49 1395
32 1420
21 1212
23 1170
25 1184
28 1276
25 1051
24 1177
36 1031
49 1027
33 1101
25 1100
27 1066
41 1138
10 1253
17 1371
11 1008
27 1188
21 1428
20 1479
43 1475
39 1021
33 1060
31 1476
19 1214
28 1256
27 1312
21 1331
46 1083
15 1327
23 1210
34 1363
28 1373
42 1068
14 1214
19 1099
26 1012
46 1004
32 1332
27 1097
39 1485
32 1279
20 1331
21 1012
33 1244
36 1258
29 1351
12 1316
27 1114
47 1262
19 1058
31 1146
36 1331
10 1061
45 1439
42 1419
18 1458
49 1111
13 1400
29 1264
47 1129
27 1387
34 1125
29 1365
17 1490
35 1160
17 1102
18 1436
27 1164
49 1390
18 1333
11 1099
31 1440
31 1226
40 1105
34 1493
40 1286
16 1345
10 1247
48 1237
32 1255
27 1257
30 1145
12 1211
23 1108
39 1259
46 1110
31 1433
11 1392
21 1120
36 1179
40 1049
33 1381
23 1499
39 1301
35 1078
14 1193
39 1247
12 1241
34 1317
10 1216
18 1283
26 1222
14 1474
10 1160
11 1038
21 1428
32 1324
16 1002
28 1240
36 1183
36 1378
21 1063
39 1073
39 1161
25 1127
41 1387
36 1465
33 1092
35 1170
25 1370
49 1311
15 1023
12 1044
33 1245
36 1284
24 1176
31 1277
19 1101
49 1419
26 1275
29 1192
48 1241
24 1186
34 1081
46 1468
42 1409
29 1381
39 1145
38 1125
12 1413
28 1056
10 1186
31 1102
36 1013
45 1361
21 1423
31 1446
17 1474
24 1390
13 1300
31 1295
22 1121
33 1186
28 1236
10 1209
14 1326
22 1041
20 1131
29 1055
30 1298
24 1230
18 1065
31 1458
43 1042
10 1363
31 1021
17 1418
41 1126
41 1368
36 1352
43 1141
13 1307
22 1472
40 1199
27 1321
48 1495
39 1091
36 1457
29 1373
46 1402
44 1397
40 1173
46 1090
38 1459
17 1284
26 1385
49 1071
17 1295
38 1148
16 1141
15 1318
34 1209
46 1475
35 1299
10 1491
32 1340
14 1329
42 1093
41 1278
12 1495
29 1327
49 1428
39 1141
17 1076
45 1303
12 1335
19 1041
28 1232
49 1143
22 1080
47 1108
32 1186
37 1145
45 1415
19 1018
44 1185
31 1386
27 1469
28 1260
46 1116
38 1337
41 1072
49 1121
20 1312
35 1050
16 1380
45 1352
15 1218
37 1293
37 1137
40 1472
18 1302
42 1202
16 1187
48 1018
43 1473
41 1398
31 1298
25 1246
33 1301
43 1092
19 1044
17 1348
34 1283
16 1307
31 1345
20 1240
48 1184
33 1128
45 1166
44 1382
48 1078
47 1464
22 1473
14 1007
19 1264
43 1230
26 1420
33 1084
26 1467
11 1243
38 1085
20 1337
19 1287
34 1200
49 1159
21 1418
26 1404
22 1454
41 1207
40 1136
31 1164
42 1172
10 1023
14 1074
45 1224
34 1221
28 1326
11 1212
47 1372
33 1026
31 1125
41 1097
28 1314
15 1044
48 1156
14 1447
47 1424
13 1412
34 1325
48 1091
38 1201
21 1005
26 1319
25 1248
37 1063
17 1320
17 1079
29 1082
15 1430
45 1446
32 1137
34 1385
47 1120
36 1333
41 1370
16 1162
43 1250
23 1323
33 1191
48 1256
39 1363
30 1354
10 1437
45 1116
21 1075
24 1373
19 1468
27 1387
45 1099
33 1330
44 1218
40 1110
22 1176
49 1066
14 1312
47 1149
33 1118
38 1383
28 1243
36 1354
34 1214
44 1139
47 1486
24 1346
32 1494
20 1102
37 1415
37 1496
47 1178
26 1205
14 1260
25 1427
26 1227
10 1474
29 1116
16 1079
14 1412
46 1123
31 1207
33 1182
21 1259
33 1006
10 1401
19 1168
40 1418
12 1149
32 1427
21 1379
16 1190
19 1350
49 1262
16 1115
25 1132
45 1412
14 1267
28 1246
21 1120
14 1219
48 1413
11 1438
39 1274
44 1215
29 1137
36 1463
31 1028
48 1147
29 1161
22 1007
36 1341
33 1247
12 1138
36 1094
35 1115
30 1220
15 1462
42 1083
24 1497
37 1194
30 1361
41 1030
13 1197
40 1183
14 1351
43 1336
29 1420
32 1407
17 1326
48 1113
37 1436
13 1394
40 1389
37 1248
32 1301
13 1196
39 1268
14 1049
19 1313
15 1181
32 1337
33 1151
14 1140
28 1318
39 1467
22 1009
40 1454
10 1197
41 1447
49 1159
24 1458
25 1085
31 1499
15 1178
47 1104
42 1112
23 1251
29 1205
11 1257
48 1346
31 1071
27 1398
43 1400
42 1487
37 1352
41 1454
32 1346
35 1063
16 1129
22 1181
28 1215
19 1126
21 1331
22 1447
38 1378
35 1360
12 1457
47 1472
20 1481
48 1467
30 1454
39 1452
31 1099
15 1307
38 1427
16 1100
15 1132
27 1184
43 1330
49 1364
43 1395
43 1057
41 1485
25 1372
31 1061
32 1035
37 1250
25 1419
34 1104
31 1386
34 1277
26 1348
43 1232
18 1266
33 1178
43 1485
14 1325
36 1204
38 1082
19 1011
25 1433
37 1134
28 1336
14 1123
28 1306
28 1206
42 1335
33 1205
42 1454
23 1375
31 1441
28 1495
41 1471
21 1047
47 1129
30 1005
28 1410
19 1357
47 1370
44 1068
36 1200
11 1087
23 1140
41 1482
44 1135
42 1122
48 1476
14 1233
15 1418
25 1085
38 1373
47 1198
35 1212
36 1379
20 1279
18 1256
43 1189
22 1448
44 1481
41 1442
43 1280
12 1005
33 1418
13 1316
13 1477
34 1114
17 1196
25 1480
15 1173
11 1316
19 1099
40 1419
19 1471
40 1344
31 1433
40 1470
34 1256
34 1384
27 1132
29 1337
24 1042
30 1325
22 1300
15 1407
19 1336
19 1019
20 1498
21 1106
14 1062
11 1038
10 1365
22 1379
49 1058
10 1234
23 1391
16 1063
19 1185
39 1441
18 1115
13 1260
15 1083
12 1013
27 1328
42 1106
41 1400
33 1040
37 1128
36 1419
22 1111
44 1113
13 1449
11 1424
15 1355
22 1127
19 1393
22 1023
36 1413
33 1196
32 1013
32 1110
27 1146
48 1020
19 1010
21 1345
36 1245
16 1414
31 1385
30 1257
33 1206
12 1148
47 1193
44 1394
18 1366
37 1060
20 1131
43 1048
47 1098
40 1450
16 1006
45 1329
47 1435
26 1197
39 1195
29 1462
12 1190
25 1481
17 1307
38 1478
44 1008
34 1345
21 1314
29 1262
34 1424
48 1319
47 1386
36 1365
36 1177
35 1182
19 1254
10 1087
40 1228
31 1476
18 1110
12 1326
32 1292
41 1047
35 1377
40 1054
46 1358
12 1425
22 1216
46 1344
45 1225
22 1422
36 1379
47 1248
37 1282
13 1340
19 1134
34 1005
13 1408
44 1340
12 1318
14 1240
17 1098
39 1464
32 1442
43 1159
28 1176
11 1294
23 1031
28 1043
29 1495
44 1463
10 1212
19 1330
47 1088
15 1251
42 1048
16 1297
46 1375
17 1278
20 1222
11 1499
24 1338
24 1489
12 1104
21 1321
17 1330
40 1189
29 1472
44 1068
21 1288
49 1057
13 1477
45 1105
48 1478
11 1319
37 1131
37 1058
48 1265
15 1453
34 1464
17 1059
12 1166
33 1304
26 1072
43 1025
30 1118
32 1115
20 1409
32 1041
28 1015
37 1220
40 1299
11 1173
32 1499
42 1223
23 1053
39 1317
31 1450
16 1315
46 1120
40 1288
33 1065
16 1356
22 1497
45 1404
46 1474
45 1470
34 1242
28 1165
10 1153
38 1305
35 1234
37 1127
17 1391
47 1379
23 1259
17 1249
15 1265
27 1187
12 1110
26 1311
35 1282
31 1181
40 1186
26 1235
36 1197
19 1041
33 1491
33 1209
17 1068
24 1189
47 1032
26 1499
40 1199
15 1281
25 1029
12 1016
39 1200
12 1412
40 1164
43 1092
43 1085
13 1351
21 1494
33 1128
21 1437
47 1021
43 1394
14 1157
40 1480
29 1215
42 1386
23 1226
30 1439
12 1405
14 1255
35 1382
38 1235
27 1487
27 1303
29 1317
34 1079
10 1387
24 1360
49 1341
42 1079
43 1176
47 1448
43 1467
13 1021
19 1308
11 1043
41 1392
35 1398
41 1324
37 1040
36 1240
46 1465
40 1295
22 1054
12 1128
42 1365
11 1134
43 1109
49 1127
18 1418
43 1198
48 1239
14 1130
27 1318
22 1471
29 1141
16 1096
20 1019
17 1432
15 1403
32 1137
21 1241
48 1491
23 1162
21 1426
33 1395
41 1310
11 1452
29 1021
24 1082
10 1330
25 1293
15 1409
23 1451
49 1140
18 1156
16 1279
32 1310
30 1116
23 1043
36 1198
17 1174
23 1031
17 1227
46 1255
24 1390
30 1452
31 1329
47 1207
15 1299
13 1158
38 1136
36 1289
31 1202
11 1446
43 1471
30 1338
13 1235
44 1126
12 1199
25 1492
28 1446
47 1452
32 1023
41 1222
23 1234
43 1399
30 1189
42 1149
36 1287
10 1478
43 1251
25 1397
40 1207
30 1247
28 1252
17 1248
38 1314
48 1350
32 1062
14 1273
16 1031
28 1235
30 1154
38 1109
42 1157
12 1283
19 1247
15 1275
42 1089
23 1432
48 1357
49 1199
46 1047
41 1206
37 1296
25 1034
31 1093
35 1021
22 1343
42 1329
10 1251
32 1483
15 1487
32 1040
21 1117
29 1496
48 1022
20 1222
31 1491
13 1114
18 1183
35 1253
42 1143
41 1408
26 1417
15 1056
27 1201
19 1480
16 1365
24 1261
23 1349
44 1374
30 1038
44 1010
17 1203
45 1419
16 1148
32 1123
17 1352
25 1364
40 1475
22 1471
39 1177
48 1307
10 1383
41 1448
39 1034
16 1015
16 1470
26 1387
21 1404
32 1066
13 1131
12 1452
13 1139
24 1005
24 1499
33 1109
13 1347
10 1279
19 1395
18 1061
35 1336
24 1107
46 1422
49 1384
43 1126
30 1135
29 1116
30 1297
19 1129
27 1013
18 1113
19 1019
29 1452
16 1388
49 1375
40 1223
34 1209
27 1431
39 1048
31 1024
42 1118
15 1343
45 1389
23 1218
36 1104
14 1208
37 1188
21 1305
12 1468
14 1478
31 1345
46 1051
17 1081
24 1403
14 1361
39 1332
15 1479
16 1240
29 1433
16 1072
20 1135
49 1038
18 1498
24 1292
45 1048
36 1082
46 1304
41 1475
12 1458
15 1364
32 1145
24 1389
40 1039
13 1001
48 1282
44 1146
45 1239
46 1011
28 1031
34 1006
43 1199
31 1446
31 1487
33 1060
15 1288
11 1483
27 1422
40 1442
14 1139
28 1157
32 1093
28 1425
44 1076
34 1476
31 1242
17 1381
42 1292
28 1001
28 1233
20 1294
22 1232
44 1095
35 1007
21 1485
36 1312
31 1469
19 1103
44 1002
26 1039
35 1435
14 1054
47 1493
46 1334
15 1290
40 1324
10 1403
25 1438
22 1465
17 1179
37 1200
24 1148
12 1368
49 1193
45 1059
22 1354
25 1086
10 1043
46 1278
13 1411
25 1260
10 1072
44 1221
33 1126
36 1423
32 1487
32 1237
21 1440
18 1223
46 1340
12 1153
43 1021
35 1251
16 1414
15 1212
17 1265
41 1124
22 1339
38 1374
12 1333
28 1047
33 1313
39 1221
49 1172
14 1277
14 1112
31 1065
19 1465
12 1067
16 1210
28 1022
29 1078
49 1327
42 1159
23 1243
24 1314
43 1097
22 1432
42 1314
20 1100
31 1026
10 1204
47 1420
27 1250
49 1201
42 1453
42 1033
45 1420
14 1135
36 1332
25 1337
47 1030
17 1161
43 1026
39 1246
33 1254
14 1084
49 1084
47 1337
25 1467
36 1304
39 1034
27 1446
41 1196
44 1439
41 1160
38 1261
31 1181
41 1077
43 1426
13 1216
22 1122
18 1386
40 1448
45 1083
40 1154
47 1263
20 1187
27 1307
40 1199
30 1339
48 1003
44 1151
24 1407
33 1255
21 1460
29 1259
49 1405
35 1335
48 1256
15 1318
27 1411
37 1040
47 1258
19 1092
29 1184
10 1344
35 1136
41 1045
21 1248
11 1292
31 1319
42 1346
15 1199
47 1200
46 1011
12 1207
20 1366
47 1448
48 1095
27 1318
42 1119
32 1195
35 1496
27 1251
47 1040
26 1400
14 1156
44 1166
26 1193
20 1319
29 1104
40 1362
34 1166
38 1220
13 1003
33 1403
45 1490
16 1494
14 1064
26 1132
15 1213
45 1272
42 1118
13 1305
43 1311
11 1340
25 1224
48 1437
31 1206
12 1019
30 1434
11 1109
30 1438
27 1103
25 1013
37 1275
17 1037
37 1433
45 1297
33 1436
18 1018
37 1196
32 1062
44 1305
40 1106
19 1090
12 1041
25 1393
42 1276
31 1373
36 1310
41 1143
47 1421
32 1448
30 1028
49 1017
49 1035
25 1437
40 1466
38 1443
37 1143
24 1387
29 1016
45 1196
48 1051
43 1055
10 1395
11 1375
34 1270
31 1451
45 1047
11 1422
33 1438
35 1445
47 1065
44 1001
10 1485
21 1107
17 1276
31 1035
45 1156
48 1152
44 1423
12 1142
39 1464
22 1390
28 1025
28 1228
21 1291
24 1130
18 1104
36 1030
40 1202
31 1062
39 1266
47 1484
40 1165
38 1267
20 1143
38 1163
43 1175
43 1430
14 1133
12 1387
20 1109
16 1102
22 1208
39 1183
10 1179
36 1325
23 1333
43 1293
42 1159
15 1038
12 1145
11 1478
46 1409
14 1335
41 1203
46 1490
25 1463
24 1319
46 1050
16 1176
48 1084
29 1386
15 1204
49 1317
26 1022
12 1158
47 1293
39 1111
47 1119
41 1480
13 1259
13 1207
13 1004
26 1060
47 1002
11 1056
40 1478
29 1133
12 1064
17 1183
41 1327
38 1443
20 1484
49 1372
11 1373
13 1250
24 1026
12 1103
19 1421
42 1247
11 1495
26 1127
37 1202
23 1035
44 1412
34 1420
25 1326
41 1452
37 1263
12 1024
29 1034
43 1107
44 1149
38 1142
48 1430
14 1028
23 1498
49 1059
41 1479
40 1125
25 1420
11 1130
26 1463
43 1465
33 1441
34 1365
41 1315
18 1102
36 1121
27 1047
46 1424
28 1369
31 1256
43 1133
26 1004
37 1182
28 1349
38 1065
26 1199
48 1463
43 1415
24 1211
12 1453
30 1012
11 1062
44 1038
28 1466
15 1269
39 1186
43 1281
10 1290
17 1471
27 1221
20 1437
17 1224
25 1303
37 1112
38 1491
16 1038
19 1173
16 1104
18 1116
16 1339
40 1480
46 1374
13 1184
42 1382
29 1206
18 1295
42 1034
37 1484
46 1189
42 1223
14 1131
37 1199
20 1373
22 1491
21 1169
16 1342
13 1160
13 1294
38 1057
12 1028
13 1430
32 1262
41 1287
36 1098
11 1088
25 1097
31 1023
15 1160
18 1220
33 1210
48 1482
47 1154
49 1172
35 1150
12 1463
27 1096
32 1145
12 1037
15 1092
16 1160
25 1427
19 1367
14 1338
28 1459
28 1375
12 1321
32 1156
13 1368
49 1368
43 1259
42 1448
15 1224
19 1497
33 1011
30 1439
47 1094
19 1366
14 1357
44 1451
33 1036
44 1431
30 1269
42 1020
27 1338
39 1460
34 1157
25 1421
19 1065
48 1124
39 1314
33 1492
32 1264
26 1042
34 1135
37 1457
14 1182
29 1097
48 1399
39 1061
47 1373
49 1093
25 1371
49 1254
25 1270
20 1332
28 1187
10 1255
20 1403
22 1432
27 1458
12 1267
28 1127
42 1258
21 1063
35 1244
43 1351
11 1287
22 1081
44 1354
23 1460
10 1064
14 1098
14 1281
36 1465
47 1176
16 1217
41 1498
42 1089
15 1083
31 1202
23 1261
45 1292
30 1227
19 1424
43 1434
24 1263
16 1061
31 1154
11 1382
28 1168
13 1222
43 1425
14 1152
14 1374
21 1389
33 1034
11 1499
41 1212
11 1160
37 1419
14 1097
44 1387
34 1050
31 1326
14 1132
13 1218
28 1088
21 1156
42 1003
27 1237
38 1215
36 1155
28 1197
24 1496
16 1227
17 1433
26 1250
35 1388
47 1028
48 1410
20 1431
41 1226
12 1269
21 1082
33 1214
41 1075
29 1429
25 1187
49 1220
23 1248
27 1402
31 1082
32 1154
34 1301
17 1406
30 1116
18 1254
18 1245
24 1056
32 1424
11 1293
24 1280
26 1110
21 1399
36 1368
14 1141
32 1008
37 1247
10 1283
24 1147
12 1323
27 1191
22 1072
16 1176
28 1132
30 1056
32 1167
30 1139
44 1304
43 1257
28 1151
24 1072
12 1174
16 1368
41 1047
24 1462
47 1108
40 1262
20 1218
10 1355
35 1021
21 1343
38 1167
47 1303
21 1036
26 1200
39 1073
39 1306
41 1326
13 1239
14 1190
42 1045
25 1491
27 1042
10 1480
11 1175
39 1039
43 1070
16 1081
36 1293
47 1253
32 1174
36 1426
16 1036
32 1328
11 1051
37 1466
37 1450
12 1209
29 1235
35 1005
36 1199
49 1156
32 1129
12 1327
19 1272
24 1256
45 1149
23 1477
44 1150
40 1380
25 1106
36 1020
22 1159
23 1284
12 1202
29 1022
15 1063
24 1203
10 1323
37 1358
23 1295
28 1034
19 1015
38 1436
23 1064
19 1157
49 1217
38 1159
18 1477
19 1335
13 1008
39 1011
33 1015
13 1150
24 1320
37 1362
44 1197
27 1247
18 1412
24 1409
30 1424
44 1076
12 1295
46 1201
13 1408
25 1366
48 1026
34 1302
47 1039
10 1440
25 1309
43 1388
30 1171
11 1017
15 1343
40 1328
14 1061
15 1480
11 1351
25 1367
42 1497
34 1264
31 1458
14 1125
35 1186
12 1362
48 1000
31 1480
38 1084
29 1292
38 1073
13 1336
11 1468
39 1049
31 1220
45 1419
44 1365
45 1056
27 1134
38 1349
49 1167
41 1118
43 1053
13 1225
47 1445
16 1493
19 1245
11 1264
35 1285
29 1306
24 1463
24 1437
11 1326
34 1420
21 1105
37 1455
43 1105
46 1332
29 1249
23 1230
26 1284
34 1182
20 1114
41 1165
16 1133
32 1441
43 1394
40 1233
25 1309
46 1352
21 1161
16 1197
21 1147
36 1273
16 1107
13 1219
42 1285
10 1044
37 1425
18 1239
17 1078
23 1360
19 1390
27 1282
12 1499
48 1169
36 1007
31 1138
13 1174
20 1434
11 1104
29 1420
23 1212
48 1409
12 1386
27 1416
29 1389
13 1014
43 1382
47 1445
30 1037
14 1414
48 1237
24 1400
10 1071
31 1259
17 1149
21 1253
12 1290
13 1249
32 1275
10 1267
43 1434
29 1458
49 1417
19 1311
16 1438
29 1004
38 1378
44 1159
21 1154
33 1332
40 1054
40 1153
10 1100
23 1030
22 1288
42 1088
24 1001
37 1211
30 1083
12 1016
13 1133
26 1127
22 1089
25 1213
13 1240
43 1394
45 1377
43 1447
44 1042
11 1141
12 1035
11 1359
30 1054
10 1130
11 1490
21 1218
28 1425
19 1220
42 1070
32 1174
11 1379
27 1149
39 1236
33 1330
31 1105
16 1106
47 1333
42 1074
17 1045
46 1228
37 1233
37 1168
25 1321
35 1295
17 1061
11 1136
46 1333
45 1287
40 1455
25 1144
12 1258
36 1317
10 1054
34 1333
32 1399
33 1014
20 1213
30 1253
11 1153
23 1155
49 1359
11 1024
38 1445
29 1209
15 1023
46 1151
10 1038
28 1300
41 1144
40 1111
39 1276
14 1394
44 1000
46 1047
23 1367
33 1336
21 1470
33 1441
16 1483
13 1445
21 1286
11 1399
37 1293
14 1077
12 1043
48 1425
39 1384
14 1158
35 1278
22 1436
12 1016
40 1262
43 1349
22 1472
35 1022
31 1046
33 1056
16 1480
39 1204
46 1465
41 1298
40 1036
33 1189
36 1428
32 1346
10 1438
45 1263
30 1157
21 1218
29 1001
34 1394
28 1149
35 1320
10 1480
12 1097
24 1229
18 1028
22 1072
42 1071
39 1009
41 1251
36 1005
48 1073
10 1438
30 1324
22 1347
45 1302
27 1417
30 1149
18 1090
27 1464
42 1453
13 1416
40 1476
45 1036
31 1491
16 1475
29 1385
18 1465
45 1226
14 1350
33 1322
36 1356
32 1325
19 1349
38 1198
30 1105
22 1263
17 1213
20 1336
10 1385
35 1162
46 1126
31 1123
27 1079
15 1286
48 1293
24 1112
44 1001
23 1388
43 1243
41 1034
15 1252
37 1320
10 1286
29 1303
21 1168
24 1264
11 1413
25 1095
30 1063
10 1230
27 1468
21 1394
31 1306
43 1275
37 1433
25 1127
33 1003
37 1063
46 1023
27 1390
35 1317
46 1446
21 1050
27 1297
39 1395
49 1296
34 1399
39 1398
44 1208
21 1190
43 1133
24 1129
32 1107
23 1489
17 1114
21 1398
25 1499
36 1429
31 1361
34 1075
32 1464
21 1012
25 1477
10 1146
31 1077
35 1322
19 1131
44 1143
13 1404
37 1080
19 1023
21 1024
37 1378
46 1132
18 1359
48 1095
48 1048
44 1401
30 1045
15 1215
18 1115
18 1276
26 1481
36 1076
24 1367
15 1245
48 1104
45 1495
31 1479
27 1128
25 1463
38 1370
28 1368
12 1305
28 1380
37 1162
34 1022
23 1181
48 1004
47 1343
29 1456
25 1207
21 1191
39 1045
43 1301
28 1477
28 1272
21 1328
10 1479
46 1380
44 1494
11 1387
49 1315
13 1121
11 1290
33 1151
39 1147
47 1128
46 1242
12 1266
16 1356
44 1277
31 1373
10 1234
42 1415
13 1242
34 1306
42 1137
12 1101
30 1252
16 1165
12 1086
19 1022
17 1333
28 1141
45 1131
46 1445
28 1169
47 1432
40 1190
32 1260
48 1019
38 1151
24 1207
40 1106
11 1323
12 1366
39 1039
48 1217
24 1043
21 1498
21 1128
39 1441
37 1127
11 1365
49 1270
11 1253
34 1102
39 1217
32 1053
20 1343
17 1020
41 1024
11 1245
31 1271
33 1088
16 1308
36 1329
14 1313
15 1178
20 1476
26 1348
34 1001
23 1380
20 1293
44 1079
24 1267
43 1172
39 1071
40 1338
29 1366
18 1408
21 1372
22 1444
26 1326
35 1176
21 1059
11 1137
14 1317
49 1360
39 1194
23 1165
48 1257
37 1433
40 1313
12 1339
34 1230
33 1084
36 1237
43 1404
35 1274
35 1127
30 1055
34 1150
45 1233
36 1191
10 1180
12 1003
17 1229
18 1424
26 1497
19 1021
39 1291
29 1356
27 1316
37 1279
43 1420
17 1275
48 1388
17 1298
38 1422
41 1141
30 1464
13 1228
32 1319
12 1001
41 1191
23 1129
36 1401
37 1499
26 1104
40 1094
46 1415
31 1478
29 1124
35 1025
12 1293
14 1139
42 1400
19 1445
41 1289
21 1103
36 1089
16 1359
12 1032
46 1390
13 1171
20 1375
39 1410
22 1459
21 1140
25 1180
42 1193
30 1244
15 1135
20 1143
11 1064
33 1271
42 1306
22 1194
10 1333
21 1113
29 1340
20 1114
48 1100
33 1095
20 1211
41 1105
45 1365
14 1364
35 1151
43 1417
15 1157
30 1155
10 1451
49 1213
43 1121
43 1232
13 1033
25 1000
25 1115
26 1189
20 1416
21 1077
33 1398
17 1106
13 1068
18 1274
36 1158
31 1380
38 1147
28 1038
31 1377
27 1092
30 1233
39 1223
33 1041
26 1387
42 1321
44 1143
36 1255
49 1064
30 1404
34 1256
35 1239
31 1455
49 1316
38 1286
27 1442
35 1258
24 1384
42 1261
33 1186
47 1105
20 1392
33 1368
36 1351
42 1452
24 1032
18 1421
19 1065
44 1063
13 1481
14 1022
12 1418
18 1375
35 1035
38 1026
21 1262
21 1010
29 1315
22 1438
43 1473
26 1433
30 1181
12 1199
22 1195
35 1017
11 1028
44 1408
44 1124
48 1162
30 1156
33 1057
17 1438
28 1332
46 1289
47 1200
18 1351
14 1013
14 1276
38 1223
31 1057
44 1430
45 1312
36 1471
13 1297
15 1201
24 1157
22 1322
41 1015
40 1316
13 1256
10 1325
43 1024
26 1080
22 1397
26 1354
46 1281
32 1444
17 1389
20 1361
11 1170
28 1390
42 1425
35 1066
20 1177
39 1227
13 1097
17 1281
49 1473
33 1017
30 1063
41 1429
15 1039
22 1286
21 1400
35 1279
15 1453
46 1335
36 1424
16 1050
33 1256
46 1453
19 1105
21 1008
11 1078
39 1164
19 1101
16 1349
33 1096
28 1472
49 1477
21 1384
17 1378
13 1433
42 1221
28 1002
22 1194
21 1237
19 1124
32 1337
49 1256
24 1451
43 1187
31 1315
35 1059
23 1458
14 1416
20 1439
30 1075
41 1435
23 1009
23 1200
23 1031
15 1202
32 1418
48 1065
43 1331
29 1033
40 1068
29 1254
24 1371
18 1430
22 1484
28 1164
14 1211
24 1162
20 1126
38 1401
30 1216
13 1136
15 1132
47 1142
27 1060
40 1037
48 1027
14 1044
28 1309
28 1040
34 1015
10 1264
40 1486
10 1495
16 1100
10 1475
44 1161
24 1427
37 1260
47 1462
19 1275
10 1021
26 1118
16 1124
30 1358
13 1400
10 1034
38 1392
47 1403
40 1445
13 1341
23 1113
29 1070
45 1346
40 1088
37 1289
15 1045
27 1439
34 1313
20 1061
46 1384
11 1388
48 1355
16 1454
44 1251
12 1042
17 1291
19 1071
30 1052
21 1242
18 1192
24 1180
23 1457
33 1036
46 1303
18 1288
45 1400
18 1331
40 1367
47 1261
47 1060
31 1191
30 1076
29 1134
47 1208
13 1269
45 1319
10 1053
36 1343
26 1232
19 1489
24 1164
33 1299
44 1362
20 1497
46 1072
36 1344
44 1174
44 1222
49 1414
32 1116
45 1374
30 1081
10 1247
27 1101
39 1134
19 1045
39 1092
27 1181
26 1014
49 1463
48 1327
19 1304
45 1422
29 1443
45 1018
34 1031
43 1149
32 1003
16 1366
26 1063
17 1450
32 1148
34 1045
43 1409
22 1394
13 1477
47 1461
22 1072
13 1289
28 1099
30 1244
42 1394
10 1400
34 1128
12 1208
31 1073
34 1290
40 1415
20 1210
30 1269
33 1465
32 1014
19 1267
33 1491
47 1142
27 1093
43 1489
43 1040
35 1334
26 1403
48 1234
13 1297
14 1310
18 1396
36 1144
24 1460
39 1472
39 1413
49 1465
28 1258
23 1082
47 1165
43 1455
20 1248
26 1132
39 1432
39 1001
40 1140
34 1055
42 1298
25 1190
48 1120
15 1237
31 1128
16 1036
13 1363
21 1059
39 1362
21 1112
28 1312
30 1209
45 1354
11 1225
27 1074
29 1055
48 1264
42 1055
44 1332
49 1342
41 1418
31 1344
16 1346
26 1360
22 1469
25 1067
42 1099
13 1104
12 1101
11 1237
42 1426
11 1207
24 1318
34 1281
23 1497
37 1195
14 1285
41 1096
40 1253
21 1333
32 1072
40 1332
44 1059
14 1385
40 1470
19 1374
12 1440
49 1450
32 1428
43 1079
25 1033
42 1116
11 1467
10 1450
47 1002
36 1267
14 1325
12 1276
26 1254
14 1397
40 1473
23 1169
13 1226
35 1397
43 1480
11 1073
45 1054
37 1117
28 1173
22 1398
27 1437
20 1034
36 1283
40 1165
30 1109
24 1296
25 1248
21 1147
30 1222
11 1324
40 1176
35 1016
40 1291
29 1452
27 1145
32 1408
25 1398
11 1040
12 1340
26 1300
14 1201
11 1089
17 1034
38 1099
33 1008
43 1034
33 1288
37 1037
18 1246
27 1490
48 1394
25 1412
13 1145
31 1106
34 1390
30 1005
13 1137
34 1410
19 1414
39 1440
15 1044
42 1231
30 1484
10 1061
14 1249
42 1329
12 1476
42 1298
43 1334
43 1149
16 1472
32 1272
43 1000
22 1430
33 1436
49 1318
38 1145
46 1096
41 1469
27 1326
42 1264
38 1412
30 1167
34 1399
42 1494
40 1281
20 1136
21 1375
10 1405
17 1144
24 1282
19 1168
11 1392
18 1281
29 1015
16 1237
13 1404
24 1191
15 1327
46 1019
17 1139
45 1039
26 1426
19 1124
23 1054
38 1166
10 1391
33 1476
34 1429
45 1099
16 1469
35 1385
45 1417
29 1041
16 1493
20 1443
33 1447
44 1137
12 1261
49 1117
26 1490
31 1426
34 1154
49 1063
42 1195
36 1106
46 1315
32 1028
28 1237
15 1023
17 1026
26 1042
35 1223
25 1424
16 1307
25 1228
28 1496
11 1438
16 1009
38 1118
29 1071
48 1269
45 1102
17 1171
11 1132
37 1044
40 1122
44 1302
45 1471
38 1454
41 1310
28 1360
43 1475
28 1236
30 1380
13 1268
15 1204
43 1069
47 1364
44 1252
14 1365
23 1392
10 1322
36 1263
41 1143
15 1017
31 1343
13 1196
12 1359
36 1118
15 1116
14 1404
48 1197
34 1057
17 1425
43 1335
28 1349
13 1429
19 1361
48 1172
29 1398
22 1369
49 1467
47 1132
16 1001
18 1100
39 1001
27 1101
22 1451
35 1127
14 1456
29 1217
15 1473
37 1004
20 1068
41 1331
33 1241
19 1208
13 1180
21 1111
35 1467
16 1241
21 1394
32 1147
46 1289
38 1158
16 1088
23 1189
46 1053
23 1135
37 1087
23 1268
40 1462
46 1208
17 1228
39 1201
21 1197
28 1406
31 1192
44 1026
22 1464
45 1257
48 1054
16 1288
10 1105
40 1485
37 1201
10 1373
14 1155
30 1048
20 1035
12 1318
28 1203
39 1044
49 1057
44 1178
35 1128
24 1313
31 1093
44 1116
24 1417
38 1182
16 1279
44 1223
23 1384
49 1038
17 1184
30 1225
17 1134
10 1009
49 1055
10 1284
33 1402
33 1222
46 1199
22 1023
24 1281
33 1032
29 1351
21 1206
23 1267
13 1263
38 1378
26 1252
14 1181
48 1495
33 1393
39 1211
25 1351
49 1312
37 1264
10 1341
30 1002
33 1123
31 1193
27 1413
48 1181
38 1215
23 1203
43 1107
49 1472
11 1421
42 1121
13 1309
17 1142
35 1257
34 1113
13 1105
33 1229
15 1176
38 1194
24 1231
44 1455
10 1354
16 1466
24 1341
49 1255
19 1295
33 1169
44 1437
15 1243
20 1087
31 1277
37 1470
36 1248
12 1293
32 1393
37 1308
13 1285
26 1273
40 1094
40 1421
36 1326
37 1243
44 1291
46 1274
29 1187
31 1025
41 1116
31 1326
38 1285
39 1456
18 1332
38 1218
23 1451
26 1071
11 1301
41 1193
46 1423
23 1323
30 1291
19 1388
29 1308
31 1038
24 1094
29 1015
48 1454
45 1337
37 1282
43 1309
42 1232
24 1450
22 1010
41 1314
13 1492
38 1175
26 1327
27 1167
27 1463
17 1191
32 1413
25 1100
32 1157
14 1006
39 1219
21 1025
34 1362
27 1232
46 1482
18 1159
33 1183
16 1310
31 1318
16 1420
25 1317
38 1386
31 1088
38 1339
48 1025
12 1371
27 1325
48 1194
13 1000
23 1076
22 1164
27 1393
31 1142
39 1227
22 1007
34 1220
29 1192
29 1279
23 1040
36 1137
21 1049
35 1028
48 1158
44 1075
35 1402
42 1435
38 1141
37 1145
32 1347
29 1331
10 1073
28 1391
28 1100
35 1471
27 1251
31 1284
28 1031
44 1279
48 1062
27 1222
21 1490
24 1309
41 1426
39 1056
36 1276
15 1024
49 1439
42 1034
20 1063
24 1154
22 1370
35 1148
35 1151
28 1253
19 1094
22 1212
41 1141
39 1343
47 1230
38 1493
38 1106
10 1386
47 1348
10 1148
32 1282
12 1354
35 1198
12 1478
31 1168
16 1027
39 1067
41 1349
18 1174
18 1159
36 1349
35 1406
36 1053
13 1405
28 1105
25 1312
16 1024
10 1094
39 1024
26 1090
16 1271
17 1410
24 1318
13 1015
42 1475
43 1318
32 1352
36 1139
13 1245
46 1339
31 1143
26 1403
36 1262
15 1155
44 1223
14 1017
26 1333
35 1046
26 1368
25 1106
26 1392
33 1379
25 1392
13 1329
11 1311
38 1298
38 1334
32 1046
18 1009
18 1334
18 1190
16 1220
20 1333
38 1062
42 1436
24 1134
47 1206
40 1467
49 1046
34 1458
45 1454
13 1217
19 1325
28 1045
25 1242
23 1289
40 1356
49 1152
19 1352
36 1002
14 1077
29 1154
38 1484
40 1114
13 1097
45 1044
41 1272
38 1189
45 1055
49 1290
14 1056
18 1337
14 1029
10 1266
11 1192
16 1103
22 1270
32 1233
46 1402
45 1466
43 1061
47 1321
21 1260
29 1413
28 1110
48 1452
24 1219
27 1372
12 1310
38 1324
26 1221
18 1321
20 1028
46 1458
48 1139
14 1388
33 1228
33 1127
29 1028
43 1057
22 1062
22 1105
26 1154
29 1490
32 1292
30 1019
49 1026
12 1018
49 1307
23 1257
28 1287
44 1024
25 1115
36 1404
36 1418
29 1380
16 1373
47 1409
35 1499
11 1185
28 1168
37 1038
38 1039
39 1065
35 1204
25 1164
36 1265
14 1044
44 1245
18 1162
31 1105
25 1402
11 1145
12 1477
28 1167
29 1089
44 1439
42 1356
19 1101
18 1291
42 1260
44 1250
32 1115
28 1114
21 1438
28 1430
19 1385
28 1031
11 1159
14 1320
22 1137
24 1306
19 1049
42 1286
42 1334
35 1461
16 1047
34 1194
35 1096
16 1031
31 1483
42 1095
40 1293
31 1461
42 1410
10 1434
39 1110
21 1419
33 1057
16 1137
18 1288
44 1473
33 1470
37 1410
11 1390
22 1444
33 1301
25 1108
11 1345
22 1086
31 1275
44 1228
16 1257
15 1247
17 1106
33 1333
19 1139
12 1270
24 1343
48 1037
33 1335
23 1450
21 1156
34 1225
28 1243
20 1446
43 1283
19 1464
24 1307
30 1019
36 1266
22 1494
36 1291
45 1183
26 1281
38 1211
22 1101
20 1228
47 1205
24 1443
42 1326
10 1098
49 1495
18 1069
19 1046
49 1411
19 1490
46 1365
48 1391
37 1146
16 1392
49 1398
40 1485
26 1223
42 1191
39 1442
37 1265
26 1301
36 1330
33 1141
18 1315
39 1026
47 1432
27 1384
45 1486
22 1225
10 1444
39 1472
36 1309
31 1248
45 1155
20 1147
11 1276
12 1375
14 1220
48 1260
32 1380
17 1376
36 1290
12 1403
25 1080
24 1323
31 1393
11 1150
47 1338
18 1205
38 1264
49 1253
36 1055
38 1364
28 1169
29 1343
39 1372
21 1168
36 1234
17 1182
12 1377
16 1190
14 1167
31 1210
38 1446
11 1083
11 1324
18 1423
40 1221
47 1124
27 1305
44 1240
31 1159
29 1066
15 1158
34 1424
39 1420
41 1261
16 1497
46 1037
23 1019
42 1060
17 1316
39 1143
40 1147
18 1494
28 1051
13 1358
18 1057
34 1017
48 1038
11 1432
11 1070
49 1331
37 1315
38 1027
22 1358
34 1205
32 1146
35 1023
41 1140
41 1325
48 1017
14 1373
10 1153
27 1143
23 1204
16 1268
41 1479
13 1046
49 1343
42 1148
26 1202
34 1448
36 1139
31 1044
14 1295
26 1141
49 1346
24 1300
33 1357
36 1452
17 1406
34 1159
46 1364
22 1314
10 1001
20 1395
35 1399
40 1107
45 1036
33 1469
27 1048
41 1121
16 1137
43 1398
31 1312
24 1196
18 1295
36 1425
46 1109
48 1237
10 1164
37 1088
35 1195
43 1224
45 1435
49 1434
26 1167
34 1258
29 1366
22 1158
45 1054
32 1130
21 1391
13 1427
18 1080
33 1135
19 1077
11 1237
46 1236
40 1019
36 1426
18 1397
30 1092
49 1138
29 1331
32 1125
31 1157
48 1195
45 1283
39 1232
45 1022
11 1239
40 1241
10 1157
34 1332
29 1350
14 1212
22 1401
34 1331
13 1363
31 1178
32 1488
30 1103
47 1080
45 1316
11 1199
42 1391
37 1400
10 1088
17 1414
38 1408
33 1291
15 1184
30 1292
43 1265
38 1396
32 1277
40 1399
30 1195
26 1152
36 1453
15 1143
46 1188
36 1151
15 1299
23 1207
22 1225
30 1181
24 1206
35 1206
13 1252
31 1431
39 1020
23 1272
11 1038
26 1376
13 1108
30 1118
39 1434
36 1313
36 1356
29 1299
45 1241
38 1032
16 1453
49 1316
30 1314
18 1179
29 1272
27 1031
42 1111
39 1133
22 1496
37 1152
35 1437
29 1250
48 1239
11 1423
16 1428
45 1254
25 1129
36 1113
36 1483
41 1249
45 1148
11 1014
29 1499
48 1186
14 1329
30 1108
36 1258
36 1139
17 1088
20 1356
13 1338
27 1280
48 1300
16 1229
27 1308
49 1451
19 1271
13 1182
46 1333
35 1144
35 1097
24 1233
34 1475
39 1349
19 1345
21 1449
49 1397
34 1366
23 1315
21 1275
41 1045
35 1205
22 1351
33 1324
17 1101
32 1374
41 1046
19 1074
26 1476
44 1454
34 1012
36 1022
43 1150
45 1087
16 1382
12 1119
17 1293
49 1345
48 1446
24 1164
46 1069
29 1285
34 1279
10 1196
19 1082
42 1105
12 1114
40 1235
13 1250
16 1449
39 1269
49 1030
26 1055
32 1355
34 1001
10 1137
11 1438
10 1222
36 1377
18 1267
11 1358
15 1384
31 1237
45 1184
18 1395
44 1155
17 1467
33 1469
43 1320
42 1385
25 1210
34 1444
35 1489
45 1102
11 1120
18 1021
26 1029
49 1407
20 1052
31 1491
39 1472
33 1132
13 1262
15 1030
25 1365
23 1306
17 1348
14 1368
26 1050
21 1010
31 1242
19 1349
17 1027
15 1433
23 1409
16 1329
40 1396
40 1067
29 1295
39 1328
10 1065
38 1306
40 1055
25 1143
35 1024
18 1247
17 1465
31 1395
18 1244
26 1117
30 1016
48 1442
45 1082
36 1306
31 1451
10 1337
19 1475
19 1284
18 1248
46 1084
23 1494
23 1229
45 1214
14 1123
29 1280
34 1275
24 1015
48 1415
11 1007
12 1111
24 1378
29 1281
16 1084
12 1422
34 1419
14 1242
19 1270
15 1077
21 1409
16 1266
43 1263
34 1146
17 1101
18 1081
48 1433
21 1321
30 1247
27 1026
33 1080
38 1252
42 1166
40 1099
43 1472
11 1290
15 1293
25 1447
41 1215
25 1282
21 1424
27 1290
44 1462
42 1033
44 1079
15 1434
36 1228
24 1145
48 1445
24 1094
46 1136
10 1176
45 1300
13 1080
49 1157
46 1435
22 1139
40 1110
23 1032
29 1128
24 1066
35 1222
38 1492
26 1023
24 1404
35 1138
15 1113
46 1193
36 1013
35 1004
40 1162
10 1320
19 1328
19 1413
46 1487
20 1427
14 1457
31 1475
24 1396
31 1424
10 1356
19 1367
33 1435
19 1401
40 1197
35 1028
18 1142
31 1334
13 1185
11 1130
18 1425
19 1174
16 1153
33 1004
33 1378
14 1484
14 1281
40 1097
24 1113
19 1065
11 1395
34 1384
49 1331
46 1088
42 1092
24 1399
11 1424
11 1355
46 1063
14 1045
39 1200
41 1100
12 1398
33 1081
39 1403
19 1128
21 1086
10 1449
48 1463
10 1279
43 1014
45 1082
22 1110
15 1403
45 1437
34 1247
33 1317
16 1410
25 1425
21 1490
12 1311
30 1483
49 1112
19 1498
10 1229
40 1165
40 1310
15 1139
37 1293
35 1291
43 1146
44 1190
12 1255
12 1022
40 1455
11 1097
21 1374
35 1402
32 1350
30 1240
47 1397
11 1393
24 1406
11 1248
36 1459
19 1153
12 1376
24 1107
38 1058
49 1001
46 1321
19 1175
18 1016
16 1265
46 1207
33 1285
42 1420
31 1211
40 1169
20 1461
37 1202
20 1311
10 1184
12 1453
22 1400
45 1407
39 1218
37 1132
30 1120
45 1447
42 1474
18 1276
42 1206
11 1423
20 1278
12 1378
24 1192
49 1440
12 1246
21 1417
24 1098
33 1066
35 1159
46 1400
13 1062
36 1002
43 1336
26 1415
21 1462
42 1223
40 1067
12 1173
35 1389
44 1096
19 1365
33 1393
21 1496
25 1066
38 1053
45 1082
35 1129
42 1441
19 1281
21 1065
42 1468
15 1434
35 1401
36 1261
28 1039
20 1062
31 1473
45 1386
39 1015
16 1455
14 1204
26 1190
12 1491
41 1452
43 1272
19 1054
46 1239
27 1496
45 1423
37 1070
45 1136
39 1293
31 1369
48 1237
31 1074
17 1472
31 1439
36 1128
24 1064
38 1369
26 1146
41 1037
49 1159
28 1413
22 1441
13 1082
41 1335
30 1173
31 1042
28 1134
14 1047
27 1194
13 1413
41 1337
42 1073
27 1182
18 1490
23 1151
48 1231
13 1079
19 1172
42 1121
40 1360
20 1240
36 1212
10 1124
45 1458
14 1245
37 1084
29 1479
14 1083
11 1343
48 1312
44 1386
37 1224
33 1476
10 1380
16 1038
25 1095
34 1233
28 1486
34 1473
42 1163
32 1089
49 1274
30 1328
18 1166
28 1108
35 1100
13 1251
41 1488
11 1083
13 1005
12 1464
23 1271
37 1205
49 1289
20 1332
42 1101
43 1031
30 1358
31 1151
36 1180
11 1435
10 1355
17 1316
30 1485
44 1397
38 1211
37 1238
30 1373
44 1185
24 1087
27 1369
43 1060
25 1306
13 1118
20 1419
40 1375
14 1331
28 1031
28 1311
24 1062
40 1133
47 1356
11 1280
38 1031
25 1342
11 1065
24 1292
24 1076
15 1497
44 1047
38 1031
49 1250
24 1487
12 1222
29 1388
39 1152
22 1217
12 1334
27 1420
26 1259
38 1012
18 1258
32 1464
13 1030
31 1200
46 1292
40 1202
48 1483
48 1246
23 1486
43 1368
48 1074
34 1104
34 1167
12 1297
21 1430
48 1419
14 1245
32 1222
16 1095
18 1415
32 1049
31 1051
48 1017
18 1175
13 1466
37 1284
46 1470
19 1273
31 1036
14 1181
33 1053
19 1495
10 1387
10 1364
19 1473
12 1303
29 1402
26 1196
31 1451
44 1071
21 1210
18 1230
17 1084
43 1258
23 1317
49 1339
19 1232
16 1033
43 1258
36 1127
42 1025
11 1037
17 1158
34 1363
42 1487
13 1434
22 1306
30 1393
36 1387
20 1198
23 1303
29 1128
19 1087
30 1375
29 1156
34 1182
38 1356
24 1489
27 1457
25 1494
31 1125
38 1202
46 1338
22 1287
38 1117
30 1209
13 1426
20 1276
45 1069
27 1170
32 1085
20 1144
22 1048
26 1052
23 1464
47 1095
41 1278
19 1159
49 1081
27 1082
29 1300
49 1498
39 1272
42 1027
32 1454
19 1165
47 1211
22 1405
18 1380
10 1280
18 1495
47 1496
49 1363
10 1239
26 1384
41 1121
12 1331
39 1014
35 1006
22 1224
38 1011
28 1194
48 1184
31 1341
25 1329
22 1315
31 1318
40 1435
49 1492
13 1340
37 1413
26 1402
29 1236
43 1307
23 1221
33 1400
11 1371
34 1396
33 1226
33 1193
40 1400
23 1366
38 1122
49 1093
24 1463
14 1333
19 1145
13 1292
31 1312
23 1403
22 1175
32 1047
37 1435
44 1345
28 1310
11 1191
14 1162
41 1418
11 1331
37 1406
14 1389
20 1492
41 1462
14 1275
23 1346
48 1080
20 1053
47 1408
17 1109
18 1339
13 1206
34 1257
15 1443
27 1376
11 1123
19 1187
29 1454
27 1406
10 1168
29 1287
38 1054
39 1006
48 1116
25 1104
25 1321
48 1142
10 1169
35 1451
32 1150
19 1444
36 1238
35 1478
35 1301
34 1472
25 1164
15 1214
46 1422
38 1207
17 1330
14 1357
27 1180
13 1228
41 1309
28 1079
43 1464
37 1218
40 1373
27 1002
10 1015
26 1121
38 1105
14 1492
11 1228
38 1390
29 1232
33 1212
21 1084
38 1333
44 1185
33 1009
15 1244
34 1489
36 1275
46 1070
27 1077
11 1129
23 1332
33 1176
49 1111
15 1247
36 1268
49 1215
36 1175
49 1381
36 1366
47 1087
19 1191
14 1305
31 1180
15 1469
34 1401
11 1440
42 1320
14 1307
39 1256
48 1461
42 1182
44 1286
34 1327
49 1137
18 1209
40 1139
43 1209
24 1002
22 1102
10 1225
17 1012
37 1422
15 1047
41 1167
34 1212
12 1318
14 1225
35 1141
33 1480
10 1138
38 1235
47 1174
19 1049
36 1055
36 1499
33 1201
22 1206
31 1341
36 1131
33 1415
42 1355
33 1045
37 1451
22 1188
37 1040
35 1160
33 1020
26 1071
16 1248
15 1393
25 1416
42 1358
31 1386
47 1161
34 1184
28 1129
30 1459
44 1229
22 1214
11 1424
34 1132
38 1187
34 1086
43 1230
44 1277
29 1214
43 1318
43 1285
33 1370
42 1069
44 1416
18 1474
24 1134
24 1044
40 1025
13 1297
46 1451
39 1406
37 1129
23 1448
47 1195
46 1116
16 1213
28 1463
39 1398
27 1424
15 1034
24 1443
33 1293
35 1080
20 1163
43 1018
33 1035
28 1184
24 1196
42 1429
15 1159
43 1401
47 1042
29 1276
22 1190
42 1009
19 1137
34 1320
27 1425
20 1156
30 1430
40 1106
28 1377
31 1358
45 1480
41 1301
28 1283
42 1248
10 1155
45 1231
10 1262
16 1485
15 1370
14 1064
46 1059
40 1098
22 1382
30 1435
43 1101
39 1011
49 1160
35 1409
36 1046
22 1172
20 1165
10 1304
15 1191
42 1270
25 1495
26 1375
46 1463
35 1405
28 1162
45 1282
34 1365
16 1132
49 1146
23 1487
24 1363
49 1032
20 1174
18 1064
10 1116
14 1046
34 1176
44 1126
40 1466
15 1027
38 1092
20 1049
30 1387
19 1379
12 1391
41 1013
22 1176
19 1323
33 1164
44 1051
30 1498
34 1484
42 1109
22 1173
37 1320
40 1427
29 1299
28 1472
10 1488
16 1214
40 1060
19 1143
31 1059
36 1010
12 1410
44 1489
37 1277
25 1408
22 1217
22 1380
11 1323
43 1495
31 1471
37 1408
24 1405
27 1486
33 1159
22 1311
25 1440
14 1194
26 1418
28 1214
21 1475
28 1250
22 1390
15 1159
37 1067
45 1425
30 1422
43 1392
11 1103
21 1064
18 1298
21 1247
39 1032
21 1422
23 1085
14 1038
12 1190
45 1448
42 1083
11 1306
13 1111
44 1067
21 1383
46 1297
27 1254
49 1204
10 1217
34 1163
10 1438
15 1473
40 1222
39 1062
10 1157
41 1486
38 1045
12 1207
38 1035
24 1341
21 1270
45 1132
36 1129
20 1466
48 1178
36 1099
35 1137
20 1404
22 1397
13 1396
21 1436
40 1205
39 1353
47 1483
39 1304
45 1070
35 1395
43 1122
49 1431
16 1451
17 1245
43 1488
46 1463
44 1188
39 1436
44 1013
48 1285
47 1224
48 1226
32 1174
25 1128
30 1206
11 1242
25 1277
42 1445
22 1274
45 1113
30 1111
49 1300
33 1028
29 1324
38 1160
22 1027
33 1452
38 1175
17 1219
20 1132
29 1460
16 1299
20 1041
11 1394
38 1110
31 1394
40 1371
22 1214
15 1243
14 1123
14 1264
46 1099
34 1309
48 1048
47 1261
20 1085
20 1359
27 1424
43 1385
33 1388
18 1142
42 1423
41 1237
10 1014
12 1062
40 1378
42 1457
28 1264
47 1409
45 1205
36 1421
19 1475
45 1304
36 1046
22 1123
35 1110
11 1195
25 1345
45 1209
22 1055
20 1290
18 1329
29 1199
26 1310
19 1192
40 1233
27 1355
37 1378
22 1191
12 1065
33 1265
14 1349
41 1417
25 1101
38 1403
48 1043
17 1273
31 1387
13 1293
30 1109
29 1473
47 1184
36 1400
29 1407
48 1475
31 1129
11 1351
37 1066
25 1220
27 1011
18 1471
40 1003
48 1483
12 1351
19 1497
29 1465
23 1193
41 1015
11 1156
33 1410
11 1016
42 1117
36 1432
30 1115
14 1216
28 1013
49 1308
13 1306
24 1080
33 1423
24 1191
16 1133
10 1013
38 1426
13 1231
34 1484
31 1195
43 1152
25 1171
17 1025
21 1047
38 1429
33 1358
15 1490
39 1388
23 1404
40 1193
21 1020
45 1042
30 1444
12 1477
12 1106
42 1115
28 1496
24 1107
38 1470
26 1090
15 1455
35 1342
19 1242
33 1042
33 1290
45 1454
41 1315
11 1267
45 1024
45 1362
38 1178
42 1365
48 1013
12 1498
23 1420
36 1403
39 1040
17 1245
26 1483
43 1244
36 1438
12 1415
45 1433
29 1447
28 1312
43 1224
28 1286
45 1273
16 1220
18 1472
37 1279
36 1251
16 1083
45 1134
25 1170
40 1358
41 1369
30 1107
11 1086
17 1278
14 1496
14 1491
15 1352
21 1450
26 1066
40 1041
16 1106
39 1419
26 1458
20 1453
41 1368
21 1239
12 1131
18 1154
46 1220
28 1017
36 1001
38 1468
44 1345
44 1341
17 1330
14 1134
24 1072
10 1058
35 1133
18 1360
10 1093
46 1360
24 1256
27 1140
31 1377
35 1302
47 1318
22 1380
12 1062
30 1469
19 1198
33 1269
41 1217
19 1334
18 1475
10 1102
41 1435
30 1125
18 1277
33 1268
29 1008
34 1070
49 1482
14 1459
46 1265
14 1457
33 1260
37 1049
37 1479
43 1217
43 1255
47 1454
18 1449
32 1447
36 1285
37 1417
26 1471
27 1171
37 1033
32 1334
15 1050
34 1289
25 1054
39 1254
36 1084
24 1295
39 1027
11 1153
10 1075
31 1383
15 1213
42 1313
23 1258
47 1155
42 1019
27 1446
24 1129
29 1197
26 1149
20 1247
42 1197
36 1012
46 1438
18 1037
24 1059
44 1109
11 1039
31 1052
48 1023
25 1060
40 1048
23 1168
14 1274
35 1280
24 1307
46 1488
11 1310
38 1035
16 1460
33 1472
29 1464
10 1006
43 1435
33 1243
30 1187
12 1268
38 1200
48 1376
29 1040
19 1115
23 1001
26 1449
24 1257
18 1433
11 1042
37 1009
21 1197
15 1025
37 1346
30 1234
37 1468
18 1159
25 1012
26 1351
15 1473
43 1296
27 1084
38 1057
49 1065
38 1488
23 1325
24 1219
38 1073
47 1329
19 1450
40 1476
11 1341
19 1115
43 1141
22 1490
36 1226
17 1389
12 1076
48 1259
18 1129
33 1396
44 1143
46 1479
38 1465
29 1263
25 1089
24 1091
25 1213
41 1123
26 1111
49 1297
14 1240
47 1342
49 1266
11 1321
23 1171
37 1460
46 1147
31 1300
40 1072
24 1299
17 1270
40 1044
27 1462
29 1224
22 1092
20 1109
31 1015
38 1157
42 1281
19 1103
23 1299
47 1482
18 1200
33 1348
47 1061
36 1035
46 1225
37 1205
43 1424
49 1196
43 1282
15 1115
43 1258
21 1011
21 1348
42 1361
18 1046
34 1083
28 1371
17 1413
15 1135
16 1038
47 1463
14 1277
21 1407
29 1144
26 1179
30 1454
16 1282
27 1345
43 1176
44 1370
47 1335
39 1374
46 1262
18 1176
32 1320
13 1062
24 1160
14 1053
33 1181
10 1355
11 1155
15 1494
21 1396
33 1273
37 1138
26 1239
17 1098
14 1150
38 1002
34 1453
41 1245
22 1353
13 1111
11 1079
21 1200
25 1281
38 1147
15 1067
33 1057
36 1042
37 1090
20 1000
48 1217
26 1387
31 1290
28 1179
22 1270
24 1237
26 1288
39 1426
40 1334
13 1076
30 1369
28 1480
23 1327
39 1485
44 1111
10 1479
36 1420
10 1475
29 1378
48 1186
15 1432
49 1133
21 1217
25 1367
45 1323
22 1456
18 1493
11 1454
41 1196
17 1346
26 1207
39 1113
48 1306
16 1044
19 1179
29 1016
47 1258
40 1302
32 1055
17 1179
49 1354
26 1169
14 1152
14 1120
46 1407
39 1119
41 1215
33 1475
32 1310
44 1024
30 1479
42 1263
26 1038
44 1467
44 1380
10 1114
35 1293
26 1346
46 1458
31 1443
27 1196
32 1036
32 1428
33 1172
28 1364
31 1333
34 1044
19 1343
18 1099
29 1036
44 1416
42 1165
32 1228
49 1302
20 1223
29 1066
36 1158
46 1313
22 1055
14 1139
24 1185
43 1120
46 1151
11 1135
45 1109
30 1467
38 1115
22 1307
11 1303
23 1110
15 1089
17 1187
35 1177
36 1027
37 1215
26 1119
36 1444
21 1273
42 1334
44 1083
26 1359
35 1258
41 1015
42 1071
35 1354
43 1102
36 1150
12 1455
21 1025
31 1115
12 1361
33 1088
27 1042
13 1427
49 1134
47 1093
43 1003
41 1271
21 1207
10 1286
19 1038
23 1476
39 1447
14 1327
25 1075
26 1192
10 1158
41 1203
21 1196
11 1096
34 1402
10 1154
23 1284
32 1047
24 1318
17 1179
41 1376
27 1415
44 1200
45 1431
46 1375
46 1424
25 1423
49 1326
38 1125
25 1255
43 1074
40 1163
20 1263
18 1061
33 1080
49 1395
25 1288
18 1058
30 1251
37 1268
38 1046
16 1142
31 1396
19 1075
30 1381
10 1160
23 1342
29 1292
26 1018
24 1478
29 1208
40 1128
20 1436
26 1169
18 1188
19 1100
27 1044
12 1494
42 1498
43 1202
35 1498
18 1372
31 1196
39 1199
23 1113
18 1114
37 1444
37 1297
34 1468
47 1126
41 1311
23 1357
22 1366
39 1380
30 1349
45 1372
35 1298
49 1365
26 1394
37 1369
19 1233
12 1098
16 1387
30 1196
14 1131
40 1474
14 1389
16 1333
16 1186
14 1172
14 1205
29 1282
42 1095
17 1307
27 1356
30 1312
13 1286
44 1256
32 1151
40 1438
23 1312
21 1396
29 1110
33 1137
39 1421
27 1155
42 1157
27 1386
14 1426
49 1031
29 1368
12 1496
18 1190
22 1367
30 1072
19 1188
21 1376
22 1145
38 1279
44 1021
17 1066
30 1335
14 1348
36 1438
47 1293
38 1490
42 1210
29 1167
38 1372
18 1253
24 1030
26 1193
30 1000
15 1178
48 1114
34 1200
46 1213
16 1285
42 1255
15 1381
28 1469
13 1335
37 1272
49 1327
25 1295
20 1100
35 1123
34 1005
28 1099
16 1064
37 1296
21 1138
48 1174
49 1169
26 1258
28 1085
15 1022
46 1075
34 1474
16 1452
11 1083
40 1018
46 1266
30 1281
35 1260
45 1144
25 1145
32 1272
31 1350
11 1252
32 1415
49 1357
32 1368
37 1369
41 1075
43 1183
17 1162
37 1153
25 1460
41 1319
38 1433
14 1270
36 1251
11 1208
22 1328
45 1457
21 1459
29 1242
14 1328
20 1313
13 1171
30 1233
21 1253
26 1163
23 1144
32 1325
27 1002
14 1394
18 1053
46 1305
45 1048
46 1272
49 1412
41 1002
44 1178
30 1135
16 1197
20 1145
24 1482
34 1370
23 1102
17 1049
46 1215
19 1485
36 1258
18 1228
46 1297
42 1449
39 1280
48 1135
38 1247
10 1214
38 1200
49 1288
24 1200
22 1460
25 1378
42 1305
40 1194
25 1137
21 1033
20 1062
12 1297
48 1249
43 1217
23 1276
15 1138
31 1126
33 1000
43 1321
30 1064
34 1078
26 1047
14 1496
19 1451
12 1409
16 1480
10 1486
30 1308
37 1361
16 1370
22 1279
24 1180
19 1201
49 1322
37 1071
40 1470
38 1170
19 1396
43 1372
42 1379
40 1060
28 1074
39 1487
14 1239
29 1094
35 1408
17 1239
31 1092
18 1234
21 1019
25 1176
11 1033
10 1417
42 1101
49 1311
35 1050
44 1460
26 1288
33 1290
18 1371
15 1387
12 1067
46 1160
35 1373
26 1288
26 1324
37 1323
13 1074
49 1185
23 1483
26 1165
22 1447
47 1456
20 1320
28 1465
24 1154
15 1033
27 1266
16 1483
12 1144
26 1066
17 1091
45 1208
12 1127
40 1324
25 1343
27 1275
35 1412
30 1259
20 1020
30 1168
22 1311
11 1041
38 1337
19 1051
25 1475
20 1016
21 1326
36 1377
38 1469
37 1495
40 1383
14 1312
20 1282
37 1404
45 1229
31 1407
49 1146
37 1222
27 1297
15 1235
31 1223
38 1261
20 1163
19 1229
19 1198
21 1036
34 1465
17 1226
16 1213
22 1058
26 1237
20 1426
10 1372
16 1320
10 1212
23 1479
46 1450
23 1110
22 1260
30 1042
28 1195
28 1118
27 1369
29 1157
18 1300
16 1469
14 1217
38 1290
14 1038
37 1056
38 1021
12 1176
36 1103
27 1479
20 1444
27 1103
13 1132
48 1422
31 1235
28 1131
20 1306
37 1443
11 1154
46 1305
18 1259
39 1278
41 1366
31 1360
45 1081
40 1344
36 1361
28 1071
30 1354
10 1498
24 1232
41 1348
36 1439
33 1478
32 1087
35 1462
45 1341
42 1119
25 1450
14 1482
12 1457
49 1430
17 1297
23 1483
20 1161
49 1126
25 1144
21 1420
43 1035
10 1280
45 1346
35 1163
15 1128
46 1486
49 1446
49 1128
15 1135
21 1117
18 1097
29 1431
11 1309
30 1086
49 1098
27 1156
41 1162
12 1051
31 1077
22 1279
44 1196
35 1003
34 1073
15 1357
46 1155
26 1122
44 1211
41 1054
43 1391
41 1460
17 1038
26 1155
41 1459
32 1281
44 1367
18 1277
23 1155
46 1452
35 1360
15 1312
35 1440
26 1260
17 1324
31 1243
26 1275
41 1151
27 1446
20 1102
29 1127
28 1093
23 1166
47 1374
19 1334
40 1361
41 1493
43 1480
13 1091
43 1449
19 1071
44 1087
23 1407
48 1413
36 1139
21 1024
12 1043
20 1201
22 1388
33 1442
36 1127
48 1286
13 1117
29 1402
13 1344
28 1473
12 1470
35 1316
26 1413
23 1313
14 1007
43 1468
23 1207
11 1308
40 1167
17 1414
15 1171
43 1072
40 1269
31 1442
13 1480
44 1486
26 1424
43 1044
26 1018
30 1007
47 1363
28 1147
27 1044
48 1023
18 1436
26 1161
11 1151
38 1390
30 1038
11 1121
38 1406
14 1419
44 1338
41 1458
35 1147
37 1283
39 1323
22 1247
11 1219
34 1007
48 1329
22 1057
11 1279
35 1408
35 1286
22 1070
47 1428
11 1417
44 1370
13 1277
28 1377
36 1248
31 1465
16 1082
10 1065
39 1002
14 1094
33 1407
36 1247
25 1255
30 1329
34 1276
39 1036
20 1415
27 1265
15 1465
38 1157
16 1010
22 1454
14 1228
40 1385
22 1102
37 1173
24 1041
18 1397
13 1374
12 1242
23 1097
36 1197
46 1412
11 1199
30 1249
31 1194
36 1085
20 1450
31 1332
46 1415
18 1395
19 1194
47 1252
27 1365
22 1283
29 1270
17 1428
14 1024
16 1094
12 1212
36 1022
37 1439
47 1016
26 1439
25 1231
13 1143
20 1372
16 1089
32 1161
16 1217
21 1083
15 1331
11 1140
46 1438
40 1395
47 1045
28 1402
10 1169
31 1086
21 1377
46 1329
19 1355
37 1374
34 1135
36 1071
34 1336
16 1304
35 1328
49 1041
14 1271
17 1423
48 1205
38 1401
43 1068
34 1232
42 1153
15 1124
25 1109
28 1114
14 1175
39 1409
37 1478
43 1455
40 1013
23 1269
39 1118
47 1123
20 1469
40 1192
32 1427
15 1428
49 1462
18 1322
13 1283
32 1074
30 1011
22 1195
46 1185
46 1008
48 1498
18 1333
47 1322
43 1128
10 1097
36 1356
30 1334
47 1066
32 1233
10 1184
27 1314
37 1131
16 1453
13 1353
33 1250
33 1286
28 1041
40 1128
37 1288
41 1478
29 1321
25 1495
45 1200
29 1229
21 1281
35 1156
33 1383
12 1183
42 1164
44 1434
37 1493
26 1159
46 1016
22 1091
44 1326
48 1352
16 1028
34 1486
41 1377
40 1381
36 1084
40 1018
22 1373
16 1344
39 1187
45 1455
37 1398
48 1104
37 1204
40 1151
18 1254
38 1197
26 1110
17 1069
29 1316
35 1013
15 1354
49 1142
28 1213
26 1141
27 1104
21 1338
24 1310
13 1067
38 1441
32 1284
33 1403
28 1267
12 1317
19 1052
30 1344
44 1038
13 1369
21 1394
33 1134
31 1166
39 1149
22 1169
46 1379
44 1391
16 1347
41 1320
16 1136
42 1251
34 1232
21 1476
41 1111
27 1338
10 1270
23 1445
15 1034
41 1448
28 1082
48 1058
34 1157
39 1481
31 1315
26 1184
18 1371
40 1245
33 1494
43 1050
14 1131
28 1405
21 1250
21 1228
27 1324
24 1207
23 1392
40 1259
25 1012
33 1206
21 1160
21 1290
43 1433
33 1163
14 1469
41 1215
45 1248
45 1233
18 1220
18 1406
11 1244
13 1377
24 1012
47 1029
40 1314
17 1188