6500 5000
11 1242
11 1159
49 1200
40 1168
26 1044
44 1063
24 1365
38 1391
19 1403
41 1100
15 1082
37 1230
14 1399
29 1068
13 1079
49 1246
18 1175
33 1411
12 1394
35 1066
38 1095
42 1386
44 1402
48 1485
39 1132
42 1053
16 1438
40 1147
11 1244
40 1429
30 1243
23 1265
20 1419
37 1452
10 1417
27 1221
30 1269
20 1357
29 1280
16 1260
39 1184
32 1124
23 1113
11 1383
48 1202
39 1119
43 1263
34 1498
23 1328
32 1433
23 1169
35 1021
26 1092
10 1047
40 1288
29 1285
45 1321
26 1165
35 1130
11 1434
34 1460
25 1113
13 1128
28 1254
25 1365
25 1382
20 1299
11 1021
14 1447
16 1488
17 1009
37 1399
37 1436
33 1412
47 1481
18 1291
41 1203
41 1212
17 1247
43 1215
14 1473
12 1327
28 1369
42 1038
20 1133
19 1077
19 1098
40 1012
20 1110
18 1390
13 1234
30 1288
37 1296
41 1102
18 1357
10 1382
34 1382
34 1384
17 1071
34 1103
23 1199
32 1088
33 1152
32 1117
28 1076
48 1261
24 1256
33 1282
40 1273
27 1043
23 1318
35 1297
28 1476
47 1299
15 1338
22 1151
37 1391
48 1121
25 1152
18 1382
29 1135
13 1412
32 1101
46 1475
12 1235
17 1216
21 1470
43 1497
25 1451
18 1398
27 1037
37 1462
18 1042
34 1087
47 1477
41 1007
10 1459
28 1438
20 1095
14 1293
27 1379
31 1273
37 1020
28 1365
47 1092
26 1206
45 1047
13 1027
31 1045
11 1111
41 1275
26 1419
21 1269
47 1454
38 1385
23 1274
27 1153
49 1009
22 1449
48 1269
35 1321
44 1063
44 1049
41 1483
48 1444
16 1206
35 1177
41 1472
31 1250
24 1475
44 1475
28 1423
26 1016
22 1111
39 1494
46 1396
43 1119
17 1325
34 1098
27 1256
32 1428
19 1279
28 1301
33 1074
47 1438
10 1087
23 1030
23 1237
45 1368
14 1195
23 1471
36 1051
43 1074
16 1325
39 1113
25 1192
15 1304
18 1009
24 1104
23 1097
40 1106
28 1290
22 1116
19 1267
10 1185
47 1045
32 1165
24 1207
15 1399
31 1445
29 1081
19 1392
20 1096
27 1185
27 1293
31 1182
34 1262
16 1383
39 1145
26 1462
10 1464
13 1080
13 1399
36 1451
38 1175
25 1277
19 1253
33 1362
48 1397
15 1005
41 1332
44 1152
15 1449
21 1434
31 1044
38 1176
16 1022
42 1380
30 1494
17 1068
49 1188
44 1414
40 1346
23 1208
15 1167
20 1369
34 1443
12 1253
34 1342
26 1416
20 1240
45 1328
15 1306
23 1332
34 1080
27 1300
16 1411
26 1272
27 1268
25 1195
47 1027
25 1384
49 1037
12 1193
49 1213
24 1040
35 1109
37 1283
34 1038
12 1351
25 1144
45 1194
36 1311
27 1235
48 1163
29 1290
27 1185
16 1312
25 1230
48 1123
23 1428
10 1324
19 1293
42 1287
29 1421
37 1147
43 1078
27 1232
49 1156
30 1407
37 1135
43 1494
45 1286
13 1027
28 1459
21 1246
37 1364
11 1424
38 1163
37 1181
41 1149
31 1089
36 1364
19 1295
11 1482
45 1163
18 1238
35 1297
42 1288
38 1161
19 1393
34 1074
22 1300
16 1099
18 1254
42 1042
20 1398
22 1208
24 1087
18 1334
44 1284
13 1080
32 1269
14 1191
28 1074
16 1298
31 1243
37 1213
24 1095
16 1274
12 1111
44 1089
14 1341
49 1007
38 1289
18 1282
13 1399
25 1490
39 1451
20 1270
16 1243
15 1065
25 1388
18 1390
34 1264
35 1356
29 1063
43 1124
17 1476
18 1330
27 1408
39 1131
16 1292
16 1186
22 1294
16 1363
18 1164
34 1142
25 1430
29 1121
21 1270
23 1353
32 1240
41 1168
38 1028
48 1453
45 1281
35 1446
42 1219
32 1068
49 1100
49 1071
13 1275
26 1107
42 1279
30 1325
22 1041
36 1420
25 1020
23 1329
14 1062
34 1184
33 1272
33 1365
18 1082
25 1414
38 1370
39 1109
17 1260
33 1149
47 1020
16 1007
32 1448
19 1007
33 1481
12 1430
43 1297
32 1209
49 1161
32 1207
49 1328
34 1351
19 1068
16 1375
30 1447
46 1223
38 1279
14 1158
48 1013
42 1052
31 1164
15 1187
32 1081
39 1499
13 1364
49 1282
11 1121
22 1327
15 1479
41 1485
28 1445
17 1407
47 1391
28 1179
17 1253
20 1131
32 1255
20 1339
13 1265
40 1202
12 1346
19 1236
43 1342
20 1219
10 1314
40 1425
26 1001
22 1485
38 1463
45 1085
37 1327
26 1006
37 1467
41 1135
39 1369
45 1166
23 1222
41 1445
17 1033
14 1036
32 1198
40 1170
26 1416
21 1298
41 1140
10 1363
21 1415
17 1499
21 1247
48 1124
42 1065
37 1084
15 1399
24 1461
44 1368
27 1013
25 1338
34 1143
22 1127
34 1337
21 1462
40 1008
23 1121
31 1415
45 1217
23 1146
11 1222
19 1320
43 1005
48 1389
24 1454
18 1284
19 1311
32 1234
49 1243
11 1476
33 1231
30 1453
15 1335
10 1422
47 1259
19 1328
46 1474
32 1019
29 1030
42 1225
35 1126
26 1151
10 1173
15 1018
16 1462
14 1005
17 1075
21 1309
12 1392
41 1440
18 1218
40 1181
17 1487
10 1410
28 1280
33 1049
31 1395
39 1430
27 1101
10 1213
10 1472
30 1266
21 1156
41 1167
37 1367
47 1207
19 1047
16 1420
16 1309
18 1483
14 1311
48 1369
15 1100
48 1463
23 1461
17 1083
26 1043
14 1426
12 1160
24 1469
25 1122
39 1173
35 1301
18 1393
28 1410
24 1157
17 1284
16 1008
48 1456
46 1327
39 1372
31 1351
14 1012
36 1134
16 1409
39 1383
31 1103
15 1252
15 1035
12 1055
32 1429
37 1287
37 1239
39 1094
33 1393
10 1144
44 1466
31 1223
35 1125
36 1313
34 1442
33 1185
20 1488
21 1264
48 1000
41 1337
43 1463
30 1240
34 1065
15 1099
29 1143
21 1355
14 1004
22 1365
14 1136
12 1137
48 1310
25 1248
38 1054
41 1144
30 1037
22 1060
25 1490
43 1230
18 1311
24 1421
29 1119
14 1117
23 1322
12 1038
24 1487
44 1046
34 1338
27 1239
34 1199
13 1420
36 1409
19 1234
27 1227
43 1251
17 1201
48 1189
35 1338
10 1120
30 1064
21 1467
41 1128
47 1134
48 1345
27 1491
24 1470
36 1114
12 1454
26 1285
35 1075
19 1021
25 1049
49 1485
45 1057
38 1113
46 1456
20 1413
30 1480
35 1462
44 1122
13 1406
18 1279
22 1066
25 1350
31 1125
16 1333
42 1379
45 1198
46 1295
41 1093
28 1072
12 1275
37 1403
37 1328
14 1088
23 1273
19 1257
47 1127
15 1207
48 1400
40 1301
48 1134
32 1377
39 1171
12 1038
13 1445
43 1060
47 1344
24 1344
38 1250
29 1102
23 1152
11 1304
41 1137
15 1241
30 1340
14 1262
37 1030
12 1251
37 1492
48 1228
23 1395
43 1189
34 1495
46 1013
20 1006
46 1256
15 1001
22 1103
12 1053
29 1213
32 1066
43 1228
46 1318
35 1291
14 1406
16 1446
38 1386
20 1357
20 1018
33 1297
27 1127
34 1344
32 1303
44 1101
24 1006
45 1293
43 1124
40 1481
23 1432
38 1125
42 1024
18 1386
43 1159
45 1410
43 1494
45 1207
30 1426
35 1099
12 1239
29 1163
43 1452
33 1041
40 1208
37 1389
13 1071
18 1036
32 1134
23 1139
38 1182
29 1080
23 1049
26 1022
27 1264
26 1400
23 1114
13 1250
32 1451
17 1028
31 1308
48 1191
32 1202
38 1310
22 1454
18 1098
26 1340
10 1006
40 1456
11 1079
27 1053
23 1485
45 1347
40 1291
21 1176
22 1397
45 1439
11 1459
10 1313
25 1321
13 1202
40 1437
41 1157
38 1322
23 1345
30 1026
32 1269
37 1409
26 1180
14 1383
33 1224
25 1077
17 1375
38 1065
16 1225
27 1168
31 1073
10 1098
18 1089
13 1153
30 1012
42 1291
15 1221
40 1092
12 1478
18 1467
37 1059
27 1405
17 1191
32 1352
16 1369
45 1420
25 1170
41 1053
29 1481
48 1350
45 1363
36 1332
44 1306
10 1228
35 1467
27 1070
49 1093
17 1006
32 1115
37 1221
44 1491
37 1130
15 1219
24 1497
21 1110
15 1015
31 1169
31 1407
36 1422
30 1434
25 1390
22 1384
39 1107
48 1142
20 1409
44 1353
11 1078
15 1043
48 1360
38 1473
13 1406
45 1148
20 1147
11 1131
46 1119
32 1304
22 1067
44 1255
26 1096
19 1412
30 1394
16 1011
28 1443
31 1410
33 1311
13 1137
26 1169
22 1246
27 1047
43 1077
37 1027
26 1265
31 1306
23 1038
19 1296
48 1122
48 1025
17 1484
26 1474
24 1393
12 1156
15 1042
26 1090
18 1214
41 1074
29 1028
44 1121
18 1457
28 1153
13 1434
41 1328
26 1395
44 1056
14 1022
13 1457
15 1212
25 1391
19 1361
48 1094
41 1202
25 1298
12 1143
25 1345
48 1195
28 1177
41 1271
46 1495
17 1328
40 1139
15 1178
37 1300
24 1042
32 1175
24 1100
35 1242
31 1304
40 1203
18 1417
24 1124
25 1427
11 1213
41 1077
45 1019
13 1403
44 1306
32 1290
40 1364
17 1258
47 1077
35 1112
11 1428
32 1321
16 1432
32 1036
26 1374
23 1064
49 1459
15 1267
34 1370
13 1096
35 1180
34 1202
16 1186
19 1432
44 1394
25 1131
29 1331
45 1400
31 1208
34 1328
23 1220
21 1141
21 1402
49 1449
10 1491
41 1039
33 1343
37 1127
20 1495
25 1075
48 1112
30 1479
40 1301
39 1267
29 1203
28 1153
32 1051
31 1450
22 1394
32 1052
13 1057
31 1311
19 1039
40 1141
27 1113
14 1254
30 1341
23 1183
25 1488
12 1368
37 1358
21 1428
44 1105
18 1367
45 1192
10 1015
42 1259
19 1370
41 1029
20 1030
13 1044
23 1098
21 1092
34 1476
22 1310
45 1342
32 1351
44 1290
25 1144
25 1445
30 1465
27 1345
15 1077
12 1440
37 1409
11 1249
44 1328
35 1431
39 1430
49 1143
30 1092
18 1469
17 1179
23 1347
11 1165
46 1342
21 1442
48 1257
31 1018
41 1117
45 1446
47 1431
13 1097
16 1008
47 1454
11 1409
38 1368
42 1108
29 1247
46 1446
19 1204
17 1103
33 1158
27 1087
16 1432
10 1466
25 1234
29 1370
28 1455
43 1428
47 1430
23 1278
19 1379
18 1269
32 1113
11 1120
44 1042
34 1299
15 1144
18 1136
42 1168
21 1338
47 1188
49 1361
22 1272
37 1303
39 1019
24 1330
36 1468
43 1200
22 1109
32 1076
49 1496
33 1048
44 1354
16 1439
13 1189
20 1207
16 1222
33 1490
23 1148
24 1227
12 1163
16 1138
26 1008
25 1032
33 1103
13 1042
43 1175
25 1102
39 1270
20 1303
34 1387
43 1450
11 1218
16 1387
44 1160
43 1072
28 1027
15 1272
20 1218
12 1464
13 1209
28 1082
21 1341
20 1071
46 1488
22 1112
20 1375
15 1173
27 1125
45 1169
43 1323
11 1306
41 1002
27 1344
49 1487
40 1460
24 1253
26 1407
11 1214
31 1136
16 1339
18 1135
27 1252
13 1162
44 1316
35 1088
26 1326
23 1481
19 1217
10 1062
29 1203
30 1265
12 1248
21 1460
11 1067
35 1390
38 1349
21 1315
34 1057
37 1148
43 1069
49 1462
28 1104
18 1399
42 1322
23 1022
44 1482
43 1054
47 1266
41 1449
41 1093
20 1425
22 1472
14 1035
16 1296
41 1409
30 1059
21 1182
40 1195
28 1224
30 1278
48 1057
14 1361
43 1275
36 1109
49 1259
40 1225
36 1160
41 1012
16 1157
36 1111
37 1479
18 1438
21 1112
48 1339
18 1330
26 1068
37 1067
19 1117
30 1271
15 1093
41 1345
10 1475
40 1461
26 1212
29 1445
45 1214
19 1353
17 1041
48 1413
34 1247
34 1130
20 1000
26 1279
48 1336
33 1158
22 1009
17 1068
48 1121
12 1452
23 1395
32 1199
19 1425
15 1401
14 1115
13 1371
47 1018
29 1019
21 1366
40 1008
27 1483
49 1347
46 1066
46 1430
29 1301
13 1102
17 1168
13 1311
25 1229
36 1128
18 1011
29 1469
48 1439
38 1215
22 1469
10 1164
23 1430
19 1222
18 1444
47 1368
16 1187
38 1296
41 1060
47 1494
39 1316
14 1401
35 1345
12 1430
29 1190
49 1433
22 1236
21 1313
12 1302
16 1143
38 1380
37 1119
43 1120
20 1468
11 1373
47 1251
20 1335
22 1086
40 1209
28 1322
45 1060
34 1360
36 1034
24 1185
20 1219
12 1087
13 1436
27 1360
49 1087
26 1451
39 1481
45 1210
36 1231
37 1037
22 1069
14 1047
36 1412
36 1033
22 1181
49 1225
19 1446
41 1219
31 1062
49 1275
13 1013
36 1302
43 1443
34 1460
11 1050
44 1082
24 1135
43 1047
32 1055
10 1021
11 1205
16 1016
18 1118
32 1319
49 1373
33 1442
32 1412
46 1060
12 1226
11 1404
30 1197
48 1423
49 1354
25 1274
39 1412
35 1223
15 1299
22 1371
44 1426
48 1365
18 1315
31 1249
39 1224
20 1192
34 1038
48 1445
47 1267
44 1469
19 1054
21 1084
25 1492
20 1348
15 1172
49 1347
27 1195
41 1420
34 1239
24 1015
20 1366
24 1216
13 1006
49 1180
14 1062
42 1437
13 1079
11 1346
20 1228
43 1260
33 1498
37 1020
37 1157
22 1135
33 1087
15 1206
29 1405
14 1462
29 1268
38 1455
43 1038
45 1010
46 1473
29 1022
28 1206
28 1438
10 1153
45 1336
27 1174
16 1408
26 1450
31 1399
21 1156
44 1175
40 1297
49 1163
46 1267
10 1333
34 1047
41 1483
28 1410
32 1198
38 1373
30 1284
37 1295
11 1092
11 1047
13 1365
29 1142
11 1133
31 1164
10 1123
45 1370
27 1042
29 1425
24 1032
37 1401
31 1466
27 1490
44 1429
16 1257
12 1484
11 1392
43 1016
34 1471
36 1054
45 1106
28 1332
45 1249
20 1343
35 1151
10 1147
17 1181
41 1479
48 1472
39 1007
46 1287
21 1413
41 1051
46 1369
21 1182
21 1113
26 1257
17 1150
41 1175
33 1109
27 1067
45 1335
16 1455
43 1290
25 1343
28 1293
17 1442
37 1092
39 1138
13 1376
28 1298
20 1268
45 1455
13 1457
37 1101
21 1488
11 1031
19 1235
10 1451
37 1287
27 1118
46 1218
26 1480
37 1354
37 1372
49 1218
36 1388
22 1007
24 1193
38 1336
20 1366
11 1388
43 1081
38 1059
48 1024
46 1118
45 1221
37 1264
27 1004
30 1370
15 1159
48 1369
39 1116
21 1448
18 1328
41 1008
23 1151
44 1434
42 1186
13 1254
41 1445
23 1284
39 1339
22 1231
40 1367
48 1377
44 1366
18 1310
48 1088
12 1224
19 1499
40 1251
13 1426
23 1378
44 1041
13 1338
35 1021
43 1026
45 1113
15 1467
10 1123
16 1082
49 1198
31 1293
36 1075
15 1363
21 1194
30 1209
22 1261
19 1443
24 1168
40 1314
16 1135
37 1309
42 1396
39 1220
31 1091
32 1347
14 1214
36 1478
44 1404
10 1412
31 1336
42 1084
27 1366
14 1076
33 1267
15 1358
30 1215
34 1210
16 1071
12 1382
34 1263
33 1201
23 1180
37 1020
25 1304
23 1126
12 1358
31 1143
30 1245
40 1387
10 1496
44 1396
12 1177
49 1308
22 1432
27 1494
25 1383
18 1279
47 1138
39 1063
39 1095
43 1177
29 1186
49 1326
26 1008
42 1279
33 1178
38 1012
34 1497
16 1366
42 1380
49 1402
40 1456
33 1247
30 1174
41 1268
22 1454
12 1297
14 1208
44 1237
37 1272
25 1307
46 1358
18 1456
33 1047
12 1340
13 1035
18 1180
11 1080
15 1323
27 1314
43 1424
49 1191
35 1166
39 1081
16 1036
39 1488
45 1290
14 1432
22 1193
24 1138
47 1350
17 1425
26 1111
38 1153
19 1147
13 1087
42 1279
14 1343
36 1158
27 1423
41 1276
48 1290
29 1128
35 1467
28 1412
20 1187
10 1116
17 1043
46 1403
17 1263
20 1430
18 1275
43 1238
46 1098
48 1434
43 1214
33 1273
42 1392
41 1311
20 1132
16 1061
18 1258
38 1368
27 1295
31 1235
22 1408
16 1337
29 1011
14 1334
27 1274
38 1273
13 1338
25 1016
27 1252
17 1329
43 1489
30 1142
46 1106
25 1232
41 1294
39 1156
40 1385
17 1282
39 1213
45 1233
39 1015
32 1139
12 1179
15 1326
43 1177
29 1038
16 1402
22 1304
37 1058
32 1020
27 1471
22 1297
14 1462
24 1246
48 1135
26 1001
46 1384
14 1121
36 1143
27 1258
38 1229
46 1025
14 1107
18 1412
26 1114
24 1284
24 1279
49 1312
43 1472
38 1140
36 1462
18 1088
49 1027
24 1490
38 1249
33 1382
19 1275
22 1368
15 1449
11 1260
41 1258
11 1049
45 1066
36 1359
24 1442
49 1124
27 1330
47 1188
14 1357
22 1326
21 1151
49 1302
31 1448
11 1242
34 1192
33 1331
46 1388
32 1106
11 1009
16 1421
40 1189
27 1455
27 1117
27 1093
38 1453
32 1028
13 1170
36 1276
19 1313
36 1383
15 1441
11 1485
44 1277
13 1071
11 1360
38 1209
27 1423
24 1160
22 1483
12 1214
20 1151
47 1226
10 1398
32 1349
45 1199
29 1397
46 1254
19 1351
43 1039
14 1385
11 1141
35 1393
33 1309
28 1151
21 1148
47 1228
25 1244
40 1366
39 1205
43 1141
22 1139
21 1033
21 1077
31 1449
36 1485
19 1372
31 1444
27 1088
19 1056
48 1469
22 1322
22 1324
11 1054
41 1291
21 1321
47 1164
47 1099
38 1100
29 1429
45 1036
11 1264
32 1217
13 1309
14 1076
20 1484
23 1361
12 1265
26 1224
22 1102
11 1257
14 1258
20 1426
43 1300
33 1254
30 1217
48 1247
27 1431
26 1359
36 1222
28 1449
20 1057
38 1141
36 1357
43 1009
17 1119
37 1079
13 1348
42 1381
22 1239
32 1177
45 1322
21 1037
34 1143
37 1472
23 1315
28 1354
49 1002
41 1255
12 1442
40 1440
15 1426
30 1345
21 1024
47 1109
10 1019
31 1458
42 1418
18 1441
11 1167
15 1185
16 1087
13 1014
48 1404
40 1428
28 1465
42 1135
18 1002
30 1488
27 1370
44 1051
39 1069
32 1344
34 1090
44 1133
12 1369
32 1238
14 1287
28 1277
42 1182
28 1432
45 1454
26 1082
42 1043
41 1467
28 1296
37 1366
42 1475
28 1419
17 1255
22 1310
25 1312
46 1166
12 1342
15 1058
29 1010
18 1412
21 1373
39 1099
14 1365
30 1246
12 1117
24 1484
40 1329
37 1034
42 1454
19 1380
19 1024
11 1278
27 1443
45 1363
16 1320
11 1205
39 1101
12 1374
48 1000
44 1112
24 1240
31 1257
20 1312
29 1471
12 1202
36 1157
45 1027
35 1174
42 1147
29 1320
11 1058
43 1409
34 1156
33 1318
32 1175
49 1271
41 1282
40 1187
30 1283
36 1010
44 1422
48 1084
47 1263
27 1296
40 1077
14 1190
27 1442
10 1335
33 1063
31 1345
43 1107
48 1084
27 1085
12 1307
16 1104
27 1226
39 1000
25 1034
42 1091
23 1353
12 1178
49 1076
13 1234
29 1460
48 1183
25 1403
24 1197
22 1415
10 1119
43 1488
27 1044
10 1426
23 1435
45 1000
19 1484
38 1226
24 1263
40 1423
42 1197
47 1392
18 1455
17 1277
33 1397
42 1272
28 1220
42 1325
42 1496
10 1062
48 1127
23 1165
13 1188
21 1452
34 1134
16 1338
36 1341
14 1174
23 1010
33 1105
16 1088
34 1313
44 1447
12 1028
40 1075
37 1070
15 1173
22 1295
16 1189
43 1110
30 1416
22 1005
38 1419
21 1399
15 1242
28 1071
33 1252
29 1077
21 1442
21 1004
30 1079
20 1258
26 1095
44 1330
44 1307
34 1121
23 1335
48 1497
35 1400
14 1091
41 1397
36 1432
36 1395
27 1079
25 1338
24 1013
14 1012
45 1169
22 1454
38 1331
28 1465
24 1130
30 1321
30 1228
16 1398
37 1477
22 1180
38 1205
28 1155
16 1115
46 1246
35 1393
44 1322
36 1450
10 1318
22 1113
45 1400
13 1067
18 1365
33 1277
44 1394
45 1237
10 1203
32 1345
12 1226
32 1358
27 1485
19 1310
34 1415
24 1444
33 1286
18 1097
12 1112
30 1029
29 1197
31 1190
36 1381
29 1144
14 1195
14 1175
29 1421
12 1101
26 1496
40 1176
49 1317
13 1102
20 1031
34 1167
43 1071
26 1269
45 1388
11 1212
20 1206
46 1106
35 1421
16 1220
13 1142
22 1003
28 1135
44 1112
11 1141
37 1445
41 1309
10 1026
19 1233
23 1282
41 1492
30 1127
28 1367
18 1105
32 1415
36 1111
39 1199
45 1123
33 1248
25 1443
30 1040
32 1070
28 1031
49 1107
36 1230
46 1090
10 1472
41 1459
47 1117
11 1096
25 1276
16 1176
48 1432
42 1145
17 1377
11 1052
17 1203
29 1251
40 1299
32 1241
23 1279
49 1322
11 1241
17 1296
23 1417
39 1403
18 1104
49 1198
31 1015
42 1239
21 1082
20 1271
44 1110
22 1334
14 1490
27 1162
46 1471
25 1284
35 1427
17 1336
22 1238
20 1027
45 1298
24 1101
46 1269
18 1431
21 1398
22 1428
12 1363
42 1474
40 1324
26 1483
22 1438
28 1259
49 1050
20 1387
21 1393
27 1496
14 1314
34 1055
46 1175
42 1445
43 1095
39 1399
20 1116
37 1323
18 1161
20 1049
28 1412
35 1293
45 1370
46 1267
39 1467
44 1334
37 1024
21 1175
15 1497
13 1265
28 1216
24 1314
17 1385
32 1038
48 1048
32 1057
17 1289
34 1401
20 1427
26 1172
40 1360
39 1115
21 1001
30 1335
20 1256
33 1201
20 1478
46 1358
18 1244
29 1114
26 1044
17 1247
23 1048
46 1460
24 1344
40 1347
24 1161
14 1068
11 1425
28 1063
18 1376
33 1102
13 1329
20 1151
38 1318
19 1124
29 1176
23 1313
39 1238
37 1392
25 1418
24 1072
26 1108
24 1036
17 1478
21 1304
22 1246
33 1253
45 1436
36 1017
39 1060
34 1021
42 1074
32 1116
39 1384
40 1137
12 1463
38 1113
30 1293
17 1341
42 1065
11 1133
33 1069
32 1163
15 1445
14 1179
49 1481
43 1069
31 1415
20 1095
41 1150
31 1296
12 1147
42 1140
22 1165
48 1099
23 1355
33 1182
35 1197
42 1062
29 1124
18 1131
46 1203
34 1148
46 1068
49 1256
44 1073
49 1197
43 1180
16 1143
15 1456
28 1401
41 1055
20 1129
13 1355
10 1481
40 1392
21 1419
37 1262
24 1381
30 1406
12 1151
46 1273
16 1359
46 1217
40 1308
11 1238
22 1224
22 1048
12 1496
37 1381
11 1478
13 1377
20 1107
30 1105
12 1385
25 1128
38 1276
49 1464
32 1145
17 1335
31 1112
45 1195
39 1329
36 1280
32 1060
46 1107
13 1165
47 1302
43 1022
22 1242
44 1461
14 1127
28 1499
20 1422
21 1281
11 1148
19 1352
41 1165
10 1164
14 1148
18 1203
40 1420
38 1026
14 1044
48 1197
26 1242
10 1183
34 1076
17 1036
26 1212
48 1047
10 1059
24 1122
15 1051
47 1468
45 1453
45 1038
27 1161
26 1088
36 1191
16 1415
48 1342
41 1096
28 1351
42 1133
34 1413
10 1407
31 1456
24 1003
39 1451
19 1188
46 1013
37 1188
34 1034
48 1169
27 1490
21 1345
17 1025
19 1271
12 1399
26 1424
35 1249
18 1122
42 1499
20 1309
47 1064
38 1216
10 1427
16 1024
40 1167
26 1305
27 1420
17 1408
24 1231
20 1080
22 1100
46 1250
46 1104
28 1349
15 1411
19 1393
34 1336
25 1284
32 1082
25 1330
33 1389
14 1158
46 1247
31 1185
17 1094
27 1352
40 1299
39 1265
11 1091
13 1028
37 1038
38 1390
28 1124
16 1179
27 1055
29 1123
15 1360
20 1312
20 1395
26 1457
45 1421
22 1163
12 1111
38 1433
32 1373
12 1185
24 1082
32 1190
28 1053
46 1070
12 1074
37 1163
18 1412
20 1156
13 1134
29 1318
27 1142
44 1459
42 1054
25 1039
41 1132
38 1054
29 1304
12 1414
39 1476
12 1355
24 1065
43 1120
45 1300
26 1005
36 1174
32 1127
14 1455
33 1120
39 1074
36 1456
35 1401
26 1457
17 1414
35 1123
35 1242
24 1219
34 1430
38 1328
33 1010
49 1441
28 1374
35 1138
24 1468
20 1228
20 1295
34 1484
10 1107
36 1419
29 1131
19 1080
26 1257
13 1427
45 1361
42 1166
33 1097
16 1478
49 1329
18 1252
12 1086
40 1138
16 1246
26 1166
33 1485
33 1033
30 1320
38 1228
36 1489
42 1497
43 1485
45 1048
30 1481
27 1153
27 1076
28 1277
35 1299
10 1146
12 1360
19 1166
39 1354
22 1282
27 1340
23 1002
21 1311
46 1111
20 1115
21 1321
21 1496
28 1474
32 1136
22 1111
49 1365
33 1079
41 1086
26 1249
39 1319
17 1121
15 1135
47 1380
29 1204
10 1402
12 1171
49 1152
25 1263
28 1299
41 1181
29 1061
37 1248
41 1174
29 1427
11 1464
34 1065
22 1101
21 1338
45 1397
35 1491
40 1047
24 1058
48 1091
31 1012
45 1286
37 1206
19 1243
35 1192
16 1414
35 1078
25 1053
25 1130
24 1248
13 1044
46 1144
24 1351
45 1461
28 1393
23 1068
10 1497
41 1240
49 1257
44 1185
24 1205
29 1260
28 1292
35 1089
10 1153
18 1215
14 1402
17 1443
34 1066
36 1315
29 1319
15 1429
49 1492
15 1322
46 1137
26 1054
34 1087
38 1067
28 1424
30 1277
23 1106
45 1134
29 1302
14 1180
48 1366
10 1006
28 1333
13 1165
17 1491
18 1197
19 1016
12 1053
19 1219
35 1176
24 1165
27 1436
34 1119
31 1360
39 1096
47 1197
15 1457
17 1264
12 1191
38 1092
13 1367
39 1095
10 1137
11 1300
18 1371
35 1372
39 1200
49 1180
10 1243
42 1079
16 1380
35 1141
42 1050
14 1235
39 1042
17 1074
35 1427
23 1307
34 1270
41 1171
21 1105
39 1328
33 1285
46 1053
11 1312
13 1201
40 1080
44 1207
26 1240
30 1306
14 1049
15 1484
37 1228
45 1423
10 1136
31 1034
42 1267
49 1223
25 1049
32 1307
46 1308
16 1182
11 1237
40 1093
11 1284
37 1092
40 1181
21 1030
18 1450
48 1317
48 1180
49 1403
10 1062
22 1182
49 1304
46 1243
17 1361
43 1280
13 1168
45 1125
48 1483
30 1402
37 1354
38 1131
32 1293
15 1242
40 1342
34 1350
45 1300
46 1272
34 1375
32 1114
12 1292
19 1371
43 1298
22 1053
43 1388
30 1286
36 1153
13 1279
21 1073
30 1166
45 1204
40 1170
40 1036
29 1098
18 1046
21 1221
20 1327
48 1380
14 1024
28 1057
34 1306
33 1208
14 1384
45 1383
47 1262
40 1090
28 1067
11 1233
39 1208
33 1330
42 1321
33 1410
40 1451
48 1145
24 1410
26 1240
17 1208
45 1018
16 1207
25 1263
31 1033
22 1488
40 1205
23 1162
45 1353
27 1184
32 1441
49 1051
23 1349
46 1041
26 1334
24 1473
37 1139
39 1104
35 1035
33 1110
34 1272
30 1307
36 1264
13 1054
25 1432
16 1195
37 1010
48 1160
24 1424
46 1468
28 1184
22 1448
37 1389
31 1301
17 1101
36 1217
41 1274
45 1294
21 1340
23 1139
26 1491
37 1135
34 1333
49 1234
47 1466
34 1094
26 1189
16 1473
45 1065
12 1303
25 1166
15 1168
23 1295
49 1472
14 1072
21 1244
33 1174
13 1155
30 1088
26 1179
13 1145
12 1035
27 1418
28 1259
19 1166
26 1012
14 1492
47 1075
36 1391
46 1038
23 1047
39 1184
23 1234
47 1499
35 1008
19 1210
37 1214
42 1108
41 1182
36 1467
21 1362
20 1235
29 1319
19 1218
32 1465
26 1476
19 1397
32 1207
42 1367
13 1053
28 1212
43 1086
42 1356
26 1391
33 1491
13 1345
19 1214
23 1104
11 1315
43 1437
47 1363
29 1382
12 1441
34 1378
39 1450
16 1057
11 1335
27 1254
38 1408
30 1150
45 1215
25 1057
35 1319
44 1196
22 1245
14 1351
48 1485
48 1384
44 1198
45 1062
11 1130
26 1109
26 1467
11 1371
19 1150
11 1471
26 1420
30 1266
49 1494
24 1124
34 1139
43 1445
44 1057
36 1090
31 1036
39 1202
49 1460
13 1426
24 1182
10 1187
18 1454
15 1263
35 1403
31 1203
44 1415
21 1012
26 1425
45 1454
48 1497
38 1397
31 1327
47 1388
34 1067
31 1161
48 1012
42 1343
14 1386
17 1454
32 1325
30 1375
23 1307
49 1109
28 1126
26 1128
41 1263
16 1014
18 1341
13 1032
20 1028
20 1462
10 1137
41 1137
24 1236
30 1132
27 1363
19 1492
23 1292
31 1249
35 1035
38 1443
28 1397
31 1129
21 1477
18 1252
39 1347
11 1300
10 1423
11 1342
16 1467
15 1078
40 1138
36 1408
33 1420
26 1338
24 1462
17 1375
25 1235
41 1142
49 1226
22 1459
40 1362
16 1423
44 1452
26 1251
26 1477
49 1286
15 1378
34 1129
33 1026
44 1096
38 1067
13 1101
25 1292
31 1149
42 1060
43 1140
17 1493
35 1393
41 1265
47 1261
26 1335
33 1183
15 1359
20 1384
16 1375
20 1442
12 1429
15 1198
14 1204
22 1035
22 1298
22 1339
22 1430
37 1266
17 1011
17 1070
15 1487
21 1307
43 1298
30 1422
34 1407
37 1143
13 1330
31 1411
34 1003
24 1345
22 1454
16 1131
10 1177
41 1459
27 1439
33 1273
20 1025
34 1092
47 1108
29 1325
35 1389
25 1099
14 1313
44 1389
32 1495
16 1125
32 1094
33 1193
28 1325
22 1230
28 1274
49 1457
15 1305
30 1363
11 1225
32 1150
23 1056
13 1049
42 1144
24 1223
42 1312
27 1315
24 1305
12 1431
39 1459
29 1481
25 1197
13 1073
18 1021
18 1301
12 1220
19 1123
15 1234
43 1145
36 1315
45 1106
30 1200
10 1403
31 1434
13 1156
37 1381
49 1168
40 1304
47 1456
29 1307
48 1268
41 1028
15 1342
11 1211
31 1100
28 1399
17 1376
46 1237
42 1151
24 1361
27 1275
24 1262
40 1362
13 1312
45 1112
38 1285
18 1282
15 1354
21 1362
45 1130
32 1455
48 1317
12 1261
44 1338
41 1400
37 1399
35 1444
14 1350
15 1194
21 1150
22 1013
26 1199
35 1307
46 1354
25 1276
16 1140
16 1322
49 1211
38 1078
19 1428
18 1283
38 1332
23 1358
31 1156
40 1019
12 1459
15 1366
39 1230
47 1202
35 1351
21 1391
24 1175
15 1229
17 1406
30 1360
40 1301
47 1388
35 1309
33 1089
27 1017
36 1214
27 1476
42 1007
11 1130
20 1047
48 1209
42 1369
42 1286
17 1010
47 1403
27 1300
48 1242
10 1235
27 1012
22 1183
39 1349
36 1495
47 1363
38 1017
49 1077
45 1386
36 1177
44 1047
47 1255
42 1046
34 1127
16 1062
46 1145
12 1062
31 1216
28 1170
12 1382
38 1253
25 1036
39 1248
10 1287
35 1118
31 1272
23 1267
11 1174
49 1297
20 1113
29 1431
43 1190
14 1420
41 1308
33 1165
13 1156
23 1117
26 1190
15 1144
14 1471
23 1178
36 1178
41 1148
25 1088
14 1474
28 1488
48 1290
27 1457
21 1152
15 1326
15 1405
43 1155
10 1000
16 1422
12 1197
33 1121
34 1221
31 1430
43 1237
27 1210
24 1097
15 1303
21 1435
13 1333
19 1450
26 1423
38 1316
27 1087
10 1240
18 1029
49 1275
28 1168
20 1021
48 1200
20 1186
19 1145
28 1290
14 1024
33 1128
40 1476
47 1242
16 1263
28 1436
25 1231
18 1177
47 1299
37 1154
49 1491
49 1047
17 1191
16 1032
31 1101
16 1399
24 1447
34 1027
27 1414
27 1206
10 1202
12 1121
29 1122
23 1214
45 1446
37 1279
46 1118
37 1034
35 1438
19 1491
22 1262
10 1303
20 1201
13 1340
47 1185
32 1286
20 1327
24 1310
19 1445
16 1273
27 1165
32 1144
20 1221
14 1471
14 1408
20 1266
31 1232
13 1235
26 1133
48 1303
42 1206
46 1487
20 1139
31 1013
34 1490
31 1195
19 1101
11 1327
32 1320
43 1127
12 1249
49 1037
20 1052
15 1021
32 1402
39 1152
22 1376
47 1207
28 1044
43 1388
23 1356
34 1020
21 1373
15 1278
18 1038
46 1129
10 1409
27 1046
28 1118
44 1371
38 1214
29 1463
33 1255
25 1455
16 1382
33 1274
48 1253
32 1114
34 1030
11 1072
10 1202
12 1181
15 1016
32 1234
14 1144
14 1256
39 1423
47 1126
30 1295
49 1163
15 1385
30 1495
44 1317
23 1415
15 1249
29 1092
42 1215
29 1215
11 1111
11 1365
15 1385
22 1461
33 1046
47 1108
43 1050
41 1220
49 1080
34 1278
34 1365
37 1276
31 1448
48 1316
37 1140
28 1374
20 1425
12 1080
12 1205
30 1132
15 1367
47 1424
29 1410
25 1088
18 1354
20 1299
37 1100
10 1325
39 1447
29 1335
30 1137
37 1303
23 1270
41 1237
24 1455
26 1057
24 1302
41 1353
37 1162
42 1374
20 1293
45 1072
35 1357
23 1256
46 1009
31 1405
17 1003
20 1461
43 1235
46 1150
46 1333
43 1248
35 1094
42 1312
16 1446
25 1268
46 1409
45 1436
12 1129
35 1015
10 1484
19 1374
32 1111
10 1294
36 1313
22 1001
43 1260
37 1199
35 1263
28 1049
43 1433
28 1355
30 1462
35 1371
35 1352
30 1053
31 1141
24 1099
15 1056
39 1208
22 1078
47 1455
25 1066
12 1063
35 1339
33 1052
47 1414
40 1244
38 1460
25 1417
39 1029
10 1223
17 1218
26 1406
20 1239
25 1205
46 1477
14 1191
45 1047
24 1379
18 1211
43 1127
11 1230
16 1218
14 1199
47 1127
48 1358
49 1188
38 1226
16 1319
41 1130
18 1135
42 1461
14 1489
32 1154
20 1094
25 1192
31 1119
45 1201
25 1170
30 1444
22 1421
49 1274
44 1471
12 1175
38 1302
40 1199
17 1212
13 1207
47 1247
35 1225
19 1003
19 1181
28 1128
12 1018
19 1165
14 1399
32 1118
28 1149
45 1438
30 1240
33 1299
13 1125
46 1255
37 1319
48 1036
27 1218
45 1135
18 1033
41 1184
35 1152
12 1305
12 1175
18 1213
21 1156
33 1379
43 1126
28 1188
42 1239
42 1125
47 1446
29 1091
15 1295
25 1210
13 1320
28 1396
39 1367
35 1297
10 1342
35 1243
39 1443
24 1485
21 1103
22 1350
39 1293
44 1204
37 1378
46 1274
49 1248
47 1137
16 1409
29 1037
25 1290
30 1139
42 1260
18 1311
22 1100
22 1297
38 1434
22 1154
39 1349
26 1060
30 1382
26 1046
47 1213
27 1036
17 1225
27 1064
37 1339
14 1401
22 1297
26 1293
42 1024
13 1146
46 1209
14 1280
47 1185
41 1031
29 1097
17 1174
40 1050
14 1417
34 1298
43 1133
10 1418
35 1147
43 1296
46 1387
20 1331
34 1020
20 1434
10 1290
47 1049
26 1357
49 1156
19 1199
40 1034
17 1293
31 1234
27 1477
11 1162
27 1394
29 1230
34 1488
37 1440
13 1115
23 1062
34 1012
32 1410
38 1064
44 1121
21 1034
29 1280
24 1071
29 1368
40 1409
31 1388
19 1257
45 1178
11 1393
16 1144
16 1311
26 1414
48 1203
49 1092
32 1071
25 1041
15 1249
29 1373
49 1293
40 1243
20 1007
21 1431
37 1412
31 1262
45 1037
36 1038
44 1011
31 1450
15 1356
20 1366
21 1425
18 1490
40 1027
39 1062
25 1467
25 1270
41 1161
23 1458
43 1270
25 1494
11 1099
39 1188
42 1162
13 1250
42 1144
49 1384
43 1108
41 1317
12 1120
44 1431
35 1429
39 1007
30 1480
12 1317
32 1155
10 1352
49 1041
46 1327
13 1104
11 1429
22 1328
40 1088
23 1276
39 1215
19 1313
38 1110
20 1027
16 1101
33 1162
13 1286
22 1354
47 1322
41 1093
28 1227
28 1346
31 1264
11 1077
45 1279
35 1280
43 1034
23 1062
43 1374
24 1213
26 1140
48 1469
25 1431
13 1288
37 1225
30 1242
10 1257
18 1452
22 1096
16 1365
47 1414
45 1447
34 1481
27 1063
24 1401
48 1048
29 1332
43 1164
41 1392
36 1353
15 1484
36 1211
34 1119
10 1300
48 1004
40 1456
39 1499
32 1388
18 1251
46 1381
31 1282
24 1261
43 1263
31 1111
28 1157
42 1377
11 1090
28 1311
20 1023
44 1370
35 1232
11 1447
20 1302
48 1374
23 1097
25 1320
35 1016
18 1228
16 1469
32 1164
30 1298
31 1380
22 1055
24 1147
41 1473
32 1335
38 1258
14 1058
21 1046
30 1281
11 1495
34 1375
47 1071
33 1345
43 1019
29 1490
46 1029
47 1323
45 1418
38 1202
13 1131
41 1088
47 1469
25 1277
28 1348
34 1212
33 1175
43 1250
33 1001
16 1468
24 1311
41 1103
33 1338
13 1098
10 1360
48 1399
17 1165
23 1130
14 1474
38 1318
12 1280
19 1312
49 1032
25 1106
44 1187
48 1492
44 1026
47 1449
39 1410
37 1463
16 1100
45 1243
30 1418
12 1416
13 1013
22 1212
43 1213
33 1445
32 1438
18 1477
26 1459
45 1396
22 1028
27 1288
11 1398
25 1473
40 1060
15 1095
47 1391
27 1070
34 1080
16 1298
28 1295
45 1009
12 1068
36 1411
30 1487
12 1160
22 1082
10 1365
45 1228
47 1238
20 1321
29 1109
40 1469
43 1290
27 1069
20 1446
33 1124
20 1068
20 1151
37 1147
15 1081
39 1142
30 1329
19 1437
35 1025
16 1366
45 1186
35 1274
28 1093
26 1318
30 1459
20 1294
44 1372
12 1365
39 1385
29 1480
13 1438
26 1100
22 1179
41 1365
43 1213
11 1053
44 1162
32 1348
43 1193
27 1374
25 1134
47 1110
16 1143
47 1264
32 1019
25 1491
27 1329
25 1498
11 1219
18 1398
39 1423
36 1186
15 1227
11 1212
30 1415
43 1251
17 1271
26 1193
30 1351
22 1270
17 1188
35 1325
46 1436
15 1270
14 1158
21 1408
13 1093
11 1340
23 1247
37 1088
15 1399
43 1193
12 1387
48 1303
40 1360
36 1467
12 1203
45 1207
14 1042
13 1176
12 1047
10 1477
24 1348
22 1357
41 1163
25 1004
32 1234
13 1043
32 1493
26 1159
30 1496
32 1169
28 1229
29 1282
14 1274
42 1232
23 1066
14 1311
10 1347
41 1280
16 1305
27 1340
11 1377
22 1375
27 1184
26 1161
43 1214
27 1206
10 1360
21 1031
43 1057
24 1036
41 1079
27 1245
35 1498
48 1471
47 1081
36 1224
39 1131
47 1328
25 1360
40 1394
42 1095
29 1369
15 1038
43 1374
17 1215
17 1032
44 1495
41 1279
20 1485
48 1451
20 1302
11 1062
16 1321
13 1409
40 1399
29 1384
17 1251
39 1345
25 1055
19 1395
39 1075
17 1081
24 1232
12 1474
22 1467
15 1293
26 1193
32 1489
36 1156
20 1118
30 1487
14 1003
25 1199
13 1276
16 1220
17 1497
31 1487
36 1191
36 1390
19 1032
39 1437
34 1251
27 1193
43 1152
33 1102
42 1186
16 1372
37 1027
37 1372
41 1488
40 1365
13 1451
41 1490
24 1202
30 1127
36 1297
36 1316
46 1252
25 1399
14 1418
22 1158
24 1372
43 1013
24 1454
42 1143
43 1073
20 1349
34 1132
16 1318
41 1326
43 1097
15 1083
38 1373
17 1013
15 1098
18 1444
13 1400
40 1108
37 1363
44 1342
19 1340
39 1347
49 1178
43 1251
19 1415
23 1375
41 1207
46 1246
39 1322
12 1161
39 1020
21 1043
26 1158
39 1129
12 1307
35 1239
32 1496
31 1209
21 1287
35 1059
16 1141
32 1318
31 1383
38 1254
12 1215
21 1396
18 1291
36 1249
30 1216
13 1114
25 1157
46 1075
37 1024
10 1400
31 1331
44 1043
43 1342
10 1288
12 1382
12 1474
29 1356
16 1200
18 1353
46 1186
12 1034
14 1002
38 1206
20 1060
19 1418
24 1345
19 1452
19 1369
17 1273
47 1498
16 1396
34 1211
45 1171
25 1381
46 1322
24 1335
16 1021
12 1266
49 1418
21 1193
49 1455
39 1148
42 1304
42 1309
28 1028
29 1061
24 1491
26 1359
15 1083
20 1398
32 1486
34 1028
37 1288
33 1275
22 1244
23 1265
35 1096
33 1129
45 1455
47 1265
34 1170
36 1431
32 1093
43 1320
42 1301
10 1183
26 1235
19 1455
40 1221
10 1179
34 1350
25 1015
36 1473
19 1212
41 1418
36 1055
23 1135
40 1185
48 1302
44 1080
34 1178
25 1488
10 1445
23 1467
16 1460
30 1088
39 1103
43 1437
28 1000
48 1262
41 1448
49 1476
20 1311
27 1076
14 1121
40 1485
33 1356
17 1254
17 1068
44 1137
33 1486
24 1338
20 1128
30 1181
35 1419
48 1107
32 1087
32 1321
48 1239
44 1403
48 1011
12 1278
24 1261
47 1097
30 1106
34 1151
46 1306
46 1177
24 1270
31 1403
13 1118
28 1372
15 1211
35 1208
30 1405
17 1247
48 1255
19 1246
42 1165
24 1374
18 1399
11 1099
38 1187
25 1185
20 1480
15 1111
23 1022
11 1433
19 1401
29 1305
39 1367
26 1196
48 1334
22 1265
39 1426
22 1209
40 1208
47 1220
36 1145
45 1286
14 1052
21 1118
29 1156
27 1085
17 1056
42 1427
48 1139
22 1003
26 1323
12 1371
25 1482
38 1014
25 1185
27 1275
18 1188
19 1017
20 1055
22 1066
46 1068
28 1088
15 1246
17 1380
42 1269
14 1340
16 1140
31 1455
18 1281
46 1322
34 1127
32 1053
44 1250
37 1100
31 1398
14 1147
46 1417
30 1375
13 1344
46 1141
38 1083
35 1000
14 1028
38 1089
32 1177
35 1252
36 1388
40 1292
17 1417
38 1458
12 1010
37 1176
39 1139
25 1079
22 1213
44 1437
46 1382
40 1063
27 1222
27 1181
34 1383
27 1296
36 1207
13 1202
42 1226
15 1409
41 1259
13 1148
33 1152
17 1237
32 1414
39 1270
41 1291
21 1378
48 1318
43 1460
31 1299
35 1120
15 1221
13 1246
13 1324
12 1319
43 1099
49 1071
29 1217
47 1388
30 1250
38 1354
29 1457
38 1383
28 1407
26 1407
40 1232
32 1421
30 1050
39 1437
23 1468
19 1257
40 1027
15 1078
29 1242
32 1300
44 1379
27 1171
48 1060
24 1076
36 1117
41 1334
14 1499
15 1484
39 1111
33 1303
22 1071
28 1400
16 1296
44 1342
46 1489
19 1110
10 1429
16 1136
38 1411
29 1484
16 1402
38 1434
10 1409
10 1275
32 1139
29 1394
11 1039
15 1051
48 1457
20 1217
19 1174
22 1464
31 1403
30 1057
27 1491
24 1110
47 1034
33 1128
18 1372
38 1389
35 1159
38 1321
13 1023
34 1222
27 1382
29 1088
41 1027
43 1466
41 1319
18 1490
34 1403
40 1479
14 1498
22 1362
27 1402
28 1008
14 1480
46 1306
23 1199
28 1340
29 1156
15 1176
12 1110
23 1137
43 1009
36 1086
22 1296
41 1050
28 1097
13 1444
25 1442
18 1282
10 1104
14 1056
34 1341
33 1137
13 1482
45 1023
25 1192
16 1319
34 1174
36 1199
42 1048
34 1133
24 1338
16 1250
22 1064
37 1172
17 1241
21 1299
25 1176
11 1013
24 1041
13 1370
32 1334
47 1144
46 1357
29 1111
42 1432
22 1153
27 1337
30 1141
21 1194
44 1328
12 1399
29 1221
12 1009
45 1481
10 1214
34 1114
18 1127
34 1473
31 1321
23 1417
14 1442
10 1240
39 1255
25 1018
44 1270
14 1491
17 1198
30 1140
28 1258
18 1397
31 1152
27 1303
19 1188
44 1356
48 1095
28 1409
36 1408
16 1180
31 1256
25 1426
33 1090
24 1457
26 1404
49 1112
47 1250
32 1149
39 1140
25 1064
47 1191
10 1324
19 1477
40 1413
19 1035
26 1235
32 1320
26 1048
19 1240
39 1062
15 1339
16 1407
38 1441
42 1205
46 1374
35 1176
30 1291
49 1246
29 1384
30 1278
27 1338
36 1168
39 1380
22 1421
28 1460
13 1471
29 1130
36 1349
10 1041
44 1198
26 1110
11 1410
26 1277
19 1250
31 1087
19 1388
18 1244
26 1301
20 1204
41 1212
13 1140
10 1230
32 1169
15 1334
35 1310
12 1476
45 1287
46 1135
15 1003
24 1053
43 1043
32 1313
48 1078
15 1154
36 1403
37 1010
26 1483
35 1372
11 1317
32 1242
44 1066
43 1324
18 1396
27 1486
13 1259
49 1281
46 1001
42 1454
26 1039
38 1188
36 1197
42 1253
35 1065
39 1398
49 1175
29 1260
24 1257
35 1372
40 1269
26 1281
24 1042
21 1285
21 1185
19 1183
27 1437
42 1438
35 1462
10 1312
47 1315
20 1001
36 1411
19 1057
45 1475
19 1133
40 1462
48 1210
28 1068
18 1135
47 1293
18 1463
14 1075
22 1241
32 1451
40 1470
14 1309
34 1047
24 1499
12 1089
17 1428
39 1218
38 1357
39 1368
19 1355
36 1363
32 1160
20 1043
23 1164
36 1324
26 1432
29 1397
30 1371
45 1233
19 1027
18 1060
49 1040
37 1286
24 1038
34 1490
29 1025
13 1389
24 1147
21 1292
15 1298
47 1342
37 1092
45 1052
42 1240
17 1007
21 1222
17 1236
23 1063
27 1382
43 1140
27 1103
33 1037
11 1228
11 1104
32 1497
30 1217
46 1201
34 1120
19 1028
36 1085
24 1498
35 1125
12 1433
46 1150
33 1174
41 1282
12 1330
11 1461
12 1086
17 1073
21 1311
23 1384
43 1138
15 1164
17 1289
10 1401
27 1211
17 1372
40 1053
36 1039
10 1338
23 1422
41 1229
45 1153
18 1489
40 1401
31 1417
22 1094
41 1380
10 1317
40 1065
24 1287
23 1148
48 1305
36 1063
32 1317
40 1025
26 1350
35 1428
30 1224
25 1276
13 1314
13 1221
35 1449
15 1437
19 1400
47 1039
37 1062
33 1456
46 1429
14 1061
24 1022
19 1312
35 1115
48 1432
11 1178
28 1369
19 1098
26 1420
45 1415
23 1100
37 1034
14 1470
49 1273
27 1010
48 1096
12 1440
19 1170
33 1354
34 1167
46 1197
45 1275
31 1496
30 1351
21 1185
47 1218
13 1097
48 1064
44 1175
31 1348
19 1449
33 1163
35 1491
36 1163
12 1235
10 1357
16 1357
48 1414
25 1491
25 1498
33 1263
32 1055
48 1416
46 1130
22 1495
21 1237
33 1028
15 1200
28 1288
23 1355
41 1353
10 1321
28 1130
22 1362
49 1155
15 1213
17 1274
47 1341
27 1254
45 1179
16 1061
38 1191
14 1363
33 1335
31 1322
30 1159
13 1460
43 1089
37 1208
17 1120
34 1423
30 1278
30 1466
23 1284
35 1012
32 1263
15 1489
13 1084
22 1338
39 1161
34 1069
10 1034
14 1369
37 1067
36 1104
19 1483
42 1302
46 1026
49 1176
24 1186
42 1071
49 1041
49 1369
36 1309
20 1405
37 1209
38 1019
45 1374
21 1434
17 1363
48 1040
27 1079
17 1492
19 1114
12 1195
43 1367
24 1384
29 1125
49 1192
30 1224
48 1059
28 1436
19 1162
29 1455
42 1136
31 1446
29 1220
43 1329
36 1398
28 1270
46 1495
46 1442
20 1400
13 1246
33 1374
17 1271
20 1095
33 1231
33 1406
34 1371
43 1353
44 1131
39 1049
30 1097
23 1414
31 1080
19 1219
46 1298
25 1349
22 1061
28 1335
21 1431
37 1301
32 1376
23 1451
37 1092
39 1107
20 1264
28 1301
39 1320
38 1362
21 1084
30 1363
12 1304
28 1174
32 1498
27 1059
24 1164
19 1198
21 1024
23 1145
48 1288
33 1275
49 1022
23 1173
16 1483
15 1210
12 1328
41 1260
16 1383
24 1330
17 1351
42 1238
34 1206
30 1258
13 1368
45 1264
23 1016
48 1196
39 1102
19 1462
34 1096
39 1458
11 1114
29 1124
29 1441
21 1384
18 1489
20 1014
24 1177
19 1274
23 1263
37 1453
34 1435
21 1336
21 1285
25 1179
35 1478
14 1162
24 1057
43 1384
27 1004
20 1081
32 1428
18 1367
10 1027
29 1039
29 1454
24 1421
14 1278
25 1384
44 1477
28 1478
31 1225
38 1247
22 1309
16 1102
29 1292
29 1257
10 1269
23 1038
38 1298
12 1143
24 1100
36 1497
11 1249
49 1065
41 1396
29 1110
48 1177
21 1451
33 1041
12 1096
31 1158
38 1335
46 1046
26 1159
35 1120
11 1341
33 1135
24 1214
29 1168
30 1241
43 1193
46 1016
17 1190
31 1432
28 1373
44 1374
16 1271
41 1018
48 1498
42 1284
32 1310
48 1002
42 1375
25 1094
34 1134
18 1085
14 1154
47 1288
16 1415
13 1179
24 1213
31 1026
18 1322
42 1005
36 1114
11 1330
20 1174
42 1336
44 1359
23 1414
19 1467
40 1108
28 1028
11 1351
45 1135
44 1170
20 1255
24 1359
25 1173
23 1057
32 1313
29 1330
17 1107
31 1212
14 1204
38 1046
34 1479
44 1356
30 1142
14 1427
14 1117
11 1158
37 1168
45 1380
35 1187
24 1164
20 1080
38 1446
32 1449
23 1151
22 1264
10 1476
32 1035
13 1190
21 1391
17 1427
25 1009
39 1174
25 1409
33 1165
12 1357
31 1135
26 1209
22 1116
17 1176
22 1339
46 1043
33 1387
25 1366
29 1428
39 1053
26 1076
37 1457
49 1396
42 1306
37 1010
27 1094
46 1335
42 1010
19 1446
10 1008
28 1379
21 1377
43 1280
17 1015
45 1119
28 1432
42 1352
33 1352
26 1424
46 1288
12 1379
44 1083
27 1263
31 1294
31 1197
30 1024
31 1235
48 1073
22 1189
24 1416
36 1253
20 1363
41 1253
17 1203
22 1224
30 1018
37 1055
27 1295
15 1480
28 1494
46 1016
21 1404
24 1121
31 1346
16 1147
45 1052
45 1336
40 1009
48 1418
28 1139
44 1245
11 1227
35 1093
11 1376
41 1006
26 1155
38 1276
15 1088
34 1399
28 1412
10 1176
41 1080
17 1314
11 1286
48 1216
19 1418
36 1199
46 1218
23 1168
21 1463
33 1295
47 1401
32 1104
15 1497
20 1169
27 1498
11 1245
40 1202
48 1080
16 1237
17 1001
22 1006
38 1051
25 1048
47 1329
34 1111
46 1268
35 1021
20 1121
32 1359
46 1035
36 1074
17 1215
13 1260
31 1367
21 1226
22 1099
40 1095
18 1082
18 1492
15 1434
45 1049
46 1339
37 1394
39 1012
30 1341
19 1005
49 1107
37 1277
20 1400
34 1064
16 1425
19 1071
19 1262
48 1337
28 1470
29 1374
43 1084
35 1383
16 1130
46 1129
11 1210
47 1206
27 1470
20 1345
30 1385
21 1248
47 1057
29 1481
11 1479
23 1082
46 1278
29 1072
43 1036
14 1185
36 1491
30 1213
11 1197
28 1272
46 1235
12 1466
13 1326
37 1023
26 1000
32 1466
39 1036
44 1172
20 1495
34 1144
16 1495
10 1400
18 1473
10 1365
47 1264
14 1396
14 1339
17 1187
25 1461
44 1445
36 1218
34 1340
32 1040
38 1194
47 1019
23 1405
49 1404
27 1451
25 1020
11 1243
38 1228
12 1048
43 1090
41 1486
27 1294
38 1329
27 1354
24 1098
49 1112
43 1124
42 1490
16 1414
16 1112
12 1496
23 1241
26 1447
25 1311
37 1488
37 1497
25 1307
26 1327
41 1290
39 1146
13 1209
35 1019
46 1431
28 1007
31 1254
11 1197
22 1270
45 1081
31 1065
24 1256
28 1285
11 1441
23 1193
10 1043
35 1086
49 1297
24 1215
49 1240
26 1379
42 1455
11 1225
14 1352
16 1360
45 1311
49 1090
33 1128
45 1105
21 1372
30 1376
19 1117
42 1047
30 1002
48 1404
32 1382
33 1485
12 1239
31 1079
43 1461
44 1185
27 1473
46 1309
27 1450
42 1031
13 1137
48 1246
30 1160
40 1473
18 1102
41 1396
19 1381
35 1369
48 1100
17 1476
33 1159
26 1434
43 1405
21 1408
37 1260
21 1056
33 1492
10 1364
39 1019
18 1336
19 1343
12 1026
11 1096
26 1403
30 1419
34 1012
14 1264
29 1263
30 1063
14 1257
33 1162
34 1306
12 1326
15 1470
34 1300
16 1130
38 1008
37 1437
23 1440
36 1036
29 1488
26 1162
30 1404
23 1417
24 1100
45 1466
17 1414
17 1270
22 1395
40 1288
45 1170
13 1176
42 1255
47 1273
25 1257
44 1122
49 1261
15 1252
18 1026
13 1378
42 1315
44 1066
26 1071
15 1253
43 1254
48 1392
45 1178
42 1125
46 1006
23 1084
32 1082
38 1151
16 1011
12 1200
13 1229
41 1376
46 1135
22 1105
11 1374
38 1222
37 1474
24 1345
10 1389
21 1373
23 1324
42 1355
11 1121
40 1320
39 1315
48 1254
23 1022
47 1258
23 1376
10 1448
38 1193
45 1333
42 1412
34 1005
42 1234
41 1378
33 1423
39 1305
10 1259
22 1245
36 1012
44 1241
17 1468
12 1196
46 1293
34 1201
24 1079
38 1153
21 1276
35 1032
31 1222
10 1205
25 1117
45 1404
24 1112
21 1320
43 1471
16 1445
36 1135
24 1125
19 1131
36 1387
24 1484
22 1413
22 1342
46 1318
41 1228
35 1490
45 1252
30 1346
45 1345
37 1427
37 1428
28 1030
12 1254
16 1173
27 1141
31 1107
13 1181
28 1420
41 1157
23 1158
16 1055
34 1305
43 1107
39 1142
11 1272
40 1444
29 1390
41 1354
48 1490
13 1351
45 1470
36 1353
21 1264
19 1098
10 1342
45 1482
33 1347
19 1231
23 1128
39 1060
18 1139
33 1125
17 1113
34 1404
10 1428
33 1388
17 1373
44 1192
14 1336
44 1345
34 1107
13 1055
48 1029
26 1391
47 1275
28 1383
38 1420
22 1271
46 1058
48 1464
40 1333
18 1330
10 1257
36 1474
15 1397
41 1498
37 1414
30 1454
19 1435
41 1127
45 1349
43 1336
28 1324
37 1052
26 1096
30 1165
12 1373
21 1021
40 1415
40 1473
25 1057
48 1130
46 1329
34 1343
28 1156
11 1139
27 1044
33 1390
33 1011
17 1102
43 1119
41 1176
39 1476
43 1039
13 1254
41 1122
17 1093
10 1433
47 1248
25 1494
20 1018
26 1421
21 1320
39 1225
17 1167
37 1057
37 1387
17 1419
25 1347
15 1406
19 1209
42 1380
46 1220
32 1327
42 1096
11 1289
44 1148
49 1131
29 1047
19 1023
37 1441
24 1231
47 1151
14 1496
46 1490
16 1179
45 1419
39 1463
32 1416
45 1027
35 1269
45 1065
13 1006
43 1354
13 1476
32 1185
39 1110
22 1104
30 1472
11 1458
13 1276
14 1337
44 1285
22 1158
22 1188
37 1261
25 1382
19 1372
22 1317
48 1462
37 1406
37 1354
11 1093
11 1471
10 1265
14 1156
10 1086
23 1052
10 1387
27 1265
35 1382
18 1239
21 1289
46 1495
44 1042
15 1419
27 1098
22 1143
24 1104
30 1016
19 1154
40 1491
40 1175
16 1092
17 1259
16 1160
18 1323
48 1309
49 1034
26 1217
30 1432
47 1488
40 1451
45 1190
27 1108
46 1458
18 1201
42 1195
24 1026
46 1170
40 1403
43 1388
31 1497
33 1439
41 1354
32 1159
17 1167
17 1078
49 1379
11 1426
10 1421
14 1027
48 1270
33 1405
27 1355
13 1184
31 1291
11 1295
32 1135
38 1056
49 1230
23 1142
49 1265
19 1104
47 1301
22 1008
16 1306
19 1133
47 1482
25 1492
34 1485
15 1162
48 1321
44 1346
17 1349
34 1333
40 1036
39 1044
13 1464
40 1049
40 1320
49 1373
31 1453
15 1269
20 1377
11 1450
18 1300
30 1173
45 1323
12 1378
11 1268
49 1284
11 1418
20 1409
45 1194
26 1053
23 1468
38 1187
48 1097
37 1474
19 1056
18 1108
18 1351
13 1064
13 1007
31 1397
48 1250
38 1072
25 1066
46 1437
42 1169
16 1167
24 1154
17 1033
13 1248
41 1059
27 1142
45 1210
25 1223
27 1483
48 1274
31 1122
13 1304
27 1319
34 1423
23 1279
10 1267
15 1009
36 1400
49 1397
24 1051
36 1276
14 1289
33 1421
15 1280
47 1320
41 1254
40 1251
12 1102
12 1405
18 1250
14 1193
11 1176
41 1191
15 1339
19 1058
12 1098
18 1076
23 1235
49 1285
15 1285
39 1039
48 1380
27 1201
10 1237
27 1097
11 1097
21 1194
20 1111
21 1427
36 1357
28 1053
46 1392
17 1228
38 1481
22 1398
31 1241
34 1134
32 1151
48 1287
41 1315
47 1147
10 1150
23 1094
38 1415
47 1116
27 1323
40 1142
48 1304
31 1286
45 1000
29 1395
36 1172
29 1381
28 1233
38 1450
38 1251
41 1137
11 1008
14 1109
49 1232
35 1231
48 1242
19 1256
47 1272
30 1178
44 1005
24 1059
41 1061
15 1303
49 1012
10 1474
49 1086
39 1352
44 1059
10 1329
31 1391
35 1159
12 1100
27 1403
28 1311
35 1024
42 1083
14 1274
40 1148
20 1431
14 1097
34 1361
17 1348
32 1131
17 1100
36 1380
12 1308
10 1003
44 1193
43 1335
40 1034
48 1356
35 1411
38 1307
25 1484
27 1009
10 1404
49 1124
25 1390
36 1350
16 1142
34 1207
47 1147
23 1029
19 1190
33 1278
22 1471
13 1433
43 1321
10 1062
45 1407
11 1179
36 1109
32 1249
45 1064
30 1390
40 1185
46 1288
34 1495
16 1393
45 1308
36 1249
15 1460
49 1224
25 1391
49 1102
49 1037
20 1286
20 1166
18 1273
35 1245
19 1093
44 1479
27 1434
31 1066
38 1232
42 1049
48 1267
11 1141
12 1193
11 1004
27 1351
25 1333
11 1293
44 1337
40 1345
17 1320
20 1200
32 1461
46 1319
41 1482
48 1018
14 1034
37 1323
13 1042
26 1018
37 1210
42 1454
45 1418
37 1093
47 1189
38 1351
13 1273
46 1091
16 1032
45 1112
17 1409
47 1312
22 1147
34 1371
21 1368
23 1129
15 1474
10 1103
13 1091
22 1386
35 1174
33 1135
41 1251
15 1262
30 1208
45 1121
18 1358
12 1336
24 1494
48 1111
25 1380
25 1308
22 1166
29 1137
29 1293
18 1380
22 1144
26 1119
21 1271
42 1184
41 1264
33 1183
25 1281
39 1042
44 1144
31 1092
30 1416
34 1412
40 1239
48 1156
17 1230
45 1075
13 1086
18 1415
34 1035
14 1143
14 1310
45 1232
24 1373
35 1188
35 1017
28 1252
34 1207
11 1099
37 1418
28 1111
19 1037
20 1405
10 1447
44 1166
44 1076
26 1154
39 1107
15 1046
16 1260
23 1495
49 1123
12 1140
49 1180
49 1036
15 1007
12 1289
43 1490
40 1189
24 1436
26 1427
40 1454
43 1464
43 1257
14 1071
21 1295
10 1225
14 1234
41 1177
28 1485
22 1394
43 1156
30 1157
38 1478
27 1353
47 1171
17 1065
48 1264
31 1059
10 1467
44 1411
47 1220
17 1076
35 1148
27 1122
48 1262
47 1454
13 1250
17 1377
27 1271
11 1366
30 1294
42 1188
39 1493
38 1218
49 1316
27 1205
29 1467
35 1468
47 1146
14 1007
29 1285
19 1362
40 1258
29 1147
10 1465
38 1124
35 1191
19 1039
20 1198
20 1064
40 1326
32 1283
16 1461
10 1398
25 1339
43 1119
10 1378
12 1077
22 1399
31 1180
44 1202
49 1290
35 1095
30 1437
29 1108
15 1151
22 1032
47 1041
38 1431
38 1407
16 1007
31 1144
21 1063
31 1170
11 1136
47 1208
41 1119
26 1268
31 1372
16 1232
24 1347
37 1442
48 1467
23 1121
10 1337
24 1485
27 1222
15 1276
13 1135
36 1285
18 1015
24 1192
20 1291
43 1459
42 1370
34 1136
17 1293
10 1282
33 1381
42 1083
43 1440
16 1257
46 1368
15 1387
12 1108
43 1364
10 1313
14 1402
32 1270
40 1259
35 1137
40 1482
14 1137
12 1450
41 1372
22 1096
13 1423
29 1011
23 1234
13 1166
14 1476
25 1387
43 1343
14 1066
13 1006
12 1498
46 1411
18 1351
14 1000
22 1490
16 1143
16 1336
15 1434
29 1444
32 1219
32 1475
13 1279
13 1156
22 1467
10 1175
39 1042
46 1112
44 1073
34 1346
27 1254
33 1237
35 1421
40 1307
47 1483
31 1499
12 1041
35 1104
29 1354
17 1282
37 1233
12 1377
27 1468
39 1136
21 1372
49 1017
14 1130
21 1144
10 1239
40 1249
45 1063
22 1083
46 1332
13 1111
27 1000
14 1072
37 1043
40 1093
12 1464
24 1108
14 1024
33 1439
10 1002
15 1182
27 1452
24 1260
37 1225
28 1361
39 1096
39 1354
45 1380
48 1451
32 1136
40 1279
12 1145
48 1342
36 1180
46 1180
34 1304
41 1164
35 1211
31 1239
11 1175
10 1085
35 1177
45 1134
12 1042
14 1050
11 1407
38 1246
34 1248
37 1192
32 1284
35 1292
42 1102
21 1437
48 1430
39 1469
31 1171
45 1120
36 1021
12 1453
45 1158
10 1237
23 1478
42 1239
20 1311
33 1490
19 1181
33 1393
42 1483
15 1037
37 1443
33 1101
29 1075
25 1040
37 1219
22 1401
41 1340
39 1313
13 1406
48 1034
23 1480
13 1186
39 1472
18 1133
31 1019
33 1166
27 1490
46 1130
22 1051
44 1027
43 1300
15 1183
37 1345
47 1042
32 1305
29 1459
38 1043
28 1001
12 1094
44 1075
20 1199
35 1367
34 1009
16 1327
28 1119
28 1448
10 1025
42 1168
22 1182
11 1216
20 1300
33 1403
16 1186
42 1029
30 1049
25 1244
12 1379
12 1235
10 1035
14 1179
15 1216
38 1331
20 1085
49 1264
40 1480
20 1355
36 1244
27 1203
48 1336
29 1223
30 1067
34 1344
36 1308
18 1389
29 1427
12 1263
36 1320
35 1356
48 1240
36 1280
20 1158
23 1184
15 1495
23 1006
47 1490
20 1018
19 1160
15 1417
27 1203
26 1079
47 1056
25 1105
18 1080
35 1458
35 1151
39 1398
36 1075
24 1252
28 1494
22 1108
45 1351
30 1091
40 1344
21 1093
30 1219
26 1482
15 1319
43 1128
33 1263
38 1197
49 1492
32 1376
15 1066
10 1096
35 1137
16 1207
45 1068
29 1083
16 1058
33 1327
45 1490
46 1456
27 1207
26 1044
29 1018
26 1243
19 1178
23 1141
34 1458
43 1298
25 1493
28 1052
18 1170
34 1228
23 1472
31 1222
44 1119
26 1252
34 1461
29 1441
38 1379
41 1316
46 1232
16 1494
49 1271
32 1152
20 1249
36 1140
15 1002
35 1344
34 1383
13 1009
32 1273
24 1265
19 1274
31 1021
26 1320
49 1229
23 1206
17 1183
16 1428
22 1303
17 1161
38 1212
15 1204
42 1368
45 1307
32 1443
33 1019
13 1379
21 1102
17 1376
38 1073
44 1068
31 1189
48 1085
31 1008
27 1370
45 1366
18 1022
27 1114
25 1335
26 1418
45 1299
19 1169
45 1003
10 1440
12 1309
15 1314
45 1357
13 1473
18 1149
25 1265
39 1239
40 1116
10 1209
11 1069
49 1133
36 1248
18 1044
37 1048
29 1024
24 1185
43 1062
17 1137
23 1237
13 1032
21 1018
23 1078
25 1354
45 1246
11 1052
33 1178
24 1050
25 1016
17 1293
49 1487
18 1218
16 1313
16 1176
25 1096
13 1058
11 1032
11 1394
24 1204
29 1134
13 1389
42 1179
16 1156
43 1351
36 1390
26 1045
35 1025
48 1217
15 1130
42 1292
23 1058
49 1361
12 1344
21 1496
23 1284
19 1136
31 1328
44 1331
35 1432
34 1148
37 1074
38 1349
35 1030
11 1211
15 1170
37 1327
21 1380
15 1445
16 1136
29 1385
28 1078
46 1383
43 1396
41 1139
48 1245
26 1176
23 1435
36 1123
46 1380
47 1037
20 1184
10 1102
38 1261
12 1339
15 1039
12 1208
46 1194
18 1137
30 1279
12 1019
25 1253
33 1283
34 1413
22 1001
39 1343
41 1208
14 1263
14 1046
17 1267
37 1060
13 1242
45 1136
23 1063
36 1489
30 1417
28 1338
22 1126
32 1428
25 1469
10 1403
44 1352
48 1276
28 1192
17 1473
24 1004
37 1350
23 1187
11 1289
25 1459
42 1373
49 1372
14 1258
36 1169
28 1271
34 1045
19 1126
14 1458
24 1357
36 1057
46 1094
38 1040
35 1421
29 1418
20 1039
19 1095
44 1072
25 1353
17 1257
28 1288
10 1161
49 1104
47 1265
36 1368
12 1078
40 1017
48 1410
25 1396
39 1244
19 1236
38 1062
47 1208
37 1425
21 1129
10 1390
11 1097
37 1259
35 1325
29 1027
25 1430
31 1102
37 1178
32 1033
37 1305
12 1459
35 1276
12 1163
46 1131
31 1077
43 1414
48 1371
31 1419
48 1291
40 1362
12 1304
18 1138
26 1302
13 1242
27 1194
43 1427
17 1458
27 1349
31 1370
39 1378
11 1305
37 1418
40 1363
43 1361
12 1251
20 1008
25 1202
47 1404
49 1266
33 1319
47 1101
23 1200
33 1116
32 1089
10 1429
20 1027
36 1343
33 1084
39 1090
22 1487
33 1473
18 1040
27 1161
41 1355
18 1247
17 1327
14 1042
16 1208
10 1062
41 1330
43 1162
23 1486
45 1466
32 1171
15 1097
37 1070
11 1314
34 1398
21 1449
46 1338
31 1021
16 1063
37 1490
43 1169
49 1008
45 1016
30 1145
34 1113
18 1488
28 1083
25 1393
49 1262
48 1000
39 1100
22 1465
12 1204
43 1490
16 1087
49 1179
42 1497
19 1013
26 1329
26 1054
34 1432
38 1343
45 1489
24 1313
38 1059
38 1223
14 1145
42 1222
25 1301
45 1488
19 1383
37 1034
15 1155
45 1212
28 1304
24 1162
36 1039
24 1416
21 1286
47 1391
44 1370
42 1159
47 1313
27 1444
35 1323
14 1499
26 1363
20 1169
28 1187
12 1303
41 1423
22 1129
19 1133
23 1316
40 1320
46 1163
12 1274
33 1411
45 1279
47 1380
31 1406
24 1478
16 1262
24 1022
18 1292
15 1240
31 1167
49 1273
12 1382
14 1434
16 1195
41 1349
37 1076
23 1167
33 1042
31 1223
12 1096
45 1079
28 1265
12 1383
27 1294
49 1381
42 1053
20 1435
13 1359
45 1348
23 1472
15 1420
16 1430
47 1124
49 1298
38 1151
36 1304
14 1057
46 1105
10 1419
40 1066
36 1044
22 1400
16 1085
41 1188
24 1029
25 1006
29 1273
24 1404
22 1185
31 1026
43 1366
18 1077
28 1189
45 1465
46 1227
23 1164
15 1063
41 1484
42 1464
31 1404
12 1372
17 1200
34 1077
31 1029
23 1187
17 1296
17 1131
49 1309
42 1172
40 1332
24 1428
41 1215
28 1005
17 1156
20 1250
12 1425
18 1251
47 1383
30 1488
34 1372
17 1194
48 1116
36 1270
32 1089
21 1125
18 1173
11 1069
24 1252
47 1494
20 1432
31 1007
37 1004
15 1154
10 1261
43 1341
14 1007
33 1438
13 1349
42 1313
18 1039
12 1451
20 1309
16 1187
24 1416
46 1284
17 1257
19 1261
23 1184
32 1374
26 1194
12 1105
11 1383
49 1451
38 1006
25 1317
27 1342
43 1361
13 1365
37 1322
32 1309
16 1318
36 1264
35 1472
32 1078
41 1118
14 1477
40 1414
27 1437
29 1213
23 1425
27 1132
33 1389
38 1187
20 1495
35 1175
36 1093
38 1312
33 1009
20 1172
10 1241
19 1417
48 1170
39 1425
28 1335
37 1265
14 1434
27 1172
29 1411
42 1169
15 1186
39 1259
42 1403
33 1345
18 1370
44 1472
49 1436
16 1001
14 1319
32 1422
18 1213
10 1108
46 1045
49 1315