6500 3000
19 1473
12 1495
47 1147
38 1380
37 1017
39 1460
36 1171
36 1486
30 1323
20 1055
40 1470
37 1264
15 1169
45 1156
13 1496
17 1350
24 1416
19 1390
38 1375
19 1339
19 1420
43 1117
47 1372
46 1110
14 1193
36 1294
17 1039
36 1149
31 1405
36 1085
41 1170
22 1172
45 1447
23 1281
30 1013
45 1361
10 1024
27 1028
32 1375
44 1478
32 1455
31 1200
26 1133
48 1130
30 1273
36 1141
23 1056
41 1100
13 1248
36 1239
11 1135
11 1168
11 1031
10 1265
14 1196
27 1263
29 1175
45 1408
40 1178
44 1322
11 1414
13 1069
32 1035
39 1172
27 1269
25 1053
11 1380
44 1420
44 1297
32 1186
24 1373
11 1207
11 1253
27 1055
47 1103
15 1450
40 1095
24 1075
13 1309
44 1295
28 1331
47 1365
29 1341
17 1464
15 1369
31 1337
47 1261
42 1202
12 1098
39 1111
20 1117
19 1193
33 1475
15 1359
48 1030
26 1461
20 1328
39 1407
10 1006
16 1456
41 1309
14 1152
46 1345
19 1370
39 1051
20 1392
20 1433
48 1474
46 1096
41 1189
25 1272
29 1409
28 1486
33 1170
14 1405
27 1431
48 1262
42 1210
33 1162
21 1175
10 1348
20 1067
39 1081
14 1137
36 1491
19 1324
22 1194
21 1181
45 1162
26 1232
13 1056
14 1372
45 1139
15 1201
16 1114
40 1473
31 1239
33 1428
40 1423
10 1480
20 1000
19 1162
37 1197
26 1491
48 1006
28 1336
10 1184
49 1274
39 1325
46 1113
33 1126
13 1469
11 1164
31 1068
23 1085
40 1296
24 1105
43 1037
43 1199
20 1320
17 1014
37 1072
27 1351
35 1293
37 1089
31 1382
29 1022
17 1086
32 1145
10 1132
40 1463
46 1085
35 1082
14 1133
49 1218
18 1093
24 1003
27 1483
22 1093
24 1063
36 1040
46 1040
45 1287
47 1431
32 1482
32 1307
45 1143
27 1016
25 1361
20 1470
31 1238
10 1263
41 1206
35 1307
18 1126
37 1029
44 1496
39 1289
20 1311
31 1395
33 1275
18 1379
42 1460
36 1035
24 1236
42 1476
24 1182
42 1007
27 1120
24 1323
19 1458
49 1279
24 1363
22 1274
11 1011
16 1283
11 1210
32 1468
40 1261
30 1188
34 1158
33 1331
46 1183
11 1176
17 1187
40 1334
11 1457
17 1305
26 1173
30 1226
14 1165
20 1355
30 1171
17 1005
37 1268
41 1317
39 1326
37 1295
29 1416
12 1247
43 1338
32 1177
13 1080
20 1372
48 1106
12 1016
34 1376
28 1475
38 1086
49 1409
16 1074
13 1074
15 1006
22 1383
17 1343
23 1452
23 1158
43 1329
42 1117
39 1488
33 1392
45 1061
28 1290
35 1202
16 1031
25 1370
44 1461
29 1228
29 1054
48 1340
17 1306
22 1256
18 1160
41 1424
36 1434
19 1146
47 1371
10 1397
17 1208
15 1315
37 1105
22 1077
47 1371
19 1285
12 1290
45 1352
20 1489
22 1125
30 1008
43 1025
13 1338
39 1325
23 1200
25 1288
26 1246
17 1130
44 1149
23 1083
38 1313
31 1239
27 1100
19 1336
39 1003
24 1299
35 1268
26 1209
37 1144
32 1049
13 1047
34 1110
11 1090
48 1127
14 1471
18 1062
33 1057
41 1292
20 1105
11 1102
18 1371
20 1132
33 1281
38 1162
38 1154
25 1248
19 1285
45 1325
26 1253
45 1478
39 1443
38 1206
44 1432
44 1137
17 1468
47 1452
21 1029
31 1175
26 1029
29 1133
16 1296
25 1415
17 1095
43 1204
45 1191
35 1368
49 1030
48 1274
45 1447
17 1308
15 1347
35 1457
18 1285
37 1256
28 1312
28 1231
46 1385
15 1232
15 1315
30 1022
22 1319
49 1215
43 1184
14 1451
15 1154
47 1441
24 1071
18 1045
37 1095
22 1006
24 1376
48 1351
26 1259
41 1124
34 1303
14 1438
48 1368
49 1442
39 1333
18 1023
35 1123
12 1079
28 1201
20 1102
15 1109
24 1082
21 1395
25 1304
20 1440
24 1024
26 1048
15 1483
36 1472
17 1063
20 1424
35 1331
29 1268
31 1295
28 1000
40 1261
44 1401
36 1223
49 1058
28 1091
38 1456
30 1226
36 1489
32 1020
26 1031
18 1409
31 1428
10 1370
32 1025
26 1321
38 1041
28 1278
13 1288
16 1335
35 1403
10 1498
41 1076
30 1235
37 1240
38 1473
32 1210
22 1097
22 1292
13 1188
26 1419
20 1247
19 1455
20 1254
37 1402
38 1121
43 1387
10 1023
35 1225
26 1142
46 1318
46 1184
21 1384
15 1034
36 1447
37 1323
28 1112
30 1278
27 1141
17 1472
39 1456
30 1417
35 1124
31 1132
42 1261
32 1095
41 1482
31 1047
43 1258
24 1301
35 1359
49 1085
13 1447
47 1398
22 1340
42 1496
16 1264
29 1372
42 1280
17 1417
40 1301
35 1280
49 1401
13 1387
38 1378
10 1261
28 1204
27 1429
32 1180
30 1334
17 1117
47 1437
14 1482
15 1442
33 1136
49 1123
21 1320
38 1326
21 1461
47 1126
29 1263
15 1420
30 1384
48 1283
19 1079
35 1252
19 1316
46 1259
34 1344
30 1265
49 1085
28 1497
10 1364
23 1144
16 1203
16 1150
29 1375
13 1052
39 1155
35 1098
19 1380
37 1176
47 1308
48 1161
48 1495
47 1403
14 1058
19 1291
10 1498
19 1474
29 1303
43 1088
13 1231
44 1029
29 1275
27 1443
32 1253
27 1468
35 1282
42 1173
42 1383
32 1345
48 1418
32 1402
42 1406
33 1190
39 1365
21 1042
16 1028
22 1158
13 1226
26 1227
21 1003
27 1223
43 1214
16 1358
38 1099
25 1468
17 1068
10 1284
11 1410
20 1235
41 1276
29 1126
26 1486
48 1278
40 1498
45 1409
35 1420
29 1496
35 1354
15 1440
16 1312
37 1247
37 1125
25 1364
25 1325
20 1266
13 1097
40 1103
19 1311
23 1310
12 1003
34 1494
19 1230
19 1351
43 1387
46 1355
17 1046
44 1332
22 1270
24 1310
30 1258
38 1198
10 1060
31 1224
15 1287
49 1221
20 1334
47 1368
15 1373
41 1466
20 1134
30 1088
19 1337
17 1471
24 1440
40 1125
39 1207
22 1304
35 1284
42 1065
25 1024
37 1310
42 1288
30 1093
21 1340
45 1445
34 1100
23 1361
24 1438
37 1072
19 1001
33 1444
16 1486
21 1198
45 1344
45 1027
48 1114
18 1422
13 1130
13 1313
42 1145
32 1451
27 1089
41 1410
42 1112
15 1464
20 1444
12 1406
43 1111
44 1473
31 1353
38 1111
48 1459
39 1312
31 1011
41 1136
31 1021
27 1145
37 1243
10 1001
27 1498
41 1488
11 1290
39 1412
12 1186
43 1221
21 1290
21 1154
43 1200
12 1493
39 1376
25 1393
43 1189
14 1081
12 1252
45 1303
16 1110
35 1291
10 1095
25 1160
31 1137
15 1440
46 1109
45 1098
22 1178
35 1003
31 1106
32 1303
18 1030
44 1043
16 1176
47 1067
30 1427
47 1327
39 1050
47 1221
42 1298
48 1491
46 1136
13 1298
24 1167
43 1409
39 1430
34 1313
39 1270
25 1466
14 1421
20 1473
25 1066
29 1406
14 1247
25 1249
10 1365
45 1344
39 1207
38 1178
29 1181
31 1067
20 1005
38 1311
13 1396
46 1316
18 1282
35 1451
43 1109
21 1067
19 1127
24 1200
24 1119
15 1239
10 1498
15 1177
35 1331
10 1266
25 1132
14 1142
28 1210
37 1264
17 1298
49 1136
18 1267
28 1033
32 1433
14 1468
49 1091
18 1121
45 1472
12 1151
37 1245
44 1458
10 1475
34 1298
12 1311
17 1024
32 1386
26 1127
11 1073
23 1466
21 1085
27 1189
41 1271
43 1206
45 1194
18 1147
26 1171
37 1076
38 1410
43 1368
18 1320
41 1217
27 1432
16 1315
25 1155
37 1072
17 1274
41 1352
29 1313
31 1110
42 1091
49 1014
31 1023
39 1253
48 1319
31 1029
12 1249
10 1086
45 1190
45 1291
38 1060
49 1278
24 1195
25 1394
24 1475
48 1434
27 1122
10 1204
22 1361
23 1223
46 1322
24 1155
42 1093
10 1390
18 1416
48 1268
41 1398
38 1273
34 1283
37 1156
46 1273
20 1032
42 1449
12 1484
18 1307
16 1248
24 1125
24 1283
29 1285
27 1466
23 1151
14 1403
40 1164
42 1182
39 1171
38 1205
23 1034
18 1214
16 1312
10 1419
29 1077
40 1479
20 1020
36 1481
40 1214
34 1012
49 1449
22 1079
17 1443
20 1392
34 1258
35 1071
45 1048
26 1200
13 1127
16 1024
12 1225
39 1106
27 1467
43 1316
16 1475
46 1290
27 1473
31 1304
44 1365
27 1094
46 1399
19 1375
16 1473
10 1392
15 1411
12 1234
42 1372
25 1351
48 1176
19 1277
43 1406
49 1368
48 1440
43 1421
41 1447
33 1039
36 1192
14 1085
22 1425
16 1053
39 1042
42 1089
11 1241
46 1340
13 1277
34 1413
34 1238
39 1174
29 1473
27 1328
13 1316
45 1078
49 1301
26 1320
28 1158
45 1444
15 1363
36 1218
22 1180
35 1300
17 1353
46 1189
23 1085
40 1133
15 1300
16 1055
36 1353
33 1276
24 1133
47 1328
26 1492
25 1038
41 1439
49 1011
40 1339
11 1367
22 1201
15 1430
19 1008
32 1446
11 1366
38 1249
31 1354
26 1055
22 1181
13 1088
37 1473
49 1001
31 1486
10 1392
27 1331
20 1418
10 1157
26 1469
20 1285
26 1428
14 1112
19 1073
32 1318
49 1100
40 1134
48 1139
10 1272
29 1035
43 1031
40 1369
37 1022
35 1286
15 1001
46 1386
43 1290
22 1099
14 1083
29 1417
31 1426
41 1223
35 1209
30 1200
39 1472
30 1251
43 1091
11 1132
42 1454
23 1146
17 1001
15 1059
33 1450
41 1225
27 1004
32 1403
45 1228
38 1302
42 1057
15 1020
24 1118
17 1205
19 1428
25 1091
16 1188
29 1224
43 1463
45 1046
12 1283
28 1099
32 1428
38 1267
48 1359
44 1238
42 1492
16 1069
28 1105
24 1381
48 1018
12 1466
11 1061
43 1162
22 1031
25 1304
12 1044
19 1413
37 1080
27 1329
27 1100
30 1217
44 1279
42 1132
42 1367
42 1355
10 1439
24 1249
26 1201
29 1337
17 1468
19 1310
48 1188
39 1358
15 1362
44 1268
20 1063
24 1403
43 1230
23 1246
28 1052
24 1214
16 1265
24 1250
41 1066
48 1225
45 1087
34 1109
16 1108
47 1295
16 1069
24 1466
10 1201
42 1356
36 1240
29 1035
47 1257
44 1167
27 1325
13 1021
25 1088
13 1104
14 1154
42 1372
26 1315
19 1117
24 1092
15 1037
22 1491
39 1092
18 1283
16 1019
29 1078
47 1210
44 1443
39 1144
37 1287
47 1027
22 1185
28 1349
11 1014
34 1123
44 1018
27 1196
32 1254
44 1223
17 1118
17 1394
20 1118
19 1410
18 1176
19 1103
28 1129
28 1174
15 1366
47 1135
26 1269
40 1417
25 1153
46 1158
19 1002
43 1103
27 1029
21 1279
36 1273
16 1498
38 1426
27 1343
32 1405
34 1097
38 1102
29 1403
37 1270
43 1231
36 1259
27 1324
15 1293
33 1354
24 1149
40 1154
38 1376
33 1439
29 1050
49 1337
46 1305
11 1174
35 1309
34 1390
13 1134
45 1318
25 1291
33 1222
30 1193
13 1123
40 1431
41 1084
24 1382
40 1184
10 1117
31 1204
10 1131
45 1411
40 1140
48 1043
24 1273
41 1407
35 1006
47 1271
24 1333
34 1353
17 1393
36 1403
22 1376
23 1372
22 1378
38 1028
22 1169
46 1118
11 1140
33 1442
40 1100
26 1048
22 1452
21 1262
24 1447
41 1111
37 1438
11 1360
26 1139
22 1001
37 1171
10 1491
34 1330
33 1027
41 1004
24 1074
31 1378
25 1408
20 1091
15 1334
45 1413
10 1451
21 1265
17 1244
31 1239
24 1119
36 1178
47 1263
45 1458
27 1313
30 1258
26 1458
22 1384
43 1017
35 1006
48 1098
30 1337
30 1289
26 1103
46 1351
11 1074
10 1340
24 1309
36 1003
37 1468
43 1284
29 1108
24 1162
23 1375
36 1126
15 1010
12 1046
24 1397
15 1090
32 1496
36 1262
47 1062
20 1102
48 1306
31 1063
37 1416
13 1059
41 1344
29 1170
40 1070
39 1212
24 1357
20 1421
46 1304
14 1386
40 1032
13 1119
34 1493
37 1065
26 1047
31 1148
19 1338
28 1257
20 1322
41 1251
33 1498
27 1390
46 1083
25 1212
41 1139
15 1209
47 1268
37 1329
23 1305
34 1361
17 1104
25 1203
45 1442
38 1274
28 1301
24 1464
39 1102
46 1159
47 1254
15 1155
33 1015
19 1288
12 1368
43 1220
18 1415
36 1323
42 1489
48 1362
23 1456
28 1302
41 1466
14 1494
27 1467
11 1336
47 1328
15 1282
42 1273
24 1143
40 1214
42 1361
39 1358
47 1296
39 1036
14 1424
22 1431
36 1008
23 1223
14 1400
18 1485
16 1268
14 1037
18 1067
12 1389
21 1480
27 1421
22 1016
17 1093
30 1214
34 1410
29 1258
37 1384
35 1084
41 1085
47 1191
24 1118
10 1422
26 1272
21 1472
48 1102
30 1111
41 1362
47 1362
23 1192
45 1113
19 1348
23 1111
20 1463
49 1015
16 1449
31 1041
49 1442
18 1075
23 1286
12 1088
40 1022
18 1324
36 1097
47 1012
22 1412
45 1453
40 1264
30 1174
49 1124
22 1078
25 1364
35 1348
12 1344
32 1326
15 1169
11 1408
26 1425
11 1038
36 1098
10 1498
20 1335
37 1152
34 1171
19 1077
44 1331
45 1353
21 1027
44 1110
31 1438
33 1250
44 1214
14 1190
13 1320
29 1087
11 1079
10 1218
40 1279
13 1248
14 1355
31 1198
49 1049
31 1247
48 1325
33 1244
34 1284
30 1065
11 1314
33 1253
36 1479
37 1137
21 1077
26 1096
27 1241
18 1415
19 1417
11 1233
40 1356
45 1117
40 1309
33 1265
30 1451
36 1035
10 1025
46 1369
22 1113
45 1298
49 1063
39 1406
32 1174
40 1043
23 1205
42 1336
42 1348
14 1270
25 1162
39 1499
36 1102
39 1013
31 1452
45 1032
48 1261
24 1078
25 1139
34 1148
24 1390
32 1216
26 1459
41 1272
11 1479
10 1425
31 1402
21 1310
24 1331
14 1117
19 1374
35 1131
11 1148
17 1030
13 1406
18 1133
16 1206
14 1283
29 1316
17 1177
11 1432
18 1313
14 1024
14 1313
48 1289
12 1053
41 1344
36 1453
42 1496
17 1406
49 1373
31 1359
45 1340
29 1338
39 1131
49 1225
31 1155
31 1435
39 1082
41 1308
48 1293
28 1276
32 1443
32 1191
46 1035
24 1212
47 1178
14 1021
26 1473
42 1460
30 1354
23 1467
37 1230
12 1385
32 1257
34 1173
30 1208
39 1341
46 1165
31 1162
11 1259
37 1479
27 1303
32 1189
12 1106
36 1395
10 1440
39 1392
47 1147
12 1407
12 1030
31 1393
37 1485
25 1321
25 1474
21 1339
14 1153
45 1291
45 1401
15 1476
15 1313
17 1435
28 1452
25 1145
36 1487
11 1165
48 1084
33 1049
13 1277
12 1045
16 1085
47 1337
14 1110
19 1414
19 1087
22 1022
48 1117
41 1249
27 1039
42 1447
20 1453
14 1311
35 1318
15 1082
32 1453
20 1138
37 1211
36 1334
34 1145
14 1152
16 1220
13 1177
14 1020
18 1340
32 1275
14 1032
35 1399
34 1033
15 1378
13 1203
24 1128
25 1017
19 1474
47 1064
31 1456
42 1206
45 1421
22 1116
33 1154
20 1453
43 1055
37 1415
42 1180
19 1166
24 1195
15 1167
17 1126
49 1402
17 1246
32 1078
37 1292
26 1314
46 1327
20 1478
17 1350
11 1493
36 1180
14 1121
37 1459
44 1304
23 1444
35 1436
17 1355
46 1296
19 1493
46 1020
40 1202
13 1009
33 1031
31 1162
42 1442
47 1373
30 1070
39 1160
33 1481
11 1250
48 1387
27 1361
16 1261
28 1238
12 1056
17 1460
28 1269
38 1490
41 1181
25 1181
34 1199
49 1134
25 1189
36 1204
19 1308
35 1385
23 1006
11 1010
23 1480
17 1227
28 1319
37 1356
14 1233
11 1030
24 1091
34 1493
37 1040
18 1274
28 1069
17 1047
47 1444
34 1030
12 1367
13 1321
34 1201
29 1190
16 1315
42 1101
26 1053
14 1264
40 1014
39 1066
30 1490
30 1311
17 1000
19 1207
42 1356
14 1480
42 1239
41 1383
10 1148
29 1165
46 1479
23 1268
21 1078
46 1037
17 1463
21 1414
16 1486
22 1264
10 1366
40 1376
37 1444
16 1258
35 1295
17 1351
24 1277
16 1013
35 1149
11 1447
16 1302
15 1308
19 1173
32 1411
17 1492
18 1186
30 1065
46 1058
17 1279
30 1354
33 1377
37 1202
32 1390
22 1270
15 1254
38 1213
43 1175
25 1365
32 1408
37 1439
30 1306
31 1352
14 1148
40 1245
42 1184
20 1015
14 1412
44 1415
44 1355
21 1035
49 1085
10 1340
28 1273
44 1313
35 1038
23 1452
12 1466
48 1350
24 1112
19 1215
31 1047
22 1313
15 1003
28 1437
13 1190
40 1069
10 1411
41 1038
19 1481
11 1158
26 1198
26 1089
39 1232
16 1367
33 1053
11 1058
31 1260
34 1043
13 1352
21 1379
22 1470
35 1204
47 1360
28 1331
11 1220
25 1203
44 1478
36 1014
28 1398
39 1117
39 1474
25 1451
15 1423
24 1322
27 1484
47 1439
21 1390
19 1237
35 1377
15 1120
16 1180
16 1280
30 1116
44 1341
33 1229
39 1348
38 1246
41 1450
29 1077
24 1071
13 1317
46 1408
10 1332
30 1435
29 1084
12 1010
23 1249
12 1139
22 1486
30 1210
11 1443
26 1094
45 1199
33 1101
19 1253
12 1111
34 1462
34 1466
30 1435
49 1326
22 1412
23 1133
30 1426
20 1127
49 1126
16 1475
25 1370
13 1088
30 1366
33 1376
26 1460
25 1030
37 1018
24 1411
45 1183
26 1429
20 1341
43 1156
37 1094
40 1330
28 1006
27 1115
37 1330
21 1485
38 1129
49 1127
13 1234
32 1374
35 1412
10 1431
46 1394
37 1103
31 1027
26 1015
45 1247
35 1056
23 1018
14 1191
41 1124
45 1244
11 1229
43 1043
12 1403
34 1306
48 1241
17 1008
11 1460
49 1241
25 1074
49 1065
23 1219
19 1153
45 1497
20 1213
34 1001
35 1004
14 1340
48 1258
28 1358
33 1098
29 1337
43 1288
14 1399
31 1486
17 1207
37 1133
39 1492
19 1367
26 1167
49 1048
46 1417
24 1425
41 1374
42 1276
41 1017
44 1462
24 1488
31 1413
23 1402
26 1195
25 1340
39 1497
36 1210
22 1286
11 1082
42 1301
26 1498
20 1206
39 1402
34 1116
38 1143
35 1431
14 1211
29 1280
38 1302
26 1196
43 1479
39 1440
29 1480
35 1202
16 1324
18 1421
35 1175
49 1140
12 1316
34 1075
11 1219
34 1133
22 1245
45 1465
45 1309
22 1402
47 1181
43 1202
37 1048
45 1135
19 1378
15 1111
43 1404
19 1054
32 1401
48 1452
14 1307
36 1432
10 1363
26 1351
12 1348
44 1080
16 1134
45 1078
37 1248
14 1143
18 1223
11 1437
35 1405
14 1231
42 1071
17 1237
47 1322
29 1374
44 1348
18 1328
33 1388
38 1190
40 1052
13 1319
10 1466
37 1297
24 1487
35 1284
29 1059
44 1000
40 1210
26 1163
36 1009
48 1181
21 1210
30 1139
27 1095
39 1232
23 1134
38 1161
43 1154
33 1393
26 1006
12 1167
18 1126
29 1456
42 1241
13 1086
21 1248
38 1151
27 1246
37 1395
16 1214
21 1222
22 1230
34 1353
31 1028
20 1014
17 1487
41 1174
10 1471
37 1229
24 1438
10 1433
45 1227
11 1346
49 1185
43 1291
29 1283
17 1379
46 1381
38 1441
13 1145
25 1067
35 1494
24 1469
24 1066
39 1354
33 1447
30 1170
19 1241
40 1342
23 1163
31 1410
41 1249
27 1356
10 1477
38 1381
19 1423
38 1315
17 1009
39 1380
33 1455
40 1315
19 1161
21 1208
11 1272
13 1272
12 1276
33 1327
15 1412
20 1339
36 1028
41 1025
49 1351
15 1044
24 1130
29 1466
21 1097
25 1429
10 1461
49 1161
44 1405
40 1089
15 1356
29 1379
39 1348
36 1289
11 1499
43 1068
42 1129
19 1462
30 1472
36 1445
45 1312
36 1425
13 1141
24 1270
31 1315
19 1195
13 1478
49 1115
24 1218
27 1055
41 1244
13 1294
46 1235
38 1351
47 1378
49 1073
16 1030
41 1122
46 1038
37 1111
12 1057
39 1038
46 1004
15 1062
30 1437
19 1117
19 1000
48 1277
37 1403
48 1046
39 1479
27 1123
45 1159
26 1230
47 1308
11 1364
18 1157
31 1191
34 1035
48 1143
35 1027
18 1443
28 1281
18 1466
15 1074
47 1491
14 1155
19 1155
14 1122
38 1222
40 1289
15 1281
48 1201
14 1142
32 1311
32 1482
31 1022
16 1334
20 1366
38 1340
45 1372
32 1063
15 1004
14 1497
27 1074
49 1025
32 1145
39 1451
24 1417
43 1336
17 1193
39 1249
30 1343
12 1143
13 1099
44 1435
41 1026
10 1357
40 1000
35 1402
48 1038
27 1168
49 1297
17 1140
13 1248
18 1058
30 1136
28 1045
27 1488
38 1035
22 1321
49 1397
26 1115
45 1439
21 1349
32 1080
46 1379
34 1322
27 1455
18 1317
19 1401
21 1150
28 1204
16 1022
20 1227
15 1371
26 1106
31 1315
12 1196
29 1033
18 1323
41 1424
33 1160
20 1488
47 1469
33 1385
43 1450
40 1444
21 1095
28 1333
17 1195
10 1068
46 1401
45 1323
34 1020
45 1481
35 1414
31 1417
21 1429
10 1370
43 1044
41 1456
36 1406
25 1015
19 1205
17 1016
44 1117
37 1277
30 1276
41 1348
37 1252
48 1326
20 1438
25 1460
31 1347
31 1259
10 1062
13 1172
23 1314
19 1005
36 1274
32 1168
33 1112
45 1340
47 1407
36 1099
39 1296
46 1196
45 1490
28 1018
26 1132
41 1009
32 1239
45 1079
42 1008
19 1210
14 1226
21 1017
34 1314
38 1416
17 1412
47 1133
26 1230
46 1263
13 1308
30 1191
45 1323
35 1133
17 1457
20 1364
24 1359
32 1412
41 1175
46 1249
33 1382
28 1403
11 1382
26 1480
44 1394
29 1178
35 1343
35 1454
34 1451
10 1290
18 1246
14 1478
47 1243
33 1458
35 1174
11 1482
38 1376
29 1173
49 1215
19 1159
22 1077
39 1182
36 1221
49 1074
39 1426
27 1388
26 1100
15 1428
36 1321
30 1379
24 1339
41 1427
42 1236
22 1013
47 1055
13 1092
31 1092
10 1231
16 1271
20 1202
39 1085
49 1393
24 1466
48 1015
14 1473
18 1358
43 1357
29 1321
34 1441
40 1446
38 1446
25 1147
15 1405
34 1280
12 1400
33 1331
41 1425
49 1047
47 1419
14 1122
33 1152
29 1006
45 1334
47 1303
44 1375
24 1291
37 1447
44 1040
11 1360
34 1164
30 1081
28 1269
23 1208
28 1140
24 1245
35 1412
24 1296
31 1480
11 1258
25 1215
23 1470
26 1199
45 1323
39 1110
14 1118
13 1206
24 1263
33 1418
42 1022
22 1295
31 1217
48 1266
28 1270
24 1365
13 1189
38 1017
19 1191
12 1290
34 1442
24 1013
46 1271
34 1060
17 1395
18 1342
11 1066
12 1238
16 1173
36 1449
34 1401
31 1373
32 1471
23 1310
22 1142
17 1399
18 1326
27 1479
46 1093
11 1315
32 1345
47 1409
49 1202
14 1336
32 1256
20 1402
21 1340
26 1152
28 1358
20 1305
27 1132
11 1275
23 1282
30 1456
16 1378
20 1019
31 1438
34 1454
14 1246
20 1017
12 1191
40 1194
11 1311
35 1079
31 1444
41 1440
39 1494
35 1162
11 1028
45 1015
13 1416
37 1197
46 1343
27 1098
10 1041
49 1137
47 1461
39 1360
44 1476
14 1410
15 1104
45 1497
26 1364
18 1106
34 1076
28 1309
24 1091
10 1302
19 1284
13 1119
44 1178
38 1079
30 1390
20 1138
22 1133
15 1020
13 1357
47 1305
39 1084
13 1177
14 1203
15 1491
28 1103
19 1175
25 1028
17 1099
21 1066
20 1388
49 1486
23 1462
18 1489
11 1210
35 1394
29 1371
15 1455
14 1478
13 1399
20 1180
12 1227
19 1389
36 1153
19 1010
30 1020
23 1037
18 1048
48 1283
48 1310
25 1125
22 1396
25 1155
46 1291
44 1410
36 1232
11 1216
42 1300
39 1221
30 1028
20 1405
18 1091
30 1181
17 1456
31 1233
38 1182
29 1216
49 1040
45 1292
48 1346
25 1337
31 1482
20 1352
39 1160
27 1201
44 1064
27 1256
17 1181
12 1335
33 1090
24 1422
31 1011
28 1035
30 1053
45 1439
38 1072
22 1151
11 1094
32 1298
40 1120
23 1113
39 1188
47 1236
44 1421
13 1459
33 1179
36 1216
26 1286
38 1247
33 1166
26 1477
31 1161
48 1087
29 1489
46 1293
36 1031
49 1325
27 1453
48 1449
41 1009
30 1066
17 1027
32 1436
16 1219
30 1324
42 1424
17 1236
31 1074
46 1170
35 1060
38 1478
42 1453
33 1103
18 1049
16 1244
40 1016
34 1293
10 1354
45 1155
16 1481
31 1471
20 1370
43 1459
33 1290
24 1289
18 1187
12 1397
10 1383
47 1452
14 1276
42 1370
11 1202
32 1400
19 1431
26 1328
38 1198
10 1488
44 1145
27 1368
32 1347
36 1355
41 1493
21 1242
17 1488
44 1359
30 1309
49 1228
31 1359
24 1184
37 1284
21 1358
24 1039
35 1188
23 1075
10 1201
43 1486
22 1384
20 1143
24 1165
13 1464
34 1184
19 1014
17 1007
15 1386
14 1475
34 1247
36 1460
48 1355
26 1284
26 1322
26 1307
22 1001
15 1419
20 1193
34 1327
20 1104
22 1403
12 1308
11 1477
10 1181
10 1154
21 1490
36 1191
32 1351
29 1106
33 1322
26 1143
13 1256
31 1414
28 1471
16 1130
34 1109
31 1196
25 1024
34 1160
17 1108
41 1426
27 1143
38 1262
10 1169
46 1244
34 1302
32 1375
12 1128
42 1145
28 1211
24 1481
27 1206
48 1122
39 1201
10 1264
29 1156
22 1152
41 1418
33 1077
11 1115
23 1385
12 1423
35 1091
37 1291
25 1138
32 1451
30 1317
48 1489
42 1193
18 1012
21 1287
27 1072
12 1204
14 1127
15 1107
23 1056
34 1172
20 1075
19 1335
36 1413
46 1252
38 1443
30 1246
37 1172
27 1013
23 1244
29 1370
31 1194
48 1007
29 1400
16 1440
41 1267
29 1456
34 1279
33 1316
19 1185
19 1257
31 1409
21 1015
13 1484
36 1481
28 1490
38 1453
40 1205
32 1290
22 1118
23 1061
40 1023
11 1182
37 1134
40 1261
49 1158
42 1482
40 1312
26 1258
37 1052
37 1062
26 1222
40 1421
44 1325
34 1425
19 1004
10 1069
15 1151
31 1238
28 1357
30 1450
27 1075
38 1417
26 1141
27 1227
28 1176
47 1021
11 1387
23 1309
27 1355
26 1171
32 1202
11 1068
31 1353
39 1172
16 1447
32 1260
15 1248
32 1496
26 1108
47 1385
19 1369
16 1142
49 1235
40 1005
48 1490
39 1133
44 1182
44 1373
47 1376
21 1442
26 1184
43 1232
45 1259
43 1168
24 1275
45 1454
28 1404
18 1427
10 1409
45 1267
38 1270
31 1094
44 1018
34 1051
46 1203
38 1093
14 1189
44 1471
18 1463
10 1211
49 1171
37 1322
27 1454
20 1124
21 1101
46 1073
35 1493
33 1276
34 1455
12 1239
46 1199
26 1078
23 1473
29 1108
11 1451
33 1091
26 1059
35 1319
21 1266
28 1423
35 1121
35 1147
10 1011
41 1453
20 1418
46 1336
37 1434
11 1365
18 1205
14 1047
34 1293
47 1021
10 1003
32 1431
30 1297
45 1049
38 1066
25 1077
46 1342
10 1497
27 1327
42 1270
47 1157
37 1045
38 1321
46 1266
32 1284
28 1121
39 1273
32 1006
10 1286
32 1415
11 1398
21 1431
45 1024
25 1468
46 1064
34 1297
35 1042
37 1215
43 1135
30 1487
48 1444
46 1002
33 1170
38 1200
31 1034
24 1232
17 1359
32 1198
22 1219
42 1426
41 1126
39 1116
24 1475
10 1251
33 1209
42 1207
32 1432
12 1043
30 1403
22 1258
39 1385
11 1373
16 1247
39 1274
21 1339
13 1320
26 1283
34 1037
39 1314
25 1420
27 1458
26 1080
24 1027
13 1127
38 1007
18 1157
34 1382
43 1475
25 1154
23 1400
22 1289
44 1384
12 1291
48 1331
37 1485
17 1457
28 1191
44 1155
17 1348
32 1142
47 1049
43 1254
18 1168
12 1400
34 1495
27 1351
12 1393
35 1285
18 1217
17 1061
49 1294
45 1423
30 1395
11 1040
24 1458
10 1079
11 1265
20 1447
18 1309
44 1485
29 1485
33 1448
27 1359
30 1469
31 1127
33 1273
20 1313
15 1485
10 1229
42 1406
27 1180
12 1036
38 1321
29 1242
25 1327
27 1126
39 1025
41 1209
42 1326
25 1351
37 1180
26 1121
48 1008
24 1494
24 1216
44 1415
15 1294
30 1467
46 1091
13 1120
10 1431
47 1375
12 1413
47 1184
11 1400
19 1266
36 1029
35 1100
41 1335
18 1201
34 1322
27 1155
13 1178
38 1122
23 1428
14 1350
41 1098
17 1468
49 1193
39 1045
43 1181
17 1416
36 1335
28 1158
33 1020
34 1135
10 1068
46 1278
47 1091
23 1352
40 1023
13 1035
31 1203
48 1331
29 1340
14 1447
39 1427
42 1332
49 1478
21 1035
34 1103
21 1035
29 1142
39 1171
15 1047
34 1149
33 1457
20 1187
46 1239
39 1072
27 1126
32 1222
18 1436
31 1289
25 1309
23 1066
43 1020
48 1076
36 1076
32 1112
24 1315
22 1067
14 1264
36 1335
48 1058
31 1154
37 1003
18 1271
12 1412
14 1404
34 1199
20 1418
26 1013
47 1218
37 1005
33 1160
45 1132
22 1136
27 1462
24 1467
38 1249
10 1325
38 1221
13 1018
45 1175
38 1089
33 1341
38 1252
30 1218
41 1249
21 1445
25 1196
31 1316
23 1274
20 1325
22 1231
17 1391
41 1247
31 1482
34 1140
36 1419
29 1146
38 1143
19 1309
32 1029
35 1191
40 1042
27 1000
33 1370
32 1086
43 1122
20 1436
49 1352
31 1476
29 1202
14 1425
28 1497
40 1345
13 1039
42 1143
26 1089
16 1010
22 1245
32 1335
38 1129
12 1270
15 1157
18 1285
23 1203
32 1342
30 1317
45 1389
39 1054
37 1409
29 1434
29 1071
36 1385
39 1379
39 1490
16 1135
31 1406
33 1420
19 1388
27 1036
10 1492
40 1227
17 1245
43 1153
40 1206
18 1011
33 1419
36 1134
17 1444
18 1224
44 1073
30 1360
34 1309
11 1013
42 1280
45 1184
42 1487
36 1472
45 1466
16 1168
23 1405
30 1375
37 1378
10 1145
28 1302
37 1274
38 1373
13 1357
12 1067
45 1379
17 1042
31 1109
17 1158
49 1220
35 1227
21 1116
25 1065
45 1106
42 1102
24 1468
35 1175
38 1356
42 1004
35 1416
20 1378
22 1449
47 1409
30 1352
39 1174
26 1126
38 1047
33 1494
33 1057
34 1308
34 1093
46 1487
34 1065
14 1260
46 1165
27 1173
30 1208
28 1272
40 1143
22 1467
11 1009
10 1222
49 1266
10 1312
44 1313
27 1436
45 1350
15 1000
35 1092
24 1261
29 1219
35 1295
13 1343
32 1123
48 1182
45 1497
24 1390
12 1152
47 1094
18 1263
16 1400
17 1427
23 1106
41 1110
33 1267
30 1050
27 1056
19 1418
29 1167
33 1420
38 1076
41 1039
11 1133
37 1331
30 1321
46 1329
31 1024
40 1435
22 1156
25 1340
42 1069
11 1210
24 1199
32 1135
30 1099
40 1421
43 1202
27 1362
41 1340
27 1488
10 1293
48 1089
45 1165
29 1091
14 1138
35 1209
47 1206
44 1190
42 1252
12 1278
42 1403
21 1095
43 1148
11 1196
17 1496
11 1094
14 1280
25 1016
24 1388
12 1057
32 1184
26 1087
39 1182
15 1029
44 1364
23 1007
31 1396
31 1181
39 1433
39 1009
46 1337
30 1376
33 1462
47 1272
25 1401
17 1370
20 1099
45 1074
39 1188
11 1208
18 1102
22 1277
43 1355
43 1490
15 1492
42 1403
30 1030
10 1294
28 1330
46 1046
20 1146
30 1289
22 1168
47 1397
32 1074
29 1164
21 1350
28 1476
42 1021
37 1306
22 1210
20 1319
26 1025
37 1304
15 1455
43 1022
21 1167
27 1105
43 1077
16 1087
44 1460
46 1045
42 1086
38 1117
45 1118
14 1000
13 1326
14 1413
45 1120
19 1226
13 1106
29 1455
34 1098
12 1495
29 1427
19 1411
36 1052
27 1052
22 1062
29 1045
25 1475
13 1211
49 1156
28 1477
44 1154
45 1395
48 1266
46 1312
44 1118
17 1338
17 1459
39 1035
13 1098
41 1196
24 1080
36 1371
26 1053
18 1451
28 1091
45 1293
15 1444
20 1164
42 1036
17 1173
40 1136
26 1250
26 1254
38 1130
31 1024
29 1132
33 1384
21 1285
20 1078
21 1206
29 1307
30 1268
15 1036
24 1055
25 1445
21 1322
48 1060
32 1382
19 1418
40 1295
26 1404
27 1226
44 1230
38 1471
22 1325
12 1369
27 1488
26 1405
15 1101
20 1498
37 1049
39 1088
13 1217
22 1332
22 1233
45 1267
37 1131
36 1469
29 1008
26 1127
22 1093
35 1133
36 1494
15 1180
47 1014
31 1410
34 1084
25 1043
49 1116
39 1341
30 1073
11 1448
47 1124
36 1105
39 1457
47 1491
26 1388
38 1063
25 1248
41 1067
29 1439
24 1325
30 1405
44 1392
41 1258
26 1235
35 1176
12 1400
40 1321
44 1220
23 1032
42 1212
45 1448
13 1352
19 1332
12 1418
41 1121
13 1374
24 1047
16 1278
49 1046
37 1323
40 1192
24 1027
11 1267
48 1460
36 1146
33 1344
29 1265
13 1304
46 1314
39 1450
29 1474
45 1035
20 1138
39 1179
49 1039
44 1146
36 1394
44 1342
24 1462
22 1454
27 1378
29 1009
35 1208
36 1009
22 1341
47 1351
33 1487
33 1208
48 1313
49 1432
15 1156
15 1354
16 1163
45 1489
27 1395
27 1081
46 1138
14 1483
33 1456
20 1469
21 1455
15 1495
24 1333
16 1375
44 1307
35 1253
48 1222
40 1072
29 1491
30 1490
38 1456
49 1333
43 1484
32 1045
33 1257
17 1401
38 1047
45 1498
20 1280
11 1111
26 1387
18 1050
13 1335
32 1333
25 1136
22 1042
47 1336
20 1125
45 1103
22 1150
13 1367
46 1062
33 1200
36 1023
14 1205
10 1120
12 1167
11 1008
32 1213
14 1020
39 1490
14 1276
11 1445
19 1490
24 1254
47 1247
19 1478
16 1024
13 1270
47 1024
28 1016
37 1376
28 1003
33 1174
26 1183
43 1023
18 1319
30 1301
26 1047
18 1099
18 1194
48 1067
47 1190
30 1135
16 1089
16 1136
25 1246
17 1132
17 1186
36 1197
17 1041
12 1034
49 1400
22 1178
30 1072
16 1392
41 1141
31 1150
24 1223
19 1361
14 1283
22 1158
24 1375
41 1046
18 1334
46 1476
26 1173
29 1171
42 1286
48 1356
21 1203
14 1035
22 1417
26 1128
27 1498
36 1173
36 1282
45 1381
17 1272
15 1172
14 1130
33 1140
16 1181
47 1056
43 1052
24 1157
10 1425
33 1195
46 1051
22 1325
46 1381
10 1389
28 1311
11 1158
19 1487
10 1420
15 1376
19 1351
23 1384
19 1157
29 1195
49 1077
12 1304
42 1175
42 1399
30 1465
22 1289
13 1356
23 1108
48 1363
22 1401
24 1454
31 1196
43 1150
44 1473
38 1292
15 1066
22 1055
23 1212
26 1242
18 1239
30 1479
46 1135
33 1312
29 1238
28 1259
42 1357
19 1209
42 1064
29 1253
40 1048
41 1097
24 1228
32 1118
20 1409
29 1370
41 1288
28 1431
38 1432
34 1457
14 1445
40 1490
40 1453
11 1150
10 1061
41 1187
45 1417
25 1275
27 1172
31 1224
13 1101
23 1135
13 1205
44 1150
13 1181
13 1246
25 1217
20 1029
29 1063
24 1275
22 1264
26 1240
29 1226
25 1053
30 1306
32 1121
23 1082
16 1136
28 1100
20 1349
18 1015
22 1262
15 1181
16 1455
36 1295
14 1301
17 1268
42 1061
36 1429
37 1195
14 1455
27 1486
19 1178
16 1410
36 1116
26 1297
45 1235
11 1442
47 1165
13 1440
22 1495
25 1280
23 1229
33 1207
14 1058
37 1380
26 1138
34 1082
18 1319
41 1416
42 1451
36 1076
41 1344
33 1005
34 1391
17 1297
10 1309
16 1336
40 1490
40 1362
33 1312
29 1237
19 1156
28 1258
17 1232
37 1059
39 1275
48 1319
23 1280
14 1121
41 1167
45 1335
45 1355
10 1043
30 1368
34 1079
16 1035
47 1359
33 1132
31 1286
32 1428
12 1007
27 1366
11 1122
12 1376
10 1141
34 1158
22 1143
42 1304
35 1068
28 1396
36 1257
11 1015
23 1306
36 1179
38 1377
32 1477
42 1129
47 1250
20 1375
42 1342
38 1265
30 1036
44 1492
28 1119
22 1176
37 1353
22 1167
18 1351
46 1157
21 1190
49 1019
21 1312
45 1490
48 1202
47 1110
39 1409
40 1375
40 1009
14 1260
23 1124
12 1171
41 1481
17 1363
26 1366
25 1196
15 1221
26 1350
40 1270
45 1346
20 1365
31 1150
43 1302
26 1472
48 1476
45 1233
40 1137
22 1217
13 1289
16 1196
43 1089
24 1197
29 1340
19 1438
45 1199
23 1193
16 1113
23 1411
18 1237
27 1169
46 1228
40 1476
34 1130
37 1078
48 1325
15 1323
40 1167
49 1220
31 1471
22 1105
47 1183
31 1318
43 1028
32 1099
22 1422
16 1166
42 1057
38 1132
49 1112
44 1280
21 1085
34 1001
12 1457
46 1488
43 1342
48 1437
16 1177
37 1001
49 1085
29 1020
44 1243
33 1039
18 1302
47 1465
17 1120
27 1291
10 1470
44 1336
28 1323
43 1494
20 1450
30 1320
41 1031
21 1388
12 1292
42 1292
44 1172
28 1125
23 1339
33 1363
13 1024
20 1397
39 1434
12 1074
11 1292
36 1156
35 1282
34 1209
27 1443
37 1337
20 1476
34 1026
29 1025
36 1098
21 1466
30 1122
40 1331
34 1011
20 1183
21 1028
43 1257
35 1372
35 1371
34 1113
40 1297
38 1319
46 1024
22 1337
47 1136
23 1488
48 1363
18 1351
24 1058
17 1484
42 1166
36 1146
38 1440
27 1047
27 1100
43 1178
16 1003
29 1462
46 1475
38 1217
31 1467
44 1487
45 1320
42 1435
23 1139
13 1261
19 1017
15 1413
47 1121
32 1136
19 1121
26 1179
47 1452
13 1189
48 1014
20 1448
40 1277
13 1093
21 1363
38 1033
24 1050
40 1201
43 1462
45 1261
27 1037
45 1004
36 1401
27 1207
14 1391
47 1223
34 1398
35 1109
26 1360
47 1007
29 1205
33 1159
35 1319
27 1034
24 1289
10 1127
12 1238
45 1341
30 1202
28 1260
47 1179
22 1037
35 1309
43 1116
26 1152
47 1269
12 1475
47 1292
20 1060
41 1193
17 1416
18 1137
16 1304
24 1325
31 1320
26 1474
32 1373
45 1233
11 1436
12 1460
28 1467
48 1382
18 1242
27 1217
26 1389
48 1247
17 1379
16 1159
24 1219
35 1489
29 1446
25 1123
27 1379
34 1047
15 1208
12 1352
41 1233
29 1071
32 1242
27 1066
34 1475
30 1064
36 1173
37 1208
21 1181
47 1195
33 1459
20 1158
11 1187
42 1373
17 1428
17 1435
19 1253
24 1193
28 1015
45 1368
32 1006
11 1296
43 1124
31 1004
12 1368
34 1462
38 1297
26 1054
49 1188
22 1206
42 1207
40 1369
19 1344
11 1032
27 1290
14 1314
18 1327
17 1055
16 1069
17 1187
41 1071
30 1298
15 1045
23 1108
10 1175
37 1355
40 1068
19 1060
39 1447
46 1288
16 1121
32 1200
14 1067
30 1001
36 1418
30 1229
27 1141
15 1381
41 1088
49 1332
13 1317
39 1495
28 1007
17 1235
37 1219
23 1255
31 1177
27 1470
14 1372
34 1239
13 1063
24 1396
30 1019
20 1377
22 1185
37 1022
21 1285
26 1470
27 1498
37 1056
42 1404
45 1493
44 1141
48 1191
23 1265
41 1043
35 1253
16 1124
47 1484
27 1477
21 1130
39 1196
18 1324
10 1239
26 1095
24 1472
47 1273
35 1411
34 1481
45 1431
43 1155
42 1121
22 1247
26 1323
49 1343
10 1124
46 1335
28 1087
30 1329
40 1057
37 1312
32 1235
24 1148
44 1404
15 1124
27 1064
27 1416
46 1087
41 1291
49 1276
32 1446
48 1070
31 1317
13 1288
36 1231
13 1464
18 1183
34 1111
32 1449
48 1076
19 1005
33 1360
33 1467
24 1337
20 1281
37 1291
10 1056
47 1045
38 1221
15 1189
28 1249
26 1314
14 1353
24 1107
45 1453
39 1301
24 1302
46 1347
17 1474
43 1161
38 1235
35 1104
16 1499
26 1094
49 1285
39 1229
15 1487
11 1230
48 1398
28 1332
36 1455
16 1407
15 1029
27 1150
43 1157
44 1102
32 1353
10 1264
42 1278
30 1082
46 1006
32 1234
37 1345
35 1230
36 1231
28 1076
25 1445
20 1030
16 1333
40 1212
15 1410
23 1099
46 1310
46 1037
38 1071
38 1166
21 1205
48 1334
40 1205
17 1328
13 1361
27 1382
23 1364
12 1104
43 1371
48 1344
41 1304
22 1236
45 1462
38 1364
16 1107
24 1124
12 1281
22 1480
14 1134
17 1296
30 1070
10 1375
35 1063
34 1287
44 1406
41 1469
11 1014
49 1266
33 1001
17 1005
25 1049
36 1120
37 1481
36 1463
10 1350
21 1231
18 1147
32 1405
26 1416
15 1206
16 1196
15 1262
40 1199
44 1481
48 1099
45 1184
11 1410
13 1234
35 1091
10 1164
16 1208
12 1473
35 1099
10 1020
42 1180
10 1188
14 1152
42 1469
37 1010
22 1238
33 1349
30 1152
20 1433
37 1262
47 1008
10 1263
48 1096
21 1236
31 1227
15 1007
36 1223
40 1135
49 1421
44 1244
13 1068
47 1153
38 1381
39 1373
28 1216
18 1498
22 1066
19 1135
15 1166
18 1306
13 1049
39 1416
42 1175
23 1354
16 1136
30 1354
49 1435
43 1275
32 1315
47 1157
46 1264
16 1462
15 1322
14 1273
26 1145
42 1064
16 1288
36 1254
37 1270
49 1410
47 1046
21 1379
10 1114
18 1304
44 1003
45 1229
16 1243
28 1278
39 1243
18 1164
39 1423
18 1060
11 1177
49 1295
39 1142
17 1135
24 1421
39 1161
31 1320
19 1390
24 1132
32 1424
37 1167
41 1347
18 1229
10 1114
40 1334
30 1002
22 1292
19 1416
37 1289
37 1000
43 1160
23 1048
12 1253
37 1170
24 1389
29 1432
29 1406
26 1397
23 1236
28 1163
23 1265
29 1196
34 1350
36 1121
12 1234
15 1178
16 1463
10 1001
26 1318
24 1264
44 1298
40 1377
14 1134
10 1004
10 1157
44 1063
14 1241
31 1126
21 1242
17 1208
43 1380
16 1167
12 1177
40 1097
32 1046
16 1488
39 1173
47 1092
11 1139
18 1440
19 1299
16 1012
49 1270
36 1228
26 1382
34 1231
30 1166
28 1197
47 1154
33 1189
23 1464
24 1358
14 1077
33 1299
34 1424
46 1144
21 1090
39 1182
11 1355
22 1022
19 1336
15 1446
46 1245
11 1191
13 1262
49 1398
17 1299
16 1176
46 1298
30 1282
29 1474
31 1138
15 1452
47 1371
10 1407
12 1380
19 1436
23 1277
40 1372
17 1332
14 1478
19 1175
39 1292
39 1019
34 1479
47 1272
44 1092
23 1443
32 1434
35 1210
43 1432
23 1327
37 1413
22 1477
37 1239
37 1105
48 1488
41 1131
46 1186
11 1137
21 1193
13 1439
23 1066
12 1497
24 1478
27 1208
16 1137
32 1136
29 1319
26 1156
34 1342
11 1215
23 1318
17 1305
31 1409
16 1198
21 1157
20 1177
25 1335
34 1265
46 1401
45 1446
30 1410
41 1169
31 1220
46 1341
21 1016
49 1386
13 1193
25 1268
44 1036
42 1350
32 1401
33 1212
48 1137
48 1201
13 1257
25 1142
38 1447
21 1272
22 1232
19 1133
41 1051
42 1147
20 1004
18 1365
21 1394
22 1171
48 1321
18 1137
32 1343
29 1344
32 1249
42 1270
44 1151
33 1289
17 1133
43 1068
19 1091
46 1277
41 1083
16 1366
46 1085
21 1392
45 1326
40 1351
33 1077
12 1447
36 1474
47 1068
39 1459
43 1425
21 1372
31 1248
43 1496
43 1097
16 1140
42 1372
30 1099
27 1455
38 1102
32 1087
27 1298
24 1234
23 1061
32 1252
26 1313
43 1158
12 1368
23 1458
48 1476
37 1026
20 1347
23 1308
33 1308
15 1235
29 1046
29 1209
30 1272
26 1107
49 1460
38 1321
47 1223
46 1308
23 1163
31 1469
34 1357
19 1350
12 1331
47 1450
49 1120
36 1336
11 1011
33 1024
43 1466
34 1156
47 1445
10 1386
37 1163
15 1466
30 1154
34 1425
23 1132
41 1177
15 1364
19 1416
12 1430
43 1199
44 1157
42 1423
25 1149
49 1120
13 1030
21 1212
19 1327
29 1081
19 1197
41 1222
23 1319
37 1349
24 1392
11 1130
27 1261
43 1204
35 1377
44 1319
46 1304
10 1355
41 1034
13 1418
35 1177
23 1391
49 1055
45 1219
14 1150
29 1332
12 1166
31 1030
30 1179
49 1110
33 1255
11 1422
12 1191
13 1296
45 1189
32 1372
21 1260
24 1016
18 1021
46 1046
17 1156
12 1341
49 1295
28 1117
21 1410
41 1097
24 1197
26 1031
42 1121
48 1299
30 1113
28 1449
26 1162
45 1310
44 1062
37 1033
14 1166
12 1368
20 1409
11 1032
12 1472
14 1105
24 1278
39 1041
48 1225
41 1344
39 1188
43 1346
22 1471
36 1376
37 1087
37 1099
40 1134
31 1271
49 1202
19 1448
14 1124
38 1141
40 1140
18 1096
48 1410
38 1283
25 1176
43 1015
42 1177
40 1175
25 1457
30 1116
49 1135
48 1342
19 1014
25 1321
47 1263
22 1386
28 1206
13 1309
39 1292
38 1134
31 1210
35 1003
30 1070
25 1100
44 1432
31 1189
15 1299
30 1043
43 1256
40 1312
28 1188
26 1088
24 1057
38 1156
23 1191
46 1447
43 1280
32 1435
42 1121
12 1162
14 1241
11 1212
21 1262
17 1075
12 1398
17 1091
22 1094
14 1253
42 1436
13 1386
23 1393
49 1085
43 1185
33 1425
14 1361
44 1387
19 1493
38 1084
36 1004
16 1294
38 1270
25 1019
14 1343
28 1015
22 1231
11 1121
35 1078
31 1272
45 1488
37 1451
19 1054
37 1493
24 1469
16 1142
45 1452
36 1184
35 1034
32 1477
22 1034
12 1140
43 1230
32 1441
26 1145
20 1409
13 1468
29 1383
17 1018
44 1193
27 1220
39 1030
19 1281
11 1291
46 1229
20 1183
27 1350
20 1340
49 1108
30 1145
17 1429
16 1069
25 1028
43 1250
32 1200
10 1227
15 1481
24 1361
10 1157
14 1463
15 1172
43 1018
43 1212
16 1305
26 1379
38 1463
38 1485
24 1432
16 1016
21 1070
10 1133
33 1241
11 1149
47 1224
33 1465
25 1110
32 1383
30 1008
33 1469
26 1062
30 1327
49 1025
35 1422
49 1261
43 1456
28 1407
42 1174
26 1069
47 1378
46 1081
49 1136
29 1067
41 1259
24 1184
30 1206
42 1172
46 1430
35 1354
12 1216
38 1059
19 1004
27 1244
39 1310
27 1189
26 1165
38 1014
18 1381
46 1008
36 1105
30 1128
30 1181
48 1103
32 1095
12 1243
17 1371
27 1196
12 1207
24 1103
35 1352
17 1055
28 1102
43 1317
29 1433
46 1231
32 1298
30 1387
32 1320
11 1146
12 1063
34 1467
48 1246
39 1488
16 1439
36 1356
30 1193
40 1426
42 1402
21 1236
38 1217
28 1060
20 1382
40 1043
26 1479
30 1283
29 1096
38 1407
40 1338
48 1429
14 1017
35 1339
19 1359
26 1038
39 1432
42 1072
17 1169
40 1470
45 1333
43 1023
13 1079
16 1279
36 1357
10 1363
42 1477
46 1044
26 1136
42 1050
10 1421
14 1009
42 1260
33 1377
18 1353
29 1458
23 1200
44 1389
43 1108
12 1409
44 1334
10 1027
33 1229
37 1484
36 1145
28 1295
35 1030
10 1066
10 1179
34 1213
27 1451
41 1016
28 1409
23 1096
11 1134
24 1406
18 1068
19 1172
44 1340
15 1209
33 1132
18 1182
26 1284
37 1215
16 1085
29 1496
36 1325
35 1428
21 1417
22 1148
13 1131
43 1201
12 1316
46 1042
30 1000
26 1445
36 1079
16 1446
37 1251
37 1231
16 1040
23 1233
10 1256
20 1081
47 1320
19 1362
34 1112
44 1336
34 1459
48 1245
10 1096
24 1040
31 1485
37 1129
41 1175
47 1495
30 1083
32 1287
26 1067
28 1320
37 1345
47 1435
38 1444
49 1245
48 1344
26 1399
31 1269
31 1252
15 1415
18 1363
38 1042
22 1430
36 1315
22 1064
28 1430
15 1205
27 1460
13 1301
25 1175
14 1376
17 1053
29 1423
22 1243
21 1027
21 1100
10 1446
45 1419
48 1259
49 1416
34 1314
49 1028
38 1141
44 1046
33 1018
39 1484
45 1309
18 1186
33 1372
25 1225
44 1294
44 1479
49 1203
25 1153
33 1454
38 1216
25 1085
10 1068
25 1282
35 1233
27 1425
26 1445
27 1320
39 1205
33 1424
23 1368
13 1392
35 1118
43 1272
46 1435
42 1179
31 1020
13 1383
40 1214
46 1491
42 1073
29 1100
20 1446
39 1004
16 1445
45 1346
31 1169
13 1126
43 1059
42 1334
49 1131
36 1161
41 1242
24 1065
14 1236
31 1214
32 1331
44 1413
32 1299
33 1245
16 1036
34 1416
18 1165
49 1460
42 1071
25 1482
16 1452
47 1456
46 1353
13 1453
40 1389
25 1026
15 1368
13 1163
18 1347
13 1238
49 1191
44 1452
22 1458
27 1160
32 1015
21 1031
46 1254
14 1492
27 1240
46 1351
12 1104
27 1259
43 1025
13 1158
42 1081
46 1356
18 1225
22 1327
32 1165
10 1065
34 1021
19 1485
31 1193
24 1478
47 1068
37 1198
17 1076
35 1294
29 1148
39 1013
26 1001
29 1172
16 1443
12 1164
35 1028
40 1326
15 1362
33 1234
30 1295
35 1200
21 1218
33 1142
20 1120
12 1421
16 1496
45 1006
33 1131
22 1331
15 1282
20 1327
33 1032
14 1286
15 1136
18 1097
19 1089
38 1264
28 1402
35 1470
42 1283
40 1187
29 1108
29 1477
31 1053
35 1345
49 1387
30 1069
14 1244
45 1331
35 1487
13 1088
23 1436
36 1202
38 1165
24 1050
27 1394
19 1247
23 1240
24 1355
35 1161
34 1295
38 1033
36 1425
44 1380
36 1130
12 1134
11 1400
47 1480
17 1246
42 1443
23 1334
25 1024
21 1135
47 1129
15 1451
46 1111
11 1373
32 1131
48 1052
28 1117
15 1488
41 1143
25 1109
38 1330
33 1483
41 1001
18 1415
14 1436
49 1181
37 1256
35 1033
41 1493
14 1075
14 1076
28 1054
30 1454
21 1115
21 1389
16 1077
29 1434
27 1092
17 1484
18 1106
21 1019
38 1069
13 1433
47 1463
14 1139
11 1052
30 1191
32 1224
47 1265
11 1257
43 1065
34 1499
35 1497
13 1109
33 1471
49 1438
26 1437
15 1264
41 1110
20 1084
24 1038
30 1319
25 1470
25 1165
38 1171
29 1046
27 1323
15 1426
20 1273
40 1118
31 1193
43 1385
32 1246
15 1070
46 1189
43 1379
33 1232
21 1493
13 1084
48 1081
10 1070
44 1380
37 1032
44 1414
36 1135
44 1399
40 1060
45 1224
37 1476
35 1216
37 1336
39 1372
40 1307
24 1134
17 1135
28 1311
21 1488
40 1009
34 1293
22 1151
23 1357
30 1402
39 1010
10 1000
18 1126
24 1033
33 1388
13 1403
46 1332
43 1080
47 1103
45 1475
13 1435
43 1241
47 1209
32 1417
32 1304
44 1487
43 1142
17 1006
23 1156
47 1041
26 1204
14 1288
27 1417
28 1131
29 1228
12 1197
49 1214
28 1296
41 1148
10 1481
38 1020
39 1251
49 1499
33 1316
45 1047
45 1076
28 1438
30 1396
28 1455
19 1345
10 1335
35 1007
10 1047
10 1490
13 1113
10 1099
11 1379
18 1020
14 1270
20 1402
24 1081
17 1449
40 1073
48 1167
32 1192
30 1216
48 1222
47 1469
21 1221
35 1358
23 1098
15 1262
34 1258
24 1459
42 1067
43 1320
29 1211
27 1332
48 1150
27 1174
42 1147
49 1497
44 1314
49 1249
38 1324
26 1100
48 1010
21 1248
13 1278
21 1095
35 1022
28 1448
44 1162
31 1063
40 1118
14 1381
12 1207
39 1366
28 1070
29 1094
45 1139
48 1334
36 1026
23 1311
25 1354
26 1386
10 1067
46 1207
13 1002
16 1171
47 1072
28 1093
16 1044
22 1101
27 1008
48 1060
16 1093
30 1406
30 1464
21 1180
15 1218
25 1054
16 1477
29 1290
36 1044
44 1119
32 1228
14 1168
26 1075
47 1248
39 1157
26 1449
46 1327
20 1358
23 1101
24 1185
32 1465
26 1431
17 1411
44 1355
42 1177
49 1130
46 1301
23 1484
16 1197
26 1200
49 1403
26 1461
30 1088
15 1444
17 1050
35 1132
12 1457
15 1484
44 1418
24 1070
44 1257
36 1003
39 1212
49 1117
14 1301
19 1358
37 1420
44 1294
37 1366
35 1495
19 1255
31 1117
11 1224
12 1344
24 1119
47 1310
21 1154
46 1401
24 1369
46 1277
26 1150
39 1409
43 1170
27 1070
37 1229
43 1188
10 1225
24 1447
31 1079
38 1167
48 1243
40 1226
15 1377
21 1366
35 1283
17 1230
12 1332
31 1340
27 1104
47 1307
49 1426
32 1050
15 1071
24 1221
39 1153
34 1341
49 1192
22 1076
23 1361
17 1042
25 1265
19 1020
30 1452
23 1201
18 1215
11 1462
22 1095
10 1285
48 1222
25 1015
26 1151
11 1079
39 1215
30 1420
12 1012
49 1118
28 1202
10 1152
20 1089
30 1329
32 1281
15 1149
10 1251
10 1338
30 1068
47 1289
10 1316
30 1199
22 1118
37 1303
45 1440
47 1067
17 1295
39 1406
10 1095
30 1229
19 1234
19 1179
12 1337
26 1167
13 1132
46 1239
28 1291
35 1474
30 1043
29 1170
29 1063
46 1077
42 1242
16 1165
36 1174
36 1446
41 1447
25 1109
35 1267
47 1415
23 1326
45 1458
46 1076
29 1100
19 1193
21 1322
13 1091
27 1029
14 1475
36 1325
10 1198
32 1353
12 1415
16 1455
42 1432
28 1490
45 1066
22 1436
10 1498
49 1290
33 1010
19 1496
49 1033
15 1193
29 1284
35 1296
45 1453
11 1083
37 1282
25 1199
33 1284
27 1381
26 1173
37 1235
25 1414
40 1209
32 1078
40 1157
46 1171
34 1180
16 1464
12 1241
28 1440
49 1047
45 1041
14 1209
36 1015
43 1383
37 1042
45 1288
28 1448
26 1143
10 1366
23 1170
30 1095
12 1094
17 1057
35 1332
25 1496
14 1067
22 1115
31 1496
23 1318
31 1274
43 1431
48 1430
20 1284
35 1108
44 1020
18 1014
43 1395
14 1392
31 1087
26 1386
28 1022
28 1000
21 1105
23 1080
48 1096
23 1181
13 1425
36 1078
19 1021
26 1202
13 1177
29 1365
13 1404
16 1132
43 1237
39 1146
18 1325
45 1097
48 1114
18 1285
33 1374
33 1441
21 1413
21 1274
45 1130
44 1040
23 1080
11 1238
37 1025
28 1352
40 1473
31 1294
47 1045
12 1238
35 1476
29 1300
14 1406
24 1230
13 1297
43 1312
33 1360
16 1034
26 1231
25 1285
30 1374
47 1197
37 1463
23 1046
22 1374
36 1242
35 1348
15 1291
34 1056
37 1250
28 1269
33 1451
41 1234
24 1212
31 1006
34 1225
36 1007
34 1409
21 1446
43 1204
46 1046
12 1027
19 1185
43 1281
43 1270
31 1255
31 1058
43 1115
37 1244
44 1008
26 1087
38 1143
43 1119
24 1131
20 1009
44 1272
47 1399
49 1499
31 1333
23 1034
21 1161
30 1328
39 1124
36 1133
16 1187
32 1126
20 1123
12 1217
11 1182
44 1001
32 1287
40 1110
33 1292
24 1443
41 1490
23 1041
37 1178
11 1302
24 1159
39 1461
28 1219
22 1294
13 1246
25 1213
33 1460
43 1086
48 1320
28 1091
21 1256
29 1473
41 1302
47 1232
15 1286
48 1166
10 1267
17 1112
11 1086
49 1235
30 1430
14 1321
18 1165
10 1423
14 1184
23 1474
29 1224
42 1112
42 1325
15 1323
33 1175
48 1474
20 1017
32 1351
13 1466
12 1026
15 1226
19 1379
12 1326
40 1331
30 1032
11 1078
46 1164
46 1488
47 1485
36 1359
19 1147
23 1353
35 1350
31 1352
20 1180
23 1137
30 1223
43 1227
38 1041
25 1408
27 1394
42 1130
47 1245
30 1335
27 1195
47 1018
12 1022
21 1122
14 1422
37 1325
17 1414
14 1387
17 1188
30 1077
26 1481
16 1013
32 1315
37 1422
19 1350
13 1057
14 1356
22 1387
35 1442
34 1249
47 1234
17 1427
23 1000
28 1244
22 1483
45 1043
32 1238
46 1034
44 1333
21 1478
25 1064
39 1067
26 1173
29 1452
17 1184
13 1120
38 1104
35 1262
14 1162
30 1248
44 1001
48 1067
32 1234
23 1157
32 1413
42 1394
49 1157
30 1107
46 1485
42 1266
39 1148
22 1313
30 1401
24 1200
38 1102
40 1240
39 1302
21 1040
13 1312
44 1470
38 1301
29 1378
20 1175
12 1048
17 1289
41 1187
33 1379
33 1420
12 1007
23 1152
39 1005
10 1134
13 1252
23 1356
14 1158
24 1017
37 1309
42 1062
36 1124
11 1073
47 1359
18 1495
48 1148
23 1190
21 1085
12 1238
31 1347
37 1261
48 1201
43 1111
35 1132
23 1136
39 1331
28 1362
36 1141
49 1206
44 1230
20 1117
31 1465
41 1485
14 1041
47 1360
10 1442
39 1370
21 1165
15 1281
31 1207
16 1338
38 1050
34 1303
22 1261
23 1039
29 1117
16 1376
30 1034
23 1453
13 1372
43 1079
47 1193
35 1032
38 1243
24 1122
47 1183
10 1357
48 1018
23 1363
22 1094
13 1013
22 1240
30 1499
17 1315
17 1007
18 1286
28 1176
49 1474
14 1086
26 1401
44 1039
25 1304
27 1163
41 1376
37 1055
33 1027
23 1027
19 1041
22 1141
36 1129
34 1163
24 1118
39 1079
48 1478
10 1278
25 1475
48 1445
36 1285
46 1309
17 1079
22 1009
30 1354
19 1131
32 1245
42 1490
32 1451
12 1365
25 1464
23 1368
18 1168
11 1466
41 1174
36 1084
14 1398
44 1255
42 1330
49 1036
37 1302
33 1436
40 1078
44 1024
49 1278
35 1098
35 1078
24 1277
12 1094
37 1132
30 1447
14 1085
48 1369
43 1059
22 1149
30 1137
46 1183
14 1214
10 1245
28 1012
18 1333
43 1431
34 1432
18 1294
42 1173
31 1075
26 1451
11 1481
46 1102
15 1489
49 1002
22 1383
42 1312
20 1180
14 1238
21 1272
14 1276
34 1171
18 1202
31 1445
29 1133
15 1265
42 1223
41 1317
22 1197
15 1155
14 1070
31 1119
42 1471
38 1355
15 1042
35 1484
46 1190
17 1107
45 1268
11 1405
37 1284
37 1210
25 1202
36 1037
36 1083
11 1200
44 1191
15 1224
35 1002
45 1315
23 1326
22 1070
30 1083
42 1442
20 1041
15 1135
28 1468
45 1025
13 1479
38 1422
35 1470
37 1316
27 1006
17 1164
18 1389
16 1327
42 1253
12 1035
26 1160
39 1153
31 1096
21 1001
14 1462
29 1034
33 1029
14 1467
17 1044
11 1322
48 1120
43 1135
20 1444
49 1202
28 1427
14 1377
34 1060
46 1230
21 1117
42 1436
46 1051
26 1387
44 1338
49 1206
18 1214
32 1474
14 1360
46 1355
33 1496
46 1053
40 1079
20 1168
44 1351
18 1201
31 1279
17 1172
15 1341
25 1070
33 1360
26 1093
21 1053
22 1415
47 1192
35 1369
41 1024
47 1410
15 1367
20 1008
35 1463
10 1262
11 1473
35 1019
20 1377
42 1498
33 1313
48 1210
16 1001
31 1006
26 1243
43 1240
23 1052
17 1273
27 1301
37 1050
26 1312
16 1337
47 1145
28 1106
33 1198
36 1194
43 1439
31 1107
43 1302
27 1012
44 1410
38 1300
48 1191
40 1367
48 1170
10 1280
10 1482
47 1352
36 1199
36 1216
11 1229
21 1010
23 1455
38 1090
28 1398
27 1465
17 1193
15 1335
16 1045
22 1092
42 1348
42 1456
25 1061
39 1481
41 1394
17 1388
21 1049
34 1214
19 1427
49 1182
39 1055
25 1420
16 1086
33 1091
30 1223
43 1069
48 1187
22 1193
25 1359
29 1236
38 1008
36 1204
47 1086
34 1479
44 1297
49 1194
22 1333
47 1298
37 1367
35 1409
46 1227
45 1053
25 1036
28 1096
46 1462
31 1246
15 1481
14 1253
16 1046
32 1381
20 1482
10 1469
35 1413
26 1062
34 1225
20 1175
46 1376
40 1322
16 1070
29 1121
47 1437
43 1214
12 1043
25 1416
41 1182
25 1497
44 1102
34 1169
41 1387
27 1221
40 1024
27 1449
39 1386
42 1074
37 1435
46 1439
20 1155
30 1410
10 1290
39 1084
43 1128
38 1185
32 1093
34 1284
48 1076
11 1276
33 1487
43 1410
38 1081
31 1426
23 1458
18 1245
42 1221
20 1265
48 1213
26 1400
49 1337
16 1416
12 1057
27 1183
33 1469
32 1137
28 1400
29 1165
14 1052
42 1041
15 1005
17 1344
38 1014
28 1154
24 1459
13 1187
26 1393
31 1469
12 1302
33 1147
20 1358
22 1347
19 1058
47 1281
13 1288
12 1476
44 1449
23 1475
30 1434
24 1013
28 1157
43 1031
39 1298
40 1494
12 1403
46 1022
48 1032
35 1022
25 1471
27 1357
46 1440
47 1424
33 1280
42 1335
19 1287
21 1069
13 1126
24 1341
10 1370
26 1212
22 1302
16 1339
46 1464
43 1429
28 1304
28 1227
35 1486
37 1341
45 1110
18 1057
27 1300
46 1349
42 1411
40 1168
47 1108
32 1474
30 1110
17 1416
43 1324
46 1416
37 1391
37 1117
32 1228
27 1204
44 1494
44 1153
32 1225
15 1025
36 1194
43 1164
22 1433
34 1305
32 1254
32 1127
43 1465
44 1183
47 1168
11 1181
10 1080
29 1272
47 1256
47 1083
22 1434
18 1234
15 1162
27 1488
13 1419
21 1155
45 1090
30 1075
40 1487
23 1137
23 1217
39 1304
40 1177
45 1285
25 1339
19 1078
10 1457
35 1037
10 1356
36 1485
32 1303
41 1231
33 1088
21 1442
27 1381
27 1206
10 1380
18 1171
43 1073
34 1139
39 1037
47 1208
20 1420
40 1124
14 1061
32 1103
15 1211
40 1141
22 1342
26 1076
27 1474
15 1011
39 1000
15 1085
31 1243
47 1145
23 1071
45 1369
35 1350
40 1284
16 1367
49 1051
24 1431
14 1223
14 1244
37 1408
33 1319
18 1327
36 1328
20 1059
49 1003
35 1322
18 1416
42 1139
46 1101
48 1220
18 1438
49 1368
42 1433
40 1322
18 1484
45 1223
19 1322
20 1290
46 1065
29 1316
27 1484
31 1337
24 1228
30 1086
32 1067
48 1405
33 1270
26 1173
31 1221
34 1490
25 1043
12 1484
16 1483
18 1497
30 1428
25 1213
42 1454
10 1402
23 1203
33 1038
28 1175
39 1055
35 1269
19 1124
47 1190
21 1025
39 1492
12 1200
43 1031
34 1107
17 1280
47 1406
17 1496
13 1414
28 1398
35 1415
41 1437
30 1408
28 1324
34 1444
16 1337
18 1059
31 1301
26 1199
36 1332
24 1186
24 1201
17 1387
14 1216
47 1351
23 1456
39 1163
19 1286
35 1053
47 1158
40 1247
21 1195
12 1441
10 1105
46 1265
38 1388
23 1283
16 1058
22 1439
10 1390
45 1030
11 1324
17 1284
23 1402
23 1088
10 1227
28 1378
36 1288
25 1153
16 1094
25 1235
39 1157
34 1195
30 1189
45 1141
38 1455
16 1478
19 1347
14 1279
25 1234
47 1381
17 1475
46 1179
22 1211
20 1025
45 1200
43 1115
39 1347
48 1324
49 1302
21 1112
38 1315
33 1036
30 1341
27 1400
38 1400
25 1085
35 1336
23 1419
22 1214
46 1367
34 1325
49 1430
28 1314
44 1491
12 1329
14 1228
18 1310
13 1233
38 1293
19 1349
49 1292
43 1466
48 1406
31 1294
27 1347
10 1409
40 1346
33 1062
28 1054
37 1042
17 1225
21 1184
31 1097
26 1056
31 1086
44 1200
45 1077
37 1445
40 1306
40 1490
38 1362
16 1419
22 1422
28 1398
44 1104
32 1076
43 1184
40 1047
35 1378
15 1021
46 1329
16 1002
17 1434
22 1363
49 1239
24 1363
38 1100
38 1033
40 1001
24 1051
49 1441
41 1177
17 1471
47 1311
10 1408
14 1278
44 1147
13 1278
25 1123
32 1314
43 1374
18 1424
30 1330
18 1106
20 1440
17 1055
16 1419
17 1062
39 1059
19 1021
17 1043
37 1066
32 1379
37 1107
30 1437
16 1326
48 1028
29 1047
21 1230
21 1051
11 1412
45 1111
28 1225
29 1435
21 1064
27 1116
21 1209
47 1106
40 1465
25 1436
36 1255
45 1052
48 1107
36 1417
48 1279
36 1401
15 1358
19 1208
22 1089
39 1446
28 1278
36 1292
47 1164
46 1102
38 1115
15 1197
47 1098
13 1399
43 1248
41 1423
20 1444
20 1436
27 1355
10 1141
49 1192
26 1227
30 1298
15 1361
14 1374
17 1166
26 1319
12 1099
35 1041
43 1256
21 1441
21 1142
12 1430
12 1146
18 1469
44 1169
26 1100
21 1099
33 1366
32 1073
10 1189
30 1014
43 1035
32 1346
36 1214
28 1040
47 1462
47 1338
27 1192
12 1184
34 1204
38 1464
44 1358
47 1475
40 1278
37 1226
49 1253
25 1240
38 1332
30 1347
22 1028
48 1403
41 1144
43 1117
23 1060
45 1109
41 1470
30 1280
40 1078
43 1277
45 1164
25 1078
10 1086
44 1059
21 1144
15 1443
39 1422
14 1410
39 1456
43 1150
48 1354
20 1319
19 1253
25 1235
27 1286
43 1345
38 1444
20 1387
33 1061
12 1132
33 1146
35 1270
32 1412
16 1357
23 1221
34 1034
35 1124
36 1432
37 1376
19 1234
49 1315
28 1262
39 1030
12 1353
46 1221
40 1303
35 1455
19 1231
13 1194
48 1486
20 1133
44 1113
36 1249
23 1131
12 1390
21 1410
24 1260
49 1313
12 1073
13 1301
30 1223
23 1376
10 1177
30 1092
10 1398
46 1255
21 1065
34 1031
20 1393
17 1361
20 1423
47 1285
12 1092
34 1281
42 1226
32 1033
36 1325
10 1416
19 1415
26 1178
32 1026
44 1054
31 1356
24 1016
41 1011
29 1256
17 1045
11 1411
15 1410
38 1416
37 1455
21 1376
48 1168
26 1428
41 1383
39 1295
26 1331
37 1247
22 1239
13 1033
38 1006
19 1322
48 1247
34 1470
21 1450
26 1406
40 1161
28 1211
16 1280
27 1025
28 1344
42 1459
40 1335
47 1138
22 1450
20 1263
16 1060
25 1393
47 1137
41 1020
41 1078
37 1312
29 1001
43 1389
15 1057
37 1020
41 1227
26 1017
34 1366
19 1323
23 1487
11 1433
35 1481
14 1331
18 1381
32 1046
43 1168
39 1317
36 1303
16 1358
36 1113
36 1082
24 1005
44 1386
18 1058
36 1414
34 1244
24 1243
44 1161
42 1312
18 1427
30 1210
14 1304
40 1440
20 1356
48 1196
40 1418
13 1032
48 1390
34 1334
11 1153
13 1391