7000 2000
25 1071
39 1261
29 1358
37 1272
12 1416
23 1295
29 1080
43 1060
11 1299
49 1108
41 1097
38 1169
10 1223
32 1126
20 1372
15 1271
14 1441
49 1106
33 1283
36 1023
48 1301
37 1071
17 1191
27 1196
24 1475
42 1131
48 1411
21 1268
30 1177
44 1363
21 1113
21 1209
35 1238
18 1373
33 1458
46 1251
14 1448
17 1346
36 1180
40 1334
40 1088
40 1011
39 1408
17 1473
41 1336
45 1208
31 1113
45 1196
41 1460
17 1132
30 1230
14 1490
14 1224
42 1443
48 1204
24 1319
33 1092
39 1249
13 1376
31 1458
20 1430
43 1378
16 1298
21 1262
49 1322
17 1465
30 1282
11 1295
47 1276
17 1243
37 1320
17 1292
12 1353
21 1107
19 1411
23 1332
23 1386
20 1313
31 1021
41 1069
21 1143
30 1130
15 1093
22 1451
27 1171
21 1323
24 1081
14 1419
19 1139
18 1411
39 1195
25 1218
16 1103
41 1192
35 1044
35 1412
49 1130
32 1032
34 1178
42 1458
20 1280
28 1070
48 1473
31 1137
11 1449
47 1324
40 1198
43 1103
29 1361
35 1352
20 1157
20 1441
24 1494
35 1113
36 1067
21 1000
31 1046
21 1194
46 1147
13 1287
29 1359
22 1382
33 1163
30 1231
31 1387
42 1100
48 1415
27 1486
12 1238
25 1234
21 1334
17 1306
33 1152
12 1225
29 1456
20 1010
33 1385
34 1134
12 1039
43 1419
41 1068
48 1328
24 1390
40 1305
31 1049
46 1064
18 1182
34 1310
13 1209
19 1268
33 1316
15 1319
17 1419
44 1108
27 1161
39 1257
40 1251
13 1461
33 1101
24 1312
23 1139
32 1134
21 1474
19 1215
40 1358
21 1391
29 1196
40 1139
24 1008
17 1433
19 1357
16 1353
42 1335
41 1124
37 1399
30 1049
47 1235
11 1099
26 1182
48 1329
35 1243
48 1082
38 1113
40 1490
43 1226
49 1180
14 1336
10 1430
24 1026
46 1217
17 1324
41 1091
10 1077
17 1267
46 1374
19 1127
48 1447
36 1408
11 1461
16 1097
11 1264
27 1287
14 1333
41 1404
27 1230
17 1187
28 1133
49 1103
24 1362
42 1406
19 1163
22 1049
45 1107
29 1258
37 1286
43 1181
36 1324
45 1025
31 1416
45 1341
42 1027
23 1375
24 1485
33 1306
30 1327
45 1077
15 1484
49 1415
33 1238
42 1461
24 1497
33 1405
17 1343
43 1389
17 1058
48 1119
18 1282
11 1030
38 1393
14 1345
25 1014
49 1411
20 1108
40 1139
29 1406
24 1409
19 1247
20 1397
30 1313
28 1249
44 1144
14 1114
47 1484
43 1145
11 1068
41 1427
29 1357
10 1187
21 1380
18 1327
18 1476
23 1311
23 1423
37 1062
40 1305
36 1334
12 1013
29 1379
48 1229
37 1343
37 1439
22 1232
19 1386
32 1012
35 1379
34 1054
46 1256
39 1333
45 1065
34 1016
36 1213
14 1180
34 1187
35 1066
33 1431
31 1049
17 1121
34 1174
29 1044
11 1068
25 1025
33 1195
37 1488
38 1244
11 1255
47 1450
20 1458
10 1268
14 1138
28 1434
49 1217
33 1265
11 1066
37 1018
19 1206
46 1356
22 1477
24 1056
42 1018
20 1073
30 1107
23 1459
31 1145
14 1326
31 1092
34 1438
24 1153
37 1024
28 1255
46 1168
38 1073
44 1058
29 1444
43 1194
15 1249
21 1273
39 1241
37 1364
40 1010
18 1013
45 1056
13 1261
48 1481
13 1435
48 1088
20 1153
39 1372
23 1361
10 1295
36 1306
18 1230
26 1371
19 1495
29 1070
35 1201
43 1453
19 1400
44 1191
43 1137
43 1455
47 1101
43 1367
10 1170
41 1024
19 1229
11 1004
31 1061
12 1309
32 1381
35 1141
18 1468
38 1464
41 1251
40 1407
49 1431
27 1494
21 1122
31 1066
28 1153
26 1348
35 1447
29 1313
28 1480
46 1494
13 1047
17 1280
30 1135
42 1025
36 1367
31 1038
42 1363
25 1437
44 1047
39 1243
38 1326
23 1339
23 1388
35 1083
13 1109
16 1138
25 1437
29 1121
26 1064
11 1229
38 1050
31 1116
19 1090
40 1469
43 1144
29 1109
39 1072
45 1407
31 1476
20 1309
31 1479
20 1207
18 1076
28 1058
28 1448
48 1487
38 1218
14 1016
13 1389
17 1013
41 1483
43 1008
17 1070
44 1246
14 1318
37 1109
44 1319
22 1023
28 1004
49 1260
28 1276
27 1024
22 1150
27 1354
37 1020
31 1146
11 1218
16 1424
47 1475
32 1108
21 1142
12 1443
35 1134
16 1379
47 1308
48 1462
18 1193
26 1119
32 1148
23 1239
32 1369
43 1007
31 1426
45 1120
36 1421
22 1014
15 1256
36 1261
36 1291
43 1353
47 1063
19 1071
16 1320
21 1446
36 1122
42 1115
46 1049
26 1283
17 1417
49 1417
37 1178
33 1169
34 1105
44 1056
17 1428
11 1399
44 1051
20 1384
26 1341
40 1098
25 1478
34 1121
25 1048
45 1328
27 1303
22 1224
43 1205
30 1143
33 1275
45 1446
12 1281
21 1402
17 1291
42 1040
39 1251
22 1131
18 1027
29 1162
23 1168
10 1383
17 1452
37 1129
29 1475
19 1065
28 1017
41 1387
37 1446
12 1174
28 1384
28 1455
47 1061
42 1011
23 1431
49 1208
15 1202
29 1497
16 1178
20 1445
41 1241
41 1053
47 1000
38 1028
38 1188
31 1411
41 1120
10 1403
10 1481
38 1002
12 1481
25 1235
37 1137
18 1481
24 1459
31 1072
23 1174
14 1279
11 1206
13 1075
32 1211
40 1430
29 1051
28 1395
42 1325
39 1130
38 1051
37 1156
12 1459
13 1332
47 1118
48 1295
33 1132
37 1011
42 1495
20 1428
23 1038
14 1256
19 1116
45 1297
12 1115
14 1196
45 1192
35 1467
17 1403
11 1013
42 1305
45 1137
21 1360
19 1227
12 1163
43 1021
22 1109
18 1489
37 1114
22 1466
30 1102
27 1031
29 1456
46 1040
39 1423
15 1123
38 1331
34 1072
29 1272
26 1126
23 1441
10 1333
46 1194
49 1415
18 1466
33 1257
37 1088
33 1467
31 1002
40 1130
27 1115
43 1044
39 1101
41 1351
29 1428
16 1379
36 1494
46 1352
44 1139
10 1232
34 1208
38 1101
19 1203
11 1390
49 1112
34 1202
20 1289
42 1030
34 1398
19 1417
37 1461
17 1274
27 1062
24 1292
25 1042
44 1086
21 1028
37 1123
31 1103
20 1223
36 1320
45 1094
26 1026
21 1225
19 1116
33 1065
48 1079
28 1096
41 1003
13 1457
37 1000
34 1026
11 1466
23 1474
47 1396
39 1382
11 1453
28 1277
31 1333
45 1177
47 1010
41 1081
35 1029
21 1000
14 1051
47 1218
41 1432
42 1070
38 1329
24 1115
36 1308
12 1445
44 1417
23 1425
25 1128
38 1457
42 1082
33 1344
31 1242
35 1097
44 1031
48 1087
11 1231
31 1480
18 1240
42 1434
27 1149
37 1098
14 1211
44 1268
15 1103
25 1480
48 1029
34 1128
48 1109
17 1172
16 1347
24 1256
15 1043
14 1325
42 1168
28 1105
10 1002
47 1331
33 1112
22 1161
25 1116
31 1168
36 1413
43 1361
12 1442
46 1279
10 1309
12 1418
38 1214
25 1226
44 1388
17 1147
46 1161
11 1490
45 1195
14 1125
19 1099
44 1137
46 1278
38 1413
21 1270
36 1036
37 1201
44 1198
29 1090
38 1098
10 1333
30 1252
46 1088
45 1340
30 1216
34 1284
36 1296
22 1493
43 1440
24 1297
42 1151
33 1120
39 1087
38 1379
14 1075
33 1155
22 1424
37 1480
49 1179
19 1094
14 1142
30 1076
35 1026
34 1259
38 1091
21 1341
11 1484
25 1112
18 1213
40 1336
26 1163
37 1299
38 1378
41 1086
47 1310
15 1079
17 1365
36 1486
24 1340
26 1413
32 1234
38 1155
47 1464
31 1117
35 1384
11 1373
26 1248
32 1254
34 1375
42 1470
17 1205
23 1429
26 1213
14 1442
49 1491
39 1067
12 1448
20 1015
40 1151
43 1440
10 1018
23 1452
49 1138
38 1300
28 1041
41 1420
37 1229
47 1122
31 1323
35 1374
18 1211
28 1206
32 1351
16 1129
28 1304
14 1285
42 1158
19 1159
42 1034
39 1142
13 1161
35 1096
45 1039
30 1432
38 1296
14 1255
40 1498
31 1280
35 1042
20 1435
12 1066
28 1330
11 1432
20 1086
10 1406
16 1157
29 1281
13 1197
32 1493
26 1320
16 1127
45 1436
36 1434
26 1347
22 1359
19 1218
46 1434
43 1355
20 1023
34 1317
43 1381
22 1037
14 1286
20 1421
22 1493
31 1496
16 1406
30 1165
43 1214
20 1345
23 1096
40 1459
13 1157
22 1005
44 1359
31 1094
23 1326
11 1410
44 1494
25 1254
48 1268
29 1352
49 1410
41 1128
49 1234
25 1333
47 1186
41 1322
25 1032
28 1197
27 1155
32 1031
40 1391
22 1106
13 1400
37 1366
19 1145
15 1467
34 1175
45 1156
11 1382
37 1150
28 1197
10 1485
46 1298
25 1120
41 1451
41 1230
45 1495
11 1350
44 1017
43 1154
13 1379
13 1440
26 1006
24 1145
17 1301
11 1198
38 1170
30 1447
34 1216
17 1404
31 1469
31 1488
29 1276
37 1438
41 1349
24 1159
23 1134
29 1039
23 1048
46 1094
42 1008
19 1255
45 1424
17 1040
11 1342
32 1449
17 1188
30 1316
45 1461
20 1019
40 1282
34 1235
37 1022
28 1335
32 1106
48 1237
12 1445
48 1324
16 1260
39 1262
19 1317
46 1145
49 1215
16 1216
31 1342
14 1188
12 1177
11 1269
32 1032
49 1040
47 1417
20 1454
12 1083
16 1314
15 1336
25 1136
38 1471
48 1425
49 1487
48 1199
33 1222
30 1246
48 1398
42 1093
32 1111
23 1029
19 1304
22 1315
30 1312
12 1300
23 1150
12 1005
30 1403
15 1099
30 1241
27 1194
38 1024
45 1261
23 1256
23 1033
31 1475
36 1086
35 1282
26 1371
43 1365
27 1341
37 1166
19 1079
20 1163
21 1015
23 1295
29 1283
22 1399
10 1337
12 1355
10 1473
19 1438
42 1346
43 1416
24 1176
27 1219
11 1383
16 1041
27 1288
44 1360
21 1494
13 1468
47 1319
33 1065
48 1005
11 1160
11 1027
44 1190
46 1157
23 1233
46 1314
14 1007
18 1166
48 1012
26 1411
28 1046
28 1078
49 1385
15 1446
30 1363
11 1476
22 1015
34 1213
27 1074
19 1352
41 1311
25 1465
23 1377
25 1470
23 1404
10 1098
17 1186
39 1087
16 1250
31 1009
14 1254
43 1248
30 1413
12 1023
43 1339
47 1370
17 1113
30 1011
42 1262
10 1045
30 1004
24 1288
25 1077
26 1223
42 1332
16 1366
30 1326
27 1202
17 1341
11 1294
48 1376
44 1052
28 1408
28 1125
41 1075
42 1159
16 1078
37 1498
37 1134
26 1422
29 1262
12 1137
23 1115
43 1109
45 1132
32 1391
49 1162
26 1334
13 1137
43 1212
47 1214
13 1046
31 1443
12 1040
45 1385
35 1119
36 1216
31 1241
45 1073
21 1478
18 1364
47 1064
30 1186
47 1052
14 1256
14 1483
44 1457
31 1115
49 1267
33 1264
10 1272
32 1102
34 1411
48 1157
29 1227
25 1441
27 1087
40 1039
31 1051
43 1481
23 1248
12 1287
47 1363
22 1289
49 1259
45 1339
33 1173
44 1330
11 1042
44 1309
41 1377
13 1324
25 1030
14 1499
24 1360
20 1105
10 1192
15 1326
16 1454
19 1256
28 1443
25 1253
18 1302
12 1008
34 1295
37 1030
28 1393
48 1055
48 1058
29 1295
17 1068
43 1007
17 1262
47 1120
30 1279
43 1436
12 1138
35 1023
24 1130
16 1134
46 1123
10 1321
32 1332
41 1415
11 1064
49 1062
40 1376
46 1327
28 1117
15 1078
36 1276
26 1491
29 1031
35 1004
30 1183
21 1016
36 1028
26 1078
38 1030
23 1093
20 1144
31 1124
16 1267
16 1066
38 1127
31 1459
20 1352
28 1191
36 1480
27 1080
30 1034
28 1058
26 1148
24 1349
27 1342
30 1087
16 1222
47 1403
19 1430
20 1400
13 1154
12 1258
49 1232
34 1171
36 1317
28 1424
17 1216
19 1299
48 1160
45 1470
34 1086
48 1040
18 1454
32 1271
16 1028
41 1448
11 1440
10 1114
25 1071
32 1361
38 1049
19 1038
17 1275
10 1036
15 1312
16 1415
16 1283
24 1385
21 1192
48 1298
21 1404
39 1152
21 1273
11 1211
15 1278
38 1424
22 1498
39 1351
16 1141
47 1200
29 1362
20 1265
20 1411
18 1335
11 1303
22 1063
21 1427
16 1205
37 1394
33 1073
30 1439
13 1160
11 1333
14 1090
35 1486
16 1052
31 1237
49 1010
45 1277
19 1112
41 1306
37 1354
15 1293
18 1178
42 1118
26 1429
35 1105
31 1121
10 1274
28 1288
24 1139
37 1300
18 1171
22 1304
18 1203
49 1467
26 1339
26 1152
45 1152
28 1476
14 1456
44 1495
42 1357
24 1491
37 1381
20 1341
24 1388
39 1177
11 1245
44 1307
36 1483
20 1247
17 1203
18 1474
23 1158
13 1147
40 1155
41 1071
22 1114
48 1249
17 1281
46 1173
20 1349
19 1321
31 1114
14 1049
37 1312
38 1166
46 1322
35 1286
32 1253
33 1175
30 1317
41 1228
15 1463
22 1291
40 1394
29 1132
28 1060
27 1252
14 1467
46 1345
16 1313
22 1005
39 1300
38 1448
47 1022
47 1486
35 1129
13 1467
25 1096
34 1166
20 1239
45 1055
22 1445
39 1257
19 1167
40 1354
39 1467
45 1250
14 1432
42 1403
13 1266
34 1274
24 1130
28 1179
42 1364
11 1168
10 1377
13 1252
28 1007
42 1086
36 1153
23 1024
28 1204
29 1406
39 1148
17 1253
17 1469
28 1055
34 1455
42 1371
21 1458
29 1398
49 1401
27 1433
44 1441
46 1086
21 1289
13 1191
20 1126
30 1397
10 1437
48 1462
49 1252
19 1134
35 1049
45 1319
40 1345
30 1148
38 1174
39 1032
46 1350
33 1484
44 1164
36 1168
32 1367
42 1178
43 1427
10 1008
35 1341
17 1045
25 1313
12 1038
27 1027
20 1435
11 1068
10 1023
16 1282
26 1193
42 1108
18 1368
28 1007
24 1492
24 1478
19 1458
46 1003
45 1279
12 1227
44 1444
48 1493
30 1378
30 1446
29 1038
40 1288
27 1361
44 1147
44 1213
30 1323
26 1101
14 1166
16 1112
26 1119
47 1334
23 1053
29 1260
27 1370
27 1228
20 1009
41 1437
44 1499
44 1088
29 1200
39 1111
39 1362
19 1476
25 1115
10 1422
33 1446
40 1472
33 1334
15 1006
46 1450
33 1232
21 1361
46 1229
33 1393
34 1435
48 1444
35 1241
24 1292
16 1117
24 1344
49 1003
39 1184
26 1225
24 1400
28 1004
36 1202
45 1205
35 1105
26 1153
25 1495
48 1164
19 1338
19 1309
45 1255
12 1117
16 1338
37 1068
29 1159
27 1078
39 1262
12 1494
24 1144
26 1438
36 1471
47 1247
44 1376
34 1378
35 1427
28 1310
25 1476
18 1281
22 1195
39 1061
21 1433
26 1053
38 1221
40 1340
32 1166
48 1479
44 1498
30 1349
48 1098
41 1018
12 1283
10 1028
31 1033
30 1153
29 1142
15 1468
13 1024
45 1090
30 1331
25 1444
44 1433
14 1205
24 1406
30 1325
26 1230
29 1168
13 1346
25 1208
19 1270
24 1392
38 1103
16 1426
49 1475
10 1414
33 1428
42 1419
31 1050
12 1007
12 1395
10 1174
48 1412
43 1171
46 1441
33 1383
19 1375
47 1401
29 1322
43 1333
41 1259
27 1376
19 1338
30 1249
37 1468
40 1285
28 1083
17 1085
27 1341
41 1219
40 1489
29 1164
25 1269
13 1071
39 1467
19 1413
25 1424
47 1050
45 1267
30 1195
30 1273
21 1155
48 1396
23 1093
17 1082
48 1458
14 1368
47 1119
13 1214
26 1190
21 1296
46 1267
48 1109
25 1478
39 1293
44 1016
14 1484
44 1173
24 1483
14 1119
16 1131
29 1426
45 1120
37 1447
39 1127
41 1401
13 1422
13 1299
31 1441
17 1351
44 1242
41 1490
49 1290
44 1205
12 1400
30 1477
13 1394
41 1139
48 1444
38 1499
32 1138
33 1119
15 1017
49 1464
26 1305
45 1296
34 1142
36 1377
11 1314
35 1157
49 1299
42 1060
49 1295
48 1101
16 1393
40 1192
33 1216
32 1323
22 1296
41 1302
38 1212
40 1405
38 1476
24 1069
10 1404
29 1201
31 1107
17 1417
33 1118
12 1107
10 1107
20 1012
27 1352
49 1077
14 1362
13 1208
38 1378
16 1061
40 1383
48 1428
23 1070
20 1048
22 1223
15 1218
15 1192
11 1359
49 1178
28 1219
33 1356
40 1310
49 1129
30 1256
27 1487
33 1130
35 1245
41 1257
24 1369
35 1410
12 1021
36 1357
48 1200
35 1252
13 1028
44 1469
42 1115
41 1246
26 1009
15 1051
12 1086
45 1230
19 1027
28 1301
41 1068
36 1020
19 1176
40 1157
24 1217
21 1352
38 1065
14 1044
25 1047
21 1484
40 1028
14 1469
33 1489
35 1120
21 1407
13 1014
43 1369
28 1452
13 1080
43 1050
17 1275
19 1192
11 1206
42 1239
28 1167
36 1134
19 1468
19 1320
31 1278
14 1231
15 1467
29 1238
47 1341
48 1258
44 1263
10 1031
48 1046
18 1118
35 1498
41 1305
29 1403
28 1240
19 1115
36 1436
21 1032
13 1317
20 1077
38 1295
29 1263
40 1040
14 1100
11 1215
13 1493
47 1299
11 1252
44 1428
24 1487
28 1116
45 1281
17 1124
16 1252
35 1073
25 1188
21 1018
17 1237
11 1098
18 1257
39 1158
45 1219
32 1188
36 1476
29 1268
15 1085
31 1121
44 1426
49 1257
44 1321
32 1326
10 1141
48 1022
47 1063
16 1191
19 1340
48 1015
35 1374
24 1157
39 1134
32 1083
18 1066
34 1164
33 1224
34 1095
40 1014
15 1131
22 1263
35 1179
48 1042
31 1089
35 1108
37 1043
17 1388
29 1351
30 1222
23 1028
18 1263
45 1317
42 1139
47 1095
29 1299
40 1096
32 1316
24 1044
28 1293
15 1324
34 1279
47 1428
32 1329
26 1245
13 1170
39 1042
37 1313
17 1380
49 1144
25 1098
25 1371
12 1375
36 1333
42 1427
43 1253
18 1448
49 1013
39 1444
11 1382
41 1145
35 1249
16 1327
12 1288
12 1391
16 1101
44 1204
43 1087
35 1091
28 1217
28 1289
29 1378
16 1402
42 1147
39 1349
18 1477
26 1238
32 1372
39 1479
26 1263
27 1382
40 1493
34 1225
45 1355
24 1499
27 1100
13 1383
26 1406
15 1000
33 1007
44 1157
15 1004
27 1425
15 1064
41 1126
15 1266
31 1452
16 1412
17 1212
32 1258
16 1337
38 1443
20 1442
32 1409
22 1142
38 1196
25 1067
18 1156
36 1313
42 1125
31 1486
40 1093
39 1007
33 1444
14 1215
32 1100
41 1097
21 1183
23 1072
15 1203
23 1384
45 1363
47 1427
12 1048
36 1027
31 1227
17 1281
24 1011
43 1098
20 1402
12 1201
26 1176
19 1020
10 1285
27 1220
10 1305
10 1437
33 1356
41 1317
36 1468
13 1218
25 1039
38 1285
32 1010
15 1368
10 1089
16 1426
14 1474
30 1348
17 1444
39 1454
48 1046
38 1472
14 1322
18 1006
26 1084
27 1058
27 1213
21 1182
35 1082
27 1383
34 1184
13 1046
18 1032
35 1311
28 1218
21 1442
20 1190
40 1121
22 1066
27 1447
25 1010
33 1056
29 1077
28 1000
47 1174
43 1103
26 1171
31 1415
17 1022
44 1192
25 1275
16 1036
49 1197
31 1221
11 1286
23 1048
36 1166
15 1232
31 1052
13 1124
23 1021
48 1440
20 1127
45 1295
46 1116
23 1029
43 1224
42 1287
27 1297
17 1102
40 1069
39 1077
41 1486
15 1368
15 1092
21 1301
40 1208
43 1284
26 1365
32 1476
10 1068
20 1450
37 1239
25 1117
16 1140
22 1078
15 1098
41 1010
19 1193
42 1149
10 1340
17 1259
42 1312
48 1356
25 1414
33 1090
43 1428
30 1409
27 1386
46 1275
12 1244
49 1006
34 1485
10 1256
38 1283
26 1298
13 1190
12 1170
25 1110
32 1494
19 1101
38 1335
46 1479
30 1000
29 1302
29 1441
19 1483
47 1434
47 1215
39 1066
31 1224
31 1425
43 1119
47 1322
10 1097
18 1292
40 1326
45 1295
33 1434
48 1241
10 1425
42 1169
48 1054
44 1150
26 1163
38 1081
24 1181
49 1277
23 1236
31 1402
10 1098
31 1482
34 1117
21 1109
13 1182
34 1191
37 1464
19 1283
45 1235
39 1146
10 1143
16 1465
13 1279
16 1481
10 1200
15 1025
32 1201
48 1005
46 1287
42 1017
17 1008
39 1130
35 1438
40 1330
40 1428
20 1108
14 1360
11 1289
46 1089
42 1067
36 1322
36 1391
42 1453
43 1326
39 1483
48 1498
12 1242
28 1117
37 1065
33 1333
43 1199
20 1135
36 1155
33 1438
18 1416
14 1361
40 1144
12 1370
28 1283
46 1131
35 1347
32 1110
32 1297
38 1365
33 1442
15 1100
23 1160
10 1068
12 1423
49 1484
21 1204
14 1473
20 1195
44 1376
44 1190
36 1074
14 1471
35 1261
17 1275
21 1364
44 1099
47 1407
47 1248
33 1089
30 1003
47 1266
24 1281
40 1469
46 1485
25 1311
17 1361
26 1364
17 1092
24 1213
10 1380
15 1404
13 1011
25 1485
39 1100
37 1078
12 1320
47 1367
24 1305
27 1371
14 1061
29 1312
36 1261
33 1454
22 1178
12 1242
35 1435
37 1073
46 1116
31 1027
44 1432
12 1447
42 1450
37 1119
16 1426
31 1168
36 1329
11 1287
19 1132
46 1467
31 1262
20 1252
24 1458
15 1411
38 1146
33 1465
15 1300
38 1197
27 1208
33 1149
23 1158
33 1171
34 1190
30 1284
29 1427
35 1481
32 1492
35 1404
36 1440
23 1381
46 1100
13 1388
40 1472
39 1400
16 1196
41 1496
44 1283
26 1217
14 1441
44 1426
47 1118
43 1153
41 1239
42 1487
27 1118
34 1342
28 1084
22 1423
37 1492
12 1070
38 1495
46 1398
39 1052
11 1248
49 1485
35 1362
34 1329
30 1339
17 1231
13 1371
14 1181
39 1313
27 1132
38 1428
45 1129
40 1488
36 1154
33 1207
33 1285
13 1144
32 1047
10 1406
37 1101
22 1254
27 1434
34 1188
21 1080
15 1128
23 1476
39 1125
22 1318
20 1342
14 1257
19 1234
26 1255
43 1042
49 1011
28 1312
38 1169
31 1281
18 1022
47 1498
45 1321
17 1005
47 1238
24 1310
49 1120
33 1200
24 1111
49 1478
47 1274
41 1466
16 1036
23 1131
36 1285
14 1318
49 1213
49 1439
40 1417
34 1145
17 1416
26 1441
49 1086
30 1049
21 1321
42 1242
24 1168
21 1482
22 1230
44 1461
35 1490
20 1179
47 1106
16 1383
11 1365
32 1365
20 1169
30 1055
37 1052
35 1055
40 1067
20 1240
33 1328
45 1386
10 1358
44 1173
24 1289
41 1448
41 1369
27 1123
25 1233
26 1446
10 1373
41 1437
18 1168
16 1411
19 1416
39 1451
46 1155
30 1063
26 1135
22 1215
14 1182
49 1239
22 1315
25 1064
41 1435
45 1454
20 1051
24 1028
49 1484
19 1324
16 1032
46 1197
18 1101
30 1068
16 1144
37 1094
43 1269
37 1422
28 1373
40 1171
12 1470
20 1102
27 1017
47 1101
32 1154
28 1329
49 1431
15 1078
27 1130
45 1380
49 1124
39 1105
40 1118
47 1375
41 1054
37 1076
29 1164
17 1221
36 1184
24 1409
49 1249
10 1328
42 1167
40 1093
47 1398
14 1138
16 1235
11 1490
12 1305
25 1257
20 1414
32 1451
43 1445
49 1241
15 1271
11 1238
30 1209
18 1243
20 1296
29 1472
49 1407
15 1277
22 1253
35 1411
16 1465
11 1228
38 1097
27 1198
48 1132
26 1170
11 1267
49 1280
29 1334
30 1388
16 1370
34 1077
40 1146
20 1359
41 1158
13 1251
22 1488
31 1291
35 1111
10 1157
36 1441
31 1470
27 1385
10 1466
21 1402
45 1218
49 1383
33 1325
17 1343
14 1151
15 1046
29 1377
46 1052
33 1342
12 1054
19 1079
10 1184
26 1364
10 1143
34 1238
35 1274
15 1442
40 1363
28 1449
16 1273
16 1064
32 1126
26 1319
16 1064
24 1332
42 1303
38 1200
34 1383
29 1089
24 1113
39 1429
36 1410
43 1486
42 1061
34 1386
28 1181
13 1312
18 1089
23 1181
17 1445
26 1436
32 1051
40 1317
48 1289
13 1403
41 1274
21 1346
36 1124
11 1028
32 1083
26 1261
24 1293
42 1431
25 1478
36 1296
15 1233
36 1310
19 1495
35 1337
19 1235
24 1148
43 1175
18 1094
25 1124
32 1150
26 1485
20 1400
14 1272
45 1180
29 1233
41 1331
24 1171
45 1296
36 1007
47 1355
29 1056
20 1447
31 1165
48 1377
16 1116
44 1282
27 1228
36 1070
44 1305
31 1271
19 1349
34 1370
16 1417
42 1224
43 1316
15 1333
33 1248
43 1341
35 1210
20 1126
44 1262
30 1377
42 1494
14 1006
23 1146
22 1119
24 1474
10 1086
20 1418
18 1498
17 1016
24 1265
23 1398
18 1341
46 1068
48 1372
32 1421
44 1282
20 1272
13 1210
35 1039
49 1007
49 1440
19 1430
24 1361
47 1193
36 1167
39 1387
11 1099
29 1311
29 1037
36 1274
32 1022
15 1387
26 1046
24 1232
13 1477
39 1383
24 1421
37 1075
21 1131
42 1411
45 1186
12 1145
10 1376
39 1138
22 1139
41 1177
36 1129
16 1182
26 1006
41 1233
45 1415
49 1161
38 1396
40 1005
28 1161
46 1403
33 1494
16 1069
43 1108
19 1349
22 1136
33 1353
16 1027
18 1128
28 1159
15 1418
31 1257
45 1213
36 1192
32 1114
15 1456
13 1148
44 1233
48 1344
34 1407
22 1437
38 1259
23 1366
17 1202
34 1097
42 1196
21 1218
32 1220
21 1409
38 1201
32 1069
33 1057
40 1134
40 1086
28 1046
20 1475
44 1440
48 1475
42 1494
10 1153
46 1393
30 1417
17 1426
38 1422
16 1112
36 1237
49 1342
39 1138
12 1038
11 1128
27 1186
33 1437
20 1084
41 1389
27 1252
12 1491
37 1149
11 1183
27 1074
30 1161
20 1423
17 1429
43 1098
13 1423
48 1323
13 1009
10 1004
44 1304
17 1398
39 1431
24 1407
31 1162
16 1371
44 1005
17 1445
41 1300
31 1443
30 1044
21 1338
37 1231
37 1094
10 1463
16 1184
44 1221
20 1237
23 1338
42 1245
47 1373
42 1499
19 1453
38 1375
20 1347
29 1478
29 1172
36 1484
36 1189
26 1050
16 1400
38 1023
12 1088
39 1148
41 1123
24 1106
43 1081
17 1058
38 1325
11 1060
43 1207
45 1458
34 1468
42 1291
38 1183
34 1154
11 1299
17 1134
30 1394
35 1333
17 1162
20 1278
16 1087
37 1424
32 1112
10 1463
22 1070
25 1155
10 1307
14 1277
42 1161
12 1381
28 1445
46 1459
46 1078
10 1002
35 1045
25 1090
24 1455
44 1265
24 1258
31 1189
19 1144
11 1061
39 1463
19 1455
48 1449
19 1448
16 1128
12 1242
37 1408
12 1370
49 1273
24 1029
28 1051
17 1472
19 1273
24 1178
11 1068
36 1337
35 1136
38 1225
12 1362
21 1310
41 1396
10 1370
38 1386
34 1103
22 1254
10 1421
21 1168
36 1032
28 1157
47 1082
24 1214
24 1066
20 1115
23 1437
38 1312
43 1165
26 1340
37 1300
26 1496
39 1125
42 1314
35 1302
16 1480
22 1116
42 1177
10 1125
30 1039
34 1389
42 1179
24 1438
43 1137
26 1473
31 1199
24 1142
18 1190
42 1372
44 1026
42 1380
16 1058
33 1325
11 1061
45 1353
15 1040
22 1312
19 1121
30 1373
18 1213
36 1255
21 1115
31 1230
34 1338
37 1468
38 1281
49 1307
42 1104
15 1034
20 1211
27 1317
25 1257
46 1128
44 1166
47 1139
26 1047
39 1155
10 1202
11 1274
29 1192
28 1014
36 1108
34 1339
40 1070
40 1481
37 1496
37 1450
26 1385
20 1247
45 1100
10 1300
35 1483
28 1459
44 1448
47 1194
45 1423
15 1355
40 1441
38 1252
33 1326
38 1050
45 1148
22 1464
12 1451
42 1084
33 1147
34 1064
41 1117
38 1131
24 1369
14 1106
39 1357
49 1108
11 1265
22 1475
33 1205
21 1358
34 1078
22 1035
16 1333
20 1415
35 1116
40 1435
21 1295
29 1213
36 1409
44 1491
16 1353
38 1198
35 1478
39 1213
40 1480
41 1141
48 1225
30 1497
25 1216
32 1259
26 1162
46 1167
26 1345
10 1408
16 1381
45 1098
24 1295
23 1344
28 1245
23 1373
29 1047
45 1092
48 1216
33 1023
31 1075
39 1199
25 1216
33 1072
13 1171
21 1016
23 1111
39 1096
24 1287
30 1301
30 1105
16 1018
44 1199
35 1055
32 1431
29 1111
21 1373
10 1492
37 1360
24 1244
17 1344
34 1406
11 1208
44 1307
30 1201
17 1082
17 1330
22 1016
44 1228
12 1443
47 1307
14 1292
43 1282
29 1263
21 1480
36 1015
42 1081
17 1130
20 1490
49 1182
48 1256
21 1403
33 1141
47 1326
10 1316
26 1256
10 1021
49 1129
48 1155
25 1003
11 1217
32 1370
19 1485
27 1180
37 1490
31 1153
38 1068
13 1430
41 1350
23 1249
11 1272
41 1262
45 1194
26 1082
37 1249
19 1266
27 1233
33 1118
46 1117
11 1470
33 1216
28 1360
20 1307
28 1156
31 1305
15 1142
27 1184
23 1097
37 1178
16 1153
27 1269
43 1117
47 1043
31 1490
31 1134
11 1448
27 1038
47 1197
29 1346
19 1451
42 1096
16 1145
31 1455
15 1286
31 1190
11 1321
12 1302
34 1078
27 1275
34 1399
36 1246
31 1174
44 1254
49 1064
46 1002
40 1258
35 1204
46 1349
31 1181
30 1410
29 1295
17 1486
34 1269
29 1152
22 1407
24 1433
12 1061
39 1219
19 1119
44 1218
14 1188
29 1200
29 1199
26 1189
14 1458
23 1126
18 1367
35 1086
13 1405
11 1414
16 1027
41 1241
32 1214
28 1067
46 1484
28 1087
16 1410
18 1162
14 1301
30 1193
10 1187
21 1098
29 1011
26 1209
33 1274
44 1393
25 1022
42 1061
16 1350
17 1479
11 1369
43 1330
35 1265
11 1251
40 1451
47 1013
17 1205
20 1069
23 1368
45 1311
15 1348
15 1191
35 1333
16 1411
28 1074
29 1224
41 1313
27 1471
14 1035
32 1191
22 1037
34 1320
43 1013
12 1054
29 1450
26 1470
49 1317
25 1253
44 1255
48 1024
25 1069
31 1302
11 1154
46 1381
13 1287
16 1274
19 1345
24 1084
26 1478
49 1294
28 1019
49 1014
36 1055
34 1057
48 1298
10 1448
23 1302
33 1269
29 1149
29 1336
14 1423
31 1411
10 1265
19 1028
24 1305
33 1177
12 1277
16 1388
24 1440
28 1361
32 1426
29 1035
26 1332
37 1351
40 1076
20 1232
22 1181
40 1017
22 1227
12 1473
45 1171
14 1253
45 1143
20 1499
22 1362
18 1402
21 1470
36 1435
33 1483
15 1151
35 1045
10 1477
28 1326
34 1067
22 1041
17 1449
42 1288
25 1199
47 1129
29 1111
23 1105
29 1338
25 1343
30 1497
24 1309
25 1455
46 1382
22 1277
27 1421
20 1154
48 1306
40 1334
37 1021
37 1297
22 1406
23 1008
14 1220
38 1318
23 1403
39 1184
26 1287
47 1366
44 1421
37 1260
41 1067
45 1055
27 1079
24 1190
48 1127
39 1126
48 1462
40 1195
30 1335
38 1242
14 1105
20 1170
46 1021
45 1463
35 1001
31 1007
34 1155
27 1086
42 1349
32 1329
35 1112
39 1117
41 1135
14 1175
10 1342
26 1495
37 1148
41 1488
46 1173
37 1082
15 1058
18 1344
31 1424
18 1214
38 1420
43 1049
15 1066
10 1070
45 1143
24 1024
23 1312
40 1099
22 1330
42 1340
16 1337
20 1346
16 1253
30 1193
31 1232
40 1046
11 1178
14 1360
48 1202
36 1009
48 1260
13 1444
33 1183
23 1346
10 1362
10 1345
28 1351
39 1275
12 1252
15 1021
31 1275
48 1318
14 1360
29 1043
43 1497
43 1371
23 1108
43 1333
15 1084
22 1209
43 1281
17 1188
38 1245
44 1142
15 1320
27 1003
26 1266
19 1301
18 1309
17 1427
13 1066
43 1489
49 1060
21 1188
13 1063
46 1413
23 1178
26 1354
27 1133
32 1217
12 1103
14 1250
26 1060
43 1480
42 1483
21 1373
43 1303
12 1317
30 1212
15 1309
17 1124
47 1026
43 1104
20 1065
22 1266
48 1454
22 1282
45 1286
35 1167
46 1458
16 1121
27 1256
33 1157
36 1192
15 1103
33 1160
36 1239
24 1107
33 1431
31 1120
41 1262
24 1309
16 1282
26 1191
27 1405
30 1407
24 1130
27 1249
40 1384
19 1398
41 1159
20 1382
28 1055
23 1110
27 1171
15 1423
10 1118
26 1170
14 1057
19 1322
40 1311
15 1102
38 1292
27 1400
18 1124
39 1026
42 1346
25 1262
17 1424
42 1311
36 1382
46 1045
48 1122
23 1164
10 1184
28 1345
29 1021
19 1298
12 1315
17 1048
31 1355
34 1460
42 1117
48 1239
43 1130
39 1401
42 1412
44 1094
24 1234
41 1003
48 1384
39 1291
46 1499
31 1034
11 1135
43 1349
32 1498
10 1436
47 1266
15 1049
28 1038
43 1027
42 1098
48 1317
28 1429
37 1471
32 1198
13 1175
39 1379
40 1434
11 1317
24 1007
46 1085
21 1423
14 1247
43 1025
19 1156
22 1215
37 1363
37 1258
26 1180
36 1360
45 1089
38 1042
24 1238
37 1326
23 1251
26 1082
12 1134
45 1191
28 1249
46 1251
42 1139
32 1139
34 1328
29 1085
21 1204
15 1297
16 1133
43 1049
45 1210
43 1340
15 1269
30 1367
27 1070
17 1008
25 1321
30 1348
18 1370
42 1281
32 1022
30 1190
11 1167
44 1401
15 1329
20 1143
14 1474
18 1408
39 1251
17 1266
34 1443
45 1049
27 1365
49 1205
36 1014
25 1463
42 1247
27 1280
17 1064
36 1102
26 1307
30 1489
47 1361
30 1466
46 1208
41 1091
19 1034
30 1395
37 1010
15 1450
13 1226
13 1329
37 1331
40 1077
41 1131
33 1233
31 1450
44 1319
22 1371
23 1304
34 1396
40 1409
37 1332
43 1273
10 1028
17 1375
12 1309
15 1256
25 1121
45 1186
38 1050
34 1046
11 1492
10 1246
20 1230
31 1244
14 1128
47 1087
19 1145
31 1439
27 1215
47 1096
44 1486
19 1424
37 1136
35 1451
16 1084
11 1027
11 1160
18 1191
37 1139
17 1289
29 1423
44 1189
48 1003
47 1020
19 1315
20 1136
48 1148
22 1276
45 1098
22 1080
17 1441
12 1127
15 1077
31 1456
30 1335
10 1246
31 1243
20 1080
16 1136
44 1421
15 1462
25 1488
41 1482
19 1300
41 1086
10 1328
12 1105
33 1075
36 1140
28 1438
35 1145
48 1240
33 1276
13 1491
26 1274
38 1014
17 1270
39 1114
12 1242
26 1013
10 1065
45 1377
13 1166
12 1385
41 1350
45 1128
11 1043
34 1495
25 1455
33 1372
30 1025
41 1015
20 1416
28 1448
42 1051
40 1268
31 1276
37 1148
41 1189
49 1174
25 1177
18 1232
25 1083
18 1178
11 1061
43 1099
43 1184
12 1323
34 1082
44 1089
14 1493
15 1381
36 1384
35 1457
32 1053
34 1116
29 1083
45 1395
21 1245
34 1356
34 1295
28 1085
14 1031
13 1136
23 1017
10 1112
34 1314
29 1436
44 1276
30 1169
33 1384
48 1157
45 1357
34 1322
11 1121
34 1396
32 1431
17 1366
44 1225
44 1139
33 1360
19 1023
34 1469
44 1316
42 1369
46 1278
15 1064
29 1014
42 1380
38 1075
46 1044
36 1161
49 1412
23 1003
14 1251
16 1296
33 1479
19 1296
22 1170
41 1286
12 1091
27 1459
21 1378
15 1271
20 1407
28 1181
39 1287
16 1370
16 1023
47 1067
47 1085
11 1245
45 1340
34 1180
40 1276
20 1173
45 1266
35 1335
39 1491
22 1079
49 1087
47 1375
16 1062
36 1320
31 1363
46 1410
23 1365
36 1438
33 1197
12 1380
19 1151
17 1017
48 1231
11 1342
29 1100
12 1120
32 1244
25 1123
26 1104
37 1327
40 1085
30 1120
47 1413
27 1258
41 1196
26 1141
26 1028
12 1453
44 1117
19 1044
11 1190
14 1091
40 1262
29 1435
45 1135
28 1289
45 1436
37 1100
13 1238
31 1417
12 1280
26 1373
37 1188
29 1020
46 1063
32 1190
45 1357
44 1470
27 1093
21 1497
24 1291
40 1029
37 1118
18 1484
12 1248
16 1134
29 1290
44 1424
11 1113
12 1087
18 1363
44 1266
31 1003
20 1395
24 1287
15 1217
30 1101
38 1441
24 1189
15 1213
40 1396
18 1417
12 1132
44 1376
26 1093
31 1171
19 1245
49 1205
47 1400
39 1201
46 1146
21 1393
11 1423
34 1262
23 1350
29 1128
25 1051
36 1310
43 1140
27 1094
35 1183
46 1074
27 1015
24 1240
16 1169
23 1419
21 1307
12 1061
29 1413
26 1243
29 1366
34 1474
46 1005
48 1065
22 1003
44 1253
28 1187
41 1238
48 1070
45 1253
32 1163
30 1214
46 1388
30 1405
12 1295
22 1040
28 1043
26 1415
28 1351
44 1125
11 1088
17 1183
23 1441
35 1070
32 1486
49 1079
48 1137
48 1272
15 1380
29 1413
24 1333
34 1260
15 1230
49 1004
22 1300
22 1108
46 1316
10 1262
13 1326
26 1119
10 1035
40 1386
11 1467
41 1070
20 1360
39 1483
38 1352
18 1026
13 1205
16 1232
48 1399
47 1341
19 1185
49 1178
27 1383
49 1415
36 1226
25 1435
11 1226
19 1043
42 1408
37 1269
20 1244
16 1267
44 1483
33 1047
32 1357
36 1444
48 1445
31 1285
34 1391
31 1191
45 1451
42 1096
25 1068
24 1318
47 1100
48 1425
10 1067
16 1463
19 1361
20 1009
22 1041
47 1430
25 1179
41 1223
49 1211
38 1321
22 1078
33 1255
45 1073
21 1343
11 1003
14 1376
32 1247
20 1175
10 1357
27 1085
42 1167
30 1457
12 1210
14 1317
49 1379
38 1154
46 1381
36 1123
47 1250
17 1461
45 1452
34 1354
12 1178
49 1022
10 1470
33 1190
46 1210
17 1449
20 1171
31 1330
47 1034
41 1474
32 1059
12 1371
27 1107
19 1129
24 1412
23 1153
46 1279
40 1266
18 1450
33 1419
45 1165
30 1159
15 1031
18 1358
38 1022
44 1441
43 1447
43 1006
13 1153
46 1220
13 1180
12 1325
13 1087
47 1000
37 1315
14 1169
32 1261
35 1102
19 1464
35 1456
27 1351
32 1498
28 1225
45 1432
48 1376
38 1418
18 1068
32 1073
45 1170
28 1037
46 1337
21 1395
49 1101
29 1181
21 1378
29 1025
26 1018
44 1341
20 1099
27 1007
16 1470
13 1260
45 1387
25 1090
33 1216
49 1392
41 1383
10 1417
39 1137
28 1269
46 1343
27 1215
36 1151
37 1311
16 1223
26 1457
18 1458
30 1197
11 1451
36 1063
11 1061
20 1322
46 1024
34 1471
44 1055
14 1357
18 1253
32 1151
27 1260
23 1278
44 1255
38 1341
38 1198
35 1275
35 1048
23 1206
11 1479
27 1106
46 1355
33 1100
20 1251
24 1064
23 1170
38 1414
16 1321
16 1156
14 1078
39 1303
14 1029
41 1277
41 1163
25 1010
47 1398
24 1064
45 1358
34 1227
39 1301
47 1157
40 1069
11 1026
27 1043
46 1316
42 1436
38 1047
47 1369
16 1141
25 1395
34 1393
15 1377
42 1056
16 1462
13 1467
14 1187
26 1396
45 1413
36 1153
39 1366
33 1233
14 1479
11 1314
49 1013
42 1425
46 1358
46 1299
40 1159
40 1035
16 1310
49 1205
42 1426
42 1460
31 1083
19 1391
28 1399
27 1371
19 1229
38 1167
48 1219
29 1139
15 1342
34 1360
29 1138
11 1115
11 1289
43 1241
42 1184
46 1285
13 1365
32 1416
49 1222
11 1417
24 1267
10 1064
32 1443
23 1481
48 1307
46 1221
42 1483
49 1488
18 1437
14 1479
16 1161
17 1174
14 1349
21 1277
10 1173
31 1083
13 1017
17 1418
25 1402
10 1200
14 1362
32 1050
21 1044
20 1412
13 1141
47 1482
10 1402
49 1313
40 1351
44 1402
34 1026
22 1162
28 1387
29 1168
35 1368
29 1351
32 1183
12 1441
34 1457
30 1203
31 1439
36 1049
16 1245
33 1040
40 1499
16 1087
14 1370
46 1143
22 1163
26 1446
24 1100
47 1015
32 1229
22 1452
47 1151
45 1461
11 1467
40 1223
22 1295
48 1021
10 1023
17 1078
12 1027
39 1447
15 1393
11 1134
15 1450
41 1304
48 1005
43 1458
41 1065
35 1380
39 1255
14 1180
37 1496
22 1280
13 1011
19 1439
22 1039
22 1392
47 1143
23 1328
21 1444
47 1395
24 1224
34 1337
47 1112
19 1097
12 1262
14 1454
37 1476
30 1081
15 1452
13 1342
39 1446
27 1468
25 1402
21 1076
14 1288
40 1112
21 1041
26 1336
43 1121
39 1341
29 1495
10 1449
41 1243
32 1443
38 1498
20 1189
35 1291
44 1440
46 1046
43 1418
47 1482
28 1413
27 1230
45 1097
20 1173
36 1417
45 1247
13 1074
23 1305
37 1296
28 1395
31 1006
25 1487
21 1215
24 1088
15 1070
25 1425
36 1160
24 1407
32 1194
40 1458
48 1367
31 1331
23 1047
29 1339
29 1022
31 1089
48 1173
20 1497
49 1067
20 1078
25 1465
32 1041
10 1369
33 1422
34 1021
18 1013
25 1271
22 1022
28 1185
13 1284
17 1032
23 1362
10 1483
39 1115
47 1406
23 1098
16 1475
23 1175
26 1341
19 1198
41 1391
28 1317
35 1282
29 1277
25 1391
47 1219
28 1232
49 1194
34 1091
22 1393
37 1157
49 1189
26 1136
10 1003
43 1285
11 1161
18 1478
13 1394
48 1412
23 1180
47 1068
17 1334
45 1458
16 1062
48 1413
49 1067
42 1368
37 1441
48 1075
16 1045
25 1069
22 1430
24 1017
12 1472
33 1359
48 1158
40 1095
26 1323
18 1163
34 1035
34 1269
46 1408
44 1368
42 1063
23 1278
41 1155
28 1126
27 1364
13 1132
43 1428
25 1287
38 1045
32 1207
13 1084
18 1336
30 1151
48 1473
27 1313
42 1061
25 1114
43 1235
20 1078
41 1149
14 1428
20 1269
22 1066
31 1380
17 1234
34 1399
49 1424
12 1238
45 1437
17 1347
42 1464
48 1072
32 1460
15 1122
39 1005
30 1447
18 1132
26 1184
16 1383
24 1498
20 1122
29 1004
12 1165
24 1197
38 1245
34 1232
35 1284
37 1057
45 1209
48 1186
48 1106
12 1289
45 1050
21 1284
24 1356
11 1006
26 1150
32 1413
42 1290
29 1076
28 1122
15 1361
37 1265
31 1379
41 1372
17 1072
38 1225
22 1321
46 1379
33 1175
29 1469
48 1398
44 1200
38 1282
11 1288
22 1333
25 1203
27 1201
31 1392
29 1082
49 1364
14 1085
20 1033
21 1319
25 1074
12 1299
13 1484
27 1461
22 1017
11 1410
32 1010
29 1340
38 1427
24 1421
17 1384
18 1484
37 1105
14 1100
49 1034
32 1340
26 1304
39 1120
31 1001
12 1425
36 1303
26 1170
31 1143
22 1110
22 1217
39 1371
39 1220
36 1349
24 1359
30 1296
20 1116
44 1317
48 1317
16 1261
25 1214
47 1072
36 1494
28 1006
15 1085
41 1356
48 1284
35 1267
47 1377
42 1410
23 1138
14 1001
14 1357
20 1226
33 1303
20 1355
23 1483
43 1005
47 1328
27 1377
42 1145
20 1077
10 1242
39 1231
35 1245
22 1361
27 1319
42 1269
44 1305
40 1107
45 1131
20 1012
39 1329
15 1024
46 1002
23 1150
18 1308
13 1356
23 1386
19 1116
28 1075
17 1167
16 1217
20 1198
40 1057
46 1092
39 1071
38 1356
10 1098
33 1284
15 1224
12 1036
23 1015
39 1417
14 1353
22 1000
12 1269
33 1003
15 1309
34 1372
26 1030
39 1067
39 1043
41 1060
40 1227
31 1387
30 1148
18 1275
34 1309
43 1280
38 1405
21 1283
30 1458
21 1481
23 1370
48 1051
15 1266
10 1472
10 1298
42 1350
48 1381
20 1247
19 1188
42 1494
14 1347
10 1062
25 1394
45 1024
28 1204
34 1266
15 1277
48 1304
20 1350
26 1065
46 1485
46 1247
30 1154
48 1363
30 1036
35 1483
21 1147
36 1034
17 1284
11 1373
17 1377
49 1234
26 1368
26 1075
13 1300
11 1229
35 1308
45 1186
41 1181
14 1343
37 1352
34 1101
19 1102
33 1473
30 1188
26 1159
18 1263
32 1406
36 1293
22 1303
17 1347
30 1062
38 1115
15 1316
15 1014
14 1242
30 1392
40 1417
44 1235
30 1294
23 1368
26 1076
24 1409
41 1040
29 1383
25 1397
27 1445
30 1491
41 1344
48 1056
23 1316
25 1368
49 1364
42 1425
33 1189
40 1296
38 1471
38 1207
12 1140
20 1251
10 1487
15 1040
19 1397
49 1422
35 1084
47 1268
35 1311
31 1195
44 1102
20 1309
38 1098
49 1226
23 1380
11 1166
29 1173
16 1134
35 1029
12 1411
16 1228
12 1266
24 1495
19 1475
10 1178
21 1227
10 1183
40 1469
20 1175
18 1494
42 1109
31 1392
24 1363
24 1180
29 1238
18 1174
32 1276
35 1447
25 1391
26 1072
22 1302
41 1045
16 1028
11 1227
18 1147
19 1138
42 1163
46 1071
38 1296
36 1151
32 1053
24 1354
30 1316
22 1338
39 1480
22 1473
36 1157
43 1127
11 1473
27 1212
13 1186
45 1374
34 1358
17 1295
22 1413
45 1084
42 1075
20 1413
37 1247
47 1358
10 1381
34 1067
39 1457
29 1275
20 1477
34 1465
34 1078
21 1382
20 1056
30 1468
34 1488
39 1245
46 1218
41 1462
16 1348
31 1094
33 1007
49 1402
13 1431
23 1198
41 1476
35 1047
38 1222
26 1192
16 1357
17 1386
20 1161
49 1063
36 1115
34 1410
40 1416
41 1488
17 1274
47 1070
44 1007
11 1030
14 1105
12 1387
49 1467
17 1294
25 1405
46 1441
30 1396
24 1179
28 1326
10 1033
28 1053
44 1011
23 1322
45 1206
21 1383
48 1029
38 1318
42 1108
24 1299
35 1049
29 1435
45 1343
38 1076
47 1482
11 1019
21 1483
10 1347
48 1279
39 1355
34 1409
15 1137
15 1282
39 1154
23 1116
29 1084
19 1400
14 1178
29 1412
30 1181
14 1486
10 1017
20 1049
11 1453
12 1313
31 1049
49 1388
18 1333
35 1285
46 1108
13 1281
10 1471
27 1253
21 1285
10 1215
41 1249
13 1125
24 1215
35 1396
35 1472
22 1363
14 1216
33 1021
29 1175
34 1326
45 1063
46 1106
43 1143
34 1337
46 1271
33 1034
24 1328
35 1174
16 1348
39 1305
38 1172
22 1056
48 1056
49 1404
47 1079
30 1445
14 1195
22 1340
39 1099
33 1323
36 1084
34 1230
23 1127
42 1296
40 1030
20 1433
24 1483
48 1249
21 1312
27 1123
34 1078
18 1469
39 1312
27 1415
18 1296
45 1495
30 1069
33 1460
17 1017
14 1426
13 1186
30 1385
24 1121
21 1272
43 1231
15 1434
38 1489
38 1035
11 1404
24 1243
39 1351
46 1171
30 1162
11 1452
18 1399
40 1498
23 1077
49 1304
26 1244
36 1270
47 1025
10 1317
17 1485
25 1340
40 1265
23 1426
15 1368
17 1129
23 1335
27 1093
29 1260
23 1048
19 1425
38 1165
38 1404
29 1066
47 1489
46 1305
24 1391
10 1311
30 1232
12 1244
17 1444
18 1248
11 1195
48 1043
11 1317
47 1407
16 1491
37 1410
14 1482
24 1302
14 1255
16 1422
39 1057
32 1455
49 1330
14 1123
38 1250
26 1494
49 1085
30 1128
22 1090
24 1124
20 1221
43 1162
32 1254
21 1329
41 1390
39 1276
22 1229
30 1498
34 1469
38 1274
24 1331
38 1115
21 1216
40 1259
25 1427
32 1304
34 1196
24 1376
27 1334
39 1365
40 1418
30 1048
48 1439
17 1295
27 1258
26 1064
37 1492
16 1263
10 1352
32 1373
43 1401
23 1099
21 1393
18 1447
29 1274
23 1115
23 1276
39 1464
47 1082
21 1347
37 1448
38 1233
35 1403
11 1003
18 1015
30 1397
33 1498
47 1349
17 1032
23 1274
18 1174
31 1436
15 1172
35 1003
30 1081
40 1373
33 1119
35 1212
31 1356
47 1088
20 1022
28 1027
40 1476
18 1355
19 1080
27 1104
20 1399
47 1078
30 1144
47 1266
43 1203
42 1037
37 1070
29 1149
37 1208
31 1051
30 1111
12 1251
38 1141
21 1395
27 1196
22 1441
36 1452
24 1074
16 1128
17 1163
38 1002
23 1377
48 1327
11 1449
29 1106
26 1389
42 1403
16 1295
42 1059
17 1075
45 1064
33 1144
41 1459
15 1190
20 1033
36 1496
31 1159
46 1157
17 1076
18 1041
33 1250
20 1278
22 1286
21 1203
44 1385
31 1321
34 1156
41 1350
14 1343
12 1339
24 1446
24 1137
16 1311
38 1294
35 1064
26 1401
31 1302
43 1121
32 1361
46 1103
47 1158
15 1479
46 1382
40 1263
26 1107
47 1452
11 1420
13 1385
40 1151
24 1336
39 1449
32 1072
44 1282
45 1394
46 1402
48 1222
39 1306
30 1188
28 1030
33 1113
43 1061
47 1040
34 1170
24 1153
16 1427
12 1326
24 1314
19 1155
27 1309
49 1399
44 1190
15 1395
12 1484
13 1016
30 1455
41 1491
32 1405
24 1223
31 1080
45 1277
19 1012
22 1316
27 1036
16 1019
20 1215
23 1214
33 1152
18 1010
28 1049
23 1019
23 1270
45 1210
48 1455
13 1187
35 1336
18 1088
33 1014
27 1197
18 1466
24 1061
44 1336
38 1394
28 1370
46 1109
24 1287
13 1141
24 1289
22 1116
39 1025
19 1110
11 1016
24 1482
13 1437
17 1355
12 1146
35 1025
19 1170
25 1082
45 1232
10 1312
44 1255
15 1220
39 1126
48 1002
18 1026
34 1338
39 1430
47 1154
31 1403
33 1094
11 1228
11 1401
28 1468
15 1218
42 1347
33 1219
26 1282
47 1037
29 1003
33 1097
46 1451
48 1141
44 1482
17 1079
48 1456
15 1114
27 1293
37 1452
33 1056
15 1225
12 1330
20 1249
20 1353
15 1234
31 1496
19 1029
17 1244
30 1244
25 1186
18 1023
29 1267
38 1355
23 1082
39 1168
37 1364
46 1149
42 1443
29 1380
36 1420
27 1051
20 1335
16 1323
33 1329
39 1304
42 1055
27 1367
17 1482
22 1249
12 1428
14 1084
17 1230
10 1129
37 1039
26 1445
35 1213
12 1189
37 1269
17 1435
31 1441
10 1250
16 1129
45 1190
11 1143
12 1396
17 1061
49 1377
42 1123
33 1131
24 1153
31 1417
26 1218
21 1235
48 1237
43 1455
17 1184
31 1423
44 1420
32 1487
35 1319
45 1447
30 1088
16 1244
17 1086
23 1093
10 1022
20 1108
10 1234
41 1201
19 1385
36 1189
18 1343
35 1168
10 1396
31 1367
25 1426
24 1053
20 1076
39 1255
35 1412
48 1400
49 1432
33 1276
32 1210
38 1039
24 1232
13 1251
43 1371
23 1001
21 1227
12 1084
45 1481
35 1419
31 1317
36 1220
29 1070
17 1447
14 1238
13 1317
10 1117
48 1455
27 1087
12 1284
28 1038
18 1115
34 1263
22 1392
37 1222
45 1072
32 1363
48 1189
17 1321
35 1387
12 1471
13 1137
36 1000
41 1383
20 1007
19 1134
47 1250
45 1484
40 1315
34 1197
28 1141
11 1448
32 1218
13 1319
11 1342
41 1194
17 1420
24 1389
26 1444
22 1003
35 1160
18 1191
25 1499
34 1240
46 1328
29 1194
40 1161
49 1196
37 1125
49 1129
29 1284
29 1322
39 1119
33 1484
27 1455
11 1495
26 1283
47 1409
13 1394
46 1430
22 1057
16 1098
41 1383
47 1173
48 1295
19 1182
25 1473
47 1228
30 1447
36 1172
16 1095
15 1254
22 1190
18 1025
40 1423
21 1187
18 1133
17 1446
37 1442
29 1362
10 1041
47 1218
44 1156
17 1288
43 1078
35 1118
48 1239
24 1117
29 1215
42 1463
41 1283
24 1428
43 1373
10 1118
45 1127
12 1357
13 1408
11 1063
21 1373
45 1145
15 1498
42 1290
26 1222
13 1335
49 1472
22 1013
40 1068
30 1154
26 1169
36 1378
43 1317
29 1079
40 1100
30 1035
47 1425
49 1158
44 1137
32 1281
33 1436
17 1152
36 1474
18 1330
14 1393
32 1206
48 1465
11 1289
43 1150
18 1363
43 1131
39 1238
44 1353
28 1102
20 1448
11 1087
28 1471
42 1184
31 1369
38 1418
14 1423
30 1345
42 1425
36 1255
38 1096
32 1152
37 1380
23 1198
15 1121
22 1474
36 1060
28 1165
17 1317
49 1498
45 1175
26 1319
14 1455
40 1390
28 1190
21 1472
43 1005
25 1049
13 1293
45 1264
23 1061
25 1167
17 1185
19 1133
36 1490
33 1270
32 1412
42 1286
36 1407
35 1291
46 1077
11 1308
36 1084
33 1141
23 1175
49 1287
33 1021
30 1282
31 1418
49 1389
14 1138
38 1436
16 1271
49 1159
46 1173
43 1256
30 1407
10 1496
12 1433
29 1388
45 1194
31 1492
29 1404
11 1453
11 1089
39 1401
16 1358
20 1291
16 1276
43 1146
19 1370
35 1490
15 1299
12 1113
20 1434
26 1444
27 1138
11 1495
47 1308
25 1157
37 1389
33 1052
40 1012
26 1041
23 1308
37 1380
22 1289
34 1270
10 1229
11 1459
18 1200
44 1373
33 1357
14 1335
35 1400
26 1441
18 1447
30 1410
39 1342
26 1374
18 1361
49 1119
12 1180
48 1281
27 1467
36 1116
28 1181
49 1057
30 1191
13 1288
39 1437
30 1220
39 1495
32 1378
14 1311
39 1438
46 1393
21 1499
42 1339
34 1007
49 1458
35 1236
41 1174
36 1112
17 1175
10 1375
46 1394
30 1284
16 1213
30 1004
24 1012
26 1052
29 1039
12 1124
14 1196
45 1467
48 1163
16 1391
24 1332
34 1358
24 1479
18 1373
29 1017
38 1272
23 1097
47 1309
43 1335
25 1138
13 1014
35 1056
36 1492
23 1320
16 1238
49 1332
22 1351
22 1085
49 1231
10 1287
49 1226
15 1423
16 1011
23 1135
28 1053
19 1062
35 1465
30 1470
19 1479
16 1229
27 1475
27 1411
36 1336
22 1469
35 1083
29 1021
27 1021
21 1333
20 1393
10 1177
28 1457
15 1253
10 1037
19 1390
37 1314
37 1108
46 1377
27 1032
23 1486
13 1046
24 1032
12 1127
17 1130
10 1470
23 1119
32 1364
10 1273
37 1259
40 1014
27 1303
44 1464
14 1415
14 1430
20 1045
22 1065
23 1137
25 1233
18 1213
47 1131
38 1104
14 1231
26 1379
37 1449
40 1095
16 1390
40 1335
25 1495
48 1195
27 1305
18 1367
36 1399
34 1057
19 1066
31 1166
38 1068
39 1309
24 1155
33 1287
40 1220
30 1259
34 1282
32 1221
42 1248
21 1184
13 1049
35 1119
18 1037
44 1356
46 1214
46 1150
43 1474
35 1143
14 1202
34 1374
23 1083
16 1070
33 1211
22 1087
15 1420
35 1395
20 1063
49 1394
14 1161
41 1302
33 1303
26 1193
46 1142
35 1166
37 1034
32 1367
10 1369
10 1074
17 1389
13 1457
39 1187
14 1477
35 1427
41 1079
49 1288
18 1000
26 1428
44 1457
34 1352
10 1052
23 1484
25 1066
48 1267
21 1064
25 1158
21 1360
32 1037
12 1239
47 1000
35 1360
19 1005
18 1418
33 1431
44 1044
42 1123
33 1480
12 1094
46 1096
14 1328
49 1354
14 1393
46 1089
43 1035
47 1327
33 1074
47 1074
23 1223
25 1321
11 1324
30 1226
31 1186
23 1498
18 1372
43 1062
41 1165
22 1236
38 1345
35 1250
48 1125
22 1435
26 1043
42 1199
43 1096
28 1402
25 1234
49 1443
23 1482
40 1246
38 1184
47 1336
19 1415
47 1476
13 1176
24 1448
32 1093
34 1495
14 1460
43 1445
20 1270
32 1098
36 1033
48 1182
32 1371
40 1001
29 1240
13 1175
27 1379
19 1438
44 1387
27 1143
39 1363
35 1143
11 1164
13 1037
22 1443
36 1129
18 1201
12 1062
19 1499
27 1066
20 1397
21 1423
24 1016
43 1121
19 1103
37 1427
17 1040
41 1385
22 1256
21 1266
27 1395
37 1418
27 1053
25 1167
41 1397
36 1263
17 1402
39 1298
11 1127
29 1165
22 1088
13 1128
26 1229
27 1287
15 1350
27 1067
18 1361
38 1351
11 1232
48 1382
33 1198
15 1289
41 1423
29 1098
11 1145
40 1131
11 1434
14 1483
47 1259
39 1321
45 1402
31 1420
17 1181
17 1207
41 1380
24 1044
20 1395
38 1421
46 1096
32 1108
32 1481
41 1078
11 1055
18 1152
33 1137
38 1190
45 1041
11 1470
49 1228
48 1299
14 1380
12 1194
40 1416
20 1134
13 1371
38 1485
16 1014
16 1219
39 1206
17 1225
22 1213
27 1038
19 1408
30 1491
47 1077
24 1468
49 1187
12 1234
17 1357
43 1116
33 1242
48 1061
47 1118
10 1279
36 1045
49 1049
41 1191
10 1247
35 1320
47 1144
32 1195
15 1130
39 1144
29 1448
42 1082
48 1072
47 1406
34 1210
31 1053
14 1235
10 1212
14 1016
35 1312
12 1025
16 1337
32 1410
22 1072
29 1469
47 1010
12 1487
16 1418
44 1295
48 1124
38 1236
38 1005
44 1258
31 1313
31 1491
40 1104
28 1474
14 1142
12 1013
10 1256
14 1274
40 1283
18 1334
48 1312
44 1238
11 1308
44 1260
10 1356
21 1063
17 1499
20 1075
43 1303
12 1004
19 1158
16 1220
14 1014
26 1162
32 1086
37 1138
16 1334
11 1263
37 1225
40 1044
48 1453
12 1399
14 1420
25 1042
24 1430
26 1355
20 1120
27 1099
14 1472
46 1000
41 1449
23 1496
40 1375
28 1059
40 1323
20 1105
10 1308
43 1434
16 1378
43 1417
29 1257
32 1057
22 1029
19 1343
31 1403
41 1023
18 1496
30 1419
25 1015
16 1224
36 1199
15 1303
28 1401
18 1080
47 1061
14 1314
27 1404
31 1115
42 1031
29 1280
45 1292
46 1132
26 1299
10 1245
35 1245
33 1101
44 1208
23 1199
36 1063
46 1131
49 1416
33 1376
36 1253
18 1426
28 1255
45 1093
12 1165
17 1187
13 1164
13 1151
44 1387
35 1040
34 1160
40 1322
37 1394
19 1010
43 1280
35 1431
20 1464
49 1124
25 1430
21 1444
27 1359
38 1495
47 1426
44 1485
24 1025
22 1253
18 1306
18 1474
33 1086
45 1452
49 1296
42 1382
24 1479
46 1237
43 1134
32 1332
10 1291
45 1058
46 1055
11 1079
49 1387
13 1255
15 1084
36 1186
11 1103
44 1287
43 1277
10 1078
30 1104
31 1363
10 1150
23 1010
45 1303
32 1280
40 1451
24 1096
39 1043
19 1334
46 1332
22 1468
25 1016
17 1324
10 1153
24 1145
45 1434
14 1354
41 1051
32 1453
35 1313
41 1037
30 1322
18 1254
43 1498
41 1254
47 1232
15 1150
45 1361
22 1218
45 1412
13 1125
37 1408
11 1134
43 1040
20 1319
31 1484
30 1288
49 1297
41 1277
25 1137
37 1065
49 1372
43 1033
38 1405
44 1285
39 1174
38 1102
29 1290
28 1045
12 1117
18 1423
34 1185
38 1127
13 1091
39 1151
22 1072
15 1299
16 1293
35 1407
17 1055
38 1017
30 1293
40 1128
31 1179
34 1163
42 1420
30 1128
26 1071
13 1269
32 1320
11 1091
46 1253
27 1056
27 1329
29 1425
27 1298
39 1418
21 1217
49 1123
22 1013
40 1487
15 1108
11 1154
11 1127
29 1315
29 1352
45 1459
30 1116
27 1452
18 1041
38 1227
44 1108
34 1101
35 1394
21 1242
22 1010
12 1055
43 1167
30 1489
27 1155
24 1400
38 1356
12 1027
43 1169
17 1052
17 1392
34 1040
23 1024
17 1431
13 1163
40 1242
15 1414
43 1298
44 1306
36 1329
15 1143
25 1426
42 1039
14 1253
43 1033
11 1221
34 1170
29 1171
29 1487
34 1334
49 1167
11 1118
43 1084
29 1003
30 1132
32 1425
40 1138
14 1223
43 1327
23 1391
23 1016
46 1103
26 1124
30 1301
49 1155
14 1349
46 1124
49 1206
33 1091
35 1304
20 1206
14 1425
41 1441
25 1473
23 1143
36 1457
42 1417
37 1441
33 1423
29 1083
43 1436
31 1011
47 1130
29 1469
46 1275
22 1338
15 1365
47 1471
45 1074
19 1120
37 1187
40 1471
12 1355
24 1023
28 1034
25 1322
23 1139
46 1428
44 1460
45 1416
14 1065
14 1387
31 1350
15 1397
19 1008
28 1449
12 1110
26 1389
34 1468
30 1026
36 1269
48 1251
18 1167
33 1276
49 1078
30 1346
48 1350
20 1251
32 1419
34 1037
31 1379
26 1310
26 1022
16 1365
13 1323
44 1246
15 1008
25 1031
26 1389
31 1136
18 1398
47 1029
44 1452
21 1455
44 1489
29 1383
36 1092
36 1312
12 1363
33 1132
25 1449
49 1397
17 1113
24 1158
12 1166
39 1325
27 1467
46 1274
44 1089
31 1175
38 1237
31 1258
42 1095
47 1430
34 1263
14 1196
27 1308
47 1024
19 1153
26 1358
14 1387
49 1418
38 1197
28 1005
34 1049
45 1176
24 1426
45 1276
39 1319
22 1478
11 1418
44 1330
19 1497
10 1411
32 1433
47 1300
37 1040
18 1480
29 1024
15 1304
20 1345
22 1498
18 1099
10 1400
11 1099
14 1198
48 1271
13 1349
43 1220
27 1276
33 1155
48 1112
37 1381
27 1261
46 1301
11 1232
30 1183
48 1494
37 1008
40 1089
38 1419
45 1043
14 1138
22 1429
38 1147
34 1131
17 1079
17 1180
33 1181
18 1102
13 1080
38 1031
36 1385
37 1208
19 1367
18 1295
39 1422
43 1451
47 1442
43 1017
39 1375
32 1237
21 1070
17 1018
30 1329
42 1433
10 1429
20 1159
13 1385
34 1447
35 1396
20 1002
23 1481
19 1233
31 1226
17 1336
18 1022
27 1218
38 1369
45 1174
17 1436
40 1233
42 1226
11 1424
26 1465
19 1158
48 1051
25 1487
48 1257
26 1280
21 1419
46 1047
31 1317
42 1056
15 1474
22 1354
34 1271
38 1398
43 1469
25 1138
12 1310
30 1371
36 1002
15 1357
49 1231
21 1311
20 1385
33 1313
12 1042
39 1031
34 1318
13 1144
37 1130
33 1384
12 1301
21 1336
35 1219
34 1153
31 1042
44 1160
22 1145
41 1276
40 1043
11 1355
14 1120
30 1081
35 1070
23 1037
39 1478
45 1349
27 1394
11 1430
27 1334
46 1133
44 1439
18 1315
12 1429
39 1360
40 1357
41 1434
25 1367
28 1229
23 1224
12 1104
44 1045
27 1479
16 1279
46 1342
20 1082
48 1307
18 1369
26 1167
13 1000
18 1113
23 1382
32 1383
37 1090
40 1255
23 1478
22 1336
31 1355
18 1135
12 1052
46 1117
15 1248
36 1380
38 1222
21 1286
42 1340
34 1092
11 1157
32 1256
39 1165
23 1170
38 1311
48 1263
39 1371
44 1288
34 1064
40 1493
20 1444
46 1004
20 1115
28 1157
11 1085
47 1281
46 1199
21 1288
13 1052
18 1465
13 1145
32 1077
11 1270
43 1052
23 1394
34 1497
32 1402
15 1093
27 1278
10 1447
34 1277
13 1152
44 1118
27 1274
23 1164
15 1448
48 1499
27 1491
39 1418
32 1453
33 1077
31 1304
25 1216
15 1109
29 1163
23 1473
12 1412
17 1026
17 1440
44 1448
25 1298
32 1135
17 1368
14 1470
46 1332
34 1023
41 1490
26 1198
17 1263
36 1373
13 1128
47 1410
12 1205
15 1215
11 1433
32 1465
37 1127
45 1016
37 1252
25 1213
30 1113
38 1281
30 1491
16 1116
22 1053
17 1143
31 1260
39 1412
16 1013
31 1460
30 1087
29 1211
34 1293
20 1018
10 1103
14 1012
13 1451
33 1406
27 1018
46 1318
23 1432
48 1201
38 1359
22 1083
10 1154
43 1328
10 1135
14 1476
49 1169
12 1064
41 1063
11 1459
28 1216
33 1382
16 1039
20 1317
22 1287
24 1497
38 1126
12 1337
25 1105
24 1484
45 1100
36 1224
35 1425
26 1093
35 1128
17 1221
47 1279
24 1374
19 1489
46 1290
24 1479
45 1048
47 1335
40 1472
31 1322
14 1163
49 1441
22 1241
44 1017
30 1174
48 1370
40 1364
30 1129
45 1470
40 1442
14 1448
49 1461
38 1055
42 1121
41 1438
15 1070
38 1371
22 1228
39 1358
18 1036
42 1464
29 1086
47 1385
21 1438
26 1261
16 1024
28 1406
38 1193
38 1021
13 1236
37 1406
25 1470
44 1291
30 1120
29 1000
20 1321
20 1442
31 1209
46 1195
27 1256
17 1200
11 1153
28 1003
15 1207
44 1225
46 1078
27 1338
16 1026
32 1223
45 1046
19 1366
15 1381
37 1286
42 1070
47 1009
32 1113
10 1350
12 1442
42 1397
38 1456
49 1095
30 1144
46 1357
32 1093
19 1385
20 1161
12 1339
30 1171
46 1448
29 1241
47 1312
23 1262
11 1452
30 1317
12 1040
26 1276
30 1198
40 1321
26 1452
18 1088
21 1014
48 1017
24 1405
45 1035
12 1429
37 1444
47 1296
18 1470
41 1160
26 1161
31 1419
41 1147
15 1056
29 1119
24 1319
43 1383
32 1229
14 1310
45 1418
18 1116
22 1427
29 1090
21 1106
27 1303
25 1150
41 1479
35 1097
10 1329
36 1436
33 1241
13 1260
18 1141
14 1265
39 1380
43 1334
26 1155
39 1048
16 1158
27 1364
48 1257
40 1377
47 1318
39 1003
27 1135
42 1266
28 1304
24 1081
16 1454
33 1428
49 1084
22 1140
33 1025
38 1183
40 1329
26 1429
31 1140
40 1056
48 1138
27 1482
32 1227
32 1101
23 1281
15 1043
46 1136
42 1388
34 1082
30 1300
14 1180
26 1223
39 1415
19 1051
49 1408
35 1231
16 1400
37 1009
44 1140
14 1413
16 1343
43 1184
20 1395
49 1130
46 1157
10 1406
20 1148
43 1178
24 1306
31 1118
37 1315
39 1394
14 1159
32 1471
16 1110
16 1492
15 1400
24 1305
34 1438
28 1355
26 1036
14 1072
44 1374
42 1223
10 1235
28 1083
26 1228
35 1045
24 1299
11 1200
25 1061
38 1192
11 1030
31 1157
35 1306
31 1477
45 1409
14 1123
48 1233
34 1209
10 1147
22 1313
26 1185
26 1042
29 1306
13 1027
37 1032
32 1198
10 1252
21 1025
48 1477
13 1224
39 1007
25 1128
31 1139
31 1496
35 1124
26 1215
42 1362
40 1011
21 1123
18 1135
19 1057
48 1304
18 1152
11 1022
29 1287
38 1324
14 1318
15 1282
22 1409
21 1271
44 1414
43 1359
21 1028
39 1269
47 1422
20 1035
42 1223
25 1041
15 1025
24 1219
17 1019
49 1075
13 1462
29 1422
15 1452
49 1053
46 1361
11 1079
32 1134
14 1174
10 1355
44 1404
27 1042
37 1303
32 1362
26 1379
36 1092
10 1300
49 1226
35 1166
17 1341
31 1299
33 1173
32 1096
17 1388
45 1444
42 1065
29 1308
11 1479
20 1082
19 1082
47 1327
30 1217
38 1261
30 1469
27 1401
37 1330
48 1167
28 1430
18 1315
43 1193
28 1488
47 1336
49 1366
21 1435
47 1087
11 1282
25 1459
15 1374
35 1013
29 1402
18 1237
19 1252
41 1122
25 1438
39 1301
45 1196
35 1257
24 1276
22 1073
43 1361
43 1229
41 1038
28 1437
18 1399
15 1146
38 1444
45 1126
21 1022
25 1248
27 1276
46 1182
20 1478
32 1015
18 1212
20 1105
47 1106
33 1087
37 1298
45 1084
33 1448
27 1354
38 1481
38 1303
18 1193
47 1206
42 1269
16 1310
33 1257
36 1185
45 1096
29 1213
29 1252
34 1193
42 1133
29 1017
15 1224
41 1002
43 1325
13 1097
21 1133
29 1010
29 1395
17 1097
46 1046
44 1089
19 1237
46 1010
15 1341
26 1458
38 1023
18 1356
38 1277
16 1355
26 1406
25 1318
14 1365
18 1254
17 1224
39 1349
11 1272
41 1352
13 1145
45 1052
19 1079
27 1279
13 1277
38 1452
48 1135
47 1096
46 1077
30 1334
24 1224
34 1064
44 1236
42 1080
38 1450
49 1121
30 1366
32 1443
30 1282
12 1369
32 1443
13 1180
37 1463
18 1079
31 1194
37 1089
29 1143
23 1095
10 1027
25 1021
19 1429
46 1109
11 1310
47 1035
27 1206
23 1272
23 1165
43 1447
10 1012
34 1256
41 1207
13 1490
29 1192
23 1224
35 1476
17 1001
37 1122
16 1175
46 1024
43 1179
47 1214
26 1251
33 1075
23 1102
33 1236
24 1078
17 1025
34 1057
38 1164
14 1414
49 1161
45 1450
23 1476
32 1263
19 1249
47 1432
42 1322
21 1338
26 1432
12 1216
23 1083
45 1389
16 1202
33 1396
17 1025
31 1260
15 1085
27 1329
36 1065
25 1121
24 1149
25 1346
32 1194
37 1478
22 1026
44 1136
48 1063
28 1090
18 1054
13 1018
43 1252
43 1013
32 1275
37 1170
29 1366
31 1026
16 1152
32 1440
12 1218
23 1110
27 1099
35 1222
41 1303
46 1024
20 1260
47 1002
30 1452
47 1452
17 1474
35 1484
13 1283
47 1232
15 1355
37 1091
46 1340
23 1408
48 1369
41 1253
25 1197
18 1355
33 1036
18 1473
24 1383
25 1086
27 1275
27 1252
27 1185
42 1319
21 1395
10 1431
16 1394
38 1015
49 1173
28 1136
25 1205
16 1136
33 1488
25 1084
43 1002
24 1221
11 1479
26 1273
39 1073
46 1481
36 1146
32 1284
15 1487
49 1154
22 1187
36 1065
42 1274
12 1269
12 1203
11 1215
36 1074
14 1453
46 1243
19 1252
34 1478
28 1255
31 1265
12 1210
32 1025
18 1365
28 1005
27 1432
18 1457
23 1181
14 1219
22 1286
29 1493
13 1166
21 1140
15 1399
27 1090
42 1104
14 1303
44 1435
31 1450
13 1009
31 1241
26 1141
20 1455
26 1326
29 1010
28 1046
13 1333
33 1292
33 1389
44 1213
40 1440
33 1140
27 1244
10 1188
21 1459
29 1118
28 1057
32 1462
26 1496
24 1275
34 1473
35 1342
15 1371
23 1464
23 1421
18 1146
28 1459
15 1191
13 1359
46 1216
49 1143
44 1304
43 1240
12 1358
36 1086
38 1051
14 1487
34 1260
30 1373
38 1106
49 1264
15 1071
43 1437
14 1341
13 1406
15 1234
31 1006
43 1130
35 1252
27 1366
14 1316
39 1461
18 1487
11 1225
28 1001
30 1123
43 1168
16 1328
36 1424
49 1488
47 1388
12 1138
17 1380
13 1497
21 1364
46 1339
22 1428
23 1413
24 1438
49 1195
49 1374
43 1099
41 1242
17 1309
13 1383
21 1199
16 1241
18 1100
40 1236
45 1228
12 1301
28 1424
21 1355
17 1052
41 1340
30 1032
23 1405
15 1484
36 1051
37 1278
49 1250
45 1166
25 1475
24 1426
33 1372
35 1223
37 1466
29 1477
34 1106
30 1365
28 1371
36 1126
44 1036
22 1137
16 1335
20 1288
36 1113
19 1341
10 1133
26 1388
14 1161
14 1481
15 1181
17 1416
10 1239
44 1133
44 1307
40 1283
39 1431
18 1342
38 1144
29 1135
36 1402
36 1354
20 1462
25 1200
27 1378
21 1060
13 1366
44 1385
26 1014
43 1160
32 1210
28 1312
40 1061
12 1047
23 1200
17 1283
37 1228
23 1199
10 1211
22 1046
32 1110
48 1132
37 1183
19 1072
21 1407
24 1179
43 1234
39 1143
26 1011
14 1301
41 1025
39 1254
25 1024
15 1298
23 1469
14 1423
45 1341
18 1439
45 1398
41 1424
20 1308
21 1120
13 1446
39 1324
27 1383
27 1130
44 1119
15 1040
37 1084
40 1059
12 1220
19 1098
41 1326
33 1046
29 1275
34 1487
18 1494
45 1460
21 1484
19 1354
13 1115
15 1328
23 1246
21 1392
26 1494
14 1089
23 1485
18 1063
10 1330
13 1336
47 1126
28 1149
28 1495
40 1098
46 1448
20 1091
46 1195
25 1335
42 1324
41 1319
27 1263
18 1304
17 1432
30 1394
18 1049
49 1457
37 1445
41 1033
38 1212
27 1249
18 1264
11 1292
30 1106
35 1211
27 1350
22 1008
38 1484
40 1301
25 1215
18 1233
44 1097
23 1200
31 1216
45 1146
48 1445
41 1014
42 1337
10 1124
13 1099
11 1056
11 1437
49 1376
41 1133
41 1246
44 1316
10 1333
31 1280
19 1462
35 1143
35 1276
37 1011
40 1462
41 1137
20 1407
43 1351
14 1435
23 1190
14 1026
45 1220
30 1250
48 1072
44 1332
11 1090
22 1044
29 1374
24 1401