7000 1500
21 1235
25 1453
41 1205
44 1038
15 1026
39 1481
29 1093
48 1014
30 1446
40 1125
35 1099
19 1191
12 1148
20 1471
13 1426
44 1376
32 1023
21 1454
10 1489
31 1183
11 1316
32 1081
16 1262
26 1054
40 1081
42 1135
36 1351
28 1472
18 1242
28 1183
46 1438
19 1473
11 1462
15 1313
49 1157
43 1123
17 1359
10 1115
23 1236
41 1380
40 1414
25 1464
26 1078
36 1149
21 1164
19 1401
24 1163
39 1166
27 1183
12 1460
39 1108
27 1025
19 1109
15 1175
17 1303
46 1128
40 1157
36 1228
11 1293
36 1385
17 1018
14 1209
43 1295
45 1071
14 1064
10 1199
36 1265
30 1421
45 1250
23 1160
27 1099
14 1242
13 1369
49 1201
31 1210
18 1254
42 1464
27 1040
32 1479
43 1457
40 1480
47 1439
44 1063
25 1443
32 1233
33 1477
20 1366
29 1285
23 1086
43 1395
36 1193
42 1312
38 1081
32 1229
34 1352
42 1294
43 1304
27 1305
42 1340
24 1489
37 1492
22 1047
19 1349
38 1175
25 1122
39 1419
15 1282
14 1023
10 1083
45 1335
17 1239
41 1220
31 1229
10 1464
13 1427
49 1143
14 1488
33 1433
25 1034
37 1310
37 1448
34 1449
30 1361
19 1007
44 1076
29 1074
13 1064
49 1286
30 1473
48 1483
45 1492
35 1023
46 1325
17 1349
13 1273
24 1145
35 1202
22 1114
45 1360
38 1146
29 1280
15 1288
29 1155
45 1050
47 1115
12 1091
34 1307
20 1077
47 1485
24 1293
39 1388
21 1276
36 1168
12 1352
14 1124
44 1473
34 1413
35 1123
26 1033
39 1104
40 1294
30 1087
48 1134
36 1355
37 1210
36 1043
39 1019
35 1384
47 1444
28 1315
41 1086
48 1254
16 1228
36 1153
45 1480
21 1496
13 1292
19 1334
19 1168
17 1458
26 1477
36 1408
19 1030
15 1112
34 1112
32 1366
18 1314
13 1182
42 1411
10 1385
20 1390
41 1434
22 1425
12 1396
27 1478
19 1390
20 1106
15 1108
11 1311
15 1102
13 1489
10 1097
31 1189
31 1272
28 1461
17 1138
19 1105
12 1443
24 1472
32 1408
33 1421
36 1104
46 1412
29 1252
21 1410
45 1317
46 1232
48 1439
33 1159
46 1346
15 1098
26 1025
33 1350
13 1010
39 1486
20 1384
27 1388
37 1094
41 1176
27 1021
31 1186
38 1133
46 1018
23 1481
23 1063
36 1204
41 1151
40 1242
42 1132
12 1328
11 1358
39 1313
14 1040
28 1099
25 1197
31 1237
29 1405
12 1429
15 1143
46 1159
49 1459
48 1181
10 1119
46 1343
26 1139
25 1425
30 1397
45 1484
26 1117
23 1120
18 1299
28 1313
27 1154
32 1368
20 1191
25 1241
18 1382
44 1381
21 1496
18 1147
49 1116
26 1097
19 1197
24 1121
16 1451
16 1376
30 1080
33 1023
29 1269
21 1090
16 1195
34 1374
49 1279
23 1070
29 1289
20 1408
19 1107
31 1123
28 1274
28 1445
10 1271
35 1175
36 1048
17 1256
16 1185
15 1079
42 1002
47 1002
47 1200
36 1344
18 1321
34 1343
19 1013
47 1432
16 1152
15 1473
22 1471
36 1263
19 1439
36 1142
35 1253
10 1111
35 1214
44 1282
49 1443
26 1100
48 1030
29 1252
17 1230
15 1090
20 1081
11 1330
39 1337
37 1288
46 1015
43 1469
13 1052
11 1345
47 1308
41 1413
27 1226
17 1159
46 1239
46 1147
36 1347
17 1208
32 1364
19 1269
48 1071
31 1151
43 1079
22 1353
16 1239
17 1187
26 1306
22 1233
21 1090
25 1140
25 1288
38 1203
17 1031
48 1105
44 1267
12 1460
49 1188
18 1060
26 1216
22 1439
47 1470
15 1110
22 1425
38 1285
31 1448
10 1004
12 1229
10 1032
38 1078
11 1053
14 1249
42 1108
26 1350
40 1421
45 1047
35 1374
20 1436
20 1216
26 1087
37 1398
20 1105
28 1323
25 1129
40 1434
38 1024
26 1287
24 1173
44 1173
42 1301
19 1033
17 1020
48 1410
39 1478
49 1398
10 1167
48 1483
48 1125
43 1328
38 1300
43 1409
26 1269
37 1476
35 1410
24 1029
43 1326
44 1292
39 1346
41 1000
48 1201
34 1374
28 1097
41 1457
20 1003
28 1153
27 1340
23 1148
18 1222
19 1191
47 1425
13 1091
29 1017
20 1412
33 1244
47 1410
21 1009
36 1483
18 1153
42 1220
41 1123
30 1157
30 1460
20 1478
29 1469
42 1170
26 1080
35 1306
15 1431
49 1283
18 1005
29 1179
47 1149
38 1253
18 1313
28 1458
26 1479
15 1380
27 1362
46 1223
12 1024
16 1158
49 1265
41 1441
46 1071
10 1125
49 1128
12 1210
45 1349
33 1221
38 1470
42 1327
43 1072
13 1253
42 1282
38 1393
13 1297
10 1362
27 1159
34 1449
45 1193
31 1384
13 1285
21 1038
45 1287
41 1483
35 1285
21 1255
44 1133
29 1455
14 1359
43 1035
46 1068
17 1080
27 1274
39 1110
33 1367
24 1134
21 1422
12 1209
10 1087
49 1274
32 1339
31 1076
35 1105
15 1345
32 1226
17 1261
19 1397
16 1219
38 1487
17 1232
11 1290
26 1396
16 1410
45 1481
34 1476
32 1070
31 1273
26 1326
27 1082
20 1207
49 1474
22 1472
13 1299
11 1139
14 1176
41 1197
22 1476
20 1419
38 1253
14 1025
10 1070
47 1300
21 1031
32 1012
28 1365
29 1160
14 1392
33 1208
38 1098
29 1261
43 1074
23 1208
19 1022
41 1206
15 1476
25 1222
46 1109
20 1418
17 1170
36 1058
33 1110
29 1111
19 1181
30 1304
42 1279
25 1374
28 1034
29 1133
17 1382
47 1428
16 1464
48 1064
48 1475
44 1031
23 1452
30 1102
25 1315
40 1361
15 1426
48 1482
26 1225
35 1134
11 1098
38 1422
17 1085
37 1174
34 1018
21 1308
17 1319
43 1274
16 1191
40 1046
25 1079
42 1289
30 1129
28 1346
38 1038
49 1436
34 1469
29 1363
11 1162
27 1274
29 1171
38 1279
18 1473
25 1245
26 1067
20 1210
37 1160
42 1127
44 1100
10 1490
22 1385
14 1490
27 1013
38 1194
35 1104
23 1260
33 1427
17 1268
17 1311
46 1383
13 1060
41 1443
19 1108
29 1352
18 1198
35 1008
48 1318
48 1210
37 1425
29 1161
27 1332
41 1057
25 1463
30 1365
38 1207
29 1499
30 1146
29 1252
20 1423
24 1387
24 1351
28 1247
19 1180
21 1477
40 1001
43 1082
38 1188
37 1131
32 1104
37 1299
48 1162
43 1196
18 1256
47 1019
33 1239
21 1420
12 1299
13 1275
48 1196
46 1357
37 1113
34 1338
21 1081
23 1345
13 1154
19 1371
44 1288
41 1345
35 1103
26 1051
19 1477
43 1437
38 1092
15 1034
15 1139
38 1045
31 1404
16 1007
38 1297
30 1321
31 1121
35 1487
31 1319
13 1325
18 1373
16 1196
26 1054
18 1009
33 1412
19 1054
48 1440
48 1364
36 1448
38 1254
26 1372
40 1277
43 1005
46 1019
31 1482
46 1467
44 1165
37 1480
15 1499
16 1096
40 1044
28 1248
14 1148
11 1022
40 1262
35 1186
34 1287
25 1390
35 1277
32 1195
27 1151
24 1273
18 1195
38 1138
40 1354
22 1252
20 1132
33 1266
31 1366
22 1169
35 1222
32 1236
27 1301
32 1046
36 1256
34 1083
13 1211
12 1094
19 1438
20 1197
46 1045
35 1205
21 1454
21 1041
15 1021
17 1004
42 1007
41 1214
24 1315
42 1265
26 1058
39 1074
13 1256
12 1197
23 1028
18 1133
40 1479
38 1064
35 1229
20 1095
35 1106
42 1107
24 1247
44 1049
15 1120
49 1345
10 1058
47 1083
22 1046
23 1297
38 1144
49 1250
16 1410
43 1399
36 1247
48 1389
44 1381
23 1404
24 1050
19 1489
15 1036
33 1255
45 1242
22 1053
24 1134
12 1417
36 1423
43 1475
19 1313
30 1442
41 1449
10 1284
13 1244
45 1220
27 1333
34 1416
38 1456
26 1358
33 1449
41 1433
37 1409
41 1365
43 1473
17 1392
39 1439
33 1296
49 1252
15 1305
42 1359
41 1283
19 1022
40 1467
22 1425
45 1213
35 1098
37 1214
29 1347
36 1424
20 1495
13 1446
18 1156
31 1283
48 1142
15 1045
41 1196
24 1210
23 1314
36 1093
20 1130
17 1302
10 1231
16 1477
40 1283
44 1364
20 1089
33 1032
45 1368
20 1418
10 1380
44 1443
38 1336
42 1062
41 1145
31 1301
20 1497
35 1451
18 1413
40 1146
29 1011
24 1240
40 1399
48 1132
19 1076
24 1021
42 1023
17 1005
18 1203
45 1365
35 1325
40 1049
48 1472
33 1040
40 1378
19 1454
46 1171
31 1154
43 1353
13 1000
33 1231
27 1445
10 1471
39 1447
49 1201
35 1371
49 1458
35 1268
11 1039
42 1437
10 1298
13 1412
23 1026
41 1363
13 1415
35 1154
14 1141
14 1305
20 1322
14 1210
29 1059
38 1156
11 1118
34 1333
19 1406
47 1386
14 1450
42 1407
34 1283
37 1173
23 1148
23 1017
41 1124
29 1288
26 1340
32 1072
41 1089
42 1096
21 1007
19 1132
30 1233
44 1363
36 1240
19 1433
31 1253
41 1044
18 1051
13 1245
24 1341
47 1256
25 1494
21 1168
41 1246
22 1218
17 1455
49 1221
30 1429
20 1204
17 1498
40 1464
38 1007
13 1078
24 1139
43 1385
30 1444
14 1313
45 1109
17 1073
15 1457
15 1141
49 1431
43 1006
23 1496
19 1354
49 1301
41 1222
31 1135
38 1237
17 1315
35 1442
43 1231
16 1225
29 1238
20 1043
27 1487
19 1016
46 1479
19 1101
35 1283
36 1201
47 1054
31 1111
13 1141
17 1352
39 1177
48 1059
34 1271
25 1134
20 1125
24 1150
27 1363
27 1138
27 1142
17 1086
21 1365
35 1119
11 1425
34 1328
14 1304
17 1246
49 1082
41 1405
33 1316
11 1215
28 1167
20 1458
24 1030
46 1402
39 1064
36 1267
39 1104
27 1104
10 1203
34 1376
37 1361
48 1118
47 1496
42 1385
36 1307
33 1029
10 1397
27 1237
11 1076
14 1110
21 1148
33 1053
13 1494
13 1125
29 1051
30 1113
17 1099
48 1486
14 1051
45 1234
19 1373
39 1059
17 1321
38 1389
14 1177
45 1198
42 1146
11 1426
18 1132
39 1167
25 1403
30 1468
47 1164
14 1007
20 1444
19 1218
39 1298
36 1123
15 1346
30 1094
21 1334
11 1275
27 1125
33 1154
39 1198
32 1117
44 1305
39 1471
18 1034
28 1136
26 1414
10 1068
46 1309
27 1245
39 1058
44 1068
19 1338
43 1026
41 1085
15 1308
14 1401
28 1207
28 1046
30 1413
40 1168
35 1352
38 1272
26 1177
22 1225
39 1261
49 1076
22 1262
25 1343
11 1030
31 1290
29 1061
27 1469
27 1486
35 1281
22 1148
16 1306
39 1398
22 1192
41 1018
25 1494
33 1070
43 1125
26 1124
42 1176
15 1426
48 1280
41 1368
18 1495
27 1017
19 1410
13 1087
12 1370
42 1249
15 1008
25 1194
30 1432
42 1112
22 1339
18 1234
22 1184
41 1071
41 1436
34 1278
20 1044
40 1429
43 1440
29 1360
33 1052
44 1128
47 1055
46 1047
44 1375
20 1317
10 1080
20 1133
39 1424
46 1342
15 1493
43 1209
27 1276
24 1083
23 1430
44 1348
48 1048
49 1439
44 1122
26 1082
44 1422
49 1210
40 1404
28 1367
48 1348
25 1313
41 1368
29 1243
14 1024
47 1359
14 1223
40 1393
39 1254
45 1498
25 1305
30 1455
25 1384
38 1007
43 1492
25 1284
19 1323
14 1072
35 1440
29 1350
11 1149
23 1396
35 1456
48 1133
33 1315
26 1171
44 1471
12 1082
26 1405
27 1169
14 1251
24 1015
33 1314
29 1342
17 1188
45 1023
46 1120
17 1120
32 1166
49 1183
37 1058
26 1206
24 1406
35 1391
44 1424
41 1488
17 1235
42 1319
23 1329
48 1457
39 1174
28 1246
39 1089
47 1306
18 1432
34 1289
28 1383
12 1257
32 1327
47 1268
33 1078
36 1006
49 1365
17 1087
41 1188
19 1155
41 1337
41 1490
37 1355
17 1349
37 1058
46 1258
32 1116
18 1029
10 1133
42 1085
35 1041
28 1308
19 1384
43 1097
13 1376
15 1123
34 1130
25 1096
40 1210
48 1153
48 1161
37 1445
28 1365
48 1364
16 1256
23 1225
29 1001
42 1043
10 1479
46 1381
26 1028
35 1118
26 1458
38 1077
33 1006
23 1467
27 1180
11 1207
23 1130
27 1349
43 1221
34 1481
27 1146
41 1101
12 1383
22 1196
25 1459
32 1271
18 1146
17 1284
47 1403
13 1181
18 1057
30 1258
28 1339
30 1445
35 1415
43 1054
49 1400
46 1320
25 1376
30 1375
47 1046
36 1192
29 1428
24 1018
10 1217
34 1446
19 1277
37 1197
25 1379
49 1143
24 1499
18 1419
26 1023
21 1188
21 1365
31 1482
49 1494
38 1436
41 1143
42 1191
21 1352
16 1153
38 1410
48 1143
15 1372
40 1131
16 1391
33 1247
30 1405
43 1483
25 1251
11 1162
31 1155
45 1093
10 1036
38 1242
16 1175
30 1458
38 1347
42 1393
29 1491
44 1128
32 1096
21 1469
47 1266
35 1009
38 1432
26 1140
21 1240
47 1405
13 1409
36 1182
23 1239
46 1445
14 1470
35 1137
10 1194
28 1113
45 1465
41 1028
10 1099
22 1176
30 1022
14 1259
39 1281
29 1328
15 1496
28 1476
44 1155
39 1272
28 1089
26 1017
25 1066
43 1072
22 1494
48 1029
21 1397
30 1238
17 1259
24 1045
28 1045
28 1332
35 1235
42 1361
44 1287
38 1389
42 1151
26 1079
46 1209
10 1395
26 1460
24 1474
33 1192
37 1060
44 1355
25 1290
42 1066
14 1499
21 1245
12 1017
18 1302
34 1240
34 1064
43 1125
27 1196
40 1051
48 1205
31 1299
33 1020
26 1013
27 1399
35 1417
17 1160
28 1347
36 1368
43 1205
48 1461
40 1326
15 1302
42 1294
20 1190
12 1229
16 1310
29 1226
28 1198
46 1281
16 1005
37 1106
49 1494
37 1056
29 1441
15 1185
22 1088
24 1388
49 1195
10 1422
45 1361
35 1369
37 1478
12 1326
48 1327
32 1324
17 1420
27 1151
42 1215
28 1195
14 1483
30 1386
44 1348
27 1305
24 1445
41 1271
34 1125
24 1196
42 1387
14 1400
36 1084
42 1042
26 1494
48 1407
47 1487
42 1304
25 1273
42 1253
47 1467
12 1121
14 1236
33 1020
10 1439
49 1347
23 1193
27 1081
30 1389
19 1046
20 1449
44 1326
40 1231
45 1096
16 1139
33 1317
45 1045
10 1328
43 1328
20 1365
32 1286
23 1371
27 1391
10 1248
33 1346
28 1288
11 1463
43 1407
31 1432
19 1216
36 1028
14 1103
43 1363
26 1209
42 1469
20 1274
39 1134
27 1348
29 1368
41 1127
39 1256
48 1128
41 1323
20 1017
41 1414
38 1115
18 1174
39 1443
20 1319
48 1297
16 1036
41 1157
12 1112
16 1326
31 1037
47 1490
39 1228
13 1412
27 1341
40 1252
30 1225
38 1219
10 1188
12 1126
33 1248
34 1137
47 1126
40 1088
12 1055
42 1289
37 1080
45 1070
26 1387
44 1367
48 1207
36 1404
47 1410
39 1445
25 1162
48 1458
24 1291
27 1053
23 1192
41 1377
14 1307
13 1232
26 1350
46 1482
25 1096
32 1424
25 1225
49 1338
23 1081
23 1438
14 1128
25 1493
21 1460
19 1009
16 1365
17 1392
40 1449
21 1134
39 1497
17 1487
24 1463
35 1490
44 1234
33 1321
41 1403
29 1310
41 1076
23 1163
42 1078
41 1331
43 1458
38 1009
48 1164
23 1027
22 1104
18 1342
47 1083
18 1196
27 1266
34 1052
41 1489
11 1493
32 1472
23 1121
40 1044
19 1321
46 1142
48 1313
14 1456
15 1039
17 1287
38 1220
49 1496
32 1209
18 1171
35 1370
11 1316
21 1325
18 1075
38 1021
29 1225
22 1374
22 1454
43 1124
26 1477
12 1063
32 1290
16 1093
39 1475
37 1238
30 1305
26 1165
48 1011
42 1471
29 1029
28 1142
37 1244
46 1444
43 1149
12 1180
32 1137
28 1009
48 1378
37 1054
27 1322
20 1066
32 1280
44 1034
40 1094
44 1345
19 1026
42 1045
13 1044
37 1093
31 1413
31 1264
13 1493
11 1314
11 1453
17 1281
44 1003
31 1347
43 1218
20 1209
49 1390
28 1271
24 1274
30 1174
43 1328
45 1488
42 1043
48 1203
21 1303
10 1454
38 1357
14 1080
18 1172
36 1087
22 1011
47 1311
37 1130
37 1372
44 1028
27 1423
39 1286
24 1354
34 1149
21 1341
26 1349
48 1342
13 1008
42 1496
10 1016
34 1156
11 1335
15 1154
19 1075
26 1427
21 1226
29 1323
39 1089
14 1388
15 1079
13 1176
31 1050
34 1312
24 1173
47 1004
21 1493
41 1276
43 1446
27 1419
30 1499
36 1320
30 1146
49 1182
28 1328
47 1057
47 1057
20 1315
41 1051
13 1151
15 1013
43 1071
10 1382
41 1128
44 1349
29 1224
46 1182
13 1359
23 1360
36 1401
34 1221
34 1390
20 1462
44 1481
17 1075
30 1340
47 1289
26 1461
19 1483
22 1215
36 1163
33 1336
41 1297
38 1133
49 1152
10 1272
20 1068
46 1400
30 1040
27 1351
48 1196
19 1471
20 1181
28 1267
16 1376
24 1057
14 1483
48 1088
15 1139
40 1184
15 1447
46 1411
39 1027
45 1447
49 1364
24 1351
48 1022
42 1375
33 1462
37 1433
31 1015
24 1259
21 1388
16 1273
27 1488
24 1487
24 1083
47 1356
25 1347
45 1067
11 1290
27 1129
18 1178
42 1281
16 1001
23 1192
14 1122
34 1179
34 1129
10 1296
18 1206
10 1069
32 1118
35 1036
13 1483
41 1162
43 1054
23 1153
14 1368
29 1134
36 1379
16 1096
24 1211
34 1268
10 1046
40 1009
46 1390
36 1137
27 1132
12 1175
39 1277
44 1228
42 1199
44 1249
31 1403
40 1492
16 1221
20 1414
46 1464
44 1191
20 1228
38 1020
20 1215
28 1000
46 1026
35 1170
14 1028
37 1388
30 1182
36 1250
21 1283
13 1222
13 1234
16 1140
28 1263
14 1373
47 1171
13 1145
35 1419
42 1182
24 1364
34 1024
23 1476
11 1309
37 1095
38 1100
30 1285
17 1047
37 1435
27 1417
10 1434
25 1332
15 1287
45 1364
21 1016
36 1425
10 1280
27 1328
49 1406
23 1405
49 1288
26 1090
24 1483
26 1081
20 1152
43 1290
43 1159
12 1449
39 1404
49 1021
34 1087
19 1043
47 1157
44 1469
30 1242
25 1285
26 1096
48 1419
37 1170
47 1024
24 1112
31 1276
18 1062
12 1421
12 1281
37 1308
21 1296
10 1032
27 1235
11 1412
31 1141
31 1093
15 1005
10 1476
10 1065
33 1125
16 1271
13 1133
28 1146
48 1440
19 1298
40 1331
27 1378
30 1325
25 1101
39 1370
21 1364
48 1080
16 1148
14 1308
12 1420
48 1436
45 1100
12 1204
39 1386
47 1004
40 1243
10 1457
32 1398
49 1099
41 1070
26 1270
43 1471
31 1051
32 1052
31 1177
45 1211
11 1384
44 1163
19 1119
32 1089
40 1217
43 1164
36 1137
18 1422
13 1268
17 1204
21 1163
21 1339
28 1329
16 1257
22 1125
45 1277
36 1231
45 1495
49 1062
15 1324
37 1243
49 1229
30 1351
27 1085
49 1130
11 1143
34 1467
35 1113
22 1176
35 1039
49 1125
16 1458
21 1297
27 1406
45 1217
32 1418
48 1263
15 1209
47 1327
18 1434
49 1363
46 1264
49 1360
11 1098
37 1382
47 1020
30 1314
28 1262
10 1397
47 1293
36 1399
43 1417
38 1284
33 1196
33 1173
42 1021
17 1166
35 1225
44 1415
35 1175
11 1211
12 1407
19 1341
44 1311
40 1460
26 1123
48 1188
29 1128
23 1096
24 1498
19 1096
37 1184
27 1463
15 1057
29 1453
44 1232
47 1164
37 1311
26 1356
33 1220
17 1390
34 1079
11 1200
22 1342
42 1106
30 1364
30 1214
30 1449
31 1323
21 1401
38 1006
14 1219
13 1234
19 1438
23 1383
27 1276
15 1158
41 1359
13 1402
49 1367
19 1126
37 1214
12 1168
35 1485
29 1202
48 1286
14 1263
47 1252
41 1168
18 1395
20 1294
44 1429
24 1189
43 1133
18 1206
40 1002
41 1248
46 1402
48 1314
14 1381
32 1008
19 1293
40 1174
40 1350
47 1420
25 1475
21 1477
24 1269
34 1106
12 1406
33 1267
41 1044
26 1483
39 1058
10 1402
20 1011
17 1050
47 1303
49 1480
34 1275
28 1459
48 1010
31 1053
40 1318
27 1064
40 1325
21 1035
42 1001
17 1378
25 1413
42 1053
38 1033
43 1067
13 1323
23 1439
16 1175
37 1100
49 1266
28 1143
13 1100
45 1374
49 1329
32 1048
33 1287
48 1408
23 1309
40 1475
18 1040
49 1400
23 1295
15 1278
25 1014
46 1368
33 1409
27 1430
12 1121
14 1449
11 1174
17 1094
44 1357
33 1174
25 1287
28 1394
30 1484
32 1203
22 1165
37 1184
30 1338
25 1093
40 1363
18 1199
43 1352
23 1383
44 1153
45 1408
35 1068
46 1090
15 1169
33 1160
44 1069
42 1044
49 1045
10 1007
29 1321
28 1066
29 1160
33 1321
38 1067
35 1253
42 1289
24 1106
32 1457
41 1083
30 1147
33 1490
18 1368
37 1254
28 1337
43 1389
31 1238
29 1009
14 1276
26 1135
26 1316
17 1014
46 1068
11 1318
29 1416
30 1039
42 1094
41 1201
18 1118
30 1159
40 1420
31 1200
15 1001
28 1234
23 1371
49 1232
22 1335
41 1237
13 1477
17 1299
26 1087
23 1091
32 1111
25 1311
46 1477
25 1195
42 1337
28 1308
12 1466
45 1341
24 1271
26 1287
23 1047
39 1127
43 1352
36 1085
36 1421
40 1213
21 1201
47 1431
16 1320
26 1028
45 1377
19 1282
46 1312
42 1416
17 1297
48 1049
15 1433
47 1379
44 1075
17 1374
36 1488
32 1187
31 1216
34 1000
44 1221
17 1169
16 1307
24 1158
42 1496
17 1032
47 1010
12 1462
26 1188
48 1122
45 1194
28 1493
35 1418
26 1150
41 1497
12 1236
15 1071
27 1079
17 1064
16 1422
26 1133
28 1398
20 1309
37 1289
16 1381
45 1203
33 1162
20 1426
32 1215
33 1162
37 1026
47 1473
42 1039
47 1274
47 1126
44 1317
24 1383
45 1438
21 1393
10 1203
37 1376
46 1122
48 1399
47 1381
47 1213
19 1250
26 1084
29 1001
41 1367
49 1355
31 1177
21 1379
48 1157
17 1434
48 1348
18 1429
30 1157
34 1278
35 1124
20 1001
27 1302
46 1157
47 1151
21 1380
23 1075
44 1387
43 1153
35 1268
33 1362
29 1108
36 1088
43 1225
42 1308
19 1249
21 1429
37 1136
22 1212
19 1487
13 1217
38 1134
31 1222
16 1424
21 1125
40 1491
46 1003
19 1469
16 1197
10 1064
22 1193
16 1487
31 1047
19 1352
24 1262
22 1391
24 1016
34 1203
24 1083
42 1252
16 1429
45 1242
24 1266
35 1158
45 1207
14 1037
33 1086
10 1417
14 1315
43 1202
39 1277
12 1153
26 1350
25 1080
17 1309
20 1278
19 1125
32 1094
37 1212
20 1184
14 1447
35 1235
15 1028
32 1394
26 1354
22 1377
12 1176
33 1089
45 1458
31 1160
34 1376
13 1331
36 1148
12 1322
48 1234
18 1474
11 1142
33 1197
17 1057
38 1173
46 1324
29 1140
10 1128
38 1167
46 1390
37 1075
17 1110
46 1401
46 1170
33 1426
27 1477
22 1014
43 1414
40 1412
30 1166
45 1491
31 1190
15 1236
43 1282
11 1062
29 1077
36 1417
14 1341
18 1119
43 1095
26 1261
24 1142
16 1367
15 1298
30 1416
33 1451
27 1029
28 1452
17 1499
21 1403
21 1145
40 1107
11 1442
10 1184
12 1173
39 1224
14 1244
47 1467
18 1431
48 1002
11 1413
45 1124
10 1092
45 1477
18 1188
25 1218
40 1363
15 1039
16 1070
12 1034
42 1003
20 1117
42 1462
36 1271
35 1151
46 1340
34 1015
33 1146
26 1477
42 1072
13 1247
24 1029
26 1010
16 1021
32 1377
47 1287
18 1481
28 1396
33 1333
20 1219
48 1317
24 1382
43 1314
13 1429
44 1275
32 1397
47 1262
25 1345
30 1226
42 1466
21 1297
29 1481
20 1262
23 1381
20 1338
12 1239
10 1385
12 1170
42 1232
22 1283
38 1137
25 1128
21 1308
36 1124
17 1281
34 1270
37 1153
46 1232
42 1432
38 1344
32 1111
36 1202
38 1174
20 1281
47 1294
12 1408
32 1276
41 1120
38 1366
22 1364
26 1060
13 1496
19 1311
48 1481
49 1145
23 1090
34 1206
35 1400
15 1440
37 1460
36 1400
24 1264
19 1207
26 1102
43 1259
37 1246
12 1390
12 1291
42 1343
19 1212
34 1212
15 1079
25 1434
19 1166
37 1216
26 1116
11 1128
10 1236
45 1042
13 1429
37 1247
12 1423
44 1459
17 1070
21 1346
20 1363
43 1071
49 1185
20 1117
22 1263
38 1472
40 1425
48 1053
12 1117
29 1400
15 1084
20 1089
38 1139
45 1453
43 1015
41 1035
43 1210
24 1342
28 1139
13 1196
10 1163
24 1150
45 1308
45 1022
46 1040
29 1497
42 1441
44 1355
23 1327
48 1326
36 1276
11 1253
30 1194
46 1163
27 1386
35 1330
34 1465
30 1307
37 1281
10 1259
38 1035
31 1400
40 1218
22 1016
24 1245
16 1092
47 1111
42 1037
13 1247
30 1276
44 1260
19 1192
19 1062
16 1170
11 1452
49 1484
48 1064
11 1443
10 1221
24 1137
15 1408
35 1461
23 1457
49 1410
46 1431
43 1032
25 1325
11 1322
34 1331
31 1041
13 1114
25 1278
13 1093
29 1203
30 1465
45 1219
29 1218
45 1279
17 1153
16 1357
24 1216
40 1314
37 1429
21 1416
21 1357
22 1066
17 1460
44 1078
16 1075
38 1277
37 1245
38 1280
18 1472
38 1010
37 1381
47 1238
37 1245
44 1284
36 1212
10 1473
11 1490
44 1273
30 1129
35 1166
20 1235
31 1072
42 1167
48 1385
23 1263
17 1394
27 1386
17 1075
10 1412
28 1323
13 1132
17 1487
13 1269
23 1363
11 1372
35 1256
31 1077
29 1401
37 1104
19 1016
31 1329
42 1321
14 1247
36 1226
25 1128
45 1173
16 1148
24 1319
31 1021
18 1274
44 1124
15 1093
31 1160
32 1082
43 1091
17 1054
41 1361
26 1048
13 1471
47 1334
24 1168
17 1204
41 1322
35 1034
24 1177
20 1445
24 1432
39 1296
44 1128
19 1338
11 1182
17 1209
45 1430
17 1457
29 1398
14 1495
24 1006
10 1344
24 1494
42 1025
44 1407
43 1073
21 1435
14 1035
27 1034
38 1062
36 1040
30 1084
48 1251
34 1463
30 1377
46 1486
38 1282
46 1220
42 1459
11 1410
24 1096
48 1204
15 1486
18 1472
16 1078
14 1410
13 1034
10 1347
45 1419
48 1040
47 1390
32 1125
34 1175
22 1092
30 1439
20 1188
28 1490
45 1215
26 1414
26 1193
10 1283
30 1023
24 1072
45 1187
14 1088
45 1453
36 1220
19 1345
21 1090
28 1211
34 1347
18 1215
39 1369
17 1115
33 1022
39 1087
37 1414
21 1441
18 1381
47 1016
19 1311
25 1240
16 1147
28 1013
45 1313
21 1371
44 1384
15 1387
36 1174
23 1212
24 1274
45 1109
26 1227
30 1055
19 1040
41 1211
40 1320
39 1178
15 1330
26 1455
13 1242
12 1178
33 1108
23 1171
36 1185
10 1134
13 1169
43 1058
30 1494
33 1010
48 1275
49 1071
16 1018
28 1366
31 1178
32 1407
21 1423
41 1171
37 1244
23 1444
13 1155
27 1106
39 1402
15 1141
34 1239
12 1032
42 1212
34 1082
16 1186
38 1415
11 1000
23 1301
34 1407
45 1126
11 1004
30 1251
26 1368
42 1493
37 1329
49 1494
43 1369
24 1216
15 1128
21 1000
22 1044
30 1096
16 1111
19 1318
19 1259
39 1340
22 1112
16 1367
23 1473
19 1305
13 1316
30 1490
40 1026
26 1161
49 1058
19 1362
36 1226
41 1294
28 1059
36 1388
10 1415
32 1153
32 1465
11 1307
45 1197
44 1189
32 1486
25 1159
37 1175
21 1015
35 1321
42 1192
41 1346
47 1441
46 1316
31 1049
18 1494
38 1082
32 1226
33 1250
41 1067
35 1133
18 1198
24 1482
14 1243
49 1285
41 1160
40 1257
35 1136
13 1349
40 1368
18 1198
37 1392
20 1329
10 1021
17 1484
24 1271
31 1195
43 1240
35 1344
14 1109
29 1224
42 1436
29 1383
39 1231
23 1038
20 1391
38 1472
34 1059
35 1131
42 1338
23 1095
26 1227
27 1138
38 1432
13 1282
41 1499
28 1186
33 1056
10 1017
39 1290
12 1104
43 1101
25 1113
12 1080
33 1102
42 1425
49 1156
43 1022
40 1315
36 1416
11 1398
15 1347
10 1444
35 1298
37 1207
43 1361
33 1403
20 1120
34 1222
36 1320
37 1498
48 1223
14 1233
18 1096
44 1408
28 1070
43 1171
48 1385
22 1146
45 1492
27 1330
12 1179
19 1291
16 1185
23 1455
45 1031
22 1180
42 1451
20 1143
44 1023
41 1152
39 1229
49 1068
48 1183
38 1466
13 1075
19 1127
19 1079
30 1223
41 1347
43 1428
47 1023
38 1153
16 1381
19 1455
26 1411
10 1172
10 1016
11 1454
37 1289
12 1125
49 1308
13 1099
10 1314
13 1189
45 1455
13 1399
39 1256
26 1001
33 1042
41 1454
13 1320
32 1466
44 1071
45 1426
13 1002
38 1073
46 1037
28 1021
15 1200
21 1444
25 1209
16 1262
37 1066
40 1185
22 1404
23 1146
46 1185
38 1159
37 1099
23 1400
13 1157
36 1398
17 1464
37 1357
48 1072
47 1187
27 1106
21 1029
11 1334
14 1034
16 1140
32 1420
45 1482
33 1482
14 1097
49 1497
14 1078
35 1270
41 1125
17 1283
20 1076
29 1401
20 1184
46 1118
25 1220
38 1005
41 1463
45 1496
30 1108
17 1328
44 1053
46 1466
32 1111
28 1274
45 1496
30 1362
22 1235
35 1031
49 1436
10 1376
25 1324
28 1203
23 1179
22 1122
10 1137
32 1271
44 1236
34 1227
14 1393
42 1293
27 1499
30 1196
39 1167
23 1137
35 1232
12 1250
27 1307
12 1313
17 1431
19 1284
42 1090
30 1284
31 1226
39 1057
34 1094
10 1096
14 1059
21 1499
35 1373
12 1392
45 1098
48 1212
24 1289
17 1430
18 1267
12 1447
14 1147
12 1141
12 1409
26 1061
39 1289
31 1441
30 1170
21 1336
30 1445
24 1321
35 1318
26 1369
40 1320
22 1339
36 1142
14 1323
18 1260
40 1392
46 1461
24 1406
18 1089
34 1282
46 1158
41 1106
14 1432
24 1165
41 1142
17 1407
18 1415
22 1244
37 1335
38 1017
43 1464
40 1103
44 1458
26 1033
21 1109
23 1171
24 1320
37 1357
34 1425
13 1357
26 1330
45 1420
10 1310
37 1205
35 1064
25 1198
29 1255
22 1395
33 1405
41 1195
46 1043
44 1061
23 1264
31 1176
21 1247
11 1303
19 1237
28 1241
18 1481
14 1463
16 1163
26 1271
14 1182
24 1104
11 1433
24 1134
21 1140
21 1101
38 1203
34 1488
18 1454
30 1374
38 1274
47 1421
13 1429
13 1327
21 1047
41 1331
32 1192
24 1007
19 1453
49 1157
13 1485
43 1275
17 1187
42 1238
43 1211
26 1173
11 1391
12 1330
43 1370
36 1190
27 1230
28 1274
17 1273
27 1264
44 1348
40 1355
31 1373
46 1368
26 1168
11 1109
13 1135
22 1281
34 1412
10 1176
26 1036
46 1310
34 1460
47 1099
41 1188
36 1466
39 1051
30 1111
32 1139
19 1339
48 1066
10 1216
49 1405
30 1092
29 1329
18 1480
43 1415
45 1212
29 1417
47 1321
16 1482
43 1092
31 1360
42 1147
38 1212
21 1107
16 1056
22 1117
18 1140
44 1462
11 1497
34 1487
44 1330
32 1264
11 1021
35 1479
43 1346
42 1263
28 1110
45 1499
23 1100
32 1125
38 1180
45 1114
42 1347
28 1390
37 1168
31 1342
29 1391
19 1408
42 1287
11 1416
45 1302
21 1437
38 1053
22 1042
27 1483
42 1300
47 1235
13 1019
12 1089
36 1121
16 1346
37 1064
42 1389
31 1145
30 1124
48 1195
17 1148
42 1205
12 1453
36 1323
45 1098
26 1208
17 1076
41 1049
11 1393
19 1108
49 1166
24 1067
49 1004
46 1157
10 1267
21 1177
49 1330
10 1242
31 1441
13 1130
41 1390
35 1491
39 1495
40 1369
31 1195
41 1287
14 1381
45 1344
28 1367
33 1390
22 1435
28 1037
39 1399
29 1400
44 1000
15 1415
31 1361
18 1015
39 1240
30 1407
19 1259
24 1210
11 1091
31 1173
36 1139
45 1014
32 1064
45 1203
33 1252
32 1179
47 1482
11 1441
48 1135
35 1257
21 1405
16 1032
31 1222
44 1010
30 1337
17 1041
40 1280
21 1155
33 1028
43 1234
46 1189
15 1112
39 1104
20 1002
22 1319
12 1462
36 1127
11 1347
35 1127
13 1368
21 1051
48 1014
25 1323
20 1224
19 1096
26 1174
20 1101
22 1301
21 1028
41 1301
19 1247
44 1159
32 1149
36 1005
42 1121
16 1178
37 1235
31 1464
33 1158
26 1144
38 1328
29 1199
19 1184
25 1462
45 1438
47 1075
12 1087
46 1222
17 1022
12 1335
19 1168
10 1050
46 1398
40 1058
45 1408
16 1393
31 1329
45 1098
34 1373
16 1255
39 1453
10 1013
25 1170
11 1161
40 1325
30 1084
36 1441
48 1193
22 1112
34 1270
49 1215
36 1246
35 1057
48 1490
23 1436
45 1276
30 1319
47 1361
40 1357
12 1176
14 1126
28 1095
12 1042
20 1351
20 1230
23 1249
34 1490
36 1440
13 1375
12 1437
14 1243
13 1277
42 1383
45 1208
37 1082
17 1433
14 1420
29 1433
18 1393
23 1143
49 1153
10 1271
12 1070
39 1373
45 1251
26 1490
35 1126
31 1076
13 1011
42 1307
45 1030
39 1163
44 1343
35 1499
14 1296
49 1269
23 1045
44 1083
18 1100
27 1358
18 1241
21 1205
46 1188
45 1441
25 1012
43 1412
34 1125
41 1102
19 1233
18 1499
39 1191
16 1463
41 1040
35 1250
25 1256
39 1215
48 1246
39 1406
31 1177
17 1454
24 1403
47 1176
42 1261
12 1211
11 1395
31 1383
30 1403
39 1052
37 1272
45 1379
41 1336
22 1467
44 1163
37 1461
16 1105
32 1107
23 1190
26 1154
22 1139
24 1008
31 1448
23 1211
31 1183
42 1297
31 1105
22 1465
21 1041
21 1459
15 1217
27 1238
15 1102
39 1165
20 1032
17 1056
15 1068
44 1238
14 1108
31 1128
30 1208
31 1351
19 1452
40 1204
16 1355
33 1338
30 1119
36 1229
42 1180
41 1334
30 1494
49 1090
35 1047
49 1055
17 1477
20 1437
32 1279
11 1247
33 1486
35 1165
31 1036
14 1140
48 1345
18 1091
29 1010
48 1113
23 1187
32 1411
41 1224
17 1397
22 1355
35 1114
24 1490
25 1331
19 1238
40 1309
22 1049
37 1475
35 1379
17 1047
41 1191
21 1047
47 1412
25 1182
31 1338
16 1136
29 1051
31 1483
24 1395
40 1338
12 1310
22 1128
49 1130
15 1130
46 1429
38 1425
44 1203
37 1275
27 1393
23 1144
41 1339
12 1476
16 1178
10 1004
23 1325
36 1278
30 1277
34 1066
32 1289
27 1303
35 1336
46 1220
26 1426
16 1023
36 1493
46 1378
11 1095
32 1418
49 1209
28 1211
42 1233
30 1395
45 1227
41 1348
32 1319
11 1441
34 1049
13 1331
22 1235
44 1333
28 1071
42 1118
41 1251
47 1449
22 1277
17 1317
45 1391
33 1007
31 1225
23 1272
41 1035
45 1102
33 1378
17 1378
31 1225
40 1257
36 1367
30 1003
44 1362
32 1447
47 1221
42 1269
15 1028
16 1345
12 1219
13 1225
26 1118
37 1175
33 1362
44 1435
39 1112
12 1382
40 1209
41 1456
46 1180
46 1097
16 1260
40 1058
46 1428
37 1392
38 1437
26 1493
14 1181
16 1201
21 1367
30 1312
26 1355
35 1353
44 1286
47 1344
18 1253
38 1084
45 1293
33 1238
47 1032
23 1401
36 1476
30 1042
15 1332
43 1158
17 1100
18 1473
28 1025
11 1290
46 1397
24 1003
25 1425
46 1073
22 1478
32 1490
33 1198
38 1448
48 1217
11 1159
22 1226
27 1131
39 1004
34 1152
32 1193
28 1426
47 1349
35 1131
30 1096
30 1075
46 1299
10 1301
25 1332
45 1006
46 1349
23 1311
41 1218
33 1041
48 1384
21 1310
23 1226
17 1424
48 1172
43 1352
19 1238
40 1232
19 1099
43 1414
26 1470
24 1083
41 1245
31 1110
21 1068
16 1266
43 1391
28 1489
11 1196
31 1003
19 1396
28 1342
18 1418
42 1466
20 1171
11 1462
49 1378
13 1114
39 1228
49 1247
28 1266
36 1086
17 1409
38 1280
24 1424
41 1024
29 1493
36 1099
30 1145
49 1392
14 1123
36 1080
11 1489
26 1015
36 1188
25 1106
43 1455
29 1274
19 1477
27 1090
49 1082
22 1447
28 1014
16 1158
35 1120
24 1265
13 1490
31 1180
43 1437
24 1048
13 1057
43 1030
49 1318
36 1062
46 1308
16 1377
23 1492
42 1262
44 1191
22 1059
49 1467
38 1066
36 1200
19 1061
26 1114
27 1246
21 1106
23 1413
36 1430
20 1402
27 1470
33 1496
13 1154
36 1323
45 1267
10 1303
23 1400
37 1310
12 1099
36 1257
31 1277
22 1275
38 1259
28 1436
44 1394
45 1057
31 1178
18 1318
18 1014
36 1119
24 1226
24 1068
14 1181
20 1229
23 1274
46 1299
20 1000
48 1279
42 1062
46 1368
34 1132
21 1387
41 1381
40 1021
42 1192
17 1232
42 1303
23 1417
36 1460
10 1236
31 1277
41 1171
17 1473
43 1134
33 1393
31 1018
21 1258
14 1167
30 1478
21 1311
29 1328
13 1054
29 1060
45 1451
30 1245
37 1283
31 1262
21 1026
12 1489
18 1183
44 1190
12 1171
20 1461
26 1224
35 1314
41 1465
15 1412
27 1315
18 1086
47 1139
23 1112
25 1341
41 1081
40 1346
28 1087
32 1085
24 1379
39 1154
36 1397
21 1158
27 1337
42 1167
32 1266
46 1386
12 1037
25 1038
28 1188
41 1006
48 1489
27 1460
26 1175
49 1196
36 1401
14 1462
38 1120
33 1322
32 1361
32 1255
46 1349
13 1463
49 1404
19 1165
15 1404
34 1414
26 1098
32 1282
32 1070
29 1345
41 1230
13 1421
25 1368
30 1040
18 1030
11 1331
33 1309
15 1280
13 1264
35 1222
24 1029
18 1448
42 1174
14 1215
16 1233
44 1130
46 1159
30 1200
21 1304
25 1148
27 1007
20 1389
13 1136
27 1005
20 1128
41 1381
30 1454
49 1137
26 1054
16 1052
12 1158
49 1359
23 1337
38 1472
18 1346
25 1026
47 1127
41 1474
23 1394
34 1478
10 1457
13 1349
18 1083
43 1249
49 1379
26 1081
35 1098
41 1012
23 1304
20 1385
45 1083
10 1291
30 1337
11 1030
14 1182
37 1116
11 1195
33 1266
39 1113
31 1360
34 1252
44 1236
30 1098
27 1288
23 1458
17 1356
47 1121
28 1187
30 1386
17 1379
31 1024
26 1498
36 1301
46 1251
47 1428
14 1151
21 1155
30 1193
15 1037
43 1181
31 1484
40 1414
11 1200
47 1459
15 1204
12 1220
31 1338
37 1269
23 1218
49 1025
17 1123
46 1243
34 1094
18 1353
23 1261
41 1019
13 1215
22 1440
45 1453
46 1108
21 1238
18 1161
49 1013
41 1351
37 1158
29 1020
13 1431
31 1491
16 1410
32 1195
32 1260
37 1365
36 1280
20 1362
27 1095
34 1023
34 1449
35 1133
23 1147
27 1234
29 1036
19 1215
15 1404
45 1446
28 1324
43 1057
37 1118
22 1393
37 1167
38 1424
13 1031
49 1331
25 1042
38 1040
10 1396
22 1269
17 1201
32 1236
43 1070
27 1490
49 1174
28 1158
40 1085
20 1100
36 1238
36 1369
43 1080
49 1288
20 1200
32 1251
10 1236
22 1018
38 1407
34 1480
30 1173
30 1081
12 1407
21 1186
22 1432
10 1028
26 1270
38 1236
20 1490
10 1275
23 1490
17 1069
48 1421
25 1483
44 1393
37 1360
26 1373
35 1101
23 1103
10 1371
26 1301
26 1483
44 1160
36 1146
11 1246
33 1034
47 1296
45 1352
34 1120
25 1017
23 1269
24 1072
46 1067
25 1074
16 1324
44 1226
44 1130
32 1297
44 1211
38 1292
40 1158
36 1107
26 1035
34 1201
31 1024
43 1039
34 1005
13 1138
12 1157
36 1059
12 1039
27 1386
34 1223
16 1199
16 1160
41 1120
15 1280
48 1359
15 1246
23 1252
28 1362
43 1339
21 1324
46 1142
29 1323
41 1109
12 1272
33 1228
17 1365
40 1075
30 1094
30 1484
18 1007
40 1262
20 1213
21 1141
22 1031
28 1127
19 1005
32 1070
36 1147
43 1303
23 1078
24 1338
40 1397
37 1326
19 1224
31 1414
27 1342
24 1156
44 1060
46 1265
40 1404
41 1196
30 1200
30 1477
21 1205
48 1164
40 1140
48 1407
37 1207
14 1457
34 1207
11 1042
27 1190
13 1484
31 1410
10 1463
41 1301
17 1178
49 1054
44 1145
18 1301
29 1359
26 1091
48 1484
30 1007
35 1115
36 1450
48 1399
31 1484
13 1209
42 1090
35 1419
24 1114
19 1091
31 1087
29 1221
38 1177
46 1218
44 1287
23 1353
20 1092
13 1089
12 1399
40 1433
14 1365
47 1022
42 1152
43 1188
30 1223
49 1041
12 1381
16 1074
10 1030
25 1025
21 1217
37 1188
25 1340
14 1449
37 1288
21 1291
16 1409
43 1345
14 1199
42 1201
44 1362
23 1019
49 1430
19 1190
21 1400
46 1248
19 1066
46 1020
13 1005
36 1286
32 1077
37 1388
44 1075
44 1319
43 1359
42 1011
21 1301
13 1144
11 1132
18 1235
38 1086
11 1272
24 1262
24 1220
28 1371
41 1231
10 1385
31 1342
39 1141
31 1417
26 1174
24 1238
37 1231
12 1152
27 1120
26 1238
18 1141
49 1103
13 1144
39 1278
35 1089
21 1383
28 1175
12 1378
38 1024
26 1347
28 1176
24 1053
11 1161
37 1249
47 1122
30 1338
42 1498
33 1154
46 1424
33 1122
10 1248
40 1023
28 1243
19 1176
37 1285
23 1054
29 1029
48 1160
20 1087
12 1286
35 1269
37 1068
19 1393
38 1015
20 1215
20 1472
27 1327
16 1407
36 1217
40 1151
17 1166
11 1152
41 1406
38 1289
13 1365
22 1340
27 1422
22 1452
39 1164
12 1300
46 1428
14 1343
36 1268
20 1062
29 1042
41 1254
39 1001
11 1213
11 1383
45 1140
31 1390
29 1268
30 1329
29 1175
18 1114
44 1468
27 1104
49 1152
22 1014
26 1081
34 1413
28 1014
14 1381
38 1277
38 1196
48 1024
34 1304
34 1044
20 1024
10 1062
11 1163
46 1126
26 1068
15 1467
35 1041
27 1360
44 1093
20 1390
11 1052
37 1324
41 1234
31 1019
32 1052
28 1035
44 1302
20 1431
36 1312
20 1278
47 1014
25 1009
34 1338
21 1264
14 1110
40 1064
36 1198
15 1388
13 1147
18 1202
31 1135
49 1286
29 1350
44 1390
31 1269
30 1322
12 1132
39 1350
17 1359
31 1111
18 1418
26 1137
38 1159
21 1395
30 1483
22 1302
20 1146
20 1064
24 1302
24 1273
49 1348
49 1270
26 1134
45 1359
20 1058
39 1102
47 1289
30 1258
37 1059
15 1074
49 1241
23 1130
26 1204
29 1240
17 1446
42 1180
35 1148
17 1018
46 1047
12 1276
27 1119
14 1390
25 1072
32 1179
45 1316
41 1025
20 1110
11 1357
15 1360
42 1293
32 1119
30 1186
20 1445
45 1015
15 1138
31 1122
23 1344
47 1181
49 1305
48 1060
30 1287
25 1361
33 1380
26 1063
19 1458
31 1006
20 1283
12 1177
13 1317
48 1324
45 1282
19 1377
48 1204
20 1402
26 1105
13 1026
36 1375
35 1015
12 1298
20 1379
36 1015
49 1498
36 1409
22 1355
47 1462
16 1466
15 1071
18 1183
16 1414
18 1431
34 1499
31 1135
34 1080
25 1299
34 1009
14 1351
48 1039
38 1480
19 1409
14 1097
39 1465
38 1089
16 1002
38 1485
49 1273
16 1086
11 1079
19 1298
43 1206
25 1179
31 1130
25 1276
30 1497
34 1447
46 1097
43 1039
22 1187
13 1376
15 1250
31 1077
34 1429
12 1233
23 1467
46 1394
28 1187
24 1079
32 1047
47 1043
15 1125
26 1240
24 1081
42 1046
36 1424
10 1491
49 1260
45 1117
19 1449
28 1287
18 1210
29 1360
44 1316
38 1383
19 1052
33 1461
32 1268
44 1408
35 1056
29 1091
11 1182
14 1391
24 1471
29 1293
44 1240
49 1249
43 1339
33 1424
31 1324
11 1038
37 1409
23 1339
11 1062
46 1128
27 1208
49 1091
37 1288
22 1158
27 1346
37 1332
25 1428
15 1385
10 1495
25 1044
43 1474
32 1301
47 1261
48 1221
46 1151
41 1039
10 1477
42 1086
35 1003
23 1248
10 1221
19 1254
30 1321
23 1439
23 1126
21 1176
12 1366
43 1305
32 1372
33 1444
24 1333
13 1350
29 1144
37 1443
47 1256
33 1235
24 1125
22 1494
26 1132
20 1273
43 1086
13 1329
38 1023
49 1412
27 1020
35 1264
11 1355
15 1456
36 1179
13 1189
48 1292
44 1212
42 1306
25 1119
17 1423
23 1219
34 1333
35 1333
21 1285
28 1033
20 1123
25 1482
36 1477
45 1387
14 1360
42 1412
19 1043
49 1211
43 1331
20 1354
19 1444
44 1103
10 1464
11 1040
37 1075
18 1327
41 1358
39 1044
41 1373
11 1046
13 1263
34 1264
29 1176
14 1350
37 1225
47 1251
17 1267
36 1006
33 1239
25 1198
46 1259
18 1013
26 1358
48 1291
40 1403
23 1048
45 1460
44 1059
46 1130
49 1421
43 1046
25 1334
20 1116
20 1487
39 1351
36 1011
36 1289
17 1284
47 1203
38 1415
40 1247
41 1368
18 1007
32 1172
25 1069
33 1361
19 1202
24 1255
23 1002
25 1052
37 1179
27 1037
43 1388
30 1040
20 1076
33 1340
36 1411
43 1241
27 1321
46 1152
41 1090
13 1388
10 1382
30 1347
37 1057
12 1207
44 1381
41 1362
40 1463
34 1163
22 1354
48 1233
23 1375
43 1347
35 1445
42 1322
28 1150
38 1044
32 1347
44 1221
17 1259
14 1170
42 1452
25 1204
38 1464
47 1027
26 1493
39 1408
45 1444
10 1491
15 1273
35 1378
36 1118
21 1213
42 1283
16 1399
10 1134
29 1264
18 1147
22 1084
16 1306
25 1374
22 1139
11 1065
31 1232
36 1210
47 1457
30 1418
15 1251
48 1199
32 1298
33 1086
25 1045
14 1224
41 1454
38 1219
16 1463
34 1414
43 1202
29 1391
10 1302
37 1469
40 1154
40 1127
23 1455
29 1343
17 1103
13 1343
10 1055
41 1309
10 1096
48 1229
13 1185
20 1174
39 1412
19 1162
48 1008
18 1417
22 1080
40 1497
34 1100
43 1148
12 1443
20 1464
12 1151
44 1197
31 1479
37 1210
12 1132
27 1312
33 1051
47 1172
44 1447
49 1325
27 1332
21 1353
43 1159
20 1482
23 1057
48 1138
39 1312
10 1319
25 1261
32 1446
45 1289
41 1256
44 1036
22 1163
20 1315
42 1173
35 1439
41 1317
14 1394
49 1038
26 1389
49 1478
33 1156
43 1068
39 1426
37 1246
17 1444
29 1456
38 1363
21 1414
12 1148
38 1243
39 1419
28 1483
24 1308
16 1374
46 1016
20 1362
11 1096
32 1101
23 1119
39 1247
38 1106
28 1267
19 1254
24 1199
30 1335
17 1267
41 1442
28 1207
49 1313
10 1159
35 1163
47 1111
39 1462
49 1109
16 1484
27 1151
30 1330
19 1234
22 1246
19 1313
41 1438
16 1434
38 1164
48 1236
21 1207
15 1462
39 1125
36 1212
34 1387
18 1322
20 1060
46 1371
33 1130
48 1044
49 1092
21 1389
26 1040
37 1055
19 1275
18 1210
45 1495
31 1198
20 1303
20 1209
45 1304
40 1399
35 1070
44 1259
20 1494
22 1041
19 1191
11 1446
32 1262
29 1108
24 1111
43 1174
15 1498
25 1345
30 1338
17 1044
25 1479
14 1054
13 1346
24 1444
27 1419
46 1407
28 1281
10 1444
42 1037
39 1300
36 1284
44 1341
48 1260
28 1150
34 1310
22 1047
10 1224
27 1299
17 1318
35 1022
35 1251
47 1336
42 1388
28 1025
33 1344
27 1401
14 1389
35 1138
18 1263
18 1402
16 1115
13 1066
21 1030
47 1316
12 1098
35 1093
43 1417
27 1407
15 1101
22 1077
41 1370
45 1022
13 1038
39 1470
33 1109
16 1126
41 1221
32 1140
23 1497
28 1090
40 1090
34 1030
15 1287
43 1443
45 1019
14 1408
28 1462
15 1238
14 1111
46 1210
45 1024
40 1286
36 1169
44 1304
14 1258
35 1197
19 1295
43 1194
16 1083
47 1052
24 1064
24 1435
14 1025
49 1184
14 1128
49 1402
14 1235
12 1026
24 1094
17 1152
42 1449
34 1418
21 1191
35 1045
23 1094
29 1047
16 1026
41 1348
23 1161
31 1346
47 1103
44 1157
26 1091
27 1006
43 1100
31 1093
44 1304
46 1169
12 1429
47 1432
38 1009
29 1217
47 1362
16 1155
28 1106
15 1190
39 1318
20 1274
18 1041
42 1046
44 1265
24 1407
27 1095
35 1455
11 1479
42 1309
35 1288
25 1454
47 1076
49 1095
18 1058
40 1069
36 1442
17 1257
33 1442
38 1263
36 1302
15 1202
47 1131
44 1303
28 1222
32 1192
22 1160
12 1336
22 1219
13 1195
34 1466
26 1009
49 1024
30 1102
10 1124
12 1143
31 1224
23 1189
27 1256
45 1068
25 1249
32 1145
16 1340
37 1194
32 1037
44 1101
48 1333
21 1109
43 1030
12 1240
49 1151
44 1213
22 1106
25 1116
23 1138
14 1474
40 1307
18 1222
49 1427
30 1098
32 1277
13 1179
28 1059
11 1134
31 1057
27 1461
27 1153
40 1013
21 1464
43 1105
14 1233
43 1342
33 1052
36 1442
17 1141
44 1265
10 1381
31 1185
44 1434
48 1052
49 1034
13 1391
13 1093
25 1127
19 1285
32 1357
25 1256
21 1421
25 1402
28 1395
49 1437
20 1322
12 1134
17 1100
35 1095
28 1486
11 1209
16 1264
25 1466
28 1130
24 1350
17 1101
15 1335
16 1232
19 1091
36 1325
24 1120
20 1330
11 1098
11 1068
49 1108
22 1287
14 1455
40 1049
22 1055
18 1247
31 1204
20 1237
35 1200
49 1329
45 1135
48 1322
13 1428
28 1296
26 1465
21 1299
36 1459
42 1271
23 1181
33 1038
10 1076
46 1426
17 1013
19 1288
33 1108
14 1106
23 1452
16 1024
10 1137
45 1108
12 1215
14 1079
47 1168
34 1309
47 1141
17 1339
31 1048
34 1148
39 1325
21 1094
47 1069
33 1492
16 1058
16 1279
27 1301
16 1087
47 1257
19 1482
47 1165
35 1482
25 1371
22 1432
16 1488
16 1070
12 1131
32 1172
27 1252
40 1019
16 1037
12 1407
44 1475
22 1277
32 1123
18 1106
25 1234
29 1035
13 1299
44 1306
26 1170
16 1186
10 1278
24 1216
22 1226
39 1111
30 1072
25 1443
38 1232
34 1062
38 1328
12 1369
24 1428
24 1071
48 1295
43 1369
29 1393
42 1264
19 1437
22 1372
28 1000
29 1273
42 1181
21 1444
19 1254
30 1243
34 1285
36 1224
47 1444
35 1068
11 1315
19 1120
48 1015
49 1414
10 1260
34 1489
14 1472
31 1141
35 1448
33 1454
27 1210
30 1199
29 1362
36 1050
31 1227
19 1108
27 1478
35 1139
23 1438
44 1091
42 1338
34 1413
46 1127
15 1361
32 1098
49 1134
42 1464
39 1413
21 1054
28 1114
48 1292
17 1273
37 1301
41 1476
46 1207
16 1247
38 1324
36 1161
39 1339
20 1388
16 1388
10 1263
45 1494
18 1467
36 1076
23 1171
39 1401
20 1062
27 1467
25 1027
44 1279
11 1006
22 1385
17 1085
30 1079
45 1384
16 1057
17 1486
13 1065
34 1271
35 1296
46 1356
22 1414
28 1174
31 1243
32 1249
47 1371
11 1418
35 1430
36 1300
39 1146
27 1345
34 1060
34 1313
30 1047
31 1289
45 1312
43 1366
45 1441
32 1205
23 1340
26 1034
41 1423
44 1201
15 1135
15 1310
19 1423
23 1459
23 1381
40 1168
19 1247
35 1273
17 1105
19 1092
20 1271
24 1157
17 1225
34 1226
11 1136
38 1337
19 1379
30 1473
13 1232
11 1321
16 1000
17 1081
31 1013
48 1087
20 1077
24 1409
23 1460
35 1298
12 1210
12 1486
42 1397
38 1473
22 1221
44 1414
49 1075
13 1127
32 1110
24 1285
17 1272
32 1420
31 1053
39 1490
15 1379
37 1430
44 1421
30 1256
37 1019
44 1098
18 1002
39 1146
14 1227
47 1428
41 1495
30 1367
19 1346
45 1154
45 1417
30 1168
46 1192
41 1211
41 1388
11 1250
24 1468
47 1386
14 1163
37 1018
42 1374
42 1297
15 1058
34 1034
16 1467
22 1184
43 1322
34 1216
42 1224
35 1352
44 1290
27 1373
31 1458
46 1036
16 1290
21 1106
12 1380
33 1204
40 1458
46 1414
10 1363
47 1037
17 1137
43 1193
27 1336
21 1086
25 1235
30 1069
39 1344
15 1131
37 1475
30 1379
12 1301
18 1068
32 1277
36 1177
40 1248
48 1335
41 1021
19 1229
28 1154
34 1175
15 1302
35 1402
32 1458
29 1049
48 1068
45 1086
34 1247
28 1356
30 1295
46 1033
14 1273
39 1188
43 1000
22 1218
16 1091
26 1409
41 1409
29 1196
33 1488
33 1177
25 1349
19 1270
24 1181
38 1307
29 1432
33 1164
24 1432
18 1405
21 1176
23 1499
39 1381
15 1424
26 1360
15 1345
28 1423
24 1382
45 1385
23 1140
12 1159
47 1279
16 1247
10 1343
26 1236
15 1171
29 1028
33 1135
34 1402
49 1204
30 1227
27 1120
12 1475
40 1251
39 1472
39 1263
26 1317
12 1487
46 1180
13 1388
36 1398
12 1459
36 1081
41 1464
26 1314
18 1465
13 1150
49 1186
14 1196
38 1272
35 1404
24 1030
14 1022
27 1365
35 1132
32 1359
17 1184
17 1296
11 1198
27 1189
26 1245
48 1367
23 1019
36 1015
20 1221
49 1285
44 1018
40 1223
32 1108
37 1223
42 1121
23 1305
12 1306
22 1066
24 1037
42 1205
40 1352
31 1290
29 1041
46 1306
41 1068
24 1022
47 1476
14 1308
19 1274
26 1113
18 1104
12 1168
42 1008
23 1370
33 1465
47 1253
41 1174
49 1489
22 1165
37 1074
30 1285
20 1394
33 1349
15 1245
48 1183
45 1436
26 1140
36 1157
27 1369
28 1004
38 1370
29 1087
21 1161
48 1253
35 1164
19 1388
36 1264
44 1015
43 1318
45 1477
28 1385
27 1105
24 1130
39 1470
27 1154
33 1265
25 1002
45 1237
22 1006
25 1094
23 1342
22 1181
21 1264
46 1133
22 1186
18 1384
47 1476
18 1487
39 1266
19 1238
21 1053
11 1234
21 1346
38 1485
14 1264
26 1297
14 1334
45 1028
14 1285
34 1066
32 1142
32 1001
12 1214
10 1307
44 1411
28 1346
15 1074
22 1293
48 1045
35 1324
24 1062
34 1350
30 1230
25 1013
40 1002
25 1416
41 1499
10 1026
25 1264
44 1022
39 1072
47 1382
42 1231
45 1315
13 1182
13 1118
34 1157
23 1435
17 1347
49 1189
16 1379
33 1092
48 1395
33 1412
34 1169
34 1485
26 1252
41 1108
29 1122
41 1373
29 1055
41 1006
14 1018
49 1411
39 1496
38 1386
48 1406
28 1354
46 1104
22 1384
35 1197
33 1207
45 1382
24 1317
27 1471
24 1295
13 1016
18 1341
10 1088
16 1110
34 1018
49 1477
20 1004
40 1237
31 1070
44 1488
43 1042
30 1164
27 1316
10 1128
13 1360
47 1107
45 1453
49 1392
39 1490
22 1246
17 1127
43 1445
21 1086
43 1399
17 1472
36 1206
11 1160
28 1446
27 1106
27 1351
36 1289
46 1256
47 1296
47 1229
15 1160
26 1355
23 1431
29 1096
39 1134
48 1022
17 1036
31 1170
20 1409
39 1308
24 1404
20 1237
23 1402
35 1399
17 1465
46 1464
33 1233
42 1175
34 1420
23 1008
28 1399
25 1163
45 1001
19 1115
24 1048
15 1244
10 1213
44 1049
34 1224
44 1195
25 1103
46 1290
37 1387
20 1002
32 1047
28 1455
19 1079
27 1137
26 1026
44 1495
37 1271
35 1322
12 1394
38 1132
27 1372
49 1171
28 1231
32 1459
41 1400
33 1291
29 1184
47 1476
25 1269
37 1024
35 1465
22 1200
39 1227
23 1048
19 1000
45 1283
43 1216
40 1422
33 1224
27 1213
45 1356
32 1492
22 1082
39 1059
27 1217
23 1380
10 1222
33 1187
29 1171
15 1234
16 1367
15 1188
38 1282
35 1369
17 1496
13 1213
42 1172
29 1263
30 1494
23 1252
35 1283
37 1416
30 1003
24 1381
22 1291
30 1327
48 1065
32 1293
24 1472
49 1148
34 1266
34 1309
33 1053
22 1060
36 1158
34 1069
23 1217
15 1126
16 1350
25 1392
46 1037
48 1108
42 1359
21 1433
25 1185
39 1198
25 1112
29 1104
22 1467
21 1430
28 1206
17 1070
41 1157
28 1435
14 1427
22 1402
34 1003
44 1456
14 1468
28 1356
25 1271
38 1031
46 1453
39 1148
38 1475
44 1219
32 1299
14 1216
36 1101
44 1294
27 1153
32 1030
18 1380
45 1171
17 1274
15 1487
20 1245
31 1045
22 1077
10 1133
44 1035
25 1293
37 1344
27 1416
37 1366
36 1385
39 1213
16 1152
31 1439
30 1092
24 1462
30 1493
18 1457
28 1338
23 1302
23 1132
30 1270
20 1129
19 1061
24 1337
37 1012
15 1193
18 1177
25 1465
49 1031
16 1170
34 1464
42 1088
16 1464
16 1014
25 1311
18 1293
40 1336
37 1469
18 1240
46 1091
48 1096
40 1312
17 1370
29 1362
18 1415
41 1280
16 1493
34 1240
44 1289
22 1315
20 1475
41 1386
13 1206
45 1008
38 1256
13 1087
15 1003
27 1331
45 1411
13 1196
47 1399
36 1350
13 1106
41 1252
31 1004
17 1245
33 1450
41 1238
47 1454
10 1008
23 1231
25 1035
42 1488
16 1431
45 1291
46 1207
23 1062
11 1035
25 1050
38 1060
21 1287
18 1088
41 1338
32 1216
49 1119
25 1063
43 1405
32 1066
30 1467
25 1467
33 1345
29 1275
30 1190
25 1103
11 1411
14 1044
38 1095
30 1345
34 1444
48 1223
26 1285
33 1411
22 1004
35 1292
22 1417
39 1009
43 1092
14 1297
14 1446
28 1398
35 1467
18 1183
45 1425
46 1078
28 1164
44 1065
23 1379
36 1168
40 1395
29 1284
32 1300
42 1043
42 1385
27 1365
12 1136
34 1152
25 1208
19 1246
26 1345
14 1099
33 1153
13 1127
43 1472
18 1048
46 1004
11 1064
20 1149
13 1269
14 1115
19 1112
13 1442
41 1234
15 1196
25 1464
29 1219
43 1317
44 1263
15 1168
29 1306
38 1099
48 1428
36 1356
49 1462
17 1347
49 1452
44 1257
21 1192
42 1193
11 1314
20 1173
10 1095
33 1307
43 1461
29 1446
17 1024
34 1234
29 1004
42 1135
12 1448
26 1434
15 1004
32 1267
36 1472
30 1260
10 1269
46 1048
31 1272
46 1289
41 1295
34 1198
28 1194
36 1105
16 1370
48 1036
32 1465
48 1153
38 1217
11 1315
11 1254
16 1142
20 1241
44 1364
43 1122
23 1481
49 1053
21 1287
14 1089
32 1068
41 1303
34 1304
45 1434
11 1050
24 1286
12 1440
13 1100
10 1057
36 1134
38 1288
11 1232
28 1294
21 1333
42 1253
30 1204
49 1462
25 1050
49 1414
42 1264
18 1346
48 1489
24 1404
44 1118
49 1000
10 1126
48 1120
45 1396
31 1426
41 1291
27 1099
37 1125
12 1083
37 1378
26 1107
32 1239
44 1248
25 1431
48 1452
49 1187
30 1027
27 1471
11 1373
39 1330
30 1498
13 1340
20 1173
46 1319
34 1338
16 1064
32 1379
25 1358
42 1102
21 1300
46 1125
18 1458
20 1074
28 1399
17 1028
34 1350
47 1323
11 1425
20 1127
38 1468
12 1162
25 1161
16 1141
14 1017
43 1341
31 1390
17 1430
21 1082
32 1116
48 1461
12 1390
26 1118
23 1005
49 1495
19 1066
22 1175
35 1499
12 1359
15 1307
29 1022
13 1457
31 1444
10 1166
17 1274
19 1357
20 1333
29 1107
45 1040
24 1073
47 1494
37 1302
38 1223
35 1032
23 1477
19 1133
43 1417
49 1477
38 1375
43 1183
28 1218
26 1291
10 1095
49 1286
42 1113
47 1263
47 1146
36 1001
29 1394
30 1438
12 1470
10 1177
23 1484
34 1008
24 1387
49 1199
25 1008
38 1397
10 1140
44 1157
44 1253
19 1239
10 1217
46 1460
36 1195
49 1017
13 1174
42 1054
27 1161
47 1161
27 1487
20 1205
45 1368
21 1034
24 1083
24 1382
42 1324
46 1355
36 1417
35 1143
26 1201
27 1131
24 1018
20 1249
22 1318
26 1456
48 1102
27 1332
13 1385
38 1178
26 1402
41 1244
46 1113
15 1001
24 1170
41 1386
39 1404
27 1168
34 1313
36 1384
29 1491
38 1473
48 1246
39 1398
23 1095
39 1437
19 1021
32 1129
12 1441
46 1022
45 1356
16 1285
22 1087
39 1422
47 1307
28 1136
40 1182
39 1276
18 1307
28 1104
12 1168
25 1315
19 1428
42 1145
49 1079
47 1397
45 1361
39 1036
14 1197
32 1060
33 1465
39 1350
44 1356
45 1472
43 1348
41 1329
26 1184
32 1005
47 1194
37 1303
40 1026
31 1207
14 1048
39 1477
14 1033
46 1181
30 1113
45 1467
35 1432
36 1219
22 1449
39 1180
25 1305
27 1373
36 1181
10 1269
16 1481
31 1276
28 1313
48 1312
45 1037
31 1307
45 1185
11 1211
10 1018
20 1165
31 1238
26 1045
47 1200
34 1097
27 1097
48 1400
31 1191
47 1130
21 1363
44 1417
48 1152
29 1235
15 1197
41 1066
23 1279
47 1124
26 1457
31 1141
28 1055
49 1066
47 1323
18 1416
32 1321
13 1473
44 1327
18 1123
30 1496
41 1444
29 1137
15 1365
12 1049
42 1340
24 1283
33 1189
20 1459
30 1125
22 1409
10 1179
29 1120
13 1343
22 1064
24 1474
46 1040
40 1244
46 1003
36 1083
10 1199
11 1365
15 1095
20 1423
21 1418
45 1295
36 1202
23 1261
23 1477
13 1227
12 1387
10 1495
40 1244
40 1181
22 1244
32 1213
41 1359
29 1233
26 1313
27 1246
45 1346
23 1074
18 1011
27 1066
20 1229
44 1413
44 1311
39 1411
13 1069
29 1425
11 1254
11 1303
42 1002
13 1049
47 1451
24 1145
33 1406
39 1444
44 1112
49 1389
17 1042
36 1183
32 1238
46 1237
38 1061
46 1350
20 1163
49 1111
39 1279
20 1306
10 1083
18 1302
17 1026
19 1331
46 1122
21 1274
10 1376
28 1279
18 1302
48 1362
44 1369
32 1071
30 1451
20 1321
11 1469
24 1316
47 1274
18 1010
22 1116
18 1216
33 1331
17 1381
25 1186
11 1366
20 1491
38 1219
22 1163
14 1120
49 1066
16 1165
22 1097
43 1144
21 1272
24 1169
15 1196
22 1328
34 1482
35 1065
40 1210
25 1149
37 1067
32 1123
13 1493
16 1431
17 1107
46 1420
24 1231
40 1474
42 1361
20 1006
18 1164
48 1320
22 1203
17 1489
36 1481
48 1453
11 1371
17 1074
17 1053
43 1320
44 1210
20 1062
18 1211
10 1297
14 1382
34 1269
32 1015
29 1228
48 1398
28 1264
41 1339
16 1325
46 1437
38 1315
16 1460
43 1278
19 1357
24 1406
13 1456
48 1267
21 1277
12 1014
21 1221
17 1179
28 1484
19 1029
37 1081
12 1338
28 1073
23 1467
15 1399
27 1454
11 1234
10 1111
37 1460
44 1394
41 1262
28 1277
25 1453
30 1478
45 1292
27 1258
40 1281
26 1355
47 1067
31 1384
48 1289
49 1465
28 1423
16 1323
12 1252
37 1009
19 1040
10 1397
43 1210
19 1334
27 1344
30 1249
40 1178
44 1395
46 1382
39 1300
18 1044
27 1239
26 1360
45 1164
21 1244
13 1045
16 1432
40 1371
34 1246
30 1291
17 1061
13 1289
29 1410
18 1174
34 1206
11 1274
25 1474
38 1497
14 1250
48 1182
19 1236
20 1176
41 1089
17 1363
10 1112
48 1037
19 1060
16 1296
44 1327
35 1304
45 1359
42 1306
21 1363
18 1131
27 1456
15 1051
21 1202
23 1121
11 1444
23 1460
26 1143
24 1486
11 1346
46 1438
38 1430
15 1375
22 1157
39 1281
36 1079
15 1062
35 1142
21 1135
31 1395
12 1306
46 1373
20 1355
34 1233
23 1216
49 1157
39 1407
19 1031
37 1093
49 1204
47 1111
25 1092
36 1410
31 1209
12 1473
24 1231
33 1347
18 1315
43 1300
38 1109
34 1048
41 1315
46 1368
15 1457
42 1440
37 1455
21 1443
48 1321
48 1195
33 1167
23 1313
10 1074
42 1191
38 1216
22 1149
27 1254
11 1266
41 1074
33 1120
44 1161
39 1133
46 1158
29 1256
27 1079
44 1439
22 1075
35 1156
25 1351
21 1319
10 1138
38 1201
11 1414
12 1196
49 1322
26 1207
46 1122
18 1407
33 1165
44 1309
49 1494
13 1228
35 1330
45 1209
49 1239
37 1194
25 1229
42 1078
40 1463
34 1192
40 1137
42 1396
11 1046
32 1219
12 1357
39 1082
39 1479
26 1446
49 1006
25 1356
18 1088
40 1298
28 1399
38 1102
32 1055
37 1475
36 1432
32 1023
19 1123
30 1149
36 1266
14 1290
29 1323
46 1004
13 1137
33 1250
28 1396
22 1143
48 1023
46 1380
15 1340
29 1444
14 1246
11 1062
15 1295
30 1171
22 1422
37 1349
12 1422
12 1311
46 1239
18 1438
34 1109
41 1435
47 1215
24 1213
13 1125
22 1046
32 1233
44 1399
28 1155
10 1333
13 1386
48 1232
22 1075
22 1101
32 1282
38 1342
13 1486
40 1267
37 1046
27 1475
13 1345
46 1108
26 1180
29 1065
35 1395
25 1264
11 1095
36 1129
49 1156
41 1403
29 1074
45 1019
28 1424
24 1220
37 1258
14 1255
22 1239
26 1174
22 1000
43 1468
38 1237
40 1383
15 1135
15 1313
34 1312
43 1216
33 1160
39 1138
26 1181
36 1317
26 1024
36 1300
43 1255
36 1437
19 1338
28 1309
48 1062
42 1247
27 1308
39 1483
37 1333
36 1268
34 1114
48 1276
23 1363
37 1181
44 1306
29 1122
34 1406
13 1020
16 1145
37 1133
14 1452
44 1381
38 1240
35 1012
26 1499
33 1113
26 1111
31 1127
39 1429
43 1239
34 1423
48 1335
42 1078
27 1199
10 1174
14 1240
17 1009
44 1285
35 1479
44 1147
29 1435
27 1350
37 1413
12 1460
36 1264
29 1060
30 1144
12 1007
49 1429
20 1408
39 1177
11 1085
49 1401
43 1220
39 1477
42 1327
24 1239
40 1372
26 1263
42 1072
21 1103
31 1336
27 1465
16 1330
20 1162
12 1210
47 1209
18 1133
26 1090
37 1255
33 1339
28 1398
27 1348
12 1241
28 1044
11 1383
33 1327
38 1311
16 1120
25 1362
31 1291
10 1359
41 1258
28 1349
38 1128
42 1153
41 1444
10 1360
33 1493
16 1126
41 1148
28 1181
41 1480
47 1476
29 1148
44 1202
16 1408
44 1428
41 1142
16 1391
21 1366
26 1424
34 1192
27 1313
10 1430
33 1258
35 1473
20 1242
34 1259
35 1005
32 1089
45 1199
46 1464
43 1427
14 1315
46 1337
49 1241
19 1242
28 1214
24 1266
48 1454
14 1190
25 1139
31 1093
41 1343
20 1245
27 1370
33 1225
29 1104
13 1306
30 1480
35 1372
29 1375
12 1277
33 1066
13 1043
10 1352
30 1124
34 1348
24 1231
33 1442
20 1082
10 1187
37 1001
42 1112
16 1294
22 1183
48 1381
29 1023
14 1324
41 1073
14 1356
39 1385
12 1314
41 1386
18 1167
20 1026
44 1487
40 1095
26 1111
18 1239
34 1375
12 1239
37 1298
45 1426
43 1410
43 1201
19 1208
46 1027
13 1088
27 1279
37 1299
30 1172
10 1033
25 1210
43 1285
11 1068
22 1381
34 1077
16 1396
24 1496
36 1066
35 1443
30 1117
48 1030
16 1268
26 1277
30 1371
11 1108
44 1367
13 1085
16 1406
32 1189
26 1208
48 1410
33 1449
48 1332
19 1012
13 1116
28 1361
10 1335
38 1443
20 1308
31 1264
41 1451
27 1431
27 1424
32 1446
36 1477
28 1314
42 1357
36 1433
48 1192
26 1486
29 1090
21 1298
37 1252
19 1276
34 1466
11 1378
10 1482
40 1381
34 1161
25 1253
31 1323
15 1308
10 1097
48 1145
35 1026
12 1048
42 1058
45 1002
43 1492
47 1138
26 1074
36 1149
23 1204
17 1391
35 1093
20 1432
24 1153
13 1093
45 1062
22 1397
35 1403
32 1397
40 1169
30 1128
14 1212
48 1441
20 1317
34 1218
24 1386
18 1461
34 1217
36 1022
14 1371
23 1349
37 1389
38 1014
37 1264
11 1487
26 1366
48 1338
46 1010
22 1209
25 1305
41 1129
38 1135
27 1276
45 1371
29 1113
41 1218
48 1407
40 1036
33 1335
49 1495
31 1198
37 1428
28 1056
20 1481
28 1223
28 1361
27 1332
32 1406
41 1298
48 1409
23 1309
26 1293
43 1452
22 1430
36 1227
20 1397
37 1067
46 1070
40 1092
43 1145
17 1469
15 1416
45 1159
24 1108
46 1306
35 1372
43 1342
17 1208
15 1368
15 1482
10 1275
13 1270
49 1075
45 1162
43 1106
49 1119
43 1305
30 1246
31 1104
10 1353
11 1351
30 1068
18 1304
31 1003
14 1269
25 1200
43 1392
31 1075
39 1292
40 1323
40 1395
37 1013
43 1123
22 1362
39 1247
49 1086
41 1153
33 1226
23 1167
23 1333
47 1247
37 1305
42 1415
19 1129
48 1177
30 1096
13 1259
48 1051
25 1356
15 1206
13 1101
37 1365
45 1349
46 1465
19 1391
14 1389
30 1062
24 1441
33 1464
46 1267
35 1360
13 1274
23 1086
37 1017
31 1441
32 1471
23 1131
32 1052
13 1350
20 1049
22 1015
22 1325
47 1092
49 1458
19 1330
15 1248
18 1063
22 1343
27 1117
42 1162
34 1129
45 1414
44 1062
14 1009
10 1420
47 1077
17 1458
45 1121
10 1367
36 1259
42 1281
37 1446
34 1243
20 1091
19 1012
36 1028
22 1236
43 1142
22 1200
15 1487
48 1002
37 1460
19 1071
38 1450
20 1433
21 1450
17 1041
12 1188
11 1437
45 1456
21 1033
37 1461
41 1447
20 1303
29 1003
12 1053
28 1139
27 1120
45 1367
38 1406
48 1149
48 1424
38 1030
14 1242
17 1453
42 1493
12 1396
12 1112
38 1035
13 1339
15 1390
22 1179
24 1350
29 1105
29 1122
37 1417
22 1400
13 1371
48 1360
33 1059
27 1096
14 1262
47 1001
14 1354
30 1046
12 1067
46 1217
34 1219
21 1386
42 1078
15 1294
26 1418
40 1499
38 1035
30 1062
22 1407
23 1276
41 1417
38 1107
34 1247
49 1287
10 1358
30 1090
34 1279
47 1243
42 1361
15 1189
15 1147
20 1225
39 1359
37 1130
34 1441
37 1110
32 1207
43 1188
20 1342
49 1031
10 1026
24 1127
19 1067
14 1138
46 1258
14 1100
16 1435
30 1340
39 1429
21 1170
11 1038
45 1238
12 1078
20 1056
37 1286
34 1233
41 1308
19 1041
12 1023
21 1245
16 1196
11 1424
39 1377
26 1220
11 1099
31 1446
40 1459
14 1012
44 1051
38 1387
47 1066
48 1269
35 1407
28 1289
45 1023
15 1081
31 1428
22 1198
27 1032
43 1458
40 1173
14 1074
17 1449
41 1283
24 1399
38 1107
49 1490
22 1468
37 1140
48 1426
29 1212
43 1460
46 1264
37 1335
10 1339
32 1217
14 1100
28 1044
23 1168
45 1462
22 1434
48 1168
21 1361
36 1178
29 1336
37 1494
33 1496
16 1471
10 1366
17 1267
31 1348
37 1312
26 1340
29 1220
48 1433
27 1265
30 1006
34 1290
33 1427
45 1082
49 1129
42 1120
39 1316
13 1424
28 1108
20 1178
26 1305
23 1392
23 1169
30 1334
11 1259
22 1486
23 1315
28 1186
35 1271
33 1068
46 1248
13 1159
47 1313
32 1076