7000 7000
10 1040
11 1338
33 1251
32 1270
22 1459
18 1159
27 1261
35 1286
23 1097
24 1299
28 1067
12 1212
46 1439
36 1102
26 1328
45 1325
47 1297
21 1377
24 1331
26 1047
32 1291
13 1039
22 1477
36 1477
44 1028
19 1019
23 1018
27 1338
22 1289
25 1471
42 1307
10 1180
47 1225
20 1401
46 1361
40 1023
14 1497
13 1474
30 1418
36 1404
30 1273
47 1468
28 1148
25 1247
40 1192
49 1057
46 1023
46 1426
30 1380
34 1059
10 1382
15 1157
15 1222
40 1472
42 1204
17 1291
15 1021
20 1165
33 1487
37 1153
29 1158
43 1401
17 1136
27 1327
19 1107
35 1495
46 1072
18 1178
33 1331
32 1222
27 1459
31 1400
19 1462
40 1146
31 1313
41 1221
35 1354
34 1335
15 1055
22 1207
28 1080
15 1245
21 1376
24 1102
13 1007
47 1466
29 1339
33 1109
28 1309
10 1393
26 1185
45 1440
24 1367
17 1034
30 1104
35 1340
34 1043
17 1161
35 1169
12 1265
30 1233
26 1497
15 1361
12 1260
37 1490
11 1031
45 1320
24 1271
31 1211
43 1019
41 1030
16 1071
12 1445
31 1358
25 1006
12 1179
25 1184
45 1151
28 1198
37 1152
13 1460
25 1010
13 1481
43 1087
11 1219
26 1136
29 1066
23 1493
38 1032
44 1307
26 1294
38 1156
10 1038
43 1442
49 1070
37 1128
47 1469
26 1467
32 1127
49 1044
30 1301
31 1339
30 1308
36 1434
20 1054
14 1048
22 1115
16 1065
31 1382
45 1497
20 1068
30 1406
43 1360
14 1191
43 1322
41 1419
38 1014
33 1275
18 1057
43 1372
34 1180
16 1274
16 1492
21 1450
17 1404
41 1118
10 1414
38 1162
15 1336
34 1472
45 1434
27 1415
48 1081
14 1224
14 1382
27 1083
20 1211
19 1253
35 1140
20 1346
26 1171
42 1380
40 1255
13 1171
11 1333
21 1004
19 1178
24 1467
10 1426
12 1176
14 1297
30 1174
43 1287
45 1360
42 1452
41 1190
21 1425
15 1387
39 1012
32 1099
21 1084
33 1167
17 1419
33 1493
43 1186
29 1396
21 1367
25 1199
24 1078
29 1452
31 1108
16 1164
26 1141
14 1254
37 1385
47 1044
49 1381
44 1201
32 1321
42 1429
35 1472
43 1266
47 1034
32 1370
21 1440
49 1046
16 1412
25 1432
19 1128
15 1338
32 1464
46 1097
28 1329
15 1199
11 1372
31 1062
47 1312
34 1079
37 1126
28 1382
33 1408
42 1246
17 1214
28 1161
48 1161
33 1183
31 1073
44 1319
40 1131
18 1236
37 1066
28 1237
49 1388
39 1081
22 1185
11 1352
48 1299
10 1453
10 1473
27 1355
29 1462
48 1013
21 1409
21 1155
32 1286
34 1469
15 1149
27 1295
24 1142
12 1081
48 1319
25 1216
47 1123
44 1414
19 1019
27 1497
18 1266
41 1340
40 1123
41 1072
45 1030
21 1372
41 1123
22 1144
14 1032
16 1171
29 1214
23 1069
29 1060
24 1479
25 1282
22 1214
11 1354
26 1289
47 1383
37 1235
36 1203
23 1196
29 1307
22 1077
30 1184
10 1194
20 1163
18 1324
34 1221
34 1347
14 1347
11 1005
38 1101
35 1210
44 1364
34 1266
32 1296
11 1297
30 1483
13 1041
12 1384
24 1169
40 1015
43 1209
47 1475
45 1179
21 1418
15 1007
46 1206
45 1127
38 1003
33 1148
37 1087
27 1111
33 1175
20 1281
26 1305
10 1300
44 1052
18 1149
31 1161
14 1012
38 1374
42 1231
40 1178
11 1328
29 1307
11 1159
47 1110
14 1463
26 1389
27 1258
38 1204
37 1092
14 1293
46 1336
23 1149
29 1183
33 1002
25 1459
46 1472
42 1367
32 1380
34 1367
18 1348
10 1102
46 1392
33 1273
44 1459
43 1336
48 1169
15 1300
46 1295
39 1404
29 1024
45 1245
46 1359
48 1360
29 1259
30 1473
19 1224
36 1421
37 1328
47 1097
20 1443
44 1192
21 1150
22 1040
49 1111
23 1344
36 1348
41 1018
41 1241
11 1055
15 1049
48 1478
14 1271
13 1266
40 1034
40 1171
33 1470
28 1021
44 1121
48 1099
36 1387
22 1237
40 1332
37 1477
32 1080
45 1272
30 1145
12 1306
20 1052
32 1294
23 1317
22 1474
25 1109
32 1118
24 1368
36 1209
42 1499
26 1063
14 1306
10 1440
39 1174
41 1420
28 1016
49 1459
40 1373
46 1075
28 1210
36 1231
30 1248
26 1488
45 1435
46 1130
42 1368
16 1266
26 1247
46 1077
19 1221
19 1293
26 1009
21 1123
42 1383
24 1252
18 1218
20 1334
28 1055
43 1188
29 1467
12 1346
16 1447
40 1099
21 1132
46 1198
46 1295
26 1125
40 1166
13 1079
11 1315
19 1244
38 1191
19 1186
24 1453
16 1360
46 1083
18 1026
36 1299
32 1162
24 1499
14 1215
20 1063
15 1258
27 1032
12 1027
32 1201
25 1295
35 1072
48 1366
43 1279
47 1195
28 1485
41 1102
32 1410
11 1464
44 1108
49 1109
21 1410
36 1390
23 1402
24 1248
48 1152
28 1251
15 1051
17 1066
35 1104
13 1228
36 1365
20 1227
43 1275
34 1042
24 1040
35 1140
21 1287
41 1232
48 1212
17 1270
19 1444
18 1470
36 1386
14 1397
22 1296
49 1132
26 1313
29 1355
40 1257
29 1052
31 1475
32 1490
35 1413
27 1038
45 1453
19 1056
15 1171
45 1215
20 1356
11 1148
37 1059
24 1319
10 1251
35 1219
32 1188
22 1349
31 1461
32 1356
13 1204
24 1403
24 1428
27 1247
27 1054
25 1171
26 1405
19 1274
18 1412
42 1022
36 1049
27 1153
27 1091
37 1456
22 1298
11 1433
36 1022
35 1346
25 1273
49 1077
14 1321
23 1343
19 1213
15 1203
17 1436
23 1431
28 1211
17 1439
32 1309
40 1161
20 1201
27 1136
22 1253
18 1489
47 1234
37 1271
29 1254
40 1095
18 1083
19 1242
22 1460
26 1206
40 1355
35 1437
44 1334
38 1089
43 1019
16 1187
38 1388
22 1264
46 1041
43 1345
15 1166
22 1458
38 1200
39 1265
21 1114
48 1043
10 1108
49 1260
10 1460
44 1358
12 1107
37 1067
27 1380
11 1432
15 1009
29 1277
22 1308
12 1014
22 1355
48 1081
37 1114
26 1176
39 1211
33 1285
34 1400
12 1344
44 1435
10 1188
46 1134
38 1490
25 1493
26 1017
36 1429
43 1374
28 1256
38 1082
25 1444
35 1212
23 1429
20 1447
48 1433
48 1276
46 1247
34 1380
20 1282
10 1475
31 1047
17 1445
15 1053
42 1389
20 1178
26 1179
27 1193
47 1285
14 1355
42 1384
17 1263
12 1041
17 1035
33 1330
19 1333
32 1482
38 1048
43 1211
36 1042
20 1050
43 1138
34 1176
40 1059
42 1422
19 1100
33 1226
28 1272
22 1106
46 1473
23 1160
20 1459
14 1415
24 1409
37 1270
28 1175
25 1423
27 1294
40 1319
18 1445
12 1417
39 1027
30 1323
29 1123
33 1236
30 1161
19 1241
22 1089
21 1064
15 1196
45 1201
48 1010
12 1005
43 1016
40 1472
48 1135
40 1068
19 1223
40 1356
19 1219
44 1225
31 1242
17 1029
19 1332
13 1266
29 1176
21 1189
42 1202
44 1032
21 1109
46 1384
48 1362
14 1144
13 1149
16 1360
26 1042
10 1286
35 1413
33 1225
21 1212
12 1024
36 1428
12 1485
48 1055
14 1285
12 1371
27 1147
49 1173
33 1043
32 1336
44 1390
21 1053
12 1122
16 1060
47 1175
30 1387
46 1420
32 1081
23 1285
14 1334
21 1438
40 1464
37 1204
21 1341
43 1412
41 1134
19 1086
12 1178
36 1423
38 1266
46 1404
21 1278
40 1283
10 1263
17 1151
26 1196
39 1487
34 1309
32 1030
11 1338
13 1006
22 1289
47 1194
28 1368
19 1407
25 1370
33 1221
48 1093
29 1063
36 1165
15 1178
49 1140
26 1184
35 1292
33 1289
32 1406
36 1331
19 1081
11 1016
21 1426
19 1167
31 1489
25 1122
13 1112
13 1463
23 1181
22 1147
38 1299
10 1270
43 1175
33 1361
13 1338
28 1257
45 1472
42 1248
40 1232
47 1026
35 1185
13 1418
46 1231
26 1471
48 1025
34 1224
28 1013
15 1120
20 1107
42 1221
28 1297
37 1211
47 1488
45 1276
10 1446
15 1279
29 1469
47 1190
34 1324
27 1078
34 1304
28 1225
37 1162
38 1407
19 1342
26 1022
49 1487
49 1304
27 1381
19 1145
49 1227
46 1145
40 1104
44 1010
11 1264
17 1214
29 1304
21 1380
47 1432
24 1175
27 1353
23 1470
31 1297
14 1207
20 1428
23 1412
19 1386
31 1177
39 1327
35 1448
32 1386
33 1340
23 1001
14 1072
43 1122
34 1433
15 1253
35 1115
12 1389
12 1138
25 1390
44 1236
17 1168
40 1164
29 1498
14 1420
20 1132
33 1436
42 1447
37 1031
10 1185
36 1125
45 1150
25 1192
39 1013
36 1140
10 1042
42 1417
21 1082
44 1306
21 1286
44 1238
43 1300
25 1431
34 1062
33 1297
39 1309
33 1489
21 1354
16 1010
40 1444
34 1352
24 1466
33 1259
17 1436
21 1179
35 1196
43 1278
49 1168
39 1120
34 1337
11 1342
20 1052
40 1054
42 1063
13 1351
40 1494
22 1171
27 1176
27 1314
34 1217
37 1156
21 1270
19 1114
26 1188
30 1296
42 1382
29 1023
29 1004
48 1236
24 1413
21 1292
28 1080
23 1293
12 1047
43 1140
11 1175
22 1471
35 1475
24 1090
47 1355
40 1427
33 1360
37 1006
44 1185
32 1446
19 1450
37 1290
43 1352
46 1006
22 1158
10 1203
42 1203
30 1327
36 1238
36 1252
47 1331
45 1247
34 1189
16 1185
35 1007
16 1397
49 1189
27 1057
19 1029
12 1256
38 1384
21 1109
19 1168
37 1264
21 1386
45 1025
25 1097
46 1010
15 1222
43 1137
19 1033
18 1317
31 1202
49 1030
24 1445
21 1397
34 1284
15 1474
26 1384
47 1470
26 1414
22 1447
17 1238
26 1034
48 1113
45 1269
35 1109
24 1009
30 1435
46 1383
39 1056
23 1266
23 1486
41 1489
30 1038
36 1364
32 1441
19 1120
33 1147
13 1322
26 1241
19 1065
11 1497
42 1265
18 1346
18 1343
46 1375
21 1291
20 1160
35 1414
41 1342
19 1249
31 1408
27 1382
36 1493
21 1073
18 1235
35 1439
31 1290
45 1216
29 1302
25 1174
14 1384
34 1062
24 1259
28 1399
16 1426
47 1206
44 1373
21 1189
22 1245
15 1345
23 1306
47 1309
30 1143
26 1421
19 1363
35 1119
40 1276
36 1328
11 1363
34 1084
20 1339
35 1423
14 1180
23 1205
28 1455
20 1217
35 1020
45 1395
27 1313
45 1343
22 1421
21 1248
43 1374
30 1394
12 1146
16 1138
37 1237
11 1096
28 1422
47 1354
14 1389
41 1294
17 1098
20 1498
44 1109
37 1018
18 1251
35 1210
33 1005
14 1086
47 1476
23 1315
15 1016
16 1298
15 1139
14 1103
41 1277
39 1014
21 1318
34 1434
24 1310
26 1199
31 1214
30 1121
45 1441
23 1056
35 1163
44 1491
19 1235
34 1367
13 1469
32 1283
20 1427
44 1232
46 1478
20 1371
10 1404
46 1395
13 1155
26 1383
24 1466
33 1368
20 1050
32 1230
16 1036
27 1462
26 1432
13 1321
31 1318
49 1070
20 1142
36 1339
16 1112
45 1088
39 1104
16 1086
13 1410
31 1200
26 1288
11 1210
37 1165
24 1054
40 1328
39 1387
19 1221
47 1201
29 1456
27 1224
22 1257
28 1218
11 1497
44 1445
10 1040
27 1487
17 1102
37 1204
33 1087
16 1022
30 1018
15 1204
45 1211
42 1007
34 1318
21 1488
25 1332
43 1013
44 1382
14 1081
43 1198
32 1417
26 1255
25 1252
47 1391
39 1498
16 1054
21 1414
29 1046
32 1276
35 1055
21 1158
28 1182
42 1065
40 1420
13 1427
47 1105
23 1441
17 1496
46 1283
46 1489
33 1167
49 1496
36 1406
45 1388
14 1130
48 1242
32 1258
25 1196
49 1137
12 1205
45 1369
23 1349
22 1226
32 1397
31 1473
13 1313
10 1373
36 1273
14 1174
45 1118
34 1124
27 1203
33 1446
40 1217
42 1031
39 1251
14 1105
12 1424
11 1198
10 1169
25 1430
20 1216
48 1379
33 1458
27 1325
43 1046
10 1051
32 1192
27 1130
27 1358
20 1329
35 1176
20 1398
26 1286
46 1114
38 1361
16 1139
10 1040
18 1246
19 1262
41 1110
13 1234
36 1428
43 1269
10 1031
18 1117
21 1431
41 1008
32 1021
44 1350
41 1007
33 1095
29 1130
47 1334
46 1183
23 1098
49 1121
16 1334
34 1390
47 1128
29 1150
26 1380
44 1068
47 1436
12 1021
29 1157
41 1016
46 1028
40 1097
43 1153
49 1426
21 1490
32 1093
35 1267
47 1288
45 1207
43 1486
43 1111
46 1439
46 1160
12 1245
45 1138
30 1300
26 1232
49 1343
27 1442
30 1474
21 1175
44 1106
20 1179
23 1256
30 1023
34 1016
33 1058
39 1170
45 1473
40 1261
45 1179
34 1336
33 1061
16 1047
39 1115
25 1090
13 1310
27 1090
35 1356
45 1067
34 1491
41 1042
24 1350
40 1421
43 1128
35 1238
26 1476
46 1209
45 1131
31 1331
11 1006
43 1011
41 1103
22 1388
18 1467
43 1327
47 1475
20 1215
47 1122
15 1343
15 1401
24 1182
28 1499
21 1343
14 1190
27 1174
12 1044
40 1455
49 1304
13 1472
36 1022
31 1090
49 1074
45 1123
45 1227
35 1043
18 1421
43 1443
26 1032
36 1441
11 1467
27 1298
40 1478
34 1373
36 1134
48 1310
22 1261
13 1295
19 1429
42 1091
25 1339
43 1325
41 1097
32 1295
12 1077
45 1057
16 1498
39 1486
38 1028
41 1447
28 1446
27 1326
11 1298
30 1106
42 1331
22 1391
31 1403
34 1473
42 1247
28 1375
44 1306
15 1267
39 1306
48 1470
17 1407
38 1451
38 1466
47 1432
15 1073
20 1296
44 1224
44 1083
34 1298
34 1223
21 1357
46 1021
13 1134
22 1193
40 1027
38 1338
25 1143
35 1365
40 1043
34 1343
16 1303
37 1270
19 1159
36 1402
14 1386
45 1253
14 1430
39 1094
27 1089
30 1103
14 1257
30 1138
46 1079
44 1001
14 1488
21 1467
15 1035
35 1082
18 1491
45 1383
26 1108
30 1421
34 1470
19 1270
10 1112
10 1215
38 1219
35 1109
14 1344
36 1301
26 1307
13 1386
11 1022
48 1234
10 1050
33 1298
39 1229
22 1149
27 1053
19 1193
11 1275
14 1413
24 1322
38 1387
16 1278
21 1235
35 1170
36 1391
28 1208
29 1215
21 1157
41 1231
25 1060
16 1102
25 1245
15 1323
38 1287
24 1496
44 1393
16 1173
39 1113
38 1183
16 1339
47 1052
34 1150
21 1198
42 1293
20 1005
38 1359
25 1201
39 1163
43 1175
45 1107
25 1341
44 1374
15 1303
39 1392
18 1294
42 1283
26 1017
26 1073
39 1065
40 1259
25 1438
45 1058
40 1179
12 1376
44 1415
24 1275
47 1105
30 1168
15 1167
31 1099
47 1355
32 1455
32 1141
24 1045
22 1161
27 1308
43 1361
23 1231
32 1171
27 1420
18 1112
41 1499
26 1397
39 1153
19 1040
30 1266
32 1488
28 1176
46 1499
14 1051
13 1181
14 1442
16 1487
16 1308
49 1059
16 1483
48 1130
27 1216
34 1065
45 1206
43 1382
11 1380
27 1408
10 1393
28 1456
37 1191
40 1354
41 1397
27 1420
15 1447
18 1409
19 1492
12 1341
43 1378
43 1446
21 1325
38 1265
31 1256
43 1015
46 1200
49 1099
25 1111
32 1415
41 1393
46 1187
27 1227
37 1328
32 1247
14 1283
11 1408
24 1118
21 1323
49 1193
25 1137
23 1246
15 1362
20 1079
37 1283
27 1382
41 1259
12 1126
31 1435
31 1016
11 1406
48 1246
10 1321
22 1426
19 1384
42 1186
36 1253
28 1040
47 1321
45 1227
31 1007
38 1001
33 1047
41 1166
31 1133
11 1159
21 1019
23 1005
25 1357
39 1339
27 1458
18 1232
19 1097
12 1464
11 1001
35 1406
10 1404
47 1393
49 1376
26 1166
29 1411
45 1197
45 1459
47 1384
18 1143
22 1337
11 1124
39 1290
45 1269
26 1402
28 1078
45 1253
46 1340
42 1180
26 1468
38 1028
40 1211
34 1441
21 1420
43 1218
39 1062
15 1391
47 1430
25 1052
33 1461
34 1425
35 1410
48 1112
35 1233
12 1052
37 1254
11 1495
15 1464
30 1180
11 1261
31 1251
38 1405
13 1351
43 1148
31 1106
41 1123
31 1401
26 1020
49 1372
22 1147
13 1289
43 1235
41 1449
11 1297
22 1094
33 1364
33 1236
16 1364
35 1276
12 1137
49 1181
28 1237
27 1184
45 1004
31 1277
16 1372
43 1206
14 1034
26 1096
22 1076
29 1255
41 1375
16 1448
31 1465
18 1417
31 1213
16 1267
20 1091
25 1214
43 1023
30 1476
24 1419
11 1173
37 1370
31 1229
17 1476
25 1367
25 1099
25 1363
42 1209
14 1329
16 1322
11 1415
13 1279
27 1153
36 1231
31 1288
28 1397
32 1277
47 1338
47 1345
46 1114
34 1114
14 1284
48 1014
49 1370
27 1158
20 1416
39 1266
23 1129
37 1480
49 1164
15 1016
24 1373
16 1093
26 1030
32 1023
19 1310
43 1157
16 1361
36 1289
10 1059
18 1083
21 1235
29 1443
27 1124
29 1280
11 1192
45 1314
15 1392
24 1143
37 1152
38 1256
21 1489
15 1391
23 1388
45 1011
20 1270
23 1341
29 1011
24 1428
25 1065
12 1477
33 1229
46 1405
15 1115
27 1497
21 1131
27 1451
27 1217
12 1340
23 1496
40 1143
40 1281
15 1340
49 1007
28 1261
34 1383
16 1178
30 1101
40 1343
46 1087
30 1021
34 1001
20 1002
34 1186
19 1077
46 1453
47 1093
41 1141
49 1251
27 1475
25 1129
20 1036
26 1400
27 1148
45 1336
21 1387
45 1298
45 1290
41 1355
49 1375
37 1402
17 1359
41 1021
32 1279
36 1215
42 1091
36 1201
12 1188
11 1436
10 1025
38 1171
39 1360
41 1380
28 1317
36 1493
33 1494
40 1172
22 1051
34 1089
12 1440
47 1464
39 1133
16 1253
12 1177
30 1387
39 1040
24 1468
44 1411
34 1033
34 1323
26 1139
24 1043
28 1073
26 1060
44 1140
20 1408
17 1120
13 1437
49 1082
27 1477
43 1009
38 1200
49 1231
18 1110
31 1099
34 1121
37 1199
40 1215
31 1220
14 1167
27 1031
47 1013
35 1177
43 1299
25 1368
48 1411
29 1136
13 1298
11 1103
34 1417
13 1069
43 1452
29 1309
39 1451
36 1382
17 1023
17 1337
10 1459
36 1419
30 1430
39 1238
47 1448
46 1080
40 1010
32 1328
33 1257
33 1348
38 1420
14 1324
37 1032
47 1297
23 1224
27 1453
13 1183
26 1412
33 1190
35 1164
42 1258
14 1179
48 1254
20 1140
16 1385
15 1062
13 1275
39 1132
37 1438
28 1106
25 1060
44 1263
32 1087
30 1138
28 1400
26 1193
11 1181
44 1123
27 1269
37 1399
25 1107
11 1495
30 1224
16 1123
31 1286
27 1285
45 1223
31 1040
25 1142
23 1404
41 1342
27 1314
34 1467
42 1178
43 1017
42 1108
13 1132
33 1083
33 1047
27 1448
16 1329
18 1461
49 1318
25 1058
39 1495
23 1008
21 1187
22 1367
11 1303
37 1361
28 1251
49 1319
34 1038
26 1083
11 1092
34 1494
17 1028
19 1058
31 1095
28 1299
15 1352
19 1261
38 1163
38 1416
17 1248
16 1338
20 1225
37 1150
18 1225
37 1062
20 1181
17 1159
39 1296
19 1013
39 1362
10 1274
44 1455
44 1293
39 1164
13 1266
23 1317
18 1106
34 1430
19 1478
31 1136
28 1063
18 1077
35 1333
23 1089
22 1058
18 1268
47 1421
23 1340
15 1012
21 1141
29 1274
48 1359
37 1485
23 1167
46 1168
43 1383
31 1379
42 1044
34 1458
34 1417
20 1306
12 1289
20 1342
49 1047
48 1361
25 1124
30 1014
32 1021
14 1449
36 1236
16 1300
27 1342
44 1013
33 1123
18 1478
15 1392
19 1234
11 1176
19 1077
31 1383
18 1186
46 1088
26 1330
33 1163
11 1090
48 1239
26 1116
48 1084
24 1075
47 1422
31 1474
32 1435
24 1003
31 1492
33 1137
21 1145
21 1080
38 1052
21 1446
26 1042
23 1114
25 1116
24 1336
18 1005
44 1130
14 1447
43 1323
43 1419
49 1268
18 1258
48 1472
39 1211
42 1474
10 1031
17 1397
23 1163
20 1074
36 1251
40 1126
37 1224
30 1113
45 1094
24 1320
12 1205
19 1258
14 1223
37 1266
47 1419
42 1354
25 1474
42 1265
46 1396
28 1395
18 1491
44 1143
29 1311
36 1393
36 1181
40 1368
18 1404
34 1138
39 1109
27 1491
35 1419
44 1116
20 1352
42 1326
39 1305
11 1013
11 1412
35 1078
23 1013
34 1096
27 1221
20 1484
32 1326
21 1014
41 1190
23 1304
48 1103
21 1384
15 1299
14 1078
17 1190
27 1220
14 1020
38 1025
40 1430
15 1171
42 1321
36 1141
35 1288
43 1242
48 1105
48 1220
46 1045
11 1105
12 1244
26 1095
37 1446
33 1027
33 1059
49 1284
49 1332
22 1109
23 1395
27 1147
44 1357
24 1460
36 1388
21 1282
20 1053
48 1454
38 1466
16 1157
20 1345
21 1149
30 1211
28 1390
15 1439
38 1247
49 1038
22 1223
17 1311
26 1118
27 1095
16 1349
10 1197
48 1016
29 1358
17 1352
38 1355
19 1038
40 1155
49 1397
41 1014
20 1030
49 1194
41 1026
31 1072
45 1388
12 1412
10 1125
19 1319
18 1037
44 1109
32 1427
33 1355
29 1049
16 1351
11 1468
19 1268
14 1009
18 1083
32 1092
16 1198
44 1160
38 1294
48 1005
45 1010
49 1402
39 1209
47 1164
48 1358
14 1048
11 1386
10 1001
14 1419
47 1225
33 1016
41 1440
20 1055
31 1437
39 1185
48 1212
37 1310
24 1035
15 1323
32 1218
39 1424
16 1191
17 1079
35 1391
10 1254
48 1054
30 1460
14 1396
19 1334
23 1069
42 1428
19 1362
38 1054
15 1228
47 1463
28 1283
29 1143
23 1099
25 1373
17 1031
28 1341
32 1382
35 1298
37 1038
48 1291
35 1269
34 1386
11 1314
11 1388
34 1388
33 1313
22 1456
44 1340
24 1339
49 1400
32 1149
22 1232
18 1359
35 1056
30 1379
43 1282
46 1101
46 1064
48 1497
13 1073
38 1305
19 1436
41 1395
14 1070
25 1497
23 1491
26 1190
27 1418
23 1436
44 1360
29 1241
31 1496
19 1284
26 1280
40 1086
26 1429
19 1043
45 1344
33 1116
38 1490
43 1430
16 1243
12 1007
40 1253
20 1105
28 1346
49 1339
44 1260
18 1005
46 1479
21 1378
23 1113
42 1490
37 1332
39 1385
37 1111
31 1049
17 1139
35 1339
11 1159
39 1109
41 1016
41 1266
39 1179
23 1345
47 1011
32 1339
24 1389
46 1074
33 1326
40 1266
33 1206
33 1423
27 1344
17 1376
48 1308
37 1319
46 1341
21 1348
28 1115
26 1090
11 1467
40 1453
43 1179
48 1145
30 1482
46 1025
31 1039
22 1102
37 1126
38 1466
36 1010
49 1110
43 1261
31 1075
26 1411
38 1364
14 1162
27 1409
15 1274
37 1426
41 1170
31 1265
28 1037
19 1212
36 1216
25 1224
36 1118
13 1405
16 1441
38 1460
40 1146
43 1489
10 1249
30 1413
43 1181
31 1410
12 1020
45 1305
21 1041
15 1386
32 1405
18 1449
28 1177
25 1498
30 1067
35 1035
32 1457
40 1496
40 1008
24 1228
18 1304
20 1012
14 1111
41 1423
20 1238
35 1314
16 1373
28 1139
47 1253
29 1210
20 1439
13 1276
48 1287
36 1349
30 1405
31 1042
19 1408
45 1455
41 1055
24 1198
32 1474
48 1384
40 1225
28 1116
13 1456
32 1073
22 1294
45 1283
19 1127
36 1455
35 1200
44 1136
36 1447
10 1096
48 1335
15 1444
23 1048
25 1158
43 1164
30 1314
16 1419
16 1412
25 1435
30 1181
48 1343
29 1123
47 1289
19 1108
23 1122
11 1453
25 1000
18 1296
44 1206
43 1438
17 1433
13 1224
13 1012
47 1185
37 1272
49 1146
14 1453
48 1260
44 1426
17 1021
34 1012
29 1401
32 1217
10 1202
34 1353
36 1262
13 1491
23 1244
29 1426
41 1260
36 1493
20 1021
28 1047
21 1474
25 1005
49 1323
36 1161
37 1215
16 1470
35 1495
37 1143
41 1477
10 1123
41 1015
40 1479
49 1108
21 1113
21 1463
27 1398
48 1426
21 1376
49 1229
30 1436
41 1480
40 1161
28 1492
14 1224
29 1410
31 1067
21 1446
48 1397
32 1185
31 1362
18 1211
29 1446
49 1108
39 1149
22 1219
34 1326
25 1355
23 1301
11 1150
45 1454
16 1491
42 1178
17 1444
44 1443
42 1444
40 1326
23 1293
27 1292
18 1406
34 1118
38 1158
17 1436
34 1318
39 1241
34 1253
30 1225
14 1197
32 1384
19 1319
43 1106
40 1403
22 1422
40 1055
45 1289
19 1259
45 1313
37 1220
16 1048
16 1482
28 1238
34 1060
43 1071
49 1309
17 1273
45 1469
38 1308
45 1192
11 1465
12 1240
31 1055
27 1469
28 1498
31 1083
30 1362
17 1245
10 1055
47 1166
23 1251
34 1294
37 1328
34 1298
29 1163
32 1258
26 1224
21 1027
15 1024
34 1195
30 1079
22 1017
16 1485
18 1052
14 1250
41 1164
13 1080
42 1129
34 1151
38 1174
49 1462
30 1293
46 1184
17 1411
41 1288
26 1431
11 1256
19 1160
11 1351
13 1257
30 1073
20 1148
44 1410
20 1213
33 1320
49 1246
32 1494
13 1084
35 1214
41 1125
31 1188
22 1094
35 1076
17 1489
30 1460
27 1137
23 1265
11 1213
40 1413
32 1339
18 1339
26 1125
43 1320
46 1320
44 1226
44 1016
32 1008
42 1498
17 1298
35 1144
49 1186
10 1255
40 1379
38 1197
39 1029
46 1306
49 1394
17 1177
34 1013
22 1395
41 1300
47 1307
35 1440
37 1481
43 1033
14 1202
44 1368
49 1393
32 1288
38 1227
39 1121
36 1192
49 1428
39 1382
42 1192
48 1249
34 1007
40 1307
36 1113
39 1038
44 1284
39 1392
14 1170
16 1319
37 1203
13 1492
14 1488
25 1113
20 1448
25 1105
37 1274
12 1220
32 1048
19 1415
12 1256
44 1460
36 1112
37 1232
18 1231
20 1268
17 1108
16 1306
14 1150
28 1381
26 1289
17 1011
36 1491
35 1450
33 1010
29 1073
13 1342
40 1176
31 1117
43 1186
31 1354
43 1372
42 1019
48 1492
38 1100
28 1180
47 1312
46 1490
46 1371
42 1372
17 1073
21 1179
48 1252
40 1160
31 1029
36 1131
10 1223
44 1240
45 1209
34 1328
19 1014
14 1428
45 1315
48 1444
47 1219
47 1425
15 1334
22 1324
31 1331
10 1184
31 1142
15 1360
11 1377
29 1257
41 1215
19 1269
18 1439
32 1072
13 1099
10 1193
43 1489
31 1072
17 1181
37 1455
29 1345
46 1294
10 1484
12 1018
31 1456
30 1127
21 1058
28 1232
34 1422
40 1080
39 1001
29 1354
19 1432
49 1207
37 1419
38 1057
30 1386
30 1280
46 1138
23 1474
12 1101
36 1494
32 1176
49 1255
35 1146
41 1308
12 1136
34 1134
32 1185
47 1466
49 1089
37 1219
31 1032
49 1251
45 1300
31 1091
23 1282
44 1227
35 1219
40 1469
11 1072
43 1191
49 1350
24 1089
21 1285
31 1226
48 1456
25 1133
48 1065
38 1320
27 1201
33 1394
17 1279
40 1171
38 1252
38 1113
16 1159
29 1275
41 1418
19 1425
11 1047
35 1211
42 1147
25 1281
38 1296
20 1055
17 1446
14 1047
33 1297
37 1142
14 1141
13 1421
15 1047
36 1015
48 1234
21 1174
28 1320
38 1081
46 1127
46 1370
46 1244
27 1169
24 1045
23 1380
46 1432
15 1400
48 1205
38 1460
10 1320
38 1148
17 1085
21 1101
32 1434
12 1043
40 1092
48 1329
33 1421
45 1116
27 1011
31 1462
15 1419
45 1398
26 1446
10 1329
26 1119
14 1012
24 1066
11 1286
17 1250
23 1305
36 1072
22 1005
19 1341
41 1230
49 1464
31 1042
42 1086
38 1206
36 1083
48 1059
12 1325
29 1381
45 1157
42 1014
48 1272
35 1135
15 1481
39 1068
22 1224
22 1240
29 1421
44 1152
27 1045
14 1039
37 1013
30 1248
34 1077
19 1229
49 1003
33 1097
39 1311
44 1454
19 1252
17 1184
41 1053
17 1122
38 1052
30 1345
12 1077
46 1181
36 1419
18 1162
36 1104
32 1440
35 1142
47 1443
29 1270
27 1166
19 1256
13 1422
43 1129
20 1477
15 1419
30 1287
42 1137
38 1448
39 1443
18 1123
21 1417
22 1277
41 1289
32 1384
27 1006
31 1179
10 1498
32 1337
39 1106
28 1485
27 1158
46 1398
40 1264
42 1270
44 1146
42 1384
28 1454
10 1145
24 1267
34 1189
11 1457
20 1452
10 1236
11 1141
34 1453
32 1094
42 1138
21 1209
12 1379
26 1173
39 1198
46 1181
31 1374
11 1161
49 1219
46 1394
27 1328
39 1197
18 1404
43 1010
39 1430
31 1347
11 1456
12 1000
34 1424
13 1023
19 1312
19 1206
35 1344
35 1234
17 1320
28 1015
15 1436
30 1031
23 1057
46 1096
40 1008
33 1133
41 1017
23 1388
14 1112
28 1097
34 1022
26 1489
39 1036
17 1408
44 1086
48 1060
49 1439
21 1165
46 1487
48 1227
32 1147
48 1020
38 1160
33 1469
10 1074
26 1489
22 1371
16 1394
41 1233
29 1379
43 1257
29 1462
37 1254
28 1375
42 1272
10 1095
34 1175
31 1157
17 1311
40 1387
25 1252
37 1415
32 1079
44 1020
32 1198
35 1452
14 1336
45 1385
26 1422
41 1447
12 1088
16 1184
13 1119
23 1016
48 1285
25 1061
31 1152
46 1034
13 1458
19 1398
19 1325
43 1315
44 1427
43 1379
47 1495
27 1048
36 1143
38 1350
19 1217
32 1071
36 1432
34 1389
20 1078
20 1152
44 1035
49 1440
36 1032
10 1367
41 1133
32 1182
47 1470
11 1190
39 1042
38 1292
20 1121
10 1401
48 1374
41 1456
21 1017
45 1072
34 1296
35 1176
37 1183
13 1316
15 1261
43 1246
32 1106
12 1067
42 1151
47 1089
27 1416
38 1317
48 1420
16 1346
27 1170
29 1278
17 1353
42 1484
34 1063
36 1023
47 1451
49 1430
47 1440
33 1286
17 1390
35 1149
45 1308
26 1306
16 1411
17 1222
17 1030
45 1050
46 1253
12 1301
31 1361
28 1085
40 1012
23 1215
21 1379
14 1392
39 1041
13 1394
21 1258
13 1100
12 1399
45 1028
17 1021
23 1095
12 1472
37 1300
35 1277
46 1052
47 1086
49 1091
44 1208
47 1031
14 1241
31 1040
43 1202
30 1147
28 1265
21 1227
34 1131
34 1329
29 1342
46 1476
21 1077
11 1203
22 1114
30 1021
46 1101
44 1238
45 1268
25 1292
29 1285
39 1236
46 1243
48 1113
47 1260
13 1298
46 1018
32 1394
42 1443
17 1029
40 1018
32 1183
11 1359
17 1255
31 1108
33 1301
36 1107
22 1005
33 1388
14 1210
24 1437
26 1096
10 1209
42 1308
33 1260
10 1464
46 1391
34 1181
48 1359
23 1309
25 1244
14 1114
44 1411
40 1363
15 1448
38 1447
44 1430
16 1384
35 1118
43 1150
41 1221
30 1321
49 1424
14 1112
28 1011
35 1426
19 1423
39 1133
36 1168
19 1366
24 1226
32 1444
18 1367
13 1459
24 1080
37 1153
33 1434
21 1156
49 1305
42 1433
11 1212
25 1330
41 1093
27 1275
39 1360
21 1431
20 1458
17 1357
19 1308
39 1327
29 1434
28 1355
16 1385
37 1291
36 1076
10 1281
10 1383
22 1007
24 1194
35 1063
45 1100
23 1247
15 1337
17 1247
13 1490
45 1304
45 1288
40 1043
34 1285
27 1063
15 1197
45 1090
21 1129
32 1100
18 1007
20 1315
25 1064
46 1011
35 1486
25 1445
17 1229
44 1418
36 1061
19 1365
11 1150
32 1471
37 1307
46 1317
14 1418
17 1004
17 1254
41 1028
37 1387
18 1491
21 1052
17 1252
47 1406
46 1120
14 1116
40 1261
24 1150
41 1433
25 1101
17 1237
10 1448
15 1216
18 1102
18 1249
22 1290
48 1367
20 1022
32 1024
20 1265
32 1484
14 1104
49 1141
39 1397
35 1331
18 1011
43 1012
23 1027
39 1448
20 1471
44 1391
27 1144
14 1270
38 1340
13 1153
26 1480
27 1061
14 1091
45 1475
26 1427
36 1222
29 1145
37 1332
34 1373
37 1386
14 1212
41 1033
43 1327
22 1408
25 1029
43 1020
13 1424
19 1400
41 1218
48 1008
40 1065
18 1233
32 1411
36 1080
13 1209
28 1207
18 1292
16 1330
48 1209
46 1269
17 1481
38 1459
44 1394
13 1309
41 1268
48 1222
16 1187
32 1387
46 1248
39 1099
12 1464
28 1179
12 1373
12 1139
45 1247
19 1460
36 1399
33 1283
29 1436
43 1067
17 1256
40 1410
45 1179
26 1298
39 1074
39 1085
46 1258
42 1407
16 1085
31 1161
49 1179
23 1259
40 1495
45 1493
43 1281
34 1305
17 1346
19 1158
37 1072
26 1431
39 1027
39 1213
34 1123
38 1355
42 1045
38 1148
34 1283
18 1134
38 1417
28 1473
33 1194
16 1062
45 1061
12 1013
22 1245
47 1056
17 1253
44 1174
38 1462
40 1168
35 1033
24 1290
43 1358
29 1485
10 1350
49 1023
14 1270
40 1420
23 1130
21 1011
21 1077
49 1406
17 1025
41 1299
49 1096
30 1293
39 1188
21 1297
19 1473
17 1401
31 1401
30 1061
44 1320
39 1010
11 1176
18 1151
15 1370
10 1322
47 1403
35 1111
45 1105
26 1239
23 1043
31 1144
19 1172
13 1309
41 1115
35 1368
15 1183
18 1041
25 1289
24 1403
10 1474
34 1391
25 1026
45 1307
29 1189
13 1187
24 1181
22 1097
38 1257
14 1060
26 1222
47 1427
11 1379
30 1235
31 1223
13 1011
41 1006
24 1220
22 1219
15 1138
31 1054
14 1002
17 1081
37 1072
24 1113
48 1489
45 1165
44 1058
23 1430
40 1389
25 1074
11 1111
24 1239
28 1294
30 1065
45 1455
22 1459
43 1399
44 1339
40 1080
19 1037
22 1271
32 1178
37 1065
40 1143
43 1452
46 1238
29 1009
36 1013
46 1078
29 1255
27 1321
30 1358
21 1295
24 1140
38 1403
24 1376
34 1208
25 1279
20 1403
41 1346
24 1340
40 1332
20 1299
29 1241
30 1160
17 1093
45 1316
19 1412
43 1449
40 1109
38 1401
34 1005
31 1448
19 1451
46 1248
49 1121
21 1097
15 1122
17 1415
45 1389
17 1381
32 1077
41 1457
34 1070
31 1019
29 1076
10 1147
47 1282
14 1490
48 1051
23 1233
29 1215
38 1369
46 1412
28 1376
31 1496
36 1108
37 1242
39 1174
22 1495
14 1289
29 1231
16 1246
31 1381
44 1379
18 1339
27 1308
20 1265
33 1256
21 1468
17 1442
20 1420
48 1033
28 1012
22 1146
19 1250
29 1406
42 1465
18 1043
33 1074
38 1281
40 1272
40 1478
42 1348
30 1412
26 1184
17 1152
34 1007
17 1260
24 1289
42 1069
46 1438
13 1421
28 1399
24 1139
17 1277
42 1217
18 1469
29 1144
25 1003
40 1431
33 1234
18 1165
41 1018
19 1183
35 1121
47 1121
12 1056
32 1172
20 1073
34 1343
10 1404
25 1079
10 1127
28 1216
14 1196
24 1199
10 1259
13 1093
29 1290
16 1038
27 1226
16 1058
22 1353
20 1430
22 1136
48 1497
26 1069
19 1430
37 1274
46 1201
22 1313
16 1378
45 1488
45 1486
26 1008
24 1480
28 1371
34 1087
22 1273
26 1131
10 1111
37 1317
39 1320
38 1118
30 1226
37 1087
47 1412
39 1200
12 1210
22 1017
14 1073
20 1281
33 1486
39 1065
13 1385
30 1388
46 1390
14 1044
43 1215
34 1363
11 1381
33 1358
19 1009
40 1214
13 1351
28 1216
48 1387
10 1498
46 1174
44 1097
48 1083
25 1238
25 1143
20 1222
25 1049
32 1102
36 1182
29 1420
41 1114
48 1362
14 1293
19 1262
19 1071
43 1122
30 1030
15 1188
44 1400
39 1222
22 1223
40 1261
29 1132
45 1380
28 1287
44 1156
36 1425
34 1010
29 1038
34 1214
13 1135
40 1494
27 1405
31 1211
32 1370
15 1348
32 1180
31 1030
18 1206
22 1045
38 1191
46 1006
29 1403
20 1363
40 1054
12 1137
37 1016
39 1305
48 1268
44 1342
17 1459
16 1303
49 1048
32 1491
15 1127
38 1489
36 1182
42 1277
35 1389
19 1074
35 1046
20 1397
13 1040
28 1403
13 1198
30 1449
47 1322
26 1350
26 1151
41 1241
22 1317
17 1485
25 1165
49 1394
42 1002
19 1039
10 1445
39 1006
38 1395
28 1233
47 1483
47 1227
37 1043
46 1357
18 1215
28 1286
48 1238
34 1176
17 1136
24 1457
39 1168
25 1287
15 1188
47 1332
35 1126
19 1106
20 1012
18 1291
44 1350
36 1190
31 1305
45 1145
43 1298
20 1091
42 1383
40 1157
16 1017
19 1438
34 1496
10 1340
34 1164
34 1008
37 1419
48 1466
22 1484
34 1163
14 1474
26 1018
42 1218
14 1391
24 1063
11 1496
18 1162
23 1028
15 1048
48 1172
24 1445
45 1140
23 1084
13 1083
29 1053
39 1463
24 1416
12 1441
30 1314
36 1070
35 1329
16 1115
42 1045
31 1117
13 1456
44 1214
14 1456
44 1255
15 1160
15 1435
10 1093
45 1224
49 1171
24 1201
39 1097
25 1443
14 1296
12 1146
20 1406
22 1206
31 1116
21 1487
21 1126
34 1041
47 1203
46 1462
48 1119
37 1069
41 1391
44 1288
29 1149
43 1052
21 1143
34 1431
44 1061
15 1372
35 1081
20 1435
15 1320
47 1410
17 1397
17 1294
33 1328
16 1356
43 1151
12 1198
30 1202
30 1381
23 1373
12 1363
25 1382
35 1203
10 1308
15 1353
48 1468
30 1426
26 1216
47 1442
25 1189
29 1003
27 1115
12 1441
47 1480
47 1455
40 1410
22 1141
12 1394
29 1489
48 1105
33 1094
38 1244
30 1467
40 1266
41 1031
18 1020
15 1467
41 1408
10 1298
10 1465
26 1047
27 1004
37 1481
39 1050
13 1060
46 1147
21 1314
33 1383
11 1383
33 1325
27 1414
32 1499
21 1353
34 1410
38 1498
16 1214
25 1369
10 1399
25 1057
15 1151
22 1064
36 1354
34 1302
37 1108
24 1061
24 1314
31 1213
41 1434
45 1231
47 1049
35 1274
12 1445
15 1325
20 1257
17 1126
49 1106
39 1386
26 1418
10 1386
13 1147
12 1370
46 1109
35 1163
31 1373
12 1471
46 1491
33 1239
31 1222
24 1277
45 1421
49 1087
28 1165
36 1428
36 1302
41 1275
43 1007
13 1442
46 1489
37 1448
45 1337
49 1293
27 1293
47 1246
42 1101
10 1386
28 1204
23 1206
44 1439
34 1378
47 1152
14 1454
16 1377
13 1157
15 1187
10 1453
36 1242
20 1422
29 1003
46 1364
32 1029
25 1470
30 1265
20 1221
15 1219
17 1300
32 1090
32 1084
37 1088
32 1088
19 1311
30 1361
42 1203
34 1379
39 1191
43 1460
24 1189
43 1360
24 1311
19 1247
19 1311
39 1097
22 1155
39 1457
28 1078
47 1262
19 1348
29 1083
27 1058
29 1300
27 1202
28 1099
36 1129
36 1487
43 1421
28 1466
10 1274
23 1438
35 1048
21 1431
21 1214
17 1456
21 1036
32 1432
25 1341
44 1099
25 1294
25 1147
10 1160
48 1065
45 1440
47 1232
46 1357
24 1221
43 1298
36 1378
35 1135
27 1145
48 1369
15 1209
32 1203
41 1354
18 1061
11 1433
26 1279
18 1220
47 1119
29 1001
13 1303
21 1417
22 1186
23 1340
25 1299
20 1386
15 1164
40 1319
46 1370
44 1334
15 1224
16 1377
13 1303
29 1054
42 1482
19 1145
44 1449
37 1224
14 1367
49 1270
23 1298
46 1018
22 1223
37 1081
18 1413
23 1421
20 1008
23 1020
38 1094
27 1274
13 1263
24 1285
43 1400
13 1299
30 1002
26 1206
37 1231
12 1357
37 1166
48 1223
27 1029
29 1141
46 1228
35 1435
45 1162
12 1411
29 1182
20 1284
20 1357
43 1055
29 1079
16 1374
36 1019
36 1103
20 1304
12 1208
45 1154
18 1229
17 1311
27 1247
37 1083
14 1109
35 1019
33 1484
45 1450
30 1375
25 1209
28 1497
17 1193
13 1445
43 1470
18 1259
46 1384
44 1493
37 1127
16 1496
39 1360
42 1481
11 1266
30 1239
11 1204
27 1059
26 1006
46 1304
10 1138
36 1163
43 1217
30 1488
35 1216
33 1404
27 1034
21 1388
42 1421
46 1337
25 1285
14 1435
29 1474
22 1226
15 1236
15 1444
34 1272
27 1415
16 1226
41 1253
41 1036
20 1196
15 1328
22 1153
10 1093
21 1042
14 1338
31 1045
39 1032
28 1080
31 1408
28 1450
36 1217
44 1429
11 1041
20 1003
30 1303
40 1488
37 1014
31 1228
32 1162
28 1096
23 1402
22 1407
49 1144
46 1044
29 1315
39 1479
34 1386
20 1329
11 1266
12 1482
13 1149
32 1121
48 1211
46 1252
33 1225
27 1416
49 1490
36 1469
28 1261
32 1099
48 1284
42 1001
42 1159
19 1097
20 1011
24 1297
41 1319
41 1158
28 1215
32 1046
37 1131
35 1468
16 1049
46 1096
42 1235
23 1432
28 1464
29 1188
37 1302
31 1420
32 1110
49 1464
41 1333
39 1007
35 1361
39 1244
11 1352
44 1109
29 1055
19 1030
21 1300
22 1090
44 1172
23 1364
48 1258
19 1002
46 1306
29 1297
48 1395
24 1419
46 1366
23 1198
17 1427
29 1283
46 1114
16 1029
29 1390
33 1285
36 1009
43 1064
44 1032
29 1163
13 1335
26 1426
44 1337
44 1114
26 1423
18 1223
10 1094
25 1047
10 1161
29 1227
42 1393
33 1015
43 1401
20 1296
21 1170
27 1438
46 1260
41 1018
49 1391
43 1253
36 1175
15 1231
44 1437
19 1385
17 1031
13 1353
47 1169
14 1346
17 1227
26 1286
47 1410
19 1337
23 1253
20 1408
35 1374
17 1179
47 1188
16 1440
13 1165
30 1107
21 1483
13 1057
28 1360
12 1292
39 1345
49 1457
31 1198
47 1480
17 1041
41 1169
30 1118
38 1098
24 1387
46 1375
34 1358
36 1364
14 1406
46 1164
17 1429
36 1240
27 1106
14 1426
32 1166
46 1472
15 1198
16 1233
17 1023
36 1407
30 1477
43 1291
18 1057
36 1484
32 1386
19 1234
11 1062
36 1461
23 1074
25 1389
46 1003
20 1135
15 1408
46 1164
42 1416
25 1015
24 1446
47 1205
46 1450
29 1295
32 1293
30 1216
24 1444
31 1233
49 1191
39 1029
49 1345
34 1381
24 1358
11 1326
17 1218
34 1486
32 1084
20 1078
32 1465
47 1052
36 1045
16 1277
46 1095
16 1267
26 1253
22 1324
40 1029
12 1177
31 1187
46 1345
22 1285
20 1276
17 1340
42 1366
15 1090
15 1221
35 1349
39 1145
20 1218
38 1199
42 1325
43 1280
33 1116
39 1213
43 1442
31 1150
35 1349
28 1391
35 1172
15 1137
17 1434
15 1252
20 1132
42 1233
21 1089
46 1481
47 1379
11 1026
18 1225
15 1439
25 1081
17 1169
16 1043
43 1276
28 1319
43 1407
11 1138
31 1333
21 1119
15 1178
33 1327
44 1336
23 1216
24 1144
16 1444
49 1223
20 1014
32 1284
38 1250
19 1305
38 1492
33 1186
33 1101
43 1338
31 1290
30 1322
32 1430
19 1451
19 1013
41 1329
21 1350
34 1019
19 1396
38 1458
30 1378
18 1492
22 1000
48 1320
34 1390
42 1218
44 1097
22 1313
10 1029
41 1249
47 1309
45 1097
30 1376
18 1312
22 1102
45 1270
25 1446
47 1368
39 1482
29 1335
46 1137
43 1294
29 1347
38 1379
28 1321
42 1333
28 1322
31 1156
34 1136
17 1487
12 1251
13 1396
18 1158
14 1306
22 1347
18 1468
25 1486
19 1373
30 1011
18 1420
17 1226
33 1361
42 1439
37 1171
25 1414
25 1221
42 1049
34 1147
29 1199
33 1392
13 1134
41 1451
46 1457
20 1253
12 1008
26 1053
36 1289
24 1066
28 1004
26 1026
10 1310
21 1354
18 1025
15 1021
34 1055
11 1128
30 1333
19 1131
43 1367
49 1489
32 1499
46 1101
22 1115
38 1263
24 1203
21 1295
39 1301
28 1482
13 1494
16 1276
10 1446
17 1342
44 1158
29 1176
38 1270
25 1272
17 1277
12 1246
39 1112
15 1055
20 1392
11 1420
45 1025
48 1287
27 1213
15 1019
47 1100
19 1110
28 1105
34 1264
29 1020
17 1094
26 1172
49 1183
28 1474
22 1399
46 1335
38 1003
10 1292
34 1470
49 1400
37 1185
40 1341
15 1250
24 1496
30 1402
11 1298
26 1342
31 1064
48 1296
43 1388
20 1009
36 1056
46 1203
23 1054
15 1147
25 1256
38 1232
47 1324
32 1435
35 1320
40 1300
10 1285
45 1008
47 1029
10 1036
47 1331
47 1359
44 1195
13 1076
36 1213
14 1027
48 1240
21 1495
44 1310
40 1485
15 1278
17 1122
45 1115
26 1024
44 1053
29 1186
38 1102
48 1411
21 1307
28 1358
47 1149
43 1283
44 1005
20 1141
21 1134
31 1421
24 1448
41 1072
12 1428
12 1330
43 1202
34 1041
32 1443
31 1308
15 1325
47 1172
13 1256
46 1360
48 1041
18 1455
43 1460
47 1267
16 1028
20 1163
39 1438
47 1344
43 1106
32 1157
40 1488
33 1486
43 1074
40 1096
37 1105
38 1015
10 1164
41 1212
41 1420
28 1056
21 1418
22 1123
46 1351
49 1482
17 1019
41 1247
48 1219
29 1016
31 1389
37 1497
32 1039
10 1139
45 1186
31 1096
38 1092
19 1319
18 1182
30 1362
29 1393
47 1280
27 1107
42 1127
46 1049
19 1343
29 1429
23 1083
42 1088
32 1236
25 1169
15 1477
31 1459
32 1044
10 1354
30 1152
23 1384
25 1377
11 1317
16 1043
41 1203
10 1044
36 1169
16 1174
32 1091
42 1011
19 1193
15 1437
14 1018
31 1402
20 1137
17 1418
30 1073
26 1304
46 1115
24 1204
37 1041
38 1492
35 1391
28 1258
12 1267
19 1160
46 1102
13 1476
35 1242
19 1407
16 1331
40 1023
26 1373
42 1499
20 1077
13 1460
25 1002
42 1392
49 1422
14 1210
20 1416
42 1408
10 1174
24 1080
34 1064
20 1106
30 1439
24 1407
19 1079
47 1376
25 1193
48 1333
26 1446
32 1274
44 1120
33 1363
22 1476
38 1091
49 1199
38 1103
30 1429
40 1255
22 1487
37 1319
32 1227
48 1428
24 1084
14 1152
37 1053
11 1411
25 1401
26 1037
26 1345
43 1262
19 1057
30 1203
34 1335
26 1368
20 1048
24 1415
30 1150
43 1310
28 1422
42 1021
34 1319
18 1483
14 1311
37 1135
48 1063
25 1400
32 1407
22 1171
15 1340
12 1232
17 1086
42 1461
25 1105
26 1120
26 1037
28 1290
13 1174
35 1149
16 1209
47 1010
43 1207
19 1350
28 1122
37 1205
19 1396
14 1021
36 1118
37 1343
29 1308
41 1030
30 1430
44 1434
35 1386
13 1387
15 1068
39 1424
41 1422
14 1291
34 1187
45 1311
20 1400
28 1191
34 1243
38 1266
40 1066
36 1237
43 1241
32 1237
39 1444
19 1428
13 1146
48 1225
48 1106
30 1273
19 1443
19 1122
32 1345
29 1165
48 1188
18 1085
19 1482
13 1252
37 1101
26 1323
10 1279
25 1469
44 1221
29 1264
11 1019
38 1378
17 1281
11 1140
27 1082
29 1001
17 1383
21 1364
38 1022
30 1105
39 1370
19 1065
33 1299
23 1354
26 1405
12 1264
34 1265
33 1394
42 1251
32 1458
31 1251
38 1254
25 1086
31 1408
12 1245
39 1153
38 1270
19 1237
31 1019
38 1492
38 1432
11 1367
42 1017
29 1303
13 1107
16 1094
19 1334
44 1454
27 1106
24 1450
13 1464
35 1308
14 1292
18 1043
47 1416
34 1204
46 1324
42 1071
30 1372
41 1075
45 1231
39 1007
42 1135
11 1269
48 1004
32 1148
28 1332
45 1011
38 1024
13 1409
19 1059
39 1304
47 1161
39 1470
33 1315
40 1024
13 1007
14 1386
42 1296
26 1027
41 1086
20 1445
39 1116
32 1305
35 1439
35 1489
32 1421
29 1092
35 1440
17 1453
44 1162
10 1051
14 1020
11 1265
21 1152
23 1045
33 1142
46 1482
45 1218
13 1039
38 1051
26 1380
28 1320
42 1198
40 1341
35 1469
42 1137
39 1476
28 1102
47 1086
20 1053
38 1327
26 1252
41 1387
32 1374
12 1451
15 1346
38 1042
43 1345
25 1332
24 1209
25 1096
24 1373
43 1216
36 1291
11 1366
15 1265
48 1330
44 1404
15 1478
37 1446
13 1091
34 1225
43 1033
33 1477
10 1322
34 1057
19 1157
48 1386
31 1039
10 1000
22 1198
23 1190
38 1150
28 1411
28 1269
10 1287
17 1474
27 1107
46 1131
42 1004
13 1355
15 1232
17 1403
14 1117
14 1219
42 1237
11 1474
18 1402
33 1092
32 1093
30 1034
47 1201
38 1194
22 1401
49 1453
28 1374
28 1079
33 1381
40 1260
49 1482
47 1358
33 1241
35 1369
45 1399
28 1122
23 1448
49 1009
17 1377
23 1241
38 1047
33 1202
13 1441
33 1000
44 1354
32 1138
14 1356
16 1160
13 1004
27 1316
48 1123
35 1001
35 1252
23 1362
42 1186
33 1344
35 1125
35 1263
20 1364
14 1315
10 1095
16 1129
34 1181
32 1318
32 1152
35 1236
21 1038
44 1494
43 1197
32 1421
15 1485
27 1395
34 1431
12 1279
13 1226
31 1034
32 1085
27 1112
49 1443
24 1201
49 1081
12 1253
45 1380
11 1441
36 1183
26 1173
45 1338
28 1079
38 1018
15 1399
36 1400
38 1253
14 1122
14 1002
13 1216
17 1072
14 1335
36 1452
20 1122
33 1073
40 1459
40 1247
33 1466
21 1084
22 1487
28 1372
27 1052
15 1107
38 1469
37 1240
43 1109
10 1043
16 1132
32 1060
14 1441
26 1415
34 1448
49 1461
23 1352
33 1385
38 1132
16 1245
21 1229
43 1441
40 1386
10 1260
27 1025
28 1155
21 1373
33 1414
38 1104
32 1185
45 1326
39 1186
31 1111
29 1139
21 1193
35 1020
41 1213
42 1390
17 1312
23 1430
30 1258
11 1155
15 1237
22 1336
24 1053
40 1399
40 1037
31 1450
29 1124
12 1433
19 1442
23 1127
29 1028
40 1192
37 1315
11 1421
24 1395
38 1236
38 1196
22 1132
23 1360
25 1115
44 1196
16 1021
37 1171
43 1289
16 1033
43 1321
22 1171
26 1465
25 1024
14 1099
19 1441
42 1353
10 1355
16 1104
39 1192
14 1252
33 1474
46 1343
26 1449
16 1106
13 1427
24 1195
21 1245
38 1477
46 1244
38 1163
26 1449
31 1368
16 1208
28 1378
40 1073
48 1139
27 1122
10 1333
21 1051
15 1164
17 1076
24 1032
40 1069
15 1009
14 1473
40 1115
37 1015
38 1324
45 1396
43 1465
44 1166
46 1069
23 1206
39 1338
49 1358
40 1009
48 1294
13 1291
13 1423
32 1432
45 1235
22 1264
11 1324
23 1101
31 1128
16 1215
14 1403
24 1109
18 1326
27 1306
42 1226
38 1365
37 1025
40 1406
34 1158
11 1428
25 1108
29 1299
11 1388
41 1246
13 1133
36 1445
15 1230
27 1468
27 1355
10 1295
46 1058
20 1154
27 1418
26 1445
12 1065
47 1281
42 1388
35 1207
46 1487
24 1047
27 1196
48 1240
31 1415
30 1325
33 1460
23 1187
12 1080
25 1199
37 1166
21 1365
48 1353
14 1472
32 1117
18 1066
24 1384
23 1028
12 1092
10 1129
43 1042
38 1273
36 1018
20 1165
43 1072
22 1404
33 1023
44 1163
19 1045
23 1316
49 1355
45 1046
41 1301
14 1237
37 1287
43 1308
14 1304
32 1383
45 1214
48 1096
14 1214
49 1119
46 1225
43 1035
45 1474
46 1141
48 1175
49 1367
25 1073
49 1255
24 1195
36 1475
38 1444
24 1039
16 1056
24 1431
43 1432
27 1186
16 1469
19 1492
43 1487
41 1439
49 1467
17 1030
25 1208
33 1048
34 1478
47 1092
32 1333
38 1155
33 1109
30 1070
21 1201
21 1193
19 1107
31 1199
38 1150
42 1035
20 1057
15 1402
37 1308
41 1217
10 1178
12 1135
15 1166
45 1181
30 1004
32 1065
37 1230
13 1152
32 1037
29 1116
11 1354
46 1003
18 1232
39 1140
36 1218
44 1056
30 1446
24 1018
36 1300
36 1051
32 1282
34 1122
49 1448
12 1153
23 1380
47 1208
23 1447
11 1148
32 1212
49 1064
17 1281
21 1388
48 1340
27 1094
18 1417
41 1374
26 1356
35 1187
25 1092
26 1473
37 1082
18 1124
38 1150
38 1138
48 1058
27 1289
29 1115
25 1298
19 1207
46 1227
24 1182
30 1226
44 1424
32 1016
43 1194
39 1450
46 1427
43 1260
38 1006
25 1154
47 1207
33 1427
28 1375
39 1356
46 1336
48 1080
25 1457
38 1486
22 1108
48 1119
23 1195
19 1194
38 1058
31 1249
45 1311
48 1248
43 1302
29 1403
27 1234
23 1215
43 1401
47 1039
18 1089
42 1204
11 1266
15 1254
34 1477
46 1302
16 1085
46 1457
12 1124
28 1179
24 1438
16 1090
31 1168
45 1329
22 1222
22 1329
24 1294
16 1469
31 1467
29 1107
48 1032
28 1092
19 1016
46 1042
26 1395
38 1335
21 1390
47 1110
33 1443
35 1337
19 1335
30 1231
20 1155
11 1425
19 1212
38 1490
27 1413
35 1276
22 1238
49 1292
46 1234
32 1341
37 1284
30 1166
32 1239
46 1141
39 1025
26 1454
11 1375
26 1244
31 1353
12 1360
36 1022
19 1287
31 1184
39 1298
34 1449
27 1227
16 1061
19 1288
28 1008
45 1282
20 1126
35 1212
45 1255
22 1041
30 1261
14 1311
14 1470
39 1117
18 1376
36 1280
37 1107
30 1135
45 1316
25 1093
10 1406
23 1473
30 1287
35 1292
44 1286
27 1077
28 1142
45 1315
47 1074
10 1186
38 1102
38 1383
46 1374
10 1430
21 1489
21 1012
13 1271
31 1174
24 1299
34 1046
39 1327
29 1312
27 1350
33 1096
26 1024
13 1360
42 1450
15 1194
39 1454
11 1349
38 1423
24 1319
10 1246
33 1429
13 1095
13 1269
19 1344
17 1086
44 1497
17 1350
26 1049
13 1204
34 1388
22 1230
31 1062
46 1199
27 1011
33 1008
13 1435
33 1170
41 1294
14 1136
35 1422
28 1314
38 1447
27 1312
21 1129
14 1037
12 1414
28 1441
21 1174
39 1162
10 1320
30 1096
21 1346
30 1150
11 1218
40 1180
24 1002
38 1219
33 1029
27 1411
49 1171
28 1156
26 1056
13 1076
48 1325
24 1386
22 1393
17 1343
46 1034
27 1135
34 1161
44 1018
34 1300
24 1147
41 1334
24 1491
18 1427
41 1004
48 1276
48 1129
13 1186
35 1481
12 1460
34 1340
24 1479
49 1396
12 1021
21 1432
29 1142
13 1496
41 1163
29 1201
35 1304
22 1084
43 1405
27 1105
18 1337
31 1146
48 1404
13 1431
13 1473
37 1201
11 1255
12 1221
11 1460
23 1333
31 1254
39 1476
10 1115
21 1440
42 1135
13 1391
34 1323
32 1484
27 1252
40 1433
46 1161
42 1040
17 1277
36 1107
16 1148
17 1126
32 1345
13 1377
26 1430
41 1035
33 1413
44 1105
18 1183
27 1008
35 1475
39 1317
14 1129
46 1391
38 1270
30 1469
46 1124
42 1485
12 1327
39 1067
21 1188
10 1341
37 1085
46 1461
17 1429
48 1000
23 1058
25 1137
45 1496
11 1009
34 1429
18 1287
27 1457
21 1475
17 1357
16 1169
40 1460
19 1297
15 1008
21 1481
28 1269
15 1151
27 1481
24 1429
34 1354
37 1480
18 1264
13 1367
12 1056
14 1284
19 1126
48 1377
48 1152
26 1219
42 1288
37 1074
33 1193
34 1191
46 1082
24 1166
46 1258
41 1284
33 1111
48 1390
31 1116
11 1221
12 1060
30 1478
20 1291
12 1402
16 1181
23 1125
14 1247
14 1408
15 1392
30 1346
48 1345
35 1207
32 1346
34 1254
17 1389
25 1105
34 1238
34 1487
42 1080
43 1081
46 1347
25 1009
17 1117
44 1178
14 1185
41 1023
22 1401
18 1003
29 1465
24 1118
40 1208
40 1005
31 1040
37 1209
21 1191
18 1400
16 1330
28 1029
27 1467
30 1364
47 1272
20 1482
40 1418
34 1292
39 1038
17 1021
30 1493
38 1209
41 1126
26 1308
17 1004
41 1055
27 1490
12 1269
13 1431
37 1295
13 1358
19 1169
11 1000
44 1159
42 1304
33 1447
49 1233
30 1405
46 1012
15 1489
47 1065
17 1478
24 1090
21 1128
24 1044
24 1077
30 1235
42 1497
27 1353
20 1025
43 1159
12 1397
13 1196
42 1310
10 1425
35 1378
36 1441
48 1084
27 1481
36 1008
30 1460
36 1454
13 1432
25 1223
29 1001
27 1412
47 1042
31 1173
23 1002
16 1394
49 1366
28 1432
26 1265
26 1143
48 1157
10 1370
37 1303
10 1138
33 1209
44 1432
35 1135
33 1280
38 1268
18 1151
21 1465
44 1350
30 1382
21 1367
27 1467
12 1220
37 1084
40 1288
22 1306
12 1299
19 1294
19 1383
27 1420
19 1422
35 1062
37 1012
29 1263
30 1424
26 1092
42 1438
25 1309
12 1298
13 1365
32 1386
13 1491
36 1302
26 1414
46 1439
41 1398
11 1486
25 1312
29 1370
35 1350
21 1242
11 1209
22 1245
10 1245
40 1453
14 1432
37 1170
28 1201
22 1081
14 1488
24 1390
30 1285
43 1398
29 1302
12 1439
37 1087
14 1263
33 1257
37 1048
48 1295
20 1211
12 1097
12 1448
44 1029
21 1340
10 1239
40 1373
37 1443
27 1117
33 1337
26 1418
47 1162
26 1225
45 1085
47 1268
20 1462
44 1113
15 1063
34 1475
14 1159
27 1198
10 1202
19 1126
11 1033
10 1333
49 1216
30 1349
35 1201
12 1075
13 1147
32 1315
19 1409
35 1000
36 1478
35 1027
11 1172
46 1484
23 1195
40 1078
25 1080
20 1328
43 1389
26 1022
45 1067
37 1095
41 1335
27 1058
49 1320
33 1264
21 1048
47 1136
10 1359
41 1161
38 1357
23 1455
13 1480
41 1431
25 1212
12 1289
13 1275
13 1105
33 1374
13 1454
12 1374
31 1443
40 1170
13 1312
12 1179
12 1122
41 1290
43 1045
38 1259
43 1007
29 1392
14 1315
17 1204
41 1102
17 1280
22 1084
22 1331
11 1135
25 1243
19 1404
14 1346
25 1427
43 1052
30 1382
49 1236
41 1223
43 1251
21 1099
32 1074
24 1391
26 1103
37 1099
47 1108
20 1484
48 1163
10 1107
39 1382
27 1401
41 1136
37 1044
29 1300
15 1030
27 1238
49 1142
23 1312
32 1474
42 1246
39 1027
33 1337
16 1236
41 1271
26 1015
18 1434
17 1009
45 1238
12 1098
11 1172
45 1334
16 1259
49 1431
42 1465
49 1476
40 1010
37 1475
31 1209
19 1447
34 1487
15 1461
27 1364
19 1333
19 1369
41 1479
16 1059
44 1461
29 1476
29 1004
23 1352
39 1037
33 1176
32 1115
33 1178
41 1029
18 1322
25 1380
46 1274
40 1076
26 1437
30 1449
23 1038
42 1073
13 1104
24 1464
26 1482
32 1247
22 1435
15 1198
10 1337
22 1247
46 1278
31 1232
21 1250
21 1465
45 1228
13 1340
32 1162
36 1226
40 1197
44 1367
20 1345
42 1314
33 1331
33 1071
35 1090
45 1314
41 1253
33 1145
30 1354
29 1438
44 1245
32 1402
49 1055
16 1097
47 1358
24 1321
34 1189
16 1263
35 1407
38 1353
40 1052
44 1304
19 1013
16 1486
31 1379
31 1099
26 1354
17 1488
35 1300
27 1300
32 1380
12 1038
31 1063
31 1185
23 1007
32 1392
28 1033
28 1213
26 1221
23 1193
16 1289
15 1312
32 1134
44 1403
20 1486
45 1262
17 1396
17 1351
30 1170
35 1295
21 1486
46 1101
43 1159
38 1277
42 1295
17 1300
42 1184
36 1302
23 1007
35 1090
15 1309
11 1063
29 1206
49 1100
40 1496
39 1465
23 1180
30 1043
38 1094
32 1287
24 1002
43 1235
44 1230
10 1393
14 1033
30 1386
27 1452
22 1391
38 1362
10 1324
34 1466
49 1305
30 1254
47 1349
26 1307
10 1260
24 1395
12 1033
26 1104
45 1421
21 1435
15 1322
32 1090
46 1187
34 1139
39 1390
26 1313
28 1373
19 1094
45 1083
18 1336
43 1199
35 1380
35 1130
32 1072
32 1187
48 1014
38 1195
41 1002
36 1231
40 1344
48 1098
36 1307
38 1133
31 1335
40 1032
24 1028
48 1152
41 1235
24 1210
15 1498
40 1364
20 1228
27 1456
47 1272
43 1227
26 1072
48 1013
47 1015
20 1211
15 1036
16 1354
46 1175
20 1225
33 1192
41 1462
41 1155
23 1485
15 1314
15 1137
23 1312
34 1109
15 1476
14 1302
38 1280
45 1115
31 1435
44 1447
18 1244
47 1250
35 1482
30 1016
10 1146
34 1266
26 1141
10 1437
45 1175
18 1062
15 1000
47 1176
37 1274
26 1286
14 1412
24 1350
17 1344
28 1035
43 1455
16 1321
28 1113
39 1153
18 1354
43 1471
29 1460
23 1148
33 1427
18 1156
22 1175
36 1378
13 1238
21 1075
49 1174
30 1056
38 1073
14 1226
49 1146
10 1346
29 1112
36 1234
45 1463
15 1474
48 1251
14 1189
49 1008
45 1481
49 1221
39 1286
19 1148
10 1134
23 1351
40 1458
43 1137
15 1122
12 1210
47 1163
44 1314
25 1276
42 1119
24 1443
46 1394
48 1289
16 1190
41 1491
10 1303
17 1387
41 1020
20 1227
18 1071
47 1209
40 1106
41 1094
49 1087
16 1379
33 1018
48 1104
16 1441
17 1395
48 1375
23 1217
49 1445
36 1115
29 1004
43 1467
13 1241
14 1041
33 1416
44 1004
28 1131
32 1470
39 1163
38 1311
19 1253
49 1202
14 1020
38 1379
32 1307
30 1207
24 1194
24 1010
16 1350
14 1250
30 1373
20 1404
47 1380
15 1076
32 1156
27 1385
48 1108
46 1111
22 1494
13 1467
45 1391
18 1068
49 1022
46 1306
44 1232
29 1056
22 1019
24 1212
30 1328
32 1072
47 1130
38 1384
12 1338
44 1435
25 1482
31 1032
37 1405
27 1202
45 1147
38 1479
43 1461
33 1108
19 1179
24 1274
41 1068
43 1120
15 1246
18 1379
44 1171
11 1129
27 1391
36 1491
41 1446
23 1029
36 1264
16 1204
27 1364
31 1068
49 1090
23 1478
11 1468
18 1427
14 1481
26 1433
25 1136
45 1369
29 1351
35 1190
41 1150
42 1437
33 1223
21 1387
28 1260
10 1482
19 1106
11 1479
16 1072
45 1053
15 1117
47 1216
29 1155
48 1358
34 1304
45 1090
10 1012
11 1421
22 1219
22 1337
23 1352
18 1103
23 1263
49 1347
28 1428
49 1032
40 1348
41 1462
32 1286
10 1121
13 1013
17 1250
20 1049
10 1106
43 1253
33 1011
37 1040
22 1346
15 1367
14 1380
35 1440
45 1485
30 1417
46 1089
16 1323
39 1151
16 1429
49 1108
47 1322
23 1150
41 1286
45 1054
42 1457
34 1095
18 1338
43 1257
32 1219
49 1301
29 1078
27 1029
22 1068
46 1347
32 1287
45 1330
40 1257
45 1019
15 1105
39 1001
25 1258
46 1329
47 1137
16 1386
33 1094
46 1418
21 1253
41 1426
10 1337
30 1143
23 1438
12 1158
23 1248
33 1077
12 1381
21 1397
31 1297
35 1004
35 1244
25 1453
39 1141
30 1219
26 1108
24 1433
16 1036
49 1179
20 1264
39 1211
17 1444
46 1075
17 1449
36 1046
45 1015
26 1133
27 1460
14 1021
24 1218
46 1299
39 1005
44 1386
29 1040
20 1011
19 1393
24 1305
11 1171
11 1287
45 1386
33 1479
44 1119
28 1022
18 1417
11 1268
13 1145
32 1277
26 1257
33 1355
47 1346
41 1248
16 1425
44 1306
28 1403
28 1475
30 1106
18 1247
13 1196
46 1471
16 1403
38 1170
48 1218
37 1433
21 1097
39 1286
33 1418
35 1264
25 1059
14 1027
19 1071
29 1079
24 1423
25 1076
36 1216
24 1356
20 1348
27 1194
11 1363
34 1194
20 1102
36 1393
46 1295
21 1440
39 1203
28 1140
46 1002
30 1340
25 1314
24 1395
28 1469
10 1216
25 1384
39 1014
13 1427
36 1304
28 1044
38 1237
49 1382
27 1282
23 1275
13 1182
10 1360
25 1053
16 1480
34 1432
42 1079
29 1167
12 1270
37 1210
40 1258
41 1042
11 1119
44 1230
44 1026
49 1344
28 1479
13 1475
17 1243
44 1021
47 1011
35 1114
38 1377
43 1195
33 1072
49 1427
49 1214
14 1451
45 1071
31 1226
39 1324
17 1439
41 1333
38 1331
28 1047
45 1295
48 1401
12 1126
27 1376
26 1208
28 1427
20 1477
10 1062
36 1089
43 1349
34 1139
23 1348
15 1000
32 1361
21 1182
40 1182
18 1426
12 1240
48 1117
33 1453
28 1371
48 1352
20 1403
43 1085
49 1226
31 1097
19 1114
29 1293
33 1336
11 1014
39 1345
35 1293
28 1290
18 1374
43 1290
45 1377
30 1392
43 1005
28 1012
39 1047
20 1423
30 1246
42 1272
30 1448
23 1270
36 1490
47 1452
45 1227
31 1297
11 1103
39 1406
28 1480
42 1410
41 1257
30 1053
23 1240
45 1200
47 1115
46 1067
16 1007
17 1468
49 1227
37 1373
35 1353
42 1094
24 1374
44 1319
40 1228
45 1426
17 1467
12 1367
19 1020
34 1129
35 1153
39 1330
30 1150
23 1482
49 1096
26 1451
31 1324
24 1179
40 1334
47 1178
13 1117
12 1291
36 1124
22 1351
34 1287
49 1177
32 1495
17 1000
15 1238
13 1420
39 1293
38 1167
12 1259
46 1467
29 1136
27 1302
21 1176
39 1207
39 1038
26 1441
15 1282
39 1265
15 1303
45 1249
41 1101
18 1375
34 1208
11 1289
49 1027
49 1046
47 1116
13 1203
23 1135
20 1178
27 1401
32 1462
11 1025
24 1324
28 1347
43 1143
45 1160
35 1003
44 1384
22 1240
16 1107
39 1222
20 1494
13 1210
42 1148
14 1148
46 1413
27 1161
43 1337
26 1052
32 1230
36 1324
21 1072
40 1161
28 1434
41 1231
24 1025
20 1267
43 1342
30 1021
22 1086
33 1221
10 1290
11 1397
23 1235
16 1302
43 1216
28 1471
47 1081
35 1085
26 1006
40 1492
24 1007
43 1045
18 1293
27 1346
34 1202
46 1285
25 1097
39 1130
14 1395
31 1116
46 1173
32 1420
36 1351
19 1168
44 1084
42 1213
31 1239
46 1051
25 1210
30 1178
23 1345
18 1181
38 1211
46 1158
44 1374
39 1038
36 1038
46 1146
40 1431
19 1464
40 1466
20 1276
19 1302
43 1230
11 1225
42 1199
41 1314
42 1138
47 1465
19 1056
14 1093
45 1082
47 1274
44 1206
49 1037
29 1325
47 1334
46 1237
15 1457
20 1216
12 1006
37 1435
21 1108
16 1095
23 1059
31 1294
14 1105
46 1073
28 1134
29 1430
47 1119
16 1108
10 1200
24 1161
44 1490
28 1174
45 1243
31 1344
23 1057
46 1491
15 1193
34 1052
38 1420
15 1447
14 1163
10 1090
30 1372
43 1124
23 1314
25 1058
23 1448
41 1430
36 1298
23 1436
20 1043
47 1485
12 1182
32 1226
18 1076
44 1297
31 1466
18 1383
49 1206
31 1281
19 1159
23 1171
45 1050
21 1355
49 1197
28 1347
41 1369
39 1340
30 1226
15 1316
30 1368
39 1006
31 1045
26 1432
44 1300
34 1448
24 1168
40 1475
21 1247
32 1342
31 1418
12 1445
26 1267
19 1480
16 1297
27 1445
39 1126
13 1245
34 1310
47 1487
35 1490
12 1433
38 1192
31 1474
44 1472
16 1151
23 1004
14 1055
38 1014
19 1421
47 1131
34 1455
13 1201
42 1352
19 1431
39 1139
34 1157
15 1385
34 1465
15 1224
14 1079
40 1250
21 1292
17 1403
34 1191
18 1474
18 1056
47 1117
14 1397
44 1229
19 1356
34 1477
41 1319
17 1003
47 1469
31 1201
36 1236
35 1013
27 1233
40 1386
31 1281
42 1369
40 1318
31 1431
29 1240
30 1288
23 1389
35 1164
22 1387
47 1045
13 1063
26 1004
35 1194
27 1319
18 1332
31 1048
40 1305
25 1099
24 1319
39 1206
33 1293
35 1312
17 1192
32 1289
43 1268
25 1309
37 1350
43 1378
19 1491
44 1436
11 1095
13 1467
46 1373
40 1202
18 1312
20 1104
39 1156
36 1073
14 1235
37 1191
31 1120
31 1315
43 1139
22 1054
31 1179
46 1339
21 1497
29 1401
22 1134
42 1325
15 1200
39 1173
38 1382
17 1295
12 1385
35 1370
19 1298
38 1260
46 1321
22 1049
18 1154
22 1339
28 1356
43 1296
41 1435
39 1353
12 1453
38 1243
11 1400
37 1115
10 1263
41 1010
42 1232
23 1226
22 1367
15 1402
19 1122
20 1134
19 1263
25 1255
38 1496
41 1116
46 1228
44 1073
28 1403
27 1359
10 1173
40 1121
35 1115
42 1036
20 1196
37 1456
32 1062
33 1043
11 1380
19 1446
28 1151
46 1058
11 1217
44 1245
43 1244
30 1213
37 1156
42 1451
42 1406
43 1429
29 1469
22 1112
49 1433
20 1052
30 1191
40 1207
30 1398
33 1322
48 1370
33 1020
19 1463
15 1117
30 1109
25 1264
20 1115
15 1419
27 1360
43 1467
27 1196
41 1260
44 1363
15 1051
23 1134
14 1487
10 1119
29 1045
37 1349
18 1234
29 1245
35 1172
35 1305
16 1048
15 1481
30 1236
25 1428
32 1360
36 1044
13 1044
15 1119
16 1290
15 1369
25 1107
49 1208
35 1139
14 1115
42 1143
35 1402
41 1365
42 1235
21 1009
45 1309
17 1202
30 1091
21 1205
36 1071
45 1094
30 1278
48 1348
40 1216
11 1065
49 1261
22 1269
32 1047
44 1498
38 1325
24 1353
32 1012
40 1416
44 1034
20 1330
18 1029
20 1123
20 1271
49 1371
25 1412
13 1256
24 1226
31 1263
47 1114
47 1256
32 1169
30 1290
27 1234
29 1122
11 1174
13 1056
34 1081
14 1309
31 1024
10 1498
41 1464
15 1058
11 1164
45 1269
18 1202
37 1367
27 1043
22 1201
28 1078
38 1075
25 1437
40 1074
30 1415
37 1440
44 1255
37 1315
34 1410
30 1475
47 1240
31 1489
18 1435
19 1275
42 1076
19 1010
41 1064
36 1159
29 1468
16 1095
38 1306
38 1363
47 1487
25 1096
10 1015
10 1283
15 1462
25 1094
29 1083
49 1189
40 1354
15 1359
38 1480
29 1028
44 1480
44 1263
22 1198
14 1080
34 1482
26 1382
49 1244
43 1340
48 1207
43 1155
36 1204
41 1041
45 1018
47 1263
13 1076
41 1265
23 1476
44 1026
35 1318
12 1214
18 1419
29 1085
33 1424
36 1020
20 1211
10 1180
21 1392
31 1242
17 1274
35 1313
47 1098
19 1413
40 1033
37 1171
23 1204
23 1296
41 1062
47 1209
15 1216
38 1358
49 1185
32 1356
47 1195
11 1265
33 1063
11 1003
27 1314
36 1031
39 1352
44 1279
27 1285
23 1483
37 1213
34 1181
47 1224
14 1297
11 1460
35 1055
41 1372
35 1263
34 1160
44 1146
40 1411
33 1085
15 1295
41 1370
31 1089
25 1027
31 1228
35 1260
15 1456
13 1465
33 1040
18 1435
33 1386
36 1205
31 1465
24 1424
41 1351
18 1416
42 1486
30 1165
16 1360
45 1274
24 1327
31 1068
14 1005
16 1017
28 1001
41 1372
33 1493
45 1269
26 1193
25 1062
48 1481
32 1030
45 1206
39 1099
13 1448
15 1118
49 1053
26 1416
12 1033
45 1067
40 1313
22 1215
48 1257
42 1258
37 1107
44 1327
49 1029
29 1367
37 1080
13 1337
33 1246
15 1264
33 1408
39 1147
35 1467
47 1023
45 1336
24 1224
39 1258
28 1355
23 1428
23 1338
18 1011
30 1455
20 1474
21 1100
27 1189
49 1256
11 1400
36 1496
30 1117
49 1377
30 1473
36 1145
31 1236
17 1400
29 1050
30 1405
26 1201
28 1473
16 1430
15 1178
34 1488
17 1068
37 1357
24 1239
13 1140
16 1326
18 1167
24 1261
18 1255
29 1452
32 1317
49 1092