1050 5000
27 1198
11 1297
23 1309
10 1375
12 1028
27 1350
15 1044
19 1317
11 1435
29 1245
23 1470
29 1420
19 1479
13 1194
17 1331
24 1339
10 1149
25 1136
10 1261
25 1092
24 1223
17 1081
13 1288
18 1176
13 1066
11 1373
26 1303
21 1197
23 1309
24 1265
29 1252
22 1142
21 1051
18 1169
18 1085
20 1317
12 1196
25 1299
25 1423
17 1136
24 1040
15 1388
15 1028
29 1373
10 1269
21 1374
23 1447
21 1413
11 1221
24 1489
19 1462
27 1008
29 1019
15 1240
23 1002
18 1059
22 1363
15 1159
28 1016
25 1392
27 1003
13 1494
24 1284
25 1430
21 1022
19 1178
29 1363
11 1196
21 1013
20 1269
25 1192
19 1131
15 1487
19 1379
14 1076
29 1117
27 1426
25 1228
14 1486
18 1028
13 1311
19 1105
23 1099
29 1029
24 1249
24 1238
16 1455
19 1005
20 1467
22 1155
13 1368
26 1391
14 1297
27 1308
16 1415
15 1007
13 1361
18 1368
24 1249
29 1440
29 1451
22 1412
22 1160
25 1080
20 1333
19 1318
16 1165
27 1395
16 1046
29 1157
26 1472
10 1068
19 1047
21 1258
18 1482
15 1307
26 1466
17 1205
21 1250
23 1478
25 1218
25 1190
11 1355
10 1203
17 1274
13 1463
27 1359
17 1097
14 1012
22 1368
26 1219
11 1487
20 1067
22 1449
13 1486
20 1227
19 1165
27 1334
22 1080
11 1459
15 1425
27 1497
18 1061
16 1192
16 1456
21 1049
26 1204
10 1016
10 1442
10 1332
13 1326
13 1003
16 1231
18 1207
29 1211
20 1423
17 1369
23 1019
15 1108
23 1245
27 1066
14 1150
16 1324
27 1073
24 1206
21 1314
28 1400
27 1245
26 1224
15 1145
28 1480
28 1192
10 1167
13 1231
21 1112
15 1421
19 1181
23 1102
18 1361
10 1044
21 1078
18 1272
20 1030
16 1342
27 1041
21 1307
29 1275
26 1345
19 1309
21 1330
20 1242
18 1113
23 1210
13 1431
10 1385
21 1338
14 1196
18 1054
16 1324
13 1061
16 1263
25 1433
27 1313
21 1336
22 1116
18 1270
26 1150
15 1290
14 1209
27 1372
29 1029
11 1321
16 1286
13 1232
23 1364
18 1310
10 1335
21 1263
28 1417
26 1190
24 1316
27 1081
10 1340
14 1305
17 1212
10 1476
20 1189
21 1493
14 1122
27 1075
15 1233
25 1298
22 1425
21 1021
23 1465
10 1267
25 1203
27 1208
14 1132
10 1259
10 1026
11 1279
12 1494
22 1456
28 1300
28 1200
16 1244
24 1340
12 1020
12 1425
14 1191
13 1129
19 1493
21 1106
19 1271
16 1379
18 1296
15 1385
15 1189
27 1151
17 1089
28 1265
23 1482
26 1415
27 1498
10 1123
21 1245
21 1012
17 1368
29 1011
15 1315
27 1258
29 1048
14 1238
13 1278
14 1158
25 1498
22 1035
19 1381
22 1495
12 1170
17 1353
24 1074
16 1000
26 1051
13 1385
23 1481
17 1322
22 1022
24 1227
24 1295
25 1416
29 1429
17 1151
12 1176
15 1337
15 1490
17 1358
29 1120
29 1493
14 1232
20 1388
17 1396
21 1224
17 1362
16 1200
24 1083
22 1424
24 1239
15 1019
27 1257
27 1179
25 1373
16 1261
24 1130
13 1068
18 1209
24 1335
28 1184
26 1210
22 1186
16 1253
29 1393
28 1009
28 1406
27 1444
24 1211
17 1055
27 1360
25 1045
16 1457
16 1129
10 1130
25 1324
23 1006
27 1242
25 1055
12 1387
26 1228
24 1461
17 1284
19 1334
23 1245
27 1102
23 1154
19 1042
21 1441
25 1024
18 1301
12 1393
11 1381
18 1375
21 1085
12 1482
21 1309
29 1490
19 1402
28 1192
20 1269
10 1199
26 1345
12 1273
11 1184
17 1065
16 1463
11 1391
26 1480
11 1398
19 1393
19 1353
24 1173
25 1427
18 1395
19 1487
27 1087
26 1189
28 1361
15 1486
11 1144
12 1286
14 1476
26 1279
26 1426
19 1104
29 1131
23 1095
25 1262
12 1217
26 1138
25 1179
11 1261
22 1219
14 1067
25 1286
16 1079
21 1389
17 1453
12 1109
28 1150
29 1197
21 1249
10 1013
12 1191
29 1021
22 1394
21 1312
25 1461
27 1002
21 1434
25 1152
18 1269
24 1071
18 1044
28 1388
29 1072
18 1069
10 1213
11 1137
29 1212
29 1318
26 1206
24 1223
23 1013
29 1346
14 1491
28 1233
19 1342
15 1139
20 1314
16 1136
24 1306
12 1363
23 1220
16 1449
11 1077
18 1138
29 1211
20 1393
18 1135
25 1383
11 1136
12 1492
29 1293
15 1208
29 1203
22 1006
18 1137
24 1291
28 1129
19 1103
13 1127
12 1402
29 1165
11 1105
28 1022
29 1176
22 1312
27 1149
21 1339
20 1392
13 1058
14 1344
14 1242
21 1190
14 1018
16 1403
22 1134
13 1484
29 1258
13 1044
22 1115
13 1468
11 1130
23 1082
27 1294
24 1090
12 1162
20 1201
19 1029
15 1121
21 1289
28 1387
13 1015
14 1104
29 1409
20 1008
24 1252
17 1088
13 1120
27 1172
17 1186
20 1471
10 1306
17 1460
27 1173
23 1351
28 1383
15 1115
15 1487
14 1111
17 1125
15 1403
13 1125
21 1041
16 1028
24 1236
21 1293
17 1218
18 1193
25 1007
23 1394
23 1038
27 1104
12 1369
12 1441
28 1031
24 1322
17 1450
26 1014
16 1075
29 1223
22 1118
10 1473
11 1460
10 1356
22 1259
18 1185
17 1031
17 1196
26 1453
25 1335
10 1244
12 1137
24 1313
28 1312
15 1182
25 1371
14 1498
28 1451
13 1259
14 1088
14 1067
15 1320
24 1160
12 1449
13 1370
26 1401
28 1025
11 1438
11 1375
27 1098
13 1442
22 1448
25 1123
21 1461
15 1265
28 1078
11 1376
24 1345
24 1426
13 1110
16 1209
18 1391
22 1194
19 1297
26 1225
27 1279
11 1465
28 1410
28 1328
22 1160
12 1092
26 1154
27 1179
25 1144
24 1019
22 1124
23 1258
14 1378
17 1295
12 1458
24 1027
23 1234
14 1026
15 1292
15 1227
29 1473
29 1005
24 1285
24 1047
28 1260
14 1337
20 1257
22 1446
29 1268
29 1077
10 1436
17 1138
13 1175
17 1100
19 1134
10 1305
23 1339
26 1200
23 1242
10 1318
14 1210
24 1104
25 1466
17 1336
24 1184
22 1358
19 1031
28 1374
22 1225
12 1113
23 1228
12 1195
14 1364
15 1339
14 1132
29 1169
24 1066
19 1227
17 1421
20 1374
22 1380
23 1170
25 1480
21 1428
24 1157
29 1176
20 1074
13 1230
29 1078
26 1181
16 1015
16 1301
17 1258
12 1159
23 1336
10 1116
12 1475
16 1064
23 1075
29 1074
22 1321
11 1209
13 1372
27 1363
12 1487
13 1037
19 1010
22 1493
14 1264
22 1306
16 1026
16 1431
14 1181
27 1486
22 1470
25 1311
16 1133
22 1446
22 1060
12 1030
20 1435
27 1349
26 1311
24 1424
17 1086
26 1030
25 1290
27 1429
12 1122
14 1109
27 1483
12 1427
19 1224
13 1000
18 1178
27 1267
12 1105
14 1206
27 1268
13 1133
10 1301
22 1215
22 1414
16 1004
14 1400
20 1497
16 1269
22 1196
23 1364
12 1440
19 1217
29 1332
23 1249
22 1192
27 1197
23 1340
12 1352
28 1434
14 1298
24 1022
26 1175
22 1057
28 1121
27 1101
15 1232
27 1260
24 1101
25 1136
11 1036
28 1043
11 1235
28 1162
21 1092
23 1333
14 1167
21 1382
24 1084
26 1035
15 1104
17 1132
15 1348
12 1007
15 1331
24 1024
23 1024
17 1037
22 1495
16 1040
29 1367
10 1310
19 1104
29 1373
15 1467
23 1329
17 1021
17 1205
28 1121
16 1003
14 1142
29 1180
13 1294
26 1473
29 1364
10 1197
20 1167
28 1202
29 1112
16 1099
27 1238
14 1279
15 1239
15 1432
24 1385
13 1014
25 1209
14 1014
27 1177
21 1494
29 1483
27 1377
17 1005
26 1027
20 1042
23 1088
16 1181
22 1008
11 1097
25 1084
21 1440
27 1253
10 1255
29 1178
13 1208
26 1325
26 1029
22 1339
14 1371
20 1126
22 1356
22 1341
19 1226
18 1353
27 1484
29 1495
25 1495
14 1349
11 1081
21 1390
15 1104
11 1394
17 1231
25 1248
11 1363
23 1496
19 1189
29 1173
29 1445
28 1406
19 1337
21 1478
12 1306
15 1425
12 1160
22 1001
17 1484
11 1082
10 1079
20 1380
13 1139
15 1186
13 1341
27 1357
26 1270
11 1211
10 1321
20 1134
21 1219
14 1241
11 1399
10 1101
27 1474
17 1042
16 1194
13 1023
22 1337
25 1301
14 1105
11 1190
17 1421
20 1357
12 1046
29 1308
26 1089
18 1196
10 1024
23 1017
18 1200
25 1344
26 1259
24 1463
15 1060
11 1381
10 1385
22 1021
10 1243
27 1073
23 1429
21 1236
20 1246
11 1217
18 1023
29 1166
17 1429
11 1121
10 1058
22 1443
23 1161
24 1353
18 1362
23 1161
29 1049
26 1022
17 1062
27 1403
28 1162
15 1230
23 1076
14 1360
29 1457
15 1176
12 1476
17 1285
18 1319
16 1367
26 1062
22 1103
18 1068
15 1406
23 1130
27 1485
15 1345
11 1003
27 1342
26 1250
12 1280
15 1072
18 1426
24 1149
20 1218
17 1080
22 1413
11 1468
25 1057
27 1489
28 1296
23 1162
23 1174
22 1099
13 1317
22 1060
26 1057
20 1130
29 1233
27 1390
22 1231
11 1212
26 1155
20 1403
19 1322
23 1315
28 1260
23 1468
15 1455
18 1421
10 1170
11 1030
29 1125
13 1007
24 1026
25 1490
19 1424
13 1260
12 1372
17 1258
18 1223
26 1212
19 1276
14 1099
24 1404
10 1371
19 1027
16 1156
12 1390
21 1229
13 1441
18 1246
24 1181
11 1059
21 1135
15 1296
13 1093
20 1233
25 1434
14 1048
21 1026
29 1285
27 1058
21 1318
17 1323
24 1021
18 1270
27 1240
22 1120
15 1058
22 1156
16 1196
23 1200
27 1482
14 1443
16 1093
13 1119
23 1496
12 1247
24 1384
11 1110
29 1342
21 1036
12 1033
14 1312
11 1400
13 1089
12 1152
28 1045
14 1457
26 1303
24 1153
27 1192
28 1221
12 1015
14 1194
14 1340
27 1124
29 1275
10 1101
17 1339
24 1490
20 1047
25 1122
15 1172
10 1141
19 1066
17 1188
13 1112
12 1006
15 1054
13 1063
29 1333
12 1194
14 1391
26 1354
17 1195
22 1458
22 1430
21 1313
16 1166
11 1276
12 1282
20 1145
18 1014
28 1120
22 1325
29 1202
24 1279
26 1136
16 1116
27 1127
11 1146
14 1408
26 1474
23 1012
23 1156
17 1498
29 1296
12 1120
13 1489
10 1075
13 1274
13 1265
25 1213
23 1236
27 1109
16 1334
10 1443
12 1477
12 1372
24 1458
21 1476
19 1470
15 1349
27 1299
26 1432
28 1026
27 1498
14 1351