1150 5000
10 1212
19 1497
11 1466
11 1441
27 1449
27 1210
11 1049
19 1031
16 1406
28 1129
27 1252
17 1423
12 1453
12 1420
12 1387
13 1034
12 1431
11 1308
21 1277
22 1306
10 1143
16 1467
10 1258
26 1486
29 1115
15 1352
12 1344
19 1047
16 1057
26 1068
29 1139
20 1314
16 1096
26 1305
13 1205
15 1319
29 1306
19 1106
28 1144
21 1301
29 1364
26 1341
14 1463
10 1217
24 1299
14 1238
18 1094
22 1218
28 1034
16 1311
18 1470
12 1203
22 1310
21 1341
20 1469
24 1478
12 1425
11 1043
29 1241
23 1198
27 1164
25 1076
27 1428
16 1107
16 1056
27 1234
28 1229
11 1132
16 1345
23 1065
28 1165
21 1185
14 1065
28 1464
24 1362
22 1218
18 1085
22 1098
11 1395
12 1240
15 1175
18 1165
11 1022
17 1299
27 1091
23 1416
29 1128
21 1258
24 1281
12 1412
22 1256
22 1370
23 1120
23 1298
20 1073
20 1460
17 1363
16 1175
28 1276
22 1240
12 1190
26 1483
19 1469
27 1128
19 1340
28 1024
25 1235
27 1110
29 1441
11 1129
22 1329
28 1486
24 1479
17 1089
29 1389
18 1375
27 1128
17 1040
19 1062
24 1115
22 1443
28 1287
12 1473
16 1420
13 1402
10 1011
24 1035
16 1321
28 1333
22 1339
13 1304
25 1063
21 1253
15 1007
29 1336
10 1245
10 1298
18 1284
12 1102
27 1242
27 1004
12 1287
18 1445
24 1462
14 1097
28 1226
13 1072
11 1347
20 1465
23 1082
10 1292
24 1350
19 1050
11 1243
22 1222
29 1361
18 1108
18 1076
25 1446
23 1219
15 1123
10 1245
22 1297
13 1176
25 1061
26 1452
29 1065
11 1205
19 1333
21 1341
28 1404
18 1383
17 1116
18 1133
29 1059
15 1348
10 1333
21 1318
27 1033
17 1421
10 1142
26 1484
26 1464
20 1279
18 1246
12 1301
21 1418
29 1207
27 1089
18 1013
21 1328
17 1052
17 1177
22 1153
18 1352
26 1070
17 1190
18 1440
22 1433
25 1325
23 1265
29 1007
15 1322
21 1075
12 1158
29 1149
17 1385
21 1281
20 1183
18 1043
18 1230
28 1347
17 1324
27 1419
22 1131
28 1042
28 1156
23 1327
23 1214
17 1432
29 1404
24 1037
16 1459
19 1159
11 1430
21 1306
13 1089
24 1068
26 1017
21 1108
11 1000
24 1415
20 1239
15 1078
14 1476
29 1365
24 1087
19 1103
28 1442
21 1239
15 1274
25 1275
11 1153
13 1254
25 1239
26 1248
26 1157
26 1091
13 1276
29 1281
26 1154
21 1256
20 1490
17 1239
27 1311
28 1458
17 1057
20 1172
20 1372
21 1294
24 1043
23 1246
29 1432
18 1345
14 1256
14 1147
10 1051
22 1389
12 1226
26 1387
10 1134
23 1299
14 1421
27 1214
20 1077
26 1048
13 1321
23 1260
22 1440
27 1289
16 1033
18 1020
12 1306
17 1444
11 1353
16 1006
25 1406
11 1095
15 1075
17 1067
29 1074
18 1351
23 1360
17 1367
11 1211
15 1060
28 1437
24 1190
27 1181
12 1007
12 1389
27 1214
22 1175
23 1034
22 1172
11 1300
15 1185
29 1085
12 1123
14 1004
21 1127
11 1229
13 1315
19 1463
16 1255
15 1308
14 1364
23 1202
29 1125
23 1278
24 1286
12 1080
17 1134
23 1045
18 1385
17 1038
18 1307
28 1214
28 1196
13 1198
26 1419
16 1325
25 1421
29 1040
25 1258
18 1355
12 1490
20 1186
14 1049
23 1193
22 1408
28 1456
27 1486
29 1490
25 1494
29 1371
16 1139
29 1102
10 1385
11 1253
27 1072
13 1444
15 1245
17 1455
16 1089
22 1170
11 1073
22 1422
12 1317
22 1141
10 1114
22 1035
15 1079
10 1099
11 1408
13 1131
20 1109
26 1165
26 1381
23 1397
29 1396
17 1169
21 1369
20 1448
20 1473
23 1132
10 1334
23 1096
15 1197
19 1203
18 1043
22 1059
29 1451
12 1145
14 1197
28 1131
10 1403
13 1438
13 1184
14 1315
16 1217
28 1386
27 1399
22 1007
22 1431
12 1448
22 1213
18 1476
18 1357
15 1483
19 1472
15 1148
19 1247
24 1484
20 1329
19 1438
25 1449
12 1022
22 1357
28 1222
17 1028
11 1063
21 1418
27 1215
12 1374
24 1003
16 1296
25 1360
28 1133
16 1294
14 1479
19 1366
21 1177
16 1415
22 1465
26 1316
26 1070
27 1453
17 1119
24 1403
26 1313
29 1292
16 1416
13 1108
28 1161
12 1216
12 1385
21 1349
14 1228
28 1377
22 1183
18 1060
14 1381
16 1114
27 1365
22 1449
19 1215
28 1138
29 1271
13 1215
28 1442
11 1293
21 1200
27 1436
16 1243
18 1383
26 1374
25 1322
10 1048
25 1131
18 1042
21 1330
27 1005
18 1400
10 1048
11 1250
26 1066
17 1053
14 1336
14 1358
16 1361
25 1438
18 1452
25 1421
17 1310
28 1283
27 1493
26 1246
16 1394
20 1064
23 1123
27 1087
27 1223
11 1467
14 1257
21 1341
25 1026
24 1362
24 1021
18 1472
29 1279
27 1018
22 1165
13 1013
16 1131
16 1213
13 1069
21 1064
20 1220
18 1189
11 1148
23 1440
21 1245
16 1264
15 1277
15 1189
17 1027
12 1496
20 1485
15 1037
27 1016
21 1018
12 1202
26 1301
29 1420
19 1090
19 1375
13 1193
23 1222
23 1280
14 1379
19 1008
14 1365
19 1371
24 1487
29 1266
16 1475
26 1015
16 1220
23 1132
12 1391
21 1062
29 1222
29 1445
22 1270
24 1450
29 1120
28 1041
18 1366
16 1279
24 1448
14 1230
13 1167
26 1364
23 1319
11 1419
17 1323
24 1354
23 1442
15 1451
29 1045
22 1289
17 1462
23 1235
28 1420
22 1087
12 1454
26 1430
13 1249
11 1032
21 1028
28 1002
14 1418
22 1478
17 1267
23 1373
10 1072
17 1028
13 1318
12 1257
27 1440
10 1322
22 1359
28 1434
23 1272
16 1120
13 1374
17 1220
16 1439
23 1458
20 1231
19 1080
18 1011
13 1070
29 1337
15 1265
26 1048
23 1207
19 1011
11 1162
13 1489
26 1231
16 1095
17 1160
13 1125
20 1136
16 1294
10 1478
21 1487
22 1246
27 1005
27 1230
27 1427
14 1218
29 1339
14 1106
14 1124
18 1183
25 1218
10 1255
19 1079
16 1177
19 1165
26 1251
14 1372
24 1095
25 1440
18 1084
26 1289
22 1384
14 1397
12 1087
22 1334
27 1495
21 1245
22 1196
13 1155
24 1278
26 1437
19 1316
22 1485
20 1079
17 1012
13 1104
15 1493
15 1313
10 1129
20 1417
20 1263
23 1246
19 1422
23 1366
19 1312
19 1199
26 1084
19 1382
29 1385
11 1264
27 1126
24 1041
22 1168
11 1364
26 1426
19 1182
20 1125
13 1417
20 1001
20 1053
21 1004
11 1129
28 1048
10 1426
14 1055
22 1075
13 1131
26 1067
14 1119
29 1498
20 1018
10 1345
23 1450
26 1240
10 1192
26 1439
24 1290
23 1221
12 1266
19 1213
27 1402
29 1401
27 1487
23 1441
21 1368
12 1038
22 1388
20 1089
26 1142
24 1128
13 1191
21 1046
21 1237
18 1098
15 1308
12 1442
27 1222
10 1307
25 1418
11 1411
22 1373
18 1388
13 1436
13 1352
10 1124
20 1446
12 1038
13 1005
26 1275
10 1033
10 1398
10 1263
27 1236
22 1446
13 1171
28 1383
25 1209
28 1231
13 1269
14 1099
16 1464
18 1406
15 1430
26 1147
11 1373
21 1252
10 1478
15 1088
14 1116
14 1111
17 1140
27 1462
22 1145
26 1207
11 1429
21 1210
25 1023
14 1259
28 1475
26 1189
20 1051
20 1434
27 1321
28 1198
23 1085
24 1358
23 1250
21 1338
12 1181
18 1350
23 1204
19 1262
26 1248
19 1068
28 1178
24 1234
17 1197
27 1440
10 1037
11 1383
17 1142
19 1019
26 1256
25 1296
12 1449
18 1494
17 1483
10 1390
25 1317
14 1435
17 1101
20 1479
18 1186
17 1119
16 1249
14 1226
17 1385
12 1059
12 1308
23 1474
24 1032
17 1185
10 1252
23 1180
14 1052
15 1205
28 1041
18 1116
20 1387
27 1336
23 1064
26 1086
25 1327
15 1092
23 1163
23 1271
16 1042
15 1115
14 1379
18 1100
10 1476
19 1375
17 1194
26 1331
26 1005
16 1408
27 1310
23 1462
24 1306
29 1495
24 1067
22 1148
17 1378
28 1283
11 1484
21 1307
14 1237
28 1128
28 1246
23 1335
13 1199
29 1036
26 1441
19 1303
12 1238
29 1098
27 1366
16 1360
22 1488
26 1172
16 1038
20 1386
17 1436
16 1325
27 1195
27 1223
21 1182
12 1352
16 1200
26 1015
12 1014
23 1114
26 1460
11 1276
14 1021
25 1417
15 1335
27 1243
20 1463
10 1426
11 1422
11 1109
19 1157
25 1327
19 1025
10 1199
21 1423
13 1484
25 1241
15 1308
19 1176
26 1006
11 1098
13 1385
19 1009
27 1075
11 1107
15 1399
27 1465
24 1220
23 1056
28 1099
12 1039
29 1205
11 1159
20 1290
18 1279
23 1137
10 1485
20 1303
12 1178
16 1340
11 1290
23 1420
20 1495
13 1254
14 1229
17 1122
27 1291
28 1225
28 1173
23 1228
27 1388
13 1276
21 1173
13 1437
15 1467
20 1098
12 1140
18 1249
20 1269
23 1264
14 1311
17 1311
24 1234
28 1359
27 1007
24 1466
24 1386
19 1375
11 1392
12 1048
25 1004
17 1361
15 1405
23 1095
27 1363
22 1165
14 1055
24 1143
18 1277
13 1473
17 1252
25 1253
27 1018
16 1254
18 1424
14 1247
23 1014
24 1258
14 1485
24 1303
10 1099
29 1135
29 1317
21 1273
21 1459
13 1229
27 1214
19 1104
18 1456
12 1318
14 1476
19 1184
12 1058
24 1173
14 1441
26 1273
24 1343
29 1302
25 1040
23 1185
18 1002
15 1458
29 1076
26 1327
16 1478
23 1325
25 1017
15 1025
21 1285
10 1497
22 1161
25 1229
23 1448
29 1192
11 1078
24 1358
26 1257
14 1298
27 1315
24 1181
29 1193
13 1084
24 1499
17 1225
17 1157
10 1459
26 1451
15 1452
14 1365
22 1365
22 1014
11 1306
19 1018
15 1468
26 1052
23 1274
21 1491
20 1315
20 1026
25 1076
14 1334
11 1068
29 1483
15 1081
15 1436
15 1078
25 1176
26 1036
22 1064
14 1203
13 1236
12 1305
27 1469
29 1291
26 1474
21 1160
25 1069
17 1394
10 1022
14 1417
24 1079
26 1124
25 1122
23 1161
18 1336
11 1458
11 1217
25 1321
19 1489
20 1188
10 1495
26 1002
16 1397
18 1324
28 1400
14 1177
19 1296
29 1460
24 1133
24 1189
16 1461
19 1402
26 1472
24 1404
22 1346
24 1321
22 1219
26 1337
18 1422
26 1277
17 1108
23 1291
23 1121
23 1212
23 1379
16 1092
26 1201
14 1174
27 1263
25 1196
14 1327
18 1009
28 1439
23 1389
23 1293
22 1245
26 1473
25 1461
11 1113
29 1265
24 1192
13 1201
12 1165
21 1108
20 1103
29 1230
18 1142
10 1299
15 1382
28 1499
21 1366
12 1378
16 1210
10 1240
26 1016
22 1402
29 1040
15 1117
22 1242
16 1015
11 1205
11 1091
25 1429
20 1062
16 1035
12 1187
22 1432
18 1041
29 1015
11 1123
28 1354
28 1237
27 1473
17 1116
21 1311
22 1407
27 1108
18 1204
25 1204
10 1360
13 1488
15 1234
17 1265
25 1006
17 1293
27 1082
29 1384
23 1246
12 1341
25 1200
28 1144
14 1301
14 1237
25 1018
28 1328
17 1060
17 1216
25 1210
23 1104
21 1287
28 1418
29 1109
27 1348
12 1319
19 1413
22 1248
15 1478
19 1142
14 1049
19 1278
20 1278
21 1336
22 1450
24 1217
15 1135
28 1366
27 1499
28 1303
26 1415
22 1416
18 1330
26 1134
23 1146
23 1324
21 1278
16 1443
27 1065
20 1220
13 1448
25 1379