1200 5000
12 1012
22 1201
14 1410
19 1479
27 1402
15 1305
17 1364
19 1266
27 1431
29 1021
17 1303
13 1464
17 1490
20 1479
29 1482
17 1066
22 1400
27 1205
20 1413
15 1435
16 1373
11 1313
19 1258
13 1243
23 1316
26 1276
24 1416
19 1391
29 1383
14 1376
21 1262
20 1272
16 1484
19 1050
14 1318
21 1238
20 1102
17 1361
20 1412
15 1343
17 1286
15 1447
14 1013
18 1430
27 1214
20 1497
22 1227
23 1170
21 1235
13 1158
17 1336
13 1486
21 1442
18 1061
18 1198
12 1394
15 1324
19 1425
29 1273
10 1144
24 1491
19 1246
11 1039
22 1450
24 1156
22 1390
29 1170
27 1038
20 1379
17 1272
11 1205
23 1032
14 1338
27 1327
19 1059
19 1022
14 1279
20 1294
13 1172
27 1494
14 1022
21 1207
22 1483
10 1056
28 1173
26 1279
13 1489
10 1372
11 1352
29 1019
18 1223
16 1119
14 1072
28 1492
13 1018
22 1374
23 1190
27 1369
14 1235
29 1175
24 1325
25 1459
11 1229
26 1351
29 1352
28 1115
21 1476
16 1184
23 1243
16 1251
19 1337
10 1223
14 1444
17 1292
18 1019
11 1327
28 1233
19 1362
21 1424
10 1091
20 1498
22 1441
18 1220
24 1242
22 1267
23 1081
21 1351
25 1239
26 1385
26 1020
18 1360
15 1376
24 1081
16 1097
19 1384
29 1427
19 1463
11 1422
14 1023
28 1162
23 1077
10 1317
19 1421
20 1151
29 1455
10 1100
20 1136
11 1193
29 1217
28 1177
24 1212
12 1395
21 1269
29 1417
24 1125
14 1309
14 1237
23 1008
10 1260
24 1156
28 1246
22 1124
17 1265
19 1450
12 1323
11 1008
15 1256
28 1446
28 1285
19 1236
21 1471
26 1322
12 1119
20 1382
17 1442
20 1416
25 1324
12 1051
24 1431
22 1282
20 1283
14 1273
10 1036
27 1364
24 1351
12 1379
10 1283
23 1123
12 1498
29 1077
21 1350
13 1151
29 1260
17 1053
20 1301
22 1226
29 1004
21 1245
29 1224
26 1219
29 1350
14 1132
14 1183
23 1453
24 1426
14 1234
11 1250
13 1117
19 1472
20 1083
10 1410
13 1397
29 1260
29 1376
28 1104
14 1398
28 1025
29 1249
11 1385
18 1387
18 1477
19 1459
25 1048
24 1478
14 1465
28 1176
24 1298
19 1340
21 1075
13 1366
19 1478
23 1254
13 1085
27 1021
17 1232
18 1176
22 1289
15 1054
24 1024
23 1404
29 1335
13 1174
19 1368
20 1095
22 1199
10 1191
13 1265
16 1235
21 1434
22 1226
14 1480
24 1002
20 1179
23 1344
25 1496
12 1143
13 1187
18 1099
10 1464
20 1230
20 1481
28 1233
11 1415
12 1242
26 1299
20 1285
29 1026
21 1185
22 1228
12 1336
18 1115
26 1075
27 1039
27 1386
16 1417
19 1064
11 1051
15 1391
13 1445
16 1364
11 1105
24 1145
13 1154
18 1193
23 1368
23 1307
23 1069
20 1306
16 1025
27 1179
20 1030
21 1214
18 1416
21 1465
24 1393
29 1405
16 1061
20 1247
19 1237
27 1287
17 1457
18 1120
11 1417
10 1421
19 1119
10 1384
21 1394
24 1258
26 1254
25 1017
21 1376
13 1079
23 1380
25 1070
17 1358
25 1013
10 1060
14 1010
26 1237
16 1349
28 1371
21 1259
27 1423
23 1152
20 1452
27 1445
20 1319
15 1038
11 1111
11 1351
11 1202
20 1280
13 1121
23 1076
15 1285
22 1247
17 1011
18 1340
10 1140
27 1078
14 1044
16 1492
17 1161
23 1220
24 1067
10 1123
29 1308
10 1213
24 1332
20 1324
17 1318
13 1259
22 1334
20 1466
18 1421
12 1179
18 1340
15 1483
17 1289
12 1165
29 1212
24 1326
11 1453
16 1011
25 1108
11 1170
10 1088
15 1215
23 1106
16 1413
13 1370
26 1341
29 1214
25 1407
18 1173
22 1279
16 1410
10 1149
23 1133
24 1371
27 1361
25 1276
10 1300
25 1233
23 1296
26 1013
18 1107
23 1283
24 1497
24 1412
22 1090
28 1280
22 1128
11 1279
26 1128
19 1404
26 1247
13 1432
20 1212
27 1259
16 1198
16 1142
17 1154
15 1379
19 1003
25 1400
24 1273
29 1036
14 1412
14 1337
19 1397
18 1121
17 1277
29 1394
27 1368
28 1196
19 1267
22 1375
18 1395
22 1202
18 1313
23 1192
19 1347
12 1275
11 1306
15 1350
16 1227
10 1171
15 1475
13 1382
28 1201
24 1041
20 1105
22 1211
25 1483
26 1146
23 1480
18 1254
17 1085
10 1293
10 1364
19 1444
27 1374
14 1249
16 1376
22 1476
18 1422
13 1383
28 1439
25 1414
10 1423
24 1321
19 1204
20 1146
29 1475
22 1124
22 1147
20 1006
18 1146
22 1439
22 1139
12 1094
19 1116
16 1233
13 1357
12 1097
25 1000
19 1177
14 1220
22 1208
11 1029
27 1491
10 1104
27 1141
23 1157
18 1033
20 1147
23 1242
13 1170
18 1038
26 1412
21 1442
19 1120
13 1003
20 1136
22 1316
14 1497
29 1318
14 1327
20 1000
29 1341
10 1286
18 1407
13 1299
13 1036
11 1310
19 1197
21 1458
16 1488
28 1162
20 1061
26 1458
20 1471
13 1274
22 1165
27 1422
25 1151
15 1115
29 1353
12 1315
12 1068
13 1349
22 1495
29 1169
25 1370
29 1092
23 1055
20 1299
14 1457
21 1400
11 1448
15 1320
26 1105
26 1465
21 1289
19 1251
21 1043
12 1225
10 1399
18 1466
23 1031
23 1431
28 1245
14 1407
21 1235
19 1418
28 1038
26 1040
15 1493
14 1300
17 1050
13 1290
16 1223
27 1129
14 1068
27 1429
20 1249
22 1178
25 1439
22 1022
21 1375
17 1236
18 1287
22 1279
24 1072
10 1001
28 1196
29 1235
14 1183
26 1346
27 1286
24 1220
16 1481
10 1203
20 1123
17 1159
28 1364
14 1183
18 1020
12 1324
24 1345
23 1151
25 1473
24 1263
24 1184
12 1101
23 1391
20 1489
17 1468
29 1257
26 1149
19 1369
15 1139
17 1370
15 1469
20 1066
17 1319
13 1080
28 1376
25 1384
22 1078
12 1146
17 1496
25 1176
29 1375
11 1201
11 1369
10 1496
17 1086
21 1279
10 1433
11 1239
26 1164
16 1478
26 1461
20 1352
27 1079
20 1349
26 1353
26 1341
17 1075
11 1227
22 1073
16 1496
16 1389
23 1090
26 1279
20 1103
26 1365
12 1168
19 1310
19 1005
16 1334
13 1225
18 1157
23 1268
17 1191
19 1239
21 1449
27 1439
18 1305
23 1164
19 1086
11 1137
10 1296
14 1344
22 1149
28 1429
23 1082
18 1188
15 1131
18 1408
16 1031
10 1101
29 1364
11 1286
12 1080
27 1332
26 1230
29 1310
20 1346
25 1401
15 1072
14 1237
29 1286
24 1421
16 1091
19 1461
28 1311
12 1258
10 1207
13 1180
10 1489
26 1040
26 1085
12 1044
16 1348
23 1434
26 1074
17 1123
13 1483
18 1229
26 1157
12 1302
26 1402
14 1258
23 1152
28 1213
11 1283
12 1204
27 1383
19 1195
25 1062
29 1087
14 1074
17 1319
10 1099
26 1094
23 1391
29 1494
29 1107
17 1282
13 1350
14 1385
12 1289
11 1023
26 1046
14 1338
19 1082
17 1439
11 1444
26 1445
11 1469
20 1192
20 1395
22 1290
14 1007
18 1203
24 1138
28 1409
11 1220
29 1098
17 1464
19 1084
14 1096
23 1189
26 1178
16 1162
15 1470
14 1434
17 1410
25 1101
28 1023
15 1091
25 1048
17 1166
17 1090
28 1050
22 1492
13 1160
26 1242
21 1477
17 1121
28 1141
17 1416
10 1071
13 1059
27 1239
18 1377
19 1225
29 1167
14 1446
28 1270
22 1245
29 1093
15 1329
18 1291
29 1422
28 1185
27 1478
18 1301
25 1430
12 1247
27 1366
11 1489
11 1297
24 1467
24 1408
18 1078
22 1448
27 1264
26 1219
18 1230
16 1168
19 1184
17 1065
10 1182
21 1069
13 1459
11 1469
12 1038
28 1057
13 1291
19 1355
29 1101
14 1087
18 1230
19 1431
28 1004
24 1062
10 1066
11 1016
21 1089
24 1256
12 1368
25 1388
17 1333
28 1179
27 1108
14 1193
18 1155
19 1036
16 1426
17 1435
23 1264
12 1232
25 1001
20 1143
27 1126
15 1292
11 1150
15 1193
26 1161
11 1307
19 1396
15 1018
12 1108
17 1461
10 1443
29 1387
13 1074
28 1405
19 1348
23 1464
18 1121
19 1101
18 1172
17 1492
25 1430
21 1326
24 1060
10 1327
24 1281
18 1210
22 1014
26 1121
21 1393
29 1186
15 1305
23 1042
25 1343
14 1444
20 1486
18 1057
15 1128
11 1178
28 1268
21 1432
28 1124
27 1374
21 1341
21 1010
15 1017
24 1007
23 1306
11 1033
15 1063
13 1349
13 1429
25 1308
12 1188
19 1419
11 1339
12 1451
15 1043
25 1127
29 1450
26 1065
17 1088
10 1047
24 1234
27 1153
24 1404
24 1260
20 1369
13 1013
22 1378
27 1357
26 1158
21 1031
11 1325
25 1438
14 1011
16 1020
13 1474
23 1039
18 1332
15 1116
10 1372
12 1360
21 1414
22 1033
27 1014
14 1361
13 1075
15 1427
17 1187
12 1463
12 1307
28 1051
20 1101
28 1179
10 1050
12 1369
26 1457
19 1356
13 1308
25 1476
14 1043
11 1238
19 1431
12 1446
10 1185
21 1363
28 1176
28 1078
12 1023
29 1405
29 1343
19 1344
27 1131
15 1274
22 1350
21 1280
16 1089
29 1024
17 1355
25 1439
16 1416
15 1465
14 1068
26 1379
20 1354
28 1351
11 1327
12 1034
29 1257
10 1158
15 1457
19 1094
18 1365
27 1345
13 1191
24 1494
28 1438
23 1091
25 1437
25 1140
17 1249
13 1419
21 1238
10 1470
18 1144
28 1127
18 1480
13 1367
29 1475
14 1398
20 1095
27 1388
20 1107
27 1347
27 1425
22 1202
28 1441
18 1397
13 1037
19 1243
24 1186
14 1306
25 1089
12 1248
21 1080
28 1417
28 1217
27 1363
18 1117
27 1111
29 1294
23 1171
22 1194
19 1133
16 1353
26 1136
14 1217
18 1095
21 1436
28 1272
19 1112
29 1257
11 1306
18 1146
20 1318
13 1475
19 1117
10 1002
11 1031
16 1279
12 1234
10 1258
29 1203
19 1438
10 1407
22 1394
11 1460
29 1269
14 1293
19 1229
16 1226
17 1467
24 1413
23 1261
22 1188
13 1178
29 1326
29 1168
21 1148
26 1238
14 1452
24 1194
24 1276
12 1052
26 1488
22 1375
26 1160
24 1011
26 1204
24 1275
20 1386
18 1372
21 1018
16 1404
14 1452
18 1087
16 1033
16 1390
11 1019
14 1449
26 1439
10 1496
10 1058
19 1068
16 1222
23 1325
19 1240
10 1299
16 1445
10 1484
27 1250
27 1250
26 1485
23 1012
28 1300
23 1154
14 1134
11 1440
16 1370
27 1412
28 1262
18 1445
15 1185
19 1051
29 1209
15 1374
18 1292
11 1296
10 1124
15 1387
22 1102
15 1499
28 1099
26 1440
14 1310
17 1167
14 1244
28 1443
20 1412
29 1108
24 1098
18 1401
27 1378
12 1104
12 1038
19 1003
26 1366
14 1172
10 1236
25 1055
22 1028
14 1355
25 1326
24 1290
20 1387
27 1497
17 1442
21 1346
12 1309
22 1195
22 1238
22 1353
29 1178
27 1153
27 1085
15 1295
21 1162
21 1094
28 1229
10 1472
22 1353
24 1084
19 1460
22 1432
12 1055
19 1087
25 1265
26 1037
12 1072
18 1308
12 1414
18 1294
18 1069
12 1060
29 1336
20 1141
12 1137
18 1130
23 1023
15 1405
14 1458
22 1233
24 1333
27 1077
28 1128
23 1498
22 1471
13 1203
13 1200
20 1326
23 1405
11 1105
24 1089
27 1492
19 1496
28 1178
19 1397
19 1397
22 1067
26 1094
14 1402
27 1334
16 1447
25 1002
15 1372
25 1205
15 1204
12 1107
11 1355
24 1051
27 1209
26 1173
10 1115
22 1460
15 1282
23 1216
24 1359
28 1433
26 1385
20 1462
14 1248
29 1219
24 1191
11 1291
11 1179
23 1073
21 1471
10 1041
28 1213
29 1036
13 1215
19 1099
27 1155
10 1084
15 1005
18 1082
18 1403
23 1195
10 1151
20 1454
14 1131
12 1167
15 1158
16 1305
24 1213
24 1467
24 1060
20 1468
27 1396
14 1376
15 1281
13 1243
29 1364
27 1102
11 1199
18 1457
10 1490
10 1375
21 1252
10 1486
25 1464
25 1115