1900 5000
17 1247
24 1236
11 1057
14 1269
14 1239
12 1337
17 1342
16 1309
24 1431
22 1246
29 1453
17 1034
13 1040
24 1264
17 1248
29 1407
10 1164
12 1118
11 1482
28 1189
11 1423
19 1093
10 1479
24 1361
25 1051
20 1094
16 1468
25 1292
20 1381
21 1224
10 1327
10 1483
25 1350
20 1454
10 1353
24 1471
22 1123
22 1162
13 1344
26 1122
18 1045
20 1446
21 1267
29 1256
18 1154
15 1202
27 1091
11 1015
26 1229
18 1454
16 1168
13 1321
21 1450
22 1487
22 1233
23 1487
21 1240
26 1189
11 1358
29 1223
22 1146
22 1187
12 1484
12 1147
13 1360
18 1190
13 1478
25 1282
15 1037
25 1443
14 1208
29 1162
15 1320
27 1413
10 1255
27 1104
25 1070
27 1396
23 1338
25 1319
26 1431
16 1069
26 1405
12 1327
28 1020
28 1351
15 1371
25 1346
17 1306
27 1267
15 1169
15 1064
23 1017
23 1250
10 1042
27 1284
19 1083
18 1410
18 1008
24 1096
11 1019
14 1377
12 1207
10 1013
21 1218
10 1262
26 1461
22 1049
19 1248
27 1487
13 1196
25 1064
25 1378
26 1354
17 1461
13 1026
15 1073
24 1477
13 1324
11 1101
26 1441
29 1256
20 1435
29 1073
14 1084
26 1085
19 1267
10 1495
14 1128
19 1259
29 1007
19 1099
15 1263
17 1340
13 1166
26 1336
11 1092
29 1293
19 1103
24 1443
10 1365
14 1369
13 1310
27 1456
26 1449
12 1318
21 1193
25 1475
13 1103
10 1187
22 1297
23 1175
23 1294
14 1401
29 1307
15 1348
13 1171
26 1250
13 1000
22 1051
29 1188
11 1429
12 1024
15 1362
12 1068
12 1224
12 1261
23 1234
14 1028
29 1312
21 1041
11 1083
20 1329
13 1297
25 1218
17 1229
22 1434
10 1351
16 1309
10 1139
16 1233
26 1004
22 1126
27 1475
21 1394
26 1495
17 1349
18 1069
22 1221
12 1189
18 1327
27 1381
15 1309
15 1208
14 1457
26 1488
22 1307
15 1465
28 1313
12 1485
18 1402
19 1411
24 1120
22 1439
16 1213
12 1059
17 1456
12 1031
16 1446
20 1136
22 1043
27 1337
17 1246
12 1309
22 1419
16 1429
24 1320
11 1074
28 1276
25 1194
23 1153
12 1472
25 1352
16 1402
10 1449
19 1214
18 1001
10 1104
13 1397
12 1485
24 1442
24 1423
27 1132
20 1410
29 1207
26 1320
23 1287
17 1480
11 1412
13 1054
18 1396
12 1135
12 1327
25 1402
18 1115
13 1021
24 1331
19 1107
25 1484
10 1445
29 1295
24 1114
22 1256
14 1137
10 1307
13 1017
16 1491
15 1206
16 1371
29 1408
16 1106
17 1371
13 1266
24 1090
26 1138
11 1472
15 1159
21 1208
28 1492
14 1468
24 1382
12 1259
18 1300
11 1391
24 1036
16 1119
27 1390
12 1019
27 1386
15 1131
11 1194
14 1043
26 1288
24 1155
21 1234
20 1066
19 1358
11 1273
18 1278
20 1234
18 1295
25 1203
27 1177
13 1101
15 1369
22 1321
14 1337
23 1356
17 1215
15 1084
19 1197
27 1410
21 1353
24 1298
14 1429
16 1490
14 1329
14 1068
10 1300
11 1379
27 1179
24 1271
20 1068
13 1156
11 1133
10 1426
10 1329
27 1006
24 1437
13 1158
21 1126
24 1266
11 1397
24 1342
13 1194
25 1294
24 1256
24 1161
18 1270
24 1439
29 1490
23 1483
12 1374
22 1248
20 1269
14 1106
10 1413
11 1499
17 1450
14 1440
28 1202
16 1295
16 1219
22 1108
19 1392
20 1213
24 1230
17 1018
19 1265
29 1237
14 1284
19 1130
14 1053
21 1408
23 1081
25 1221
15 1128
17 1369
23 1282
20 1340
11 1463
11 1379
25 1120
22 1038
25 1243
21 1401
19 1346
13 1228
17 1407
23 1399
17 1198
11 1405
16 1064
16 1202
12 1242
19 1303
19 1028
26 1424
22 1038
21 1385
18 1329
15 1314
19 1070
26 1022
17 1046
22 1220
28 1176
14 1388
28 1271
21 1054
15 1281
17 1400
16 1378
22 1227
16 1399
28 1091
26 1245
17 1145
19 1467
14 1419
18 1212
26 1000
24 1440
28 1269
25 1339
15 1067
19 1061
22 1392
16 1460
27 1222
10 1349
27 1097
11 1343
13 1480
11 1387
15 1498
28 1339
29 1435
27 1004
10 1316
18 1136
19 1307
26 1448
16 1135
11 1484
28 1380
16 1104
13 1094
24 1203
17 1422
10 1062
22 1339
13 1333
27 1173
13 1432
26 1226
16 1131
14 1076
18 1497
17 1393
12 1048
18 1074
20 1209
25 1427
29 1220
22 1254
21 1293
22 1029
11 1115
20 1132
26 1153
11 1035
20 1213
23 1439
27 1165
24 1282
18 1308
10 1456
12 1032
20 1028
13 1321
26 1345
24 1086
18 1485
16 1067
12 1219
11 1136
28 1498
26 1234
24 1464
11 1182
19 1377
14 1132
17 1358
14 1198
15 1370
16 1268
22 1494
12 1173
24 1024
28 1110
28 1410
10 1445
20 1344
15 1408
23 1081
17 1139
21 1214
23 1286
22 1219
13 1330
14 1346
11 1223
19 1001
25 1272
26 1261
25 1431
14 1374
11 1445
17 1322
16 1065
26 1335
18 1409
27 1433
12 1173
21 1420
11 1062
18 1363
21 1236
15 1079
13 1228
16 1406
10 1485
21 1245
23 1411
22 1021
25 1126
10 1219
19 1173
29 1384
24 1228
26 1285
12 1307
26 1372
29 1416
16 1331
20 1148
25 1033
14 1496
14 1194
19 1226
12 1364
27 1397
13 1003
25 1239
22 1256
24 1343
25 1080
17 1432
19 1233
15 1202
26 1235
24 1027
28 1086
11 1033
26 1127
24 1109
22 1123
24 1166
14 1272
25 1006
24 1047
18 1139
10 1311
12 1169
17 1239
24 1394
20 1050
27 1477
21 1075
13 1351
25 1305
14 1391
25 1361
17 1395
11 1437
17 1067
16 1315
27 1455
25 1200
21 1499
16 1017
28 1451
24 1094
26 1017
10 1362
16 1385
10 1159
17 1368
29 1065
10 1181
15 1281
15 1330
25 1259
16 1317
20 1496
11 1111
28 1110
28 1261
23 1351
14 1135
18 1024
21 1213
20 1006
11 1344
11 1125
10 1452
11 1351
25 1238
25 1208
11 1420
24 1419
26 1204
21 1032
14 1497
24 1218
21 1078
12 1327
17 1426
11 1125
22 1490
17 1397
10 1159
16 1099
19 1039
10 1064
19 1269
19 1052
21 1104
26 1090
10 1027
17 1302
12 1310
29 1041
10 1475
27 1194
17 1096
24 1039
23 1023
11 1187
16 1202
16 1054
24 1006
17 1040
10 1204
11 1261
27 1229
10 1455
19 1343
21 1063
11 1312
28 1335
15 1499
21 1284
29 1367
11 1272
26 1444
25 1432
14 1189
24 1041
10 1168
23 1062
18 1250
19 1439
29 1243
21 1037
24 1404
13 1235
28 1125
28 1499
22 1427
24 1067
23 1109
25 1230
18 1426
22 1459
26 1476
18 1489
22 1344
16 1127
11 1110
19 1023
17 1161
23 1490
12 1320
14 1331
18 1058
14 1110
10 1202
14 1316
23 1328
18 1411
28 1031
22 1254
23 1483
23 1491
26 1102
18 1340
28 1081
12 1149
13 1303
17 1260
18 1494
16 1062
24 1019
12 1077
15 1198
20 1138
27 1331
22 1333
28 1167
20 1300
17 1401
10 1075
12 1142
20 1382
16 1397
22 1233
10 1256
17 1195
29 1283
28 1103
16 1325
16 1399
18 1465
22 1203
17 1489
27 1006
20 1039
15 1349
26 1161
26 1240
17 1353
15 1049
10 1071
13 1120
29 1217
10 1019
17 1152
25 1103
13 1207
13 1434
27 1074
26 1162
23 1436
15 1036
18 1273
19 1146
21 1419
11 1198
21 1346
13 1220
25 1116
29 1424
13 1024
17 1242
20 1345
24 1252
10 1330
13 1048
18 1142
16 1042
29 1325
10 1295
19 1339
13 1264
23 1038
17 1216
24 1070
17 1041
27 1468
11 1406
25 1499
24 1303
29 1336
18 1385
25 1083
10 1183
14 1487
25 1359
29 1106
14 1226
12 1188
19 1258
28 1132
10 1468
12 1260
26 1388
24 1446
26 1492
19 1210
11 1320
17 1046
20 1481
13 1114
14 1276
10 1402
11 1361
20 1267
18 1210
25 1256
21 1274
21 1426
24 1282
12 1168
27 1377
22 1223
26 1258
12 1322
14 1405
28 1096
19 1422
22 1432
15 1243
10 1288
11 1158
23 1321
11 1216
27 1388
17 1264
14 1077
10 1384
11 1395
10 1421
27 1238
11 1037
13 1399
19 1399
29 1158
12 1340
10 1175
11 1485
11 1021
16 1434
24 1195
17 1155
21 1294
28 1369
12 1383
28 1121
28 1092
16 1301
28 1254
27 1205
24 1083
11 1289
10 1011
14 1448
22 1441
25 1004
19 1398
19 1203
17 1119
13 1281
26 1093
15 1099
16 1313
22 1137
20 1326
29 1063
10 1456
21 1333
29 1150
20 1063
19 1156
15 1065
29 1074
25 1164
11 1055
26 1094
23 1012
16 1419
27 1489
23 1393
20 1369
16 1405
11 1046
22 1098
12 1117
25 1343
12 1377
26 1479
13 1319
27 1205
25 1395
12 1127
10 1260
18 1286
17 1093
21 1028
23 1143
27 1342
29 1421
11 1246
15 1406
25 1165
29 1298
23 1174
12 1081
16 1109
10 1382
20 1319
11 1352
21 1234
16 1133
11 1315
11 1383
25 1155
21 1252
10 1123
15 1393
24 1390
25 1204
14 1153
18 1361
22 1173
20 1346
14 1072
11 1018
14 1076
24 1163
11 1063
15 1299
25 1094
18 1240
23 1110
17 1172
11 1006
11 1068
25 1218
20 1190
16 1094
21 1195
12 1023
22 1308
27 1489
27 1036
18 1297
16 1309
26 1435
19 1135
28 1260
24 1270
15 1013
19 1116
25 1011
12 1022
19 1131
24 1148
26 1307
24 1181
24 1117
22 1447
11 1442
24 1090
14 1185
19 1165
20 1147
11 1126
22 1138
19 1124
28 1366
19 1193
17 1265
18 1439
26 1389
21 1008
17 1372
16 1391
12 1446
20 1176
24 1473
29 1239
20 1087
15 1311
15 1054
25 1062
12 1329
15 1470
19 1366
11 1305
18 1060
16 1140
16 1364
28 1137
21 1129
14 1316
29 1475
16 1107
19 1421
14 1047
22 1334
28 1080
11 1268
20 1211
20 1231
26 1177
13 1430
25 1260
12 1227
13 1118
21 1153
13 1115
15 1088
13 1292
18 1252
17 1388
10 1061
17 1054
17 1482
13 1231
16 1484
20 1184
28 1125
20 1270
24 1025
17 1488
16 1328
12 1414
22 1130
22 1311
16 1491
26 1352
28 1317
20 1085
12 1001
28 1328
18 1075
25 1252
15 1498
10 1211
13 1490
13 1049
21 1010
23 1489
17 1330
14 1460
27 1173
21 1034
20 1277
19 1088
13 1227
23 1330
14 1453
28 1341
19 1099
13 1464
16 1499
11 1167
13 1241
21 1365
22 1332
12 1035
27 1407
21 1189
11 1086
22 1495
25 1426
18 1499
10 1071
12 1005
26 1261
27 1037
13 1334
26 1362
12 1071
14 1340
22 1071
25 1347
22 1001
11 1424
26 1122
28 1389
14 1054
22 1292
24 1241
16 1162
22 1467
20 1481
29 1415
26 1312
21 1416
16 1206
11 1042
27 1114
14 1259
22 1081
24 1415
20 1214
23 1353
28 1321
14 1183
15 1162
10 1014
27 1014
11 1249
12 1353
20 1012
16 1475
12 1468
21 1070
25 1375
15 1020
20 1456
29 1195
13 1238
27 1032
21 1047
11 1086
18 1488
14 1233
10 1465
16 1336
16 1351
16 1471
22 1045
22 1492
20 1235
19 1388
14 1044
15 1391
27 1001
26 1085
25 1158
11 1359
12 1096
21 1201
28 1222
27 1145
21 1303
29 1196
28 1232
19 1294
11 1237
11 1164
20 1221
29 1404
11 1123
22 1347
12 1364
15 1478
28 1493
21 1084
28 1442
10 1457
11 1483
18 1174
29 1364
14 1112
20 1461
11 1437
18 1239
25 1456
16 1411
18 1210
10 1041
16 1201
27 1224
19 1195
20 1421
22 1025
11 1353
27 1210
10 1158
13 1397
25 1067
14 1300
11 1499
16 1482
27 1340
22 1242
29 1093
19 1262
19 1355
23 1104
15 1406
15 1480
14 1314
15 1241
19 1233
19 1493
15 1405
25 1176
26 1027
16 1421
27 1377
18 1356
14 1489
13 1184
10 1185
10 1011
21 1099
23 1450
28 1336
23 1193
23 1427
23 1424
12 1462
14 1331
27 1217
25 1358
12 1005
23 1398
11 1168
22 1142
12 1398
20 1162
12 1015
24 1293
19 1422
18 1311
17 1133
29 1413
26 1159
27 1099
23 1406
13 1010
15 1238
13 1424
10 1447
13 1345
23 1305
10 1082
29 1314
18 1169
25 1364
24 1055
29 1005
19 1150
11 1205
20 1012
15 1098
27 1346
25 1237
22 1184
18 1089
29 1156
11 1172
17 1097
27 1325
23 1190
23 1469
25 1088
19 1152
19 1157
24 1086
18 1355
11 1362
12 1350
26 1264
15 1007
13 1319
27 1107
25 1396
12 1010
15 1038
23 1315
24 1453
10 1363
20 1195
15 1001
13 1244
15 1053
22 1382
12 1498
19 1124
27 1241
26 1398
11 1165
29 1303
19 1413
28 1250
14 1061
27 1044
28 1249
28 1259
22 1213
11 1244
18 1019
13 1405
16 1021
24 1033
13 1020
25 1028
10 1168
15 1190
21 1076
22 1135
12 1188
29 1333
20 1143
28 1176
18 1411
21 1053
29 1057
22 1449
25 1045
20 1014
16 1416
28 1294
21 1162
14 1065
25 1160
17 1449
26 1151
21 1099
16 1158
29 1150
12 1348
25 1252
26 1495
28 1112
23 1253
27 1244
27 1241
18 1440
14 1315
29 1451
12 1086
28 1000
29 1258
22 1444
11 1291
28 1260
24 1451
20 1463
24 1099
27 1285
18 1051
10 1221
15 1309
11 1079
22 1308
10 1092
16 1321
11 1392
22 1277
27 1112
15 1402
19 1482
25 1079
20 1251
14 1460
16 1432
25 1171
24 1419
26 1214
23 1202
13 1461
16 1460
16 1292
27 1084
16 1106
23 1386
19 1136
28 1416
21 1334
18 1426
11 1111
14 1110
10 1227
21 1398
12 1070
23 1360
18 1132
26 1079
16 1431
25 1316
15 1493
24 1137
29 1375
19 1363
28 1408
27 1087
16 1031
23 1304
22 1116
21 1024
15 1257
28 1092
21 1333
17 1007
15 1028
28 1288
14 1240
10 1271
26 1012
27 1180
15 1156
18 1011
29 1471
26 1135
22 1447
22 1128
29 1300
29 1412
22 1144
21 1125
13 1286
14 1385
22 1063
26 1308
26 1385
23 1291
11 1447
21 1166
29 1182
10 1347
11 1374
27 1419
27 1451
13 1170
19 1042
16 1003
28 1138
17 1257
25 1078
23 1064
25 1443
27 1191
16 1415
21 1386
14 1381
24 1444
14 1140
23 1485
12 1164
20 1130
13 1476
29 1464
27 1379
25 1365
10 1016
16 1013
18 1025
18 1115
22 1270
16 1355
21 1487
16 1160
20 1195
20 1119
23 1296
24 1374
26 1094
16 1457
16 1081
11 1104
11 1225
28 1185
20 1282
24 1072
29 1117
22 1295
29 1084
18 1186
13 1420
12 1227
14 1357
17 1307
29 1113
23 1426
23 1395
12 1384
24 1257
20 1264
13 1351
11 1166
19 1477
12 1072
14 1021
12 1389
15 1198
18 1134
15 1433
19 1434
28 1040
17 1465
25 1205
10 1435
18 1329
22 1367
25 1344
13 1427
28 1022
10 1026
13 1194
14 1032
25 1246
24 1213
28 1024
28 1447
10 1055
23 1147
29 1427
29 1215
22 1294
18 1089
28 1314
17 1498
23 1449
22 1098
26 1474
18 1395
24 1285
23 1328
23 1014
10 1359
19 1441
12 1026
13 1053
10 1098
24 1112
27 1163
23 1421
22 1417
25 1180
12 1391
17 1313
15 1300
26 1319
26 1236
22 1045
25 1393
17 1354
15 1215
27 1457
11 1432
20 1085
18 1463
28 1366
19 1435
25 1195
15 1424
19 1032
25 1009
18 1201
27 1424
29 1018
26 1329
20 1216
29 1247
23 1341
11 1279
23 1279
19 1488
15 1440
21 1002
17 1487
13 1476
19 1112
24 1497
17 1079
24 1106
21 1432
22 1275
14 1463
15 1022
24 1459
19 1301
15 1491
19 1498
13 1073
11 1138
20 1098
28 1387
23 1275
27 1246
17 1067
21 1498
13 1495
16 1194
22 1183
13 1391
20 1495
29 1185
24 1253
25 1261
25 1062
11 1266
23 1198
14 1283
26 1323
14 1261
20 1024
14 1320
12 1347
10 1000
18 1185
11 1324
10 1114
24 1362
15 1087
27 1457
20 1366
14 1360
15 1242
13 1121
14 1356
19 1116
18 1358
27 1319
24 1488
28 1494
22 1222
19 1077
23 1134
11 1320
22 1454
20 1342
13 1309
28 1310
29 1016
24 1066
11 1037
23 1016
11 1166
26 1326
27 1251
11 1418
21 1145
15 1116
27 1174
16 1097
27 1326
12 1153
29 1022
26 1482
26 1450
24 1444
12 1046
21 1226
27 1344
23 1078
18 1432
22 1264
20 1095
19 1057
17 1476
19 1151
17 1429
11 1477
17 1324
11 1159
13 1363
12 1020
28 1046
21 1250
27 1494
16 1378
18 1457
18 1360
21 1212
12 1154
28 1126
16 1303
26 1363
18 1056
17 1376
23 1355
26 1257
10 1008
21 1419
11 1356
18 1348
28 1425
20 1469
12 1122
19 1260
20 1215
14 1057
14 1454
21 1379
16 1312
10 1030
22 1498
12 1245
29 1233
21 1362
16 1371
22 1213
23 1229
11 1149
17 1437
29 1223
14 1266
13 1361
20 1011
17 1379
20 1173
20 1409
15 1269
21 1164
24 1006
14 1201
16 1148
16 1447
16 1317
16 1304
27 1375
23 1449
24 1177
27 1030
14 1202
16 1103
15 1054
15 1354
11 1169
22 1079
12 1280
21 1398
17 1205
18 1414
24 1483
12 1382
28 1133
10 1078
23 1102
13 1031
27 1075
24 1180
26 1167
23 1340
18 1088
29 1378
21 1414
13 1220
14 1257
17 1089
24 1220
18 1215
20 1460
26 1396
22 1228
15 1440
12 1032
29 1164
18 1272
17 1207
24 1467
19 1157
28 1101
12 1373
19 1444
21 1104
14 1184
15 1176
11 1069
23 1174
25 1221
17 1442
16 1052
15 1409
29 1354
22 1297
19 1466
21 1460
26 1430
16 1421
10 1286
14 1103
19 1422
23 1114
12 1401
29 1014
12 1368
15 1176
17 1069
28 1371
21 1491
21 1154
24 1114
25 1394
25 1159
12 1125
23 1494
22 1420
27 1438
14 1048
16 1388
15 1206
29 1348
19 1067
11 1234
15 1202
16 1131
18 1223
25 1048
22 1348
17 1358
18 1173
24 1332
23 1016
21 1305
13 1192
16 1165
16 1488
12 1252
18 1353
22 1453
22 1170
21 1132
26 1480
11 1194
23 1130
11 1345
13 1213
26 1437
15 1347
19 1337
16 1148
23 1398
27 1158
13 1295
29 1322
21 1407
28 1484
17 1245
17 1496
23 1060
10 1176
26 1149
18 1278
18 1359
15 1376
14 1499
23 1363
21 1106
12 1434
13 1091
23 1238
27 1130
14 1045
22 1275
17 1385
27 1319
11 1245
11 1214
12 1042
24 1338
23 1396
12 1345
18 1228
12 1405
27 1078
26 1366
27 1441
29 1032
18 1046
15 1138
11 1346
13 1150
27 1142
26 1265
11 1298
29 1478
12 1405
25 1111
19 1350
28 1168
24 1370
15 1339
11 1021
11 1441
14 1005
25 1497
20 1370
28 1140
21 1059
29 1364
25 1331
14 1325
20 1441
28 1353
21 1283
25 1409
27 1337
25 1030
16 1219
26 1291
12 1349
10 1078
27 1156
12 1026
24 1167
20 1090
19 1235
23 1083
16 1376
20 1422
12 1203
12 1487
11 1332
26 1248
18 1178
10 1192
12 1110
25 1085
12 1239
28 1438
16 1067
20 1261
15 1475
23 1133
28 1397
27 1025
24 1391
26 1025
11 1477
15 1120