2400 5000
11 1481
22 1429
29 1446
29 1142
29 1203
10 1497
29 1356
23 1184
15 1108
26 1028
19 1448
17 1094
14 1056
28 1262
13 1128
10 1102
24 1382
18 1161
29 1022
14 1273
26 1164
15 1213
20 1326
27 1040
15 1494
13 1261
15 1057
23 1082
10 1088
22 1245
27 1020
27 1258
21 1330
24 1217
11 1017
24 1319
21 1273
16 1225
18 1096
28 1249
19 1163
14 1051
17 1025
19 1397
12 1409
20 1035
16 1236
17 1265
10 1109
22 1071
11 1290
21 1367
11 1384
13 1210
19 1205
15 1415
21 1170
29 1202
22 1118
20 1362
20 1127
13 1003
15 1027
22 1031
14 1496
16 1212
10 1495
22 1075
12 1302
28 1124
27 1035
16 1018
21 1251
20 1142
19 1144
15 1031
15 1436
18 1247
19 1051
17 1282
17 1221
18 1003
16 1441
19 1241
23 1298
23 1209
13 1484
29 1441
12 1133
20 1480
16 1375
19 1361
28 1097
20 1490
22 1462
24 1259
29 1321
19 1123
21 1405
10 1307
19 1022
17 1139
17 1297
23 1035
26 1227
15 1116
25 1463
20 1449
23 1126
19 1116
14 1156
16 1349
21 1321
22 1324
17 1314
13 1319
17 1400
13 1244
19 1105
18 1235
13 1384
29 1156
20 1089
18 1275
23 1327
16 1454
18 1245
24 1098
27 1329
22 1428
27 1036
13 1223
28 1055
13 1128
20 1116
21 1090
20 1208
19 1033
19 1489
12 1486
18 1420
23 1225
24 1003
29 1395
13 1030
18 1080
11 1031
15 1395
12 1237
26 1354
14 1341
14 1251
16 1377
29 1431
22 1490
24 1373
10 1188
14 1139
29 1491
28 1187
10 1483
25 1154
12 1424
20 1247
28 1314
27 1152
25 1078
17 1137
25 1045
21 1358
15 1175
11 1004
25 1300
25 1301
27 1273
17 1190
28 1424
12 1003
28 1441
28 1420
15 1449
20 1136
24 1392
29 1494
12 1436
26 1369
17 1330
24 1109
27 1238
23 1124
25 1448
11 1443
22 1008
11 1223
11 1475
16 1371
23 1274
16 1237
27 1496
14 1246
26 1481
21 1301
12 1224
11 1471
28 1377
10 1157
17 1335
11 1030
20 1432
16 1150
11 1137
27 1345
14 1342
29 1068
25 1401
17 1120
13 1180
23 1461
18 1403
17 1133
21 1384
11 1131
19 1294
28 1452
21 1262
24 1076
22 1315
19 1368
19 1435
18 1045
22 1140
16 1492
21 1020
19 1376
10 1303
14 1397
17 1315
29 1468
23 1282
23 1275
29 1203
17 1388
10 1172
12 1399
15 1168
17 1324
22 1201
21 1198
25 1113
10 1242
17 1410
29 1267
17 1206
13 1361
15 1244
13 1367
18 1204
29 1239
18 1299
27 1298
15 1210
12 1468
28 1038
29 1438
24 1374
19 1055
13 1107
27 1449
28 1391
17 1433
24 1335
11 1388
22 1080
22 1325
27 1434
14 1185
24 1354
21 1161
20 1404
23 1251
17 1191
19 1259
15 1424
18 1017
17 1243
16 1208
14 1202
27 1355
24 1006
28 1268
22 1215
24 1244
22 1216
25 1242
21 1214
27 1192
15 1133
25 1323
13 1127
10 1484
29 1319
23 1325
27 1333
15 1197
18 1207
14 1331
23 1379
19 1282
15 1082
29 1104
27 1139
18 1470
10 1023
13 1208
12 1274
19 1141
10 1316
28 1393
25 1467
12 1086
24 1393
21 1440
25 1162
28 1489
12 1132
17 1320
19 1046
19 1070
18 1084
10 1042
23 1082
12 1094
15 1259
13 1272
21 1326
10 1141
24 1409
21 1379
11 1359
21 1113
14 1211
26 1134
22 1479
20 1355
12 1211
29 1366
28 1127
23 1025
13 1461
21 1082
11 1306
11 1497
10 1063
25 1033
18 1440
15 1195
18 1174
18 1293
20 1236
19 1452
20 1198
25 1245
12 1195
24 1231
11 1485
12 1062
23 1402
15 1290
29 1476
14 1078
18 1320
19 1353
25 1195
16 1155
25 1256
27 1102
13 1139
27 1324
18 1028
17 1095
25 1069
23 1389
20 1007
17 1241
19 1492
25 1265
19 1133
18 1022
14 1071
27 1196
20 1361
25 1018
15 1102
11 1228
28 1120
28 1470
14 1292
29 1250
21 1201
21 1493
21 1317
23 1238
14 1419
21 1465
23 1278
12 1377
27 1281
13 1334
16 1294
25 1379
13 1356
10 1200
22 1130
23 1361
27 1144
17 1437
25 1116
10 1262
28 1415
25 1110
11 1210
10 1464
24 1496
23 1450
25 1416
12 1325
15 1241
12 1278
11 1465
14 1346
16 1401
21 1247
27 1200
12 1374
24 1354
25 1244
18 1013
27 1404
15 1489
27 1017
20 1362
13 1472
18 1379
13 1084
12 1355
21 1112
24 1261
15 1326
16 1211
12 1200
18 1458
20 1399
21 1216
28 1327
13 1458
16 1112
22 1277
17 1401
20 1365
20 1009
23 1485
20 1174
28 1261
10 1147
24 1228
28 1470
25 1129
24 1159
21 1002
20 1176
27 1280
24 1435
15 1123
18 1318
26 1222
12 1143
22 1040
12 1207
10 1218
20 1054
18 1033
16 1417
21 1020
26 1132
12 1144
15 1482
25 1471
23 1150
22 1087
22 1162
29 1427
25 1432
25 1362
28 1005
26 1447
20 1444
19 1017
17 1111
23 1015
10 1039
13 1180
15 1429
23 1360
10 1092
29 1487
27 1068
19 1255
13 1317
10 1156
11 1187
20 1045
25 1334
27 1497
16 1119
15 1470
16 1228
11 1028
16 1153
22 1007
23 1331
21 1380
14 1081
13 1207
17 1242
11 1173
13 1479
16 1410
23 1244
12 1326
11 1490
27 1335
15 1178
19 1442
23 1311
24 1490
21 1071
14 1460
20 1167
28 1307
18 1174
25 1495
17 1429
14 1142
25 1303
15 1448
19 1488
29 1020
23 1233
29 1199
27 1461
23 1209
26 1170
20 1094
24 1348
21 1316
14 1247
17 1138
10 1008
16 1240
21 1089
21 1467
27 1085
17 1226
11 1459
12 1408
23 1095
14 1306
14 1140
26 1051
24 1071
17 1025
23 1078
19 1068
19 1227
26 1450
25 1466
14 1346
25 1221
11 1032
10 1498
14 1185
24 1348
27 1286
16 1228
11 1484
11 1336
25 1062
11 1355
20 1160
29 1412
22 1487
17 1281
22 1360
20 1319
21 1177
12 1361
26 1413
26 1466
17 1351
29 1251
16 1038
10 1142
10 1191
23 1129
12 1328
12 1415
28 1396
27 1464
17 1054
19 1095
22 1403
11 1467
24 1068
20 1272
24 1453
29 1486
15 1383
23 1110
27 1406
25 1039
22 1202
20 1161
23 1159
27 1492
13 1497
12 1280
25 1170
10 1317
13 1045
10 1377
11 1468
29 1165
25 1439
12 1090
18 1309
17 1174
24 1432
14 1264
11 1310
24 1468
18 1384
14 1488
21 1026
10 1155
14 1242
25 1039
17 1129
24 1329
13 1187
10 1185
17 1104
26 1136
27 1371
29 1080
15 1321
19 1248
24 1115
24 1457
24 1281
22 1478
22 1099
28 1482
12 1330
10 1177
25 1242
22 1356
25 1327
11 1426
11 1253
25 1440
10 1252
18 1285
13 1368
18 1403
20 1022
27 1363
16 1414
26 1416
29 1023
11 1427
26 1438
17 1109
19 1160
19 1012
14 1454
25 1411
22 1097
26 1406
14 1270
12 1436
23 1344
13 1181
14 1303
22 1369
29 1092
20 1250
26 1447
19 1186
22 1452
24 1447
26 1386
23 1177
14 1101
27 1410
18 1278
25 1104
12 1311
12 1041
21 1304
22 1044
28 1077
17 1462
16 1176
21 1076
24 1113
14 1269
23 1476
17 1039
18 1331
13 1282
16 1048
21 1152
18 1321
18 1109
17 1174
28 1427
17 1026
12 1009
15 1108
12 1269
10 1212
17 1436
25 1272
17 1396
10 1173
10 1226
22 1052
11 1253
29 1216
26 1468
10 1178
29 1421
26 1090
14 1272
11 1291
11 1261
14 1233
20 1150
14 1058
19 1396
28 1320
26 1421
24 1359
25 1464
26 1336
21 1016
28 1396
14 1020
22 1109
26 1164
23 1130
18 1153
11 1489
26 1246
22 1474
16 1119
14 1348
20 1317
19 1408
18 1030
27 1179
15 1204
24 1433
11 1096
27 1367
28 1396
19 1286
13 1438
23 1116
16 1017
16 1097
15 1217
20 1030
19 1306
27 1489
26 1030
24 1064
19 1357
25 1285
23 1284
10 1081
24 1264
12 1009
20 1098
12 1361
23 1177
24 1322
16 1089
20 1315
21 1272
22 1468
25 1021
10 1268
25 1467
19 1376
14 1050
23 1207
21 1158
25 1194
14 1242
17 1057
11 1162
23 1130
28 1330
26 1445
29 1187
13 1185
29 1491
22 1290
26 1381
24 1416
10 1353
16 1045
24 1050
28 1443
24 1017
16 1355
18 1080
23 1014
21 1129
18 1165
15 1130
20 1031
18 1338
19 1438
19 1077
24 1022
29 1069
25 1362
17 1017
22 1034
29 1402
20 1288
12 1111
27 1364
26 1105
13 1477
22 1169
11 1125
23 1200
12 1151
10 1028
13 1141
22 1235
29 1170
23 1408
16 1064
24 1129
24 1479
20 1317
24 1368
15 1317
11 1274
20 1189
17 1236
15 1387
10 1421
11 1141
14 1421
22 1300
20 1276
14 1166
27 1438
18 1193
17 1297
29 1185
11 1482
27 1181
24 1398
13 1075
29 1082
29 1232
10 1353
13 1333
13 1463
22 1208
21 1108
24 1369
29 1389
20 1376
16 1190
12 1251
29 1307
23 1459
20 1123
28 1061
25 1426
20 1109
20 1369
17 1111
11 1024
15 1481
11 1080
18 1032
25 1337
29 1009
21 1464
20 1007
18 1215
17 1107
26 1297
19 1231
29 1332
23 1294
29 1223
28 1002
24 1013
12 1337
17 1375
27 1133
22 1393
23 1115
16 1494
23 1197
22 1013
24 1103
19 1400
26 1289
23 1082
16 1050
19 1209
27 1170
10 1155
29 1227
28 1219
29 1054
25 1331
16 1353
12 1311
10 1136
16 1354
18 1134
25 1378
26 1434
24 1174
25 1287
27 1179
18 1035
12 1378
19 1122
24 1440
14 1438
29 1277
21 1409
28 1331
29 1383
10 1115
12 1384
21 1297
24 1147
10 1194
17 1078
29 1183
17 1256
23 1429
11 1021
25 1257
23 1376
11 1353
19 1463
15 1387
13 1005
21 1216
14 1363
28 1179
12 1407
23 1002
24 1432
17 1044
12 1351
20 1204
20 1141
11 1011
15 1207
23 1083
28 1470
23 1273
28 1008
15 1238
21 1114
18 1279
19 1402
26 1049
19 1425
22 1207
20 1466
16 1269
26 1420
13 1004
20 1005
29 1188
21 1139
21 1146
20 1060
28 1203
16 1220
11 1201
23 1085
12 1428
28 1350
15 1469
23 1213
19 1438
21 1433
29 1397
22 1229
18 1009
12 1451
16 1112
16 1037
10 1164
20 1239
22 1161
24 1415
26 1076
18 1123
25 1476
22 1378
28 1270
29 1485
14 1270
12 1309
21 1342
15 1119
17 1088
23 1180
24 1077
16 1429
12 1171
16 1017
20 1388
24 1474
23 1000
19 1289
14 1377
15 1184
19 1362
28 1494
10 1060
27 1225
19 1342
23 1426
26 1469
21 1024
10 1369
15 1162
28 1188
19 1378
15 1041
23 1187
21 1302
14 1357
18 1441
11 1390
11 1497
11 1269
19 1483
24 1103
20 1220
21 1121
20 1282
20 1477
12 1119
28 1036
24 1334
10 1249
18 1245
13 1111
27 1204
12 1290
25 1298
26 1030
18 1424
27 1066
23 1254
16 1447
11 1254
10 1197
14 1008
14 1156
27 1399
10 1141
19 1045
17 1022
17 1038
18 1387
19 1427
12 1251
26 1002
22 1338
16 1469
27 1247
12 1411
17 1347
23 1447
20 1118
13 1115
22 1168
10 1045
22 1339
10 1126
20 1402
26 1411
23 1433
15 1113
10 1356
17 1352
27 1163
29 1345
28 1463
16 1227
17 1319
12 1341
26 1140
25 1481
12 1039
14 1399
25 1188
12 1077
23 1480
18 1443
17 1295
24 1109
29 1475
19 1161
28 1017
22 1140
25 1252
29 1065
13 1358
19 1194
28 1463
23 1126
24 1002
13 1478
21 1046
20 1154
22 1068
19 1285
23 1219
21 1411
15 1468
21 1419
26 1206
20 1167
16 1133
15 1387
14 1313
20 1400
25 1127
22 1272
11 1020
25 1180
23 1190
16 1212
11 1452
17 1006
17 1170
13 1363
13 1311
29 1101
22 1232
26 1293
28 1106
13 1259
23 1299
19 1443
10 1350
18 1273
10 1374
19 1113
18 1153
23 1421
13 1363
26 1137
27 1359
23 1236
21 1187
22 1039
19 1463
27 1292
16 1460
23 1458
20 1242
22 1200
19 1443
20 1014
20 1274
14 1408
16 1245
22 1338
21 1453
11 1494
25 1140
21 1027
28 1327
18 1204
22 1221
12 1207
18 1124
11 1380
10 1091
26 1252
18 1439
16 1337
15 1211
27 1289
21 1141
11 1036
18 1253
17 1134
19 1255
23 1232
10 1046
26 1095
29 1120
22 1462
23 1370
15 1197
23 1497
17 1273
29 1281
14 1124
28 1147
26 1417
11 1058
10 1024
25 1080
14 1482
13 1455
15 1189
16 1183
16 1126
18 1106
25 1409
17 1049
20 1103
12 1042
17 1433
11 1303
26 1243
20 1026
13 1080
15 1179
15 1154
27 1206
26 1330
26 1335
18 1083
13 1247
29 1349
14 1028
11 1132
10 1148
23 1178
12 1150
20 1315
22 1427
19 1144
25 1183
29 1325
24 1350
26 1315
27 1489
26 1273
22 1288
22 1281
29 1148
16 1043
21 1440
27 1100
17 1335
14 1358
21 1133
21 1043
14 1336
16 1458
22 1106
21 1130
11 1133
13 1208
16 1136
14 1185
16 1074
11 1412
22 1469
15 1472
19 1446
26 1482
22 1220
10 1101
16 1303
14 1303
28 1113
18 1472
15 1186
23 1287
16 1256
15 1415
11 1142
15 1470
22 1170
11 1199
18 1078
29 1055
11 1172
15 1190
19 1049
26 1487
21 1184
25 1343
23 1180
19 1462
20 1183
16 1048
15 1437
19 1415
20 1265
24 1141
10 1055
20 1124
10 1342
23 1478
29 1259
24 1387
13 1073
21 1377
27 1441
25 1055
28 1123
27 1337
11 1415
14 1339
27 1207
22 1248
17 1116
10 1201
22 1432
19 1089
23 1140
18 1312
20 1051
23 1033
28 1115
20 1452
14 1148
18 1387
16 1300
18 1345
12 1447
25 1040
14 1047
17 1008
19 1101
26 1434
12 1421
10 1457
13 1310
11 1429
18 1484
24 1212
24 1342
26 1185
25 1489
14 1118
11 1351
28 1276
23 1423
19 1129
13 1219
23 1156
22 1292
25 1128
24 1091
28 1087
12 1230
25 1192
18 1449
16 1454
12 1008
27 1187
26 1165
10 1170
18 1189
14 1354
25 1202
17 1308
26 1409
26 1221
29 1350
26 1370
23 1024
17 1443
16 1431
13 1021
27 1272
28 1106
10 1316
19 1246
10 1270
26 1402
26 1031
26 1377
11 1010
14 1088
10 1018
24 1332
22 1029
12 1194
28 1011
18 1131
26 1375
26 1259
28 1134
28 1050
20 1275
14 1178
14 1108
10 1251
27 1449
15 1393
28 1150
16 1145
10 1474
21 1462
25 1363
12 1286
13 1242
12 1205
24 1397
22 1381
25 1148
25 1028
12 1429
19 1178
25 1007
23 1436
11 1185
29 1092
20 1017
15 1244
25 1482
23 1247
18 1417
10 1055
19 1065
23 1298
24 1315
25 1400
12 1417
19 1104
11 1088
16 1142
26 1103
12 1253
20 1445
26 1152
11 1149
14 1327
24 1339
23 1111
29 1260
28 1241
16 1438
21 1313
13 1101
21 1348
23 1194
28 1166
14 1478
16 1130
17 1329
22 1156
23 1188
25 1469
29 1343
20 1143
18 1303
15 1383
13 1329
16 1220
24 1056
17 1152
27 1363
25 1370
25 1223
22 1422
28 1408
22 1202
27 1350
21 1008
24 1476
12 1028
20 1408
26 1224
20 1147
23 1047
17 1429
10 1258
23 1141
23 1115
10 1008
11 1496
28 1453
22 1222
26 1147
20 1049
24 1482
12 1008
27 1408
10 1256
17 1268
16 1285
21 1413
13 1480
19 1402
10 1374
16 1145
10 1407
10 1055
16 1208
28 1274
16 1193
22 1473
24 1039
17 1180
11 1346
21 1391
26 1089
28 1298
13 1390
11 1069
25 1213
24 1072
25 1233
27 1069
13 1295
24 1004
14 1329
26 1360
17 1206
25 1163
15 1460
14 1002
25 1173
19 1406
26 1470
21 1113
12 1471
29 1043
10 1214
18 1025
12 1147
13 1325
25 1443
12 1389
13 1138
19 1106
10 1096
26 1057
24 1284
29 1300
19 1488
24 1417
16 1159
19 1108
15 1274
18 1382
14 1288
25 1225
14 1416
20 1344
15 1058
12 1082
21 1261
15 1223
24 1454
13 1320
26 1148
17 1076
19 1115
28 1180
12 1185
17 1363
14 1273
10 1301
10 1152
21 1296
17 1383
18 1029
18 1235
27 1427
16 1003
20 1065
23 1244
13 1120
26 1423
13 1240
11 1398
10 1090
23 1173
15 1240
22 1424
12 1455
28 1226
18 1244
12 1057
29 1086
26 1065
13 1178
27 1184
12 1082
10 1384
20 1034
17 1321
28 1241
10 1396
23 1367
11 1471
28 1038
24 1077
13 1022
27 1251
28 1404
19 1060
29 1046
11 1359
20 1482
21 1131
25 1319
25 1152
11 1234
16 1116
16 1343
16 1472
19 1330
22 1314
26 1056
29 1098
18 1075
12 1002
17 1377
22 1483
27 1313
16 1410
25 1429
28 1184
17 1065
12 1485
28 1468
10 1335
28 1407
12 1258
21 1247
13 1268
29 1229
28 1420
18 1074
17 1383
24 1432
11 1351
26 1425
29 1229
11 1200
24 1085
14 1445
16 1123
23 1132
23 1336
12 1040
29 1032
11 1495
17 1436
22 1116
29 1379
27 1193
27 1014
10 1255
14 1265
13 1218
11 1225
25 1455
21 1057
18 1282
26 1048
28 1032
22 1408
25 1491
14 1499
19 1374
15 1496
27 1175
21 1221
18 1026
14 1350
17 1175
14 1289
11 1313
25 1134
16 1340
10 1415
25 1470
14 1191
20 1494
11 1236
28 1084
24 1311
11 1381
27 1145
25 1477
13 1390
10 1190
27 1347
12 1356
22 1133
15 1126
11 1132
25 1149
15 1210
25 1389
21 1095
11 1365
26 1370
28 1294
16 1231
24 1163
22 1373
19 1137
26 1000
27 1094
28 1455
22 1284
11 1373
12 1027
21 1319
23 1261
22 1451
27 1169
21 1331
28 1356
12 1348
15 1439
11 1305
23 1165
23 1003
29 1494
20 1303
10 1005
15 1276
18 1226
20 1236
23 1227
12 1316
26 1199
10 1403
27 1299
19 1213
20 1079
17 1272
28 1301
14 1431
11 1143
14 1035
17 1100
26 1221
15 1494
16 1171
10 1375
25 1046
21 1126
14 1469
14 1022
18 1466
25 1463
10 1480
15 1382
15 1172
20 1065
19 1394
10 1288
16 1188
24 1239
24 1455
14 1442
10 1431
13 1469
17 1244
12 1194
23 1453
22 1488
27 1293
25 1417
14 1268
28 1203
19 1294
25 1091
13 1127
19 1455
23 1367
21 1317
28 1135
19 1272
25 1293
23 1421
28 1089
11 1488
12 1325
23 1250
14 1483
24 1250
21 1448
13 1468
14 1453
24 1446
20 1035
20 1389
27 1133
20 1344
13 1300
13 1385
20 1072
17 1226
25 1441
24 1254
28 1110
19 1020
23 1128
24 1213
26 1149
18 1242
12 1218
23 1129
18 1287
29 1123
27 1158
29 1353
13 1017
14 1081
26 1264
26 1078
27 1022
22 1071
16 1052
12 1065
26 1350
15 1338
20 1267
19 1497
29 1311
17 1336
28 1271
26 1433
21 1105
25 1268
18 1041
25 1204
22 1249
15 1455
22 1004
25 1344
24 1004
19 1252
12 1304
28 1041
12 1251
29 1059
16 1008
28 1379
22 1066
14 1036
16 1382
22 1070
20 1346
12 1339
21 1100
16 1189
17 1441
20 1224
19 1111
20 1416
19 1095
12 1226
23 1214
21 1097
18 1006
18 1157
17 1279
26 1070
15 1336
27 1356
25 1011
27 1265
13 1099
17 1324
10 1483
24 1332
17 1202
29 1093
12 1075
14 1341
29 1233
11 1086
28 1305
23 1431
13 1256
15 1185
26 1230
21 1202
15 1068
10 1022
13 1225
12 1207
25 1331
27 1284
11 1062
29 1344
10 1283
25 1449
11 1331
22 1025
17 1080
12 1270
13 1235
28 1486
21 1487
12 1056
25 1353
23 1213
14 1095
25 1276
28 1341
11 1363
21 1415
16 1414
12 1429
23 1465
29 1047
11 1422
12 1435
19 1063
16 1448
25 1003
19 1395
15 1284
11 1257
17 1464
23 1149
23 1174
20 1114
22 1406
10 1159
16 1024
16 1085
16 1046
28 1231
14 1471
17 1112
19 1440
27 1132
28 1245
29 1305
21 1128
21 1199
24 1366
24 1288
11 1105
20 1262
13 1489
25 1461
13 1178
17 1353
24 1468
14 1420
27 1353
29 1475
22 1099
16 1114
25 1477
14 1345
15 1459
15 1142
27 1488
18 1187
18 1211
18 1406
13 1483
15 1149
10 1121
25 1300
24 1392
14 1420
21 1382
23 1050
23 1313
12 1369
14 1077
29 1441
29 1044
17 1219
20 1269
26 1421
15 1048
16 1218
26 1360
25 1363
12 1286
11 1067
28 1457
15 1136
29 1067
14 1339
13 1074
22 1293
11 1132
10 1460
26 1435
23 1375
16 1392
28 1159
10 1454
11 1451
10 1039
17 1127
11 1295
28 1439
25 1329
12 1082
14 1309
17 1490
13 1000
23 1063
17 1417
13 1341
12 1009
13 1462
11 1496
24 1347
28 1343
18 1420
19 1483
18 1320
24 1214
16 1489
21 1080
18 1059
18 1451
18 1199
24 1081
16 1377
12 1329
23 1034
22 1181
28 1127
27 1497
23 1367
19 1401
10 1490
28 1062
15 1168
14 1263
18 1299
26 1033
13 1126
22 1147
14 1191
26 1281
29 1379
17 1355
29 1017
11 1156
14 1440
12 1380
29 1069
28 1041
21 1143
29 1164
22 1190
15 1267
26 1479
19 1120
12 1037
24 1121
13 1449
22 1143
15 1352
26 1046
26 1207
21 1474
25 1397
18 1028
10 1275
28 1306
11 1154
25 1031
13 1366
17 1053
19 1119
19 1434
13 1139
10 1291
21 1157
10 1300
24 1190
25 1191
26 1152
19 1277
18 1406
24 1456
19 1469
15 1296
25 1319
27 1426
22 1428
15 1343
18 1097
11 1189
20 1051
21 1077
19 1041
27 1286
28 1234
10 1368
15 1094
27 1172
14 1368
15 1023
19 1070
23 1453
19 1190
26 1396
12 1265
28 1260
25 1038
21 1272
10 1180
27 1016
25 1481
21 1316
24 1444
19 1224
19 1187
17 1224
22 1352
25 1395
17 1457
20 1352
11 1331
24 1263
29 1021
25 1034
21 1315
24 1497
20 1471
22 1098
14 1114
10 1291
22 1274
10 1010
23 1442
21 1267
23 1458
15 1294
24 1408
29 1014
27 1399
14 1335
22 1459
17 1103
27 1412
13 1144
14 1435
12 1047
21 1217
17 1461
18 1108
28 1311
22 1227
24 1027
17 1164
19 1460
26 1271
26 1201
21 1172
21 1342
14 1253
21 1023
20 1102
15 1147
28 1488
27 1430
24 1148
16 1229
12 1089
21 1291
18 1132
16 1329
25 1301
25 1204
19 1481
23 1421
18 1212
17 1076
24 1098
21 1442
26 1233
29 1335
12 1319
14 1097
24 1103
13 1064
15 1348
26 1289
12 1218
12 1172
10 1437
16 1160
11 1204
28 1385
17 1451
16 1315
28 1202
10 1118
19 1426
20 1385
27 1113
15 1042
17 1460
28 1497
24 1040
16 1308
17 1461
19 1459
16 1247
18 1371
27 1068
19 1161
11 1485
11 1031
20 1457
26 1250
19 1070
25 1346
17 1042
24 1244
21 1011
16 1089
29 1397
25 1033
15 1096
22 1180
24 1479
11 1481
26 1179
21 1476
25 1466
22 1390
20 1016
15 1484
14 1059
28 1486
11 1490
18 1062
21 1180
16 1411
17 1300
16 1130
12 1158
13 1023
25 1498
25 1007
14 1035
23 1457
12 1382
26 1122
19 1365
18 1474
15 1319
24 1384
16 1373
11 1058
23 1412
23 1402
14 1004
27 1329
27 1449
17 1492
13 1242
12 1408
15 1045
21 1344
10 1261
19 1020
26 1253
19 1280
20 1237
19 1324
18 1346
25 1157
27 1221
27 1029
21 1022
12 1218
18 1142
21 1263
17 1469
21 1002
29 1181
10 1362
17 1493
13 1207
29 1409
11 1299
13 1200
21 1205
17 1344
28 1390
24 1208
22 1426
20 1260
20 1271
29 1145
22 1379
26 1234
26 1320
19 1458
19 1188
29 1457
16 1238
19 1026
24 1262
20 1000
23 1269
18 1117
19 1068
19 1085
16 1441
21 1129
16 1176
29 1448
20 1420
12 1356
13 1384
28 1226
21 1131
23 1210
22 1405
24 1141
17 1034
21 1232
12 1113
29 1344
25 1137
12 1007
13 1460
17 1081
15 1125
23 1064
23 1343
12 1253
27 1187
13 1472
11 1247
29 1302
13 1110
26 1021
16 1242
29 1238
21 1363
23 1401
11 1074
13 1297
11 1448
16 1479
28 1485
17 1038
15 1016
13 1144
29 1072
26 1490
21 1221
12 1062
19 1076
13 1156
27 1028
26 1393
22 1015
27 1248
19 1265
23 1287
20 1134