2750 5000
15 1402
18 1078
19 1408
23 1112
13 1463
18 1111
29 1463
22 1191
25 1237
29 1152
28 1289
24 1342
11 1219
24 1040
15 1216
26 1321
17 1311
22 1349
25 1483
22 1294
19 1137
26 1127
17 1066
19 1224
15 1152
22 1186
13 1490
21 1100
27 1412
15 1250
23 1199
21 1173
14 1072
23 1472
24 1244
26 1189
19 1338
12 1192
14 1174
14 1199
14 1401
11 1100
17 1090
11 1173
28 1369
26 1167
12 1433
17 1264
11 1072
10 1250
13 1172
15 1104
28 1356
28 1191
10 1009
24 1166
14 1244
26 1475
11 1038
21 1470
29 1172
16 1155
25 1496
23 1299
27 1426
13 1478
23 1442
27 1221
27 1489
17 1356
28 1361
27 1269
24 1285
22 1065
11 1141
12 1413
24 1229
29 1244
13 1147
13 1347
14 1493
15 1472
22 1193
23 1045
29 1453
28 1095
20 1474
23 1230
17 1042
15 1481
27 1414
24 1084
28 1098
26 1237
26 1410
24 1132
17 1211
18 1166
15 1090
16 1333
29 1024
12 1349
19 1453
13 1188
20 1079
29 1393
21 1320
10 1279
23 1157
14 1254
21 1218
20 1103
16 1010
25 1066
27 1006
27 1260
22 1473
14 1459
13 1398
26 1206
24 1434
20 1242
20 1021
18 1131
24 1285
15 1118
26 1279
13 1354
25 1152
27 1008
27 1487
24 1415
10 1007
22 1026
17 1426
28 1092
17 1122
14 1072
23 1155
19 1166
22 1153
24 1064
23 1428
13 1248
19 1058
12 1325
27 1383
12 1146
11 1358
23 1401
23 1399
23 1408
29 1093
23 1311
11 1224
22 1270
18 1193
21 1498
18 1027
14 1355
25 1327
25 1065
16 1232
15 1210
11 1258
13 1280
17 1194
19 1226
24 1331
28 1044
20 1372
14 1418
15 1063
23 1484
16 1290
10 1020
14 1064
12 1454
26 1392
14 1346
29 1210
14 1414
14 1329
25 1449
15 1184
26 1376
20 1223
24 1247
14 1273
10 1431
17 1154
18 1289
26 1038
28 1139
15 1176
16 1245
14 1273
26 1227
25 1286
10 1352
28 1391
24 1257
13 1417
23 1420
27 1408
19 1056
27 1389
21 1096
10 1192
14 1455
18 1270
10 1470
20 1104
11 1017
25 1070
14 1004
18 1260
20 1415
25 1230
12 1344
11 1101
17 1155
12 1254
15 1207
22 1397
28 1289
18 1091
28 1307
12 1405
19 1351
15 1397
19 1409
22 1073
24 1320
14 1221
27 1456
22 1431
16 1402
20 1326
18 1195
25 1357
15 1189
27 1477
24 1145
17 1127
26 1086
22 1460
11 1007
19 1365
26 1341
14 1289
16 1214
18 1388
22 1276
15 1287
12 1482
17 1193
20 1151
28 1454
29 1083
27 1356
19 1387
13 1051
20 1347
20 1267
22 1029
21 1201
28 1345
22 1298
13 1459
16 1359
19 1003
24 1188
27 1189
12 1342
27 1098
21 1409
14 1468
28 1412
18 1028
24 1108
16 1465
27 1420
19 1011
24 1113
12 1157
16 1140
17 1403
28 1407
21 1251
24 1442
27 1170
23 1309
11 1440
19 1116
23 1200
23 1198
13 1462
21 1376
10 1136
17 1436
27 1320
28 1103
29 1239
28 1336
15 1294
12 1041
22 1091
28 1010
29 1352
10 1288
22 1050
29 1026
20 1360
21 1394
16 1121
14 1483
17 1224
18 1369
19 1264
22 1199
22 1117
10 1021
13 1103
17 1401
23 1020
19 1135
13 1368
26 1408
10 1194
17 1385
16 1080
23 1216
26 1487
15 1159
22 1438
20 1393
28 1127
11 1432
18 1028
21 1109
29 1322
21 1226
29 1083
14 1023
29 1448
22 1472
25 1332
15 1387
22 1034
21 1002
27 1286
15 1412
15 1487
14 1437
12 1347
28 1273
21 1026
17 1071
14 1253
23 1078
29 1092
22 1453
26 1486
27 1443
13 1226
17 1280
10 1397
17 1041
28 1380
24 1276
25 1210
18 1401
14 1236
21 1088
19 1359
22 1403
18 1425
11 1343
29 1470
10 1180
21 1439
25 1170
20 1377
24 1355
23 1312
10 1313
15 1120
20 1347
28 1038
28 1297
10 1435
15 1245
13 1103
18 1448
14 1418
20 1250
20 1408
26 1118
24 1231
10 1199
24 1018
10 1470
28 1018
14 1462
29 1250
23 1104
26 1018
10 1410
25 1327
10 1075
14 1005
21 1379
24 1389
26 1024
12 1164
13 1049
27 1033
12 1401
16 1331
19 1046
16 1341
15 1457
16 1242
14 1077
28 1377
24 1473
19 1285
13 1436
22 1333
25 1444
13 1335
25 1387
16 1438
12 1426
24 1234
18 1287
11 1212
14 1456
26 1118
20 1389
26 1470
13 1125
14 1200
19 1345
17 1126
21 1443
16 1107
10 1421
26 1273
13 1440
22 1447
15 1252
27 1299
28 1208
14 1232
22 1328
11 1109
21 1357
27 1240
27 1281
26 1081
12 1030
18 1129
18 1399
24 1423
23 1196
20 1473
23 1141
14 1468
26 1227
17 1371
19 1334
27 1045
20 1466
13 1140
27 1038
19 1061
11 1465
14 1251
10 1099
15 1374
10 1369
29 1122
12 1095
18 1299
28 1324
24 1102
14 1360
28 1136
24 1347
20 1147
16 1466
21 1041
26 1406
19 1339
12 1139
22 1468
25 1227
13 1218
15 1329
20 1190
22 1319
27 1150
20 1402
13 1201
15 1216
29 1188
28 1027
13 1298
13 1035
23 1418
16 1049
13 1046
17 1421
18 1177
17 1127
19 1164
29 1386
21 1385
26 1048
13 1461
29 1203
24 1167
23 1401
15 1327
10 1403
27 1496
16 1409
25 1492
13 1120
10 1290
17 1207
11 1145
16 1226
14 1294
12 1221
24 1191
16 1441
28 1024
28 1324
16 1369
15 1206
13 1148
28 1416
24 1138
24 1385
15 1465
11 1239
26 1017
27 1437
13 1469
20 1406
21 1272
20 1057
10 1406
24 1347
17 1465
13 1147
11 1284
25 1101
25 1458
10 1138
18 1467
22 1265
21 1169
19 1423
25 1013
25 1112
10 1154
24 1122
23 1065
20 1080
25 1329
22 1384
17 1324
28 1131
20 1245
19 1079
17 1488
16 1010
19 1110
28 1377
20 1274
26 1201
18 1497
15 1287
29 1276
22 1411
17 1002
22 1121
19 1440
13 1115
23 1431
24 1168
17 1361
18 1127
24 1118
10 1112
19 1316
14 1346
22 1308
20 1494
18 1276
29 1002
14 1105
20 1368
27 1383
26 1090
15 1419
23 1321
19 1340
16 1395
18 1259
19 1415
25 1292
28 1426
13 1269
10 1120
17 1373
16 1340
14 1049
22 1006
20 1320
28 1424
29 1035
10 1444
23 1049
27 1387
28 1452
16 1187
12 1136
27 1484
16 1468
11 1024
16 1112
13 1000
29 1145
29 1104
19 1410
22 1212
23 1429
25 1466
19 1358
20 1291
24 1125
19 1013
26 1334
23 1088
29 1163
14 1051
16 1101
22 1416
20 1287
26 1378
18 1444
24 1335
28 1272
11 1453
16 1149
26 1491
23 1041
15 1480
21 1158
24 1392
10 1166
11 1481
29 1027
21 1393
24 1362
28 1217
25 1272
26 1268
29 1308
27 1104
20 1450
16 1236
12 1172
12 1195
28 1395
29 1043
13 1468
20 1341
24 1270
18 1051
18 1375
20 1367
10 1485
13 1276
18 1239
13 1356
12 1202
17 1089
16 1230
14 1400
24 1122
17 1078
23 1278
24 1344
29 1422
24 1222
29 1238
26 1048
21 1031
28 1025
24 1380
15 1074
22 1202
13 1407
27 1030
27 1058
10 1068
22 1005
15 1038
13 1020
11 1347
13 1400
21 1455
24 1471
11 1246
11 1087
14 1470
11 1001
18 1240
18 1488
15 1008
22 1353
16 1002
21 1492
18 1174
26 1495
29 1202
20 1338
16 1348
24 1111
21 1103
11 1334
10 1304
20 1233
11 1086
16 1292
25 1312
11 1125
25 1470
11 1300
26 1359
28 1177
27 1028
17 1463
20 1452
18 1449
29 1156
10 1390
24 1037
10 1365
11 1186
25 1487
27 1258
29 1101
21 1422
12 1280
28 1098
12 1306
13 1464
20 1047
18 1391
14 1403
11 1290
25 1028
17 1047
26 1130
21 1255
12 1433
27 1459
25 1234
20 1413
13 1464
22 1072
23 1186
25 1136
28 1307
17 1006
21 1442
13 1172
28 1272
12 1367
22 1275
12 1428
29 1194
23 1468
16 1087
13 1330
17 1205
19 1399
21 1341
29 1376
11 1124
24 1255
27 1456
10 1256
13 1028
29 1480
14 1186
22 1385
23 1358
24 1292
17 1357
16 1396
27 1476
27 1251
10 1223
27 1449
11 1323
11 1375
10 1244
19 1104
21 1377
17 1318
15 1109
29 1491
23 1076
23 1180
16 1135
19 1006
20 1301
29 1380
29 1130
27 1477
14 1494
17 1184
13 1432
28 1447
14 1096
28 1245
23 1324
11 1138
13 1006
13 1328
11 1182
24 1419
29 1383
11 1082
10 1448
23 1180
18 1442
22 1478
16 1470
18 1186
10 1143
29 1093
28 1442
21 1145
22 1258
19 1111
22 1258
21 1181
13 1311
26 1208
14 1106
18 1227
13 1309
29 1209
23 1158
26 1332
22 1488
15 1387
14 1319
27 1437
16 1382
18 1264
17 1088
28 1109
29 1099
26 1124
25 1165
16 1226
16 1270
12 1400
12 1059
20 1368
16 1328
21 1414
27 1156
11 1141
25 1050
16 1297
22 1274
21 1200
14 1032
14 1423
21 1047
27 1169
29 1322
28 1381
27 1344
27 1413
18 1484
15 1041
17 1247
19 1347
28 1044
26 1249
29 1177
27 1163
29 1272
15 1328
22 1003
18 1245
18 1199
14 1026
22 1134
20 1164
24 1322
11 1022
10 1311
23 1066
29 1330
20 1473
20 1020
26 1458
27 1202
15 1237
26 1415
20 1072
16 1400
26 1496
25 1004
23 1344
11 1076
25 1281
21 1085
26 1176
26 1357
13 1245
27 1365
14 1166
27 1055
25 1398
11 1154
13 1140
17 1291
23 1236
13 1191
25 1107
27 1271
18 1316
10 1126
10 1076
25 1028
16 1278
24 1063
25 1120
23 1416
20 1085
17 1437
22 1437
10 1044
13 1241
15 1291
27 1143
12 1481
29 1326
11 1366
20 1347
15 1386
13 1275
20 1030
28 1029
18 1368
26 1436
17 1479
13 1334
29 1082
29 1428
18 1044
21 1234
26 1209
13 1435
18 1162
18 1384
24 1074
23 1290
28 1123
15 1035
10 1226
26 1077
22 1324
21 1357
22 1180
16 1061
17 1288
17 1063
16 1463
24 1464
14 1259
18 1445
19 1289
25 1353
11 1428
11 1489
26 1201
25 1398
21 1208
21 1365
24 1396
25 1140
13 1151
22 1352
21 1349
23 1179
19 1237
21 1177
13 1181
20 1160
17 1337
29 1278
22 1483
29 1110
12 1442
28 1042
28 1426
19 1031
18 1465
12 1395
13 1316
11 1480
14 1095
12 1166
22 1361
12 1071
26 1189
13 1307
12 1185
13 1208
24 1330
20 1117
14 1409
11 1465
15 1248
11 1060
14 1277
29 1422
13 1365
24 1036
22 1219
15 1475
29 1016
20 1009
14 1207
22 1195
26 1288
18 1071
27 1379
22 1343
21 1113
14 1309
13 1452
20 1040
11 1250
25 1330
15 1020
16 1349
27 1047
26 1208
25 1175
17 1300
19 1025
29 1413
26 1334
14 1071
15 1172
10 1026
12 1209
12 1065
26 1224
20 1484
20 1356
24 1108
28 1201
29 1145
25 1039
22 1400
19 1320
22 1071
18 1115
21 1299
21 1250
14 1205
15 1472
15 1109
18 1460
15 1108
11 1211
21 1242
12 1250
23 1205
12 1115
21 1488
22 1013
19 1049
19 1011
23 1218
24 1328
10 1329
17 1192
16 1258
15 1211
27 1444
10 1054
21 1231
12 1311
21 1260
24 1034
22 1079
28 1077
26 1085
16 1469
15 1299
17 1376
13 1049
21 1017
27 1489
11 1310
29 1141
26 1356
28 1260
24 1340
12 1290
25 1298
19 1009
29 1102
13 1231
26 1043
17 1289
16 1207
13 1404
27 1428
17 1495
21 1466
23 1029
16 1267
23 1036
23 1267
26 1229
25 1464
27 1233
10 1245
29 1413
14 1300
22 1351
13 1314
24 1470
10 1497
26 1139
27 1010
10 1430
27 1165
23 1300
26 1096
17 1158
29 1227
17 1432
22 1330
15 1272
17 1494
27 1195
20 1383
22 1092
14 1136
28 1371
27 1345
23 1457
16 1237
14 1051
15 1421
18 1191
21 1117
11 1154
29 1416
13 1354
10 1241
11 1263
22 1043
20 1442
22 1092
15 1103
13 1416
19 1108
24 1435
27 1030
21 1060
29 1248
16 1178
14 1319
19 1183
12 1016
24 1314
19 1306
12 1053
22 1100
27 1132
24 1223
11 1276
12 1054
14 1113
11 1437
22 1149
14 1325
23 1438
11 1268
13 1148
12 1264
29 1497
18 1446
28 1188
10 1383
29 1419
23 1272
29 1023
18 1134
18 1213
12 1038
21 1408
29 1097
18 1222
16 1361
27 1125
14 1146
17 1262
28 1294
13 1337
23 1098
21 1092
21 1469
23 1013
18 1452
24 1130
10 1233
13 1453
28 1205
28 1445
27 1382
13 1499
13 1252
16 1128
19 1423
28 1477
18 1361
29 1443
17 1002
14 1132
20 1118
27 1060
21 1255
20 1260
23 1065
28 1120
14 1448
29 1103
17 1067
23 1443
18 1086
11 1054
19 1496
19 1061
17 1012
15 1149
15 1307
20 1068
23 1133
20 1410
16 1329
26 1128
21 1440
19 1276
25 1446
22 1261
25 1331
26 1453
16 1235
22 1341
29 1049
28 1162
10 1007
10 1211
14 1378
12 1258
24 1186
21 1361
24 1164
12 1258
28 1155
24 1139
15 1368
10 1240
29 1364
23 1262
16 1030
21 1298
22 1374
16 1439
12 1084
22 1382
17 1195
25 1479
10 1009
18 1485
10 1033
11 1412
21 1269
11 1304
29 1029
20 1116
19 1114
27 1164
24 1368
13 1026
11 1459
21 1184
28 1453
20 1067
15 1376
19 1095
17 1169
18 1030
27 1104
21 1355
19 1357
28 1076
22 1469
12 1280
14 1212
11 1457
15 1320
17 1471
23 1365
13 1006
18 1285
18 1376
21 1224
12 1341
20 1409
13 1176
13 1253
19 1132
27 1084
22 1340
26 1347
14 1223
17 1412
26 1136
23 1366
15 1277
21 1350
23 1157
20 1338
14 1140
27 1472
27 1394
27 1338
28 1044
26 1082
21 1332
16 1235
20 1495
28 1451
27 1146
21 1350
16 1428
17 1374
18 1058
22 1375
24 1285
23 1360
15 1267
21 1221
10 1140
27 1490
22 1393
27 1267
21 1246
24 1029
20 1318
21 1337
29 1071
13 1338
21 1318
22 1047
17 1392
15 1221
29 1094
26 1268
23 1269
17 1248
23 1391
29 1173
23 1458
19 1210
27 1053
14 1149
11 1139
21 1242
10 1468
19 1075
26 1492
12 1364
26 1150
20 1309
20 1421
12 1322
15 1396
13 1350
22 1289
20 1401
13 1129
19 1100
14 1469
12 1061
19 1406
23 1471
18 1376
19 1491
24 1204
21 1035
11 1155
16 1010
16 1370
17 1475
25 1450
23 1007
20 1499
12 1467
11 1055
19 1030
26 1392
10 1336
29 1158
17 1172
21 1185
14 1058
27 1382
14 1296
26 1431
27 1358
14 1096
21 1247
28 1333
21 1175
24 1082
11 1435
14 1160
21 1268
16 1372
14 1162
25 1484
12 1253
24 1336
18 1174
15 1447
18 1264
14 1011
20 1092
27 1106
25 1259
24 1345
10 1152
15 1430
23 1255
22 1289
12 1406
12 1360
23 1151
25 1131
10 1348
21 1317
23 1369
22 1279
26 1029
22 1323
19 1055
16 1441
14 1150
19 1225
15 1478
14 1484
16 1004
27 1148
20 1059
25 1207
12 1353
12 1309
23 1016
20 1011
11 1335
17 1216
17 1282
19 1309
16 1213
20 1329
28 1223
27 1315
16 1284
17 1472
12 1377
24 1093
23 1189
19 1214
10 1196
21 1025
14 1124
16 1267
14 1108
11 1186
11 1013
15 1457
22 1187
12 1435
28 1176
12 1220
20 1006
21 1277
20 1193
18 1120
21 1296
19 1099
28 1099
20 1450
13 1462
12 1263
14 1278
19 1036
23 1091
15 1229
16 1154
19 1479
10 1176
15 1184
28 1353
17 1122
27 1178
23 1442
28 1248
14 1233
12 1165
25 1177
17 1187
16 1414
15 1409
26 1364
17 1083
16 1083
25 1298
26 1389
12 1067
10 1164
16 1348
11 1375
11 1063
26 1155
17 1315
13 1220
11 1060
25 1443
20 1353
12 1474
24 1341
25 1418
17 1061
20 1141
15 1439
25 1341
25 1164
15 1235
17 1052
12 1065
24 1071
20 1130
15 1105
23 1240
17 1489
16 1368
16 1074
28 1062
22 1233
13 1273
28 1197
18 1003
28 1102
13 1405
15 1035
26 1256
22 1048
22 1068
13 1419
15 1373
13 1349
13 1262
18 1230
26 1164
24 1451
28 1110
28 1215
19 1299
24 1314
21 1127
13 1384
29 1394
23 1435
22 1333
20 1269
13 1004
16 1221
14 1254
21 1337
20 1309
16 1345
15 1360
13 1219
13 1136
15 1251
14 1455
16 1180
22 1139
15 1101
16 1249
24 1017
23 1413
27 1440
17 1279
23 1139
22 1253
29 1393
24 1463
17 1433
22 1363
18 1232
11 1003
23 1165
13 1058
27 1276
29 1441
19 1169
23 1363
17 1187
21 1184
23 1076
13 1212
29 1361
21 1080
24 1186
26 1412
24 1413
28 1159
16 1329
18 1400
13 1498
22 1192
23 1433
26 1118
12 1073
28 1420
27 1298
16 1197
22 1248
13 1156
29 1000
18 1122
12 1157
15 1001
12 1110
22 1089
24 1487
27 1463
29 1272
25 1116
18 1152
25 1120
24 1441
17 1340
26 1079
15 1275
15 1183
24 1027
26 1413
16 1009
15 1441
17 1326
29 1282
22 1059
18 1056
28 1067
19 1392
21 1135
11 1125
12 1161
28 1074
22 1450
26 1150
14 1349
16 1387
24 1302
29 1254
24 1267
12 1277
19 1264
16 1473
29 1184
15 1093
24 1107
24 1054
12 1113
27 1367
25 1299
16 1024
17 1481
13 1257
25 1434
18 1166
13 1375
29 1351
19 1130
17 1418
12 1158
13 1034
24 1394
16 1024
15 1393
11 1035
10 1148
28 1294
11 1083
29 1322
16 1168
20 1174
27 1463
14 1032
10 1016
20 1285
21 1005
24 1479
11 1200
26 1416
20 1065
13 1446
24 1216
10 1447
25 1089
16 1339
29 1243
26 1085
15 1476
24 1412
25 1033
29 1314
24 1108
14 1070
24 1493
15 1312
20 1407
23 1299
27 1439
16 1004
13 1431
23 1012
18 1361
20 1198
12 1210
10 1077
22 1367
14 1123
19 1464
19 1265
11 1187
17 1435
24 1216
13 1290
13 1260
21 1424
14 1480
11 1205
25 1347
11 1011
23 1452
15 1163
13 1006
21 1296
16 1328
13 1021
24 1165
18 1184
29 1228
24 1343
17 1424
29 1248
23 1029
25 1274
13 1126
17 1204
18 1118
16 1056
24 1062
24 1209
24 1133
27 1340
26 1038
17 1155
10 1432
22 1249
10 1340
13 1183
24 1338
17 1268
28 1469
14 1100
17 1077
27 1419
20 1291
25 1442
19 1158
20 1253
21 1093
17 1365
11 1317
27 1308
13 1087
20 1403
19 1149
27 1229
28 1026
13 1230
19 1407
20 1302
10 1354
10 1311
18 1133
20 1162
29 1073
12 1138
16 1216
25 1313
29 1322
21 1262
16 1378
19 1040
13 1059
24 1147
27 1376
24 1009
25 1481
28 1079
15 1046
20 1060
27 1091
23 1349
12 1451
23 1137
13 1309
26 1405
23 1475
23 1256
16 1117
25 1389
18 1085
25 1054
20 1061
14 1046
19 1217
15 1126
18 1494
26 1485
28 1249
13 1498
26 1376
10 1213
12 1304
27 1143
25 1403
27 1279
22 1038
21 1379
13 1386
12 1458
18 1426
12 1202
26 1439
17 1441
11 1253
15 1240
27 1396
11 1403
28 1286
22 1151
26 1210
13 1261
28 1443
22 1010
13 1156
22 1181
10 1269
14 1406
12 1043
22 1195
24 1116
22 1469
26 1283
22 1239
18 1341
16 1226
13 1278
16 1469
28 1399
28 1293
15 1167
14 1315
16 1412
22 1408
11 1189
25 1099
20 1254
28 1026
13 1342
13 1115
16 1076
11 1409
21 1423
28 1348
14 1222
11 1339
24 1048
19 1032
12 1270
19 1122
19 1423
14 1430
14 1489
15 1213
25 1388
11 1383
17 1086
23 1260
21 1104
14 1020
15 1418
10 1145
20 1307
11 1379
16 1091
22 1394
28 1193
24 1093
26 1449
24 1269
15 1345
14 1424
22 1005
24 1489
19 1027
22 1271
11 1482
14 1406
24 1314
22 1497
18 1492
10 1086
15 1152
19 1375
22 1393
29 1447
19 1399
26 1424
14 1202
25 1087
19 1244
10 1001
15 1477
22 1152
28 1280
24 1195
19 1029
15 1272
19 1084
25 1416
16 1301
19 1360
19 1381
28 1396
10 1135
23 1181
23 1419
16 1120
16 1384
10 1492
13 1083
25 1322
19 1469
14 1211
23 1140
25 1317
23 1300
23 1210
16 1160
26 1362
24 1248
23 1406
21 1255
18 1285
15 1432
14 1189
29 1212
18 1308
21 1367
29 1232
17 1396
17 1120
11 1348
20 1357
12 1275
29 1025
23 1468
25 1442
26 1348
28 1099
19 1353
24 1363
24 1064
20 1398
22 1060
24 1293
18 1363
26 1310
26 1289
27 1227
29 1247
26 1207
20 1173
27 1421
20 1027
16 1433
19 1229
28 1486
10 1345
24 1079
16 1371
19 1392
14 1066
18 1466
24 1499
15 1168
23 1240
24 1140
23 1183
15 1309
26 1204
12 1039
12 1397
29 1060
17 1279
12 1133
22 1241
13 1364
18 1463
16 1239
15 1099
25 1245
18 1171
28 1328
17 1009
17 1317
15 1384
12 1069
14 1403
25 1335
17 1387
10 1088
22 1079
20 1040
21 1475
17 1128
12 1302
23 1257
17 1491
24 1173
11 1172
22 1056
29 1425
24 1243
15 1398
17 1356
29 1397
26 1399
27 1223
26 1488
25 1489
19 1245
12 1091
20 1487
28 1071
28 1336
26 1296
27 1496
25 1033
10 1052
17 1133
24 1140
28 1451
16 1201
10 1157
27 1193
24 1085
22 1034
22 1175
29 1473
23 1160
12 1485
10 1284
26 1320
12 1163
22 1334
26 1316
12 1199
28 1095
25 1243
20 1123
18 1392
13 1283
21 1294
28 1353
19 1054
22 1029
13 1040
26 1285
16 1345
12 1363
14 1394
29 1435
12 1300
20 1034
15 1424
15 1239
29 1048
16 1221
14 1187
25 1343
16 1130
26 1004
23 1328
24 1491
23 1080
13 1216
21 1127
18 1186
25 1369
29 1090
26 1115
10 1418
17 1236
22 1391
12 1433
10 1097
28 1081
27 1109
26 1019
23 1324
21 1250
27 1140
14 1439
28 1195
28 1292
16 1087
23 1285
12 1349
29 1358
18 1317
26 1365
26 1416
21 1011
27 1103
20 1343
13 1326
26 1406
29 1074
17 1304
16 1373
22 1375
21 1190
14 1349
15 1450
25 1322
25 1230
19 1118
12 1429
19 1125
27 1440
16 1375
25 1248
26 1284
20 1252
19 1083
20 1294
29 1309
27 1463
10 1057
19 1203
24 1344
26 1442
27 1387
12 1196
26 1167
23 1025
10 1224
15 1494
27 1341
22 1026
29 1091
26 1003
19 1009
20 1358
26 1453
22 1040
10 1483
26 1119
23 1202
22 1268
14 1372
17 1338
23 1154
19 1481
23 1162
17 1314
11 1375
11 1295
22 1467
15 1340
22 1076
22 1437
17 1035
15 1433
23 1329
22 1314
18 1329
24 1372
11 1393
23 1083
13 1097
17 1419
16 1059
16 1340
18 1400
26 1138
14 1270
10 1475
25 1433
25 1359
17 1072
18 1448
15 1121
24 1441
28 1276
13 1290
10 1445
11 1176
18 1218
28 1228
24 1367
25 1157
27 1400
13 1070
22 1346
24 1140
18 1063
24 1267
16 1179
16 1304
10 1452
24 1079
11 1297
29 1411
13 1138
25 1441
17 1277
13 1089
22 1017
29 1393
22 1052
24 1193
25 1252
29 1419
11 1238
28 1381
10 1099
22 1162
17 1409
16 1216
17 1475
24 1028
22 1364
11 1065
20 1245
12 1142
12 1151
25 1496
21 1032
24 1189
14 1411
24 1432
22 1473
14 1252
17 1346
11 1025
17 1204
11 1330
28 1118
10 1431
13 1207
14 1298
24 1013
21 1399
26 1090
23 1499
17 1416
26 1282
25 1157
19 1193
13 1426
27 1264
16 1461
23 1243
10 1083
18 1024
11 1209
11 1265
24 1457
19 1208
21 1272
27 1467
15 1463
23 1362
16 1280
14 1485
22 1263
24 1482
10 1150
11 1194
14 1163
23 1209
14 1351
13 1251
24 1230
28 1394
18 1057
11 1380
26 1389
13 1461
15 1340
28 1499
11 1078
25 1316
14 1441
13 1419
13 1400
10 1437
27 1449
22 1151
27 1038
18 1042
17 1347
20 1103
17 1433
27 1217
26 1062
23 1441
26 1267
10 1260
22 1082
19 1203
24 1340
20 1222
17 1473
24 1192
23 1319
24 1453
16 1112
23 1022
26 1287
16 1222
25 1140
12 1486
26 1143
24 1371
12 1345
17 1491
22 1228
13 1134
17 1038
13 1145
25 1175
11 1474
29 1497
15 1093
13 1259
29 1245
26 1192
14 1125
18 1215
27 1379
13 1266
27 1179
19 1202
15 1461
22 1176
20 1074
25 1142
11 1121
16 1230
22 1263
21 1439
23 1426
12 1350
26 1285
10 1371
21 1179
12 1140
10 1468
24 1381
18 1398
28 1227
14 1466
10 1446
24 1369
17 1112
23 1359
23 1315
12 1241
28 1259
26 1400
23 1277
12 1245
28 1317
26 1284
19 1135
19 1404
12 1485
12 1253
25 1231
26 1201
13 1235
21 1426
18 1250
19 1024
24 1254
28 1171
25 1077
11 1156
26 1210
25 1295
18 1047
23 1043
26 1091
13 1140
16 1449
26 1215
28 1455
17 1370
17 1399
11 1098
15 1061
19 1193
24 1367
20 1268
19 1255
22 1255
21 1090
22 1442
21 1356
22 1109
26 1080
29 1234
11 1385
16 1035
29 1335
22 1332
18 1037
18 1484
13 1049
16 1200
10 1141
29 1336
15 1380
22 1448
24 1194
12 1227
12 1323
16 1323
15 1342
20 1465
12 1395
26 1364
25 1146
15 1428
23 1460
27 1366
28 1076
11 1275
26 1303
17 1259
16 1323
15 1072
17 1429
27 1353
15 1445
28 1120
19 1388
22 1146
20 1050
18 1056
27 1313
27 1253
11 1453
13 1368
13 1293
10 1081
17 1246
10 1194
15 1205
11 1102
25 1165
10 1412
19 1030
24 1358
28 1008
14 1284
23 1255
17 1196
24 1022
13 1350
19 1481
11 1168
13 1310
28 1291
28 1061
25 1097
29 1410
18 1243
25 1489
16 1422
26 1273
12 1053
17 1211
27 1193
22 1223
16 1114
27 1413
27 1187
29 1488
14 1278
11 1489
13 1416
22 1354
26 1084
15 1007
22 1275
22 1406
14 1442
20 1006
17 1261
22 1049
25 1250
11 1435
28 1122
18 1290
28 1289
13 1304
20 1064
15 1339
21 1412
27 1336
20 1377
28 1466
21 1205
15 1213
26 1499
24 1495
12 1479
24 1002
17 1089
29 1458
14 1376
24 1380
10 1044
18 1233
22 1460
20 1146
20 1444
27 1200
27 1266
10 1050
15 1245
18 1190
10 1369
24 1312
13 1144
23 1094
22 1038
14 1296
22 1362
15 1434
14 1369
16 1007
24 1100
22 1421
22 1374
20 1201
11 1273
23 1417
23 1021
20 1163
25 1141
11 1111
11 1479
24 1187
29 1067
28 1082
22 1093
15 1045
12 1006
19 1445
15 1380
22 1326
10 1472
14 1037
22 1108
26 1012
23 1041
23 1070
24 1247
20 1059
10 1007
26 1296
11 1193
14 1235
27 1131
24 1472
17 1155
22 1038
11 1042
29 1208
22 1455
17 1462
24 1117
17 1487
27 1308
24 1075
29 1380
22 1273
13 1226
20 1059
24 1234
26 1307
26 1350
15 1241
25 1091
25 1385
10 1495
14 1153
21 1337
15 1270
23 1284
13 1262
24 1493
11 1218
21 1036
25 1028
15 1284
21 1215
27 1037
24 1370
28 1226
13 1090
19 1140
21 1255
26 1040
15 1407
14 1309
15 1237
22 1239
25 1480
16 1314
10 1300
29 1116
18 1094
18 1004
19 1328
20 1081
13 1242
11 1450
12 1146
16 1292
25 1340
21 1388
29 1311
13 1157
23 1075
28 1354
12 1364
14 1208
23 1428
12 1260
10 1458
25 1361
17 1266
26 1031
29 1356
14 1476
29 1476
18 1190
29 1338
15 1358
15 1306
24 1239
21 1382
21 1203
22 1485
24 1097
16 1113
24 1246
23 1291
20 1426
14 1345
14 1447
20 1360
22 1073
13 1247
21 1250
11 1423
18 1262
28 1467
25 1131
29 1429
16 1336
11 1453
11 1304
15 1019
29 1146
21 1093
21 1303
18 1141
10 1154
18 1449
13 1249
19 1232