2900 5000
16 1016
13 1051
28 1273
22 1044
20 1332
26 1075
16 1154
18 1036
23 1089
18 1218
15 1365
21 1000
22 1213
28 1157
15 1123
29 1330
23 1356
24 1322
11 1333
16 1464
15 1111
29 1304
28 1137
21 1321
29 1077
27 1210
18 1306
25 1328
17 1126
26 1205
11 1232
22 1070
25 1243
13 1430
19 1138
18 1146
27 1448
22 1192
28 1428
13 1105
29 1130
19 1182
21 1198
25 1232
28 1394
12 1245
12 1432
20 1353
18 1442
27 1467
24 1485
14 1074
27 1065
18 1226
25 1113
27 1021
16 1390
23 1230
10 1331
29 1089
27 1166
28 1104
20 1221
14 1086
24 1199
24 1347
10 1289
12 1181
26 1127
26 1337
29 1032
27 1362
20 1020
25 1216
15 1266
10 1214
24 1278
28 1098
18 1333
11 1028
20 1482
18 1280
20 1486
13 1230
22 1450
12 1339
29 1119
13 1454
21 1346
24 1393
17 1098
22 1365
15 1113
10 1321
10 1307
27 1309
18 1293
24 1284
25 1390
26 1364
16 1376
19 1139
13 1087
27 1290
15 1423
13 1493
26 1172
11 1200
22 1210
20 1123
29 1246
13 1074
16 1498
29 1168
11 1008
16 1073
26 1198
22 1212
18 1328
24 1284
10 1425
26 1329
17 1069
14 1064
13 1259
13 1237
14 1231
28 1440
19 1344
14 1269
14 1198
21 1315
16 1479
18 1152
18 1263
23 1244
29 1460
22 1116
19 1185
25 1107
14 1164
28 1428
29 1253
22 1305
20 1038
13 1271
14 1284
12 1147
22 1496
20 1136
15 1414
21 1094
11 1082
20 1424
17 1415
13 1208
12 1017
17 1190
26 1258
13 1169
14 1148
13 1167
21 1212
23 1286
10 1155
17 1369
15 1318
12 1388
14 1376
22 1256
20 1102
23 1490
19 1119
17 1279
25 1076
25 1147
25 1024
23 1263
14 1219
18 1162
28 1332
18 1270
17 1446
19 1094
20 1344
21 1146
27 1293
11 1001
29 1457
21 1488
26 1402
22 1181
27 1456
23 1084
28 1325
23 1456
10 1412
11 1051
13 1154
26 1244
22 1159
27 1265
10 1404
11 1393
15 1081
16 1354
10 1288
29 1051
11 1246
14 1308
14 1467
27 1190
10 1215
27 1047
26 1172
22 1222
23 1023
22 1476
16 1258
14 1360
29 1008
18 1423
16 1365
19 1343
21 1268
27 1154
15 1109
10 1340
17 1087
28 1476
25 1125
14 1433
20 1127
28 1402
28 1454
22 1032
22 1093
20 1177
21 1282
28 1083
16 1350
24 1186
20 1156
19 1090
20 1174
21 1389
11 1406
22 1400
24 1211
23 1363
11 1496
13 1144
10 1095
20 1349
23 1174
16 1312
22 1370
22 1472
28 1409
26 1334
15 1244
27 1467
11 1483
14 1016
21 1003
16 1424
24 1226
13 1072
12 1228
17 1153
24 1308
21 1496
15 1142
25 1051
14 1329
20 1251
12 1054
15 1227
14 1373
23 1071
21 1076
18 1064
19 1154
12 1406
11 1448
16 1008
16 1260
27 1234
21 1147
18 1319
28 1246
27 1430
27 1275
14 1129
19 1361
11 1422
28 1093
27 1435
22 1213
22 1132
26 1431
23 1153
12 1143
17 1064
11 1148
28 1292
19 1117
24 1380
10 1248
12 1100
19 1083
23 1060
27 1046
21 1466
22 1229
29 1293
21 1169
23 1399
17 1093
13 1391
20 1112
10 1315
24 1156
21 1312
14 1286
12 1368
17 1485
14 1334
29 1252
17 1211
27 1215
21 1036
20 1092
16 1427
16 1406
21 1217
24 1236
26 1154
15 1103
20 1329
20 1388
21 1023
21 1347
17 1288
25 1475
27 1067
15 1337
22 1468
24 1213
16 1181
15 1158
27 1239
28 1220
23 1445
16 1490
15 1461
26 1064
29 1140
21 1243
16 1303
21 1103
18 1412
25 1120
29 1045
10 1328
14 1160
21 1293
25 1064
19 1432
24 1197
22 1099
14 1484
29 1397
22 1308
16 1383
29 1278
21 1015
27 1492
20 1024
16 1309
19 1112
22 1354
23 1299
11 1183
10 1040
29 1375
21 1411
26 1410
19 1081
24 1191
26 1431
21 1087
28 1399
24 1003
20 1307
25 1323
27 1261
26 1283
29 1333
27 1343
14 1156
12 1173
24 1250
17 1462
19 1135
25 1313
20 1371
11 1376
27 1324
19 1164
16 1383
21 1337
21 1145
16 1094
26 1277
27 1265
18 1435
15 1262
29 1405
22 1057
18 1000
14 1013
23 1041
22 1407
14 1179
20 1248
13 1386
25 1478
29 1398
14 1323
12 1291
24 1012
19 1207
16 1017
18 1318
10 1152
23 1487
19 1169
27 1150
25 1339
17 1477
17 1267
11 1238
15 1340
17 1477
26 1033
14 1485
18 1329
24 1086
25 1160
14 1427
11 1425
16 1231
26 1163
29 1076
17 1150
20 1415
23 1405
28 1265
10 1281
10 1400
25 1278
15 1370
20 1141
29 1292
14 1438
12 1162
10 1418
28 1329
10 1273
20 1317
18 1378
29 1355
13 1490
21 1322
16 1391
16 1286
13 1067
15 1213
21 1284
10 1276
16 1028
25 1404
27 1263
23 1496
13 1237
27 1249
24 1421
28 1258
17 1021
19 1339
12 1427
12 1178
20 1421
20 1016
11 1437
13 1367
10 1105
12 1461
25 1290
20 1296
26 1087
20 1274
15 1102
19 1167
19 1156
13 1166
21 1266
15 1477
17 1214
11 1419
26 1309
11 1236
15 1010
23 1011
26 1102
16 1237
22 1407
20 1260
29 1042
19 1305
15 1329
27 1092
28 1322
10 1194
12 1011
23 1129
13 1177
24 1432
21 1168
23 1117
19 1161
14 1356
15 1290
28 1469
11 1360
15 1046
22 1396
12 1120
21 1303
21 1198
24 1136
26 1304
18 1396
27 1062
29 1096
12 1229
20 1302
20 1199
17 1073
15 1154
20 1191
18 1289
20 1166
28 1021
17 1166
13 1109
20 1102
12 1380
10 1216
20 1208
18 1241
16 1278
29 1064
24 1333
23 1499
15 1442
24 1130
27 1499
16 1252
16 1045
15 1144
27 1493
26 1462
18 1129
13 1338
23 1129
24 1151
12 1387
15 1303
11 1439
17 1051
22 1303
21 1174
15 1137
18 1094
11 1116
15 1004
16 1301
20 1289
13 1259
25 1463
18 1443
17 1464
11 1151
27 1280
26 1216
29 1377
14 1268
10 1432
12 1342
24 1237
15 1231
24 1017
24 1188
12 1057
28 1453
16 1172
10 1417
21 1202
14 1307
26 1388
18 1159
16 1363
19 1149
13 1236
29 1220
17 1421
19 1185
28 1341
28 1051
29 1314
13 1471
12 1176
13 1202
13 1393
19 1021
22 1159
14 1257
29 1338
15 1248
20 1009
10 1403
23 1071
16 1404
18 1190
29 1363
22 1373
21 1411
11 1266
14 1497
25 1447
17 1221
24 1388
27 1294
11 1001
25 1407
14 1090
24 1255
17 1111
28 1158
14 1433
28 1255
24 1386
23 1399
14 1212
11 1073
27 1192
15 1037
23 1361
13 1191
18 1188
11 1149
12 1265
20 1059
17 1383
17 1392
12 1220
19 1488
19 1004
20 1302
11 1171
25 1038
28 1057
14 1304
14 1384
17 1414
16 1116
26 1153
17 1352
25 1151
15 1192
16 1374
12 1303
13 1495
19 1242
22 1140
24 1188
25 1292
10 1198
13 1422
19 1383
24 1147
10 1336
12 1025
13 1193
21 1335
14 1475
13 1306
15 1010
16 1139
17 1353
28 1166
19 1012
29 1237
24 1349
18 1202
23 1255
27 1439
13 1406
28 1088
14 1142
10 1296
16 1484
24 1336
14 1141
17 1351
10 1225
25 1071
24 1189
28 1167
14 1039
21 1136
27 1312
10 1328
18 1195
15 1093
11 1471
21 1218
23 1153
19 1210
16 1116
22 1310
19 1461
26 1291
26 1074
10 1232
21 1115
20 1409
12 1046
17 1369
22 1101
28 1353
26 1428
28 1065
14 1462
24 1401
26 1046
12 1046
29 1129
14 1277
25 1205
26 1333
28 1369
17 1399
29 1139
19 1090
28 1341
25 1413
16 1137
12 1018
24 1179
27 1224
27 1392
28 1209
17 1353
18 1240
11 1251
24 1337
20 1297
21 1479
17 1144
13 1421
14 1410
26 1103
21 1239
24 1364
16 1489
19 1366
29 1279
21 1443
25 1478
12 1258
29 1063
17 1440
24 1410
11 1217
12 1199
23 1090
10 1394
14 1296
15 1011
17 1243
21 1375
11 1022
15 1485
11 1087
27 1253
19 1262
29 1243
28 1060
13 1408
12 1300
20 1344
18 1484
12 1016
14 1104
12 1497
22 1201
18 1457
11 1004
20 1466
12 1185
20 1092
27 1261
24 1285
26 1362
18 1028
28 1482
11 1094
15 1305
29 1098
13 1494
20 1058
23 1291
14 1267
22 1332
14 1400
13 1440
25 1331
25 1476
15 1060
15 1380
10 1123
12 1030
10 1324
25 1273
20 1337
16 1139
23 1479
28 1136
14 1435
23 1297
29 1493
25 1032
28 1225
10 1093
11 1445
17 1000
14 1267
15 1222
16 1205
22 1353
28 1294
13 1049
28 1063
14 1034
24 1450
23 1092
27 1414
26 1102
28 1025
12 1310
19 1436
28 1360
27 1496
29 1129
22 1115
13 1044
28 1495
17 1398
24 1054
17 1138
15 1244
10 1230
19 1281
11 1255
21 1016
20 1072
11 1266
12 1295
13 1162
11 1481
17 1266
16 1068
23 1403
22 1112
12 1089
28 1250
14 1089
12 1236
23 1477
18 1223
10 1054
24 1231
19 1303
22 1317
20 1403
17 1118
21 1369
15 1315
15 1045
26 1329
24 1079
10 1167
20 1130
15 1060
21 1254
22 1257
29 1223
28 1030
10 1227
19 1287
13 1380
28 1456
23 1271
20 1462
26 1298
24 1192
22 1107
11 1275
18 1448
13 1183
18 1044
10 1434
14 1109
26 1482
11 1040
10 1054
23 1074
18 1236
23 1242
25 1366
29 1061
14 1108
22 1023
10 1416
10 1319
15 1143
23 1324
25 1429
21 1403
28 1489
27 1475
14 1066
25 1129
15 1397
25 1032
20 1467
13 1374
29 1324
24 1254
16 1319
23 1228
22 1443
28 1294
27 1257
21 1127
23 1293
26 1284
25 1453
14 1209
13 1437
13 1359
17 1341
17 1349
27 1326
20 1477
15 1365
10 1166
18 1450
27 1285
24 1215
23 1155
11 1237
13 1081
16 1230
23 1105
16 1125
20 1318
26 1373
13 1286
15 1488
10 1278
11 1348
27 1109
15 1254
27 1494
27 1423
13 1449
29 1318
23 1227
29 1388
16 1407
13 1013
14 1366
20 1122
25 1268
11 1006
29 1348
10 1202
19 1461
24 1412
13 1085
27 1116
23 1190
17 1004
20 1427
24 1305
21 1171
10 1075
22 1032
24 1353
19 1232
14 1293
14 1391
20 1145
18 1423
22 1458
12 1256
12 1213
23 1378
17 1348
15 1487
26 1266
16 1149
23 1242
25 1450
23 1060
17 1254
11 1479
13 1447
15 1011
26 1150
29 1431
11 1218
13 1273
27 1315
12 1288
27 1310
14 1271
25 1326
25 1259
24 1440
20 1466
16 1187
22 1276
13 1177
16 1145
17 1396
25 1487
17 1474
14 1447
18 1410
15 1105
20 1121
21 1330
18 1400
21 1428
10 1384
20 1225
19 1499
18 1424
27 1433
27 1379
21 1446
23 1450
23 1431
24 1313
19 1440
25 1302
26 1255
13 1162
10 1494
11 1240
22 1223
16 1307
16 1001
18 1050
10 1456
26 1226
11 1133
15 1098
29 1061
22 1331
18 1385
12 1076
23 1262
29 1148
20 1181
14 1282
25 1398
19 1088
11 1232
29 1163
29 1420
13 1240
27 1004
24 1470
23 1012
16 1070
24 1381
17 1138
25 1018
22 1474
28 1147
15 1400
12 1366
28 1288
23 1492
28 1409
11 1048
13 1208
25 1431
13 1439
21 1331
12 1129
18 1098
26 1144
18 1025
19 1193
25 1020
20 1105
22 1117
21 1286
17 1210
13 1254
12 1429
20 1140
18 1329
11 1052
28 1469
21 1459
13 1362
26 1152
13 1402
18 1346
11 1288
11 1293
22 1416
14 1186
14 1007
12 1364
19 1371
22 1445
12 1120
23 1409
18 1228
23 1249
22 1055
16 1008
28 1011
18 1481
19 1362
23 1211
11 1086
25 1366
16 1088
19 1373
15 1327
13 1191
23 1424
25 1328
27 1067
27 1457
28 1317
10 1454
28 1468
16 1166
12 1333
23 1497
28 1225
10 1097
23 1091
24 1268
11 1215
28 1395
24 1217
28 1441
13 1194
26 1388
26 1049
10 1198
14 1112
17 1129
23 1046
10 1438
14 1278
24 1128
18 1424
16 1441
20 1309
10 1237
26 1309
26 1282
17 1316
17 1224
19 1265
14 1432
20 1304
16 1097
23 1353
13 1265
22 1253
20 1410
11 1312
21 1115
29 1301
18 1198
28 1378
24 1226
14 1158
27 1042
22 1184
17 1095
24 1451
18 1354
22 1112
19 1188
13 1121
16 1007
10 1280
21 1414
11 1350
28 1364
29 1002
16 1075
21 1307
21 1147
14 1075
24 1331
22 1044
26 1142
12 1369
22 1377
18 1397
19 1070
22 1269
23 1078
17 1421
29 1206
19 1105
21 1403
15 1014
25 1382
16 1148
29 1423
17 1373
26 1203
17 1185
10 1343
20 1043
15 1349
25 1406
28 1251
18 1385
20 1471
11 1454
20 1298
19 1121
14 1289
23 1146
12 1295
26 1146
27 1151
20 1278
28 1335
17 1376
22 1486
28 1076
10 1358
24 1310
16 1294
21 1260
14 1239
26 1089
22 1077
16 1316
28 1244
12 1307
26 1439
14 1230
25 1066
22 1063
28 1288
29 1426
11 1243
18 1426
15 1207
12 1276
14 1102
11 1423
27 1148
22 1333
28 1142
27 1446
20 1411
27 1357
26 1368
12 1339
28 1108
14 1473
19 1262
21 1404
28 1485
16 1023
19 1053
21 1425
22 1174
29 1042
12 1463
28 1149
27 1237
11 1305
11 1158
22 1447
24 1077
17 1198
16 1315
17 1269
26 1084
29 1228
22 1367
29 1249
10 1167
11 1393
16 1306
28 1021
10 1002
14 1256
27 1229
10 1204
20 1307
22 1487
10 1480
20 1377
23 1418
24 1102
29 1321
16 1040
23 1036
13 1137
27 1094
19 1069
22 1425
28 1400
15 1467
20 1294
20 1465
22 1405
10 1017
22 1257
28 1178
18 1068
29 1126
28 1480
23 1423
17 1017
19 1164
23 1453
24 1054
12 1256
25 1044
26 1207
16 1308
18 1438
11 1432
10 1141
17 1000
22 1407
20 1149
28 1406
27 1446
17 1070
25 1329
27 1096
12 1404
24 1479
21 1356
16 1190
23 1042
22 1415
15 1291
10 1210
22 1438
27 1475
17 1064
10 1028
29 1220
11 1231
14 1002
11 1474
29 1111
15 1028
26 1179
12 1008
12 1202
29 1470
11 1444
15 1311
24 1205
21 1430
23 1029
26 1473
17 1024
15 1402
22 1062
17 1260
12 1335
12 1359
26 1020
26 1066
25 1148
23 1471
11 1102
28 1005
16 1146
21 1207
12 1499
15 1019
20 1284
15 1481
19 1055
14 1021
12 1334
13 1256
17 1360
26 1420
13 1113
12 1116
12 1006
21 1448
13 1102
26 1267
18 1246
13 1297
11 1411
24 1422
14 1433
23 1227
18 1325
29 1145
25 1320
17 1422
19 1102
20 1455
28 1152
11 1461
13 1181
26 1416
23 1403
15 1140
22 1403
15 1247
23 1185
27 1344
15 1253
29 1361
13 1013
25 1320
19 1197
29 1220
24 1236
25 1326
18 1468
27 1342
15 1008
20 1468
26 1138
16 1465
16 1490
22 1325
23 1300
24 1218
17 1398
22 1169
24 1124
27 1026
29 1240
20 1496
14 1016
21 1226
17 1404
17 1262
27 1489
25 1372
14 1193
17 1159
25 1444
14 1454
15 1054
14 1237
26 1082
24 1219
23 1040
15 1314
11 1266
17 1458
19 1386
17 1324
14 1267
17 1168
26 1212
10 1482
27 1225
22 1158
25 1304
16 1217
13 1343
17 1301
15 1119
22 1321
25 1249
29 1370
21 1080
16 1373
27 1015
20 1371
20 1049
24 1131
15 1460
23 1310
20 1355
11 1370
15 1218
26 1435
18 1285
25 1161
20 1200
29 1014
16 1478
11 1234
15 1425
10 1234
17 1239
16 1398
29 1063
17 1072
13 1244
10 1240
10 1367
20 1171
26 1374
25 1063
14 1027
20 1281
28 1231
14 1438
17 1362
17 1223
26 1076
25 1176
14 1367
17 1211
14 1230
27 1102
19 1329
26 1082
12 1045
13 1409
20 1480
17 1230
18 1130
17 1087
20 1095
25 1419
27 1134
20 1420
20 1027
26 1026
23 1178
12 1079
14 1188
17 1223
11 1108
20 1222
20 1295
24 1499
27 1374
20 1086
16 1109
28 1157
25 1494
19 1324
25 1104
27 1012
11 1265
15 1084
19 1315
21 1361
22 1190
16 1471
20 1350
14 1199
10 1181
19 1238
13 1247
28 1467
11 1485
24 1060
22 1137
25 1313
10 1495
26 1248
10 1269
25 1428
12 1163
22 1492
25 1456
23 1374
11 1268
28 1432
24 1033
27 1254
23 1260
20 1152
16 1241
16 1353
28 1495
24 1309
28 1304
14 1092
18 1253
28 1305
26 1466
21 1018
26 1102
15 1423
14 1059
28 1179
23 1163
23 1074
20 1021
29 1247
22 1311
19 1247
11 1266
27 1374
20 1357
27 1197
27 1340
26 1149
21 1237
16 1225
16 1143
23 1003
22 1458
16 1247
22 1381
28 1186
23 1480
13 1283
29 1027
14 1272
17 1127
24 1106
29 1006
13 1063
25 1495
29 1282
11 1450
19 1418
23 1192
21 1163
17 1204
25 1250
26 1316
18 1059
22 1329
20 1030
15 1460
26 1488
11 1356
28 1269
19 1152
21 1168
21 1110
12 1374
19 1117
13 1385
11 1281
28 1142
27 1087
19 1023
21 1439
24 1073
13 1090
26 1339
12 1404
14 1203
29 1247
28 1492
19 1204
19 1148
12 1054
10 1426
12 1273
26 1464
24 1001
14 1305
20 1221
29 1026
11 1225
12 1116
28 1198
29 1463
24 1159
20 1470
21 1401
12 1470
18 1071
16 1329
23 1075
26 1219
24 1321
26 1219
26 1067
26 1478
13 1086
19 1017
24 1468
29 1471
29 1318
10 1036
29 1366
19 1093
23 1106
14 1380
23 1105
13 1213
20 1105
28 1094
21 1358
17 1073
27 1406
24 1476
25 1386
20 1411
21 1354
27 1010
23 1174
16 1046
24 1296
15 1447
14 1475
17 1013
24 1498
16 1082
19 1272
27 1049
14 1303
16 1063
20 1370
12 1031
11 1011
19 1387
11 1327
22 1314
29 1347
17 1151
25 1399
11 1188
12 1097
12 1107
18 1428
12 1164
25 1387
12 1435
12 1122
24 1037
28 1183
22 1228
29 1448
28 1018
24 1440
21 1099
23 1116
27 1123
10 1343
28 1000
13 1337
10 1274
21 1223
15 1087
14 1155
25 1148
19 1151
22 1338
16 1095
10 1097
28 1045
12 1034
16 1499
29 1340
29 1128
22 1280
14 1003
27 1249
19 1252
18 1150
17 1124
14 1431
24 1042
24 1306
28 1371
24 1353
24 1038
13 1446
15 1074
13 1406
23 1149
25 1324
15 1145
26 1282
16 1162
10 1215
16 1391
26 1359
23 1104
25 1458
13 1178
21 1371
12 1087
10 1062
19 1249
15 1413
24 1228
11 1230
12 1119
14 1354
29 1297
29 1277
25 1107
24 1327
13 1454
13 1448
22 1154
18 1202
19 1241
10 1299
17 1000
22 1484
14 1199
15 1018
16 1169
13 1127
27 1438
15 1447
11 1068
14 1021
20 1369
21 1286
25 1092
17 1125
19 1179
15 1393
25 1124
13 1092
27 1491
15 1194
26 1224
25 1088
25 1285
13 1149
11 1200
24 1097
18 1123
19 1492
14 1154
20 1410
12 1498
21 1480
16 1141
24 1428
26 1415
10 1323
25 1398
25 1445
20 1448
16 1352
24 1165
24 1368
10 1176
19 1078
29 1251
23 1452
25 1057
10 1475
18 1217
19 1248
17 1313
14 1105
28 1325
12 1142
15 1208
12 1322
29 1404
15 1186
22 1203
13 1268
28 1096
21 1276
10 1205
10 1192
23 1022
18 1177
11 1301
26 1035
26 1329
15 1014
29 1451
22 1103
27 1470
27 1338
22 1327
23 1040
21 1485
29 1048
12 1372
15 1144
13 1246
27 1446
10 1168
12 1172
16 1125
29 1119
26 1360
24 1463
15 1067
28 1190
17 1472
12 1172
21 1281
29 1139
19 1199
27 1265
17 1146
19 1246
16 1448
25 1492
10 1354
16 1188
19 1402
13 1437
22 1362
16 1382
27 1056
29 1226
26 1300
17 1079
14 1424
10 1367
19 1255
11 1011
23 1210
21 1245
29 1474
25 1188
14 1216
15 1386
12 1386
21 1013
21 1080
17 1260
17 1176
20 1432
21 1406
27 1482
18 1407
22 1082
27 1064
29 1216
26 1437
17 1187
23 1046
25 1331
20 1483
27 1051
29 1378
24 1083
18 1274
21 1121
28 1459
25 1481
16 1299
19 1215
21 1316
22 1033
13 1169
10 1288
11 1123
13 1196
11 1475
15 1017
25 1055
26 1170
12 1212
28 1185
18 1302
20 1228
25 1150
20 1458
29 1088
27 1388
19 1342
13 1387
29 1491
24 1227
11 1288
29 1332
20 1072
26 1378
10 1102
24 1057
23 1059
17 1170
26 1330
15 1105
27 1346
25 1156
28 1057
13 1276
16 1424
23 1163
10 1063
18 1305
25 1042
14 1266
15 1344
11 1192
21 1188
26 1144
21 1461
15 1496
11 1352
23 1384
19 1133
11 1353
15 1302
15 1494
10 1085
19 1155
15 1105
22 1472
23 1333
17 1437
18 1283
25 1082
19 1113
21 1145
26 1341
17 1260
16 1190
23 1251
29 1250
26 1215
24 1106
15 1488
19 1498
19 1194
17 1078
17 1256
12 1128
25 1077
21 1412
24 1165
15 1247
24 1408
29 1028
20 1070
18 1094
25 1372
21 1457
22 1433
28 1184
27 1049
11 1084
16 1182
20 1276
17 1128
16 1225
10 1302
29 1324
13 1087
24 1266
26 1173
21 1244
12 1364
20 1405
22 1195
19 1401
21 1423
25 1182
14 1446
11 1283
15 1139
29 1335
13 1351
15 1307
15 1481
24 1495
11 1325
10 1171
11 1472
26 1088
25 1261
23 1168
22 1285
14 1131
25 1354
18 1031
12 1171
16 1066
25 1400
19 1128
17 1045
23 1166
28 1163
18 1105
21 1230
19 1366
19 1292
23 1406
27 1163
16 1344
15 1105
26 1382
11 1461
11 1163
20 1285
24 1043
19 1143
24 1088
14 1183
20 1369
19 1005
21 1210
23 1064
13 1196
11 1426
22 1294
14 1284
13 1386
24 1080
22 1289
10 1190
22 1097
28 1418
17 1469
12 1043
19 1310
23 1158
28 1093
27 1437
12 1021
12 1486
21 1271
20 1376
17 1196
24 1265
20 1404
28 1073
19 1244
13 1413
20 1287
11 1229
29 1309
28 1017
19 1310
23 1310
12 1343
18 1398
14 1137
18 1422
15 1059
11 1182
23 1310
13 1093
26 1373
11 1297
10 1380
25 1440
15 1264
13 1376
12 1435
22 1041
19 1374
21 1059
11 1294
21 1304
25 1233
22 1278
10 1388
15 1416
24 1051
17 1248
11 1498
10 1475
16 1047
22 1432
15 1179
12 1204
15 1123
12 1187
23 1398
19 1344
25 1429
16 1020
29 1379
16 1272
23 1261
17 1452
17 1316
24 1065
11 1094
11 1131
18 1081
18 1025
16 1369
20 1106
16 1482
18 1407
28 1125
10 1387
28 1036
21 1303
18 1278
21 1454
17 1474
27 1250
21 1199
20 1481
17 1084
12 1152
28 1259
12 1071
16 1171
16 1470
16 1492
27 1329
29 1398
16 1433
20 1457
23 1193
14 1216
20 1439
21 1408
23 1352
22 1425
12 1402
10 1459
23 1483
16 1102
15 1007
24 1084
12 1398
25 1037
10 1246
25 1408
10 1269
19 1346
21 1336
27 1267
20 1107
11 1132
19 1112
25 1171
21 1204
20 1399
24 1056
13 1143
21 1017
12 1301
10 1054
19 1026
27 1105
18 1096
14 1384
11 1109
25 1347
25 1264
22 1034
20 1234
20 1458
23 1345
20 1243
13 1042
11 1181
11 1051
26 1395
20 1139
10 1103
12 1398
11 1447
28 1487
22 1416
22 1296
21 1126
13 1042
29 1317
11 1084
11 1148
20 1404
14 1293
10 1428
27 1060
18 1453
27 1379
25 1318
10 1007
21 1013
26 1098
19 1394
28 1108
19 1405
22 1458
12 1437
12 1402
29 1425
24 1026
28 1171
22 1120
20 1413
13 1468
22 1119
17 1456
23 1435
29 1081
25 1456
13 1259
22 1219
21 1241
29 1071
24 1213
28 1306
27 1421
10 1485
21 1132
26 1429
15 1063
10 1350
10 1412
28 1384
15 1142
26 1367
11 1074
15 1136
25 1419
11 1131
16 1345
24 1348
11 1459
19 1115
26 1152
20 1166
20 1271
14 1351
15 1488
13 1395
29 1292
21 1357
23 1118
26 1043
20 1395
27 1275
22 1332
16 1298
27 1340
16 1028
18 1109
19 1291
18 1404
26 1215
14 1170
11 1118
16 1447
14 1313
11 1084
13 1334
17 1159
16 1190
18 1368
23 1040
19 1363
28 1152
20 1411
21 1066
29 1090
26 1283
24 1026
22 1139
12 1117
17 1243
10 1015
13 1413
23 1063
12 1371
29 1354
10 1312
21 1088
28 1384
24 1162
24 1486
25 1413
13 1323
16 1142
11 1375
16 1172
20 1384
26 1180
28 1346
26 1278
25 1148
24 1234
16 1007
10 1291
21 1027
26 1207
11 1426
22 1284
19 1038
20 1176
11 1247
19 1289
20 1015
26 1116
14 1110
20 1014
19 1182
24 1325
25 1052
20 1362
23 1132
22 1480
29 1232
24 1041
12 1251
24 1156
15 1000
29 1084
17 1411
12 1425
18 1466
18 1471
27 1049
29 1019
20 1089
17 1240
29 1286
17 1235
27 1232
20 1318
26 1134
15 1309
11 1364
10 1144
12 1440
28 1179
28 1210
12 1338
14 1317
22 1258
15 1194
11 1433
23 1271
12 1130
23 1295
17 1429
15 1233
25 1321
20 1028
19 1341
25 1384
24 1427
13 1058
29 1348
14 1276
13 1044
22 1227
15 1099
16 1195
12 1098
15 1365
19 1113
22 1125
26 1341
25 1290
22 1298
16 1057
26 1290
27 1194
19 1060
23 1109
27 1039
25 1464
14 1369
15 1321
29 1365
12 1059
13 1408
28 1154
17 1172
14 1036
25 1164
22 1269
17 1062
18 1259
27 1079
25 1465
18 1368
12 1462
22 1236
16 1215
26 1099
21 1089
28 1458
16 1157
12 1091
14 1296
13 1476
21 1110
19 1252
15 1462
27 1403
20 1386
23 1157
21 1393
23 1362
23 1191
18 1498
10 1443
22 1046
10 1318
18 1190
20 1270
24 1450
28 1260
28 1316
15 1226
13 1108
20 1428
14 1389
24 1455
28 1159
10 1316
14 1403
17 1326
11 1257
19 1051
20 1411
22 1394
15 1046
26 1000
19 1492
10 1356
28 1224
10 1167
10 1353
20 1315
22 1388
21 1106
29 1099
23 1031
20 1307
25 1265
26 1054
11 1234
10 1262
12 1349
22 1047
10 1210
12 1375
13 1404
12 1204
29 1287
25 1496
22 1278
18 1382
21 1070
19 1350
15 1429
18 1472
15 1206
12 1124
10 1096
16 1071
18 1330
17 1216
15 1073
11 1302
26 1485
16 1232
11 1229
28 1047
14 1433
15 1032
19 1300
19 1353
11 1341
21 1171
14 1259
12 1086
23 1265
14 1168
23 1110
21 1476
13 1419
28 1319
24 1101
26 1136
20 1347
24 1336
17 1165
22 1491
19 1113
13 1389
29 1139
20 1288
28 1144
23 1055
15 1017
19 1363
22 1340
14 1012
17 1269
28 1132
27 1195
29 1181
27 1089
18 1375
12 1356
11 1477
20 1184
12 1234
28 1165
20 1140
20 1328
11 1475
15 1028
24 1039
13 1253
13 1333
21 1415
27 1102
14 1328
28 1180
19 1435
14 1394
21 1470
10 1288
21 1025
18 1150
24 1417
15 1484
25 1313
15 1292
22 1423
29 1341
23 1311
13 1079
18 1495
11 1111
28 1009
27 1085
11 1211
25 1260
28 1181
26 1191
29 1338
11 1162
16 1267
19 1425
27 1003
23 1285
15 1069
18 1020
19 1097
13 1416
13 1460
19 1245
15 1055
10 1362
11 1076
19 1014
29 1433
27 1388
21 1201
29 1325
17 1164
29 1413
23 1498
27 1430
20 1218
21 1421
22 1433
23 1299
22 1337
12 1357
22 1436
10 1448
20 1450
16 1345
23 1012
17 1051
19 1321
10 1360
19 1491
14 1167
15 1180
21 1440
12 1154
19 1301
10 1228
13 1473
11 1213
15 1062
19 1400
18 1075
17 1397
10 1230
13 1076
26 1317
15 1164
29 1424
25 1232
16 1365
19 1157
28 1073
10 1153
26 1319
22 1127
14 1159
13 1490
24 1137
22 1145
19 1055
17 1431
24 1174
13 1245
14 1006
21 1126
25 1040
25 1327
25 1291
28 1334
21 1468
14 1285
17 1198
20 1344
13 1198
14 1245
26 1182
19 1017
20 1185
29 1246
24 1005
20 1328
12 1283
29 1141
26 1023
29 1226
28 1307
12 1206
12 1247
22 1110
19 1331
29 1044
15 1152
27 1023
13 1338
28 1084
23 1372
14 1383
19 1472
29 1211
11 1114
13 1481
24 1357
21 1100
28 1447
25 1471
18 1259
29 1379
16 1220
21 1182
22 1359
24 1483
17 1438
12 1050
18 1228
28 1033
11 1371
14 1326
22 1152
29 1317
14 1147
16 1412
16 1105
12 1033
24 1101
10 1337
11 1299
25 1494
11 1039
17 1156
26 1129
26 1210
27 1463
23 1070
24 1295
11 1132
14 1282
16 1396
11 1318
27 1052
29 1168
10 1349
29 1053
10 1097
27 1060
17 1439
12 1004
17 1287
21 1399
11 1433
13 1141
16 1024
23 1038
22 1290
19 1129
21 1260
16 1269
10 1352
21 1107
15 1078
14 1490
11 1126
26 1498
16 1387
15 1322
24 1430
10 1267
14 1294
28 1242
13 1219
12 1353
28 1162
17 1202
20 1441
25 1101
17 1413
10 1297
20 1040
20 1007
10 1443
25 1080
17 1162
28 1332
16 1277
25 1450
25 1309
20 1316
21 1335
25 1290
15 1454
25 1469
16 1248
24 1020
20 1262
13 1340
10 1488
10 1088
25 1298
15 1487
16 1455
14 1039
28 1043
20 1467
20 1382
21 1158
23 1303
29 1201
12 1257
12 1210
25 1129
29 1311
28 1100
17 1169
17 1092
16 1168
20 1401
20 1058
17 1215
24 1132
17 1386
11 1221
16 1389
14 1145
15 1377
26 1013