3000 5000
19 1152
21 1111
17 1277
24 1265
20 1339
25 1012
26 1047
13 1466
27 1428
15 1402
13 1272
26 1071
28 1219
28 1074
18 1490
12 1190
12 1118
13 1348
13 1027
11 1113
27 1092
10 1090
13 1041
28 1442
21 1453
10 1435
16 1487
21 1218
10 1019
10 1147
22 1081
18 1089
29 1395
16 1392
24 1423
16 1161
20 1398
27 1414
27 1469
25 1308
22 1314
29 1322
23 1186
25 1196
25 1316
11 1223
22 1160
25 1125
23 1368
26 1314
26 1146
13 1242
28 1358
17 1292
29 1424
24 1493
26 1441
25 1023
23 1311
27 1094
27 1034
24 1319
17 1427
21 1076
24 1383
25 1323
18 1075
12 1118
21 1091
11 1239
19 1005
26 1041
11 1496
21 1025
26 1208
27 1437
26 1477
16 1092
16 1331
24 1103
24 1130
24 1109
10 1415
25 1062
12 1184
20 1162
18 1380
27 1154
27 1101
18 1273
27 1392
20 1311
27 1253
15 1430
23 1406
29 1142
18 1320
11 1392
25 1321
27 1133
16 1293
20 1369
28 1376
19 1219
12 1130
23 1266
12 1486
29 1495
20 1067
13 1265
16 1354
13 1131
23 1382
23 1057
26 1227
18 1109
19 1448
19 1330
17 1127
11 1363
26 1105
14 1001
10 1057
27 1316
10 1171
12 1086
25 1367
26 1395
19 1465
29 1029
18 1434
28 1213
12 1389
13 1089
12 1019
15 1355
20 1134
27 1098
24 1347
29 1191
22 1191
15 1274
14 1184
21 1213
16 1241
28 1370
29 1487
19 1341
13 1438
26 1429
21 1371
28 1007
13 1356
17 1294
17 1087
26 1066
28 1026
16 1471
20 1342
12 1090
26 1109
11 1399
12 1481
18 1316
10 1295
12 1187
18 1141
20 1239
27 1178
18 1461
22 1085
12 1149
16 1496
21 1471
26 1380
18 1350
19 1151
13 1274
21 1435
18 1343
12 1117
28 1003
20 1108
27 1210
16 1317
19 1301
11 1193
17 1293
26 1086
24 1346
17 1058
12 1278
12 1043
13 1109
13 1340
28 1018
26 1036
14 1404
20 1283
10 1142
26 1125
25 1387
24 1286
27 1491
27 1162
23 1377
21 1350
20 1203
10 1417
22 1126
23 1190
24 1444
18 1048
23 1428
22 1048
18 1173
12 1069
22 1489
28 1098
20 1340
11 1062
25 1137
19 1041
28 1369
13 1378
21 1373
28 1120
11 1018
17 1454
10 1346
26 1467
25 1161
20 1071
15 1358
17 1134
22 1324
24 1246
21 1222
26 1434
21 1458
28 1194
10 1342
11 1206
25 1398
15 1364
11 1063
18 1281
26 1217
29 1430
24 1455
27 1424
28 1497
10 1346
28 1469
24 1197
13 1368
20 1187
20 1452
12 1015
22 1483
13 1021
28 1358
18 1229
13 1138
25 1177
20 1458
20 1416
15 1235
20 1393
13 1004
17 1499
20 1295
18 1325
11 1266
10 1480
10 1110
23 1185
20 1083
28 1259
12 1277
10 1145
24 1040
27 1245
16 1190
26 1162
28 1292
20 1368
26 1041
26 1032
20 1494
18 1228
11 1202
28 1389
16 1284
17 1283
18 1432
26 1107
20 1397
25 1085
20 1443
26 1272
22 1154
22 1034
10 1363
12 1034
18 1195
13 1497
28 1058
25 1393
13 1429
23 1446
24 1474
17 1157
22 1160
25 1429
10 1473
17 1224
14 1052
14 1142
15 1079
18 1087
12 1212
28 1053
13 1015
24 1069
23 1010
11 1324
28 1018
24 1097
20 1392
15 1241
22 1173
14 1122
16 1053
14 1135
29 1005
26 1287
25 1485
22 1402
23 1162
29 1308
17 1273
15 1222
14 1439
28 1389
26 1283
21 1452
29 1310
16 1287
19 1418
24 1004
13 1131
29 1269
16 1331
16 1237
26 1194
17 1090
26 1227
11 1090
26 1201
15 1117
21 1273
22 1106
12 1423
14 1102
22 1190
15 1155
15 1391
14 1333
28 1153
25 1432
11 1091
29 1046
14 1397
14 1197
29 1169
15 1473
27 1337
26 1390
22 1250
29 1063
16 1409
19 1022
18 1066
21 1444
21 1148
25 1100
10 1118
16 1222
10 1126
20 1466
22 1406
16 1091
18 1280
11 1376
13 1012
18 1196
28 1204
26 1017
20 1201
17 1471
13 1384
26 1272
28 1462
16 1322
18 1407
22 1195
17 1169
11 1048
10 1069
28 1160
16 1209
25 1342
13 1496
26 1139
16 1277
19 1269
16 1306
16 1020
10 1488
27 1222
19 1154
13 1343
13 1025
21 1302
15 1458
13 1349
17 1465
22 1088
28 1101
28 1370
23 1048
13 1167
19 1216
25 1347
26 1055
25 1323
19 1223
18 1197
10 1236
16 1182
11 1072
14 1105
25 1489
14 1348
17 1054
26 1101
13 1286
15 1493
28 1060
28 1377
16 1024
19 1135
22 1387
17 1257
28 1200
11 1193
22 1324
24 1372
19 1110
13 1366
10 1081
18 1090
11 1119
27 1140
27 1394
20 1157
18 1030
21 1166
20 1024
14 1087
11 1086
21 1373
12 1144
12 1332
26 1020
17 1095
26 1426
17 1235
29 1455
10 1010
28 1187
29 1116
27 1428
24 1122
15 1016
23 1115
12 1146
25 1083
12 1187
28 1345
28 1327
19 1352
10 1331
16 1292
17 1323
14 1080
18 1070
20 1199
13 1483
13 1251
19 1333
18 1118
13 1323
15 1154
23 1115
24 1379
26 1095
22 1313
21 1348
29 1333
19 1396
26 1359
13 1079
21 1422
10 1159
22 1135
28 1184
24 1202
11 1029
14 1117
11 1206
26 1109
22 1029
20 1278
28 1313
23 1431
16 1350
13 1450
19 1168
28 1477
28 1314
14 1198
28 1476
11 1374
20 1472
15 1127
27 1004
28 1087
12 1453
29 1262
26 1299
25 1277
23 1153
29 1463
10 1111
11 1080
13 1145
21 1139
18 1289
14 1379
22 1296
16 1144
21 1168
29 1247
14 1161
26 1372
12 1353
29 1017
23 1371
10 1487
19 1215
14 1420
14 1252
28 1011
23 1207
16 1400
21 1078
13 1482
20 1270
29 1086
19 1125
14 1410
15 1245
16 1327
11 1262
28 1212
28 1335
18 1368
24 1266
23 1132
29 1094
14 1291
19 1270
28 1412
21 1338
26 1291
20 1331
11 1092
24 1490
19 1139
19 1266
12 1088
27 1054
11 1190
19 1337
24 1277
27 1480
21 1165
29 1366
17 1325
24 1185
19 1282
22 1307
28 1447
27 1320
11 1147
23 1298
29 1284
23 1094
27 1222
27 1102
27 1176
19 1266
15 1087
28 1135
10 1479
28 1399
24 1206
27 1276
25 1422
26 1361
20 1231
22 1193
19 1164
12 1173
14 1295
16 1115
14 1178
24 1304
27 1462
27 1136
18 1036
20 1372
18 1339
12 1186
19 1348
11 1268
11 1121
15 1016
18 1165
19 1083
29 1136
24 1000
15 1354
15 1173
25 1091
19 1327
25 1288
21 1054
28 1112
10 1326
16 1268
13 1350
13 1082
20 1090
24 1473
25 1158
14 1212
29 1216
13 1377
18 1277
10 1324
26 1184
26 1178
13 1218
18 1170
23 1495
28 1295
27 1193
11 1031
14 1013
24 1018
18 1306
20 1482
24 1343
29 1195
11 1142
14 1187
24 1134
20 1407
14 1305
14 1192
10 1044
23 1302
22 1024
15 1175
24 1394
25 1025
17 1198
19 1069
13 1473
25 1159
28 1015
20 1071
25 1410
18 1037
25 1324
12 1251
21 1493
24 1196
29 1341
14 1304
20 1403
14 1108
24 1213
19 1361
24 1380
25 1001
16 1094
29 1017
19 1408
15 1218
10 1342
12 1086
27 1060
21 1166
10 1366
16 1179
26 1099
23 1402
23 1005
27 1409
12 1110
19 1331
10 1302
27 1485
26 1293
19 1169
19 1231
25 1351
22 1468
17 1192
28 1052
21 1169
27 1411
21 1067
16 1000
11 1474
23 1041
22 1440
10 1066
29 1289
15 1480
16 1413
21 1383
27 1013
12 1061
17 1450
25 1468
27 1147
19 1311
15 1308
25 1345
26 1341
22 1143
19 1394
26 1157
16 1319
17 1390
20 1366
13 1201
13 1423
17 1118
17 1036
10 1110
14 1344
16 1128
28 1443
12 1247
22 1186
17 1387
20 1042
23 1004
15 1174
21 1015
17 1321
19 1411
16 1433
22 1029
28 1337
12 1248
26 1443
10 1457
13 1310
11 1311
29 1396
27 1457
29 1011
26 1123
18 1371
18 1190
10 1107
27 1464
14 1282
27 1181
12 1498
23 1278
25 1133
28 1432
18 1434
23 1299
25 1141
19 1070
14 1185
23 1174
20 1345
20 1495
29 1042
10 1091
14 1069
18 1174
10 1051
23 1089
22 1178
15 1201
11 1421
26 1032
27 1155
14 1096
13 1362
17 1073
10 1116
23 1071
20 1008
12 1469
26 1325
14 1296
13 1424
14 1388
22 1410
16 1134
25 1190
14 1066
24 1462
18 1264
28 1348
25 1220
12 1452
25 1425
28 1379
19 1404
24 1363
13 1189
14 1210
20 1247
22 1246
25 1285
13 1053
27 1452
24 1103
29 1345
17 1120
11 1433
18 1033
13 1375
23 1412
12 1362
10 1389
18 1127
11 1052
28 1293
14 1042
14 1365
26 1275
10 1256
15 1108
24 1333
16 1112
24 1434
25 1028
28 1108
18 1284
18 1122
20 1230
18 1191
24 1151
12 1043
16 1409
18 1465
13 1439
22 1292
24 1407
15 1046
18 1478
14 1105
21 1051
27 1072
25 1280
24 1419
24 1355
11 1209
13 1485
29 1412
23 1023
17 1072
22 1420
24 1318
18 1366
18 1262
19 1452
12 1411
20 1465
22 1390
20 1094
19 1096
23 1351
16 1456
19 1021
28 1181
25 1129
15 1493
14 1045
16 1345
22 1482
22 1446
26 1012
22 1332
15 1460
27 1411
15 1175
27 1214
22 1365
18 1040
16 1153
19 1478
15 1022
17 1185
12 1150
24 1116
13 1474
22 1013
14 1021
17 1435
12 1122
28 1067
17 1493
23 1420
12 1389
21 1132
21 1120
26 1164
21 1307
23 1103
21 1403
25 1330
15 1440
13 1381
14 1218
28 1427
11 1071
16 1397
24 1038
27 1314
18 1321
13 1323
26 1059
19 1213
16 1329
27 1258
16 1476
14 1236
16 1312
28 1257
10 1003
13 1441
26 1219
15 1155
15 1139
21 1033
17 1267
29 1150
20 1191
13 1210
10 1385
20 1005
14 1462
15 1418
15 1110
10 1487
28 1166
15 1431
29 1299
14 1186
24 1294
28 1302
15 1277
14 1217
14 1443
21 1105
29 1089
18 1421
27 1267
17 1488
15 1260
29 1454
24 1331
13 1433
29 1226
12 1297
12 1281
18 1411
28 1234
28 1170
25 1470
16 1345
10 1374
25 1417
22 1380
27 1056
23 1180
12 1357
16 1061
11 1332
14 1444
10 1155
10 1204
27 1384
12 1111
19 1069
29 1307
15 1152
19 1284
27 1415
13 1355
17 1099
16 1151
13 1449
12 1221
11 1378
18 1451
17 1077
18 1393
26 1399
20 1020
16 1165
11 1163
18 1048
10 1278
21 1139
19 1249
24 1354
23 1411
23 1104
11 1489
23 1224
27 1039
16 1236
27 1169
29 1175
20 1026
18 1186
21 1073
20 1083
28 1195
21 1283
15 1410
17 1407
21 1372
24 1090
27 1338
15 1231
28 1390
10 1230
28 1392
26 1444
28 1065
26 1200
11 1350
24 1464
14 1495
12 1131
18 1243
13 1230
26 1365
27 1413
12 1170
25 1110
12 1383
15 1339
29 1218
18 1364
21 1071
25 1360
21 1129
19 1261
21 1212
18 1109
17 1207
11 1205
15 1149
11 1254
20 1121
24 1412
18 1337
14 1403
20 1163
29 1162
28 1068
24 1445
28 1475
29 1125
14 1432
25 1333
27 1208
24 1481
29 1374
18 1393
20 1386
27 1445
19 1206
27 1002
14 1436
17 1421
18 1465
20 1199
13 1173
14 1078
14 1240
23 1307
27 1210
14 1211
22 1103
14 1271
27 1446
28 1103
10 1354
18 1294
14 1146
14 1022
20 1359
27 1136
19 1471
16 1212
14 1435
27 1158
23 1001
21 1316
24 1240
23 1243
29 1127
14 1393
28 1264
16 1064
28 1379
17 1378
14 1497
24 1160
22 1216
27 1094
25 1464
17 1331
25 1412
26 1340
27 1339
16 1485
27 1245
16 1161
27 1464
26 1072
21 1140
24 1103
21 1295
15 1241
13 1055
11 1042
19 1251
15 1272
16 1323
26 1442
14 1220
22 1209
27 1420
19 1070
18 1097
10 1329
11 1362
22 1375
20 1483
20 1247
10 1292
14 1486
22 1338
10 1181
13 1398
29 1056
26 1455
12 1136
16 1291
22 1331
13 1207
28 1245
15 1113
28 1355
22 1030
11 1065
24 1349
11 1055
13 1154
19 1198
25 1442
14 1483
13 1276
25 1082
21 1188
18 1190
27 1342
12 1120
20 1371
10 1242
14 1135
15 1422
16 1221
17 1472
16 1104
12 1446
18 1420
23 1010
16 1130
16 1407
22 1303
29 1002
25 1300
28 1176
13 1161
27 1352
25 1021
17 1195
10 1170
27 1451
24 1400
26 1043
13 1147
16 1366
15 1045
12 1099
27 1075
27 1143
23 1125
21 1406
25 1057
21 1364
24 1389
29 1392
19 1267
11 1478
28 1392
23 1251
27 1329
13 1301
16 1156
25 1481
18 1433
29 1234
23 1175
11 1205
29 1207
18 1328
25 1029
18 1361
25 1394
24 1245
20 1468
20 1166
20 1185
19 1348
18 1419
16 1118
19 1245
25 1287
11 1344
21 1406
19 1071
18 1312
10 1102
14 1497
15 1125
13 1460
29 1410
22 1078
11 1025
20 1167
22 1297
22 1484
29 1138
28 1279
29 1030
16 1035
22 1459
12 1362
17 1472
16 1184
21 1426
17 1484
11 1468
23 1082
29 1052
11 1172
12 1076
12 1182
23 1067
27 1004
22 1062
20 1036
22 1117
13 1492
14 1282
23 1027
13 1453
25 1269
29 1449
18 1487
25 1455
23 1008
26 1453
25 1150
25 1209
21 1155
14 1235
15 1327
18 1438
17 1483
15 1078
21 1016
21 1112
14 1213
20 1068
22 1046
18 1477
15 1491
15 1373
18 1257
19 1458
29 1072
14 1453
10 1375
21 1360
19 1279
26 1153
26 1422
15 1007
23 1290
17 1415
14 1284
14 1268
19 1284
25 1079
11 1148
12 1458
25 1267
21 1110
19 1386
10 1180
25 1164
24 1305
14 1462
21 1388
28 1308
25 1023
27 1223
11 1421
14 1103
25 1327
15 1268
16 1361
26 1364
20 1047
27 1017
21 1483
22 1461
20 1197
28 1232
22 1455
10 1333
28 1083
18 1450
16 1263
22 1054
29 1346
15 1382
14 1126
25 1442
28 1047
19 1107
15 1131
29 1427
24 1476
18 1478
19 1102
13 1395
22 1301
26 1322
16 1119
20 1445
28 1188
25 1433
16 1320
13 1186
23 1403
23 1317
27 1362
12 1101
13 1397
11 1177
27 1499
21 1487
27 1354
12 1309
21 1320
27 1325
21 1394
29 1074
11 1431
10 1031
12 1005
22 1396
17 1188
19 1095
29 1431
22 1326
10 1172
12 1478
24 1001
18 1004
14 1204
28 1071
23 1483
24 1002
28 1284
23 1257
18 1480
10 1048
11 1247
15 1051
13 1055
19 1307
25 1223
27 1204
27 1338
26 1252
19 1284
18 1436
12 1205
25 1036
14 1049
21 1429
28 1495
23 1250
18 1417
29 1375
19 1435
14 1175
12 1288
29 1258
29 1137
24 1087
11 1455
29 1449
15 1440
27 1418
17 1186
26 1104
22 1339
11 1222
10 1478
20 1397
13 1022
11 1458
14 1432
23 1492
25 1085
27 1378
10 1188
19 1182
29 1097
18 1391
29 1109
14 1172
23 1265
10 1125
11 1415
24 1444
24 1115
28 1225
10 1121
23 1442
20 1313
13 1047
13 1201
28 1121
15 1215
18 1451
29 1011
14 1407
15 1401
22 1010
18 1047
29 1314
24 1216
15 1059
16 1496
14 1115
11 1350
18 1056
26 1075
26 1400
14 1214
18 1207
26 1222
10 1121
15 1062
15 1032
19 1331
26 1053
18 1224
20 1034
25 1033
19 1117
15 1370
22 1106
19 1137
25 1021
18 1272
25 1267
26 1375
27 1070
20 1194
25 1153
23 1070
15 1256
29 1274
15 1183
19 1215
14 1162
20 1026
28 1473
14 1271
29 1329
13 1115
18 1474
21 1060
25 1339
15 1449
23 1372
21 1422
11 1482
16 1193
22 1422
13 1401
27 1195
22 1086
11 1318
13 1201
21 1269
24 1297
21 1362
29 1435
21 1100
11 1019
16 1293
17 1138
25 1385
22 1461
29 1015
22 1353
28 1082
24 1173
23 1099
28 1337
14 1353
10 1137
27 1447
28 1363
12 1128
21 1275
11 1277
18 1323
10 1375
25 1301
18 1029
21 1371
19 1221
26 1377
19 1213
29 1145
14 1172
16 1447
18 1237
13 1064
27 1013
27 1413
26 1468
21 1230
29 1283
14 1254
13 1106
20 1245
17 1023
29 1255
21 1220
14 1047
22 1467
15 1248
18 1249
16 1069
26 1023
25 1336
13 1116
11 1338
20 1289
15 1344
26 1005
22 1174
16 1116
12 1179
25 1219
19 1315
24 1135
10 1116
11 1159
25 1043
15 1104
19 1124
13 1192
14 1282
11 1408
18 1224
15 1280
29 1417
17 1395
17 1185
11 1451
27 1463
12 1004
21 1212
22 1177
13 1073
19 1442
25 1218
14 1429
28 1146
18 1279
25 1370
23 1195
24 1106
18 1255
17 1362
12 1387
12 1313
29 1265
27 1186
25 1156
21 1487
21 1019
29 1292
25 1029
22 1208
12 1188
10 1078
10 1360
13 1438
16 1387
28 1244
18 1460
24 1454
29 1084
20 1122
26 1271
12 1180
25 1385
25 1422
22 1273
29 1065
18 1161
27 1079
23 1085
16 1116
18 1102
28 1002
20 1068
20 1294
21 1307
21 1068
11 1055
24 1418
21 1202
25 1167
19 1042
25 1179
16 1405
25 1057
21 1120
13 1099
17 1060
13 1031
21 1331
18 1274
11 1190
25 1254
10 1163
24 1488
14 1318
28 1309
28 1293
21 1460
16 1370
20 1137
17 1272
18 1163
25 1163
17 1451
22 1199
22 1118
20 1126
12 1197
24 1350
24 1465
26 1150
27 1361
29 1043
20 1004
25 1488
29 1495
25 1290
13 1064
17 1471
26 1069
28 1390
27 1092
11 1385
14 1152
12 1314
14 1245
19 1238
27 1407
11 1290
24 1173
13 1481
17 1002
27 1259
15 1143
10 1229
19 1402
17 1464
11 1001
19 1148
27 1475
10 1147
29 1337
18 1055
11 1170
18 1239
16 1464
17 1135
21 1225
13 1294
27 1453
26 1424
19 1467
23 1010
26 1374
23 1421
14 1339
20 1087
11 1025
28 1249
13 1420
25 1408
10 1463
29 1089
20 1061
25 1191
13 1234
14 1319
10 1212
14 1499
26 1197
29 1388
14 1036
28 1249
26 1180
24 1083
11 1189
14 1343
21 1345
17 1414
19 1190
18 1251
14 1359
11 1416
16 1334
28 1496
18 1475
12 1326
23 1387
13 1391
15 1333
29 1041
27 1177
27 1301
19 1259
25 1442
17 1224
19 1309
17 1002
27 1148
13 1375
26 1490
17 1264
11 1179
21 1028
12 1450
10 1177
11 1230
26 1224
25 1379
24 1326
25 1174
20 1368
21 1452
22 1101
21 1204
27 1305
21 1279
11 1254
23 1346
28 1245
21 1006
19 1248
24 1429
27 1122
21 1168
27 1067
23 1381
24 1347
11 1316
23 1318
20 1327
14 1204
22 1109
22 1087
29 1386
28 1256
24 1047
21 1073
28 1354
19 1158
20 1327
16 1328
27 1162
23 1080
22 1204
21 1426
19 1203
12 1239
23 1468
18 1436
28 1036
12 1261
23 1268
20 1256
27 1320
19 1048
14 1191
13 1181
15 1083
16 1458
20 1381
21 1431
15 1202
13 1083
26 1480
27 1150
28 1331
23 1413
11 1089
17 1347
16 1445
13 1383
24 1407
11 1135
20 1299
11 1289
25 1158
19 1350
12 1215
29 1258
12 1229
27 1026
15 1263
11 1265
26 1192
26 1481
25 1248
19 1233
17 1129
27 1270
21 1344
24 1204
12 1084
17 1108
23 1317
11 1320
16 1062
26 1105
13 1404
22 1383
27 1004
29 1330
23 1022
22 1424
29 1490
15 1256
18 1377
16 1048
19 1183
12 1367
22 1059
29 1204
15 1406
19 1375
24 1223
19 1221
16 1483
21 1399
27 1334
14 1407
15 1477
20 1487
19 1168
29 1299
23 1488
14 1453
11 1400
23 1226
14 1361
14 1410
13 1006
13 1143
25 1113
19 1081
19 1310
18 1097
17 1357
15 1049
18 1312
23 1412
17 1293
13 1279
23 1170
15 1298
29 1111
23 1311
17 1397
11 1162
11 1196
10 1467
13 1124
15 1451
27 1107
24 1035
15 1400
22 1232
14 1088
20 1383
14 1046
21 1238
21 1045
15 1205
11 1039
20 1083
16 1241
27 1439
26 1159
11 1113
14 1313
23 1113
12 1499
25 1139
21 1406
15 1128
22 1216
27 1479
19 1330
23 1119
22 1203
21 1061
29 1448
26 1318
18 1148
10 1124
19 1401
14 1096
29 1282
28 1190
21 1400
16 1122
11 1263
14 1217
28 1365
18 1126
27 1100
18 1176
18 1133
20 1066
24 1004
25 1436
24 1023
21 1308
19 1128
17 1325
29 1340
18 1143
23 1169
11 1084
16 1347
11 1354
21 1124
28 1215
23 1187
12 1204
16 1303
11 1198
24 1180
16 1090
12 1012
10 1070
26 1451
28 1060
12 1158
17 1354
26 1395
12 1386
10 1000
11 1165
14 1075
25 1443
19 1097
20 1396
23 1263
10 1190
23 1083
21 1317
22 1046
20 1275
19 1105
20 1413
22 1217
13 1294
24 1083
26 1243
12 1325
14 1284
24 1411
11 1328
23 1328
20 1240
24 1044
12 1474
27 1332
12 1181
12 1000
21 1175
16 1447
14 1004
22 1156
21 1364
26 1166
29 1099
22 1177
23 1158
21 1448
18 1481
28 1139
26 1489
12 1125
22 1149
13 1476
24 1231
11 1495
10 1163
20 1124
13 1412
15 1294
17 1267
23 1070
28 1028
14 1221
10 1226
27 1279
11 1088
17 1100
19 1120
24 1022
23 1373
11 1424
11 1350
15 1106
19 1234
16 1235
20 1478
22 1011
19 1018
25 1094
10 1322
29 1293
22 1473
29 1339
28 1096
20 1459
26 1103
19 1381
17 1445
27 1260
22 1413
11 1348
17 1446
10 1097
20 1468
20 1054
15 1130
15 1492
17 1354
15 1468
20 1382
29 1329
19 1369
29 1460
14 1254
28 1308
16 1253
11 1220
19 1175
24 1312
20 1115
17 1040
19 1202
29 1336
24 1058
21 1043
28 1394
24 1470
28 1242
25 1476
23 1140
28 1083
11 1221
23 1395
26 1133
12 1296
25 1245
16 1309
27 1042
11 1485
16 1053
17 1172
10 1459
21 1452
17 1422
21 1240
11 1275
27 1098
19 1202
26 1007
12 1262
24 1007
27 1130
17 1196
19 1495
18 1021
26 1183
11 1385
26 1071
14 1319
15 1362
29 1342
18 1120
13 1302
13 1184
24 1390
25 1135
14 1340
26 1001
13 1037
26 1304
10 1052
19 1376
29 1404
13 1254
21 1029
16 1185
20 1302
16 1166
10 1283
18 1050
12 1392
18 1139
21 1257
21 1312
10 1380
10 1307
28 1213
21 1376
28 1441
10 1334
26 1112
11 1366
14 1468
13 1307
24 1162
13 1222
23 1075
26 1489
11 1489
19 1459
19 1355
10 1076
29 1407
23 1154
17 1267
24 1265
28 1448
26 1483
18 1390
16 1317
14 1124
11 1297
27 1067
26 1163
13 1448
12 1390
12 1227
22 1085
24 1258
27 1141
14 1064
11 1242
28 1128
18 1086
28 1241
10 1250
13 1109
14 1244
17 1203
29 1099
23 1222
13 1377
21 1315
28 1096
12 1483
22 1039
21 1353
16 1078
14 1232
18 1238
23 1060
21 1384
26 1309
28 1177
21 1189
22 1475
12 1313
23 1363
15 1097
23 1493
13 1289
26 1024
10 1385
12 1464
18 1479
18 1296
24 1439
24 1296
19 1119
22 1323
14 1008
16 1268
28 1179
26 1174
22 1304
28 1084
13 1427
19 1203
16 1205
11 1032
28 1160
13 1449
16 1269
24 1148
16 1066
28 1179
18 1366
11 1170
13 1297
17 1274
29 1263
13 1187
11 1333
11 1436
16 1479
14 1382
12 1050
18 1469
17 1407
29 1355
18 1213
18 1440
19 1321
22 1321
10 1126
12 1003
14 1074
18 1259
10 1073
21 1091
16 1304
16 1321
12 1257
25 1047
15 1240
16 1191
29 1417
16 1062
29 1150
17 1452
15 1230
25 1220
23 1025
18 1251
18 1049
22 1204
27 1260
22 1166
23 1353
18 1017
19 1410
21 1267
25 1326
15 1398
27 1488
14 1191
10 1219
26 1024
25 1204
17 1217
28 1053
27 1105
16 1281
22 1057
29 1006
22 1020
19 1165
10 1361
28 1362
11 1053
13 1102
20 1396
15 1491
27 1263
20 1474
20 1184
12 1463
11 1256
28 1279
14 1157
29 1148
13 1404
27 1137
15 1013
23 1061
11 1412
21 1009
10 1061
24 1178
19 1085
18 1352
18 1261
10 1372
19 1154
28 1040
10 1356
10 1213
25 1479
12 1169
28 1334
19 1473
27 1186
25 1198
25 1498
13 1325
27 1048
22 1370
10 1026
24 1046
13 1395
20 1124
21 1097
17 1309
11 1059
25 1201
17 1384
16 1385
13 1149
24 1154
17 1029
27 1251
19 1395
13 1291
10 1134
27 1088
19 1470
29 1271
27 1118
29 1385
16 1465
13 1411
17 1148
15 1179
14 1418
26 1123
13 1070
29 1133
28 1364
17 1487
23 1050
16 1367
28 1236
12 1008
21 1001
26 1403
27 1213
10 1284
21 1205
22 1480
17 1257
12 1451
18 1325
17 1390
11 1034
12 1047
11 1293
28 1396
18 1390
20 1166
18 1467
10 1167
28 1496
19 1360
23 1284
25 1218
25 1142
16 1168
27 1490
22 1453
12 1206
24 1287
15 1432
23 1125
11 1349
16 1318
26 1270
19 1498
11 1423
13 1020
12 1265
19 1359
15 1421
26 1420
16 1181
22 1204
13 1151
26 1321
19 1030
16 1166
28 1482
12 1176
12 1144
19 1443
20 1040
20 1223
12 1401
16 1114
15 1493
25 1018
26 1143
17 1052
25 1250
23 1463
19 1052
27 1110
15 1494
24 1231
23 1251
24 1469
16 1281
13 1058
16 1177
16 1021
25 1316
22 1330
18 1345
19 1015
12 1455
24 1427
26 1080
25 1346
17 1033
25 1365
15 1169
14 1374
26 1496
24 1128
13 1457
28 1094
15 1457
24 1227
24 1109
10 1204
10 1263
11 1038
14 1028
28 1378
15 1063
14 1320
10 1409
28 1485
21 1308
18 1390
22 1147
27 1153
28 1286
11 1241
18 1005
19 1028
18 1203
14 1119
26 1261
17 1496
25 1029
25 1089
20 1393
13 1445
23 1299
10 1093
17 1386
23 1117
21 1189
27 1458
28 1113
21 1499
26 1086
18 1282
25 1111
11 1480
18 1405
14 1253
11 1490
18 1479
13 1080
22 1149
28 1339
13 1172
25 1317
23 1013
27 1311
18 1442
17 1414
14 1024
29 1079
15 1176
12 1430
16 1306
12 1152
23 1499
28 1130
10 1042
15 1157
15 1377
10 1132
21 1351
19 1017
26 1118
21 1419
27 1310
15 1085
27 1488
11 1277
19 1294
20 1438
15 1205
15 1178
24 1273
24 1043
23 1414
19 1141
18 1235
18 1182
15 1020
13 1252
24 1354
14 1371
18 1005
27 1264
12 1140
23 1299
11 1009
23 1246
21 1274
22 1181
25 1463
22 1198
20 1265
24 1197
24 1415
24 1018
28 1112
25 1279
13 1098
22 1129
25 1445
26 1421
29 1125
17 1071
26 1105
22 1117
27 1424
12 1145
18 1488
19 1398
29 1355
28 1479
14 1454
16 1388
27 1273
12 1100
13 1300
12 1447
10 1125
27 1143
25 1289
13 1195
19 1387
23 1131
10 1281
12 1457
22 1206
28 1174
20 1147
26 1460
18 1344
12 1171
26 1070
13 1226
20 1489
29 1077
23 1003
19 1259
18 1351
19 1289
11 1390
21 1052
24 1157
28 1322
13 1121
27 1360
19 1064
17 1367
18 1221
10 1138
21 1362
21 1203
23 1223
24 1098
22 1170
12 1231
11 1231
23 1160
29 1095
15 1300
28 1051
10 1255
20 1146
15 1173
21 1042
21 1033
26 1158
19 1057
12 1354
25 1176
20 1477
26 1344
12 1036
24 1180
14 1092
28 1020
15 1315
14 1371
19 1155
14 1029
21 1252
10 1367
16 1252
21 1357
10 1057
16 1249
10 1387
12 1090
17 1493
15 1374
14 1199
10 1063
11 1243
28 1109
29 1161
16 1145
12 1458
13 1309
11 1190
14 1152
24 1332
15 1259
21 1055
28 1005
12 1261
18 1066
11 1124
12 1179
29 1371
17 1120
20 1196
20 1157
25 1264
24 1058
29 1378
20 1070
19 1130
13 1028
20 1090
18 1471
18 1397
11 1148
19 1042
11 1361
26 1414
23 1004
18 1336
27 1259
19 1352
21 1069
23 1475
13 1040
25 1123
29 1457
24 1256
19 1318
26 1445
21 1020
12 1355
15 1097
13 1040
25 1062
19 1443
29 1276
20 1393
25 1244
28 1272
27 1452
18 1134
14 1377
11 1312
25 1158
14 1412
11 1283
10 1433
20 1364
13 1101
19 1382
12 1063
25 1101
13 1397
11 1102
20 1414
20 1175
18 1452
14 1138
19 1374
29 1135
20 1218
17 1284
16 1037
25 1375
28 1270
13 1372
13 1403
27 1002
29 1462
23 1476
27 1108
26 1238
13 1127
16 1392
18 1020
19 1340
19 1251
15 1394
24 1123
13 1458
21 1151
22 1325
12 1362
13 1182
10 1098
21 1478
24 1389
11 1388
25 1164
15 1274
24 1346
13 1335
13 1348
11 1177
27 1327
15 1176
23 1084
16 1183
12 1377
26 1138
11 1184
11 1366
11 1225
26 1057
16 1352
12 1031
19 1427
10 1297
18 1328
14 1412
20 1245
16 1149
21 1401
16 1490
25 1434
10 1113
26 1177
11 1150
10 1393
14 1322
18 1397
20 1075
12 1389
21 1445
23 1302
10 1096
18 1049
26 1025
19 1449
25 1205
23 1369
13 1178
27 1101
24 1289
17 1487
14 1426
15 1089
21 1266
13 1465
15 1452
25 1083
26 1297
23 1452
12 1325
19 1339
28 1094
21 1133
15 1462
29 1181
13 1241
28 1007
23 1475
19 1392
25 1168
24 1275
15 1224
13 1465
22 1024
12 1019
29 1204
15 1320
16 1362
19 1104
13 1474
15 1194
20 1046
28 1192
16 1228
24 1307
13 1221
26 1206
28 1355
18 1074
15 1211
12 1294
22 1346
24 1404
23 1041
28 1201
20 1115
10 1129
11 1254
25 1328
26 1396
21 1452
20 1358
27 1214
26 1237
16 1223
21 1040
27 1289
26 1278
21 1265
14 1307
16 1313
29 1128
15 1164
13 1389
13 1389
29 1178
29 1398
23 1380
29 1423
13 1385
27 1121
11 1151
28 1119
13 1027
23 1457
14 1479
10 1300
16 1110
27 1064
10 1279
28 1198
12 1132
25 1014
27 1112
18 1280
14 1204
20 1119
13 1223
16 1206
17 1022
10 1242
23 1227
23 1140
12 1145
21 1165
26 1100
26 1398
10 1061
18 1065
18 1078
21 1042
20 1046
19 1392
21 1471
20 1048
14 1032
23 1261
20 1433
24 1272
26 1143
14 1148
17 1164
18 1324
27 1496
18 1407
26 1110
15 1418
23 1058
22 1406
18 1023
19 1386
20 1167
29 1316
28 1035
21 1487
18 1024
18 1235
10 1240
16 1128
12 1447
11 1213
10 1408
28 1320
17 1473
26 1064
10 1048
12 1152
20 1026
15 1049