3350 5000
28 1035
26 1439
15 1315
28 1235
20 1398
20 1085
11 1476
29 1393
25 1371
20 1206
14 1400
22 1302
11 1421
26 1267
14 1279
18 1356
20 1329
28 1032
18 1274
27 1107
27 1012
16 1449
21 1024
18 1067
25 1479
18 1009
24 1109
16 1321
24 1019
16 1253
28 1407
15 1419
28 1254
29 1415
15 1376
16 1192
23 1441
25 1150
10 1457
27 1259
16 1235
16 1352
21 1047
21 1320
10 1006
29 1177
25 1017
20 1249
18 1496
23 1454
11 1420
10 1203
15 1127
22 1091
21 1192
18 1111
24 1244
19 1154
16 1017
15 1269
12 1165
16 1354
16 1035
12 1055
21 1417
11 1166
20 1192
12 1065
24 1371
14 1207
23 1212
21 1318
22 1018
16 1299
19 1229
10 1119
10 1389
19 1091
18 1270
25 1177
15 1425
22 1464
29 1033
11 1255
26 1403
12 1057
24 1147
18 1452
18 1455
27 1114
25 1132
17 1225
11 1146
27 1411
15 1206
12 1309
18 1485
27 1199
14 1257
14 1388
23 1270
14 1384
27 1498
18 1040
16 1095
29 1202
19 1412
15 1325
15 1402
26 1380
11 1222
12 1065
11 1329
25 1447
22 1381
13 1049
24 1067
17 1332
23 1147
28 1092
22 1326
19 1264
14 1027
24 1035
12 1312
23 1327
20 1356
29 1481
20 1233
23 1498
17 1339
21 1089
26 1301
11 1264
14 1494
12 1460
18 1157
13 1469
20 1433
12 1395
29 1334
22 1267
29 1139
23 1063
29 1084
18 1080
28 1307
13 1225
20 1187
19 1158
11 1191
16 1489
25 1141
16 1221
24 1165
15 1252
21 1000
22 1362
23 1424
18 1101
19 1135
10 1133
29 1026
26 1255
11 1333
21 1238
14 1477
11 1032
20 1219
13 1406
18 1470
25 1246
13 1160
21 1165
13 1462
25 1265
10 1294
21 1451
21 1134
11 1225
10 1001
28 1022
14 1175
28 1206
15 1441
17 1361
16 1366
11 1242
19 1357
16 1222
12 1332
13 1192
13 1468
28 1112
18 1213
15 1063
21 1420
23 1395
23 1461
26 1277
26 1015
18 1005
19 1222
19 1051
22 1022
10 1436
21 1452
20 1401
21 1236
11 1330
12 1071
20 1428
26 1012
20 1374
13 1483
27 1207
18 1289
26 1043
20 1221
24 1280
29 1253
18 1078
16 1177
13 1443
23 1356
29 1314
22 1288
18 1058
10 1135
17 1424
15 1154
18 1017
18 1341
10 1316
21 1183
24 1368
18 1245
26 1388
12 1418
26 1420
10 1426
24 1344
16 1203
14 1241
17 1354
12 1060
23 1295
24 1408
17 1136
23 1262
21 1075
16 1313
12 1414
13 1048
14 1213
17 1438
25 1490
27 1348
13 1398
14 1036
21 1215
20 1228
26 1082
21 1454
17 1410
22 1389
25 1141
20 1305
26 1023
11 1331
26 1071
19 1158
10 1322
11 1213
17 1035
15 1285
29 1223
25 1405
24 1179
23 1121
20 1253
28 1188
10 1387
25 1141
23 1476
18 1206
14 1097
28 1453
14 1214
13 1274
13 1333
21 1372
26 1185
29 1342
26 1396
20 1400
26 1203
21 1391
17 1424
17 1022
11 1377
13 1205
26 1185
24 1265
21 1029
29 1401
17 1498
20 1007
22 1181
21 1383
24 1183
18 1185
23 1000
21 1145
12 1271
14 1472
12 1448
27 1031
22 1261
14 1364
12 1132
27 1430
28 1020
12 1068
12 1349
24 1388
29 1333
29 1017
23 1412
16 1294
15 1264
21 1402
20 1010
28 1469
25 1190
12 1311
12 1317
23 1376
26 1477
27 1240
10 1345
28 1130
24 1150
11 1063
22 1308
12 1066
28 1016
20 1494
19 1093
13 1161
19 1461
22 1192
14 1109
10 1129
29 1454
12 1392
14 1446
17 1431
17 1041
27 1169
21 1362
12 1153
20 1465
29 1176
19 1101
28 1229
11 1339
22 1467
21 1299
20 1028
28 1466
23 1114
25 1476
11 1385
10 1056
24 1309
13 1329
13 1495
18 1463
21 1418
14 1246
21 1151
29 1320
27 1118
21 1137
22 1491
10 1372
27 1071
10 1411
25 1012
25 1290
24 1097
26 1239
20 1066
14 1084
26 1076
24 1462
19 1098
18 1062
23 1344
26 1232
13 1075
17 1302
27 1181
16 1299
26 1145
28 1261
27 1385
10 1498
27 1487
19 1346
17 1093
20 1427
21 1101
25 1243
19 1196
21 1006
27 1145
27 1302
22 1368
15 1314
25 1137
20 1102
17 1335
25 1366
13 1318
22 1087
16 1291
26 1122
12 1171
14 1273
24 1123
15 1167
25 1409
26 1389
16 1478
18 1026
25 1366
14 1109
19 1152
21 1175
24 1074
22 1179
29 1311
27 1149
10 1012
16 1426
18 1077
14 1410
19 1135
13 1074
18 1138
16 1371
18 1147
22 1363
20 1302
18 1018
17 1129
12 1419
14 1286
18 1055
16 1152
16 1459
27 1214
24 1376
19 1270
16 1226
16 1282
29 1189
24 1429
11 1054
26 1484
19 1263
25 1246
18 1032
17 1039
17 1337
15 1218
19 1135
24 1294
17 1048
19 1453
21 1407
12 1056
12 1187
19 1085
10 1124
13 1069
24 1006
14 1317
18 1490
18 1359
22 1014
12 1222
27 1025
18 1006
27 1152
20 1135
14 1402
18 1399
26 1493
28 1065
26 1038
14 1488
13 1009
10 1452
12 1076
10 1363
11 1242
14 1479
24 1432
18 1290
25 1367
15 1335
24 1237
20 1136
25 1105
27 1061
24 1370
15 1056
12 1081
10 1026
24 1174
12 1258
19 1336
27 1349
11 1228
22 1131
20 1260
10 1418
17 1333
15 1324
17 1408
16 1097
13 1490
17 1024
22 1346
28 1233
15 1382
23 1320
23 1298
20 1023
27 1425
16 1050
22 1252
25 1389
28 1321
19 1344
17 1070
21 1264
21 1407
24 1162
18 1426
22 1260
15 1175
26 1472
19 1482
17 1135
12 1388
21 1468
29 1474
16 1055
14 1166
18 1032
20 1168
22 1376
11 1244
12 1081
29 1322
14 1134
26 1189
22 1440
12 1110
12 1175
18 1377
29 1445
10 1060
16 1316
27 1395
18 1058
23 1107
29 1374
27 1335
28 1288
29 1183
28 1123
26 1267
20 1299
25 1197
29 1253
12 1420
19 1032
25 1022
24 1348
18 1058
11 1303
24 1035
22 1269
23 1154
10 1411
15 1260
12 1089
28 1367
15 1150
18 1371
28 1048
25 1145
17 1133
13 1493
13 1108
29 1421
20 1282
14 1347
10 1453
19 1163
19 1191
10 1211
17 1184
19 1302
15 1229
11 1353
17 1059
10 1225
23 1335
21 1086
16 1402
16 1107
24 1349
23 1130
18 1233
20 1081
20 1316
13 1086
24 1012
25 1087
26 1094
11 1199
28 1388
18 1212
14 1088
29 1270
10 1422
17 1164
14 1455
27 1085
22 1070
20 1327
27 1152
23 1222
24 1421
14 1120
25 1406
21 1054
10 1474
18 1252
28 1282
14 1268
24 1247
17 1471
22 1410
24 1440
20 1014
22 1132
27 1361
14 1109
16 1277
17 1459
11 1102
22 1167
10 1006
16 1375
23 1128
17 1102
22 1388
16 1097
27 1395
22 1020
12 1456
28 1370
18 1051
11 1380
23 1245
29 1285
27 1465
10 1163
28 1014
25 1173
12 1299
10 1471
26 1317
17 1068
18 1109
14 1297
20 1342
15 1224
11 1389
17 1199
16 1209
25 1341
10 1222
29 1435
22 1437
24 1135
24 1058
28 1035
15 1448
29 1107
18 1422
17 1363
15 1241
19 1238
12 1297
13 1334
25 1034
21 1321
20 1434
27 1129
16 1380
14 1062
10 1279
12 1097
28 1298
11 1415
25 1378
11 1193
26 1419
20 1368
18 1018
20 1183
19 1079
24 1258
20 1290
12 1411
21 1480
25 1236
18 1118
15 1063
16 1232
13 1154
12 1481
15 1021
28 1264
14 1023
10 1371
19 1224
24 1054
14 1058
16 1433
22 1146
26 1213
15 1069
15 1383
12 1194
21 1451
23 1432
27 1177
21 1450
16 1291
14 1204
20 1362
11 1466
24 1299
20 1312
26 1241
14 1253
15 1136
13 1318
16 1095
16 1001
19 1201
23 1351
29 1167
16 1014
27 1047
26 1001
10 1488
25 1335
18 1214
14 1170
20 1396
22 1441
28 1206
26 1451
29 1279
23 1435
20 1035
26 1207
29 1215
18 1315
16 1076
12 1251
24 1237
28 1326
26 1281
21 1084
25 1266
25 1170
24 1440
26 1425
24 1151
17 1421
29 1493
26 1325
17 1163
12 1427
18 1319
16 1182
11 1194
14 1221
26 1171
28 1055
13 1073
16 1410
12 1020
13 1448
14 1339
19 1335
12 1043
17 1198
23 1363
23 1160
20 1331
13 1023
28 1210
12 1472
16 1422
16 1397
12 1411
13 1328
29 1409
11 1285
29 1446
20 1109
13 1092
16 1406
19 1051
17 1450
13 1282
24 1125
14 1177
18 1126
17 1460
15 1200
17 1266
23 1330
26 1092
18 1309
25 1238
14 1213
21 1374
25 1465
29 1232
26 1059
18 1268
22 1462
14 1144
19 1474
27 1166
22 1003
13 1432
18 1381
16 1268
19 1257
13 1252
27 1249
20 1454
15 1388
19 1134
18 1245
17 1309
20 1316
18 1410
23 1209
19 1365
10 1014
21 1145
13 1048
12 1085
10 1131
21 1327
10 1402
20 1331
20 1084
28 1036
28 1197
29 1382
27 1312
24 1149
17 1013
12 1323
19 1224
19 1140
22 1243
11 1047
17 1133
20 1283
12 1102
12 1436
17 1030
17 1044
21 1317
21 1055
11 1367
23 1078
26 1210
14 1439
27 1346
10 1108
26 1014
27 1248
14 1435
19 1060
11 1304
13 1322
13 1098
16 1342
29 1433
23 1065
12 1415
24 1325
13 1068
20 1418
16 1273
29 1360
14 1024
18 1269
14 1040
15 1454
16 1016
24 1475
25 1154
22 1326
20 1099
13 1079
12 1188
19 1438
13 1139
15 1328
10 1305
27 1425
26 1031
29 1091
28 1077
16 1426
25 1129
15 1422
27 1472
21 1082
14 1303
24 1123
23 1440
26 1059
27 1418
12 1430
15 1277
25 1456
14 1211
22 1179
10 1029
29 1382
27 1020
11 1382
13 1468
11 1088
18 1410
20 1479
22 1173
27 1248
11 1065
17 1432
28 1320
17 1292
15 1044
16 1299
26 1402
21 1092
26 1302
14 1048
17 1136
17 1424
28 1397
13 1079
21 1158
28 1313
11 1168
16 1066
11 1465
16 1427
18 1153
15 1375
24 1241
25 1456
19 1021
26 1290
11 1254
14 1196
20 1473
14 1067
21 1040
22 1006
20 1189
17 1162
15 1049
14 1019
27 1393
20 1225
28 1334
19 1079
21 1469
23 1282
29 1153
27 1000
11 1170
13 1314
10 1159
25 1351
28 1474
27 1447
22 1038
25 1253
20 1132
23 1414
10 1395
24 1471
10 1292
20 1230
14 1144
10 1405
15 1327
24 1327
24 1151
23 1222
21 1220
19 1242
22 1269
19 1307
16 1142
29 1126
24 1437
14 1392
29 1220
16 1208
11 1150
16 1496
22 1496
11 1132
23 1250
23 1246
27 1481
14 1171
21 1222
28 1475
16 1321
20 1007
22 1470
10 1094
27 1166
25 1036
20 1330
17 1218
13 1311
14 1348
20 1446
14 1227
19 1197
24 1416
18 1164
23 1023
12 1444
22 1363
13 1408
18 1188
24 1239
21 1285
17 1455
17 1378
24 1430
24 1111
18 1035
22 1394
21 1491
29 1494
11 1329
29 1182
29 1157
18 1034
11 1461
10 1071
21 1062
20 1125
27 1330
20 1306
14 1002
16 1240
22 1040
11 1111
22 1012
14 1437
29 1490
16 1057
28 1319
13 1005
14 1093
13 1481
11 1459
13 1334
20 1404
15 1274
22 1162
19 1489
16 1326
24 1085
20 1236
22 1422
25 1267
10 1439
14 1031
29 1092
10 1407
11 1196
22 1396
20 1012
13 1372
18 1378
21 1108
26 1361
12 1106
15 1040
29 1238
22 1144
16 1449
22 1315
22 1353
24 1037
23 1454
27 1258
16 1362
21 1346
27 1370
19 1055
10 1184
29 1381
15 1038
15 1047
15 1034
26 1208
27 1123
11 1298
16 1326
10 1125
13 1284
17 1330
25 1471
22 1180
18 1278
19 1385
13 1210
12 1359
23 1283
17 1260
27 1084
29 1274
17 1057
25 1331
29 1447
20 1370
28 1135
28 1228
20 1492
24 1420
17 1173
14 1037
19 1385
10 1069
23 1340
22 1087
27 1170
21 1195
25 1406
22 1123
15 1164
14 1412
10 1119
18 1387
20 1047
23 1237
20 1377
27 1237
15 1417
15 1035
23 1219
25 1346
18 1089
25 1391
19 1279
12 1139
20 1018
20 1158
19 1324
18 1198
24 1240
12 1253
13 1160
14 1371
29 1188
11 1430
19 1117
18 1224
11 1236
11 1104
11 1281
12 1199
27 1402
10 1253
13 1400
25 1015
21 1185
20 1189
17 1012
14 1126
12 1080
16 1339
28 1251
12 1179
15 1310
28 1446
16 1244
19 1320
13 1089
18 1232
29 1157
26 1374
18 1020
17 1467
19 1351
14 1113
20 1287
13 1387
15 1078
29 1403
11 1143
14 1358
10 1132
25 1193
13 1448
26 1108
13 1184
17 1095
26 1311
22 1445
25 1240
19 1159
17 1009
22 1362
10 1490
28 1189
29 1129
16 1164
24 1470
25 1184
26 1324
18 1081
16 1418
22 1323
10 1295
23 1208
19 1179
29 1355
11 1252
16 1041
21 1103
22 1181
16 1221
20 1152
13 1143
28 1303
19 1083
17 1436
15 1113
22 1273
22 1206
14 1289
13 1420
15 1454
17 1333
16 1187
14 1497
10 1072
18 1018
26 1066
29 1026
10 1160
20 1158
12 1127
25 1067
28 1052
18 1082
16 1193
16 1288
12 1035
22 1032
21 1085
13 1007
24 1302
26 1216
14 1256
14 1325
26 1426
23 1321
22 1466
17 1456
21 1358
16 1327
18 1042
24 1060
21 1060
25 1204
29 1083
25 1270
19 1366
21 1275
15 1399
11 1127
21 1282
22 1416
14 1242
20 1198
14 1290
16 1048
23 1439
20 1150
16 1222
16 1004
11 1181
12 1177
29 1153
25 1109
22 1353
10 1419
13 1317
18 1367
14 1031
23 1283
22 1374
19 1330
18 1276
18 1315
21 1120
23 1306
23 1419
29 1201
23 1155
28 1059
29 1328
15 1108
20 1423
16 1196
11 1153
25 1401
19 1053
17 1299
21 1066
19 1058
23 1427
23 1387
27 1048
27 1198
12 1277
16 1344
14 1432
12 1062
26 1127
26 1076
17 1312
29 1225
18 1203
15 1063
23 1079
10 1078
29 1169
27 1424
16 1315
13 1221
19 1110
16 1485
15 1060
22 1450
26 1189
18 1006
11 1493
23 1011
25 1444
21 1394
27 1307
22 1190
21 1072
25 1313
23 1243
16 1450
12 1417
17 1195
11 1406
29 1298
29 1130
29 1125
29 1069
28 1401
13 1411
25 1374
14 1465
10 1115
11 1465
13 1186
14 1459
25 1088
27 1299
29 1488
21 1382
23 1214
15 1089
27 1183
13 1372
13 1449
16 1384
19 1450
14 1033
23 1224
23 1353
17 1004
16 1396
18 1147
19 1171
13 1207
10 1478
28 1215
21 1325
10 1098
25 1393
20 1230
18 1190
19 1292
19 1359
18 1265
15 1043
10 1170
23 1456
10 1206
21 1052
29 1411
19 1347
18 1234
11 1319
12 1306
24 1098
25 1150
15 1433
15 1393
22 1377
14 1014
20 1259
29 1394
21 1336
11 1407
15 1073
12 1418
17 1069
12 1136
11 1405
11 1188
10 1150
20 1410
24 1187
20 1468
14 1413
23 1481
21 1226
14 1167
13 1207
14 1064
13 1013
21 1069
23 1080
27 1003
13 1485
11 1119
22 1496
24 1181
10 1177
23 1115
14 1152
26 1124
29 1264
28 1051
10 1215
20 1385
10 1240
26 1140
18 1222
25 1241
26 1139
21 1132
25 1425
20 1257
28 1256
19 1446
18 1213
26 1091
21 1312
16 1201
12 1464
21 1320
17 1028
27 1131
25 1236
26 1122
29 1086
18 1123
19 1307
12 1262
10 1447
23 1161
11 1368
24 1073
15 1021
20 1288
21 1377
29 1190
21 1241
26 1437
27 1184
19 1456
12 1371
28 1000
25 1186
20 1130
28 1480
17 1387
18 1410
15 1160
15 1011
22 1020
23 1328
23 1087
17 1434
24 1388
17 1041
26 1347
16 1480
25 1006
14 1417
25 1051
28 1368
20 1497
12 1029
26 1131
21 1302
26 1044
25 1251
23 1183
14 1332
15 1339
25 1299
25 1248
24 1233
16 1181
22 1425
22 1301
12 1166
21 1367
19 1385
28 1295
22 1072
23 1450
17 1323
27 1405
25 1487
15 1043
10 1249
11 1333
22 1103
24 1023
12 1323
21 1495
14 1211
20 1238
25 1005
15 1338
17 1416
13 1496
28 1386
20 1248
14 1058
18 1187
26 1482
29 1423
27 1287
22 1332
19 1067
23 1380
12 1075
14 1289
19 1311
27 1173
12 1345
21 1207
15 1079
28 1148
27 1143
29 1404
28 1022
12 1018
12 1452
17 1491
17 1428
21 1040
16 1243
25 1338
23 1083
13 1252
21 1036
20 1484
20 1084
26 1493
26 1456
25 1445
25 1339
17 1196
24 1271
18 1368
14 1018
17 1332
15 1080
22 1410
20 1233
15 1464
15 1311
27 1326
10 1004
10 1495
14 1061
19 1083
11 1409
19 1355
11 1259
19 1003
28 1446
16 1440
10 1316
13 1438
19 1094
22 1469
23 1136
22 1308
14 1348
15 1105
20 1346
22 1176
28 1393
15 1431
25 1121
20 1439
18 1174
24 1232
23 1271
29 1395
26 1195
17 1475
12 1430
23 1112
27 1195
25 1050
27 1029
11 1285
23 1130
23 1366
29 1172
26 1113
23 1330
14 1256
18 1290
17 1363
18 1285
18 1245
10 1357
16 1258
17 1022
21 1328
13 1322
28 1211
13 1078
23 1141
29 1296
23 1404
29 1112
28 1289
29 1381
12 1038
27 1347
10 1412
16 1016
17 1141
12 1239
20 1050
19 1174
20 1077
16 1394
22 1493
20 1247
20 1015
29 1442
13 1326
19 1280
27 1471
14 1206
11 1352
19 1258
20 1219
22 1208
27 1155
24 1201
24 1399
17 1416
27 1064
18 1210
28 1115
16 1469
24 1277
27 1222
15 1419
13 1415
13 1085
22 1457
12 1492
22 1094
14 1162
22 1414
20 1458
26 1397
26 1444
20 1019
27 1034
28 1345
12 1075
12 1390
29 1024
27 1176
21 1143
18 1039
13 1308
25 1022
20 1349
15 1178
28 1416
25 1044
27 1424
21 1255
20 1029
17 1024
22 1069
20 1374
15 1377
26 1052
29 1190
15 1043
24 1121
26 1423
18 1465
11 1381
26 1415
12 1256
24 1010
16 1295
11 1022
13 1112
25 1108
19 1095
24 1357
10 1261
20 1107
21 1491
20 1483
18 1217
13 1236
14 1310
28 1430
14 1204
10 1463
18 1264
28 1408
10 1056
23 1467
26 1074
14 1212
25 1437
14 1233
15 1210
24 1236
17 1179
19 1220
27 1184
15 1358
23 1003
12 1362
12 1169
12 1171
16 1049
13 1002
26 1432
17 1224
12 1319
11 1408
16 1195
14 1049
25 1099
12 1193
13 1349
22 1171
10 1153
26 1250
27 1010
22 1376
21 1343
22 1431
14 1493
16 1206
10 1396
10 1441
28 1283
13 1261
23 1490
21 1200
19 1382
19 1048
17 1060
14 1482
28 1279
10 1284
29 1298
21 1453
16 1236
14 1236
26 1359
29 1345
20 1413
12 1370
18 1270
24 1087
15 1320
14 1373
18 1267
13 1125
27 1430
16 1447
18 1199
11 1381
26 1299
23 1258
22 1224
24 1195
28 1260
27 1195
13 1034
23 1092
17 1475
14 1232
18 1019
11 1352
22 1267
10 1380
13 1067
21 1442
23 1197
25 1162
24 1124
11 1365
22 1034
28 1151
12 1316
29 1161
17 1063
29 1411
16 1020
17 1206
17 1298
15 1173
25 1024
21 1484
13 1340
16 1280
10 1351
21 1355
27 1348
24 1120
19 1499
17 1451
21 1263
14 1195
13 1120
21 1171
14 1010
19 1210
26 1064
12 1354
10 1330
29 1216
16 1225
26 1322
10 1366
19 1231
23 1003
17 1039
24 1478
14 1214
29 1397
15 1400
17 1059
24 1032
29 1208
11 1179
25 1393
10 1279
27 1290
18 1432
18 1467
13 1097
18 1448
23 1014
21 1414
23 1200
18 1250
24 1374
12 1437
11 1315
10 1052
22 1007
10 1365
19 1294
16 1334
20 1328
26 1109
11 1448
11 1139
24 1091
10 1054
16 1359
10 1431
29 1105
21 1069
15 1205
15 1248
21 1451
24 1238
27 1063
10 1393
11 1164
25 1372
24 1174
10 1329
25 1179
10 1478
17 1114
13 1184
29 1419
23 1234
21 1284
21 1327
19 1207
11 1435
17 1282
15 1108
12 1383
13 1155
18 1078
12 1182
22 1225
23 1320
25 1178
29 1252
24 1342
16 1384
16 1324
12 1030
17 1047
14 1328
23 1152
18 1084
11 1220
16 1453
26 1493
15 1443
14 1374
13 1220
15 1177
14 1481
16 1257
12 1316
16 1185
11 1078
23 1485
17 1207
29 1310
14 1245
17 1326
16 1436
18 1272
18 1018
20 1021
19 1310
18 1128
14 1080
22 1434
10 1090
12 1245
17 1204
12 1079
16 1063
21 1120
13 1377
12 1071
11 1065
22 1092
11 1312
15 1110
28 1145
19 1062
12 1473
28 1076
26 1309
19 1302
24 1288
15 1153
18 1155
28 1292
24 1012
27 1371
19 1435
12 1123
11 1436
17 1347
10 1070
17 1061
10 1051
13 1325
17 1463
29 1448
23 1309
13 1321
18 1418
29 1442
12 1424
17 1422
13 1325
28 1346
15 1218
19 1067
16 1199
21 1012
13 1063
15 1443
20 1434
19 1174
20 1031
18 1357
28 1443
15 1392
24 1440
12 1122
27 1297
26 1474
15 1102
18 1351
21 1113
24 1087
10 1087
10 1008
24 1288
11 1140
13 1313
23 1181
26 1448
26 1183
12 1475
22 1495
26 1096
23 1043
10 1335
17 1452
13 1144
29 1036
25 1351
27 1162
26 1394
23 1025
15 1271
17 1121
28 1265
27 1051
25 1258
21 1186
10 1310
22 1108
13 1045
28 1208
23 1163
15 1312
18 1175
25 1274
19 1152
13 1413
14 1222
27 1463
12 1088
19 1490
13 1444
21 1274
20 1293
27 1338
19 1454
17 1149
18 1259
12 1230
28 1019
23 1205
24 1175
16 1171
27 1085
24 1445
28 1194
13 1257
25 1313
24 1006
20 1273
20 1454
22 1258
27 1297
27 1342
26 1077
21 1265
18 1122
21 1205
27 1059
14 1431
15 1113
15 1340
29 1259
24 1086
25 1100
23 1376
13 1042
25 1246
18 1401
24 1286
13 1012
12 1393
26 1124
22 1402
20 1391
22 1369
17 1129
26 1232
10 1458
20 1351
26 1204
16 1138
16 1474
23 1246
10 1150
15 1167
12 1083
19 1357
21 1041
29 1454
26 1069
16 1148
15 1073
15 1084
20 1432
11 1430
10 1403
29 1155
15 1453
25 1010
15 1035
21 1013
12 1051
23 1117
29 1248
23 1315
19 1348
17 1469
24 1216
20 1019
20 1238
23 1448
26 1450
22 1086
10 1155
28 1411
25 1056
10 1305
26 1180
13 1148
29 1318
23 1094
25 1033
11 1260
12 1265
21 1426
25 1096
26 1344
20 1320
18 1222
10 1138
29 1396
27 1425
17 1273
29 1302
10 1416
20 1466
15 1444
27 1182
28 1080
14 1070
10 1224
10 1364
22 1322
28 1362
20 1483
28 1283
11 1420
24 1166
17 1213
24 1329
21 1357
29 1044
21 1026
19 1377
28 1126
22 1248
26 1098
19 1044
21 1389
24 1194
28 1358
26 1365
24 1132
27 1467
12 1472
21 1374
28 1363
16 1018
27 1010
20 1171
11 1413
13 1484
16 1154
20 1345
17 1426
17 1490
17 1431
17 1304
16 1182
17 1338
25 1269
12 1388
13 1348
12 1021
22 1470
12 1037
24 1329
14 1073
20 1098
28 1187
27 1442
15 1175
12 1067
20 1102
15 1060
21 1392
16 1093
12 1488
14 1051
25 1228
13 1320
22 1386
22 1223
20 1336
24 1354
13 1117
13 1487
16 1048
15 1156
25 1267
28 1110
28 1375
27 1073
11 1095
25 1256
21 1204
12 1329
11 1352
14 1414
10 1123
21 1080
23 1320
10 1360
12 1469
22 1411
29 1370
14 1314
29 1379
28 1226
10 1176
15 1298
26 1237
14 1091
25 1439
27 1455
18 1273
12 1149
13 1018
23 1184
20 1486
11 1469
27 1135
18 1430
23 1012
23 1387
11 1340
12 1365
28 1377
10 1310
27 1383
12 1395
17 1033
12 1380
11 1338
23 1232
28 1311
25 1020
24 1425
22 1115
24 1129
11 1097
16 1195
16 1040
19 1350
13 1372
25 1222
29 1062
28 1386
26 1175
13 1357
18 1157
16 1016
24 1042
16 1134
25 1277
20 1232
20 1193
28 1028
22 1116
28 1326
25 1471
27 1201
26 1145
29 1156
16 1073
16 1254
29 1209
14 1167
19 1014
24 1214
11 1488
23 1310
11 1231
29 1379
14 1349
26 1011
28 1272
13 1470
13 1449
28 1059
19 1040
14 1396
19 1398
29 1106
27 1331
15 1093
15 1135
14 1414
28 1053
24 1298
12 1291
21 1473
21 1094
11 1170
21 1131
12 1438
28 1348
28 1185
21 1069
18 1383
25 1387
20 1279
13 1278
29 1049
14 1463
16 1369
17 1092
12 1263
28 1451
28 1195
17 1144
22 1468
11 1290
26 1439
10 1161
27 1266
27 1155
18 1345
17 1268
18 1301
10 1000
15 1202
18 1401
23 1254
12 1443
17 1305
12 1218
16 1384
20 1282
25 1197
17 1203
18 1411
18 1161
25 1059
14 1467
29 1440
20 1090
21 1076
25 1196
20 1468
16 1032
23 1000
13 1226
20 1154
25 1100
10 1108
12 1320
11 1279
18 1453
14 1494
10 1066
19 1272
15 1377
14 1205
15 1194
26 1257
17 1085
20 1187
23 1459
27 1225
13 1380
27 1273
21 1184
25 1001
13 1281
29 1176
29 1401
27 1296
10 1171
28 1301
21 1243
12 1154
12 1312
26 1452
20 1441
20 1454
29 1237
17 1263
19 1257
12 1213
21 1189
24 1019
24 1427
21 1090
27 1179
13 1032
20 1380
27 1274
29 1335
12 1035
29 1139
12 1160
29 1019
10 1429
20 1176
17 1226
24 1355
27 1280
29 1215
22 1338
20 1248
26 1183
13 1210
22 1097
20 1374
29 1248
23 1164
18 1476
13 1320
24 1291
26 1434
24 1421
17 1098
23 1158
19 1228
15 1458
23 1301
23 1353
28 1033
18 1323
18 1081
28 1199
10 1226
23 1418
15 1216
23 1009
18 1391
11 1350
11 1092
28 1291
25 1261
16 1204
25 1123
24 1452
13 1352
17 1279
18 1001
13 1389
20 1470
12 1001
25 1310
20 1400
12 1080
28 1139
25 1231
23 1017
29 1439
23 1375
19 1141
17 1165
12 1236
25 1344
16 1354
20 1160
23 1148
26 1458
27 1312
10 1027
27 1029
20 1133
20 1139
20 1139
29 1088
11 1019
13 1257
17 1425
23 1405
17 1380
11 1056
11 1249
25 1140
15 1040
14 1053
23 1384
29 1109
11 1182
27 1246
24 1126
22 1285
21 1413
29 1407
17 1132
29 1410
12 1084
15 1175
23 1135
24 1447
21 1098
29 1392
16 1174
10 1378
10 1250
21 1137
16 1484
26 1367
15 1348
21 1359
12 1426
20 1000
19 1051
26 1033
15 1378
23 1206
26 1119
25 1489
15 1461
20 1088
17 1480
15 1435
11 1453
26 1265
20 1105
29 1401
21 1139
14 1480
17 1317
24 1365
10 1182
14 1114
12 1152
20 1382
15 1157
21 1368
13 1290
21 1481
15 1347
21 1274
10 1449
23 1089
21 1086
27 1082
16 1370
22 1221
22 1401
20 1483
14 1123
21 1096
23 1259
10 1201
24 1124
10 1433
19 1224
25 1272
19 1258
20 1052
17 1294
18 1169
15 1000
11 1103
10 1313
21 1074
18 1061
19 1241
17 1239
14 1155
26 1107
26 1473
10 1472
22 1308
29 1079
11 1094
24 1106
19 1263
25 1000
24 1026
13 1197
21 1310
19 1034
10 1417
12 1111
14 1485
29 1153
11 1384
24 1382
12 1398
12 1068
11 1457
17 1218
21 1143
25 1269
17 1251
25 1195
11 1416
19 1284
11 1211
14 1489
18 1055
13 1054
10 1378
27 1090
16 1126
24 1067
20 1459
19 1399
11 1483
22 1082
28 1433
10 1483
16 1264
21 1182
16 1238
25 1001
17 1242
28 1372
22 1495
12 1263
27 1196
21 1387
17 1057
10 1008
24 1387
18 1237
23 1428
16 1197
24 1248
18 1128
25 1083
22 1231
26 1119
10 1294
19 1039
24 1438
23 1435
28 1054
15 1220
24 1048
14 1441
22 1260
20 1011
21 1107
20 1243
19 1218
12 1394
14 1035
14 1348
24 1066
10 1151
27 1026
19 1070
25 1060
10 1389
22 1410
15 1110
11 1250
11 1263
18 1362
11 1095
23 1085
12 1082
15 1407
20 1481
29 1325
23 1434
24 1496
17 1201
18 1396
29 1367
16 1145
27 1097
18 1272
18 1330
29 1265
24 1252
18 1468
21 1057
11 1111
24 1269
19 1094
29 1205
10 1118
16 1264
14 1025
29 1106
26 1043
28 1492
18 1012
22 1316
21 1185
26 1160
23 1458
10 1108
23 1241
21 1455
13 1234
17 1412
10 1212
13 1221
17 1225
26 1051
19 1493
15 1148
17 1441
25 1293
17 1013
24 1119
27 1135
29 1121
19 1447
29 1488
28 1452
23 1148
21 1197
19 1048
14 1010
11 1078
18 1039
14 1064
26 1031
18 1045
15 1056
29 1215
27 1161
18 1150
21 1077
21 1347
27 1326
12 1136
17 1351
28 1402
26 1129
25 1368
16 1142
17 1437
27 1491
23 1456
26 1270
15 1337
20 1394
20 1151
12 1053
22 1440
11 1180
18 1395
28 1117
19 1165
24 1382
18 1056
25 1145
22 1174
25 1488
25 1243
17 1363
29 1479
10 1018
29 1335
22 1498
14 1000
28 1349
22 1135
17 1334
24 1483
28 1298
25 1304
28 1107
15 1194
10 1410
29 1409
14 1465
26 1208
28 1449
21 1404
13 1324
22 1069
25 1049
18 1379
28 1091
15 1013
14 1306
24 1337
12 1223
20 1252
27 1008
18 1468
16 1089
14 1419
18 1305
13 1373
18 1018
18 1382
26 1344
15 1048
22 1256
17 1338
21 1279
18 1488
11 1394
29 1302
16 1157
27 1197
14 1433
18 1098
11 1172
25 1002
10 1458
22 1357
10 1070
14 1196
14 1117
13 1493
27 1227
25 1487
28 1051
15 1409
22 1163
21 1251
25 1147
13 1190
13 1225
13 1226
23 1371
22 1039
18 1481
24 1058
14 1044
28 1483
22 1415
29 1250
17 1415
10 1339
12 1215
25 1419
15 1117
10 1374
29 1156
18 1074
28 1012
26 1230
27 1099
29 1409
18 1096
19 1463
29 1058
19 1136
11 1343
21 1371
17 1417
28 1473
16 1283
22 1340
28 1061
21 1177
27 1396
10 1272
24 1062
29 1241
11 1175
27 1480
12 1069
11 1141
19 1406
22 1256
10 1298
13 1437
25 1387
24 1250
11 1190
16 1091
25 1262
14 1462
14 1469
22 1223
10 1499
11 1002
28 1410
15 1415
18 1437
26 1448
19 1129
16 1251
22 1113
20 1253
16 1285
16 1111
28 1183
19 1003
14 1038
24 1022
18 1176
29 1319
17 1313
27 1342
17 1128
24 1377
26 1287
18 1139
26 1281
23 1317
29 1324
19 1493
20 1055
26 1459
28 1095
15 1114
15 1375
26 1382
15 1385
18 1140
12 1220
12 1411
11 1109
26 1398
14 1024
22 1013
16 1499
24 1370
12 1485
26 1302
19 1123
29 1140
18 1058
26 1244
25 1002
11 1275
14 1173
29 1099
26 1427
14 1211
28 1485
14 1322
20 1404
18 1071
12 1340
16 1297
27 1236
22 1304
11 1409
12 1483
15 1496
17 1141
16 1230
13 1293
22 1065
24 1392
27 1262
14 1263
21 1001
18 1311
14 1055
14 1315
21 1357
17 1327
19 1203
23 1348
12 1381
27 1069
27 1220
24 1161
10 1196
17 1382
15 1383
26 1444
15 1219
21 1097
28 1182
28 1006
16 1111
21 1475
23 1430
23 1460
13 1434
21 1000
10 1473
25 1002
22 1205
12 1363
27 1449
23 1458
12 1351
16 1412
20 1203
22 1153
18 1486
17 1443
13 1198
22 1165
19 1222
27 1295
27 1258
28 1360
11 1140
27 1321
26 1115
27 1369
26 1456
25 1047
15 1002
19 1148
11 1306
28 1457
10 1322
27 1399
12 1393
15 1130
13 1199
19 1275
27 1240
21 1468
19 1156
22 1095
29 1456
15 1021
12 1056
26 1079
26 1332
13 1277
19 1383
22 1376
28 1430
20 1021
19 1426
23 1067
11 1192
29 1389
22 1036
25 1213
21 1440
23 1477
29 1321
13 1266
21 1380
24 1049
20 1197
20 1116
13 1021
14 1320
13 1172
15 1411
23 1484
21 1406
11 1211
26 1044
13 1217
19 1249
24 1255
28 1029
13 1003
28 1205
20 1021
16 1198
12 1081
10 1042
23 1311
24 1479
27 1041
19 1465
14 1453
10 1400
29 1264
10 1471
10 1198
24 1375
16 1220
20 1343
16 1063
12 1253
23 1450
14 1280
16 1463
19 1269
26 1491
15 1290
20 1231
25 1187
27 1210
20 1241
28 1078
14 1238
19 1043
21 1406
29 1478
23 1286
27 1334
13 1085
13 1161
21 1337
16 1254
12 1268
27 1099
13 1153
26 1056
16 1231
29 1122
28 1186
27 1421
11 1196
22 1471
11 1278
16 1440
10 1223
24 1320
12 1251
18 1292
28 1416
17 1383
19 1354
29 1398
18 1089
18 1120
11 1324
19 1161
10 1198
14 1148
11 1026
20 1113
13 1344
16 1458
24 1496
12 1433
22 1226
18 1455
21 1155
23 1472
14 1320
18 1089
17 1373
11 1410
17 1395
14 1167
24 1467
18 1033
27 1484
26 1264
19 1090
12 1332
14 1404
25 1260
28 1339
21 1063
19 1200
20 1440
24 1390
19 1357
24 1242
14 1425
12 1431
14 1066
27 1448
21 1157
23 1203
20 1096
10 1444
10 1082
16 1477
24 1377
29 1069
17 1236
10 1035
11 1112
29 1237
17 1283
12 1016
19 1398
15 1466
27 1137
13 1406
27 1092
26 1265
20 1247
11 1015
22 1134
14 1481
19 1155
16 1025
26 1378
29 1391
14 1375
12 1369
22 1168
28 1073
18 1041
26 1453
28 1259
26 1265
15 1107
12 1122
16 1355
20 1391
18 1067
12 1445
29 1289
23 1073
18 1106
13 1367
22 1259
23 1224
20 1084
18 1191
25 1188
29 1203
24 1335
18 1127
18 1230
10 1139
17 1249
21 1117
25 1457
22 1404
20 1343
17 1222
28 1040
12 1045
26 1046
22 1431
25 1234
17 1084
24 1392
14 1223
25 1280
15 1346
27 1231
21 1328
26 1221
14 1128
29 1372
16 1466
18 1319
23 1110
15 1371
22 1097
10 1135
19 1198
16 1212
16 1054
23 1232
24 1423
18 1020
23 1477
19 1344
10 1388
16 1197
19 1127
19 1297
26 1291
16 1219
20 1057
22 1337
18 1343
27 1291
13 1482
25 1026
24 1004
20 1008
10 1003
14 1178
15 1376
26 1274
28 1282