3400 5000
26 1073
17 1349
27 1390
20 1353
27 1293
13 1439
11 1170
23 1351
13 1235
25 1304
11 1027
20 1481
27 1207
10 1456
12 1388
22 1088
12 1078
21 1480
25 1185
25 1244
26 1104
13 1392
13 1141
15 1469
29 1445
21 1481
29 1363
15 1395
26 1176
20 1195
15 1085
21 1188
29 1346
15 1051
10 1077
10 1421
17 1495
10 1457
14 1037
19 1311
27 1161
17 1278
28 1237
27 1402
20 1068
23 1425
23 1276
14 1384
18 1053
29 1120
25 1005
24 1209
28 1439
20 1162
14 1050
24 1099
23 1234
18 1499
16 1289
14 1198
28 1271
25 1470
25 1422
28 1121
21 1412
23 1173
21 1287
12 1363
26 1274
16 1349
24 1003
10 1423
10 1420
18 1289
28 1215
27 1364
22 1333
19 1379
22 1315
26 1229
10 1477
28 1255
13 1050
19 1133
10 1423
10 1255
18 1129
19 1092
23 1113
20 1485
19 1130
15 1434
10 1161
10 1126
13 1453
29 1029
17 1380
17 1101
21 1188
17 1228
19 1019
24 1372
12 1119
28 1483
22 1182
24 1258
22 1078
20 1106
21 1296
26 1305
29 1488
23 1113
26 1371
15 1491
21 1453
27 1392
19 1399
26 1494
11 1249
17 1439
25 1311
24 1077
23 1444
13 1056
24 1286
16 1408
16 1272
16 1009
15 1467
29 1024
19 1128
18 1313
10 1359
18 1432
19 1298
13 1033
16 1144
13 1259
23 1060
29 1357
26 1374
22 1113
19 1443
21 1471
15 1137
20 1235
13 1071
12 1362
14 1406
17 1025
22 1024
15 1431
18 1028
16 1109
25 1223
24 1149
13 1353
11 1469
19 1495
28 1369
29 1266
18 1161
12 1273
12 1483
15 1330
21 1304
24 1222
18 1198
26 1397
23 1056
22 1495
26 1416
21 1406
25 1432
16 1469
26 1155
28 1488
28 1468
26 1098
19 1422
11 1465
10 1347
12 1256
15 1007
13 1005
21 1262
20 1442
10 1094
24 1021
27 1208
16 1012
14 1194
20 1013
17 1381
14 1233
21 1037
11 1475
13 1283
12 1279
25 1041
14 1406
10 1004
21 1070
22 1012
20 1364
27 1199
28 1128
21 1385
28 1191
11 1317
15 1325
25 1389
27 1090
14 1223
16 1434
20 1196
18 1103
17 1467
12 1326
25 1256
17 1358
15 1008
17 1032
13 1331
20 1463
22 1464
11 1096
21 1444
24 1489
29 1052
18 1317
28 1150
26 1178
21 1481
14 1498
23 1072
26 1419
25 1277
20 1034
28 1146
23 1274
29 1378
24 1036
12 1027
10 1209
26 1310
23 1005
19 1072
26 1094
12 1078
11 1492
18 1384
22 1330
25 1404
24 1260
17 1060
12 1448
28 1498
17 1271
22 1411
28 1404
23 1275
25 1199
12 1169
15 1176
14 1219
14 1393
26 1303
14 1408
29 1218
16 1217
28 1063
28 1459
14 1304
23 1321
22 1444
10 1286
23 1253
24 1168
18 1497
13 1108
10 1189
16 1410
11 1222
20 1159
10 1030
29 1432
27 1377
18 1081
21 1423
21 1488
27 1430
28 1148
19 1139
23 1377
13 1245
18 1432
14 1401
17 1061
27 1192
24 1465
11 1050
28 1080
22 1003
25 1138
14 1122
17 1169
27 1166
22 1253
12 1365
12 1288
16 1491
22 1025
11 1079
20 1480
28 1351
16 1192
20 1474
24 1415
11 1340
11 1007
11 1418
11 1061
26 1420
24 1179
14 1262
21 1338
23 1172
11 1264
29 1149
27 1038
26 1002
25 1317
11 1378
15 1130
28 1020
20 1090
12 1073
24 1218
29 1416
27 1425
14 1281
14 1037
13 1211
24 1019
18 1193
25 1465
26 1441
24 1149
24 1197
14 1307
16 1412
15 1422
27 1370
28 1405
22 1436
12 1304
22 1096
12 1122
23 1079
13 1448
29 1437
20 1269
19 1157
26 1260
21 1076
19 1053
25 1201
18 1014
25 1120
19 1495
11 1360
11 1205
17 1125
26 1471
21 1396
26 1102
22 1491
16 1459
11 1493
26 1372
17 1377
29 1464
28 1140
24 1386
25 1115
17 1077
12 1099
13 1476
20 1100
22 1395
24 1024
12 1063
20 1240
21 1204
20 1275
25 1397
12 1396
24 1043
13 1236
17 1344
24 1245
29 1047
10 1343
10 1041
15 1225
27 1212
28 1405
27 1102
23 1353
25 1244
15 1036
17 1122
20 1069
12 1007
22 1159
17 1271
22 1056
13 1175
18 1489
11 1316
20 1159
29 1248
18 1170
18 1071
17 1019
15 1307
18 1001
26 1010
24 1223
18 1293
18 1496
25 1070
24 1499
14 1404
22 1024
20 1169
26 1499
26 1129
22 1142
27 1105
17 1002
22 1311
11 1181
15 1033
21 1292
19 1030
22 1342
29 1245
26 1277
15 1184
29 1186
23 1370
12 1346
15 1396
23 1031
14 1449
27 1314
13 1038
27 1236
26 1390
19 1152
29 1402
29 1256
18 1039
21 1498
29 1493
24 1399
15 1235
21 1005
20 1406
10 1470
25 1036
22 1261
15 1424
22 1204
18 1309
20 1019
15 1480
12 1230
27 1111
19 1295
18 1029
26 1377
26 1072
28 1409
28 1407
15 1178
23 1012
27 1209
22 1011
13 1000
15 1410
12 1048
13 1138
24 1048
19 1104
10 1429
27 1230
21 1367
24 1085
26 1293
22 1260
27 1312
17 1332
28 1412
27 1139
14 1477
28 1234
19 1047
13 1268
17 1245
25 1120
28 1138
18 1160
19 1409
12 1061
16 1222
27 1333
15 1345
18 1054
17 1234
21 1304
13 1036
15 1031
20 1421
21 1109
26 1106
24 1236
28 1165
27 1103
28 1114
10 1263
26 1408
12 1486
10 1040
23 1329
17 1116
20 1110
19 1250
29 1226
18 1423
24 1216
29 1230
11 1159
25 1202
16 1211
19 1091
24 1400
25 1368
17 1301
16 1101
29 1468
15 1208
26 1455
23 1478
29 1418
29 1480
18 1287
20 1383
23 1307
22 1488
25 1464
26 1382
19 1205
29 1282
16 1052
19 1491
13 1464
13 1227
18 1424
29 1406
16 1104
18 1187
15 1274
18 1420
28 1497
29 1108
23 1043
24 1387
18 1435
16 1483
19 1183
20 1394
15 1396
22 1495
15 1035
20 1022
16 1209
12 1334
27 1435
24 1116
20 1196
27 1007
21 1020
11 1244
11 1359
29 1293
17 1178
16 1210
20 1353
15 1141
12 1219
28 1140
11 1359
18 1040
18 1299
15 1229
28 1210
14 1028
25 1189
13 1185
11 1113
18 1411
29 1136
18 1158
15 1480
27 1085
10 1078
21 1046
24 1153
24 1323
29 1272
29 1176
25 1417
14 1044
14 1376
12 1196
27 1346
15 1248
28 1445
14 1018
19 1419
14 1043
15 1014
15 1365
22 1031
11 1371
10 1197
29 1437
17 1461
13 1264
19 1074
17 1223
10 1367
25 1177
28 1430
11 1270
19 1206
24 1130
20 1483
15 1386
22 1301
11 1187
14 1374
22 1077
12 1333
16 1289
10 1214
14 1449
26 1420
14 1287
19 1076
26 1180
12 1222
24 1245
28 1330
13 1410
26 1041
17 1270
29 1021
26 1171
13 1239
15 1206
10 1171
25 1427
15 1046
21 1006
18 1322
21 1240
28 1241
23 1309
24 1005
16 1088
20 1001
13 1323
14 1402
19 1465
12 1424
21 1190
26 1223
11 1201
24 1051
22 1284
28 1057
28 1418
16 1041
19 1355
12 1446
27 1420
23 1173
22 1471
11 1354
14 1320
28 1052
21 1366
13 1092
21 1166
27 1281
14 1200
29 1068
22 1112
11 1404
14 1262
26 1244
10 1396
26 1450
29 1337
10 1480
11 1440
15 1374
14 1411
21 1329
11 1455
19 1422
20 1303
29 1359
26 1473
14 1461
11 1092
26 1201
21 1099
23 1458
18 1078
17 1234
14 1166
19 1344
29 1211
18 1387
21 1199
29 1276
22 1084
16 1491
13 1034
24 1120
27 1138
21 1363
11 1231
22 1380
24 1298
26 1066
15 1390
11 1117
21 1466
13 1037
17 1248
29 1467
28 1260
13 1067
10 1424
14 1127
14 1240
11 1020
16 1474
24 1427
17 1187
26 1210
16 1355
18 1499
25 1254
12 1237
26 1084
22 1305
25 1439
16 1376
29 1481
12 1078
20 1096
18 1492
13 1121
25 1380
28 1124
13 1437
29 1495
27 1406
29 1072
19 1364
13 1449
21 1091
18 1005
27 1430
14 1464
25 1409
19 1098
24 1494
19 1329
23 1073
24 1186
21 1195
23 1477
29 1268
28 1270
19 1468
25 1358
24 1090
21 1019
12 1273
11 1429
29 1330
21 1325
20 1223
11 1339
22 1316
16 1289
16 1275
28 1451
22 1049
15 1373
23 1136
14 1235
23 1000
14 1447
20 1494
23 1302
22 1221
14 1073
25 1071
15 1226
15 1143
25 1446
24 1239
12 1109
13 1119
21 1422
25 1195
28 1107
18 1071
22 1307
18 1223
29 1118
26 1456
13 1456
22 1237
11 1306
22 1157
15 1054
24 1285
14 1113
16 1245
21 1113
13 1279
25 1186
27 1442
26 1204
25 1439
27 1019
15 1462
29 1460
13 1015
11 1245
11 1397
29 1367
28 1396
22 1050
17 1163
14 1407
15 1445
11 1466
21 1347
18 1124
21 1098
12 1311
26 1107
13 1299
16 1079
12 1318
16 1299
28 1152
21 1242
16 1072
14 1465
17 1476
22 1102
22 1145
16 1090
23 1203
20 1047
25 1070
19 1230
21 1277
15 1381
23 1257
29 1454
11 1387
10 1044
29 1226
24 1143
13 1233
23 1365
27 1262
19 1078
15 1319
22 1173
16 1142
16 1156
29 1012
26 1392
17 1368
26 1003
24 1338
23 1083
10 1490
28 1295
16 1016
12 1347
15 1331
28 1433
11 1454
21 1135
12 1187
15 1088
17 1153
17 1095
27 1337
26 1328
15 1305
24 1228
19 1334
10 1200
17 1376
21 1059
10 1187
16 1466
23 1139
15 1374
28 1090
21 1446
13 1155
19 1182
24 1356
13 1254
21 1479
12 1020
18 1319
20 1015
14 1162
26 1357
22 1312
18 1438
20 1112
11 1176
24 1323
18 1326
13 1266
16 1486
23 1085
25 1058
26 1132
21 1354
15 1169
29 1159
26 1240
28 1311
21 1242
18 1377
20 1075
26 1349
15 1095
22 1248
28 1428
28 1494
27 1387
28 1298
19 1221
26 1445
20 1282
15 1426
13 1171
29 1426
29 1201
14 1074
16 1182
28 1299
25 1040
23 1430
11 1150
26 1222
17 1208
14 1199
27 1310
18 1279
14 1281
23 1071
29 1158
16 1117
21 1224
24 1480
21 1173
15 1312
27 1110
15 1319
17 1497
29 1043
19 1185
17 1480
12 1312
27 1476
25 1190
22 1094
22 1222
23 1037
15 1295
20 1159
26 1277
11 1272
10 1120
22 1083
15 1302
20 1076
17 1128
23 1065
24 1487
25 1038
26 1105
10 1019
18 1245
12 1218
19 1376
16 1440
26 1218
25 1078
11 1138
21 1088
16 1373
29 1482
26 1242
26 1242
15 1218
15 1138
15 1470
16 1441
25 1110
14 1176
11 1119
23 1446
21 1430
16 1426
18 1208
16 1191
27 1479
28 1123
17 1379
11 1282
21 1029
18 1390
21 1413
25 1485
28 1058
21 1406
15 1409
18 1104
14 1241
20 1442
17 1443
20 1470
26 1317
19 1199
22 1327
11 1128
17 1002
12 1085
29 1283
22 1312
15 1021
12 1145
23 1000
20 1018
24 1391
20 1337
25 1341
20 1274
16 1197
23 1453
25 1286
25 1054
14 1357
15 1268
28 1071
13 1116
10 1330
27 1007
17 1193
29 1313
29 1102
22 1463
23 1405
29 1094
16 1491
13 1147
22 1485
15 1386
12 1307
25 1137
27 1295
13 1443
14 1287
20 1056
21 1160
18 1147
22 1428
20 1247
17 1029
17 1498
25 1455
18 1268
10 1046
20 1206
18 1240
22 1434
14 1411
12 1122
23 1474
10 1424
19 1114
21 1125
19 1005
15 1131
25 1498
25 1221
29 1265
23 1320
22 1459
28 1254
26 1156
26 1381
17 1344
12 1454
20 1240
12 1398
22 1196
11 1024
18 1298
19 1239
19 1276
27 1106
20 1456
10 1074
12 1212
14 1468
23 1335
11 1189
26 1209
15 1035
28 1262
27 1106
18 1229
10 1469
18 1012
25 1136
12 1182
20 1168
28 1002
23 1387
20 1165
21 1277
11 1243
14 1251
16 1489
28 1072
29 1421
23 1154
22 1385
27 1336
22 1399
29 1118
14 1046
11 1023
13 1357
22 1177
29 1466
23 1458
21 1293
22 1015
23 1289
19 1371
17 1005
14 1389
18 1027
21 1238
10 1417
24 1444
28 1263
21 1351
20 1307
11 1492
13 1375
28 1436
16 1167
14 1046
16 1160
11 1495
13 1005
14 1431
21 1418
29 1048
10 1491
16 1302
19 1077
20 1121
24 1019
17 1498
29 1008
24 1439
14 1347
23 1391
26 1404
25 1486
22 1470
27 1196
16 1484
21 1056
18 1194
14 1199
18 1331
25 1334
27 1198
28 1138
28 1245
28 1327
12 1062
29 1046
15 1384
25 1232
15 1209
12 1152
21 1260
23 1368
21 1408
28 1460
17 1444
27 1069
11 1093
26 1210
28 1223
29 1025
11 1171
12 1053
12 1128
20 1241
19 1456
28 1100
21 1375
19 1214
27 1162
21 1141
22 1020
17 1479
10 1062
23 1410
13 1154
13 1040
13 1309
22 1471
12 1389
17 1421
25 1473
11 1355
23 1424
10 1350
20 1167
29 1053
20 1395
24 1267
28 1211
15 1246
10 1139
21 1390
11 1421
18 1108
23 1267
13 1491
28 1090
21 1152
25 1100
18 1069
22 1017
23 1207
20 1126
18 1361
13 1217
10 1356
20 1172
17 1162
19 1020
23 1114
13 1090
23 1477
27 1047
17 1002
21 1483
15 1441
13 1281
13 1217
26 1358
27 1007
22 1173
25 1400
12 1037
13 1086
10 1342
24 1175
13 1421
26 1145
18 1126
12 1332
24 1468
27 1123
27 1230
13 1111
25 1411
14 1110
16 1387
11 1381
22 1167
24 1408
25 1089
12 1232
14 1032
23 1137
25 1097
18 1183
21 1325
25 1140
24 1343
28 1239
28 1393
14 1369
27 1398
19 1165
27 1025
29 1036
24 1239
15 1192
24 1284
15 1080
25 1148
20 1084
24 1033
12 1187
11 1290
18 1374
13 1165
23 1309
22 1326
15 1283
24 1349
26 1113
24 1471
15 1202
19 1286
15 1311
17 1133
23 1263
11 1310
10 1405
19 1473
14 1461
23 1014
23 1180
27 1029
16 1438
19 1141
10 1490
17 1194
21 1414
27 1412
11 1177
16 1489
10 1311
29 1294
20 1421
25 1273
20 1168
25 1032
10 1330
12 1382
18 1496
19 1254
14 1380
10 1064
13 1042
22 1335
16 1240
23 1396
25 1201
23 1436
10 1441
18 1180
24 1443
19 1127
28 1142
22 1146
10 1037
15 1292
27 1262
23 1292
25 1117
24 1291
14 1283
22 1499
13 1488
11 1054
17 1334
12 1487
22 1273
16 1428
25 1401
28 1231
19 1065
24 1355
11 1308
21 1288
15 1376
17 1017
27 1396
19 1070
13 1221
13 1321
19 1377
20 1156
12 1212
24 1273
10 1293
22 1225
21 1054
24 1430
12 1088
13 1108
15 1368
10 1228
25 1177
23 1086
22 1027
10 1086
10 1227
29 1377
26 1261
29 1460
19 1051
25 1318
21 1352
21 1325
17 1292
19 1015
14 1036
18 1321
20 1245
14 1117
28 1244
15 1044
27 1158
12 1238
15 1297
12 1255
20 1382
19 1096
27 1162
11 1483
29 1084
22 1336
11 1268
26 1122
18 1166
18 1092
15 1456
25 1257
29 1375
15 1327
26 1070
14 1427
15 1217
24 1028
12 1063
17 1299
21 1149
26 1091
27 1346
24 1212
29 1251
14 1124
24 1389
12 1359
20 1140
25 1471
10 1289
21 1340
11 1041
19 1270
14 1047
26 1411
13 1018
10 1394
21 1337
12 1497
27 1156
15 1018
10 1268
27 1451
29 1337
29 1280
14 1368
23 1015
22 1069
28 1472
14 1443
15 1174
26 1315
24 1084
22 1473
24 1331
12 1387
21 1183
24 1080
14 1018
29 1350
21 1137
19 1233
11 1081
18 1320
12 1268
27 1452
13 1063
24 1362
27 1111
27 1450
28 1207
18 1366
26 1389
21 1036
22 1209
29 1068
18 1408
22 1138
26 1177
29 1334
12 1435
27 1251
26 1124
28 1487
14 1178
21 1287
25 1151
16 1075
22 1008
17 1196
22 1459
15 1456
10 1462
15 1064
20 1360
26 1150
10 1294
22 1074
26 1475
15 1327
28 1393
28 1158
16 1170
10 1066
28 1319
21 1128
21 1302
14 1420
13 1326
29 1084
10 1035
16 1254
18 1486
14 1353
19 1126
13 1426
20 1331
15 1411
20 1285
28 1053
25 1318
22 1449
21 1292
23 1269
13 1499
12 1478
27 1328
17 1323
28 1382
25 1451
23 1220
20 1321
10 1047
20 1265
27 1056
17 1196
19 1456
12 1084
12 1439
24 1424
29 1371
14 1452
22 1164
12 1005
19 1346
13 1271
28 1423
29 1170
27 1010
28 1277
12 1473
22 1441
23 1099
18 1368
15 1265
21 1423
14 1101
13 1472
17 1198
14 1165
19 1027
11 1482
28 1241
25 1340
15 1416
22 1033
21 1286
15 1016
10 1390
16 1171
15 1078
29 1269
11 1454
29 1200
11 1331
10 1004
15 1119
10 1369
15 1031
26 1127
13 1076
18 1248
15 1312
23 1150
28 1479
14 1163
24 1435
25 1205
14 1392
25 1403
14 1440
19 1478
18 1489
13 1000
22 1015
25 1118
13 1119
21 1260
16 1013
18 1039
24 1380
28 1295
23 1087
21 1239
14 1482
11 1107
23 1039
19 1264
19 1470
22 1174
21 1141
22 1375
25 1388
23 1186
13 1305
12 1406
27 1462
22 1280
20 1338
13 1069
16 1298
29 1420
19 1358
19 1355
25 1335
20 1047
16 1304
19 1273
25 1374
25 1278
24 1437
15 1446
16 1084
25 1314
21 1207
22 1168
19 1463
19 1432
13 1065
22 1088
29 1076
13 1154
15 1240
24 1250
11 1248
21 1362
27 1013
11 1017
12 1147
15 1385
23 1490
19 1163
21 1461
23 1108
10 1428
11 1298
22 1272
15 1116
21 1208
23 1251
14 1273
27 1052
13 1401
12 1160
22 1420
25 1298
27 1367
16 1484
21 1267
26 1345
17 1178
23 1279
12 1122
12 1420
10 1301
29 1324
12 1168
11 1146
14 1065
22 1055
24 1261
19 1404
23 1424
25 1141
28 1471
20 1395
12 1425
11 1429
21 1157
23 1183
15 1455
27 1222
22 1477
18 1189
11 1448
29 1228
28 1451
25 1444
27 1318
12 1354
21 1230
15 1407
28 1430
24 1077
21 1041
13 1010
27 1161
12 1480
14 1083
26 1126
12 1279
12 1411
29 1474
20 1290
25 1387
26 1440
11 1443
24 1089
13 1278
11 1085
25 1392
29 1077
17 1068
11 1293
21 1297
29 1465
19 1045
27 1022
16 1234
25 1461
21 1422
20 1363
29 1075
23 1418
25 1216
17 1354
20 1032
12 1134
27 1367
13 1316
10 1234
20 1157
20 1095
17 1268
11 1025
13 1333
16 1125
11 1184
29 1244
20 1162
13 1079
23 1473
29 1021
28 1430
12 1485
13 1287
18 1059
21 1295
29 1409
19 1419
15 1459
13 1286
10 1079
22 1458
15 1258
13 1196
18 1402
15 1320
23 1138
19 1098
14 1177
25 1313
13 1170
18 1036
15 1383
26 1348
21 1276
10 1354
12 1488
11 1000
20 1451
10 1370
13 1056
29 1325
12 1477
13 1071
15 1000
24 1068
13 1466
28 1314
27 1333
27 1113
18 1084
24 1355
28 1343
17 1069
16 1271
25 1395
13 1159
20 1057
22 1067
10 1070
22 1109
11 1111
26 1117
20 1346
28 1158
15 1173
13 1036
10 1335
25 1129
21 1453
27 1455
16 1414
28 1471
25 1351
12 1063
12 1222
26 1463
28 1235
16 1131
25 1263
15 1398
12 1355
25 1206
18 1463
26 1389
16 1140
22 1021
24 1224
15 1499
17 1444
28 1304
22 1173
24 1080
21 1011
17 1471
10 1113
16 1480
11 1142
26 1416
23 1257
18 1460
26 1075
28 1100
28 1001
19 1028
24 1430
16 1357
13 1279
15 1093
29 1384
11 1280
25 1346
10 1231
21 1232
20 1295
15 1464
23 1325
24 1173
25 1211
13 1044
16 1491
12 1009
16 1225
29 1233
23 1313
23 1321
11 1242
19 1090
29 1078
29 1169
18 1253
25 1434
22 1241
29 1158
16 1366
24 1112
29 1056
26 1498
29 1335
17 1135
13 1369
25 1179
19 1020
14 1283
17 1390
13 1068
19 1360
24 1316
10 1345
10 1320
16 1279
23 1373
24 1024
19 1187
17 1187
26 1144
27 1104
21 1235
12 1266
29 1394
16 1229
13 1315
27 1369
15 1284
13 1379
13 1067
13 1480
29 1188
18 1223
29 1212
13 1362
19 1201
17 1010
10 1231
10 1189
23 1387
23 1270
25 1262
22 1382
23 1447
22 1295
19 1347
29 1478
15 1165
23 1101
25 1268
12 1254
21 1044
16 1021
11 1131
22 1395
10 1357
24 1454
12 1125
15 1355
24 1209
10 1051
17 1325
11 1472
26 1241
13 1448
11 1273
14 1112
17 1269
20 1346
23 1365
20 1353
19 1453
24 1092
23 1485
10 1300
22 1423
16 1356
29 1251
14 1317
11 1191
10 1272
14 1460
16 1257
15 1273
29 1224
19 1005
27 1212
21 1317
19 1381
14 1120
20 1051
18 1035
26 1115
26 1370
28 1107
18 1289
13 1354
29 1242
14 1181
24 1225
20 1405
18 1034
23 1002
29 1477
17 1246
27 1384
26 1264
12 1097
27 1465
12 1331
11 1304
15 1356
24 1361
20 1404
12 1422
27 1458
11 1160
16 1135
10 1281
28 1053
18 1019
28 1409
18 1019
11 1101
28 1304
10 1216
29 1433
14 1251
26 1387
18 1053
17 1483
10 1407
23 1259
12 1401
10 1020
29 1095
10 1076
28 1218
15 1162
17 1435
25 1084
20 1228
15 1160
11 1251
17 1355
19 1288
14 1027
29 1379
28 1425
26 1488
21 1344
19 1224
29 1297
10 1099
10 1040
10 1327
17 1165
27 1025
28 1441
27 1312
14 1230
11 1246
26 1259
10 1310
18 1248
20 1003
27 1027
19 1306
17 1386
17 1453
24 1466
15 1306
18 1346
26 1300
29 1486
16 1344
20 1206
21 1170
12 1184
17 1354
24 1104
16 1379
12 1289
16 1138
21 1497
10 1203
18 1258
18 1354
20 1254
15 1191
29 1107
26 1183
14 1149
26 1116
23 1391
27 1495
19 1499
12 1304
11 1311
26 1095
17 1412
14 1248
16 1059
15 1227
24 1104
25 1050
10 1139
13 1333
17 1068
16 1206
24 1194
16 1367
20 1107
27 1115
26 1009
12 1228
10 1478
20 1487
23 1179
28 1113
13 1218
18 1017
22 1235
18 1414
19 1113
24 1019
22 1066
25 1055
26 1359
27 1419
20 1153
16 1470
20 1087
26 1204
12 1304
18 1148
23 1030
27 1078
13 1478
10 1349
13 1362
12 1244
18 1048
23 1117
14 1341
28 1302
21 1305
27 1063
17 1468
13 1369
22 1097
18 1415
18 1206
23 1037
23 1199
20 1178
14 1338
18 1265
16 1475
26 1166
24 1119
20 1068
19 1395
12 1177
20 1283
21 1325
26 1093
28 1474
27 1356
16 1372
27 1370
27 1212
13 1261
19 1409
28 1059
28 1478
21 1479
26 1249
11 1252
22 1326
29 1467
25 1024
23 1456
15 1093
14 1087
23 1424
17 1189
13 1473
11 1409
10 1031
17 1341
16 1398
14 1310
24 1279
29 1120
27 1470
24 1340
29 1128
29 1106
20 1151
23 1121
12 1217
18 1255
26 1084
24 1446
22 1120
12 1431
12 1443
28 1115
20 1452
21 1129
28 1304
23 1140
27 1196
20 1288
17 1263
15 1018
14 1215
21 1305
19 1048
29 1091
18 1483
16 1187
17 1204
22 1013
18 1442
17 1464
17 1243
16 1183
24 1265
29 1119
10 1267
22 1274
15 1115
22 1195
22 1443
28 1004
22 1121
24 1349
13 1156
24 1110
16 1305
26 1287
19 1441
28 1114
29 1075
18 1390
20 1441
25 1467
21 1460
20 1358
14 1314
13 1490
18 1066
15 1034
19 1029
28 1013
23 1157
29 1488
19 1421
19 1211
14 1325
18 1248
24 1151
14 1083
22 1046
15 1105
24 1469
17 1277
23 1472
10 1268
21 1104
18 1396
28 1201
12 1415
28 1386
16 1273
13 1437
14 1175
11 1427
26 1070
16 1332
29 1063
29 1474
15 1318
21 1430
15 1192
15 1253
27 1001
18 1471
14 1026
16 1464
29 1123
18 1044
20 1178
25 1280
15 1286
15 1178
11 1223
25 1461
11 1490
14 1231
21 1139
23 1002
21 1391
15 1283
23 1378
24 1421
29 1036
24 1394
23 1206
15 1490
24 1211
17 1022
29 1460
17 1133
27 1329
14 1160
12 1148
14 1405
21 1244
15 1371
13 1259
28 1417
12 1170
28 1392
17 1350
26 1399
29 1202
20 1207
26 1375
22 1045
28 1021
22 1161
10 1069
18 1453
16 1470
23 1337
12 1353
25 1187
20 1004
13 1173
17 1153
27 1065
23 1220
10 1425
22 1422
24 1133
14 1426
27 1426
21 1315
10 1308
11 1447
15 1028
17 1338
24 1269
24 1052
22 1363
24 1141
27 1209
19 1155
22 1203
27 1328
22 1119
27 1066
12 1432
12 1050
16 1120
27 1456
13 1279
21 1192
12 1221
18 1142
15 1130
26 1433
28 1326
25 1062
18 1253
28 1376
13 1333
25 1424
15 1142
17 1077
19 1349
17 1483
16 1044
22 1297
10 1217
10 1070
12 1168
25 1441
21 1236
15 1191
17 1288
26 1213
16 1230
12 1183
15 1408
24 1118
15 1104
21 1021
19 1197
17 1089
18 1331
24 1191
17 1186
10 1092
25 1252
15 1205
21 1227
16 1324
10 1330
27 1012
10 1216
11 1222
16 1307
18 1181
29 1408
24 1153
26 1436
29 1200
13 1310
18 1428
24 1412
27 1217
11 1426
21 1198
20 1141
16 1436
10 1137
17 1063
24 1252
22 1327
15 1463
14 1384
22 1132
16 1373
25 1416
10 1215
10 1267
21 1059
13 1309
28 1464
29 1459
20 1029
17 1039
11 1007
11 1354
25 1426
10 1419
20 1218
27 1459
17 1273
29 1169
20 1160
15 1031
13 1266
25 1184
17 1461
23 1264
22 1084
22 1308
18 1222
26 1350
26 1189
10 1223
28 1169
28 1340
16 1458
12 1070
19 1095
10 1493
16 1059
20 1058
28 1074
10 1382
24 1352
26 1181
13 1041
28 1496
18 1439
20 1146
12 1362
18 1143
12 1144
22 1335
26 1469
14 1020
29 1369
22 1258
23 1355
11 1052
25 1494
20 1087
19 1311
24 1460
14 1108
26 1122
14 1467
14 1463
29 1449
10 1465
20 1005
23 1096
15 1292
16 1155
22 1043
21 1416
25 1043
25 1171
12 1249
28 1337
13 1063
13 1471
20 1385
23 1100
15 1289
20 1237
11 1470
17 1089
29 1055
16 1055
29 1493
14 1285
17 1047
15 1188
19 1372
16 1397
25 1005
17 1021
13 1401
14 1360
10 1013
13 1013
22 1126
27 1198
29 1372
15 1290
24 1202
19 1362
23 1121
28 1145
12 1476
26 1074
26 1219
11 1161
22 1370
20 1281
12 1163
20 1100
17 1053
21 1467
23 1243
27 1115
21 1291
23 1100
11 1051
29 1465
25 1314
24 1402
19 1069
25 1288
18 1066
13 1187
28 1355
24 1358
22 1104
26 1318
24 1272
17 1099
18 1044
14 1431
13 1312
15 1110
12 1106
25 1165
19 1168
11 1397
19 1214
13 1156
20 1448
29 1066
25 1311
19 1021
24 1154
22 1103
12 1200
27 1352
11 1429
27 1165
25 1124
28 1201
11 1141
12 1480
23 1354
28 1095
11 1026
10 1165
27 1118
23 1165
13 1019
12 1156
25 1056
18 1180
13 1227
19 1180
20 1191
13 1471
23 1347
25 1115
15 1311
13 1223
14 1364
17 1419
26 1411
25 1092
11 1133
27 1233
27 1285
19 1219
12 1183
21 1033
27 1115
27 1439
20 1362
23 1143
10 1191
28 1089
24 1011
24 1479
22 1457
11 1260
23 1399
15 1148
19 1116
28 1074
16 1257
27 1134
22 1045
19 1422
26 1464
22 1237
24 1411
10 1191
23 1164
18 1003
11 1467
12 1196
20 1416
22 1170
14 1107
17 1244
25 1437
11 1172
15 1177
11 1168
18 1049
28 1453
29 1342
22 1328
23 1359
22 1186
11 1489
26 1082
14 1029
14 1024
13 1395
17 1386
23 1468
10 1025
23 1363
18 1026
13 1206
19 1209
18 1397
20 1397
18 1211
15 1080
16 1309
12 1265
13 1076
21 1410
12 1037
29 1249
28 1126
14 1202
27 1201
24 1019
27 1396
24 1053
17 1391
23 1365
29 1197
12 1173
10 1405
20 1348
11 1450
27 1117
23 1192
17 1320
11 1462
11 1268
23 1212
12 1435
17 1015
18 1048
24 1319
20 1303
15 1126
27 1474
19 1142
20 1116
20 1167
21 1191
29 1240
15 1259
15 1164
22 1411
11 1255
21 1073
27 1488
10 1074
10 1491
24 1093
20 1246
21 1455
13 1205
26 1350
14 1461
13 1461
16 1163
24 1425
25 1339
14 1106
10 1390
29 1306
12 1265
23 1012
15 1094
10 1382
25 1406
21 1316
26 1009
16 1435
10 1237
11 1446
26 1404
18 1185
23 1196
11 1220
10 1152
15 1367
22 1476
10 1022
14 1015
25 1458
29 1425
29 1492
20 1229
22 1327
24 1487
10 1240
16 1134
14 1155
19 1247
11 1387
10 1407
28 1232
18 1171
16 1202
15 1288
10 1432
29 1020
15 1434
29 1383
19 1447
29 1491
29 1275
20 1303
13 1009
15 1493
16 1215
15 1223
20 1324
28 1391
17 1454
16 1013
28 1009
16 1260
19 1295
25 1119
16 1492
22 1201
26 1205
24 1041
27 1399
20 1400
29 1438
19 1340
12 1265
23 1126
19 1427
11 1390
15 1086
14 1188
10 1075
19 1301
26 1482
24 1173
23 1405
20 1162
11 1239
20 1342
20 1441
18 1181
27 1253
10 1094
13 1230
20 1040
29 1158
19 1409
16 1482
24 1232
27 1027
28 1413
22 1026
19 1309
27 1384
20 1336
19 1097
22 1242
10 1310
21 1266
25 1071
23 1123
28 1338
12 1477
29 1140
26 1046
27 1068
19 1004
27 1233
24 1128
24 1168
25 1227
29 1339
25 1419
21 1093
14 1098
21 1046
20 1428
26 1200
12 1077
17 1252
29 1400
18 1205
28 1050
14 1144
10 1261
15 1326
20 1253
21 1074
24 1053
18 1043
17 1080
24 1031
25 1311
10 1093
29 1134
10 1257
23 1091
25 1015
22 1432
25 1341
15 1178
13 1137
29 1357
25 1410
28 1155
16 1200
14 1203
16 1323
13 1376
10 1316
25 1450
17 1206
28 1269
25 1027
26 1307
27 1343
22 1310
22 1255
21 1456
25 1405
18 1278
10 1488
18 1372
24 1242
20 1280
14 1098
25 1470
20 1297
25 1330
21 1264
12 1462
21 1333
20 1163
12 1088
19 1009
10 1474
27 1244
14 1290
24 1229
28 1360
19 1385
24 1357
13 1053
16 1188
28 1180
18 1264
22 1434
17 1087
11 1404
20 1213
21 1372
24 1338
28 1464
26 1490
17 1236
21 1368
29 1082
17 1122
11 1278
10 1325
11 1223
15 1395
18 1008
11 1288
23 1171
20 1472
20 1097
24 1182
12 1071
16 1047
22 1115
20 1210
21 1211
25 1469
24 1150
16 1011
18 1356
10 1107
22 1367
28 1375
17 1304
29 1228
17 1167
24 1254
28 1091
25 1217
15 1429
15 1282
19 1346
22 1046
29 1153
26 1122
25 1403
15 1000
13 1425
17 1450
20 1174
11 1194
16 1042
11 1093
21 1315
29 1397
11 1458
13 1322
26 1081
10 1192
28 1487
13 1159
10 1200
13 1099
15 1422
19 1123
10 1423
15 1353
25 1236
15 1465
18 1245
12 1179
20 1167
17 1250
28 1370
26 1482
24 1231
21 1486
15 1426
14 1109
10 1142
22 1080
21 1256
18 1405
16 1300
23 1261
21 1358
19 1362
24 1303
19 1129
28 1206
20 1260
13 1446
20 1344
14 1178
20 1254
11 1458
29 1234
28 1159
22 1368
27 1154
13 1472
15 1304
19 1413
24 1360
18 1180
19 1389
16 1042
21 1005
28 1008
16 1445
14 1432
25 1049
29 1359
24 1152
14 1451
13 1349
19 1399
28 1401
29 1177
19 1267
21 1409
12 1020
14 1354
27 1348
29 1446
15 1009
25 1327
24 1261
22 1207
18 1215
17 1245
28 1035
18 1275
27 1446
26 1327
18 1059
29 1141
21 1291
25 1032
27 1235
18 1218
22 1048
24 1043
11 1135
16 1024
24 1403
17 1043
19 1208
20 1315
29 1239
10 1404
15 1289
25 1029
16 1108
12 1302
25 1249
11 1430
23 1020
27 1230
13 1345
10 1132
13 1190
22 1391
13 1143
28 1362
11 1420
12 1466
13 1198
27 1220
13 1391
29 1017
13 1169
29 1316
18 1284
10 1084
15 1493
16 1249
10 1060
14 1340
29 1493
27 1474
26 1002
26 1117
17 1138
15 1415
15 1028
17 1144
28 1155
25 1163
28 1256
17 1426
23 1259
13 1392
16 1324
10 1302
21 1101
24 1223
17 1387
27 1136
11 1415
16 1345
24 1010
23 1013
23 1377
18 1497
24 1431
21 1382
14 1220
17 1208
11 1126
18 1228
18 1400
25 1025
15 1466
25 1430
21 1077
26 1448
14 1190
26 1106
25 1299
26 1335
14 1385
28 1143
29 1085
27 1104
20 1093
12 1337
17 1001
19 1447
28 1021
23 1317
18 1451
26 1478
12 1020
10 1344
18 1163
11 1154
16 1206
25 1044
20 1202
15 1110
16 1184
10 1273
14 1139
26 1146
13 1353
18 1120
14 1151
25 1166
27 1312
12 1414
17 1316
25 1102
11 1478
22 1287
22 1178
27 1167
23 1347
14 1168
10 1094
20 1097
27 1163
13 1159
29 1133
10 1017
21 1081
11 1105
12 1490
25 1160
11 1112
22 1154
16 1043
20 1045
28 1405
17 1431
11 1263
10 1459
18 1335
29 1198
11 1412
16 1487
29 1296
15 1099
25 1176
28 1263
20 1259
10 1451
15 1428
23 1270
12 1052
19 1356
17 1486
28 1346
20 1254
15 1014
25 1397
27 1097
26 1134
17 1428
29 1162
28 1073
15 1289
18 1006
23 1435
27 1189
14 1249
24 1397
22 1033
25 1455
16 1242
29 1191
17 1013
22 1042
20 1316
22 1234
11 1441
20 1342
28 1412
15 1196
10 1294
23 1311
28 1166
12 1117
20 1204
15 1373
18 1298
22 1075
23 1201
14 1390
23 1470
12 1114
19 1263
18 1190
26 1246
18 1350
24 1465
25 1334
16 1246
22 1176
26 1470
24 1028
19 1158
28 1188
13 1270
21 1099
16 1465
24 1379
10 1367
18 1132
22 1440
27 1053
11 1235
14 1338
29 1357
11 1361
12 1398
16 1381
29 1028
26 1339
25 1412
29 1070
17 1390
13 1232
14 1174
14 1448
28 1371
20 1374
11 1163
21 1311
19 1046
10 1187
11 1398
29 1199
21 1185
26 1486
16 1438
16 1139
16 1328
25 1460
28 1452
26 1368
17 1430
12 1459
17 1002
11 1357
15 1158
28 1064
17 1374
14 1279
22 1059
23 1172
28 1393
28 1003
20 1489
26 1227
19 1453
28 1175
20 1000
13 1483
29 1181
27 1482
26 1114
24 1104
12 1090
28 1225
29 1145
22 1456
25 1244
19 1482
22 1274
21 1236
18 1480
22 1309
16 1361
24 1110
24 1401
27 1175
26 1291
29 1065
24 1471
13 1215
22 1356
25 1140
29 1449
20 1388
16 1304
27 1002
29 1104
27 1397
16 1452
18 1332
15 1244
26 1362
22 1305
25 1006
25 1309