3800 5000
15 1127
12 1398
26 1457
26 1038
19 1493
19 1332
26 1439
29 1177
11 1289
19 1053
24 1041
26 1446
25 1334
19 1162
17 1276
15 1307
21 1273
28 1095
12 1187
10 1402
20 1378
13 1143
12 1339
12 1058
13 1115
27 1370
25 1342
27 1189
18 1067
24 1116
21 1466
12 1148
12 1253
10 1341
15 1495
28 1286
29 1134
20 1296
19 1310
28 1024
14 1200
28 1172
20 1117
23 1005
16 1201
10 1299
16 1425
15 1430
25 1238
19 1338
11 1128
29 1461
11 1368
20 1167
10 1077
24 1011
16 1377
29 1192
24 1254
15 1450
12 1298
27 1191
10 1278
12 1311
19 1183
28 1287
21 1237
22 1293
22 1327
18 1320
27 1193
16 1492
24 1371
23 1023
19 1479
16 1461
18 1041
12 1322
23 1006
25 1485
29 1286
19 1403
20 1477
21 1303
15 1486
16 1055
16 1116
29 1116
10 1482
11 1466
17 1256
14 1056
11 1271
27 1177
29 1059
21 1145
27 1354
16 1379
11 1150
10 1465
20 1132
28 1191
12 1399
12 1014
17 1388
27 1031
16 1230
17 1360
11 1290
11 1421
24 1012
11 1238
20 1286
15 1340
22 1353
27 1183
28 1279
23 1110
15 1228
17 1116
15 1416
28 1330
12 1213
24 1174
13 1171
18 1185
22 1063
16 1410
21 1178
17 1122
23 1263
20 1174
17 1430
20 1123
21 1076
17 1073
20 1462
11 1028
10 1318
26 1483
21 1192
29 1357
13 1271
25 1309
29 1091
26 1018
23 1120
17 1337
13 1054
21 1224
25 1142
10 1022
20 1005
11 1357
12 1299
22 1159
28 1391
11 1029
19 1084
27 1271
12 1466
16 1069
24 1384
21 1411
28 1155
28 1194
25 1175
24 1264
29 1488
15 1247
12 1263
17 1314
24 1290
19 1431
21 1324
16 1326
25 1394
25 1386
10 1070
28 1480
24 1369
17 1355
25 1215
15 1377
13 1345
12 1260
18 1438
12 1464
14 1251
11 1175
23 1212
22 1245
25 1129
24 1036
13 1148
27 1097
16 1079
25 1322
20 1478
25 1235
23 1179
26 1056
17 1067
14 1208
27 1184
25 1264
20 1020
26 1489
26 1114
12 1327
17 1049
11 1299
23 1285
12 1303
24 1063
20 1128
15 1325
15 1183
15 1453
29 1238
17 1205
27 1008
17 1489
14 1476
11 1075
25 1358
28 1375
23 1402
20 1432
19 1233
15 1425
15 1497
20 1041
24 1245
24 1138
20 1079
14 1263
20 1200
17 1006
11 1164
22 1160
27 1365
26 1205
18 1385
25 1150
20 1000
13 1015
26 1234
19 1171
16 1364
29 1302
23 1051
27 1002
29 1413
18 1199
29 1069
11 1485
13 1107
16 1230
17 1344
15 1045
29 1465
24 1260
22 1198
14 1319
22 1178
29 1260
20 1026
25 1462
20 1205
13 1107
16 1082
23 1149
11 1307
20 1057
25 1362
22 1433
19 1246
21 1491
22 1388
14 1174
21 1191
22 1430
11 1103
19 1265
19 1253
28 1464
11 1213
20 1158
12 1202
16 1395
11 1423
29 1276
25 1349
28 1391
18 1034
19 1299
23 1143
18 1225
10 1056
25 1353
15 1276
15 1173
21 1207
21 1468
10 1444
27 1420
15 1042
14 1146
22 1497
20 1396
27 1354
14 1047
17 1353
12 1109
19 1430
16 1405
19 1131
20 1465
21 1172
19 1066
13 1096
27 1213
21 1218
29 1285
15 1298
29 1029
12 1379
13 1114
19 1316
25 1114
23 1250
26 1355
16 1333
20 1027
24 1475
14 1478
29 1009
13 1333
16 1146
12 1175
24 1460
15 1103
15 1443
18 1403
27 1126
29 1295
22 1039
13 1114
26 1419
20 1265
21 1075
22 1068
27 1182
20 1093
11 1496
23 1475
14 1025
23 1024
10 1320
17 1218
17 1253
12 1085
21 1034
27 1213
10 1356
18 1385
14 1060
16 1274
20 1080
22 1341
29 1001
13 1100
13 1455
23 1349
17 1241
13 1112
10 1169
29 1468
12 1051
10 1238
27 1205
29 1422
19 1168
24 1481
22 1104
24 1215
11 1041
13 1354
19 1471
22 1415
22 1481
26 1368
10 1186
14 1163
27 1008
27 1057
24 1054
16 1466
19 1095
14 1418
26 1044
18 1140
13 1403
25 1087
10 1179
16 1040
21 1040
22 1252
24 1393
22 1108
14 1324
14 1127
22 1282
26 1118
12 1120
10 1204
17 1165
11 1137
10 1437
10 1026
25 1472
18 1293
13 1137
10 1223
13 1375
15 1301
13 1075
23 1428
10 1237
22 1012
12 1134
26 1194
26 1167
10 1103
15 1140
22 1281
24 1154
24 1380
13 1078
13 1395
24 1456
16 1448
22 1129
25 1312
11 1342
22 1263
11 1489
17 1073
21 1392
15 1196
12 1081
10 1090
13 1054
10 1108
27 1247
20 1302
13 1341
25 1307
11 1345
26 1302
19 1319
28 1333
25 1094
22 1482
16 1287
22 1328
26 1281
18 1264
10 1115
22 1198
29 1362
20 1372
23 1200
18 1193
24 1302
14 1072
27 1204
19 1392
27 1138
29 1067
20 1483
18 1363
16 1215
25 1183
20 1327
10 1161
21 1140
29 1230
16 1059
25 1111
11 1416
10 1017
26 1271
20 1359
23 1160
17 1451
20 1467
21 1279
13 1184
13 1490
22 1470
28 1463
13 1237
16 1122
18 1070
10 1266
25 1347
13 1312
20 1221
14 1392
28 1101
15 1028
15 1058
27 1331
24 1343
13 1359
14 1131
20 1454
29 1451
12 1363
10 1412
15 1446
13 1154
22 1296
25 1092
22 1427
27 1052
24 1290
23 1373
16 1188
27 1211
15 1426
29 1404
29 1186
25 1127
16 1386
22 1164
13 1071
14 1162
21 1311
17 1361
24 1297
22 1414
24 1235
20 1174
11 1453
29 1476
16 1478
25 1025
25 1079
24 1463
10 1164
28 1166
26 1369
29 1359
28 1217
26 1171
14 1098
12 1215
13 1087
26 1022
17 1050
11 1097
17 1361
20 1254
15 1373
10 1151
13 1340
10 1218
12 1496
14 1478
26 1327
18 1114
26 1078
27 1119
29 1132
29 1467
27 1423
15 1170
10 1367
14 1035
12 1428
18 1239
11 1317
27 1227
27 1037
11 1162
12 1320
13 1249
24 1466
16 1100
25 1104
29 1058
24 1244
27 1162
28 1270
28 1266
23 1079
25 1080
26 1065
15 1416
12 1408
17 1269
21 1219
24 1089
23 1076
20 1064
20 1147
27 1327
20 1330
27 1075
14 1185
27 1362
21 1381
13 1348
11 1492
25 1134
16 1059
25 1000
15 1316
28 1452
15 1337
15 1129
28 1193
18 1294
27 1183
19 1024
27 1112
16 1238
18 1320
29 1416
28 1449
26 1019
27 1498
15 1226
18 1193
25 1044
25 1299
13 1431
10 1258
18 1138
28 1034
14 1370
12 1135
20 1363
23 1328
27 1056
12 1166
26 1321
10 1438
12 1420
23 1022
15 1312
27 1101
15 1226
28 1394
11 1229
10 1387
20 1117
17 1152
17 1012
15 1054
26 1029
25 1080
13 1095
12 1319
28 1262
29 1392
24 1008
10 1211
27 1486
10 1040
21 1398
20 1107
22 1373
12 1148
10 1269
17 1270
17 1419
14 1480
24 1268
26 1196
15 1499
23 1250
21 1194
22 1386
15 1343
19 1419
28 1439
27 1329
25 1366
15 1065
11 1154
18 1226
25 1042
29 1125
20 1058
15 1491
21 1335
29 1211
21 1201
16 1493
19 1369
25 1361
24 1307
11 1427
28 1337
15 1166
12 1475
11 1111
12 1404
29 1344
10 1195
24 1412
25 1168
24 1014
21 1416
27 1313
19 1220
18 1082
23 1325
18 1318
11 1055
29 1165
24 1440
18 1424
13 1309
28 1032
15 1378
20 1074
22 1462
20 1280
27 1202
10 1018
19 1028
24 1270
18 1024
13 1135
10 1447
14 1278
12 1115
17 1031
13 1044
26 1029
16 1047
17 1315
23 1125
10 1141
13 1330
18 1336
22 1329
15 1000
14 1112
21 1164
28 1156
28 1457
29 1349
11 1440
26 1196
25 1075
16 1484
12 1092
15 1083
24 1481
16 1086
11 1156
28 1289
28 1478
14 1448
25 1266
11 1151
28 1345
27 1389
17 1252
12 1221
15 1216
19 1267
18 1365
20 1042
20 1377
15 1040
20 1429
15 1086
21 1440
22 1411
19 1359
10 1215
22 1391
18 1421
16 1109
28 1211
20 1136
21 1036
27 1454
20 1350
27 1455
17 1472
19 1495
12 1029
15 1253
24 1453
12 1044
12 1069
10 1168
14 1074
21 1447
24 1031
10 1409
22 1177
19 1398
25 1149
18 1456
14 1292
28 1052
26 1235
22 1175
22 1295
18 1454
24 1494
19 1264
25 1387
26 1023
13 1242
17 1404
24 1194
15 1329
22 1244
27 1349
24 1135
23 1318
15 1061
18 1313
21 1055
23 1009
13 1426
16 1225
13 1272
15 1160
24 1129
11 1469
22 1420
14 1184
11 1446
15 1031
20 1221
20 1101
29 1160
15 1471
20 1376
17 1062
21 1340
20 1434
27 1444
20 1200
15 1476
29 1405
24 1245
15 1362
13 1483
15 1434
22 1094
16 1030
12 1467
13 1063
23 1473
22 1369
10 1398
15 1400
12 1055
11 1123
13 1318
13 1374
11 1362
16 1300
10 1376
18 1328
29 1262
20 1432
23 1303
18 1190
16 1468
16 1276
21 1086
24 1435
19 1260
13 1474
26 1169
11 1444
21 1458
17 1097
22 1355
15 1285
14 1004
11 1328
17 1076
10 1346
16 1269
14 1266
28 1487
15 1005
15 1110
20 1449
13 1043
12 1265
12 1483
22 1057
26 1224
28 1306
25 1466
29 1314
14 1481
14 1437
25 1168
12 1486
26 1469
28 1230
24 1064
29 1260
16 1498
10 1113
17 1221
11 1285
28 1029
29 1056
13 1403
24 1047
23 1466
24 1352
10 1262
19 1428
14 1014
25 1094
25 1079
15 1257
17 1493
21 1446
11 1087
15 1367
11 1072
13 1388
16 1246
19 1098
20 1377
27 1026
16 1198
19 1270
24 1147
28 1015
24 1354
11 1331
13 1111
15 1449
19 1147
22 1192
17 1473
14 1448
27 1056
18 1190
26 1025
18 1320
28 1015
23 1048
26 1064
23 1230
27 1465
19 1100
14 1409
17 1474
19 1161
16 1159
11 1446
26 1072
13 1283
11 1181
17 1166
10 1461
23 1038
18 1342
14 1051
29 1210
19 1372
10 1175
11 1000
16 1470
22 1094
22 1029
19 1094
25 1105
25 1198
18 1472
13 1364
23 1039
19 1036
24 1363
29 1396
17 1247
17 1442
19 1050
14 1050
10 1337
28 1426
18 1015
16 1372
20 1438
17 1244
24 1361
25 1389
20 1466
12 1141
24 1127
14 1070
29 1390
14 1275
19 1048
15 1328
11 1389
28 1499
28 1242
25 1465
15 1126
10 1384
17 1116
16 1300
10 1314
28 1065
20 1173
18 1383
22 1115
15 1443
20 1309
15 1406
24 1352
11 1175
17 1303
13 1372
16 1040
26 1228
15 1488
27 1462
20 1374
25 1383
12 1252
16 1466
14 1159
28 1054
28 1297
24 1380
28 1440
27 1072
20 1149
14 1082
23 1134
11 1094
21 1061
28 1162
25 1428
12 1084
29 1426
21 1326
11 1160
29 1212
13 1214
20 1347
15 1019
23 1298
29 1067
15 1089
28 1146
27 1263
12 1179
29 1018
20 1332
20 1123
10 1240
28 1091
29 1222
22 1394
11 1060
24 1411
25 1194
14 1216
23 1302
18 1061
25 1119
20 1072
21 1206
15 1213
25 1199
24 1282
27 1165
27 1013
21 1447
26 1042
20 1460
27 1310
14 1205
28 1219
15 1141
11 1352
15 1155
12 1166
27 1201
15 1461
14 1035
10 1406
22 1153
15 1423
13 1420
12 1425
17 1237
17 1229
28 1490
29 1479
17 1146
19 1491
22 1233
24 1071
11 1134
25 1258
18 1084
27 1279
27 1215
22 1395
26 1338
21 1004
10 1459
24 1291
22 1429
14 1383
28 1498
19 1468
20 1233
26 1321
16 1301
27 1220
27 1468
17 1284
16 1377
10 1168
23 1086
11 1084
16 1397
23 1411
16 1336
24 1214
10 1490
26 1271
21 1486
14 1030
17 1367
20 1091
13 1432
14 1441
27 1118
14 1488
22 1471
28 1159
28 1420
14 1328
15 1009
19 1066
27 1247
24 1201
29 1487
13 1225
12 1288
11 1450
25 1284
26 1072
16 1271
17 1245
23 1265
21 1035
25 1413
23 1016
25 1170
21 1435
24 1009
19 1122
20 1139
21 1236
27 1102
14 1478
18 1443
11 1414
14 1498
26 1317
13 1198
27 1029
19 1017
12 1082
24 1397
24 1008
10 1313
22 1012
20 1098
10 1100
16 1393
25 1238
13 1325
20 1075
11 1449
16 1415
14 1070
11 1360
26 1184
28 1027
20 1076
16 1013
17 1094
18 1007
23 1358
26 1399
27 1225
23 1003
13 1299
22 1271
24 1383
13 1117
28 1290
26 1293
13 1293
13 1380
25 1054
21 1344
16 1332
25 1001
10 1310
13 1456
22 1382
17 1207
22 1035
23 1282
29 1142
20 1189
10 1499
27 1059
21 1088
24 1043
27 1458
28 1259
16 1371
29 1033
14 1413
11 1136
16 1229
14 1326
27 1197
15 1098
22 1184
22 1120
22 1158
29 1096
16 1001
18 1360
29 1139
19 1041
22 1354
22 1035
12 1261
12 1040
28 1287
18 1406
11 1407
22 1086
20 1449
11 1439
27 1453
24 1188
19 1135
18 1027
12 1428
29 1066
13 1003
18 1337
13 1108
15 1437
20 1299
20 1334
17 1195
18 1434
17 1416
20 1275
10 1261
21 1478
16 1144
13 1221
20 1427
28 1429
18 1242
17 1162
18 1470
11 1490
13 1005
14 1199
16 1333
18 1448
12 1147
24 1289
14 1128
17 1022
23 1483
23 1127
14 1086
20 1085
14 1125
27 1221
29 1024
25 1368
24 1488
25 1465
10 1289
23 1081
16 1030
12 1084
12 1355
26 1383
10 1409
18 1488
26 1472
23 1467
16 1132
29 1192
20 1443
29 1199
20 1205
22 1303
28 1111
23 1216
29 1381
27 1302
21 1481
13 1268
26 1416
17 1481
24 1092
12 1220
24 1248
24 1190
26 1172
23 1022
18 1328
14 1127
27 1224
16 1009
13 1035
12 1256
14 1006
18 1124
28 1296
17 1366
12 1072
18 1123
29 1077
15 1457
20 1476
21 1018
21 1323
10 1223
18 1316
18 1078
25 1351
14 1059
22 1422
25 1239
11 1131
18 1362
24 1027
23 1293
19 1456
28 1030
20 1036
25 1085
10 1346
19 1324
17 1218
12 1373
28 1138
18 1091
11 1365
26 1062
17 1145
23 1349
24 1466
27 1121
18 1442
10 1450
26 1267
11 1040
24 1496
15 1123
23 1137
27 1338
14 1385
19 1144
19 1244
19 1086
11 1147
26 1301
26 1102
20 1406
19 1030
22 1226
18 1083
14 1206
26 1201
29 1488
23 1474
22 1282
25 1431
18 1129
18 1184
25 1192
12 1165
18 1247
12 1200
26 1310
27 1430
29 1410
10 1189
20 1171
13 1426
28 1246
17 1099
23 1125
25 1075
13 1425
10 1303
10 1079
18 1492
21 1372
14 1037
19 1399
23 1082
15 1373
13 1160
25 1400
12 1440
19 1209
13 1169
11 1244
22 1152
23 1423
21 1099
18 1061
15 1318
13 1154
15 1173
25 1431
14 1142
16 1155
29 1153
15 1241
19 1081
14 1176
17 1445
20 1045
28 1481
27 1289
24 1447
10 1096
17 1464
22 1339
10 1495
21 1493
26 1021
28 1401
20 1401
19 1353
28 1205
22 1454
15 1005
24 1402
19 1025
21 1203
25 1487
10 1026
21 1148
24 1426
14 1388
23 1159
28 1208
27 1169
18 1320
10 1321
21 1016
24 1316
18 1209
15 1146
24 1330
21 1245
24 1179
12 1476
22 1074
10 1219
20 1154
11 1167
24 1494
12 1138
27 1397
28 1256
23 1399
22 1203
28 1140
17 1147
16 1213
12 1303
29 1381
15 1414
19 1337
19 1264
11 1454
26 1238
12 1479
17 1312
24 1261
23 1425
24 1129
22 1443
16 1154
25 1040
24 1312
14 1473
28 1462
21 1415
24 1346
18 1088
12 1468
19 1411
21 1497
19 1316
14 1414
10 1056
28 1383
24 1285
13 1487
18 1258
27 1357
12 1053
28 1321
15 1063
20 1492
16 1159
13 1049
13 1211
14 1306
22 1250
29 1109
22 1380
24 1435
20 1020
14 1247
24 1359
18 1010
25 1362
24 1088
26 1424
27 1498
25 1165
23 1309
23 1176
12 1069
12 1091
25 1220
29 1148
27 1186
25 1050
26 1207
29 1197
21 1333
11 1489
20 1423
12 1213
16 1199
17 1146
11 1312
24 1498
22 1416
19 1392
27 1483
15 1090
26 1403
29 1298
24 1166
26 1256
15 1434
13 1012
27 1017
16 1474
19 1077
13 1069
19 1350
23 1454
18 1471
17 1210
17 1495
28 1326
13 1100
27 1122
11 1417
20 1049
26 1490
14 1167
18 1172
12 1200
12 1026
29 1211
20 1254
10 1020
20 1179
13 1120
16 1427
13 1357
23 1229
23 1238
22 1439
29 1309
25 1131
15 1189
25 1261
24 1327
19 1218
25 1446
12 1449
13 1356
22 1344
10 1491
10 1321
29 1197
11 1258
28 1417
14 1418
13 1383
27 1334
28 1094
22 1081
28 1184
14 1013
26 1459
29 1339
23 1188
22 1384
23 1486
13 1003
24 1343
23 1163
13 1203
29 1449
27 1016
17 1313
12 1480
17 1279
10 1115
27 1250
22 1155
21 1182
14 1393
14 1443
20 1333
26 1495
29 1233
12 1085
28 1183
24 1357
28 1217
24 1422
16 1397
29 1086
27 1035
13 1419
16 1047
26 1258
12 1297
20 1097
17 1330
15 1028
20 1222
10 1355
11 1241
20 1454
29 1342
26 1024
11 1407
10 1078
18 1001
20 1440
14 1483
15 1053
24 1269
29 1099
23 1368
19 1123
20 1319
17 1497
24 1015
22 1381
18 1018
26 1114
23 1492
15 1148
19 1273
28 1374
12 1476
29 1180
18 1233
24 1221
17 1240
29 1002
24 1244
12 1051
25 1115
28 1313
11 1455
10 1297
16 1315
23 1412
21 1220
16 1093
18 1419
24 1132
17 1272
10 1410
18 1397
27 1287
12 1215
22 1129
20 1407
18 1231
22 1069
25 1408
16 1470
15 1182
10 1475
29 1180
23 1393
26 1070
23 1308
15 1363
28 1111
19 1300
20 1360
17 1498
22 1025
22 1404
12 1012
25 1167
18 1494
11 1383
10 1125
17 1149
11 1255
20 1289
19 1066
25 1042
24 1299
25 1350
19 1011
24 1222
27 1256
16 1287
16 1261
24 1175
16 1227
13 1224
14 1424
10 1458
27 1358
26 1129
27 1271
23 1093
21 1147
25 1009
15 1113
13 1125
12 1192
28 1175
20 1120
23 1476
22 1201
14 1430
19 1314
23 1341
27 1071
19 1001
10 1157
15 1240
18 1171
19 1363
28 1185
13 1242
27 1000
11 1040
11 1043
10 1031
25 1428
28 1114
26 1249
12 1061
13 1403
21 1369
27 1295
12 1004
11 1017
13 1406
21 1105
25 1368
24 1002
18 1478
12 1349
27 1439
27 1249
22 1084
22 1198
20 1166
12 1181
16 1327
11 1296
21 1439
16 1038
13 1034
24 1026
25 1024
29 1492
28 1299
13 1441
23 1078
13 1395
11 1449
25 1037
26 1385
25 1201
21 1486
15 1035
12 1146
26 1129
17 1373
28 1253
10 1161
16 1041
20 1363
29 1156
17 1015
14 1384
28 1326
16 1360
12 1447
21 1251
29 1328
16 1471
28 1306
16 1192
14 1322
23 1423
25 1298
28 1295
21 1017
29 1211
18 1357
26 1086
17 1256
18 1391
26 1285
27 1084
14 1224
20 1171
21 1064
25 1389
17 1074
21 1377
14 1097
13 1177
14 1259
17 1134
13 1187
29 1469
21 1050
21 1141
19 1411
24 1114
14 1236
17 1429
19 1414
15 1336
14 1100
16 1486
10 1480
24 1202
23 1303
22 1213
11 1382
22 1405
16 1296
16 1033
10 1302
16 1491
21 1249
19 1036
21 1243
15 1195
24 1241
23 1220
21 1115
21 1286
25 1110
16 1081
27 1418
14 1358
25 1331
14 1046
13 1064
23 1395
16 1173
19 1358
18 1378
20 1073
15 1313
24 1404
11 1449
23 1157
16 1393
29 1432
20 1351
15 1121
28 1326
21 1266
22 1355
20 1430
18 1458
24 1107
15 1035
21 1032
13 1466
17 1181
18 1391
27 1476
18 1499
24 1158
18 1437
27 1108
25 1268
26 1095
29 1009
15 1434
27 1242
12 1216
26 1495
10 1402
17 1178
25 1004
13 1170
26 1055
12 1437
17 1158
26 1375
15 1242
24 1044
15 1151
18 1178
11 1119
19 1185
27 1301
14 1362
19 1423
10 1037
29 1343
17 1126
29 1310
28 1175
17 1178
22 1415
20 1390
11 1032
17 1393
25 1258
22 1392
11 1374
14 1274
10 1063
28 1018
10 1133
13 1360
19 1003
28 1286
11 1129
23 1298
13 1180
25 1317
11 1432
20 1173
19 1033
29 1247
14 1202
13 1246
19 1120
25 1437
20 1309
26 1428
28 1446
10 1353
28 1062
10 1499
22 1094
22 1241
15 1477
13 1190
24 1345
28 1220
29 1181
16 1164
13 1441
12 1442
24 1445
18 1140
26 1117
16 1447
19 1370
21 1499
13 1014
15 1248
29 1395
12 1342
13 1182
13 1020
24 1307
10 1278
16 1390
24 1083
24 1485
17 1358
10 1092
26 1065
25 1075
14 1407
17 1496
24 1276
17 1221
24 1268
28 1249
19 1334
28 1386
11 1468
24 1086
28 1176
22 1354
24 1455
20 1117
23 1350
23 1199
23 1216
12 1486
29 1270
26 1107
23 1045
23 1188
21 1134
23 1411
28 1156
17 1207
21 1321
16 1131
27 1482
28 1157
14 1460
11 1092
26 1408
21 1071
20 1118
25 1285
15 1102
20 1266
27 1389
25 1016
11 1343
12 1463
14 1057
17 1261
18 1356
18 1195
29 1439
25 1296
17 1324
24 1363
22 1191
22 1308
14 1043
28 1177
21 1272
20 1399
27 1107
20 1481
15 1464
17 1136
27 1011
16 1329
26 1450
19 1426
28 1401
28 1359
27 1345
11 1126
25 1128
29 1445
28 1127
22 1079
28 1462
26 1090
10 1084
16 1306
25 1317
18 1182
24 1203
12 1230
19 1324
21 1171
26 1248
28 1274
25 1298
15 1317
14 1386
29 1347
11 1309
21 1084
11 1189
20 1081
29 1468
21 1339
19 1191
12 1248
28 1100
26 1077
18 1138
15 1023
18 1459
22 1202
10 1289
24 1460
27 1059
17 1153
22 1336
10 1087
24 1285
24 1490
14 1107
14 1321
26 1154
16 1365
16 1385
14 1285
11 1251
22 1262
28 1453
21 1081
23 1431
25 1002
16 1342
10 1445
23 1316
11 1292
12 1303
11 1135
15 1417
29 1033
27 1484
24 1103
17 1080
25 1022
21 1047
12 1252
23 1240
26 1331
14 1337
17 1282
29 1008
20 1214
14 1403
23 1328
20 1048
18 1488
27 1273
14 1281
26 1094
18 1287
25 1402
17 1019
21 1266
11 1379
28 1142
22 1294
27 1364
17 1294
27 1197
29 1118
29 1299
12 1181
16 1482
26 1322
28 1274
22 1283
24 1325
26 1423
25 1023
23 1220
28 1004
17 1071
26 1258
21 1214
16 1374
15 1092
18 1394
25 1271
13 1095
16 1303
10 1252
28 1058
10 1369
10 1200
28 1355
17 1452
15 1344
17 1177
10 1198
18 1065
14 1038
13 1490
22 1064
22 1032
24 1307
12 1151
14 1400
15 1070
14 1027
20 1004
21 1370
19 1387
28 1158
15 1228
18 1211
18 1064
19 1052
26 1189
21 1371
23 1051
17 1124
18 1106
11 1432
23 1422
16 1207
25 1295
17 1301
20 1032
15 1090
28 1221
26 1338
13 1086
10 1178
16 1254
20 1335
13 1359
29 1416
27 1370
22 1451
26 1332
23 1215
24 1025
22 1310
20 1025
12 1140
24 1230
28 1224
29 1360
26 1405
17 1228
18 1008
23 1420
23 1200
24 1263
10 1478
16 1158
23 1464
23 1260
18 1359
25 1291
21 1093
25 1374
22 1496
26 1237
25 1485
22 1376
28 1262
26 1466
22 1409
27 1053
12 1050
22 1203
27 1399
25 1480
24 1044
20 1498
13 1302
17 1059
13 1157
20 1140
14 1207
20 1129
16 1269
29 1256
15 1458
10 1332
16 1084
23 1235
29 1150
14 1194
26 1165
10 1027
26 1280
10 1170
16 1167
15 1187
20 1007
10 1466
12 1412
18 1051
16 1183
24 1475
18 1151
17 1145
10 1074
15 1345
23 1087
17 1400
28 1413
14 1407
11 1426
26 1477
11 1046
25 1345
22 1381
16 1268
26 1200
21 1215
19 1385
25 1100
13 1068
12 1206
11 1121
26 1140
11 1137
18 1183
27 1320
13 1053
14 1320
19 1153
16 1318
22 1226
23 1495
16 1301
24 1323
11 1191
26 1085
20 1447
24 1283
24 1463
19 1284
27 1072
11 1353
13 1219
23 1225
16 1329
28 1014
29 1045
24 1438
12 1002
22 1357
14 1415
14 1484
10 1408
12 1124
27 1402
26 1269
18 1267
24 1295
25 1029
26 1232
20 1185
11 1335
17 1441
28 1420
10 1125
28 1048
18 1186
13 1090
21 1304
20 1474
15 1034
18 1414
15 1279
12 1439
24 1242
27 1113
21 1170
15 1154
28 1371
29 1356
12 1221
28 1277
15 1296
20 1394
21 1317
27 1179
17 1308
11 1189
29 1303
12 1112
10 1073
12 1116
22 1147
26 1117
15 1258
15 1052
17 1051
26 1310
20 1380
15 1248
22 1382
11 1444
15 1395
13 1250
21 1421
28 1306
28 1272
26 1250
27 1042
19 1230
11 1090
23 1235
11 1410
16 1427
28 1369
25 1319
11 1102
24 1028
18 1465
29 1147
17 1268
11 1159
26 1172
28 1148
27 1300
22 1215
16 1492
19 1123
24 1477
28 1067
11 1114
24 1084
19 1342
18 1222
13 1391
17 1004
22 1314
18 1441
24 1498
20 1105
12 1494
17 1265
10 1045
22 1381
10 1440
27 1273
17 1486
18 1322
15 1140
22 1356
12 1403
17 1079
23 1491
21 1361
24 1336
26 1266
20 1479
13 1248
10 1451
17 1239
28 1285
16 1392
13 1022
14 1217
17 1318
26 1363
10 1361
28 1438
14 1307
13 1292
24 1188
27 1111
16 1102
27 1432
26 1202
10 1426
28 1327
29 1381
22 1241
26 1092
11 1384
10 1307
19 1082
16 1050
29 1003
11 1179
19 1341
24 1214
28 1376
19 1446
25 1370
14 1494
10 1317
19 1271
19 1223
12 1118
21 1146
20 1395
12 1138
21 1448
10 1459
23 1340
27 1257
27 1211
14 1378
18 1076
25 1412
22 1192
21 1304
21 1311
24 1205
22 1306
17 1441
14 1462
27 1142
15 1353
19 1127
19 1421
14 1014
15 1327
13 1131
23 1083
24 1178
13 1425
18 1167
10 1209
18 1083
29 1384
29 1304
26 1334
27 1388
26 1192
25 1107
27 1166
29 1296
18 1406
10 1323
14 1060
27 1494
14 1153
25 1211
13 1247
11 1050
14 1232
11 1081
28 1196
23 1249
11 1111
15 1071
15 1441
26 1327
12 1298
17 1396
21 1045
23 1408
11 1043
29 1310
26 1211
19 1171
24 1249
27 1104
16 1140
19 1464
25 1051
12 1039
11 1180
16 1444
16 1481
12 1179
27 1118
28 1401
11 1430
24 1314
21 1455
18 1139
18 1475
28 1453
23 1183
17 1150
26 1111
24 1236
29 1004
15 1130
28 1320
13 1467
20 1498
15 1323
16 1329
26 1036
19 1043
23 1427
25 1229
12 1218
19 1387
27 1324
14 1345
18 1204
13 1351
12 1293
12 1195
17 1060
14 1232
28 1106
11 1129
17 1421
24 1470
21 1456
28 1336
21 1273
13 1353
11 1438
17 1485
25 1331
15 1042
17 1024
29 1084
27 1251
14 1010
27 1447
18 1160
19 1036
13 1468
22 1457
28 1050
15 1290
20 1433
13 1124
16 1068
10 1025
26 1204
14 1487
27 1145
15 1490
26 1272
29 1388
27 1153
10 1400
21 1263
10 1331
14 1077
23 1410
12 1389
12 1004
15 1120
23 1024
28 1359
19 1003
15 1201
17 1178
12 1273
29 1229
26 1107
15 1089
15 1390
14 1023
12 1469
28 1058
18 1184
25 1414
11 1261
19 1168
23 1136
11 1376
22 1479
11 1069
22 1287
12 1309
14 1019
10 1082
14 1461
28 1061
12 1245
10 1336
20 1281
11 1369
26 1430
18 1356
26 1026
16 1441
20 1310
25 1304
28 1414
22 1057
28 1001
29 1201
20 1218
28 1285
29 1165
27 1125
25 1086
17 1292
18 1026
28 1307
24 1390
17 1153
19 1234
27 1197
20 1255
13 1331
20 1149
21 1305
25 1444
22 1287
19 1172
29 1082
12 1134
20 1398
21 1401
16 1147
27 1418
12 1439
14 1122
16 1216
18 1307
12 1296
29 1407
11 1363
25 1292
14 1338
15 1442
11 1227
13 1465
27 1067
10 1357
10 1060
26 1002
28 1379
29 1433
13 1090
29 1438
22 1041
27 1179
14 1273
17 1209
24 1491
29 1350
10 1325
23 1415
24 1290
11 1127
25 1493
19 1478
26 1456
17 1354
11 1041
12 1210
11 1318
21 1305
20 1476
24 1316
20 1064
13 1274
18 1242
24 1119
11 1460
13 1199
29 1026
25 1471
21 1022
24 1277
28 1065
27 1179
10 1333
28 1232
15 1012
19 1475
29 1474
13 1062
13 1236
23 1231
26 1220
28 1488
18 1154
20 1444
29 1338
26 1470
26 1348
12 1271
11 1085
24 1074
14 1326
24 1171
29 1454
22 1370
20 1469
16 1437
23 1064
14 1092
24 1419
29 1131
11 1281
18 1333
13 1177
29 1458
13 1087
20 1282
14 1317
11 1399
25 1386
12 1262
19 1109
14 1119
23 1225
18 1254
25 1418
26 1077
20 1486
23 1255
23 1036
21 1424
21 1199
11 1149
11 1360
20 1008
18 1151
26 1238
10 1315
26 1206
24 1272
12 1480
11 1306
16 1092
12 1247
24 1031
27 1050
16 1200
10 1029
19 1404
29 1311
26 1393
12 1366
24 1018
10 1266
19 1288
14 1214
15 1384
12 1254
28 1444
22 1429
12 1412
14 1121
23 1317
10 1207
27 1010
20 1197
23 1198
26 1414
25 1214
17 1243
13 1137
16 1445
26 1063
19 1359
26 1369
28 1348
17 1308
12 1181
25 1461
18 1435
29 1361
21 1193
28 1167
12 1394
28 1177
15 1142
21 1155
12 1294
10 1411
24 1364
18 1049
18 1007
13 1441
10 1160
19 1261
24 1086
26 1401
24 1253
29 1030
22 1333
10 1003
24 1375
26 1121
16 1419
11 1459
16 1456
16 1091
15 1133
17 1022
23 1176
15 1063
18 1277
11 1120
14 1191
24 1021
26 1067
22 1454
16 1497
20 1019
29 1328
26 1162
12 1147
17 1251
18 1102
29 1208
18 1060
25 1371
12 1307
18 1433
14 1317
10 1454
15 1321
29 1182
24 1013
29 1317
14 1169
29 1221
23 1353
19 1064
26 1239
18 1358
13 1253
29 1014
22 1326
11 1197
28 1306
13 1483
15 1035
29 1021
24 1174
29 1150
11 1114
10 1080
25 1451
10 1019
15 1188
26 1345
12 1353
15 1136
14 1488
13 1134
20 1208
15 1350
24 1335
29 1362
29 1235
29 1241
18 1283
12 1146
23 1308
12 1247
12 1426
22 1013
25 1038
18 1055
21 1275
28 1305
14 1339
23 1121
12 1426
17 1481
15 1482
17 1076
11 1409
27 1117
18 1296
15 1132
17 1031
13 1265
10 1188
20 1313
29 1176
29 1101
29 1300
29 1183
19 1339
21 1487
25 1156
22 1260
25 1496
20 1133
28 1339
27 1431
10 1236
11 1337
20 1103
17 1138
18 1281
13 1036
14 1185
22 1432
27 1436
16 1164
19 1385
29 1152
19 1258
11 1473
24 1376
17 1297
25 1168
12 1437
12 1242
23 1047
27 1439
13 1475
29 1074
22 1397
15 1306
27 1023
25 1356
17 1398
10 1185
15 1151
26 1144
15 1190
23 1072
28 1496
24 1031
21 1094
18 1414
21 1430
26 1190
13 1078
19 1149
26 1459
24 1099
14 1234
16 1046
25 1217
23 1043
22 1129
11 1491
27 1144
12 1342
19 1307
16 1039
10 1095
15 1055
20 1429
11 1460
12 1384
15 1172
29 1440
22 1300
22 1406
25 1208
18 1375
11 1132
27 1467
10 1207
28 1294
20 1247
29 1055
14 1356
17 1346
16 1117
27 1396
16 1108
19 1033
23 1182
19 1456
12 1101
25 1367
15 1275
14 1461
12 1276
22 1342
20 1266
19 1378
21 1292
27 1037
25 1387
21 1084
24 1121
10 1169
21 1480
18 1461
21 1422
11 1216
11 1203
10 1108
15 1195
22 1414
10 1452
28 1371
18 1200
18 1022
26 1144
18 1337
25 1375
14 1003
18 1457
12 1440
19 1399
10 1109
13 1421
13 1447
14 1208
20 1181
18 1329
26 1167
11 1382
15 1322
28 1010
28 1395
14 1444
25 1370
10 1499
19 1429
25 1323
13 1350
15 1265
20 1001
20 1023
16 1457
21 1325
26 1453
23 1228
29 1011
10 1337
26 1217
22 1194
21 1274
28 1432
28 1422
12 1001
24 1443
27 1432
25 1181
21 1153
23 1491
16 1360
21 1004
14 1136
24 1344
12 1115
20 1350
26 1342
22 1254
18 1083
26 1146
25 1349
11 1168
28 1451
23 1309
13 1287
28 1148
20 1231
23 1326
24 1414
24 1343
20 1387
21 1086
26 1052
22 1216
13 1012
24 1151
27 1466
16 1147
25 1387
24 1153
12 1109
26 1369
21 1025
11 1301
12 1375
20 1108
18 1499
22 1327
13 1224
13 1215
23 1430
15 1297
21 1247
11 1046
24 1387
12 1039
10 1012
25 1112
13 1443
23 1070
27 1201
20 1425
22 1006
20 1380
11 1227
28 1412
28 1066
28 1448
25 1405
28 1334
14 1369
12 1358
18 1256
21 1465
16 1390
20 1410
26 1338
26 1460
25 1238
26 1268
25 1433
10 1348
17 1455
25 1115
18 1110
25 1403
28 1313
12 1268
12 1483
15 1043
20 1036
28 1314
18 1022
19 1122
10 1480
23 1077
10 1042
28 1237
13 1249
28 1126
10 1312
16 1029
21 1150
18 1398
24 1451
21 1018
16 1002
17 1412
27 1142
17 1412
24 1411
11 1442
17 1416
11 1172
11 1059
18 1445
19 1036
20 1287
17 1237
11 1409
21 1140
16 1491
27 1100
27 1330
24 1246
20 1313
10 1407
17 1370
23 1159
13 1065
13 1248
20 1383
19 1411
20 1031
21 1313
28 1452
29 1411
20 1189
20 1472
25 1313
15 1477
28 1272
25 1099
13 1068
15 1120
24 1118
25 1380
10 1076
24 1459
25 1394
24 1258
22 1055
29 1143
15 1405
27 1018
17 1146
18 1461
27 1463
15 1362
28 1267
10 1287
12 1211
27 1325
18 1412
20 1388
29 1348
10 1334
14 1300
14 1476
23 1317
16 1418
27 1160
26 1195
22 1187
26 1329
19 1443
17 1168
22 1123
16 1393
26 1204
25 1158
12 1058
22 1035
17 1050
17 1236
29 1316
24 1397
13 1141
24 1408
21 1013
17 1105
15 1134
26 1478
14 1106
17 1067
16 1423
27 1339
22 1099
27 1236
22 1286
23 1296
15 1177
12 1210
11 1062
26 1279
19 1264
25 1332
26 1024
27 1255
13 1338
19 1049
26 1016
27 1122
24 1049
18 1129
17 1192
25 1328
27 1310
10 1418
23 1328
14 1250
24 1103
19 1306
16 1451
15 1140
15 1354
16 1178
27 1052
26 1338
13 1459
11 1202
28 1050
18 1327
16 1143
14 1294
20 1277
27 1112
12 1002
12 1390
12 1029
11 1431
14 1034
10 1325
26 1030
14 1156
19 1169
29 1321
28 1439
26 1220
19 1055
25 1036
11 1388
13 1257
10 1372
26 1369
12 1263
10 1392
22 1420
19 1078
19 1092
12 1285
15 1435
23 1104
12 1316
27 1284
29 1206
15 1411
20 1443
12 1318
17 1455
23 1111
23 1286
19 1014
13 1252
16 1256
21 1335
21 1201
16 1250
14 1236
25 1270
14 1440
26 1410
29 1058
24 1198
20 1125
10 1163
11 1283
19 1069
11 1142
10 1374
11 1004
26 1335
24 1042
20 1076
14 1413
24 1271
11 1291
16 1321
11 1214
13 1110
13 1100
22 1319
22 1108
24 1221
17 1444
21 1180
27 1407
22 1353
27 1318
18 1007
20 1487
22 1005
24 1473
29 1270
21 1267
21 1328
25 1397
24 1146
11 1339
29 1155
16 1132
21 1220
25 1135
24 1169
27 1242
13 1123
13 1230
23 1098
13 1244
27 1450
20 1062
19 1481
29 1175
20 1241
20 1008
10 1498
10 1463
19 1241
10 1165
17 1443
13 1313
10 1166
11 1419
13 1142
17 1073
13 1287
10 1389
18 1284
26 1157
25 1273
12 1268
16 1459
25 1348
24 1001
20 1095
14 1382
14 1003
16 1341
11 1172
12 1053
18 1085
27 1422
22 1454
28 1061
20 1062
19 1378
18 1114
15 1460
27 1352
25 1493
12 1009
20 1351
17 1357
13 1356
16 1259
14 1196
21 1264
10 1299
27 1108
28 1073
18 1402
11 1038
12 1280
16 1162
15 1206
28 1156
22 1489
13 1175
12 1380
21 1447
11 1413
20 1370
24 1210
18 1176
27 1124
24 1087
19 1221
17 1404
23 1035
12 1217
25 1252
23 1347
14 1459
17 1188
10 1175
20 1126
10 1473
17 1311
15 1171
13 1260
12 1448
25 1188
26 1112
21 1154
15 1234
10 1480
27 1420
14 1483
29 1309
29 1004
26 1431
10 1293
26 1196
23 1064
12 1456
26 1182
13 1036
10 1396
19 1302
14 1274
12 1288
26 1111
13 1487
14 1343
14 1434
14 1429
19 1300
11 1152
10 1275
18 1255
21 1074
14 1344
12 1293
27 1339
13 1493
10 1087
13 1062
14 1015
16 1034
16 1094
13 1371
29 1431
25 1116
14 1077
20 1082
19 1037
10 1281
14 1482
12 1407
19 1091
16 1493
17 1368
14 1375
27 1252
15 1379
15 1266
20 1404
27 1480
21 1243
18 1431
11 1454
17 1462
18 1274
13 1232
17 1424
22 1187
28 1146
22 1194
24 1464
25 1363
28 1075
27 1183
28 1147
11 1313
22 1392
28 1418
11 1001
14 1445
21 1315
24 1231
26 1175
10 1167
29 1061
13 1203
16 1194
17 1315
25 1319
29 1279
21 1331
16 1405
28 1002
14 1103
27 1267
29 1002
16 1060
22 1377
27 1273
29 1004
14 1381
21 1093
20 1374
21 1084
15 1218
13 1367
15 1031
28 1082
14 1058
22 1298
27 1155
28 1473
27 1375
11 1294
23 1231
17 1278
23 1045
28 1223
13 1114
24 1147
15 1233
23 1043
12 1087
12 1199
20 1149
14 1179
11 1070
27 1203
26 1231
24 1438
23 1090
12 1122
28 1428
21 1408
23 1000
25 1340
28 1442
13 1113
29 1103
29 1018
11 1021
29 1330
13 1378
12 1225
25 1311
15 1002
26 1395
25 1381
28 1271
12 1151
18 1329
25 1136
23 1461
13 1086
24 1045
10 1100
15 1474
27 1057
14 1118
22 1086
24 1191
24 1042
15 1392
11 1156
11 1411
24 1340
29 1497
15 1388
10 1269
20 1290
16 1456
11 1167
19 1255
11 1381
25 1278
22 1058
15 1465
26 1259
18 1111
20 1194
23 1145
10 1123
18 1055
24 1271
20 1001
10 1362
23 1472
27 1276
24 1405
10 1184
29 1087
14 1464
14 1061
26 1090
19 1341
26 1477
29 1244
12 1202
25 1371
17 1102
17 1456
24 1233
19 1277
23 1015
25 1408
20 1002
10 1196
11 1375
22 1230
17 1334
21 1248
13 1207
25 1364
16 1452
24 1492
11 1295
29 1171
29 1387
18 1061
18 1274
29 1388
22 1257
23 1265
18 1322
15 1097
19 1497
15 1465
14 1117
28 1280
29 1393
13 1277
26 1257
10 1425
10 1394
21 1274
15 1437
23 1367
16 1140
26 1312
15 1155
12 1346
19 1445
28 1169
21 1100
12 1124
12 1284
18 1014
10 1127