3950 5000
12 1190
11 1109
26 1273
19 1134
29 1173
14 1286
28 1102
18 1241
29 1116
22 1167
20 1457
21 1476
21 1405
29 1009
12 1319
22 1279
19 1381
10 1027
20 1470
23 1210
26 1012
10 1403
18 1186
25 1470
26 1027
29 1483
16 1380
26 1029
16 1006
11 1012
14 1194
13 1089
17 1083
20 1477
23 1448
29 1124
23 1275
15 1295
26 1108
15 1485
24 1251
15 1119
14 1040
20 1051
15 1210
10 1307
28 1381
25 1097
21 1498
13 1485
21 1320
26 1154
11 1209
22 1426
24 1304
21 1231
26 1043
28 1390
17 1041
11 1003
12 1378
17 1388
21 1425
29 1450
18 1232
18 1065
27 1153
29 1438
18 1461
13 1493
21 1267
19 1283
22 1486
27 1259
10 1140
16 1428
24 1200
15 1456
25 1304
17 1085
26 1012
14 1125
16 1081
11 1318
19 1384
12 1248
11 1452
25 1198
24 1219
25 1036
25 1347
22 1464
25 1273
25 1195
23 1018
20 1063
26 1308
11 1138
23 1342
26 1310
25 1441
14 1108
27 1291
29 1133
24 1476
29 1362
21 1258
21 1340
10 1423
25 1376
10 1312
20 1262
24 1373
26 1187
18 1093
16 1224
14 1398
29 1138
13 1211
22 1025
28 1435
24 1111
18 1462
11 1232
20 1177
17 1217
11 1010
14 1409
19 1386
14 1372
14 1179
14 1480
25 1062
16 1274
17 1028
29 1392
22 1307
17 1121
24 1054
20 1354
16 1122
10 1468
11 1173
15 1111
20 1246
26 1282
29 1270
21 1007
19 1326
20 1472
25 1405
22 1188
24 1129
23 1169
18 1257
10 1085
23 1402
19 1490
24 1435
20 1062
13 1334
10 1064
23 1384
20 1083
22 1393
28 1373
27 1210
25 1096
12 1348
14 1378
25 1330
18 1006
26 1468
12 1275
28 1109
23 1170
17 1265
26 1223
11 1237
24 1194
18 1300
24 1441
15 1090
28 1052
17 1302
12 1075
14 1262
21 1063
28 1180
25 1157
18 1385
29 1077
24 1187
22 1411
10 1107
12 1264
20 1186
29 1056
20 1094
12 1395
17 1254
23 1283
19 1429
15 1452
20 1181
16 1160
20 1347
23 1345
18 1456
17 1275
29 1267
22 1167
18 1291
25 1445
18 1462
27 1496
17 1190
19 1376
12 1375
14 1195
21 1256
26 1171
18 1281
28 1021
15 1022
14 1257
14 1299
20 1131
10 1107
29 1069
22 1220
11 1405
18 1049
11 1374
21 1172
14 1359
24 1236
16 1058
25 1472
16 1190
19 1436
23 1031
14 1092
16 1309
16 1412
17 1109
10 1368
26 1452
23 1017
12 1245
18 1265
18 1388
11 1218
14 1148
20 1249
25 1145
24 1252
19 1101
20 1319
17 1100
15 1365
13 1483
13 1293
17 1108
14 1351
19 1105
21 1012
13 1172
18 1336
19 1086
23 1353
21 1427
13 1143
16 1451
23 1446
29 1402
13 1374
12 1431
24 1342
11 1127
20 1060
25 1181
29 1014
24 1331
19 1303
24 1336
15 1140
23 1217
11 1341
20 1155
18 1282
10 1305
28 1461
10 1004
17 1271
11 1170
23 1281
21 1284
23 1079
18 1481
12 1046
12 1172
12 1496
14 1232
20 1368
13 1392
25 1015
27 1148
28 1111
26 1016
18 1108
23 1271
28 1378
27 1395
13 1448
21 1194
12 1284
27 1024
27 1419
19 1394
14 1149
27 1267
10 1157
14 1299
15 1136
25 1031
29 1244
19 1040
14 1324
10 1452
22 1030
23 1465
20 1104
10 1043
15 1179
17 1267
28 1069
27 1122
22 1234
10 1269
11 1326
14 1468
25 1174
10 1200
27 1289
18 1027
12 1306
11 1027
15 1460
28 1111
15 1038
29 1373
17 1042
12 1151
18 1250
17 1278
17 1185
18 1140
25 1254
12 1133
13 1488
28 1037
26 1444
12 1433
17 1421
11 1178
25 1336
17 1216
16 1361
10 1122
26 1396
16 1339
13 1160
14 1340
10 1095
29 1421
11 1009
10 1357
10 1305
10 1003
27 1056
29 1482
14 1156
10 1191
20 1301
19 1296
11 1319
19 1225
16 1346
29 1259
20 1354
10 1210
16 1435
19 1256
23 1078
26 1023
27 1239
29 1236
13 1212
20 1112
25 1424
12 1049
21 1270
28 1307
26 1056
11 1280
22 1341
10 1068
13 1191
15 1359
11 1152
13 1135
12 1151
21 1077
16 1340
10 1315
29 1228
19 1078
11 1262
18 1127
23 1022
14 1428
27 1461
27 1131
10 1304
10 1186
12 1176
29 1125
23 1253
12 1001
28 1376
15 1385
26 1266
13 1023
16 1298
15 1222
24 1129
18 1079
24 1306
24 1261
11 1194
29 1125
13 1364
18 1270
13 1036
15 1188
13 1019
15 1098
26 1438
21 1477
19 1451
12 1133
29 1471
28 1027
13 1353
22 1060
18 1193
11 1406
21 1120
10 1092
17 1004
12 1016
29 1417
21 1261
11 1337
12 1374
26 1486
22 1369
28 1229
11 1304
25 1078
10 1085
26 1172
17 1334
17 1170
11 1080
19 1404
11 1250
21 1345
15 1029
19 1051
26 1210
10 1358
18 1202
24 1476
25 1199
27 1040
24 1059
17 1277
29 1475
29 1374
24 1433
28 1201
14 1032
25 1366
22 1248
17 1432
21 1086
22 1194
15 1159
24 1351
26 1313
18 1319
20 1102
13 1436
14 1445
20 1124
24 1041
28 1202
14 1343
27 1289
19 1469
24 1327
27 1078
23 1495
13 1070
14 1152
12 1153
23 1369
20 1199
25 1453
28 1156
11 1456
19 1212
17 1099
18 1156
14 1459
18 1440
28 1431
26 1097
17 1336
14 1380
26 1423
29 1233
28 1484
14 1496
25 1274
11 1157
22 1310
26 1005
17 1415
12 1244
22 1382
16 1370
28 1089
28 1163
14 1354
12 1352
27 1175
16 1075
27 1491
13 1441
10 1201
17 1214
21 1190
16 1320
26 1047
26 1224
22 1057
20 1064
25 1340
26 1082
11 1356
20 1177
17 1404
10 1484
12 1274
20 1287
22 1280
20 1426
22 1084
24 1281
18 1203
26 1210
21 1329
17 1343
16 1338
24 1245
20 1236
18 1022
10 1385
27 1380
21 1468
13 1175
29 1456
25 1448
24 1313
24 1039
17 1493
12 1133
12 1272
27 1218
10 1062
24 1111
27 1239
20 1034
16 1092
22 1260
20 1013
14 1144
20 1063
25 1034
14 1460
28 1119
22 1024
22 1212
28 1270
27 1144
26 1071
21 1025
23 1439
27 1008
20 1341
29 1452
26 1394
23 1136
10 1403
27 1107
25 1009
14 1409
10 1060
27 1276
16 1014
14 1070
29 1361
26 1474
11 1082
25 1454
18 1124
17 1290
14 1160
10 1080
10 1177
13 1224
23 1062
26 1123
26 1202
15 1369
19 1490
17 1179
13 1024
10 1378
27 1296
29 1368
25 1080
13 1133
13 1310
29 1135
28 1172
11 1098
19 1206
17 1234
22 1465
16 1162
11 1482
18 1281
27 1238
23 1246
19 1068
29 1226
25 1291
25 1295
11 1101
16 1420
29 1493
26 1089
20 1253
27 1275
17 1132
29 1021
21 1408
29 1092
27 1048
27 1133
24 1063
22 1417
19 1078
19 1134
10 1361
20 1070
28 1481
13 1471
20 1347
26 1123
12 1400
15 1417
20 1319
26 1478
12 1028
19 1416
26 1222
24 1069
16 1371
17 1177
14 1099
24 1069
25 1342
18 1357
11 1221
14 1469
27 1255
26 1369
27 1421
16 1183
20 1291
15 1346
24 1374
16 1281
18 1135
16 1156
10 1396
26 1156
12 1204
27 1200
20 1016
18 1043
15 1177
10 1065
28 1167
26 1063
13 1248
17 1400
13 1022
22 1229
15 1032
16 1142
18 1431
24 1033
20 1372
24 1434
17 1218
19 1448
18 1348
23 1458
11 1353
23 1053
12 1235
17 1215
17 1156
24 1152
25 1202
20 1399
17 1487
17 1243
28 1040
19 1126
27 1102
17 1065
24 1490
22 1095
28 1220
19 1046
27 1200
24 1019
11 1477
22 1273
25 1345
27 1109
24 1102
21 1441
23 1490
22 1003
27 1398
17 1225
15 1306
24 1149
23 1057
19 1481
22 1462
19 1047
15 1193
20 1127
13 1234
15 1079
25 1379
28 1113
19 1009
20 1020
19 1040
19 1207
18 1469
15 1029
18 1313
17 1127
26 1296
11 1434
19 1018
23 1430
24 1276
17 1477
10 1296
17 1333
21 1127
19 1047
18 1247
12 1334
15 1197
23 1167
26 1389
22 1296
22 1474
12 1201
27 1439
29 1488
18 1432
12 1452
13 1002
23 1401
28 1433
18 1051
20 1245
29 1077
25 1250
29 1098
19 1056
15 1129
18 1311
26 1363
18 1319
23 1480
14 1263
19 1341
23 1065
11 1077
26 1394
23 1479
29 1104
26 1169
21 1053
24 1107
14 1221
13 1476
23 1015
22 1208
23 1160
24 1270
23 1256
20 1137
15 1112
28 1171
24 1032
17 1337
22 1051
11 1000
17 1133
29 1010
20 1433
27 1053
13 1093
16 1418
26 1059
10 1426
20 1111
20 1368
14 1157
15 1368
11 1238
26 1376
24 1070
22 1056
28 1173
15 1488
24 1090
19 1421
19 1198
18 1044
13 1153
19 1410
10 1380
26 1246
18 1030
16 1014
14 1212
10 1076
11 1053
29 1024
22 1478
22 1259
10 1278
27 1018
10 1179
24 1033
19 1450
13 1081
21 1495
22 1184
15 1266
11 1339
26 1030
28 1010
10 1333
21 1287
10 1255
29 1484
23 1105
18 1216
11 1484
24 1416
26 1269
13 1102
19 1429
17 1267
26 1468
22 1244
29 1058
23 1150
27 1403
21 1073
15 1282
18 1081
15 1049
26 1059
21 1369
27 1062
23 1453
24 1190
12 1001
29 1290
21 1009
25 1324
23 1261
10 1312
27 1435
25 1010
16 1201
23 1394
17 1462
10 1033
27 1322
11 1347
11 1490
22 1004
17 1341
27 1181
28 1032
13 1157
14 1117
18 1058
17 1218
15 1181
10 1293
11 1398
17 1285
20 1452
26 1009
15 1009
10 1002
15 1030
27 1139
13 1051
20 1046
20 1473
24 1042
22 1159
20 1476
10 1188
12 1334
11 1219
16 1470
23 1172
29 1021
17 1303
29 1022
19 1273
20 1304
21 1230
14 1175
14 1212
29 1472
29 1449
10 1216
26 1359
18 1427
21 1027
12 1248
13 1111
23 1183
24 1206
11 1307
17 1441
27 1290
15 1116
29 1461
13 1384
26 1479
10 1054
13 1128
13 1126
15 1279
20 1049
15 1442
15 1150
12 1375
21 1162
13 1373
15 1003
18 1410
10 1339
17 1136
19 1128
18 1174
27 1130
27 1191
27 1143
17 1440
22 1030
11 1429
14 1329
17 1246
26 1130
12 1299
29 1415
16 1227
21 1220
11 1496
28 1008
15 1168
23 1463
27 1410
29 1382
16 1459
13 1355
16 1219
27 1379
28 1246
26 1006
26 1015
11 1270
17 1469
22 1193
20 1130
23 1471
12 1441
13 1185
20 1256
28 1272
28 1468
24 1062
12 1358
24 1001
17 1456
10 1169
24 1276
16 1152
28 1338
27 1030
27 1021
16 1407
14 1009
18 1389
12 1214
10 1374
13 1402
18 1124
20 1498
24 1478
24 1396
19 1188
27 1275
20 1297
27 1253
10 1384
27 1238
19 1361
15 1180
21 1216
15 1246
15 1495
17 1062
10 1072
19 1212
12 1007
11 1125
11 1042
10 1297
28 1013
21 1089
23 1358
22 1062
27 1392
14 1001
19 1315
28 1063
22 1119
10 1038
17 1356
11 1247
16 1311
11 1431
26 1007
24 1116
19 1159
16 1129
13 1262
16 1247
21 1217
15 1023
29 1260
12 1241
25 1452
21 1378
24 1046
15 1076
23 1112
16 1201
21 1380
18 1341
19 1483
26 1316
23 1042
21 1211
23 1033
15 1490
21 1081
11 1229
17 1010
15 1231
18 1147
25 1014
24 1370
26 1460
19 1036
23 1131
17 1344
11 1185
22 1412
25 1384
28 1219
22 1414
18 1087
21 1253
23 1114
14 1092
17 1252
10 1281
19 1075
26 1400
19 1393
18 1279
24 1234
23 1223
25 1061
18 1399
17 1107
13 1434
25 1181
21 1091
26 1366
28 1374
16 1253
22 1425
18 1200
15 1060
19 1307
26 1309
29 1142
14 1328
21 1006
29 1080
10 1206
13 1088
28 1299
12 1496
20 1025
28 1421
23 1230
12 1316
19 1429
27 1377
28 1233
11 1108
18 1228
13 1319
27 1484
26 1364
16 1061
23 1284
26 1477
28 1393
14 1097
12 1278
19 1269
12 1317
29 1048
28 1197
26 1032
22 1269
25 1292
19 1187
23 1316
16 1148
11 1269
15 1286
15 1134
20 1420
27 1240
18 1093
12 1317
21 1237
19 1463
15 1353
26 1424
15 1476
14 1019
28 1243
17 1189
13 1236
23 1372
20 1365
22 1375
16 1312
18 1428
23 1379
22 1446
28 1231
22 1087
12 1095
17 1376
14 1382
16 1019
17 1238
11 1250
26 1312
23 1464
18 1407
24 1119
22 1202
10 1209
13 1492
27 1355
22 1253
14 1029
27 1400
28 1032
25 1055
27 1140
24 1184
26 1039
13 1289
28 1213
28 1083
20 1499
12 1123
27 1245
15 1213
18 1305
19 1311
29 1059
28 1041
21 1132
16 1160
17 1275
21 1312
11 1066
21 1488
11 1362
28 1068
23 1281
22 1376
15 1104
20 1140
15 1049
21 1121
22 1376
13 1082
10 1494
27 1219
12 1491
22 1185
23 1356
11 1103
27 1283
16 1485
12 1241
16 1154
23 1393
27 1382
23 1347
11 1263
15 1073
21 1360
13 1450
20 1226
25 1397
10 1328
20 1135
29 1393
24 1245
29 1048
22 1203
18 1342
18 1334
23 1347
14 1286
15 1119
19 1444
27 1432
20 1047
23 1459
24 1316
29 1024
12 1303
28 1232
23 1130
18 1123
23 1057
25 1457
28 1274
24 1432
14 1177
14 1287
18 1459
19 1420
27 1491
18 1465
29 1101
29 1295
22 1166
16 1299
14 1356
18 1054
25 1267
16 1061
16 1470
10 1124
18 1073
19 1100
25 1134
22 1215
12 1116
13 1292
27 1049
10 1061
18 1465
10 1143
26 1363
11 1316
23 1197
24 1247
21 1250
15 1406
29 1463
13 1036
28 1127
18 1090
14 1471
19 1494
10 1465
14 1132
18 1283
14 1344
11 1478
20 1291
19 1324
19 1035
24 1215
14 1192
25 1236
10 1054
14 1391
12 1217
16 1407
14 1092
10 1014
28 1248
10 1089
29 1400
13 1123
11 1047
20 1264
23 1453
28 1446
10 1328
28 1224
14 1495
20 1171
18 1367
20 1344
20 1048
29 1407
29 1468
25 1165
18 1204
23 1136
20 1032
19 1174
26 1156
11 1189
23 1096
27 1307
15 1020
13 1120
29 1211
14 1446
25 1143
17 1053
16 1381
15 1472
13 1222
15 1082
11 1396
17 1420
22 1212
10 1120
28 1124
16 1213
18 1404
24 1445
25 1425
10 1258
15 1339
22 1235
25 1012
17 1406
24 1032
24 1101
14 1468
10 1482
13 1168
11 1415
25 1417
27 1313
10 1300
20 1047
17 1364
22 1191
25 1346
17 1033
27 1413
21 1308
21 1395
11 1180
14 1463
29 1180
29 1059
11 1329
24 1187
28 1320
13 1069
14 1205
16 1352
10 1373
15 1042
29 1200
17 1469
11 1118
14 1143
29 1147
26 1164
26 1175
18 1432
10 1142
11 1070
22 1062
13 1248
24 1393
13 1224
12 1063
25 1400
13 1255
14 1213
16 1129
18 1350
10 1379
21 1139
16 1459
23 1117
26 1328
23 1387
24 1429
25 1395
12 1145
18 1449
14 1251
23 1121
12 1488
17 1353
16 1424
10 1152
13 1417
14 1262
25 1433
21 1400
21 1307
21 1087
15 1305
18 1479
25 1403
21 1465
19 1130
14 1466
14 1186
22 1105
13 1085
27 1099
24 1038
23 1126
21 1034
16 1286
29 1215
11 1235
26 1181
17 1392
27 1151
23 1121
29 1417
27 1167
18 1207
20 1033
19 1187
20 1429
28 1031
13 1273
14 1488
18 1146
14 1304
29 1455
22 1438
27 1425
21 1364
16 1257
27 1307
14 1195
18 1114
23 1438
11 1078
18 1234
21 1217
24 1270
12 1399
17 1344
14 1263
22 1245
17 1477
22 1297
17 1478
20 1112
26 1098
16 1260
17 1320
20 1288
10 1346
26 1132
14 1117
22 1017
12 1130
27 1384
24 1218
14 1470
11 1023
27 1000
23 1248
24 1330
19 1294
11 1236
21 1026
25 1038
14 1012
18 1345
29 1427
17 1020
10 1302
16 1371
22 1188
18 1261
11 1019
14 1463
21 1424
12 1382
15 1475
12 1395
25 1316
15 1492
27 1307
12 1028
10 1062
15 1275
27 1226
24 1387
16 1158
20 1193
27 1308
13 1387
29 1196
18 1344
19 1230
15 1398
13 1087
12 1200
22 1218
19 1051
11 1157
12 1063
16 1400
29 1388
13 1291
11 1445
25 1252
10 1173
14 1480
11 1410
14 1052
23 1091
14 1498
16 1061
24 1076
23 1483
19 1142
13 1426
14 1496
23 1307
13 1003
18 1021
13 1444
16 1374
29 1220
27 1414
11 1186
11 1049
25 1479
12 1323
28 1061
11 1488
14 1450
15 1194
26 1422
10 1284
28 1136
16 1417
25 1423
17 1454
11 1237
13 1298
14 1429
11 1215
27 1251
24 1056
10 1256
17 1267
26 1478
23 1093
20 1086
12 1453
15 1228
21 1020
20 1350
13 1348
13 1127
10 1441
29 1256
15 1225
21 1470
10 1082
11 1007
13 1483
15 1167
24 1447
10 1187
16 1496
17 1307
18 1335
23 1214
24 1138
19 1188
24 1358
14 1161
27 1169
29 1198
19 1123
21 1116
16 1254
23 1106
24 1003
10 1351
22 1071
28 1178
10 1439
16 1272
13 1104
25 1368
17 1344
18 1423
26 1043
22 1455
20 1038
18 1360
16 1183
19 1164
19 1441
23 1142
13 1443
12 1396
16 1165
16 1440
16 1026
13 1093
12 1168
20 1103
21 1205
21 1153
24 1453
14 1455
23 1092
19 1468
17 1238
12 1490
25 1468
15 1008
28 1004
29 1451
17 1424
17 1268
23 1271
26 1056
20 1080
21 1335
17 1247
23 1386
20 1470
10 1409
12 1328
27 1110
17 1126
27 1032
28 1418
23 1227
23 1392
16 1253
11 1473
16 1322
28 1012
21 1145
19 1420
20 1388
20 1368
24 1081
18 1273
21 1346
12 1003
16 1207
27 1418
22 1337
27 1205
17 1049
24 1463
21 1215
24 1271
19 1276
29 1423
26 1016
10 1141
26 1475
27 1217
25 1280
28 1385
13 1359
20 1455
11 1423
11 1420
10 1262
20 1041
28 1065
24 1197
15 1188
16 1151
26 1337
23 1034
12 1475
26 1450
14 1110
16 1036
24 1471
10 1236
15 1337
21 1321
11 1371
18 1280
25 1272
13 1195
17 1269
15 1042
23 1351
10 1066
17 1315
15 1208
20 1330
26 1366
22 1046
14 1465
21 1351
11 1402
17 1376
27 1359
20 1354
15 1190
27 1297
11 1312
11 1498
20 1477
13 1228
16 1076
26 1393
28 1205
14 1132
23 1013
29 1046
23 1235
23 1458
22 1186
20 1138
13 1247
26 1483
13 1221
10 1245
19 1044
14 1095
25 1158
28 1383
25 1193
28 1203
22 1491
25 1063
20 1452
25 1264
12 1209
23 1444
10 1106
17 1160
26 1095
19 1482
25 1103
14 1257
29 1138
21 1299
15 1074
29 1442
29 1336
18 1449
15 1282
11 1024
29 1139
21 1314
17 1420
18 1473
24 1409
19 1111
27 1435
27 1280
13 1173
23 1458
15 1246
15 1149
13 1319
17 1378
18 1273
26 1404
25 1375
13 1250
11 1240
27 1445
28 1183
25 1110
21 1152
27 1017
12 1273
23 1466
22 1003
13 1060
12 1188
14 1126
15 1483
12 1442
18 1154
12 1433
16 1435
21 1373
12 1395
22 1295
16 1046
23 1277
16 1143
20 1142
18 1199
25 1005
23 1340
25 1315
17 1275
14 1238
23 1005
12 1177
18 1261
12 1174
15 1276
12 1388
12 1433
16 1368
23 1397
17 1325
19 1034
11 1008
14 1113
21 1340
19 1490
23 1117
21 1282
26 1468
24 1254
18 1145
10 1041
23 1053
13 1172
29 1145
18 1447
18 1368
20 1336
13 1344
11 1166
13 1188
15 1168
17 1428
28 1393
25 1152
24 1033
22 1204
13 1194
13 1447
26 1397
13 1449
21 1232
15 1049
17 1000
21 1074
13 1443
13 1256
21 1471
13 1078
11 1429
10 1346
16 1067
28 1261
16 1204
15 1182
16 1070
28 1129
19 1317
19 1205
13 1166
16 1392
13 1151
27 1220
13 1055
21 1199
26 1126
25 1385
24 1259
11 1442
20 1140
19 1468
24 1465
16 1052
29 1109
13 1027
14 1094
28 1316
26 1024
28 1258
12 1346
17 1152
19 1082
21 1080
29 1045
24 1185
15 1291
12 1441
17 1443
21 1476
12 1053
12 1485
16 1436
23 1319
13 1308
23 1426
16 1423
23 1429
17 1265
26 1122
22 1047
13 1053
21 1395
10 1485
27 1069
10 1383
12 1089
23 1020
22 1214
20 1048
15 1229
12 1386
27 1347
24 1184
14 1160
26 1075
15 1385
12 1375
29 1143
21 1115
28 1230
18 1275
26 1130
21 1382
29 1371
14 1353
11 1130
18 1297
17 1228
18 1036
18 1308
10 1193
15 1196
18 1358
10 1042
26 1246
24 1262
23 1204
11 1068
23 1377
15 1119
21 1396
23 1260
23 1015
10 1426
22 1000
27 1064
27 1318
12 1324
17 1115
28 1240
10 1153
19 1196
28 1032
18 1077
19 1244
14 1401
10 1036
25 1367
10 1174
26 1267
18 1159
25 1093
24 1463
12 1356
13 1371
29 1107
26 1251
26 1369
17 1235
16 1195
13 1209
26 1188
25 1197
21 1486
20 1201
16 1440
14 1231
10 1012
18 1414
20 1289
25 1171
19 1457
21 1169
14 1254
22 1349
24 1312
26 1027
15 1044
18 1044
29 1265
14 1085
25 1136
24 1426
19 1219
29 1024
13 1169
14 1495
27 1312
20 1299
17 1083
12 1273
29 1417
17 1453
12 1136
19 1203
27 1248
21 1459
19 1200
14 1479
12 1199
18 1233
12 1491
10 1422
25 1101
13 1390
13 1182
26 1017
26 1481
25 1120
28 1477
22 1112
20 1456
23 1104
14 1459
18 1105
24 1166
16 1459
21 1251
16 1353
21 1472
26 1095
10 1230
18 1232
13 1220
18 1229
19 1485
10 1373
13 1045
14 1041
28 1265
28 1245
20 1327
19 1198
11 1351
11 1004
22 1457
13 1404
24 1367
28 1325
16 1239
29 1345
22 1314
25 1059
25 1193
25 1398
15 1363
11 1312
24 1125
24 1268
14 1490
15 1428
28 1435
14 1176
19 1182
19 1217
28 1002
20 1165
15 1151
17 1192
23 1255
16 1466
21 1168
28 1494
25 1147
11 1273
12 1295
11 1386
12 1339
27 1456
11 1320
15 1477
14 1487
19 1426
21 1312
16 1141
21 1082
21 1454
19 1471
17 1054
28 1207
17 1004
12 1274
23 1178
28 1011
18 1408
29 1353
23 1090
28 1255
22 1038
15 1195
20 1325
24 1067
25 1363
10 1269
10 1462
29 1225
27 1408
10 1444
11 1494
23 1375
24 1137
26 1239
29 1276
24 1252
17 1022
28 1001
27 1005
28 1242
20 1024
12 1327
23 1455
14 1443
26 1348
24 1163
17 1088
22 1395
24 1220
23 1019
11 1342
27 1056
12 1137
23 1472
10 1322
17 1016
29 1111
13 1065
26 1478
27 1038
13 1041
25 1228
10 1004
11 1166
21 1218
26 1002
21 1429
29 1463
12 1084
18 1384
12 1138
14 1374
13 1379
16 1211
16 1133
27 1018
21 1330
28 1246
10 1185
28 1323
17 1401
15 1277
15 1412
24 1046
28 1240
16 1323
27 1043
21 1313
12 1410
11 1294
26 1287
23 1057
25 1154
10 1021
25 1029
13 1197
29 1314
18 1447
14 1035
18 1379
10 1113
13 1119
27 1417
25 1269
16 1371
27 1298
15 1490
24 1011
28 1372
22 1186
24 1425
15 1114
26 1449
19 1116
27 1445
12 1115
29 1471
14 1102
15 1387
24 1415
11 1187
11 1274
23 1223
20 1408
11 1300
24 1459
29 1398
23 1377
26 1403
25 1303
17 1104
11 1259
24 1113
29 1342
14 1335
26 1396
24 1318
15 1040
21 1254
24 1308
24 1379
27 1258
19 1141
19 1040
25 1392
25 1253
18 1421
14 1098
11 1304
28 1151
12 1111
13 1351
18 1358
14 1277
25 1216
20 1079
14 1476
15 1492
29 1435
24 1174
28 1254
22 1402
14 1231
23 1357
22 1080
22 1389
16 1112
12 1239
10 1425
27 1438
14 1298
29 1468
13 1293
29 1307
10 1238
24 1174
18 1459
25 1255
11 1269
29 1130
12 1177
29 1228
10 1277
15 1384
10 1315
14 1440
20 1186
27 1091
11 1157
29 1072
19 1149
14 1035
10 1453
10 1280
15 1199
18 1030
18 1162
10 1278
21 1377
18 1047
19 1309
15 1132
21 1134
14 1230
21 1045
19 1326
23 1396
23 1484
22 1214
29 1010
14 1035
18 1029
12 1447
13 1488
24 1278
23 1480
25 1003
18 1320
16 1061
29 1130
20 1240
12 1151
10 1111
24 1091
15 1446
29 1044
15 1013
29 1329
29 1410
28 1222
22 1417
11 1288
23 1009
15 1131
13 1293
19 1421
13 1402
25 1404
26 1313
29 1244
14 1183
19 1268
27 1220
24 1121
23 1074
18 1224
15 1420
10 1421
26 1228
13 1475
22 1107
29 1466
18 1254
21 1165
25 1026
26 1223
11 1397
20 1437
25 1423
18 1277
19 1123
10 1011
19 1076
18 1468
15 1219
19 1348
21 1466
27 1271
10 1384
28 1367
13 1129
27 1475
15 1405
11 1344
29 1159
14 1241
12 1017
21 1155
28 1057
12 1286
18 1355
12 1329
22 1237
10 1168
19 1299
19 1198
24 1090
19 1051
11 1000
21 1379
24 1136
20 1308
16 1222
12 1232
21 1288
19 1393
28 1113
18 1396
10 1279
20 1022
21 1462
26 1067
17 1237
26 1367
25 1424
17 1015
26 1365
27 1372
15 1405
24 1154
13 1119
16 1355
25 1073
14 1495
28 1040
26 1242
14 1122
21 1392
29 1341
12 1180
17 1038
18 1425
12 1315
20 1381
25 1040
11 1445
12 1099
13 1144
23 1144
19 1011
17 1067
13 1355
10 1172
12 1445
17 1350
12 1126
10 1430
11 1257
28 1443
26 1458
22 1359
23 1001
17 1202
15 1108
21 1219
17 1286
29 1166
13 1251
16 1490
20 1413
19 1123
11 1345
18 1419
24 1027
18 1424
22 1104
15 1468
21 1048
27 1397
26 1464
24 1090
20 1038
18 1306
11 1221
10 1366
17 1368
26 1397
10 1414
25 1294
19 1265
21 1352
17 1322
27 1431
11 1282
19 1287
23 1149
14 1328
21 1089
29 1450
27 1246
25 1254
22 1094
13 1122
17 1327
20 1083
17 1493
25 1339
12 1184
23 1027
14 1042
19 1083
22 1375
23 1400
23 1003
29 1442
21 1485
19 1370
10 1132
12 1267
13 1048
25 1190
12 1114
24 1494
10 1419
23 1262
20 1330
10 1171
17 1364
14 1110
12 1374
21 1270
16 1326
29 1101
18 1380
18 1427
21 1466
14 1299
20 1394
26 1150
24 1400
19 1006
18 1301
27 1237
20 1266
17 1473
16 1172
16 1093
28 1308
27 1116
20 1455
17 1279
25 1189
13 1158
29 1213
18 1161
24 1345
21 1436
10 1397
16 1065
16 1230
13 1226
25 1419
20 1258
22 1013
28 1072
22 1400
29 1147
25 1458
19 1317
11 1111
26 1090
28 1408
22 1353
21 1136
28 1306
28 1021
22 1433
13 1146
18 1475
27 1028
21 1270
25 1088
17 1299
20 1470
14 1040
27 1266
26 1240
26 1327
29 1081
18 1486
24 1284
19 1475
26 1430
25 1093
25 1362
20 1093
20 1425
24 1375
13 1259
27 1257
14 1176
13 1141
22 1098
27 1039
29 1344
26 1309
18 1198
14 1426
17 1165
27 1274
27 1195
29 1208
20 1060
28 1438
17 1293
14 1452
17 1064
12 1472
26 1179
24 1299
20 1322
28 1222
29 1463
18 1426
12 1073
28 1369
11 1293
25 1211
28 1150
19 1139
14 1073
17 1425
25 1369
16 1113
11 1242
22 1359
26 1349
27 1023
20 1161
16 1031
18 1260
17 1376
27 1243
20 1248
10 1211
25 1484
27 1290
17 1188
19 1354
11 1491
23 1095
19 1225
28 1174
14 1457
19 1226
27 1018
29 1382
11 1160
24 1127
17 1484
18 1245
10 1370
17 1290
19 1112
21 1108
18 1118
15 1174
12 1455
28 1345
15 1181
23 1494
25 1380
24 1391
18 1459
20 1160
22 1445
28 1445
17 1087
13 1031
21 1144
26 1293
23 1241
25 1021
16 1362
20 1438
11 1125
27 1275
18 1240
28 1490
27 1034
24 1126
27 1414
16 1481
16 1382
14 1251
17 1260
29 1010
21 1057
27 1130
29 1199
20 1175
17 1389
28 1107
11 1440
19 1408
14 1396
29 1445
15 1328
19 1332
11 1178
20 1129
25 1311
27 1496
22 1392
26 1407
15 1254
19 1173
14 1311
19 1205
25 1371
14 1422
23 1353
21 1092
12 1379
28 1100
28 1491
11 1187
27 1253
20 1125
12 1469
24 1258
29 1080
15 1255
15 1099
10 1068
28 1230
22 1133
13 1004
18 1257
27 1429
21 1408
15 1391
15 1296
25 1068
23 1467
16 1453
13 1082
29 1162
27 1056
21 1378
13 1036
26 1106
17 1085
12 1077
28 1374
11 1244
13 1212
23 1394
10 1069
16 1496
22 1264
26 1290
24 1077
14 1424
22 1296
14 1184
11 1186
21 1084
24 1442
20 1018
29 1277
28 1144
14 1352
29 1374
29 1490
11 1215
16 1199
10 1173
28 1385
24 1499
25 1005
28 1498
15 1430
26 1217
21 1001
13 1006
10 1361
11 1449
23 1276
16 1068
20 1156
28 1264
19 1383
21 1483
22 1442
15 1327
25 1235
23 1159
21 1194
16 1245
13 1449
28 1203
29 1091
24 1159
18 1450
23 1327
27 1352
16 1360
28 1174
23 1077
20 1234
24 1130
20 1392
17 1202
16 1457
17 1196
18 1357
25 1130
19 1181
21 1496
21 1100
20 1107
29 1278
26 1155
23 1290
23 1154
16 1094
22 1415
13 1103
15 1046
23 1057
14 1235
29 1046
12 1027
13 1146
19 1388
23 1087
18 1344
27 1153
19 1048
29 1046
14 1234
20 1437
17 1428
11 1248
16 1014
14 1445
20 1137
20 1003
28 1074
16 1042
11 1008
20 1247
15 1441
18 1468
16 1219
16 1347
20 1416
10 1118
16 1051
18 1494
18 1087
20 1336
11 1126
23 1433
11 1299
20 1215
26 1212
25 1219
18 1000
22 1393
19 1106
16 1440
27 1215
27 1130
21 1340
18 1164
26 1000
21 1160
11 1427
10 1141
29 1005
22 1106
12 1282
10 1349
29 1467
15 1178
16 1158
27 1452
19 1166
22 1352
16 1319
18 1209
23 1068
13 1321
25 1221
20 1349
26 1308
10 1381
16 1090
16 1310
20 1309
22 1028
19 1336
24 1370
16 1010
26 1174
26 1449
10 1234
10 1297
14 1444
21 1044
11 1227
19 1109
24 1233
22 1223
10 1157
24 1156
22 1100
19 1063
23 1168
18 1279
23 1451
23 1437
20 1332
28 1142
18 1188
22 1408
11 1323
27 1326
25 1362
19 1187
25 1372
23 1460
26 1179
15 1361
28 1207
21 1140
10 1248
17 1127
14 1131
10 1353
11 1458
10 1231
24 1327
14 1209
29 1133
27 1030
11 1079
16 1412
12 1125
10 1419
29 1177
20 1021
19 1292
25 1123
19 1292
22 1493
11 1065
29 1495
19 1056
26 1168
14 1275
13 1367
24 1305
29 1125
16 1233
25 1168
14 1071
23 1415
18 1185
24 1311
14 1343
16 1263
17 1364
27 1063
15 1159
22 1254
14 1240
10 1014
15 1156
21 1125
20 1169
14 1353
26 1218
18 1167
12 1222
17 1165
29 1021
21 1444
15 1027
17 1101
15 1448
23 1100
25 1326
11 1155
22 1416
28 1090
29 1392
29 1315
18 1011
26 1033
18 1452
27 1488
13 1124
20 1456
19 1274
18 1479
27 1049
21 1399
13 1337
21 1106
19 1437
16 1090
14 1226
24 1041
16 1051
20 1013
14 1229
13 1071
15 1138
27 1384
29 1366
16 1437
27 1267
24 1313
24 1268
18 1236
27 1392
22 1122
19 1343
25 1226
24 1199
15 1189
20 1245
12 1366
26 1354
22 1421
16 1227
14 1124
12 1207
29 1235
24 1282
14 1119
24 1381
10 1099
28 1310
28 1413
19 1127
28 1098
21 1236
10 1291
11 1061
25 1422
25 1496
23 1086
26 1229
10 1339
28 1285
14 1380
19 1338
13 1481
22 1468
29 1244
10 1122
25 1209
28 1390
23 1290
20 1196
10 1064
29 1490
12 1169
17 1043
10 1147
14 1114
22 1449
29 1204
19 1487
11 1305
16 1015
17 1322
11 1067
13 1426
25 1019
17 1401
26 1339
29 1327
15 1147
11 1235
14 1357
17 1293
26 1489
20 1320
20 1123
11 1301
14 1497
12 1453
21 1185
10 1342
23 1272
19 1155
12 1105
20 1422
26 1417
11 1045
21 1123
12 1221
28 1466
20 1101
13 1105
13 1205
17 1425
29 1485
14 1043
23 1200
17 1138
29 1130
28 1311
14 1219
13 1310
14 1185
12 1387
22 1400
21 1281
15 1356
22 1395
22 1417
24 1140
29 1130
16 1008
20 1343
15 1094
25 1499
24 1204
15 1068
26 1444
24 1297
26 1302
20 1494
11 1016
16 1275
28 1176
29 1253
21 1102
19 1237
28 1466
14 1252
20 1170
24 1313
23 1185
25 1219
14 1210
15 1392
21 1011
23 1484
26 1218
25 1031
15 1122
26 1226
14 1354
12 1120
24 1438
29 1132
14 1099
25 1299
10 1188
21 1037
17 1021
29 1477
14 1290
13 1494
28 1121
22 1033
24 1399
24 1157
10 1186
10 1426
28 1232
28 1131
23 1178
26 1463
17 1203
11 1059
25 1167
14 1123
12 1218
22 1378
29 1359
14 1273
26 1351
16 1293
15 1407
18 1209
17 1494
26 1007
20 1147
17 1106
26 1101
29 1183
26 1305
14 1262
17 1330
26 1425
19 1229
28 1316
26 1289
15 1233
11 1456
18 1001
23 1075
18 1274
17 1391
11 1168
22 1297
24 1202
23 1271
19 1164
16 1407
26 1104
13 1457
12 1077
25 1041
22 1380
13 1471
25 1076
16 1123
17 1415
15 1233
14 1010
13 1484
28 1093
11 1026
23 1199
19 1255
23 1387
14 1284
17 1253
21 1114
25 1421
16 1008
18 1229
12 1221
17 1269
10 1134
12 1165
11 1384
13 1236
19 1238
24 1190
22 1302
19 1245
18 1227
10 1164
15 1006
25 1142
23 1447
13 1334
23 1022
14 1179
24 1238
26 1434
20 1444
10 1380
20 1057
16 1049
28 1430
17 1251
29 1101
28 1091
14 1303
28 1476
24 1183
16 1348
14 1036
23 1477
25 1427
16 1304
22 1010
25 1474
21 1496
19 1006
24 1391
12 1026
27 1320
20 1191
13 1426
16 1017
16 1237
10 1499
19 1109
25 1362
15 1185
12 1430
28 1406
24 1423
22 1041
28 1102
15 1446
11 1219
26 1172
24 1441
15 1133
28 1070
11 1073
25 1030
24 1251
11 1448
26 1287
12 1458
10 1399
18 1030
22 1456
16 1489
29 1385
15 1259
21 1214
22 1493
17 1176
27 1404
13 1353
11 1101
19 1476
18 1227
18 1398
11 1009
25 1156
19 1425
17 1129
12 1121
14 1032
21 1110
16 1387
24 1461
26 1113
19 1229
19 1145
29 1275
11 1276
28 1266
15 1444
25 1053
26 1004
17 1015
14 1251
24 1119
17 1426
14 1245
11 1020
28 1223
12 1472
26 1382
15 1056
12 1230
10 1468
19 1163
26 1425
19 1234
24 1302
23 1281
19 1480
24 1032
20 1178
27 1078
14 1166
20 1293
17 1302
29 1316
14 1454
11 1369
14 1352
29 1152
20 1077
24 1168
24 1065
25 1260
26 1187
17 1410
22 1209
24 1193
22 1276
19 1002
10 1189
16 1244
22 1085
27 1157
29 1166
24 1317
12 1317
25 1152
14 1498
11 1013
16 1173
17 1114
26 1396
16 1012
28 1232
11 1384
29 1367
21 1209
12 1238
14 1321
25 1092
24 1429
19 1110
28 1223
12 1083
21 1472
20 1290
28 1458
13 1183
23 1497
19 1095
24 1194
28 1247
22 1304
20 1125
19 1246
12 1119
20 1086
16 1288
20 1460
23 1160
20 1283
12 1262
10 1091
25 1481
15 1283
18 1163
28 1065
11 1471
22 1074
24 1479
21 1147
14 1317
24 1300
21 1159
24 1212
10 1000
18 1281
23 1167
10 1107
16 1322
13 1466
15 1464
24 1473
29 1010
12 1060
27 1030
23 1282
27 1028
10 1449
10 1286
13 1264
14 1244
10 1233
26 1258
16 1280
19 1383
18 1446
14 1351
23 1443
13 1179
14 1027
19 1126
14 1266
27 1327
20 1364
17 1046
17 1098
19 1389
23 1117
19 1474
14 1217
27 1071
14 1011
15 1244
14 1176
27 1380
11 1051
20 1334
29 1045
21 1263
27 1236
10 1035
21 1228
20 1481
21 1178
25 1376
10 1134
29 1446
10 1094
11 1115
15 1085
10 1240
19 1040
16 1125
13 1229
20 1339
20 1218
19 1194
16 1221
28 1377
19 1372
26 1297
19 1065
18 1035
28 1124
10 1059
15 1248
20 1382
13 1403
14 1350
15 1398
28 1217
22 1131
24 1412
12 1027
14 1083
21 1094
28 1478
29 1259
13 1278
17 1226
17 1280
11 1155
29 1143
24 1365
25 1097
21 1122
11 1408
21 1220
19 1066
27 1210
24 1254
27 1395
12 1016
19 1304
21 1007
13 1361
10 1209
17 1214
16 1040
24 1251
19 1012
27 1044
19 1281
17 1292
10 1378
10 1470
25 1092
22 1400
24 1078
19 1446
15 1415
20 1340
10 1340
27 1194
20 1296
11 1455
17 1309
13 1056
29 1354
11 1285
11 1494
28 1439
28 1239
26 1332
27 1383
10 1055
13 1221
10 1292
18 1212
28 1168
12 1058
18 1025
13 1188
26 1039
25 1251
26 1312
11 1216
26 1187
23 1057
15 1185
26 1026
26 1285
22 1045
29 1340
20 1361
17 1053
13 1067
23 1483
15 1424
15 1171
26 1300
16 1207
21 1234
18 1126
16 1316
18 1279
26 1090
29 1158
14 1137
21 1127
22 1180
23 1303
12 1231
26 1180
27 1222
27 1036
24 1127
22 1349
16 1000
22 1476
28 1467
15 1026
21 1103
28 1298
26 1347
19 1331
15 1425
27 1377
29 1379
18 1391
17 1141
17 1209
23 1137
24 1007
14 1291
27 1248
15 1410
15 1475
25 1177
27 1306
12 1107
23 1482
10 1037
11 1163
29 1092
16 1358
28 1400
26 1000
29 1121
10 1371
14 1154
17 1345
14 1363
29 1482
29 1103
25 1460
18 1451
17 1332
28 1134
11 1357
28 1316
25 1147
28 1350
14 1296
29 1336
14 1077
12 1102
23 1254
23 1220
22 1048
11 1265
17 1018
19 1122
25 1265
16 1473
17 1228
20 1404
16 1418
23 1345
23 1307
26 1374
27 1078
19 1014
21 1241
16 1477
13 1402
29 1460
10 1366
26 1011
15 1252
10 1174
13 1069
19 1007
28 1204
11 1364
28 1485
27 1231
22 1343
27 1197
11 1139
14 1285
23 1156
23 1109
10 1121
21 1401
22 1042
28 1461
29 1054
10 1291
13 1221
17 1345
25 1220
13 1403
12 1348
10 1481
27 1472
12 1320
27 1182
28 1382
28 1122
20 1378
15 1227
23 1157
20 1383
19 1287
24 1149
29 1217
27 1132
24 1262
13 1099
22 1365
19 1136
12 1055
24 1336
11 1097
19 1460
28 1049
22 1404
21 1010
28 1066
19 1477
20 1383
15 1362
14 1090
12 1255
13 1325
12 1026
15 1281
26 1279
17 1001
11 1370
25 1499
18 1236
24 1403
25 1114
21 1259
22 1301
21 1215
24 1099
15 1488
23 1018
11 1007
12 1377
29 1374
13 1253
13 1471
11 1287
25 1053
12 1250
24 1036
24 1411
12 1115
11 1255
25 1183
23 1256
13 1489
27 1438
24 1001
17 1239
28 1190
11 1131
28 1110
27 1109
28 1175
14 1197
18 1189
14 1360
25 1482
15 1306
22 1355
10 1421
24 1384
20 1230
24 1346
27 1106
11 1165
17 1426
19 1267
19 1407
28 1254
29 1184
26 1255
20 1445
22 1340
10 1198
11 1001
28 1483
19 1484
29 1065
12 1143
27 1351
15 1212
27 1160
13 1196
19 1341
24 1136
23 1328
17 1357
16 1006
24 1182
11 1419
29 1161
26 1055
20 1416
11 1035
19 1170
27 1259
17 1384
14 1432
24 1089
13 1254
22 1039
21 1432
16 1024
12 1388
20 1405
23 1085
25 1442
13 1132
26 1483
19 1222
21 1376
18 1398
23 1233
10 1128
23 1459
16 1100
12 1245
25 1225
28 1498
27 1308
28 1082
15 1336
17 1376
27 1240
11 1097
22 1205
11 1328
29 1378
12 1094
16 1059
24 1138
12 1208
13 1198
26 1498
28 1420
25 1003
14 1394
27 1284
28 1393
16 1139
24 1052
29 1294
14 1160
19 1143
23 1394
12 1258
22 1067
25 1051
25 1194
15 1331
19 1112
15 1158
15 1025
26 1122
27 1034
14 1234
19 1451
10 1452
15 1081
23 1054
17 1227
25 1418
22 1150
27 1457
11 1478
20 1422
20 1327
22 1220
23 1230
21 1113
26 1386
16 1092
19 1064
21 1492
10 1115
10 1330
26 1379
12 1402
14 1167
15 1347
25 1118