4050 5000
19 1229
25 1259
27 1472
19 1340
16 1489
28 1483
21 1301
18 1115
10 1059
26 1364
27 1029
26 1330
24 1291
26 1208
25 1076
19 1274
27 1247
13 1252
26 1072
13 1081
14 1382
29 1115
25 1235
19 1352
28 1214
26 1155
12 1450
15 1118
29 1317
10 1469
11 1138
23 1251
27 1150
19 1060
14 1235
16 1450
10 1432
28 1368
17 1280
15 1358
20 1188
29 1225
26 1280
20 1220
16 1103
12 1265
21 1436
16 1390
28 1098
21 1004
19 1305
15 1016
25 1308
10 1315
22 1101
10 1085
14 1108
29 1463
23 1307
18 1122
15 1044
28 1297
22 1159
23 1291
16 1329
20 1224
21 1443
20 1371
28 1217
17 1224
11 1474
12 1167
20 1157
12 1143
17 1048
22 1098
12 1203
20 1175
29 1364
15 1148
15 1419
13 1427
29 1065
16 1354
19 1028
18 1001
26 1223
29 1151
18 1159
16 1469
18 1169
14 1157
15 1005
21 1089
21 1360
17 1404
27 1153
24 1045
29 1060
29 1443
25 1052
14 1354
15 1010
21 1063
11 1322
23 1166
19 1071
20 1221
17 1088
21 1253
13 1179
14 1420
29 1177
25 1064
13 1092
15 1305
21 1105
14 1383
15 1224
14 1153
16 1252
28 1458
16 1402
23 1211
22 1025
25 1277
19 1148
26 1454
21 1013
20 1311
26 1482
23 1175
21 1368
12 1237
24 1459
13 1403
18 1011
13 1084
11 1116
18 1474
15 1173
27 1418
15 1316
18 1159
15 1026
28 1072
24 1104
10 1239
16 1242
26 1230
15 1070
29 1268
12 1071
12 1065
10 1040
18 1376
16 1029
27 1192
18 1057
28 1211
11 1338
17 1123
11 1406
28 1014
27 1237
14 1363
27 1326
13 1486
29 1109
28 1024
21 1364
22 1408
29 1209
22 1462
26 1015
25 1104
15 1152
25 1141
29 1061
14 1254
17 1495
15 1230
24 1053
15 1051
11 1309
24 1381
25 1175
12 1126
25 1066
22 1032
18 1258
11 1287
28 1024
20 1173
12 1288
29 1084
28 1427
22 1027
26 1049
16 1075
22 1286
17 1092
25 1049
20 1452
22 1139
21 1260
22 1348
20 1041
29 1482
28 1498
15 1471
19 1333
16 1123
24 1203
26 1151
10 1485
26 1119
27 1425
23 1352
24 1336
14 1143
15 1333
27 1300
19 1279
18 1381
18 1126
11 1370
14 1169
17 1166
20 1453
18 1069
26 1289
20 1376
21 1267
24 1178
21 1196
16 1184
20 1268
19 1400
25 1316
25 1183
19 1451
22 1455
22 1189
17 1342
23 1257
10 1203
17 1067
16 1056
23 1195
29 1473
23 1400
22 1470
11 1033
17 1245
20 1159
23 1245
11 1479
24 1131
15 1409
10 1293
17 1048
13 1097
23 1060
28 1180
14 1161
14 1049
19 1177
25 1062
15 1490
23 1324
12 1266
22 1076
21 1391
18 1039
29 1402
27 1195
23 1137
13 1328
15 1086
20 1200
10 1437
15 1398
29 1037
28 1472
23 1379
13 1011
21 1361
14 1329
16 1364
17 1253
24 1177
23 1146
29 1335
13 1439
13 1228
27 1313
18 1460
14 1313
15 1359
15 1016
29 1018
28 1482
12 1366
24 1050
21 1461
26 1033
11 1189
20 1072
18 1032
12 1143
15 1214
25 1166
28 1157
10 1114
27 1228
28 1080
22 1329
11 1435
25 1316
14 1288
12 1063
23 1443
27 1098
13 1456
13 1061
20 1034
21 1468
11 1352
18 1379
23 1241
25 1165
19 1071
16 1150
26 1004
17 1190
18 1344
14 1291
15 1030
20 1334
28 1433
18 1425
20 1308
11 1387
20 1429
25 1439
20 1033
15 1442
11 1010
15 1181
26 1055
13 1471
14 1497
29 1248
24 1475
23 1386
25 1007
14 1236
23 1279
23 1265
11 1208
19 1223
12 1397
26 1112
24 1272
20 1484
16 1498
12 1278
23 1283
18 1492
27 1337
22 1131
20 1138
18 1330
28 1482
12 1404
25 1436
18 1014
25 1141
11 1482
26 1410
29 1304
24 1387
16 1343
17 1377
28 1188
22 1426
25 1255
20 1367
22 1230
22 1080
20 1149
11 1486
19 1488
19 1163
28 1342
29 1041
17 1316
12 1424
23 1355
20 1323
16 1214
26 1389
28 1348
26 1287
10 1326
29 1014
18 1023
13 1461
24 1141
29 1331
25 1160
22 1373
20 1157
25 1286
24 1299
29 1205
21 1293
20 1449
14 1155
11 1043
22 1329
23 1486
24 1278
20 1127
20 1483
13 1134
24 1010
14 1289
18 1215
25 1250
21 1131
25 1279
29 1320
29 1388
17 1142
23 1315
20 1091
10 1008
18 1460
10 1107
26 1284
22 1259
22 1072
10 1206
24 1497
23 1153
26 1012
11 1421
26 1406
22 1112
17 1153
15 1348
22 1339
14 1294
22 1356
15 1186
23 1354
29 1249
14 1360
23 1173
19 1207
29 1233
23 1378
12 1415
15 1091
21 1363
22 1230
11 1222
27 1153
24 1425
28 1028
15 1448
14 1370
27 1238
12 1131
17 1096
28 1383
21 1244
27 1045
14 1451
14 1170
19 1434
28 1370
29 1067
17 1230
27 1317
22 1137
20 1447
27 1153
15 1105
15 1226
27 1454
27 1374
29 1400
28 1449
15 1415
19 1039
14 1254
22 1198
21 1316
21 1187
21 1291
22 1066
29 1074
15 1436
22 1093
24 1365
26 1457
14 1315
27 1120
13 1275
24 1312
12 1126
14 1405
22 1076
28 1383
28 1239
12 1102
15 1190
22 1414
21 1222
16 1091
12 1072
20 1015
11 1125
28 1300
24 1458
13 1328
23 1464
15 1340
14 1399
29 1079
29 1107
29 1413
11 1375
26 1339
27 1472
13 1200
10 1467
14 1152
11 1057
17 1258
19 1471
24 1239
12 1310
14 1276
28 1473
18 1003
22 1017
21 1015
22 1197
23 1040
20 1456
29 1234
26 1002
16 1358
15 1277
16 1012
29 1293
14 1219
13 1219
23 1485
27 1145
20 1290
29 1279
25 1272
23 1409
16 1195
11 1070
28 1369
11 1183
22 1425
25 1050
11 1244
28 1368
17 1084
12 1299
17 1410
22 1323
23 1446
16 1187
23 1369
13 1047
12 1084
19 1071
10 1467
17 1440
22 1486
26 1352
20 1464
23 1184
20 1248
21 1499
11 1360
21 1236
20 1044
10 1466
27 1154
17 1395
22 1095
19 1321
10 1460
19 1037
27 1298
23 1412
10 1066
25 1108
14 1377
22 1403
22 1220
28 1178
10 1121
10 1165
20 1092
27 1281
22 1114
18 1215
21 1364
20 1438
29 1235
28 1371
26 1124
23 1171
26 1077
19 1071
17 1233
16 1140
21 1436
20 1434
21 1232
29 1372
17 1395
25 1471
20 1353
11 1332
10 1475
18 1231
28 1447
10 1003
23 1198
14 1153
13 1163
28 1280
19 1219
25 1437
19 1307
14 1032
13 1111
22 1010
29 1499
21 1389
14 1256
15 1448
29 1431
16 1120
29 1128
13 1370
25 1219
26 1227
26 1057
18 1339
25 1195
26 1312
24 1286
16 1371
16 1397
12 1367
29 1334
27 1369
11 1091
18 1200
22 1154
19 1043
12 1459
23 1107
26 1019
25 1458
14 1455
14 1249
20 1373
27 1107
10 1415
16 1051
15 1164
14 1342
28 1364
22 1055
21 1023
14 1252
18 1039
26 1038
26 1043
26 1297
22 1084
29 1103
17 1443
13 1093
18 1495
11 1466
28 1424
11 1428
19 1072
14 1224
21 1076
18 1242
17 1135
14 1326
11 1418
16 1303
26 1092
13 1360
26 1496
20 1145
28 1377
12 1029
16 1126
19 1429
20 1196
20 1353
10 1100
16 1050
29 1101
14 1146
19 1424
27 1379
25 1264
13 1375
25 1427
14 1353
14 1090
20 1176
25 1188
29 1416
29 1053
17 1222
28 1352
15 1178
12 1157
16 1408
17 1072
25 1252
21 1449
19 1006
22 1395
13 1174
14 1240
16 1181
11 1381
14 1313
17 1047
25 1417
25 1365
22 1128
18 1239
10 1328
18 1079
13 1461
24 1200
27 1312
10 1006
25 1101
11 1189
22 1375
15 1110
28 1071
14 1110
15 1084
17 1495
14 1230
26 1147
10 1417
14 1041
27 1054
17 1378
16 1134
16 1435
14 1076
16 1007
14 1309
28 1268
14 1143
13 1267
15 1344
22 1218
10 1324
22 1387
29 1384
14 1439
10 1136
17 1167
27 1177
26 1232
26 1459
21 1283
29 1479
20 1366
29 1353
25 1459
24 1146
16 1046
26 1271
25 1453
26 1420
10 1219
22 1172
17 1263
24 1123
12 1324
28 1486
24 1192
17 1378
12 1186
10 1086
16 1334
11 1376
13 1226
13 1488
15 1388
16 1372
17 1056
18 1346
25 1121
13 1074
16 1326
20 1054
21 1464
19 1251
27 1235
27 1316
13 1267
20 1181
26 1010
24 1044
29 1229
15 1424
27 1382
24 1296
19 1201
22 1034
26 1084
11 1342
11 1270
27 1022
15 1219
20 1271
26 1160
29 1439
27 1418
23 1333
20 1366
28 1449
21 1457
25 1198
11 1445
15 1237
21 1036
18 1195
19 1392
14 1122
25 1327
17 1045
17 1441
28 1157
18 1161
18 1275
21 1140
14 1302
16 1096
22 1409
18 1331
20 1429
18 1004
27 1297
19 1292
26 1049
11 1247
11 1216
23 1163
11 1082
16 1433
29 1258
17 1366
15 1125
29 1499
17 1275
26 1400
19 1448
10 1435
26 1081
10 1013
23 1479
20 1392
27 1017
16 1452
23 1454
21 1289
13 1037
11 1194
13 1293
23 1079
17 1394
19 1156
29 1378
24 1402
13 1332
22 1457
25 1242
21 1224
25 1380
25 1331
24 1098
23 1210
17 1186
15 1199
22 1212
27 1465
16 1490
24 1424
23 1282
27 1356
13 1158
18 1451
22 1159
16 1356
25 1244
13 1239
14 1344
27 1280
15 1115
23 1175
19 1350
12 1148
18 1186
25 1282
10 1052
20 1201
28 1466
17 1448
10 1465
27 1430
25 1181
26 1289
16 1462
16 1416
23 1186
23 1360
19 1481
23 1295
29 1301
14 1380
14 1085
23 1097
15 1070
14 1445
28 1124
26 1292
19 1255
29 1010
12 1253
17 1376
27 1056
11 1244
24 1082
15 1366
20 1109
19 1222
25 1472
15 1462
16 1445
18 1121
17 1295
22 1049
12 1446
19 1473
12 1373
22 1214
23 1495
23 1139
24 1164
21 1003
22 1241
22 1173
14 1495
22 1170
12 1017
26 1392
10 1360
19 1356
29 1023
13 1004
14 1292
20 1147
28 1116
12 1038
10 1200
27 1359
20 1316
21 1293
29 1044
28 1115
23 1160
13 1376
14 1344
15 1084
18 1404
22 1268
26 1304
16 1018
12 1279
29 1379
21 1420
21 1048
15 1344
18 1078
16 1141
11 1031
26 1120
17 1130
16 1483
12 1396
29 1048
18 1433
12 1021
28 1335
19 1136
22 1079
19 1386
12 1435
19 1245
21 1132
27 1053
24 1460
21 1303
24 1307
25 1265
22 1389
16 1003
11 1349
10 1474
15 1289
16 1126
29 1190
16 1440
17 1491
29 1405
16 1204
23 1432
16 1352
14 1459
24 1032
17 1298
19 1353
21 1287
14 1097
20 1360
28 1446
24 1202
16 1215
26 1146
10 1137
14 1241
24 1451
28 1456
16 1290
12 1175
14 1337
19 1143
17 1395
24 1063
13 1076
13 1048
23 1477
17 1040
18 1006
14 1451
21 1370
12 1052
22 1339
27 1377
22 1451
18 1442
21 1041
13 1010
19 1256
19 1283
21 1187
27 1405
21 1231
17 1257
14 1128
23 1491
12 1146
23 1155
28 1114
12 1355
15 1042
26 1205
20 1499
10 1352
20 1489
14 1453
25 1323
19 1104
20 1350
14 1060
10 1221
19 1170
11 1066
11 1370
15 1001
16 1001
14 1462
10 1253
28 1496
20 1177
10 1393
25 1171
22 1251
17 1317
11 1117
11 1330
22 1344
27 1374
25 1150
13 1101
29 1104
27 1206
20 1372
16 1420
11 1323
21 1035
13 1082
20 1008
25 1103
28 1437
21 1418
19 1073
26 1463
17 1374
13 1274
26 1379
27 1379
23 1301
24 1287
25 1143
24 1470
10 1438
19 1438
23 1017
25 1296
17 1338
22 1197
21 1259
12 1220
16 1179
23 1227
16 1202
17 1008
26 1107
19 1027
14 1327
11 1469
21 1404
22 1282
17 1397
13 1344
23 1473
10 1053
18 1493
13 1016
15 1293
11 1120
12 1342
28 1339
26 1212
27 1423
16 1386
16 1360
12 1151
14 1259
17 1386
29 1380
20 1411
21 1458
28 1024
21 1226
13 1126
16 1213
20 1253
10 1182
20 1339
19 1324
14 1254
25 1278
12 1065
19 1494
29 1365
18 1404
20 1182
29 1317
21 1149
28 1429
14 1210
28 1293
26 1048
24 1352
16 1119
17 1359
28 1332
23 1159
24 1035
26 1126
15 1300
19 1072
17 1091
17 1459
11 1466
10 1097
20 1194
19 1094
12 1319
22 1329
14 1499
15 1142
18 1047
18 1167
25 1219
17 1225
19 1009
28 1398
15 1165
28 1256
18 1014
17 1469
25 1174
29 1410
13 1348
18 1438
13 1430
29 1347
21 1134
12 1339
22 1301
18 1134
23 1252
25 1347
15 1290
18 1196
26 1264
16 1471
21 1424
18 1065
21 1316
19 1463
17 1121
28 1357
19 1358
18 1469
28 1342
12 1374
29 1252
19 1117
28 1406
19 1378
10 1467
12 1301
13 1433
27 1035
28 1167
11 1161
16 1303
25 1304
19 1188
15 1320
24 1381
26 1430
21 1017
22 1295
16 1009
27 1317
11 1410
12 1415
25 1064
13 1380
11 1040
25 1033
10 1215
26 1403
11 1004
10 1216
10 1050
17 1051
29 1093
22 1242
26 1070
11 1470
24 1034
27 1403
18 1083
27 1389
26 1497
13 1183
16 1265
24 1488
28 1427
18 1393
10 1299
26 1134
23 1161
27 1495
18 1299
14 1351
23 1089
17 1322
14 1158
15 1091
10 1237
22 1322
28 1240
12 1453
13 1394
17 1376
10 1005
13 1227
16 1036
21 1420
20 1330
15 1177
23 1290
13 1168
12 1050
25 1267
27 1009
25 1143
18 1451
18 1254
14 1419
13 1084
12 1112
10 1021
13 1144
18 1177
16 1448
11 1287
24 1175
23 1262
26 1286
17 1015
22 1057
16 1407
20 1131
15 1449
27 1385
14 1218
19 1052
14 1076
15 1076
28 1327
19 1139
14 1235
17 1234
16 1459
29 1499
21 1404
29 1367
23 1068
25 1497
20 1326
11 1474
27 1184
28 1043
24 1032
12 1118
21 1114
27 1371
14 1120
26 1290
28 1207
18 1027
10 1398
13 1428
21 1100
16 1332
17 1340
21 1368
23 1419
19 1094
26 1128
13 1012
17 1055
29 1484
14 1444
29 1435
14 1288
11 1353
21 1324
10 1252
29 1088
12 1148
10 1221
19 1290
29 1137
21 1066
23 1232
24 1481
23 1305
25 1077
15 1279
20 1347
28 1484
12 1296
29 1376
19 1174
16 1362
26 1383
20 1165
22 1155
21 1229
16 1286
10 1083
12 1478
15 1200
11 1064
20 1372
11 1188
18 1141
27 1143
28 1312
16 1174
11 1099
24 1453
11 1252
10 1140
26 1053
25 1367
23 1116
21 1252
28 1339
16 1376
11 1146
17 1324
24 1201
11 1139
21 1034
27 1218
13 1322
11 1050
29 1070
27 1019
22 1420
22 1175
15 1350
18 1479
20 1098
23 1201
18 1293
23 1309
16 1428
27 1353
21 1022
18 1135
19 1395
26 1462
20 1469
13 1227
11 1036
27 1274
10 1085
18 1004
27 1477
19 1117
14 1245
14 1089
10 1400
23 1253
19 1472
22 1059
20 1206
21 1412
27 1490
12 1236
19 1224
24 1123
19 1266
20 1132
18 1307
12 1192
12 1471
13 1205
20 1322
14 1066
29 1274
21 1251
10 1237
13 1071
18 1053
25 1345
15 1132
14 1158
27 1144
16 1186
28 1097
19 1025
11 1378
20 1337
13 1053
22 1129
27 1085
21 1154
16 1034
12 1254
14 1470
29 1369
22 1101
24 1361
21 1245
22 1398
11 1135
15 1445
20 1135
27 1379
26 1102
11 1136
26 1233
11 1069
21 1428
11 1252
14 1009
13 1138
20 1021
12 1039
17 1292
22 1320
12 1314
19 1174
22 1037
28 1350
20 1410
10 1157
19 1026
28 1153
22 1216
28 1400
10 1267
25 1159
13 1168
24 1262
13 1469
24 1407
13 1269
29 1203
21 1245
18 1008
27 1393
20 1191
25 1272
25 1471
19 1306
24 1083
11 1372
23 1043
26 1331
18 1113
20 1195
24 1242
28 1235
29 1361
24 1248
17 1247
10 1262
27 1216
27 1410
28 1177
25 1356
19 1241
16 1296
11 1184
16 1203
28 1437
15 1379
22 1039
17 1377
27 1075
25 1142
12 1245
15 1239
18 1068
22 1136
22 1260
26 1198
24 1339
14 1465
24 1459
28 1017
13 1346
10 1017
17 1110
27 1306
17 1083
12 1131
29 1056
11 1234
26 1321
24 1404
29 1449
10 1229
16 1405
20 1017
13 1363
16 1136
12 1414
25 1076
28 1432
12 1283
15 1115
25 1433
22 1321
16 1290
27 1309
11 1484
25 1402
16 1296
14 1369
12 1394
16 1141
22 1019
22 1005
16 1044
17 1044
26 1101
12 1344
13 1097
11 1081
24 1362
18 1141
10 1181
28 1114
25 1007
16 1281
18 1215
16 1000
28 1103
27 1240
29 1165
10 1252
27 1219
17 1460
21 1383
15 1100
21 1169
13 1183
27 1306
24 1232
16 1238
22 1439
23 1124
12 1222
10 1387
17 1453
10 1222
21 1245
27 1358
24 1276
26 1020
21 1422
10 1111
24 1444
29 1426
10 1486
19 1253
10 1167
26 1252
12 1265
16 1325
11 1102
14 1020
12 1042
17 1105
26 1476
25 1055
15 1014
21 1237
21 1092
13 1103
10 1176
27 1357
11 1034
21 1160
16 1134
10 1123
22 1127
23 1017
27 1384
28 1410
22 1144
25 1461
23 1143
13 1336
11 1173
26 1405
25 1313
22 1473
27 1430
25 1437
29 1061
15 1321
25 1133
22 1243
16 1456
23 1149
22 1357
19 1338
25 1253
21 1112
14 1340
28 1448
18 1325
20 1405
14 1291
17 1310
20 1285
26 1036
21 1402
25 1227
25 1464
28 1089
25 1031
16 1239
17 1176
17 1409
19 1025
26 1001
16 1442
19 1476
24 1002
23 1459
21 1173
23 1176
17 1110
21 1010
24 1379
20 1079
29 1351
18 1293
22 1190
27 1060
19 1026
25 1124
27 1436
28 1297
14 1452
10 1460
18 1155
21 1479
26 1280
29 1488
26 1278
15 1157
17 1350
16 1156
12 1203
27 1373
24 1041
23 1191
16 1171
29 1194
28 1220
14 1071
20 1175
27 1258
28 1340
18 1286
28 1152
29 1366
16 1298
14 1162
28 1393
18 1485
23 1390
15 1334
20 1286
25 1472
17 1126
14 1357
21 1256
24 1362
28 1152
25 1005
25 1392
21 1090
22 1468
21 1422
28 1357
18 1184
18 1150
19 1002
10 1154
15 1377
29 1374
24 1306
23 1181
22 1037
23 1497
28 1109
20 1192
17 1229
16 1491
25 1484
26 1027
29 1441
26 1325
24 1331
18 1172
17 1310
13 1169
21 1304
13 1425
23 1351
21 1108
28 1350
27 1002
26 1318
13 1373
13 1065
29 1108
14 1198
27 1034
23 1455
16 1048
18 1283
11 1356
19 1410
10 1304
14 1253
27 1202
28 1143
12 1053
13 1007
14 1470
24 1173
22 1127
20 1038
15 1115
13 1495
16 1326
27 1399
27 1118
12 1492
26 1323
10 1172
15 1430
26 1342
17 1261
16 1173
15 1301
25 1113
28 1359
18 1465
17 1140
11 1127
17 1340
12 1202
10 1058
25 1100
21 1379
29 1029
16 1475
28 1272
29 1287
28 1477
15 1187
27 1019
11 1135
15 1194
16 1319
28 1291
19 1301
25 1417
11 1268
26 1126
24 1082
11 1483
25 1111
15 1097
23 1267
25 1497
22 1424
24 1291
12 1222
27 1185
21 1137
14 1436
20 1229
19 1462
27 1206
12 1458
23 1239
19 1069
11 1061
17 1290
24 1165
22 1280
16 1018
15 1214
16 1133
17 1241
19 1393
27 1419
19 1498
16 1287
15 1080
26 1174
24 1255
15 1368
10 1459
25 1000
24 1068
11 1303
28 1494
10 1450
21 1195
29 1091
12 1078
21 1020
19 1480
28 1206
27 1183
19 1257
14 1402
19 1187
27 1383
29 1406
20 1045
23 1382
23 1495
20 1186
28 1077
19 1216
22 1177
15 1374
12 1209
24 1425
17 1273
26 1458
29 1440
21 1466
28 1387
11 1141
22 1465
26 1108
20 1158
11 1493
29 1033
28 1162
13 1046
20 1315
17 1029
19 1216
21 1468
14 1250
13 1152
16 1482
22 1339
17 1167
18 1435
28 1292
13 1057
10 1429
28 1082
17 1144
10 1414
26 1242
19 1448
27 1342
10 1053
22 1083
12 1027
25 1430
14 1433
23 1288
29 1152
11 1257
28 1480
18 1362
11 1279
16 1369
23 1436
25 1045
12 1450
10 1179
12 1495
27 1162
18 1266
13 1242
16 1176
15 1125
17 1482
18 1064
28 1150
24 1232
22 1066
18 1274
29 1219
28 1297
19 1356
14 1257
28 1141
21 1008
17 1044
23 1088
23 1218
26 1302
20 1402
21 1116
22 1092
13 1302
27 1498
21 1225
17 1183
16 1235
19 1291
13 1367
10 1178
28 1306
28 1328
22 1187
28 1271
18 1274
19 1497
22 1345
14 1222
24 1466
25 1319
27 1205
29 1402
25 1419
15 1128
18 1444
14 1376
18 1049
15 1083
24 1025
29 1443
18 1220
13 1299
13 1313
25 1027
13 1068
11 1339
25 1285
17 1274
25 1068
20 1022
18 1185
23 1340
19 1457
17 1344
28 1343
10 1466
12 1368
26 1131
17 1025
24 1430
15 1491
21 1131
18 1132
20 1281
26 1009
12 1010
15 1337
22 1361
10 1465
28 1227
18 1285
16 1446
15 1079
18 1088
16 1420
14 1388
27 1498
13 1431
14 1372
27 1277
29 1493
28 1422
22 1412
10 1142
27 1375
13 1369
20 1421
23 1178
21 1242
27 1353
22 1354
14 1174
29 1016
22 1231
20 1317
18 1236
29 1209
14 1430
22 1455
15 1266
10 1420
17 1007
27 1015
26 1102
25 1059
29 1204
18 1130
21 1407
17 1247
22 1344
23 1116
15 1084
11 1431
22 1376
29 1265
22 1248
26 1326
21 1056
19 1100
10 1136
28 1385
22 1496
11 1486
28 1367
16 1064
27 1217
28 1174
16 1215
28 1068
18 1176
15 1280
22 1308
17 1329
26 1456
17 1052
25 1094
20 1334
15 1405
26 1016
12 1367
14 1001
28 1391
22 1478
20 1470
23 1316
23 1188
21 1012
14 1252
24 1347
26 1232
14 1457
26 1495
22 1192
18 1229
21 1401
23 1148
24 1084
15 1342
21 1493
18 1402
22 1258
15 1344
19 1164
29 1365
28 1451
13 1103
16 1397
21 1235
14 1091
13 1235
16 1282
15 1084
24 1289
13 1371
12 1252
21 1036
17 1131
24 1289
23 1239
20 1125
12 1256
17 1010
19 1301
26 1288
13 1407
25 1243
21 1183
26 1396
22 1470
23 1243
25 1011
10 1136
23 1224
21 1253
20 1193
13 1327
29 1348
22 1497
13 1467
16 1134
20 1038
12 1167
25 1283
13 1193
22 1165
11 1124
12 1003
13 1313
28 1124
13 1347
15 1313
21 1370
14 1241
19 1137
15 1140
17 1039
18 1436
19 1126
11 1488
14 1151
15 1245
20 1118
26 1406
18 1418
22 1196
12 1325
13 1444
20 1384
26 1454
27 1132
19 1406
29 1095
20 1062
19 1390
21 1153
22 1472
28 1171
25 1037
27 1312
13 1487
25 1108
26 1040
23 1435
24 1458
25 1168
13 1297
19 1013
14 1288
27 1309
29 1259
11 1400
23 1059
22 1311
20 1017
19 1032
23 1273
26 1268
21 1105
14 1343
12 1261
14 1145
15 1443
13 1208
15 1356
14 1023
13 1081
27 1162
22 1174
24 1293
26 1062
11 1445
12 1463
15 1417
20 1115
13 1094
15 1091
16 1096
17 1310
18 1352
18 1362
13 1077
16 1146
26 1419
23 1358
28 1066
11 1486
26 1122
24 1046
26 1458
14 1332
24 1270
16 1193
21 1058
16 1264
21 1449
26 1179
29 1016
22 1471
12 1490
28 1116
17 1003
22 1299
29 1250
23 1006
15 1301
29 1008
16 1267
17 1412
11 1281
11 1004
22 1442
11 1313
26 1438
15 1042
17 1239
10 1013
23 1209
19 1149
25 1079
17 1379
26 1045
27 1255
27 1491
26 1229
13 1135
17 1055
13 1204
16 1337
17 1457
20 1359
17 1167
25 1329
20 1180
18 1060
17 1133
24 1222
14 1237
24 1290
24 1083
14 1145
12 1081
23 1100
20 1121
13 1123
27 1096
11 1260
18 1422
16 1222
28 1267
25 1023
24 1188
23 1481
15 1143
25 1108
21 1025
28 1119
27 1179
22 1273
26 1379
19 1000
19 1177
17 1138
19 1253
12 1177
11 1042
29 1223
14 1018
27 1228
15 1250
28 1342
27 1259
10 1173
28 1031
26 1472
16 1050
11 1089
21 1257
13 1018
19 1237
17 1112
17 1328
22 1483
15 1002
20 1457
26 1382
29 1329
15 1198
29 1302
11 1162
12 1217
18 1074
13 1031
28 1305
23 1414
24 1098
14 1138
19 1107
28 1030
12 1090
27 1489
18 1358
14 1082
28 1298
25 1488
13 1258
16 1048
25 1493
27 1196
14 1209
19 1170
26 1034
14 1158
17 1062
12 1283
11 1480
22 1144
10 1046
20 1490
23 1479
25 1191
23 1484
16 1120
12 1121
18 1104
14 1056
28 1221
14 1477
27 1283
25 1010
10 1203
11 1313
21 1023
13 1014
15 1331
17 1465
11 1403
19 1339
14 1282
11 1238
23 1493
21 1089
18 1263
15 1256
16 1145
29 1140
16 1304
12 1341
23 1457
22 1428
19 1021
14 1441
23 1037
12 1321
17 1157
19 1293
15 1216
11 1436
22 1072
12 1384
28 1279
10 1093
10 1238
18 1053
10 1067
27 1120
27 1390
11 1033
16 1322
22 1324
11 1011
28 1302
24 1478
17 1457
17 1378
13 1206
13 1024
27 1292
20 1411
11 1332
27 1250
28 1210
13 1488
11 1158
21 1254
11 1331
21 1307
14 1394
14 1108
13 1335
18 1173
25 1382
28 1341
14 1278
21 1444
15 1126
24 1041
23 1245
27 1231
19 1270
20 1281
10 1212
17 1038
28 1275
11 1088
11 1485
10 1286
28 1358
15 1340
17 1445
25 1046
22 1174
29 1245
18 1219
10 1444
20 1337
24 1143
29 1053
12 1235
13 1191
21 1330
11 1491
13 1083
25 1107
15 1118
27 1304
23 1124
18 1467
10 1206
15 1004
23 1403
26 1221
16 1410
24 1359
11 1429
28 1018
28 1245
17 1108
25 1003
28 1019
11 1016
28 1144
16 1005
22 1414
13 1262
13 1088
25 1450
28 1068
14 1436
21 1384
25 1174
18 1189
16 1295
29 1212
26 1301
23 1377
15 1022
27 1192
14 1021
20 1465
15 1131
13 1357
19 1434
23 1359
16 1459
27 1161
24 1465
10 1079
21 1470
23 1347
23 1425
27 1023
21 1232
14 1475
24 1194
16 1108
25 1377
13 1337
12 1286
10 1167
21 1328
24 1146
28 1227
15 1042
13 1240
13 1475
29 1373
22 1042
11 1353
22 1326
27 1161
13 1030
13 1184
24 1346
28 1037
19 1177
24 1258
15 1468
13 1092
22 1049
12 1404
21 1020
10 1121
13 1152
11 1467
26 1164
25 1112
17 1285
22 1003
15 1190
27 1193
10 1198
18 1363
29 1470
24 1201
19 1276
15 1271
15 1024
18 1235
29 1143
13 1029
14 1005
27 1434
18 1382
14 1122
29 1487
22 1152
24 1262
18 1393
27 1383
20 1183
14 1059
20 1294
18 1416
25 1396
19 1416
25 1349
12 1222
18 1084
25 1037
14 1219
24 1489
18 1051
16 1223
18 1272
14 1126
23 1082
12 1265
11 1473
23 1063
17 1027
14 1464
24 1088
17 1151
28 1361
16 1310
28 1490
27 1284
21 1183
20 1123
24 1371
28 1141
16 1087
22 1109
26 1366
13 1206
18 1104
21 1028
14 1259
27 1058
20 1205
16 1175
23 1330
18 1438
15 1069
19 1089
22 1435
20 1013
11 1161
24 1298
15 1036
23 1369
11 1070
18 1093
28 1118
18 1048
22 1477
25 1492
24 1073
15 1160
29 1152
25 1056
13 1127
24 1293
29 1040
10 1400
22 1043
18 1402
17 1147
23 1418
19 1044
13 1448
27 1442
26 1372
27 1272
16 1060
27 1480
21 1294
15 1084
25 1100
14 1318
29 1110
19 1218
19 1105
11 1123
26 1155
10 1091
11 1414
21 1468
17 1478
25 1355
13 1016
23 1343
25 1350
11 1367
27 1409
16 1485
22 1176
11 1476
24 1465
18 1189
17 1080
27 1488
13 1449
19 1049
22 1319
15 1431
11 1109
16 1455
27 1034
18 1136
29 1171
22 1138
17 1375
14 1411
25 1251
22 1328
20 1188
18 1209
28 1415
28 1410
19 1021
25 1181
18 1492
17 1274
28 1438
19 1220
19 1151
28 1405
28 1011
20 1484
13 1313
10 1194
19 1332
17 1311
23 1384
13 1398
13 1069
21 1023
21 1147
24 1079
11 1301
21 1026
20 1343
22 1181
14 1164
19 1045
16 1003
28 1364
22 1018
26 1058
24 1276
27 1393
29 1220
14 1316
25 1310
14 1309
23 1317
16 1477
10 1021
22 1384
13 1384
22 1327
10 1117
26 1144
11 1048
20 1442
19 1329
19 1180
15 1353
11 1123
11 1308
29 1479
14 1127
26 1335
17 1111
21 1431
12 1358
24 1289
15 1074
24 1124
20 1330
24 1311
13 1319
21 1194
12 1125
16 1296
22 1129
14 1018
27 1462
29 1062
17 1413
20 1265
29 1243
26 1108
18 1233
27 1394
15 1147
15 1489
29 1217
17 1206
19 1077
28 1158
15 1149
14 1021
29 1382
29 1103
26 1192
15 1221
20 1064
28 1131
20 1326
27 1243
17 1459
10 1335
21 1271
28 1078
16 1302
22 1450
12 1060
27 1310
15 1359
22 1074
12 1152
22 1366
26 1492
25 1408
11 1374
10 1492
15 1355
10 1262
25 1459
10 1213
26 1273
25 1210
17 1176
27 1451
13 1055
13 1375
18 1004
28 1105
29 1387
25 1103
18 1055
21 1218
26 1175
23 1390
20 1125
23 1173
21 1103
29 1201
21 1449
19 1087
17 1169
27 1251
21 1112
10 1257
22 1403
27 1040
29 1198
28 1209
10 1123
28 1169
19 1168
22 1475
23 1458
19 1391
18 1325
29 1376
12 1420
11 1448
14 1195
24 1286
11 1348
17 1464
12 1162
19 1232
13 1112
27 1096
16 1175
26 1283
26 1196
28 1042
22 1051
15 1416
29 1007
15 1433
17 1377
28 1009
29 1046
13 1116
20 1415
26 1044
15 1151
16 1323
25 1404
14 1012
29 1291
27 1285
27 1258
27 1133
11 1357
13 1285
20 1318
29 1380
12 1327
12 1111
22 1498
24 1478
23 1260
16 1181
27 1142
10 1327
15 1366
26 1220
15 1118
15 1011
25 1000
28 1268
24 1197
14 1366
26 1207
17 1220
16 1327
10 1103
28 1263
11 1256
25 1499
29 1265
21 1495
21 1226
15 1296
25 1390
18 1332
19 1117
12 1136
20 1061
14 1009
11 1066
28 1484
11 1116
29 1077
14 1213
16 1383
23 1423
15 1260
27 1048
24 1224
29 1433
19 1344
13 1046
18 1366
25 1230
13 1120
12 1258
22 1094
24 1329
14 1031
29 1040
20 1246
17 1368
19 1242
19 1172
24 1315
24 1394
27 1330
29 1091
14 1375
16 1293
29 1006
11 1107
18 1257
22 1207
14 1497
20 1010
14 1474
12 1099
26 1091
28 1073
25 1272
20 1062
10 1012
20 1345
29 1484
15 1018
18 1144
16 1018
10 1400
22 1018
11 1165
20 1069
18 1177
12 1375
26 1050
19 1079
29 1040
28 1370
29 1122
26 1075
23 1121
29 1496
20 1100
10 1473
26 1299
15 1210
12 1341
23 1261
22 1162
19 1210
23 1200
13 1138
25 1206
16 1072
28 1088
28 1013
22 1455
26 1355
28 1229
13 1069
24 1045
16 1226
27 1020
12 1494
14 1349
17 1435
25 1397
29 1488
21 1058
26 1256
13 1010
25 1155
24 1283
27 1269
12 1052
19 1373
22 1378
21 1136
18 1282
22 1329
18 1459
13 1404
17 1238
19 1174
11 1357
27 1315
21 1363
15 1467
19 1415
16 1243
12 1496
23 1097
20 1392
14 1196
10 1165
29 1125
22 1306
12 1269
14 1314
21 1497
23 1060
22 1139
23 1222
22 1453
17 1092
14 1181
12 1309
14 1220
25 1058
25 1024
13 1281
13 1246
13 1161
29 1024
28 1295
21 1477
10 1104
27 1000
13 1120
14 1197
21 1056
22 1356
14 1170
10 1006
21 1237
20 1239
28 1113
24 1268
12 1469
18 1204
26 1123
11 1051
22 1416
18 1209
11 1105
11 1461
19 1025
27 1087
20 1132
26 1432
13 1093
28 1130
10 1263
26 1121
25 1451
17 1125
15 1398
10 1435
10 1461
27 1290
27 1309
14 1218
27 1301
21 1266
15 1270
26 1051
15 1381
10 1376
18 1020
15 1400
14 1298
16 1306
28 1067
18 1202
26 1456
12 1285
14 1089
15 1368
12 1066
29 1154
26 1112
19 1079
23 1207
24 1140
21 1125
22 1138
26 1102
23 1217
14 1101
16 1360
29 1366
26 1014
28 1305
11 1205
22 1222
19 1111
10 1294
28 1345
16 1205
23 1051
29 1219
15 1227
20 1355
27 1353
24 1123
10 1010
14 1478
25 1194
11 1159
28 1343
10 1100
22 1115
20 1453
15 1225
26 1055
28 1256
28 1475
19 1231
10 1359
16 1064
15 1075
25 1297
10 1411
11 1170
28 1208
23 1170
23 1046
26 1343
14 1210
16 1250
17 1365
15 1166
22 1377
20 1062
23 1370
14 1352
25 1280
16 1254
20 1266
14 1352
29 1290
21 1327
10 1014
15 1045
29 1009
18 1141
20 1450
12 1161
19 1398
19 1001
19 1020
19 1158
16 1194
29 1005
12 1458
24 1017
26 1491
17 1160
15 1110
17 1346
16 1156
10 1326
11 1333
10 1207
29 1228
28 1024
20 1332
11 1156
27 1217
20 1194
28 1093
24 1013
29 1300
18 1498
29 1187
25 1015
28 1043
15 1107
11 1188
17 1243
18 1301
11 1432
25 1292
22 1435
17 1016
18 1200
12 1462
12 1349
17 1482
29 1184
24 1043
16 1125
14 1377
10 1075
13 1429
29 1065
23 1224
14 1026
28 1046
27 1156
26 1105
21 1311
14 1058
12 1181
21 1443
10 1222
19 1368
28 1193
17 1425
28 1144
29 1215
12 1396
12 1374
20 1358
16 1013
25 1285
29 1380
26 1471
17 1185
22 1201
21 1129
28 1062
28 1036
10 1387
12 1403
12 1083
23 1261
17 1421
13 1446
25 1237
18 1053
26 1385
17 1315
10 1470
21 1300
22 1191
14 1316
17 1192
19 1019
23 1188
18 1152
20 1084
17 1480
29 1443
16 1088
27 1421
22 1268
24 1419
17 1054
27 1166
11 1391
14 1380
20 1367
12 1021
25 1049
23 1438
18 1202
17 1014
28 1275
29 1270
21 1278
25 1119
19 1259
27 1004
22 1120
10 1280
12 1037
20 1223
26 1488
18 1206
16 1349
13 1340
25 1113
29 1123
20 1313
15 1430
10 1299
19 1299
12 1283
12 1301
28 1128
22 1310
25 1452
21 1098
17 1069
26 1350
20 1063
21 1051
17 1400
28 1044
11 1392
28 1429
17 1381
28 1261
24 1269
25 1442
19 1350
13 1071
18 1304
28 1469
25 1493
20 1397
22 1005
22 1276
23 1218
14 1237
19 1267
23 1424
23 1117
19 1305
13 1105
12 1366
25 1001
16 1224
14 1132
24 1187
24 1499
27 1458
27 1156
13 1225
24 1316
24 1125
11 1406
24 1039
14 1499
20 1475
13 1099
15 1484
16 1132
29 1129
24 1175
17 1055
27 1089
26 1387
18 1155
28 1321
15 1383
29 1453
24 1400
10 1444
25 1395
15 1281
14 1056
24 1224
17 1043
28 1176
21 1350
24 1008
28 1443
12 1163
12 1357
17 1427
12 1130
11 1134
13 1203
13 1258
25 1030
16 1399
12 1271
14 1059
11 1369
16 1371
28 1128
26 1084
19 1179
16 1080
10 1064
26 1070
21 1479
13 1328
12 1197
13 1311
13 1162
13 1274
10 1150
23 1450
18 1323
10 1021
29 1050
16 1428
22 1011
20 1368
14 1141
27 1388
27 1227
24 1310
18 1018
18 1095
14 1075
11 1241
14 1073
29 1216
25 1352
12 1372
14 1106
20 1490
24 1380
19 1437
24 1371
26 1157
26 1333
18 1002
25 1410
10 1159
23 1220
25 1342
29 1084
10 1022
20 1104
24 1336
12 1233
15 1046
14 1244
16 1483
10 1463
25 1335
27 1323
12 1200
11 1182
27 1313
13 1003
18 1297
26 1345
23 1378
15 1093
15 1035
26 1341
29 1110
20 1131
18 1497
22 1446
25 1310
15 1216
16 1345
20 1252
19 1013
15 1091
22 1011
12 1027
28 1450
19 1306
15 1171
18 1347
13 1413
19 1492
22 1130
21 1396
20 1401
21 1401
24 1382
17 1263
20 1049
29 1145
29 1023
22 1264
11 1418
27 1231
19 1392
11 1012
27 1304
11 1296
13 1457
25 1236
24 1314
10 1270
14 1117
27 1237
15 1215
15 1370
14 1266
26 1330
29 1131
20 1165
18 1493
25 1103
20 1386
26 1226
16 1388
19 1206
12 1323
25 1295
22 1104
10 1108
14 1096
24 1224
13 1452
15 1106
10 1473
13 1461
11 1271
18 1174
29 1300
27 1081
13 1437
25 1341
25 1451
11 1358
16 1067
25 1115
15 1219
26 1007
12 1275
19 1022
18 1120
26 1479
28 1004
21 1365
12 1474
17 1390
24 1264
27 1499
29 1230
26 1211
16 1337
29 1106
12 1018
29 1033
26 1374
10 1413
20 1309
12 1259
27 1491
16 1460
18 1342
21 1205
14 1210
23 1015
29 1220
11 1180
25 1397
27 1432
15 1060
17 1245
28 1246
24 1060
29 1255
24 1427
13 1016
14 1474
24 1161
15 1170
19 1252
13 1138
24 1232
15 1224
22 1323
13 1213
23 1084
19 1213
29 1016
27 1461
27 1092
21 1173
25 1160
18 1300
11 1167
16 1095
26 1317
26 1089
11 1082
23 1451
23 1034
29 1203
28 1083
23 1110
25 1361
18 1396
11 1408
27 1475
22 1390
13 1356
21 1077
25 1234
11 1278
10 1016
26 1080
14 1431
26 1209
13 1252
16 1039
10 1308
20 1206
19 1002
20 1087
14 1388
18 1404
23 1451
22 1078
18 1457
11 1358
22 1361
28 1480
15 1241
27 1434
24 1489
21 1334
29 1209
22 1355
12 1022
16 1451
25 1454
10 1413
18 1171
14 1272
20 1212
23 1311
27 1242
23 1386
11 1313
21 1415
24 1480
21 1118
11 1102
17 1359
19 1294
17 1230
27 1064
29 1359
10 1115
23 1275
29 1079
10 1070
27 1054
25 1190
25 1227
21 1366
16 1033
17 1038
12 1373
20 1138
16 1185
22 1105
20 1487
24 1027
16 1482
29 1222
14 1062
17 1256
10 1371
28 1406
16 1388
14 1161
15 1025
14 1077
22 1142
16 1096
18 1420
10 1155
20 1094
26 1175
11 1085
14 1183
22 1391
28 1343
19 1291
22 1086
20 1145
28 1434
12 1107
23 1201
18 1106
13 1125
22 1339
19 1392
20 1363
24 1146
24 1138
24 1175
14 1281
14 1126
12 1083
12 1359
21 1276
17 1180
26 1131
28 1442
17 1344
29 1203
10 1059
13 1274
28 1279
10 1099
18 1396
22 1194
14 1151
21 1082
28 1315
22 1068
15 1185
12 1471
24 1466
18 1199
29 1477
29 1431
23 1056
27 1255
14 1319
27 1254
14 1369
11 1068
16 1488
11 1294
20 1463
15 1183
11 1033
11 1025
27 1135
26 1495
11 1221
23 1139
12 1031
14 1357
14 1069
13 1461
13 1400
29 1446
14 1066
22 1109
10 1261
16 1287
18 1126
29 1386
15 1035
10 1442
21 1284
21 1181
24 1455
29 1085
28 1004
25 1156
29 1296
26 1083
23 1042
24 1223
20 1475
23 1221
28 1073
17 1096
27 1422
19 1319
16 1163
19 1336
11 1105
20 1088
22 1274
21 1478
24 1094
28 1004
14 1056
16 1079
19 1281
22 1488
20 1276
24 1230
12 1454
25 1034
24 1092
14 1098
15 1007
29 1031
27 1201
15 1039
10 1171
18 1027
19 1173
11 1021
16 1230
18 1326
17 1184
18 1430
28 1459
21 1429
15 1316
15 1207
18 1161
27 1171
13 1379
18 1326
29 1215
13 1395
10 1312
21 1188
19 1212
26 1244
15 1318
12 1081
27 1414
21 1267
12 1306
18 1269
14 1239
28 1085
23 1360
11 1028
16 1010
16 1244
18 1280
23 1228
18 1043
27 1152
16 1193
26 1056
10 1007
15 1162
26 1129
12 1133
16 1045
20 1338
19 1195
25 1194
23 1350
26 1365
10 1136
14 1036
28 1487
20 1101
18 1462
22 1339
10 1093
22 1312
22 1319
18 1174
29 1435
22 1156
27 1242
28 1371
25 1136
27 1162
23 1125
11 1048
28 1452
10 1162
20 1157
29 1441
18 1365
21 1096
24 1015
15 1410
20 1348
21 1484
14 1414
13 1361
17 1004
12 1330
11 1083
26 1481
20 1463
12 1229
24 1139
26 1363
29 1403
26 1022
29 1030
23 1371
23 1196
25 1320
28 1072
25 1483
20 1398
22 1082
23 1213
16 1347
12 1106
14 1310
15 1257
12 1250
12 1052
12 1172
12 1476
25 1105
11 1332
19 1220
24 1353
15 1190
19 1044
26 1370
24 1126
12 1097
19 1200
28 1497
26 1126
28 1262
24 1397
15 1146
15 1085
25 1480
20 1455
21 1155
23 1398
10 1352
13 1308
16 1082
15 1425
27 1107
22 1456
14 1263
14 1185
22 1118
21 1060
16 1310
24 1247
18 1246
12 1089
22 1390
26 1217
10 1011
19 1278
27 1456
15 1490
20 1305
14 1467
18 1232
17 1271
13 1112
15 1173
14 1366
12 1364
16 1118
14 1482
23 1124
26 1372
26 1128
17 1021
13 1448
25 1141
23 1055
16 1445
19 1336
14 1350
13 1003
10 1109
23 1305
23 1474
19 1463
24 1303
11 1439
17 1025
16 1126
26 1026
10 1309
21 1401
15 1382
15 1142
23 1262
10 1086
21 1167
18 1048
24 1479
29 1226
21 1101
18 1257
25 1442
15 1035
15 1465
28 1373
16 1098
10 1208
23 1005
29 1425
11 1333
27 1018
25 1039
19 1357
14 1134
20 1003
11 1333
22 1098
23 1165