4100 5000
18 1321
19 1408
21 1156
19 1315
25 1027
26 1121
25 1142
22 1160
19 1046
28 1385
23 1152
21 1187
26 1450
14 1496
21 1135
19 1288
15 1260
16 1499
28 1073
29 1006
29 1021
15 1119
17 1399
16 1452
23 1225
19 1389
21 1222
16 1058
28 1271
18 1169
24 1379
28 1041
13 1002
28 1211
22 1005
12 1458
10 1257
14 1198
18 1421
18 1058
17 1241
26 1191
16 1371
25 1474
23 1215
17 1417
11 1344
20 1124
25 1363
14 1490
27 1382
23 1047
15 1253
18 1349
12 1067
18 1437
17 1097
24 1301
19 1080
11 1001
11 1446
25 1494
20 1027
23 1127
22 1473
17 1479
14 1300
26 1225
25 1238
16 1369
10 1375
15 1438
20 1399
14 1365
15 1329
28 1436
21 1343
18 1104
22 1394
24 1270
10 1220
16 1061
28 1390
25 1242
27 1074
24 1378
15 1443
11 1013
21 1156
18 1329
28 1015
13 1355
23 1260
29 1244
17 1329
19 1248
13 1289
10 1366
15 1489
12 1124
23 1185
19 1138
25 1029
24 1365
16 1030
28 1013
28 1377
22 1335
26 1033
18 1165
12 1283
29 1354
24 1017
11 1208
15 1311
18 1142
12 1139
26 1359
17 1147
20 1458
10 1459
20 1256
10 1238
22 1273
17 1106
17 1476
20 1045
24 1010
10 1062
20 1021
28 1459
18 1113
14 1412
27 1460
19 1393
17 1455
23 1357
23 1458
21 1116
20 1345
11 1420
11 1339
22 1134
29 1157
20 1448
16 1465
15 1272
14 1405
10 1052
12 1231
17 1252
18 1095
11 1441
17 1439
18 1283
25 1188
11 1484
14 1395
20 1410
12 1436
10 1418
18 1096
12 1437
16 1326
22 1400
17 1495
25 1299
24 1291
24 1225
24 1421
13 1377
26 1046
16 1182
29 1188
28 1231
22 1394
25 1299
19 1261
12 1398
29 1081
20 1058
21 1141
28 1104
28 1368
23 1469
27 1157
17 1476
21 1034
10 1330
27 1179
24 1094
14 1403
18 1182
16 1011
12 1243
12 1342
19 1306
28 1398
21 1212
18 1060
12 1064
16 1224
14 1279
18 1352
27 1306
22 1214
22 1345
13 1456
22 1125
16 1228
26 1071
20 1038
20 1292
22 1497
28 1234
14 1399
25 1349
20 1345
20 1467
21 1301
12 1324
16 1200
28 1393
24 1233
25 1027
19 1380
12 1458
11 1228
16 1405
24 1186
17 1186
25 1168
27 1332
16 1209
15 1400
23 1077
27 1252
14 1208
10 1343
14 1394
18 1292
16 1258
24 1406
25 1195
21 1331
15 1410
16 1049
12 1309
15 1042
11 1257
22 1419
14 1084
28 1374
24 1475
22 1014
10 1305
12 1217
13 1359
17 1229
17 1082
20 1365
26 1034
20 1108
19 1354
12 1045
20 1475
21 1471
26 1080
25 1434
29 1468
11 1152
11 1496
21 1126
18 1384
13 1238
17 1431
15 1189
11 1001
28 1248
29 1322
26 1163
29 1044
18 1129
10 1085
25 1258
18 1482
10 1026
10 1096
11 1412
17 1275
27 1258
10 1407
26 1001
11 1114
17 1259
15 1259
14 1468
18 1036
20 1129
28 1415
13 1397
27 1381
15 1346
12 1299
19 1033
29 1448
29 1356
16 1019
23 1336
24 1414
18 1174
19 1151
10 1328
10 1032
27 1345
27 1123
13 1451
10 1183
11 1014
27 1493
14 1326
27 1296
28 1356
22 1029
24 1189
12 1004
26 1020
27 1038
21 1087
10 1326
25 1262
21 1064
21 1070
16 1333
28 1490
29 1195
18 1173
17 1345
10 1463
28 1137
16 1412
12 1203
13 1190
27 1300
16 1471
28 1053
26 1368
14 1365
17 1136
23 1133
23 1165
15 1426
25 1084
19 1014
13 1099
18 1098
17 1458
27 1478
16 1377
16 1454
14 1489
16 1466
13 1499
20 1031
10 1453
14 1041
18 1257
28 1430
29 1397
24 1103
11 1034
18 1455
24 1026
15 1086
17 1070
16 1177
24 1404
12 1270
24 1237
24 1417
28 1179
11 1151
21 1456
26 1280
22 1222
17 1451
27 1139
15 1366
29 1430
16 1168
23 1211
12 1408
16 1089
13 1345
16 1313
17 1058
24 1028
24 1414
29 1187
28 1295
23 1086
21 1305
20 1433
23 1449
15 1185
14 1178
26 1437
21 1169
27 1322
28 1272
22 1088
18 1224
21 1234
28 1084
18 1308
22 1413
14 1156
21 1317
23 1070
21 1070
17 1320
18 1439
19 1345
12 1485
26 1069
23 1126
22 1051
15 1267
14 1205
29 1398
29 1359
10 1015
12 1348
18 1440
19 1245
16 1158
23 1263
13 1464
15 1312
28 1449
28 1125
24 1016
13 1283
24 1414
18 1191
29 1293
25 1163
15 1187
17 1228
18 1267
13 1307
25 1271
14 1288
14 1282
24 1302
15 1023
22 1121
15 1017
27 1191
23 1254
25 1423
12 1366
27 1468
20 1200
23 1419
29 1005
13 1284
26 1387
15 1154
25 1014
13 1273
27 1323
29 1419
18 1278
28 1135
24 1381
22 1260
26 1093
24 1184
24 1425
23 1322
26 1388
11 1249
11 1469
13 1407
17 1225
25 1040
17 1013
13 1175
25 1181
24 1407
15 1344
28 1484
12 1477
14 1135
18 1208
10 1303
12 1023
27 1494
16 1422
20 1212
11 1375
28 1359
18 1291
22 1148
19 1093
21 1116
23 1062
25 1377
24 1088
12 1173
23 1011
24 1444
22 1166
25 1188
27 1330
14 1091
11 1118
16 1482
18 1111
16 1220
28 1348
19 1376
17 1149
29 1176
19 1301
28 1335
15 1250
28 1483
15 1079
20 1172
16 1272
25 1263
23 1418
28 1273
24 1225
21 1334
20 1323
10 1257
13 1178
27 1440
10 1019
21 1080
16 1042
10 1398
11 1049
29 1155
20 1457
13 1384
15 1291
16 1098
24 1478
26 1165
15 1297
15 1357
15 1365
12 1376
18 1207
16 1307
16 1057
20 1261
16 1197
20 1302
13 1053
28 1358
27 1134
18 1182
15 1332
27 1307
27 1244
24 1061
13 1343
18 1151
18 1483
14 1331
12 1323
19 1228
19 1096
13 1104
27 1411
25 1142
23 1081
29 1009
10 1423
21 1425
14 1186
27 1023
29 1100
17 1289
26 1364
15 1336
28 1180
15 1033
25 1060
28 1280
28 1205
28 1160
25 1226
14 1114
20 1011
13 1159
20 1191
16 1149
25 1090
18 1219
21 1069
26 1093
10 1157
13 1120
14 1234
25 1489
22 1014
28 1059
20 1496
19 1275
20 1007
22 1177
27 1336
26 1433
13 1197
15 1355
19 1380
11 1493
24 1017
13 1275
24 1442
10 1298
17 1444
21 1382
18 1190
13 1346
13 1383
20 1238
17 1151
14 1377
17 1207
16 1106
12 1458
26 1053
28 1437
14 1498
12 1430
15 1029
22 1134
11 1335
23 1395
21 1130
25 1175
17 1123
29 1253
25 1399
25 1406
23 1181
20 1171
16 1388
24 1033
22 1355
11 1362
19 1476
14 1475
26 1382
27 1072
12 1257
25 1089
20 1032
27 1258
19 1193
23 1416
10 1036
16 1137
11 1494
14 1340
10 1131
15 1471
27 1142
21 1419
13 1338
19 1029
15 1389
13 1222
29 1399
26 1455
21 1428
14 1388
16 1347
23 1091
10 1269
18 1398
23 1489
18 1394
14 1059
11 1098
18 1392
27 1168
27 1031
22 1101
11 1326
23 1435
10 1173
23 1367
10 1224
18 1099
17 1071
23 1365
19 1095
10 1310
29 1392
25 1169
25 1277
27 1234
13 1124
29 1376
23 1366
19 1008
11 1483
17 1189
11 1358
21 1386
19 1160
13 1394
18 1343
25 1367
21 1083
23 1432
14 1099
28 1139
13 1447
17 1065
28 1093
24 1102
15 1121
24 1036
29 1067
26 1121
17 1215
14 1216
18 1017
10 1172
18 1411
15 1416
28 1417
15 1464
23 1156
28 1385
14 1029
27 1199
21 1037
27 1247
26 1352
28 1479
23 1341
24 1467
11 1142
13 1058
14 1263
16 1048
26 1192
16 1236
25 1315
20 1033
20 1089
23 1484
14 1039
21 1017
12 1041
12 1338
28 1135
17 1128
11 1179
10 1194
12 1452
26 1351
19 1057
15 1195
29 1162
11 1375
20 1055
22 1039
29 1427
14 1177
20 1316
21 1479
19 1225
11 1405
18 1265
27 1453
18 1391
23 1329
10 1413
15 1458
19 1080
26 1051
17 1072
21 1095
10 1098
12 1086
16 1316
20 1424
14 1301
11 1449
24 1168
27 1285
19 1129
21 1238
22 1078
25 1389
13 1397
16 1053
19 1184
24 1420
19 1391
25 1348
26 1314
26 1089
21 1269
13 1174
21 1425
15 1052
14 1075
24 1200
14 1032
24 1103
25 1471
21 1037
22 1046
27 1458
17 1143
26 1214
19 1080
27 1062
15 1332
11 1473
22 1398
27 1106
28 1440
14 1038
29 1095
29 1363
13 1020
23 1451
20 1419
11 1170
11 1172
22 1099
13 1473
25 1469
13 1397
24 1116
10 1089
25 1100
22 1398
18 1338
27 1156
16 1094
26 1485
11 1164
21 1201
21 1485
25 1030
20 1412
23 1450
29 1045
28 1258
24 1432
21 1339
27 1452
28 1402
27 1143
23 1166
25 1056
24 1062
22 1093
21 1304
27 1269
15 1453
14 1241
12 1004
23 1035
27 1185
29 1077
12 1200
28 1356
12 1246
22 1400
26 1344
26 1151
21 1151
28 1498
27 1434
15 1167
13 1243
24 1366
25 1140
27 1144
10 1089
13 1440
16 1321
27 1412
11 1111
28 1403
19 1280
28 1496
21 1365
27 1245
29 1167
24 1107
26 1221
11 1095
14 1046
13 1370
18 1249
28 1338
26 1425
20 1459
22 1013
26 1472
11 1241
14 1318
28 1274
20 1466
25 1064
19 1456
17 1172
20 1244
14 1134
12 1093
20 1498
28 1484
17 1401
27 1381
28 1279
28 1017
23 1238
10 1289
27 1345
13 1326
12 1198
20 1357
14 1227
10 1289
28 1213
18 1304
16 1060
18 1113
22 1221
12 1353
19 1095
18 1232
20 1245
22 1034
26 1349
23 1068
19 1174
12 1150
23 1467
13 1339
18 1016
27 1347
10 1204
15 1255
25 1176
13 1443
21 1421
23 1057
20 1451
29 1036
26 1002
12 1271
25 1111
16 1346
24 1303
24 1233
22 1238
11 1127
27 1480
22 1286
24 1430
23 1455
14 1246
23 1366
21 1179
11 1240
19 1084
26 1089
13 1293
23 1461
23 1089
24 1016
21 1120
21 1480
12 1330
21 1351
14 1167
15 1015
29 1342
27 1084
13 1403
11 1066
22 1090
15 1246
10 1074
18 1250
16 1013
23 1127
26 1143
24 1334
10 1094
23 1134
11 1422
25 1082
22 1472
28 1099
26 1034
16 1327
21 1380
27 1371
20 1091
23 1399
25 1379
22 1109
13 1332
19 1031
28 1079
12 1191
20 1467
23 1330
28 1037
19 1186
14 1070
19 1394
21 1255
17 1248
22 1162
11 1150
10 1332
17 1482
23 1285
10 1284
21 1289
21 1076
27 1412
20 1159
11 1301
18 1014
16 1318
29 1233
15 1418
18 1122
23 1094
16 1173
18 1222
16 1278
25 1246
19 1011
12 1193
15 1202
15 1206
19 1321
20 1477
12 1066
12 1121
10 1331
19 1425
18 1496
17 1085
27 1144
28 1041
17 1483
29 1316
13 1075
21 1483
28 1262
21 1085
18 1185
13 1254
15 1440
28 1267
28 1167
29 1470
26 1073
11 1175
25 1448
11 1389
17 1021
20 1143
15 1281
14 1499
20 1358
24 1039
14 1302
17 1045
13 1489
14 1483
25 1214
15 1028
11 1340
18 1259
28 1141
19 1283
11 1043
20 1273
27 1430
20 1122
15 1268
12 1163
25 1308
17 1261
21 1362
27 1138
11 1247
16 1416
24 1357
23 1231
16 1048
17 1334
10 1067
26 1391
18 1367
24 1119
23 1273
26 1001
12 1181
10 1097
15 1413
25 1375
12 1458
26 1112
17 1362
16 1432
26 1114
13 1292
12 1447
29 1383
15 1013
24 1176
11 1010
16 1028
23 1232
20 1442
17 1190
26 1462
19 1289
12 1202
20 1041
29 1348
14 1368
11 1081
15 1094
23 1387
11 1320
23 1473
29 1110
29 1277
13 1217
13 1213
23 1142
19 1226
16 1002
29 1020
16 1306
11 1443
21 1235
10 1191
29 1136
12 1389
17 1084
11 1476
23 1092
25 1082
29 1420
19 1260
23 1255
27 1176
16 1467
24 1486
21 1190
19 1454
18 1274
25 1002
21 1112
26 1464
13 1378
17 1069
20 1092
29 1184
18 1363
26 1157
13 1269
17 1341
11 1288
10 1300
27 1079
16 1265
27 1108
15 1099
25 1100
18 1153
20 1198
28 1491
13 1116
12 1036
16 1058
13 1299
10 1476
22 1277
14 1118
16 1334
17 1102
29 1106
17 1081
20 1163
23 1252
13 1253
19 1315
29 1454
10 1460
10 1299
20 1089
18 1211
10 1208
19 1345
12 1443
23 1163
18 1221
22 1093
25 1182
27 1405
13 1317
12 1093
13 1361
16 1310
14 1091
23 1384
14 1278
10 1081
12 1255
17 1030
16 1319
22 1401
17 1499
11 1321
29 1453
12 1107
20 1370
16 1443
22 1307
17 1267
28 1096
25 1475
26 1364
10 1162
12 1352
11 1451
17 1026
12 1307
20 1457
18 1093
29 1388
18 1099
12 1290
10 1445
24 1196
11 1064
27 1422
23 1147
28 1341
27 1332
15 1041
15 1118
24 1007
21 1047
26 1395
19 1184
20 1374
26 1358
17 1088
25 1411
19 1410
14 1405
24 1065
13 1181
13 1370
25 1140
17 1496
12 1470
28 1371
21 1482
11 1321
17 1383
13 1057
19 1404
10 1486
18 1134
22 1340
20 1404
23 1184
16 1399
11 1122
28 1168
23 1421
14 1385
11 1310
22 1061
18 1239
22 1267
20 1469
25 1084
21 1409
20 1415
20 1054
24 1286
20 1275
21 1263
12 1476
29 1357
25 1318
14 1481
29 1084
24 1026
21 1155
22 1111
10 1058
19 1427
18 1082
29 1481
26 1316
11 1286
27 1410
16 1023
17 1137
12 1305
12 1435
13 1088
20 1432
18 1155
23 1020
14 1103
13 1345
13 1097
26 1185
22 1081
18 1423
19 1266
24 1096
24 1367
26 1486
22 1136
12 1294
16 1450
20 1419
10 1390
26 1439
14 1114
24 1382
12 1317
11 1133
19 1211
13 1277
23 1096
25 1465
21 1067
16 1458
12 1393
20 1064
23 1448
24 1328
15 1070
16 1220
28 1062
20 1454
24 1204
19 1376
25 1164
18 1308
20 1277
13 1097
20 1388
19 1099
18 1418
23 1315
21 1034
15 1334
28 1402
13 1383
14 1323
27 1254
12 1418
22 1006
15 1201
15 1061
10 1229
21 1224
26 1264
23 1438
17 1047
20 1182
17 1421
18 1361
20 1248
27 1222
21 1053
15 1184
24 1269
27 1498
24 1175
11 1123
28 1242
24 1393
13 1013
12 1310
25 1038
17 1019
15 1183
25 1197
19 1234
20 1330
15 1213
12 1339
11 1223
20 1211
29 1379
19 1454
16 1127
13 1083
21 1472
17 1298
21 1145
11 1061
17 1298
26 1257
14 1272
19 1215
25 1200
20 1129
27 1365
26 1072
24 1237
13 1140
14 1249
11 1076
29 1279
17 1269
23 1357
12 1144
15 1456
27 1408
25 1065
23 1390
14 1029
27 1247
20 1198
11 1343
19 1351
11 1087
15 1393
17 1394
11 1112
19 1081
14 1098
15 1065
12 1034
19 1257
15 1068
22 1279
15 1156
19 1010
19 1026
12 1062
21 1455
29 1326
15 1387
24 1095
24 1053
13 1296
22 1483
26 1228
24 1314
13 1119
29 1460
27 1273
17 1363
25 1140
24 1176
22 1409
11 1186
28 1103
21 1412
12 1035
16 1228
18 1004
28 1285
28 1135
18 1153
24 1197
10 1316
10 1085
21 1400
23 1063
13 1202
10 1091
12 1450
22 1094
10 1072
11 1122
27 1082
19 1378
19 1002
22 1456
28 1346
10 1346
13 1120
19 1435
29 1026
27 1425
16 1154
26 1249
27 1200
15 1028
12 1382
13 1185
27 1069
19 1303
16 1188
12 1216
17 1462
24 1344
16 1258
20 1276
15 1183
26 1356
18 1150
11 1007
15 1020
21 1092
27 1084
20 1144
11 1194
19 1120
11 1435
26 1158
18 1055
14 1018
21 1385
18 1227
16 1401
14 1385
10 1335
24 1376
25 1232
25 1352
23 1450
13 1092
29 1163
13 1353
25 1407
29 1324
21 1209
24 1353
27 1087
28 1487
22 1210
29 1014
26 1210
10 1241
11 1344
11 1008
16 1381
11 1479
29 1394
29 1024
17 1212
12 1173
28 1204
19 1362
24 1312
22 1334
18 1413
26 1361
13 1246
19 1447
17 1410
21 1166
19 1415
10 1426
28 1255
15 1046
25 1386
28 1333
24 1127
28 1428
13 1403
15 1243
11 1284
12 1239
29 1188
18 1247
17 1015
19 1058
10 1462
12 1318
22 1159
10 1189
11 1135
21 1190
12 1390
26 1223
17 1495
15 1029
24 1478
22 1032
21 1419
25 1057
10 1200
19 1377
15 1082
17 1179
29 1455
25 1147
25 1186
27 1127
21 1260
14 1050
12 1055
22 1111
16 1061
24 1468
12 1483
13 1056
18 1046
26 1085
15 1374
18 1096
26 1153
23 1456
28 1219
25 1064
26 1366
26 1327
21 1209
21 1041
25 1084
17 1133
13 1032
18 1237
18 1105
25 1348
29 1057
15 1067
11 1174
20 1333
17 1369
13 1110
29 1084
13 1444
19 1455
26 1401
27 1336
21 1350
25 1267
17 1431
23 1316
15 1390
18 1244
20 1495
25 1023
27 1310
17 1425
15 1309
27 1450
24 1306
11 1479
16 1029
12 1338
21 1449
14 1293
29 1261
17 1400
29 1005
16 1113
10 1443
22 1435
12 1494
25 1404
10 1423
20 1097
15 1328
20 1219
14 1152
14 1144
20 1208
29 1283
14 1141
19 1473
11 1422
16 1060
16 1157
25 1165
21 1225
17 1025
27 1216
18 1189
17 1227
22 1068
11 1083
20 1342
29 1120
15 1493
24 1393
10 1194
19 1252
15 1482
23 1307
13 1120
26 1478
15 1063
13 1213
14 1371
12 1020
25 1483
18 1144
23 1314
23 1244
20 1471
18 1135
24 1217
10 1068
21 1233
27 1218
28 1405
11 1473
11 1248
15 1130
18 1201
12 1276
24 1205
11 1099
18 1247
29 1073
28 1306
17 1183
27 1424
18 1127
21 1394
23 1474
11 1135
18 1236
26 1205
24 1233
26 1447
13 1096
15 1102
26 1086
11 1286
29 1272
21 1466
22 1078
25 1277
20 1167
12 1355
25 1435
11 1383
27 1236
28 1424
28 1400
18 1491
15 1028
10 1137
29 1332
29 1218
25 1096
28 1245
23 1407
29 1349
19 1209
13 1008
21 1301
21 1106
28 1108
25 1336
29 1222
21 1164
16 1135
23 1232
26 1252
24 1483
20 1206
29 1460
21 1467
27 1294
18 1009
24 1161
17 1214
16 1025
12 1010
21 1080
10 1227
29 1060
19 1049
10 1302
28 1378
11 1094
22 1225
25 1192
19 1405
21 1095
25 1190
23 1127
15 1488
20 1365
21 1482
15 1073
24 1002
18 1212
29 1252
18 1413
14 1480
26 1071
27 1286
12 1250
18 1278
28 1399
10 1048
21 1313
28 1238
10 1032
13 1189
15 1111
23 1373
26 1373
13 1318
28 1303
19 1308
19 1408
18 1379
14 1188
20 1050
16 1368
25 1487
26 1442
13 1278
29 1154
14 1141
19 1084
10 1100
14 1367
20 1211
26 1397
12 1340
16 1339
28 1225
11 1353
26 1340
18 1231
23 1116
27 1068
21 1339
29 1133
20 1295
15 1188
24 1116
11 1026
18 1258
23 1209
13 1357
13 1298
22 1122
28 1489
20 1394
21 1071
20 1191
13 1204
14 1024
10 1131
19 1469
20 1042
14 1307
23 1393
10 1356
21 1477
29 1098
23 1460
29 1159
17 1206
22 1121
16 1117
16 1410
15 1306
25 1153
21 1451
26 1260
23 1233
12 1214
18 1133
27 1003
10 1174
15 1022
14 1087
19 1217
29 1244
28 1358
25 1380
18 1416
19 1022
10 1067
18 1151
21 1136
13 1059
26 1135
29 1129
29 1022
19 1465
23 1428
13 1394
11 1446
20 1243
19 1287
16 1120
21 1110
15 1016
20 1205
21 1271
12 1404
22 1352
25 1398
23 1464
22 1058
29 1426
27 1240
27 1360
11 1141
11 1021
25 1451
20 1291
16 1036
20 1393
14 1130
13 1112
23 1457
17 1265
17 1493
26 1216
18 1298
24 1131
15 1019
22 1005
14 1025
21 1441
20 1295
28 1146
28 1079
10 1471
22 1172
25 1412
24 1036
29 1424
21 1308
11 1207
12 1085
29 1430
29 1454
18 1330
12 1266
22 1260
16 1377
25 1499
21 1232
29 1415
10 1303
21 1484
22 1318
18 1263
14 1154
10 1294
21 1249
28 1253
20 1232
23 1492
14 1343
15 1127
17 1353
10 1391
28 1305
15 1429
22 1497
16 1275
15 1396
13 1144
22 1236
16 1443
15 1263
24 1403
28 1109
27 1403
23 1275
19 1171
20 1249
16 1241
28 1009
21 1161
12 1276
29 1012
28 1122
12 1149
18 1143
27 1108
22 1270
23 1182
16 1126
17 1431
24 1151
26 1321
19 1259
14 1357
13 1231
23 1427
20 1282
18 1044
14 1356
27 1245
22 1005
22 1440
26 1197
28 1244
11 1312
10 1399
29 1170
29 1024
21 1195
24 1477
21 1343
11 1120
18 1495
24 1485
14 1495
18 1066
14 1418
10 1489
29 1393
19 1489
24 1303
23 1128
23 1065
29 1262
15 1470
12 1189
15 1474
10 1494
14 1220
25 1378
26 1209
14 1396
16 1100
28 1403
12 1362
15 1395
22 1179
20 1384
26 1115
16 1008
26 1326
22 1482
10 1409
24 1321
26 1280
13 1099
15 1361
28 1394
12 1037
16 1251
25 1391
20 1179
29 1067
17 1488
29 1084
25 1242
29 1309
20 1317
24 1334
15 1216
24 1085
10 1392
16 1265
14 1494
20 1318
10 1144
16 1353
22 1045
17 1190
23 1137
23 1121
16 1126
25 1038
21 1083
10 1428
28 1451
26 1110
29 1241
16 1136
21 1228
17 1124
13 1353
12 1053
22 1248
14 1066
21 1118
13 1110
14 1143
17 1074
18 1041
26 1292
19 1151
18 1116
24 1351
19 1086
18 1074
22 1185
18 1154
23 1427
21 1052
11 1192
19 1119
27 1268
19 1400
13 1183
11 1031
28 1336
27 1122
15 1178
13 1219
27 1352
15 1005
10 1393
26 1468
14 1128
11 1430
10 1005
11 1449
23 1120
17 1136
12 1222
16 1368
23 1080
24 1038
11 1409
28 1125
12 1277
24 1477
29 1153
26 1403
23 1066
29 1132
19 1194
14 1076
18 1309
12 1374
13 1074
12 1118
10 1272
12 1197
15 1491
29 1134
12 1281
11 1096
12 1289
27 1444
11 1448
10 1072
20 1470
21 1231
11 1011
18 1038
25 1257
26 1285
27 1453
16 1208
24 1064
22 1261
16 1395
11 1218
15 1362
15 1346
16 1029
23 1330
16 1168
27 1005
16 1238
23 1420
16 1494
27 1399
29 1015
27 1316
25 1287
12 1172
24 1135
16 1446
20 1005
10 1125
19 1126
12 1171
21 1155
10 1140
10 1164
11 1361
25 1056
22 1417
12 1024
13 1477
11 1160
16 1091
22 1301
17 1273
23 1013
25 1104
16 1231
28 1186
14 1156
29 1389
27 1128
26 1305
24 1064
20 1432
18 1247
24 1390
19 1435
10 1093
25 1156
10 1209
29 1169
18 1343
10 1002
17 1481
14 1045
18 1437
21 1451
23 1414
21 1365
10 1383
26 1084
16 1368
26 1182
27 1371
29 1467
27 1405
27 1194
10 1499
18 1193
21 1156
21 1373
12 1019
26 1351
13 1265
11 1493
21 1337
26 1489
17 1016
26 1098
11 1006
16 1073
24 1094
14 1400
21 1216
21 1090
14 1339
17 1194
27 1124
12 1223
28 1156
12 1000
19 1237
15 1009
22 1001
24 1239
13 1055
29 1380
25 1291
19 1102
24 1351
15 1454
17 1191
23 1345
29 1001
27 1338
26 1144
21 1206
11 1125
13 1248
26 1282
15 1398
27 1260
10 1074
13 1483
11 1059
12 1141
12 1302
21 1009
18 1011
12 1371
22 1285
23 1231
20 1480
11 1345
17 1144
19 1024
14 1251
28 1434
18 1444
17 1015
14 1132
20 1029
12 1222
17 1189
24 1136
21 1367
21 1439
17 1348
12 1009
22 1362
25 1181
28 1123
21 1247
24 1187
15 1211
20 1102
28 1038
14 1458
11 1456
23 1267
23 1294
10 1409
11 1113
10 1084
12 1172
18 1454
13 1485
19 1125
28 1232
11 1023
22 1467
17 1104
17 1171
20 1395
16 1061
27 1236
25 1371
21 1398
28 1204
10 1011
18 1060
16 1165
12 1490
11 1342
23 1297
28 1097
20 1341
21 1448
11 1276
16 1128
10 1182
29 1486
12 1194
18 1209
16 1301
10 1413
27 1151
29 1305
15 1097
17 1114
22 1391
18 1145
20 1246
17 1374
11 1413
11 1423
20 1421
17 1446
16 1063
24 1300
27 1211
24 1283
27 1025
17 1471
21 1152
21 1136
19 1402
17 1308
23 1153
28 1416
28 1295
23 1158
28 1171
21 1181
27 1167
23 1285
10 1432
29 1350
13 1489
13 1333
27 1138
14 1087
22 1228
11 1143
24 1484
26 1478
12 1061
17 1235
28 1052
14 1076
21 1015
15 1370
14 1223
17 1026
28 1300
13 1400
24 1257
13 1006
28 1065
21 1446
24 1115
12 1138
28 1379
25 1020
17 1105
19 1254
25 1152
19 1356
29 1133
27 1194
24 1014
24 1113
19 1370
29 1265
26 1016
21 1454
22 1212
23 1403
23 1487
28 1022
27 1466
15 1374
15 1195
27 1064
17 1383
12 1289
11 1478
10 1243
24 1089
18 1349
12 1419
21 1083
25 1386
23 1357
11 1222
22 1335
25 1007
22 1473
11 1266
29 1242
14 1197
28 1432
25 1192
23 1139
13 1291
15 1397
27 1048
23 1419
14 1159
17 1189
29 1070
10 1340
12 1413
27 1342
22 1342
21 1460
26 1040
19 1046
25 1271
16 1382
14 1048
26 1054
24 1109
23 1410
24 1066
19 1148
16 1196
22 1034
28 1445
10 1374
26 1410
14 1305
12 1297
28 1127
25 1073
14 1361
27 1376
15 1298
27 1252
28 1201
24 1448
17 1268
14 1420
19 1376
16 1228
12 1185
26 1439
23 1372
16 1205
24 1066
11 1149
29 1013
22 1352
12 1087
15 1351
15 1458
25 1091
29 1148
28 1161
14 1332
23 1484
25 1210
18 1282
16 1460
24 1128
16 1273
13 1050
18 1018
26 1246
19 1212
10 1125
28 1399
21 1190
15 1154
25 1046
13 1325
14 1456
17 1496
10 1428
14 1361
25 1138
19 1001
13 1342
16 1490
19 1389
11 1414
11 1211
28 1241
25 1137
10 1178
20 1410
27 1350
22 1010
10 1490
27 1488
23 1104
11 1380
10 1063
11 1063
25 1357
10 1034
19 1346
27 1124
16 1113
23 1241
12 1002
13 1486
22 1489
15 1419
25 1302
17 1437
12 1318
19 1212
11 1405
24 1480
28 1433
18 1123
29 1410
27 1093
23 1141
10 1189
19 1286
26 1129
26 1193
18 1201
12 1219
14 1190
17 1379
12 1314
15 1000
24 1265
12 1456
13 1366
12 1458
28 1241
11 1340
10 1433
25 1467
27 1379
29 1085
18 1434
23 1286
13 1041
28 1158
19 1379
14 1265
23 1043
24 1166
29 1413
24 1099
23 1308
15 1344
21 1191
18 1345
13 1059
14 1149
22 1379
20 1458
20 1157
28 1373
11 1061
14 1264
28 1321
25 1379
13 1108
16 1436
28 1447
11 1124
23 1163
24 1464
20 1104
15 1271
13 1192
20 1269
10 1097
22 1077
12 1192
13 1418
23 1454
20 1371
24 1102
11 1418
27 1201
29 1007
10 1271
24 1204
29 1322
27 1172
20 1368
16 1322
16 1298
26 1165
21 1162
20 1022
11 1166
23 1173
20 1426
26 1022
16 1047
20 1239
12 1003
20 1021
18 1120
14 1232
29 1433
11 1237
17 1400
20 1051
15 1352
26 1234
10 1197
21 1267
15 1334
16 1406
23 1147
25 1264
20 1302
19 1372
10 1452
12 1110
23 1283
28 1487
17 1376
14 1140
17 1038
10 1143
19 1152
22 1454
24 1000
16 1165
13 1396
27 1403
12 1022
25 1238
14 1411
26 1256
26 1044
24 1102
24 1021
20 1430
29 1172
13 1362
18 1340
18 1311
10 1480
17 1344
21 1499
17 1079
14 1011
23 1445
19 1095
13 1046
12 1071
17 1271
29 1393
21 1483
19 1282
10 1102
24 1169
27 1426
17 1137
21 1295
26 1120
25 1009
25 1269
26 1404
27 1068
18 1199
17 1097
25 1353
12 1334
21 1206
10 1357
16 1463
17 1313
10 1109
21 1488
23 1201
15 1486
23 1052
16 1161
24 1402
29 1027
23 1449
26 1479
16 1395
20 1284
13 1231
27 1020
25 1363
19 1445
16 1347
11 1168
19 1299
22 1328
19 1240
24 1199
13 1200
13 1431
23 1242
12 1037
29 1072
19 1192
15 1413
15 1058
16 1104
10 1098
19 1264
20 1340
18 1405
20 1358
26 1158
13 1303
17 1285
19 1128
16 1307
26 1150
12 1492
23 1474
25 1390
21 1069
16 1478
13 1474
11 1112
10 1151
10 1279
13 1016
22 1285
28 1184
25 1308
29 1286
16 1382
18 1238
14 1360
15 1133
10 1410
13 1453
14 1117
15 1114
21 1166
15 1017
20 1388
12 1345
17 1207
11 1332
20 1289
15 1265
22 1457
23 1116
21 1385
16 1375
13 1460
10 1480
21 1164
15 1480
15 1182
10 1323
21 1289
16 1054
29 1005
26 1453
10 1090
15 1314
19 1368
27 1064
18 1301
19 1391
10 1227
26 1072
10 1087
13 1182
21 1050
19 1369
20 1119
14 1367
17 1455
18 1402
21 1119
28 1205
25 1270
27 1260
16 1341
18 1301
10 1332
23 1270
17 1378
23 1360
19 1096
24 1381
22 1358
12 1178
26 1106
28 1085
20 1449
16 1177
18 1418
18 1472
20 1438
17 1199
24 1324
16 1259
22 1051
11 1110
12 1348
21 1412
26 1442
24 1196
15 1269
28 1429
25 1158
14 1460
27 1435
29 1005
20 1096
19 1237
13 1013
26 1222
23 1194
19 1083
17 1210
29 1072
13 1364
23 1146
10 1409
20 1452
26 1342
17 1046
24 1116
10 1355
27 1161
27 1265
22 1044
14 1358
21 1360
19 1207
22 1492
24 1162
20 1321
15 1340
29 1494
21 1284
20 1346
22 1014
19 1131
26 1406
18 1207
17 1341
27 1026
12 1476
23 1306
26 1110
10 1097
16 1220
15 1345
22 1437
10 1338
25 1035
23 1489
10 1025
22 1212
21 1378
24 1215
10 1455
28 1190
15 1158
28 1113
28 1437
10 1052
11 1252
25 1337
22 1369
12 1031
20 1361
24 1086
18 1116
15 1099
21 1457
27 1406
28 1047
12 1175
15 1391
11 1449
29 1351
22 1173
16 1194
24 1489
10 1407
15 1055
29 1482
26 1264
21 1090
29 1478
26 1245
13 1036
18 1373
21 1218
17 1498
24 1045
19 1105
22 1324
27 1135
21 1035
19 1332
17 1076
28 1322
23 1465
19 1426
27 1068
28 1292
13 1210
13 1320
18 1244
21 1076
29 1414
29 1217
14 1044
26 1233
14 1132
19 1108
23 1190
12 1337
16 1054
10 1426
10 1266
15 1202
14 1101
12 1401
20 1231
15 1493
22 1029
27 1143
26 1284
12 1237
13 1467
12 1480
20 1478
18 1346
24 1132
15 1291
16 1110
24 1194
28 1280
15 1146
16 1266
16 1183
23 1148
18 1118
10 1258
21 1388
18 1192
29 1330
26 1280
13 1090
23 1289
18 1371
23 1445
18 1402
18 1228
16 1188
15 1076
15 1070
26 1496
21 1462
25 1453
29 1137
11 1454
28 1465
14 1036
12 1249
28 1274
12 1089
19 1148
11 1056
12 1054
20 1368
17 1435
25 1356
26 1364
24 1353
29 1089
21 1009
27 1338
26 1376
11 1136
25 1107
25 1202
18 1435
18 1278
19 1017
18 1294
19 1220
29 1410
27 1314
16 1444
29 1302
24 1410
19 1140
25 1489
14 1029
11 1382
29 1045
15 1288
21 1257
28 1188
24 1259
16 1036
15 1435
13 1203
20 1256
23 1103
15 1488
19 1116
23 1178
17 1480
19 1260
24 1036
17 1055
23 1048
22 1396
19 1102
29 1083
13 1291
29 1192
13 1184
15 1251
11 1168
25 1034
19 1211
14 1003
29 1426
21 1105
12 1399
10 1338
13 1350
14 1175
28 1058
23 1202
26 1174
23 1486
22 1223
19 1410
29 1180
20 1019
22 1420
24 1226
28 1014
17 1479
16 1223
21 1229
18 1090
28 1497
13 1141
18 1185
26 1180
24 1156
23 1003
14 1135
24 1461
16 1390
22 1110
13 1387
25 1309
26 1180
10 1094
16 1397
14 1195
22 1475
21 1310
11 1203
26 1335
21 1384
16 1118
15 1246
23 1342
17 1381
28 1302
16 1484
18 1093
15 1384
12 1115
20 1054
16 1003
22 1177
10 1079
11 1369
16 1355
29 1446
11 1126
26 1190
26 1358
14 1403
11 1407
13 1392
17 1233
18 1417
12 1014
21 1028
11 1233
26 1398
12 1024
10 1378
28 1211
25 1426
24 1336
14 1430
19 1376
11 1404
28 1455
16 1170
11 1190
23 1230
27 1279
10 1219
16 1272
12 1132
24 1164
25 1101
19 1309
17 1329
24 1089
13 1295
18 1373
23 1114
11 1161
22 1070
28 1001
14 1294
27 1413
17 1054
23 1317
27 1289
21 1485
23 1399
18 1472
23 1336
10 1438
18 1170
11 1129
11 1060
23 1386
10 1115
16 1417
26 1369
15 1017
27 1272
13 1374
26 1022
22 1470
29 1102
21 1262
27 1117
21 1359
25 1429
28 1164
13 1095
22 1309
27 1250
29 1471
17 1480
21 1273
22 1148
14 1047
25 1345
15 1051
27 1204
16 1266
21 1246
15 1054
11 1339
24 1486
15 1090
22 1213
27 1219
23 1156
21 1179
10 1172
18 1012
18 1488
10 1481
16 1296
11 1212
26 1040
22 1147
26 1249
29 1048
28 1275
14 1253
23 1036
27 1491
22 1125
25 1187
21 1433
11 1340
25 1135
15 1394
29 1135
26 1090
23 1127
26 1444
27 1485
29 1456
13 1081
27 1338
12 1314
24 1239
20 1399
16 1416
23 1082
20 1264
11 1368
26 1139
11 1182
10 1244
28 1338
24 1172
28 1367
23 1147
14 1289
20 1281
17 1355
18 1200
21 1118
14 1026
26 1373
14 1171
11 1300
18 1341
15 1431
26 1091
11 1200
15 1010
20 1061
12 1335
19 1199
25 1286
15 1175
11 1476
28 1087
24 1441
22 1101
12 1055
29 1044
23 1130
29 1079
28 1129
24 1090
11 1254
19 1497
14 1099
11 1238
27 1277
22 1166
13 1101
19 1440
27 1465
20 1118
24 1209
20 1050
28 1142
13 1100
14 1090
29 1243
25 1346
25 1061
25 1304
24 1201
21 1259
17 1413
10 1322
19 1384
21 1405
13 1487
20 1073
24 1060
29 1005
25 1407
20 1012
16 1118
19 1354
18 1285
17 1105
10 1166
15 1421
21 1132
28 1089
27 1115
10 1244
13 1179
26 1251
11 1499
23 1028
24 1085
16 1470
25 1203
21 1425
14 1476
18 1209
22 1078
15 1020
22 1451
27 1093
24 1444
14 1356
29 1298
10 1007
14 1458
19 1352
18 1181
13 1038
13 1291
27 1076
17 1381
22 1409
22 1126
14 1336
23 1257
15 1488
15 1169
20 1104
25 1447
11 1008
12 1059
22 1329
21 1046
12 1022
13 1327
10 1317
18 1168
21 1354
13 1174
29 1374
16 1485
29 1036
23 1416
26 1357
11 1468
14 1479
12 1074
12 1309
14 1402
28 1497
19 1377
17 1222
24 1003
11 1414
14 1403
18 1208
17 1085
28 1077
19 1264
13 1309
14 1336
15 1465
19 1018
19 1266
14 1061
19 1062
19 1234
26 1464
25 1494
20 1460
26 1046
10 1457
17 1038
21 1407
22 1067
29 1447
25 1499
18 1251
27 1003
27 1407
23 1082
10 1343
24 1205
13 1206
19 1435
21 1447
20 1377
25 1173
21 1130
15 1369
22 1103
21 1006
10 1447
21 1248
26 1491
18 1238
19 1303
14 1246
25 1182
23 1137
24 1209
25 1406
24 1386
22 1461
27 1127
14 1217
26 1279
14 1246
24 1023
21 1369
12 1329
26 1440
17 1296
21 1293
11 1349
26 1494
12 1338
28 1397
21 1067
10 1050
25 1077
15 1225
19 1058
21 1012
18 1489
25 1370
27 1253
22 1130
18 1366
18 1489
14 1358
21 1018
26 1339
17 1350
15 1485
28 1323
19 1465
22 1248
18 1167
24 1356
17 1238
10 1163
28 1362
18 1309
26 1476
13 1144
28 1305
19 1083
27 1317
17 1111
23 1185
19 1128
22 1203
15 1035
20 1359
21 1480
13 1439
14 1329
18 1369
24 1380
10 1080
20 1150
26 1151
15 1479
12 1401
19 1037
19 1147
13 1439
19 1357
11 1179
28 1101
26 1147
14 1233
21 1115
25 1147
12 1035
19 1183
20 1229
16 1467
22 1377
12 1230
11 1373
25 1288
15 1305
23 1267
19 1273
12 1101
14 1117
22 1495
16 1461
19 1173
12 1260
10 1042
25 1382
23 1307
26 1077
22 1471
24 1035
25 1274
14 1495
26 1063
19 1171
27 1380
26 1174
27 1488
26 1093
29 1301
11 1034
26 1440
23 1065
10 1024
12 1385
12 1034
27 1413
13 1493
24 1083
18 1118
21 1076
25 1456
19 1438
24 1204
15 1354
13 1216
23 1184
17 1231
18 1199
20 1475
26 1133
22 1183
17 1034
20 1062
14 1277
14 1250
28 1408
18 1441
14 1235
17 1383
14 1474
17 1088
10 1453
25 1482
14 1274
10 1254
26 1004
16 1403
26 1102
22 1382
21 1050
12 1347
28 1003
18 1133
15 1202
29 1467
11 1185
11 1053
24 1215
10 1053
21 1441
14 1001
19 1004
13 1476
23 1016
24 1359
19 1348
23 1433
14 1135
29 1112
22 1315
15 1090
16 1079
21 1126
27 1382
24 1296
10 1076
19 1033
26 1467
10 1040
13 1217
18 1086
22 1185
15 1394
22 1332
19 1288
18 1474
15 1291
26 1291
19 1148
12 1128
22 1097
25 1498
19 1220
20 1031
18 1248
29 1372
15 1139
22 1460
22 1240
26 1194
29 1498
12 1041
27 1484
19 1420
26 1161
27 1418
20 1045
13 1316
26 1287
24 1101
18 1386
23 1494
20 1393
25 1361
19 1220
17 1210
22 1159
23 1439
27 1107
25 1439
27 1494
29 1396
15 1370
20 1127
23 1316
22 1333
15 1370
12 1354
29 1268
14 1039
25 1322
26 1158
29 1306
17 1238
10 1281
17 1283
17 1270
26 1234
28 1028
28 1246
21 1371
11 1181
22 1445
11 1439
15 1163
14 1331
11 1327
21 1096
25 1078
13 1289
29 1461
21 1402
22 1273
24 1440
13 1184
21 1020
19 1042
22 1080
15 1384
28 1481
25 1345
20 1100
17 1274
23 1260
25 1487
10 1381
20 1234
15 1375
25 1075
12 1453
22 1015
25 1413
27 1007
16 1069
25 1189
27 1311
24 1303
20 1139
22 1286
20 1069
20 1022
19 1358
28 1451
25 1437
28 1228
20 1496
15 1313
11 1468
13 1049
24 1367
18 1473
20 1211
16 1399
26 1266
19 1162
17 1451
15 1386
20 1116
22 1055
29 1193
27 1182
16 1380
24 1079
17 1035
25 1160
14 1328
15 1406
12 1106
29 1332
24 1279
19 1253
24 1330
14 1114
17 1450
17 1098
12 1198
13 1244
20 1452
12 1041
26 1256
14 1379
19 1093
10 1107
12 1398
26 1148
18 1196
18 1021
12 1325
28 1163
24 1249
17 1353
10 1307
24 1265
23 1217
25 1313
10 1119
22 1148
13 1015
11 1049
23 1431
11 1158
20 1094
25 1342
27 1017
13 1214
17 1453
16 1413
12 1046
22 1397
27 1439
17 1424
13 1415
26 1103
28 1196
12 1355
19 1197
21 1445
14 1493
25 1222
27 1241
11 1130
19 1238
10 1259
10 1436
13 1392
17 1043
11 1336
11 1364
12 1082
23 1117
29 1414
13 1451
12 1175
29 1183
11 1372
16 1175
25 1426
20 1084
20 1481
29 1476
24 1025
19 1096
29 1201
16 1021
24 1307
25 1395
23 1485
24 1462
16 1167
13 1411
22 1063
28 1057
17 1107
14 1146
27 1136
17 1309
17 1221
24 1406
25 1119
14 1013
23 1412
12 1415
12 1417
20 1260
29 1028
27 1252
27 1025
16 1398
12 1102
18 1274
10 1130
13 1468
11 1492
19 1077
21 1144
24 1148
28 1050
16 1121
16 1427
17 1349
24 1262
24 1109
12 1438
12 1330
16 1114
26 1037
18 1094
29 1346
28 1363
25 1449
15 1180
28 1186
19 1009
14 1473
28 1405
19 1037
16 1120
10 1099
25 1042
14 1102
23 1196
27 1032
19 1206
24 1423
25 1371
28 1418
15 1067
24 1130
27 1154
26 1237
25 1055
27 1397
19 1498
23 1173
26 1146
27 1316
23 1374
28 1357
20 1384
25 1266
21 1008
15 1360
23 1281
13 1273
23 1159
16 1204
17 1466
16 1042
26 1179
26 1304
14 1009
24 1320
21 1288
23 1028
22 1251
11 1043
14 1053
29 1130
26 1183
23 1393
27 1424
14 1480
16 1395
28 1484
16 1129
19 1191
11 1139
18 1445
13 1076
19 1493
26 1304
27 1078
24 1338
24 1328
10 1207
27 1294
23 1069
16 1214
23 1493
14 1035
13 1278
18 1149
13 1051
25 1485
19 1415
15 1029
24 1145
18 1270
28 1123
25 1387
26 1210
26 1497
22 1149
25 1162
17 1163
13 1424
24 1040
29 1293
11 1063
25 1260
28 1367
14 1380
20 1134
26 1154
25 1318
11 1129
20 1065
23 1127
29 1190
14 1335
14 1168
22 1381
18 1244
27 1157
17 1138
20 1188
28 1028
12 1438
11 1395
17 1086
24 1336
25 1282
22 1079
14 1075
18 1238
24 1497
23 1340
17 1481
16 1093
25 1231
24 1478
12 1244
19 1303
16 1024
19 1010
18 1032
17 1413
17 1259
12 1286
15 1155
19 1496
23 1150
11 1475
25 1045
23 1146
14 1180
20 1011
13 1026
24 1449
14 1037
21 1182
20 1005
16 1046
12 1326
24 1217
22 1243
19 1379
20 1451
15 1365
19 1348
28 1253
12 1273
13 1268
25 1355
18 1328
22 1276
17 1193
20 1455
16 1452
16 1049
18 1459
19 1372
26 1186
17 1187
24 1181
27 1477
21 1043
11 1084
17 1160
13 1073
18 1019
11 1450
10 1314
16 1338
29 1082
13 1007
22 1233
14 1282
23 1014
28 1177
19 1159
14 1140
21 1222
13 1396
10 1306
16 1130
26 1117
21 1154
27 1159
18 1266
22 1397
27 1499
11 1429
13 1356
12 1184
19 1191
20 1169
14 1238
24 1304
10 1074
26 1310
19 1316
27 1155
22 1223
17 1062
20 1003
20 1347
10 1105
14 1257
25 1053
14 1365
14 1149
15 1335
16 1328
17 1282
23 1098
22 1080
11 1269
21 1369
27 1034
26 1222
11 1133
17 1044
11 1374