4500 5000
18 1430
20 1372
23 1325
25 1496
10 1345
20 1275
13 1396
13 1411
28 1042
18 1104
12 1075
24 1468
11 1288
13 1344
28 1243
27 1334
24 1033
15 1034
23 1153
20 1498
22 1395
11 1217
26 1198
29 1197
27 1285
18 1405
12 1454
14 1424
21 1477
17 1073
23 1215
16 1426
18 1233
25 1310
22 1417
19 1316
26 1067
28 1305
22 1069
12 1285
22 1024
21 1012
28 1265
15 1227
24 1127
17 1312
24 1436
21 1185
29 1168
19 1210
12 1034
19 1168
16 1486
17 1155
17 1275
27 1179
22 1454
15 1126
26 1172
19 1059
13 1095
18 1439
21 1225
13 1268
21 1132
23 1314
22 1125
17 1318
16 1343
19 1197
18 1313
10 1399
19 1261
24 1392
22 1002
25 1118
28 1230
17 1001
18 1470
20 1145
26 1469
11 1045
19 1217
29 1189
26 1493
26 1259
20 1177
13 1035
29 1079
17 1491
16 1104
17 1360
11 1323
23 1487
29 1495
22 1300
18 1057
19 1245
25 1041
29 1168
16 1193
21 1412
21 1093
16 1032
12 1169
27 1360
13 1187
14 1053
13 1321
27 1311
23 1229
19 1353
22 1207
23 1490
20 1214
18 1376
29 1181
17 1335
16 1270
28 1068
16 1237
23 1007
12 1344
25 1074
25 1065
11 1208
27 1096
21 1138
15 1084
18 1196
22 1224
20 1376
29 1424
23 1219
28 1182
26 1200
10 1035
11 1396
29 1272
21 1442
28 1467
26 1282
15 1461
19 1362
24 1179
28 1159
19 1470
17 1399
28 1042
28 1485
15 1203
17 1129
26 1052
12 1182
23 1278
12 1482
13 1216
14 1378
18 1224
19 1158
20 1082
20 1079
23 1345
10 1358
16 1485
14 1491
14 1495
10 1408
10 1385
16 1421
11 1276
15 1101
20 1115
24 1036
28 1444
11 1268
14 1151
10 1003
11 1488
19 1184
10 1283
18 1080
28 1173
29 1086
10 1486
11 1219
21 1273
20 1204
18 1225
15 1496
26 1427
14 1193
12 1491
23 1433
29 1405
22 1270
27 1207
20 1474
19 1218
12 1212
20 1258
21 1095
17 1314
28 1036
20 1390
12 1302
20 1304
12 1432
13 1133
10 1033
19 1110
29 1016
29 1298
14 1264
27 1066
27 1472
23 1096
21 1069
14 1442
19 1166
24 1228
21 1273
24 1406
26 1483
14 1300
23 1186
22 1433
28 1318
15 1113
14 1309
27 1069
10 1319
11 1293
15 1359
12 1263
16 1284
27 1414
11 1341
26 1282
24 1291
24 1339
22 1479
18 1188
12 1277
25 1313
29 1401
12 1110
29 1156
22 1106
25 1316
27 1071
15 1127
27 1417
27 1055
23 1163
23 1101
11 1135
21 1276
29 1067
19 1348
12 1064
15 1293
13 1017
22 1143
20 1128
22 1013
15 1319
28 1390
29 1399
25 1433
10 1418
13 1033
15 1366
21 1366
24 1300
26 1072
10 1069
21 1092
28 1365
25 1435
11 1289
24 1313
17 1118
20 1080
28 1161
16 1023
28 1127
10 1077
28 1123
29 1084
29 1061
25 1113
27 1373
17 1292
20 1166
12 1483
12 1475
18 1204
13 1358
23 1466
19 1235
21 1422
23 1356
14 1346
21 1236
15 1194
24 1218
17 1148
12 1016
29 1337
28 1047
21 1235
10 1092
27 1176
20 1469
12 1374
25 1429
25 1478
11 1187
16 1304
12 1192
23 1342
22 1073
25 1394
10 1288
15 1109
11 1291
11 1344
25 1074
29 1212
28 1060
10 1055
27 1219
16 1348
13 1412
15 1349
28 1002
28 1371
24 1410
25 1469
17 1167
11 1384
14 1377
19 1245
29 1385
14 1032
23 1395
20 1392
26 1210
14 1190
16 1221
24 1098
27 1156
11 1355
27 1009
19 1399
18 1023
24 1439
28 1130
26 1409
28 1191
20 1149
14 1237
15 1282
13 1101
18 1421
14 1492
18 1125
18 1277
29 1058
13 1222
10 1189
18 1356
10 1425
19 1416
15 1357
28 1425
10 1313
17 1052
20 1238
16 1189
19 1422
15 1104
11 1137
16 1405
27 1174
18 1030
16 1269
23 1332
15 1186
11 1311
28 1434
14 1386
11 1309
22 1060
18 1031
11 1476
22 1294
22 1420
18 1095
24 1341
27 1222
10 1038
11 1232
18 1293
10 1132
16 1011
18 1454
27 1161
27 1182
15 1239
20 1364
23 1080
29 1232
18 1434
29 1151
15 1451
21 1213
15 1234
13 1052
28 1188
18 1379
16 1499
22 1081
11 1464
10 1409
16 1413
22 1457
27 1082
21 1119
23 1388
14 1160
26 1299
18 1196
17 1156
14 1245
20 1196
22 1232
23 1073
13 1181
27 1495
17 1010
21 1080
10 1447
12 1160
10 1460
11 1266
24 1032
29 1169
27 1184
19 1117
26 1490
17 1168
25 1237
19 1324
13 1119
17 1193
29 1166
15 1382
25 1300
26 1087
12 1063
16 1118
16 1385
13 1243
14 1413
18 1325
19 1333
29 1218
26 1281
23 1419
27 1434
16 1097
22 1314
18 1285
24 1276
16 1199
14 1034
28 1441
19 1161
22 1212
13 1474
10 1478
25 1063
22 1382
24 1186
17 1247
22 1266
19 1408
29 1231
13 1321
28 1016
17 1495
23 1347
25 1033
19 1489
16 1210
25 1190
12 1361
19 1042
26 1177
18 1337
22 1373
16 1289
10 1498
20 1446
29 1226
27 1049
27 1180
29 1171
17 1293
20 1162
12 1260
22 1391
26 1143
25 1443
12 1284
29 1206
26 1308
19 1212
13 1121
28 1301
21 1348
18 1180
24 1421
28 1093
24 1454
23 1442
14 1255
29 1172
26 1406
24 1182
12 1487
20 1256
29 1008
16 1481
26 1217
27 1262
16 1366
11 1394
25 1005
22 1165
11 1385
15 1304
15 1280
10 1319
25 1403
11 1349
27 1278
28 1245
27 1220
14 1300
10 1088
13 1132
27 1278
17 1056
22 1074
21 1451
13 1370
16 1242
25 1409
18 1200
13 1491
17 1089
15 1087
19 1031
13 1280
12 1280
23 1307
22 1144
11 1361
26 1021
19 1432
19 1307
27 1098
27 1323
24 1313
12 1424
19 1334
11 1479
29 1237
26 1092
24 1188
10 1436
24 1178
23 1123
22 1075
13 1305
25 1493
12 1158
24 1339
26 1114
26 1139
21 1365
15 1464
15 1373
19 1288
19 1090
26 1295
15 1318
12 1437
23 1287
23 1344
29 1043
28 1195
17 1426
10 1480
27 1256
10 1066
29 1035
11 1084
11 1267
27 1055
15 1416
16 1104
24 1491
17 1397
10 1266
27 1241
26 1113
15 1105
17 1079
11 1031
27 1317
18 1185
25 1231
28 1489
26 1061
27 1324
22 1085
14 1272
18 1495
11 1411
25 1076
22 1265
19 1022
13 1052
13 1417
28 1489
20 1120
14 1050
26 1133
28 1226
21 1329
11 1389
26 1295
12 1247
22 1242
18 1488
16 1417
22 1043
22 1315
28 1284
23 1391
29 1342
11 1332
29 1463
23 1056
10 1065
22 1336
17 1187
22 1247
25 1007
19 1071
14 1317
19 1190
24 1426
26 1410
21 1037
14 1279
15 1234
13 1430
11 1105
20 1462
22 1037
14 1253
10 1381
24 1162
25 1320
25 1266
21 1350
25 1233
11 1477
12 1290
10 1185
28 1198
17 1171
17 1401
18 1072
25 1123
23 1052
16 1011
12 1005
24 1411
17 1064
15 1237
10 1247
16 1479
14 1029
20 1248
28 1308
15 1242
16 1343
24 1279
28 1379
25 1032
11 1324
29 1255
16 1094
14 1211
27 1400
18 1213
21 1069
21 1170
15 1022
15 1198
10 1298
22 1477
12 1459
19 1260
21 1258
21 1077
13 1256
18 1470
22 1265
28 1386
19 1269
20 1329
22 1220
15 1278
25 1273
20 1126
29 1226
10 1069
15 1175
14 1288
29 1439
23 1321
26 1193
14 1062
16 1340
26 1254
11 1177
18 1074
10 1073
19 1461
25 1430
25 1065
28 1368
20 1050
18 1450
15 1011
22 1027
20 1427
10 1425
20 1297
28 1376
17 1263
16 1127
18 1223
13 1451
11 1098
16 1058
27 1196
21 1364
14 1248
17 1407
24 1028
13 1429
19 1154
27 1490
15 1184
17 1283
28 1223
21 1229
25 1069
25 1208
25 1445
25 1372
20 1172
29 1023
19 1000
27 1087
19 1235
14 1497
16 1324
16 1058
21 1474
12 1283
27 1219
24 1242
18 1431
26 1475
27 1116
28 1220
14 1139
25 1278
15 1153
22 1238
22 1097
18 1138
16 1310
17 1145
10 1429
17 1058
21 1052
22 1071
25 1123
19 1153
11 1303
14 1438
10 1241
24 1276
14 1414
18 1246
16 1093
17 1330
27 1310
21 1197
19 1280
10 1208
27 1063
21 1344
11 1114
21 1388
29 1030
27 1377
23 1094
21 1109
28 1455
19 1333
17 1228
25 1382
23 1390
25 1437
25 1342
22 1012
18 1242
20 1431
17 1182
12 1229
28 1044
19 1109
20 1131
10 1318
19 1154
28 1009
28 1189
13 1340
13 1061
22 1230
19 1457
14 1147
26 1008
10 1024
21 1122
15 1454
28 1075
10 1090
17 1405
22 1030
28 1357
28 1337
16 1196
23 1339
27 1321
28 1423
16 1336
12 1131
27 1383
19 1485
22 1487
27 1094
29 1467
16 1437
21 1007
19 1476
14 1323
15 1478
13 1326
19 1083
16 1450
22 1408
13 1192
29 1061
21 1423
16 1271
16 1038
27 1306
19 1245
10 1082
13 1495
22 1286
19 1252
12 1343
19 1286
16 1083
20 1012
16 1477
29 1166
19 1445
28 1316
17 1153
22 1416
24 1421
28 1048
28 1479
14 1282
14 1435
28 1207
11 1111
25 1356
13 1295
16 1466
29 1329
18 1419
22 1345
20 1098
23 1237
10 1144
10 1479
15 1264
12 1220
17 1068
22 1287
24 1014
18 1135
14 1114
10 1461
28 1255
21 1414
17 1156
23 1327
17 1045
18 1147
18 1456
29 1335
10 1438
23 1070
21 1196
12 1238
27 1153
28 1428
17 1129
13 1420
10 1034
23 1037
12 1199
23 1315
27 1170
16 1299
10 1036
15 1348
27 1025
23 1082
16 1298
21 1244
13 1046
14 1062
14 1204
19 1338
27 1017
20 1174
14 1259
18 1241
19 1194
16 1007
18 1120
20 1130
11 1075
15 1411
17 1115
20 1299
28 1046
11 1459
17 1190
10 1247
29 1341
25 1423
18 1465
11 1273
10 1431
18 1046
24 1344
10 1246
20 1452
24 1040
18 1056
28 1142
12 1113
19 1089
11 1106
15 1313
19 1150
16 1446
22 1201
27 1390
24 1134
28 1207
26 1462
15 1402
16 1015
26 1110
27 1042
14 1361
14 1060
10 1097
14 1338
21 1445
28 1498
13 1310
22 1395
20 1418
20 1056
10 1059
17 1488
29 1123
14 1385
13 1148
16 1111
20 1092
16 1446
28 1491
22 1384
28 1427
13 1442
13 1422
27 1051
20 1063
14 1157
10 1085
12 1322
21 1479
16 1147
10 1153
17 1469
13 1308
18 1158
13 1183
10 1229
15 1286
14 1040
25 1414
20 1242
20 1175
22 1356
23 1440
23 1156
18 1421
10 1115
19 1270
14 1308
19 1490
24 1120
27 1427
25 1438
29 1478
18 1412
19 1429
22 1335
23 1176
19 1298
19 1425
20 1272
16 1013
13 1152
19 1438
27 1228
21 1427
26 1040
19 1025
16 1215
22 1057
10 1212
23 1117
29 1430
10 1375
15 1393
27 1075
23 1075
14 1416
16 1152
16 1301
15 1141
11 1010
14 1261
29 1163
11 1201
10 1205
25 1380
11 1029
15 1456
15 1175
19 1151
26 1242
17 1249
24 1023
20 1389
26 1031
29 1317
19 1335
29 1407
29 1118
14 1383
26 1222
28 1028
25 1187
15 1306
29 1302
25 1349
24 1349
23 1365
19 1174
15 1408
19 1130
17 1383
12 1319
10 1332
11 1179
10 1370
11 1475
15 1152
17 1148
16 1360
16 1468
21 1446
18 1002
22 1362
14 1023
17 1487
15 1403
29 1099
15 1368
24 1139
13 1163
26 1108
11 1143
28 1103
28 1135
27 1197
29 1481
22 1206
24 1334
27 1267
13 1426
12 1311
13 1400
15 1364
21 1186
26 1352
27 1293
21 1465
16 1107
13 1442
19 1249
14 1309
19 1163
24 1192
17 1173
24 1182
29 1312
23 1341
25 1268
27 1262
20 1273
10 1328
26 1188
22 1183
23 1114
24 1389
25 1252
28 1017
14 1414
28 1157
16 1440
18 1107
10 1412
17 1215
22 1071
27 1043
23 1281
19 1319
13 1236
18 1143
24 1199
11 1448
20 1346
15 1352
17 1141
15 1277
18 1278
17 1300
14 1473
24 1278
27 1051
24 1425
23 1223
25 1045
15 1332
19 1492
19 1253
15 1081
12 1360
15 1471
20 1490
17 1130
29 1146
19 1443
19 1226
16 1305
20 1436
20 1047
27 1293
20 1345
11 1387
20 1048
13 1396
15 1112
26 1118
16 1348
15 1475
11 1017
28 1077
21 1269
28 1054
25 1108
15 1222
24 1136
23 1337
16 1109
16 1129
16 1319
29 1002
16 1043
11 1098
20 1034
16 1202
25 1382
14 1234
14 1174
10 1442
12 1260
15 1217
18 1436
17 1460
14 1238
18 1331
27 1150
23 1333
21 1233
17 1146
24 1124
29 1159
26 1130
22 1280
16 1272
11 1194
28 1410
12 1188
19 1389
11 1223
15 1208
10 1019
11 1409
12 1439
11 1036
19 1308
18 1433
18 1082
17 1219
21 1252
19 1439
27 1242
27 1395
22 1213
23 1478
24 1237
16 1056
18 1239
25 1476
18 1421
22 1233
28 1177
13 1415
15 1077
23 1327
20 1074
16 1283
10 1093
17 1000
14 1495
20 1288
29 1325
15 1257
22 1097
20 1002
22 1342
16 1398
14 1196
11 1193
27 1234
25 1289
16 1389
27 1427
23 1298
10 1396
28 1470
11 1278
21 1422
27 1487
12 1097
27 1264
11 1079
27 1164
11 1161
13 1369
27 1390
11 1173
23 1294
13 1469
11 1453
10 1249
19 1484
24 1033
23 1200
11 1291
13 1033
29 1183
29 1423
16 1010
15 1379
19 1161
21 1172
29 1055
14 1296
27 1363
21 1376
24 1494
29 1267
13 1428
24 1222
20 1472
24 1064
22 1042
21 1178
17 1485
28 1008
28 1405
23 1343
21 1028
25 1109
26 1084
13 1247
14 1181
17 1072
26 1062
12 1232
18 1019
21 1269
21 1495
23 1125
14 1383
24 1255
12 1371
17 1383
11 1482
22 1071
26 1459
11 1374
16 1110
16 1343
29 1488
19 1020
20 1045
17 1093
25 1395
20 1269
14 1063
25 1128
28 1128
13 1441
23 1474
14 1050
14 1015
17 1246
22 1458
14 1263
22 1100
15 1163
14 1063
24 1108
29 1300
12 1235
16 1286
11 1357
21 1248
11 1319
14 1179
19 1039
27 1189
19 1081
13 1162
18 1146
14 1398
18 1390
14 1058
17 1355
25 1285
17 1462
28 1305
18 1004
24 1300
20 1090
21 1074
28 1233
28 1061
27 1241
15 1368
20 1136
28 1458
15 1034
10 1219
16 1298
18 1284
29 1381
20 1375
16 1261
22 1497
29 1151
19 1015
11 1223
29 1057
21 1114
27 1475
18 1265
12 1377
22 1019
18 1124
23 1082
18 1263
19 1259
24 1463
26 1095
28 1316
10 1160
22 1298
24 1007
10 1398
22 1198
23 1262
29 1104
29 1183
29 1295
19 1435
13 1416
12 1296
26 1153
22 1370
12 1380
18 1096
11 1301
17 1082
25 1238
20 1029
27 1065
18 1031
26 1189
26 1091
26 1386
23 1095
29 1443
28 1105
27 1300
10 1046
29 1367
28 1499
22 1135
25 1028
22 1433
11 1419
26 1259
20 1113
12 1150
23 1122
11 1033
10 1259
19 1044
16 1485
27 1270
21 1110
25 1286
15 1387
23 1245
25 1032
19 1160
16 1385
20 1177
17 1496
25 1434
13 1243
16 1235
16 1310
20 1317
12 1409
25 1105
11 1067
23 1285
16 1347
21 1216
13 1382
14 1013
25 1498
29 1065
18 1021
12 1288
21 1125
25 1466
21 1224
20 1362
27 1449
13 1447
18 1273
28 1210
28 1203
20 1087
21 1371
24 1128
22 1201
28 1481
26 1407
16 1223
25 1159
19 1003
24 1286
15 1349
12 1251
24 1317
11 1066
17 1366
21 1166
29 1495
29 1070
27 1375
17 1127
24 1186
25 1385
26 1397
28 1132
21 1174
19 1077
16 1103
22 1453
17 1327
11 1319
24 1189
14 1322
29 1485
21 1212
11 1246
18 1141
15 1377
11 1194
14 1149
19 1140
14 1042
19 1200
17 1328
24 1350
27 1017
15 1055
11 1304
18 1424
19 1341
20 1191
22 1372
20 1039
27 1492
28 1039
24 1070
27 1022
21 1018
21 1102
17 1214
19 1395
19 1136
15 1133
13 1033
18 1422
25 1147
14 1464
18 1152
18 1082
29 1021
21 1124
10 1074
13 1080
19 1048
17 1239
24 1330
24 1166
29 1289
21 1170
10 1029
15 1122
12 1076
21 1143
29 1128
10 1359
20 1227
27 1198
14 1235
10 1173
10 1267
11 1434
14 1165
11 1455
22 1105
26 1427
23 1126
11 1458
29 1080
25 1164
13 1074
22 1162
18 1041
14 1448
11 1209
17 1154
20 1267
20 1188
22 1439
15 1001
22 1266
10 1021
25 1016
14 1449
28 1046
19 1185
15 1222
28 1432
10 1143
26 1338
14 1327
21 1275
11 1115
28 1260
27 1239
15 1197
12 1333
11 1246
25 1185
29 1454
28 1459
13 1282
11 1415
29 1469
18 1393
21 1196
28 1452
15 1169
18 1311
11 1253
18 1241
25 1306
21 1127
20 1491
10 1219
25 1416
25 1179
25 1447
19 1490
15 1154
26 1045
17 1294
22 1453
11 1341
12 1315
23 1262
25 1235
29 1458
16 1430
17 1458
10 1455
27 1209
25 1424
28 1347
17 1122
23 1435
17 1497
27 1170
15 1101
27 1240
25 1186
24 1400
15 1273
29 1436
23 1451
17 1243
16 1462
26 1021
23 1437
18 1031
27 1285
13 1080
21 1469
22 1496
20 1156
27 1449
26 1018
16 1320
22 1110
22 1278
27 1485
24 1117
19 1027
23 1469
13 1280
12 1162
13 1107
13 1156
21 1396
27 1116
14 1207
24 1489
12 1006
11 1184
27 1490
15 1365
29 1014
12 1308
15 1264
14 1430
29 1367
29 1064
14 1303
17 1223
23 1480
25 1429
17 1316
12 1088
20 1378
28 1248
10 1261
13 1292
28 1226
27 1372
14 1046
19 1326
17 1291
13 1124
10 1156
25 1297
17 1254
11 1075
25 1353
25 1417
25 1496
22 1128
15 1054
18 1037
21 1271
11 1147
13 1477
16 1488
19 1175
11 1349
20 1262
17 1320
29 1299
22 1363
14 1137
11 1255
16 1484
29 1470
24 1165
12 1119
24 1224
26 1325
25 1491
24 1133
20 1001
17 1455
19 1075
17 1418
26 1041
11 1168
17 1098
26 1081
23 1371
16 1436
11 1449
11 1410
17 1312
12 1363
25 1007
26 1026
19 1470
14 1068
13 1115
27 1052
12 1187
15 1217
18 1270
16 1095
20 1203
17 1061
25 1031
21 1306
16 1358
26 1293
14 1280
17 1165
26 1490
18 1388
11 1163
20 1296
18 1269
21 1366
17 1454
18 1110
14 1440
14 1403
10 1200
28 1183
13 1191
22 1046
13 1149
18 1219
23 1113
20 1176
24 1051
29 1085
12 1076
21 1298
10 1497
28 1366
16 1394
13 1147
21 1237
20 1099
10 1237
26 1464
10 1012
11 1486
29 1136
15 1122
15 1460
22 1416
20 1240
11 1390
24 1333
12 1283
17 1214
21 1444
13 1284
22 1464
29 1473
18 1022
15 1436
20 1166
22 1001
13 1385
14 1043
19 1408
25 1411
21 1499
12 1210
12 1147
27 1415
12 1341
10 1108
24 1117
12 1352
13 1134
14 1336
24 1329
14 1141
15 1140
14 1312
24 1223
24 1098
14 1057
14 1377
18 1192
10 1001
21 1292
15 1437
29 1123
16 1167
12 1144
11 1214
28 1060
20 1033
24 1085
11 1024
18 1048
16 1301
28 1047
12 1198
11 1151
29 1072
28 1269
11 1020
22 1317
18 1171
13 1083
20 1073
28 1377
27 1289
11 1453
10 1112
27 1367
20 1201
27 1136
26 1020
21 1410
25 1128
18 1478
12 1336
12 1463
24 1325
13 1263
15 1171
20 1427
20 1212
11 1276
21 1425
17 1298
29 1027
19 1098
18 1358
19 1107
24 1471
15 1438
27 1233
19 1119
11 1130
29 1066
23 1272
26 1458
13 1390
18 1471
27 1193
13 1072
23 1390
20 1060
18 1006
11 1375
27 1095
26 1425
27 1358
18 1141
27 1261
24 1400
20 1018
19 1206
28 1186
29 1318
11 1479
21 1475
23 1191
25 1021
12 1244
13 1422
11 1050
16 1154
16 1005
18 1098
21 1103
19 1390
12 1389
21 1354
28 1327
12 1123
27 1237
14 1121
10 1054
16 1146
17 1140
24 1025
12 1365
12 1435
16 1350
19 1250
24 1128
17 1249
13 1355
21 1114
14 1074
25 1048
28 1363
19 1169
17 1426
16 1368
18 1095
14 1271
23 1188
27 1301
26 1366
11 1288
11 1423
20 1129
26 1125
25 1140
27 1481
14 1157
28 1417
15 1117
21 1281
18 1105
11 1442
14 1408
13 1438
17 1243
26 1120
23 1135
27 1194
17 1175
27 1155
23 1441
18 1394
23 1277
13 1272
11 1203
11 1499
21 1485
24 1464
10 1433
12 1193
11 1412
19 1400
11 1056
12 1251
17 1294
18 1425
21 1197
19 1113
28 1367
12 1452
19 1271
25 1492
24 1069
12 1131
27 1184
23 1130
22 1105
10 1434
13 1036
22 1157
14 1349
22 1253
28 1123
29 1479
21 1271
17 1338
28 1216
28 1398
26 1273
25 1162
22 1377
15 1223
19 1284
19 1368
28 1406
23 1121
20 1096
11 1314
11 1407
10 1158
13 1173
14 1145
28 1490
16 1488
26 1329
23 1113
19 1105
20 1428
23 1237
23 1133
12 1043
25 1189
15 1154
18 1396
29 1212
11 1432
26 1047
29 1468
13 1045
14 1135
14 1201
26 1390
14 1172
25 1113
14 1337
28 1187
12 1042
12 1273
16 1468
14 1338
25 1396
24 1461
18 1132
19 1365
18 1204
23 1320
12 1222
18 1143
14 1149
10 1386
13 1189
24 1317
28 1258
12 1479
25 1092
20 1498
23 1464
23 1365
15 1085
16 1498
11 1460
16 1004
17 1411
17 1466
19 1455
29 1160
12 1442
12 1322
28 1196
11 1353
17 1476
23 1221
29 1383
22 1239
11 1371
25 1311
19 1083
10 1010
19 1131
20 1112
23 1037
10 1473
17 1394
18 1490
26 1123
10 1405
17 1192
17 1464
25 1322
17 1430
26 1459
28 1373
17 1120
12 1335
15 1067
13 1256
23 1349
15 1050
23 1286
28 1261
13 1461
10 1479
27 1161
15 1192
29 1221
29 1052
23 1248
13 1084
16 1222
26 1135
25 1336
13 1188
17 1415
29 1225
26 1265
27 1193
22 1005
11 1334
10 1241
22 1485
15 1357
16 1426
24 1124
22 1415
25 1140
23 1364
15 1083
18 1451
18 1387
23 1451
18 1226
23 1302
26 1086
20 1338
19 1227
17 1120
22 1325
15 1428
28 1175
14 1189
27 1339
27 1211
23 1023
29 1021
11 1217
11 1111
17 1460
21 1316
14 1340
21 1457
20 1037
18 1109
14 1295
25 1270
12 1492
19 1278
16 1488
20 1353
26 1461
13 1035
16 1254
17 1484
17 1343
18 1103
11 1124
18 1082
14 1404
21 1057
14 1097
25 1183
15 1404
29 1253
13 1126
10 1260
27 1380
26 1249
11 1395
18 1475
12 1436
20 1216
20 1189
15 1010
22 1470
25 1227
15 1339
13 1055
26 1255
27 1464
28 1497
16 1056
16 1416
21 1411
20 1203
25 1430
28 1141
14 1430
19 1482
10 1066
26 1047
19 1427
25 1095
27 1477
22 1405
29 1264
23 1490
25 1297
19 1480
16 1384
26 1396
16 1472
13 1295
28 1278
11 1060
12 1448
25 1485
14 1078
21 1485
16 1304
28 1201
27 1366
16 1068
27 1020
29 1389
13 1400
15 1156
19 1332
18 1010
19 1061
20 1278
16 1248
11 1089
11 1307
25 1095
16 1019
17 1387
18 1396
10 1121
28 1220
26 1209
16 1401
17 1078
20 1365
23 1006
18 1389
15 1402
21 1001
27 1463
14 1174
26 1438
18 1150
27 1168
15 1178
22 1359
22 1430
14 1182
28 1360
26 1194
21 1296
28 1468
13 1358
21 1192
25 1462
26 1375
21 1144
21 1128
23 1337
11 1096
19 1137
22 1424
18 1177
23 1474
22 1425
16 1345
17 1045
19 1241
15 1283
14 1292
28 1053
18 1414
14 1161
16 1438
25 1133
18 1372
16 1338
22 1356
29 1074
22 1314
12 1122
26 1486
27 1470
19 1357
28 1379
26 1364
11 1190
12 1067
24 1360
12 1459
14 1152
16 1106
14 1297
15 1423
10 1231
17 1379
11 1138
13 1395
13 1082
20 1216
17 1188
24 1039
15 1044
23 1357
19 1066
11 1119
15 1361
27 1177
25 1482
10 1068
20 1006
13 1448
26 1094
26 1375
14 1364
25 1381
22 1353
14 1261
29 1361
12 1499
20 1412
12 1215
24 1321
11 1496
22 1359
15 1217
13 1329
29 1287
17 1144
17 1137
20 1455
18 1366
10 1068
12 1009
22 1290
24 1491
25 1057
21 1485
29 1353
24 1068
14 1268
11 1271
14 1242
19 1030
28 1292
18 1438
10 1490
13 1046
15 1114
17 1373
25 1367
16 1137
23 1307
19 1276
28 1284
13 1109
17 1080
20 1167
23 1331
13 1186
29 1195
15 1008
16 1456
19 1197
27 1088
13 1258
23 1387
17 1140
12 1347
12 1126
24 1307
16 1365
16 1480
19 1490
18 1182
19 1177
20 1137
21 1471
17 1393
11 1498
19 1226
13 1041
14 1099
15 1068
25 1017
27 1453
21 1162
23 1162
28 1189
26 1064
20 1487
14 1164
19 1441
29 1145
11 1404
21 1200
14 1104
25 1114
15 1360
25 1157
18 1399
20 1187
27 1362
15 1079
16 1178
20 1096
27 1303
12 1460
27 1149
21 1140
13 1076
15 1220
26 1203
26 1437
26 1447
22 1368
17 1351
23 1154
19 1285
14 1428
12 1321
15 1050
24 1113
18 1382
27 1305
15 1223
18 1435
24 1332
16 1446
27 1039
25 1172
22 1186
22 1365
22 1151
26 1436
27 1440
11 1107
29 1283
24 1461
12 1285
17 1179
26 1319
14 1473
21 1197
11 1466
23 1462
23 1246
13 1105
10 1178
18 1267
20 1399
24 1419
11 1087
23 1429
29 1398
14 1389
14 1235
29 1400
11 1249
28 1208
21 1162
21 1085
27 1458
13 1325
12 1405
10 1279
15 1190
10 1288
10 1232
11 1220
23 1471
24 1298
23 1106
27 1164
22 1187
20 1463
29 1369
13 1103
28 1313
25 1240
19 1018
14 1396
16 1197
21 1353
29 1348
11 1146
16 1128
14 1370
18 1140
14 1242
11 1052
14 1350
29 1451
18 1247
15 1103
21 1139
11 1009
27 1120
16 1083
11 1242
20 1082
19 1265
10 1450
23 1015
27 1104
19 1461
19 1125
17 1226
16 1095
10 1249
27 1174
26 1109
14 1328
18 1363
19 1305
12 1397
28 1290
19 1113
20 1393
11 1001
28 1357
29 1421
16 1391
29 1221
27 1151
28 1349
16 1120
28 1424
21 1419
19 1065
18 1135
29 1470
18 1085
23 1477
23 1149
26 1416
13 1217
12 1174
12 1400
25 1351
25 1178
14 1211
10 1217
18 1284
20 1432
11 1374
14 1241
24 1042
12 1471
14 1484
12 1208
19 1293
21 1335
11 1409
18 1213
18 1042
14 1242
27 1219
29 1462
25 1412
24 1334
27 1470
21 1220
12 1038
13 1462
28 1172
26 1408
19 1108
29 1459
11 1360
10 1078
26 1319
16 1455
29 1388
18 1453
28 1106
19 1488
11 1029
29 1134
16 1050
14 1110
23 1201
16 1167
17 1176
26 1486
17 1166
16 1028
17 1006
23 1194
10 1245
24 1074
28 1301
18 1272
17 1036
19 1490
27 1483
27 1121
22 1315
10 1434
28 1455
24 1284
19 1135
15 1218
11 1004
27 1056
18 1324
28 1051
22 1316
28 1215
25 1091
29 1200
19 1092
20 1483
21 1362
29 1243
24 1426
12 1087
11 1240
20 1012
27 1464
12 1370
26 1162
17 1400
25 1191
27 1249
22 1496
19 1073
18 1403
29 1283
12 1175
23 1485
18 1462
23 1377
12 1382
13 1283
19 1205
10 1275
14 1230
20 1116
14 1485
12 1206
27 1361
16 1069
25 1389
23 1424
19 1300
11 1066
23 1297
21 1495
27 1410
20 1052
16 1223
26 1208
24 1199
13 1065
23 1272
13 1021
11 1105
20 1079
27 1496
25 1390
24 1112
11 1234
23 1483
18 1120
12 1075
14 1323
29 1043
20 1099
24 1319
28 1287
21 1307
13 1114
22 1313
20 1251
19 1447
18 1317
29 1158
21 1310
11 1346
24 1196
28 1076
20 1035
20 1313
17 1121
21 1338
19 1070
19 1049
26 1350
22 1299
29 1306
12 1260
17 1027
17 1205
22 1345
22 1409
10 1311
11 1020
24 1292
24 1199
13 1199
18 1204
10 1165
28 1412
21 1302
16 1031
23 1412
10 1098
20 1266
20 1058
14 1306
23 1434
22 1268
25 1138
17 1199
14 1353
25 1050
21 1173
21 1073
15 1319
22 1259
13 1143
19 1389
15 1108
19 1169
13 1341
22 1074
14 1171
23 1373
21 1388
17 1089
12 1039
26 1104
25 1378
14 1086
12 1323
23 1424
23 1266
18 1012
26 1136
22 1276
25 1259
12 1247
12 1130
25 1452
27 1481
11 1453
21 1019
14 1302
14 1447
17 1469
25 1351
12 1490
24 1319
13 1161
16 1230
28 1038
10 1016
29 1391
11 1152
14 1023
22 1084
26 1188
18 1426
18 1309
21 1451
28 1295
16 1335
18 1340
24 1052
22 1379
23 1169
25 1079
28 1361
23 1330
25 1254
18 1337
17 1006
22 1030
22 1068
15 1373
21 1175
20 1372
11 1063
26 1188
22 1059
27 1024
29 1389
13 1293
16 1041
23 1308
21 1188
12 1477
10 1462
21 1166
23 1231
16 1425
13 1230
27 1241
25 1371
10 1223
23 1385
24 1148
10 1215
15 1024
18 1323
12 1022
23 1158
10 1471
16 1161
29 1237
16 1245
25 1113
26 1114
21 1401
14 1324
10 1235
19 1026
14 1148
13 1307
26 1410
19 1094
10 1417
13 1268
18 1033
24 1336
17 1326
16 1164
25 1198
25 1428
28 1031
23 1290
13 1380
27 1021
25 1173
10 1269
14 1207
11 1151
28 1386
10 1022
17 1249
21 1074
27 1018
15 1204
19 1420
21 1280
23 1076
22 1317
24 1074
15 1496
11 1328
25 1164
12 1368
13 1117
17 1164
19 1336
22 1315
13 1419
25 1487
13 1086
14 1015
22 1303
10 1496
20 1241
14 1199
11 1469
27 1425
27 1369
21 1005
15 1349
13 1162
17 1028
29 1065
29 1339
25 1112
10 1270
13 1112
21 1291
25 1145
15 1427
26 1238
16 1266
26 1165
17 1203
15 1084
23 1095
24 1195
26 1448
10 1379
28 1147
21 1319
23 1203
25 1094
13 1116
14 1148
26 1017
25 1046
28 1437
19 1033
17 1483
23 1227
15 1154
15 1200
15 1292
20 1388
24 1295
17 1428
17 1203
27 1321
19 1336
20 1367
13 1458
23 1389
17 1296
28 1370
24 1142
25 1077
16 1056
10 1060
13 1154
16 1359
12 1189
28 1009
21 1440
17 1376
19 1269
22 1370
19 1244
22 1235
29 1465
29 1365
23 1162
26 1305
14 1046
16 1007
10 1069
28 1095
22 1186
18 1070
11 1085
27 1328
17 1245
27 1410
22 1052
17 1079
10 1008
13 1316
21 1339
29 1133
26 1247
17 1384
25 1121
18 1213
27 1153
13 1277
16 1346
11 1497
20 1468
10 1299
28 1486
14 1172
24 1227
12 1017
22 1166
13 1092
27 1337
27 1463
25 1278
20 1340
10 1381
26 1146
13 1174
26 1411
21 1395
21 1123
15 1285
15 1197
25 1349
17 1322
17 1371
13 1362
16 1345
24 1135
11 1080
26 1471
18 1015
17 1297
17 1249
12 1052
10 1122
12 1046
28 1214
15 1039
23 1035
29 1475
25 1251
13 1441
27 1465
12 1290
24 1007
26 1383
15 1446
10 1177
17 1411
23 1190
25 1186
18 1484
10 1305
17 1327
10 1058
25 1230
28 1492
16 1005
24 1112
10 1240
29 1334
22 1346
12 1493
12 1273
26 1166
14 1107
21 1315
23 1333
19 1450
23 1234
11 1361
29 1087
15 1457
25 1328
23 1264
24 1046
14 1263
29 1159
19 1114
24 1239
11 1406
17 1040
24 1071
10 1164
12 1356
29 1069
17 1464
20 1476
15 1404
22 1024
10 1434
26 1028
16 1044
11 1246
26 1023
29 1143
23 1157
26 1003
11 1289
16 1296
14 1149
29 1063
12 1457
23 1324
22 1175
19 1365
15 1317
10 1336
12 1214
10 1405
16 1277
28 1355
19 1261
19 1371
14 1179
12 1443
22 1370
11 1181
20 1180
22 1303
23 1496
15 1220
29 1352
20 1428
15 1169
18 1397
13 1493
12 1291
15 1199
24 1424
23 1320
28 1099
13 1235
19 1042
17 1328
19 1382
23 1097
27 1251
15 1062
28 1302
16 1282
12 1113
11 1451
21 1124
27 1123
28 1011
23 1153
26 1056
27 1414
17 1359
26 1433
17 1439
13 1408
16 1498
25 1233
12 1166
29 1353
24 1412
21 1182
28 1103
27 1400
13 1101
17 1324
12 1262
27 1286
25 1249
16 1275
11 1329
15 1123
10 1044
10 1048
20 1299
21 1224
25 1222
10 1029
10 1071
28 1185
10 1150
14 1230
14 1320
25 1331
27 1385
16 1207
28 1491
23 1278
10 1112
28 1364
11 1448
27 1188
18 1056
17 1396
27 1090
24 1172
20 1441
26 1027
18 1275
20 1377
12 1250
18 1144
10 1074
26 1451
11 1425
26 1036
25 1320
29 1375
14 1070
28 1337
23 1243
27 1043
29 1273
25 1470
18 1026
27 1293
24 1225
27 1480
18 1098
29 1407
13 1344
14 1155
29 1379
10 1195
10 1402
17 1160
15 1248
23 1176
28 1270
13 1090
28 1490
18 1389
27 1215
28 1425
12 1383
13 1167
18 1267
26 1182
23 1317
24 1324
13 1248
13 1299
15 1185
23 1490
12 1103
15 1171
22 1480
12 1078
13 1092
21 1156
15 1101
10 1029
28 1201
21 1186
17 1051
27 1456
27 1307
23 1209
15 1123
20 1268
26 1353
21 1358
14 1341
22 1428
22 1449
23 1193
24 1130
20 1408
23 1324
14 1109
18 1271
10 1247
19 1437
23 1248
12 1244
17 1296
15 1449
23 1019
23 1193
25 1197
29 1061
24 1486
27 1209
13 1329
11 1362
25 1364
15 1463
27 1008
13 1468
18 1357
29 1043
29 1490
26 1443
14 1106
13 1426
26 1271
24 1436
22 1278
28 1193
12 1130
10 1365
17 1030
17 1213
13 1268
21 1128
13 1096
21 1328
29 1097
15 1332
21 1048
23 1184
10 1288
28 1444
22 1110
23 1204
29 1157
20 1456
26 1232
19 1479
14 1123
17 1234
21 1428
17 1277
13 1258
18 1376
15 1016
19 1310
14 1294
17 1126
28 1358
21 1028
13 1392
13 1320
10 1294
16 1348
14 1364
19 1331
15 1262
17 1223
19 1182
17 1085
15 1245
10 1050
19 1425
23 1204
13 1178
14 1070
12 1047
27 1074
22 1021
21 1141
24 1463
19 1072
13 1296
21 1096
23 1332
20 1259
29 1416
29 1228
18 1468
22 1430
14 1238
14 1321
15 1180
23 1418
21 1223
26 1200
16 1108
14 1013
18 1301
15 1415
26 1147
23 1091
19 1051
12 1283
20 1336
17 1354
28 1493
28 1372
11 1358
13 1193
21 1095
23 1412
14 1007
19 1252
11 1197
25 1021
17 1223
23 1191
29 1017
13 1495
10 1223
11 1291
17 1177
20 1266
13 1199
28 1184
17 1322
13 1236
19 1187
17 1469
22 1095
25 1336
18 1348
13 1380
15 1208
12 1144
19 1381
12 1159
27 1326
10 1401
17 1213
19 1363
20 1148
18 1453
25 1470
15 1187
23 1244
24 1183
25 1360
28 1135
14 1219
14 1229
13 1037
13 1061
28 1410
12 1195
21 1071
23 1188
11 1125
19 1411
15 1120
12 1051
29 1173
13 1066
25 1302
27 1087
23 1327
15 1032
23 1430
18 1202
12 1449
26 1124
19 1314
10 1309
13 1148
10 1297
25 1414
28 1056
11 1237
24 1074
11 1322
25 1144
29 1147
10 1093
22 1243
18 1071
22 1273
14 1101
20 1324
14 1311
22 1383
16 1024
17 1135
29 1434
28 1270
27 1170
26 1182
25 1268
27 1475
18 1081
11 1444
21 1469
22 1025
10 1068
21 1352
20 1482
25 1411
25 1030
14 1067
25 1348
23 1322
22 1462
13 1139
11 1311
12 1217
17 1116
25 1427
23 1187
10 1378
29 1171
19 1297
24 1439
28 1400
22 1125
27 1481
18 1231
20 1021
18 1046
27 1111
18 1193
11 1031
12 1292
28 1013
24 1230
11 1382
12 1187
16 1143
26 1037
24 1032
18 1054
10 1476
28 1400
28 1082
14 1326
19 1498
29 1102
29 1467
14 1269
26 1345
14 1380
10 1396
24 1201
16 1371
15 1261
22 1324
18 1337
21 1469
10 1381
29 1197
26 1267
29 1432
25 1446
10 1255
15 1389
27 1460
10 1206
18 1460
19 1174
24 1497
26 1282
17 1110
25 1491
21 1113
11 1146
17 1422
13 1062
17 1239
16 1387
28 1340
22 1212
25 1288
12 1409
10 1318
11 1288
21 1345
15 1398
12 1285
23 1081
23 1041
19 1130
23 1030
28 1157
10 1088
24 1218
12 1355
28 1452
14 1019
18 1047
26 1252
13 1402
23 1114
24 1472
16 1036
18 1117
26 1454
20 1268
19 1082
27 1054
12 1307
24 1468
13 1260
15 1227
13 1176
29 1372
18 1111
23 1153
10 1387
18 1212
21 1008
14 1138
18 1342
10 1153
24 1410
27 1337
23 1464
11 1460
26 1290
22 1459
26 1000
25 1281
22 1115
27 1217
13 1149
28 1453
12 1485
19 1321
24 1227
20 1426
28 1417
25 1408
11 1235
11 1428
22 1228
11 1241
20 1479
11 1116
16 1256
22 1275
26 1392
26 1479
29 1385
20 1298
25 1047
25 1016
10 1211
26 1121
28 1353
18 1290
15 1322
18 1410
15 1263
15 1194
20 1336
13 1201
27 1012
14 1155
11 1267
19 1086
16 1342
19 1351
29 1420
16 1047
29 1174
21 1217
13 1338
24 1060
25 1349
25 1392
13 1378
22 1188
23 1465
23 1244
15 1207
11 1054
29 1349
27 1350
27 1195
18 1328
19 1468
28 1402
25 1270
22 1499
13 1340
23 1078
22 1203
28 1167
19 1112
23 1307
24 1324
27 1308
11 1030
17 1185
22 1067
20 1088
19 1433
14 1065
21 1195
27 1085
14 1253
18 1090
19 1200
10 1450
24 1146
27 1385
24 1165
11 1395
29 1079
18 1417
25 1138
12 1108
21 1425
20 1139
22 1286
28 1044
27 1344
20 1286
20 1033
24 1327
17 1369
23 1181
13 1403
10 1230
11 1373
24 1244
12 1262
29 1369
19 1493
18 1188
20 1244
21 1034
27 1010
29 1069
23 1167
21 1304
29 1371
21 1152
16 1212
21 1416
16 1206
13 1029
14 1365
28 1307
11 1056
20 1018
13 1313
18 1022
19 1008
22 1275
22 1394
29 1335
13 1458
18 1073
10 1024
24 1277
24 1334
20 1376
29 1265
18 1089
28 1385
19 1456
10 1487
10 1272
21 1055
28 1211
27 1053
22 1210
18 1124
24 1405
26 1014
10 1442
22 1181
27 1402
29 1161
25 1164
27 1138
11 1428
21 1479
23 1344
19 1412
15 1308
26 1200
24 1434
17 1390
19 1345
18 1137
13 1174
22 1263
18 1047
21 1335
15 1052
18 1213
23 1031
25 1393
17 1160
29 1473
11 1385
15 1209
22 1267
24 1230
26 1389
14 1195
13 1415
20 1221
24 1457
12 1085
24 1471
19 1478
16 1116
24 1042
15 1091
23 1190
13 1361
26 1023
10 1034
13 1285
29 1397
22 1109
23 1423
12 1388
19 1073
25 1412
29 1489
12 1086
17 1083
15 1170
21 1320
28 1213
16 1092
13 1312
12 1167
15 1188
10 1212
12 1208
26 1109
28 1310
25 1354
15 1390
12 1271
27 1238
22 1252
25 1059
17 1124
11 1267
18 1380
24 1189
25 1355
10 1163
26 1012
26 1404
17 1068
14 1377
26 1302
14 1137
21 1063
14 1367
10 1285
18 1121
24 1148
29 1352
17 1238
20 1065
22 1160
17 1431
11 1419
19 1266
15 1352
10 1270
22 1362
23 1066
16 1169
23 1451
29 1350
16 1404
10 1493
14 1058
21 1048
24 1478
10 1449
29 1450
15 1465
11 1128
15 1146
16 1393
25 1264
20 1290
24 1447
21 1355
24 1443
29 1420
16 1272
10 1184
29 1274
28 1027
26 1252
11 1134
22 1339
11 1032
20 1416
19 1243
20 1217
25 1315
13 1051
21 1323
21 1059
25 1143
28 1085
10 1450
10 1462
18 1196
19 1389
16 1005
27 1199
23 1328
25 1345
16 1248
10 1304
27 1171
28 1060
24 1354
17 1464
22 1374
11 1485
27 1293
16 1405
26 1078
29 1388
23 1244
15 1452
21 1437
16 1360
14 1201
14 1419
20 1431
11 1199
10 1162
26 1499
26 1192
12 1360
12 1304
21 1396
13 1301
18 1433
14 1258
26 1034
26 1208
20 1047
23 1187
26 1382
28 1447
25 1034
11 1267
28 1204
17 1049
25 1245
29 1378
24 1153
19 1226
24 1285
15 1208
25 1374
19 1120
14 1188
16 1343
19 1250
18 1188
20 1061
19 1149
17 1420
26 1362
15 1161
12 1091
28 1171
23 1484
11 1161
28 1239
28 1366
19 1405
22 1455
19 1350
11 1494
29 1018
23 1423
24 1320
24 1192
13 1029
22 1497
15 1019
15 1109
18 1417
15 1490
17 1263
17 1487
15 1104
16 1459
14 1151
10 1362
12 1359
18 1108
18 1215
17 1038
14 1000
15 1208
28 1022
21 1323
17 1068
27 1278
15 1104
14 1225
25 1108
11 1127
11 1344
13 1313
15 1415
29 1039
21 1073
28 1161
10 1059
16 1370
12 1468
23 1285
25 1447
29 1140
23 1160
26 1016
26 1287
20 1312
13 1328
27 1025
21 1042
21 1474
24 1326
20 1059
28 1141
17 1135
15 1315
23 1060
29 1370
23 1282
16 1119
15 1050
15 1186
27 1101
29 1139
13 1482
22 1407
12 1006
17 1103
15 1209
14 1281
28 1400
13 1185
27 1152
12 1046
14 1229
24 1134
10 1344
19 1462
12 1316
28 1177
10 1110
26 1094
23 1468
10 1273
19 1318
14 1371
19 1276
12 1021
15 1220
24 1180
10 1075
14 1386
19 1135
20 1215
15 1278
22 1333
23 1405
27 1359
10 1112
13 1462
15 1294
13 1016
21 1201
12 1247
24 1173
26 1318
12 1041
26 1446
21 1355
27 1396
11 1086
21 1064
14 1130
27 1395
22 1439
24 1479
23 1377
28 1335
25 1106
13 1209
20 1355
24 1208
15 1476
19 1361
22 1255
27 1254
16 1286
28 1225
28 1474
26 1105
26 1384
20 1415
23 1228
17 1216
11 1162
15 1374
17 1493
14 1318
28 1489
25 1254
12 1496
16 1281
25 1494
28 1222
14 1334
12 1044
15 1125
11 1436
15 1238
20 1017
10 1050
18 1175
19 1161
24 1007
23 1164
24 1491
25 1384
21 1278
13 1020
17 1135
25 1321
18 1039
10 1308
11 1051
17 1356
19 1141
23 1489
26 1299
14 1338
21 1259
14 1192
29 1040
26 1067
20 1036
17 1277
19 1012
29 1014
23 1069
12 1233
25 1408
18 1375
10 1322
12 1334
19 1475
23 1261
21 1460
28 1497
24 1078
15 1374
14 1415
16 1309
24 1260
25 1023
29 1066
11 1429
20 1160
20 1000
12 1312
22 1251
18 1396
16 1304
11 1002
14 1156
21 1160
19 1087
17 1464
14 1321
10 1347
23 1382
16 1131
19 1353
22 1335
11 1277
14 1344
13 1139
26 1442
15 1155
12 1279
27 1211
25 1261
11 1177
29 1252
20 1163
18 1107
15 1426
13 1431
17 1274
18 1399
25 1469
10 1020
10 1124
21 1053
28 1433
19 1029
19 1007
26 1252
25 1057
24 1426
25 1129
15 1171
12 1440
27 1462
23 1003
16 1102
25 1088
29 1462
13 1387
28 1312
24 1422
19 1165
26 1419
26 1076
21 1350
17 1474
16 1059
16 1401
14 1264
28 1368
11 1104
24 1049
17 1129
13 1393
26 1233
10 1113
15 1280
26 1203
12 1279
18 1139
29 1498
17 1351
23 1315
27 1157
14 1048
12 1003
25 1412
28 1422
17 1283
16 1488
16 1338
28 1268
15 1123
24 1077
12 1157
20 1494
20 1195
21 1108
13 1301
13 1288
21 1378
14 1451
15 1098
27 1178
29 1251
16 1145
12 1207
14 1306
16 1447
22 1043
20 1102
19 1463
12 1381
14 1495
13 1009
25 1227
11 1452
19 1127
13 1100
29 1030
15 1343
14 1137
20 1415
22 1323
28 1223
23 1174
27 1001
17 1325
11 1194
17 1081
14 1447
16 1090
17 1039
10 1048
17 1270
19 1389
19 1418
14 1497
26 1204
27 1421
18 1439
16 1051
21 1309
22 1030
23 1424
19 1001
29 1374
16 1421
13 1245
14 1256
11 1392
15 1324
27 1047
26 1320
16 1281
26 1417
24 1463
24 1248
22 1058
16 1151
28 1286
17 1246
11 1225
10 1196
14 1483
11 1356
25 1270
10 1480
15 1366
15 1290
11 1480
27 1050
27 1386
13 1391
13 1044
21 1328
27 1026
22 1357
22 1357
29 1067
14 1147
13 1314
27 1267
18 1397
20 1073
24 1329
26 1222
12 1493
19 1047
24 1431
28 1270
26 1055
23 1252
26 1295
25 1170
29 1203
25 1348
15 1056
23 1367
11 1405
23 1227
23 1092
26 1377
23 1467
16 1368
23 1239
14 1293
26 1338
22 1496
20 1193
16 1283
20 1214
17 1261
20 1293
13 1305
13 1407
19 1108
13 1278
13 1141
23 1461
11 1061
12 1016
11 1055
19 1012
27 1284
20 1146
24 1483
27 1074
16 1298
10 1274
19 1333
18 1462
21 1395
10 1195
22 1258
12 1065
24 1082
29 1090
24 1307
12 1082
26 1050
25 1021
25 1362
24 1177
21 1236
12 1468
20 1372
25 1358
24 1349
26 1451
18 1368
17 1398
22 1210
17 1053
14 1449
23 1397
17 1265
20 1117
25 1056
14 1462
12 1442
17 1035
19 1285
18 1303
15 1082
28 1277
14 1157
28 1044
22 1046
21 1345
29 1112
11 1122
12 1366
14 1140
26 1013
28 1488
26 1410
18 1242
24 1301
15 1169
23 1323
24 1359
21 1075
24 1028
16 1318
20 1131
22 1298
26 1366
21 1208
16 1377
19 1177
10 1145
16 1171
21 1182
22 1167
12 1120
21 1183
10 1085
18 1096
20 1357
22 1256
25 1234
17 1361
12 1372
17 1077
15 1107
16 1355
21 1397
16 1218
11 1289
11 1357
13 1194
27 1488
14 1312
24 1413
26 1317
27 1228
18 1493
13 1171
15 1358
28 1283
24 1375
23 1198
25 1225
28 1295
12 1450
25 1254
16 1025
24 1374
16 1372
28 1265
28 1002
10 1193
22 1049