4550 5000
21 1488
11 1433
11 1380
20 1113
22 1252
28 1254
28 1405
19 1119
20 1332
28 1148
17 1191
11 1125
20 1048
29 1142
27 1172
20 1186
13 1170
10 1092
16 1391
23 1445
23 1280
22 1488
23 1072
25 1196
12 1259
29 1183
18 1178
12 1230
15 1321
15 1406
28 1212
22 1229
19 1021
17 1474
13 1276
27 1315
18 1015
21 1215
15 1010
15 1023
20 1463
25 1388
23 1385
23 1135
18 1016
14 1189
26 1209
18 1340
19 1176
25 1432
23 1038
20 1082
17 1181
18 1317
22 1441
14 1251
22 1309
15 1067
26 1094
28 1386
20 1258
19 1234
28 1416
14 1170
25 1343
23 1322
11 1004
11 1412
29 1360
26 1038
24 1399
25 1433
13 1296
25 1217
18 1345
11 1252
20 1145
23 1159
18 1167
14 1055
19 1238
13 1332
15 1111
24 1258
11 1482
28 1342
21 1220
11 1048
27 1247
28 1349
18 1094
12 1012
22 1331
18 1319
15 1262
24 1158
22 1442
10 1438
17 1357
11 1227
23 1152
10 1432
14 1290
27 1413
15 1015
17 1033
22 1450
26 1183
20 1106
24 1444
18 1414
17 1009
24 1285
13 1335
27 1084
18 1427
27 1476
21 1228
23 1207
28 1431
26 1371
15 1046
26 1355
12 1195
27 1175
14 1427
12 1032
19 1425
20 1383
16 1193
12 1223
14 1337
29 1402
26 1270
26 1229
20 1118
25 1068
26 1397
21 1394
20 1402
17 1427
17 1081
26 1451
14 1489
23 1082
12 1124
19 1047
25 1301
13 1287
12 1386
19 1101
24 1044
13 1465
21 1044
16 1207
14 1158
15 1221
26 1420
12 1101
23 1318
20 1067
27 1462
11 1461
19 1479
21 1185
16 1234
27 1273
18 1067
27 1213
24 1024
10 1252
13 1460
11 1362
24 1359
21 1440
17 1107
21 1161
16 1109
15 1314
25 1333
27 1024
25 1163
13 1094
26 1443
14 1283
22 1156
25 1092
19 1472
15 1178
19 1259
21 1464
24 1184
18 1305
20 1476
23 1216
28 1178
28 1039
11 1211
10 1231
10 1007
13 1222
28 1431
12 1396
10 1002
23 1371
15 1380
19 1094
27 1217
27 1259
23 1243
10 1277
11 1122
24 1155
22 1074
10 1135
16 1007
22 1002
24 1049
14 1134
10 1282
15 1206
25 1346
27 1009
16 1488
21 1335
10 1462
22 1124
28 1063
10 1056
20 1331
12 1117
17 1339
18 1065
15 1053
27 1398
23 1338
20 1301
25 1214
18 1386
28 1269
13 1003
23 1014
19 1153
24 1479
23 1106
27 1006
26 1355
13 1017
11 1104
13 1143
16 1274
16 1381
11 1207
18 1266
11 1182
29 1455
24 1454
29 1429
17 1081
14 1384
14 1151
19 1356
29 1092
28 1147
13 1176
22 1364
23 1498
28 1446
19 1268
26 1378
11 1237
21 1164
20 1054
27 1422
25 1449
14 1102
22 1200
17 1153
25 1112
24 1355
17 1380
17 1466
22 1444
19 1119
20 1413
27 1408
20 1011
15 1315
15 1433
26 1005
23 1333
17 1439
28 1038
18 1306
29 1165
23 1384
21 1165
15 1112
24 1389
29 1075
25 1240
10 1030
19 1251
13 1142
20 1092
11 1120
25 1152
26 1329
21 1250
12 1100
16 1308
19 1443
17 1356
29 1114
10 1116
27 1164
14 1335
19 1240
17 1152
20 1055
14 1284
27 1185
21 1212
29 1234
11 1425
19 1383
21 1471
17 1373
15 1195
29 1137
18 1344
21 1214
29 1368
14 1166
15 1276
28 1044
14 1323
19 1398
23 1470
19 1100
11 1397
22 1159
14 1476
23 1073
22 1009
23 1041
22 1335
14 1365
29 1241
20 1164
20 1124
11 1238
14 1475
13 1011
13 1482
13 1390
28 1104
23 1048
17 1475
24 1223
27 1247
22 1374
13 1216
26 1004
24 1299
17 1024
11 1373
29 1240
23 1403
23 1325
23 1285
18 1407
23 1245
14 1220
22 1203
19 1041
25 1147
25 1001
19 1495
25 1496
12 1141
25 1408
24 1333
10 1420
29 1446
25 1243
25 1106
15 1418
27 1068
27 1113
16 1284
14 1195
15 1256
12 1201
12 1388
23 1031
26 1363
18 1171
19 1417
18 1497
19 1458
19 1043
29 1092
29 1231
19 1222
29 1160
18 1406
26 1349
29 1244
15 1338
17 1094
19 1114
27 1364
12 1391
12 1098
27 1099
20 1472
20 1468
15 1334
18 1253
17 1141
16 1000
23 1212
14 1204
13 1244
28 1096
25 1202
14 1351
28 1148
14 1134
15 1158
14 1478
23 1374
24 1111
22 1410
22 1294
15 1424
24 1359
18 1462
26 1400
21 1484
14 1122
23 1148
16 1123
11 1419
16 1112
26 1324
17 1376
27 1001
17 1076
16 1041
22 1067
20 1197
29 1113
16 1112
13 1182
13 1019
22 1337
14 1268
27 1439
20 1171
15 1486
26 1041
28 1085
10 1090
29 1183
28 1419
17 1484
24 1483
10 1402
13 1289
17 1345
20 1250
21 1321
19 1188
29 1072
26 1481
15 1094
21 1134
28 1212
17 1212
28 1456
13 1452
27 1387
12 1148
19 1359
16 1318
11 1467
16 1062
24 1408
25 1484
14 1336
17 1275
28 1163
24 1039
26 1247
15 1038
15 1460
20 1183
13 1042
14 1251
28 1443
22 1190
17 1455
28 1481
11 1388
28 1131
14 1278
12 1422
17 1492
23 1449
24 1178
26 1338
18 1299
26 1250
24 1476
18 1339
25 1380
16 1468
29 1082
16 1090
16 1356
24 1117
26 1426
13 1154
17 1093
12 1060
21 1410
11 1173
14 1133
23 1176
17 1153
20 1467
27 1119
10 1063
17 1404
14 1301
13 1272
13 1207
23 1383
17 1445
11 1082
14 1099
17 1249
18 1401
11 1414
26 1052
12 1218
17 1303
19 1385
24 1387
18 1043
13 1235
19 1126
27 1417
28 1276
10 1452
18 1496
25 1066
21 1050
28 1379
18 1417
28 1377
16 1140
19 1017
29 1088
24 1309
18 1327
12 1356
29 1491
11 1084
14 1497
11 1079
11 1476
24 1416
16 1224
26 1120
19 1113
13 1291
20 1081
25 1356
21 1148
25 1135
18 1264
15 1105
29 1360
24 1182
13 1152
24 1109
18 1019
28 1167
21 1203
12 1251
27 1176
17 1049
27 1036
10 1233
10 1132
16 1278
22 1374
15 1321
28 1029
17 1005
18 1443
25 1072
10 1123
12 1350
24 1485
23 1257
24 1198
25 1146
11 1167
26 1144
29 1076
29 1086
21 1485
25 1454
16 1352
22 1076
14 1087
24 1184
13 1351
17 1489
16 1196
12 1163
20 1263
20 1456
12 1386
10 1163
21 1496
20 1394
23 1423
15 1147
23 1022
16 1160
25 1456
14 1215
18 1102
17 1118
12 1425
22 1348
11 1449
28 1461
26 1452
11 1458
24 1036
13 1307
22 1305
22 1093
20 1058
24 1006
26 1358
17 1277
22 1287
17 1426
10 1146
17 1137
11 1408
27 1342
22 1303
14 1120
18 1049
19 1448
26 1007
27 1356
28 1353
16 1298
23 1122
24 1249
28 1121
21 1077
29 1177
15 1179
17 1475
16 1489
13 1467
12 1414
10 1416
21 1133
15 1434
14 1016
13 1475
25 1016
17 1114
16 1378
27 1093
16 1441
15 1457
11 1050
18 1014
22 1142
26 1186
18 1326
24 1294
21 1059
10 1225
24 1412
18 1330
23 1374
10 1100
18 1214
10 1089
21 1252
27 1377
15 1226
22 1224
11 1460
19 1342
24 1015
24 1175
10 1257
15 1372
13 1262
27 1475
18 1253
18 1433
29 1096
19 1471
26 1008
15 1445
16 1033
20 1291
13 1109
16 1355
21 1284
25 1015
22 1071
27 1136
12 1016
10 1363
10 1147
25 1201
24 1391
19 1092
26 1410
22 1277
22 1060
24 1199
11 1221
29 1436
12 1426
13 1069
27 1146
11 1067
19 1292
27 1465
14 1347
23 1274
11 1248
18 1415
10 1237
29 1070
14 1195
23 1148
17 1364
22 1169
17 1315
23 1032
11 1442
21 1161
23 1379
21 1359
15 1077
25 1363
25 1084
22 1257
21 1178
10 1140
15 1495
29 1083
22 1061
17 1277
22 1242
25 1163
16 1073
22 1373
22 1421
12 1120
22 1033
19 1287
21 1359
27 1480
10 1408
10 1435
28 1369
18 1487
22 1458
23 1024
22 1001
12 1157
11 1409
15 1377
13 1352
10 1123
17 1370
15 1028
19 1325
23 1249
14 1100
24 1095
17 1047
12 1232
21 1045
12 1338
13 1038
12 1028
16 1390
15 1097
17 1189
26 1199
26 1376
12 1487
14 1419
17 1159
13 1062
28 1067
28 1167
25 1301
23 1043
21 1203
27 1495
27 1467
21 1292
12 1127
24 1132
27 1435
20 1344
15 1321
25 1487
14 1297
19 1147
24 1150
17 1470
29 1396
19 1114
10 1165
28 1368
12 1372
16 1462
13 1138
12 1133
29 1013
21 1162
16 1211
29 1340
24 1066
29 1341
17 1001
14 1445
18 1379
21 1001
19 1138
21 1359
15 1052
28 1030
18 1341
14 1434
16 1316
12 1218
23 1127
20 1343
25 1102
12 1109
27 1485
14 1230
29 1448
28 1003
11 1401
28 1477
23 1371
12 1008
29 1368
26 1374
26 1002
15 1095
22 1431
23 1115
11 1132
10 1329
24 1014
27 1044
13 1124
29 1061
19 1340
16 1419
15 1160
19 1062
25 1202
25 1347
22 1131
27 1205
13 1338
12 1446
17 1218
25 1469
27 1074
11 1120
19 1433
23 1162
24 1093
14 1415
19 1491
26 1052
27 1401
13 1303
27 1447
11 1010
21 1466
17 1268
26 1403
19 1349
14 1090
24 1266
10 1160
21 1267
19 1375
10 1278
23 1307
16 1122
24 1339
11 1148
24 1417
11 1255
17 1322
16 1157
23 1242
29 1227
23 1207
22 1138
28 1405
13 1456
20 1268
13 1254
11 1485
25 1171
23 1466
18 1392
18 1012
23 1220
17 1432
16 1141
24 1441
11 1473
23 1277
23 1106
13 1307
29 1375
25 1348
17 1250
21 1364
22 1156
28 1324
22 1000
17 1470
20 1349
24 1108
25 1128
18 1261
11 1003
23 1033
16 1118
24 1330
23 1429
14 1138
23 1344
13 1345
22 1259
11 1288
29 1128
13 1246
28 1103
29 1464
12 1243
10 1195
28 1218
25 1095
28 1290
17 1210
10 1319
22 1183
13 1497
13 1161
29 1043
29 1090
12 1173
10 1135
12 1098
22 1109
29 1231
13 1374
21 1024
11 1130
14 1422
22 1096
16 1384
28 1045
24 1189
10 1352
23 1062
28 1146
18 1235
18 1456
19 1200
13 1372
27 1393
29 1470
15 1315
21 1177
24 1324
20 1405
12 1330
26 1272
13 1142
13 1439
28 1038
29 1180
11 1177
24 1430
13 1400
28 1195
25 1113
12 1225
14 1110
23 1200
10 1061
17 1395
13 1391
22 1081
18 1347
16 1177
12 1471
16 1239
19 1311
17 1174
11 1256
10 1140
17 1020
27 1417
27 1204
17 1022
25 1407
23 1093
14 1497
22 1194
28 1327
12 1170
21 1276
14 1340
13 1468
26 1416
19 1421
17 1072
17 1021
20 1040
27 1046
20 1401
24 1225
15 1186
19 1281
23 1441
14 1464
28 1056
13 1107
13 1296
17 1080
26 1363
14 1044
15 1260
25 1334
17 1241
16 1445
24 1265
11 1381
22 1188
26 1404
29 1155
23 1015
13 1311
11 1208
21 1004
16 1370
24 1276
16 1110
19 1264
12 1166
10 1250
25 1184
28 1243
22 1399
16 1348
19 1087
20 1480
27 1205
10 1348
25 1158
10 1105
25 1335
16 1467
22 1224
17 1180
29 1005
19 1399
15 1099
21 1099
21 1247
10 1162
17 1086
25 1045
22 1098
13 1373
20 1161
21 1420
15 1351
25 1029
12 1466
23 1284
26 1236
27 1154
21 1289
14 1207
24 1209
29 1225
28 1448
21 1402
27 1362
10 1156
11 1115
24 1099
13 1267
18 1247
25 1366
20 1063
29 1378
15 1360
18 1153
28 1442
27 1485
21 1424
15 1093
21 1105
10 1288
21 1062
24 1397
13 1241
15 1113
21 1328
12 1377
19 1212
20 1102
29 1159
23 1455
21 1404
22 1280
15 1478
10 1086
10 1040
12 1491
26 1050
20 1477
28 1446
20 1219
26 1170
27 1497
22 1436
11 1172
22 1305
26 1458
17 1061
14 1267
15 1236
29 1254
18 1451
13 1110
14 1173
14 1423
29 1115
17 1476
24 1419
25 1424
18 1210
19 1142
28 1286
11 1243
28 1276
18 1360
15 1230
12 1239
25 1414
20 1284
18 1126
21 1414
26 1046
26 1237
26 1390
20 1133
13 1155
29 1157
25 1231
28 1446
15 1182
24 1084
29 1242
11 1065
15 1046
18 1230
11 1353
27 1304
12 1493
12 1238
25 1475
14 1277
22 1282
10 1375
23 1011
20 1189
26 1488
12 1016
22 1126
16 1369
23 1264
11 1142
21 1326
17 1342
11 1002
23 1384
18 1006
21 1065
19 1125
26 1413
20 1476
11 1313
10 1315
17 1464
14 1155
18 1057
25 1088
13 1091
11 1298
21 1494
10 1221
29 1407
12 1194
11 1059
22 1102
13 1412
13 1034
29 1173
13 1135
13 1365
11 1300
27 1344
13 1489
10 1294
29 1058
11 1232
29 1136
10 1008
23 1147
12 1312
17 1085
19 1111
15 1252
16 1438
18 1144
10 1247
24 1416
16 1198
26 1443
14 1303
10 1060
21 1191
12 1460
27 1011
10 1179
19 1308
26 1255
13 1184
24 1152
14 1016
20 1363
25 1394
12 1418
19 1094
15 1020
16 1043
11 1405
22 1016
13 1420
10 1368
24 1325
16 1345
28 1214
26 1029
15 1015
13 1198
12 1467
21 1467
12 1184
18 1144
20 1379
24 1079
17 1199
17 1363
17 1144
16 1475
25 1236
24 1379
12 1064
15 1292
17 1299
15 1090
13 1343
11 1079
29 1430
21 1451
12 1277
28 1453
25 1279
28 1426
21 1052
13 1260
15 1223
17 1444
29 1246
21 1148
14 1243
18 1367
21 1176
26 1228
14 1200
12 1461
21 1083
26 1390
22 1193
27 1403
24 1355
10 1470
19 1312
22 1176
27 1005
26 1246
16 1144
23 1276
26 1099
16 1408
13 1098
28 1453
19 1462
11 1144
13 1414
14 1424
18 1145
10 1194
12 1145
29 1280
24 1240
18 1345
14 1399
17 1307
25 1020
26 1474
13 1054
18 1431
25 1126
17 1082
23 1036
19 1131
26 1157
27 1007
22 1173
28 1050
16 1282
12 1097
10 1338
26 1092
15 1129
10 1163
27 1066
27 1102
10 1087
24 1115
14 1440
29 1257
21 1015
25 1273
29 1191
16 1220
15 1298
11 1238
12 1246
25 1488
13 1431
15 1359
10 1210
20 1389
29 1474
29 1242
28 1496
17 1244
12 1059
11 1111
17 1061
24 1152
26 1422
23 1330
21 1278
15 1322
17 1095
27 1151
11 1073
25 1110
25 1351
11 1052
11 1268
20 1454
29 1495
27 1243
10 1194
26 1243
12 1458
21 1147
24 1159
27 1435
14 1067
18 1378
26 1281
20 1030
18 1226
22 1301
12 1060
13 1442
15 1011
20 1464
14 1389
29 1471
16 1012
20 1120
11 1138
21 1014
27 1088
26 1264
24 1052
29 1097
27 1024
20 1177
22 1361
18 1375
28 1077
16 1261
13 1079
23 1251
24 1280
21 1460
26 1210
13 1011
19 1472
13 1221
17 1092
12 1234
17 1001
19 1372
18 1202
29 1372
25 1128
16 1090
12 1082
29 1444
28 1468
25 1434
10 1469
12 1114
20 1414
16 1444
25 1257
19 1163
22 1169
19 1471
23 1078
15 1294
25 1136
21 1226
10 1489
26 1312
28 1072
11 1116
15 1470
25 1042
28 1232
18 1300
16 1485
28 1225
18 1067
26 1192
25 1317
24 1145
22 1201
14 1389
15 1314
19 1016
25 1332
12 1213
22 1244
13 1320
22 1133
24 1233
26 1354
18 1213
10 1130
20 1029
22 1198
25 1030
13 1285
24 1280
28 1167
14 1238
27 1074
18 1072
20 1111
18 1401
27 1198
20 1155
29 1126
23 1343
15 1190
24 1127
14 1007
25 1149
26 1490
20 1060
12 1213
13 1435
22 1009
17 1373
26 1380
24 1279
25 1247
10 1153
19 1169
28 1148
20 1498
22 1020
13 1370
11 1207
29 1383
11 1392
17 1370
23 1249
28 1029
23 1498
21 1268
27 1302
12 1397
18 1224
20 1280
19 1496
28 1373
28 1128
16 1168
28 1356
12 1407
28 1286
28 1450
22 1292
22 1015
24 1468
29 1222
10 1279
15 1337
14 1151
16 1191
24 1424
19 1462
26 1272
20 1047
24 1281
24 1203
29 1446
19 1154
19 1044
19 1174
14 1462
22 1491
12 1099
15 1081
29 1323
17 1079
20 1387
14 1291
17 1333
16 1436
10 1138
14 1222
10 1345
21 1441
15 1079
20 1231
15 1041
26 1184
20 1069
16 1211
18 1308
24 1366
10 1304
11 1053
12 1256
16 1246
14 1029
12 1356
25 1091
26 1337
22 1210
24 1099
23 1333
18 1093
24 1367
29 1396
20 1389
26 1128
25 1200
25 1001
27 1450
24 1460
22 1090
11 1086
16 1102
28 1410
11 1387
29 1134
29 1383
11 1261
17 1345
29 1318
18 1056
25 1057
14 1032
12 1112
11 1408
20 1230
10 1221
12 1269
27 1266
13 1416
15 1458
26 1479
12 1070
24 1184
26 1163
20 1083
24 1434
21 1400
12 1036
21 1144
29 1461
12 1052
22 1126
15 1254
16 1008
15 1416
19 1257
21 1297
10 1285
20 1134
27 1015
21 1240
12 1244
12 1084
23 1384
22 1308
20 1013
12 1037
15 1365
27 1422
24 1112
28 1379
13 1209
13 1096
26 1043
22 1380
23 1217
19 1122
24 1053
14 1268
22 1219
12 1169
15 1233
26 1298
20 1384
15 1363
25 1143
26 1064
24 1287
16 1333
19 1235
22 1496
15 1166
28 1104
20 1166
21 1422
18 1099
27 1004
21 1349
16 1330
23 1496
10 1442
10 1363
25 1230
21 1475
12 1018
15 1010
15 1109
14 1493
22 1318
27 1084
13 1047
11 1056
18 1117
20 1018
24 1245
21 1118
26 1142
16 1399
24 1151
16 1389
14 1366
21 1115
17 1202
22 1177
10 1499
16 1494
14 1084
23 1410
15 1330
13 1111
21 1374
10 1424
22 1131
20 1178
27 1191
26 1073
25 1123
13 1155
10 1057
29 1042
26 1421
23 1030
18 1243
16 1135
14 1252
22 1013
14 1155
25 1324
28 1118
17 1298
22 1029
20 1084
17 1360
16 1186
26 1090
16 1228
11 1332
22 1084
23 1206
17 1436
28 1296
17 1185
10 1136
20 1391
19 1402
26 1259
16 1406
15 1314
22 1304
10 1251
18 1093
20 1271
23 1066
21 1369
29 1149
20 1084
20 1443
12 1461
11 1012
20 1253
21 1106
29 1326
29 1307
14 1264
26 1333
21 1219
13 1149
18 1393
15 1159
25 1443
23 1291
26 1108
18 1194
21 1114
15 1281
23 1063
24 1136
28 1280
18 1260
13 1150
25 1308
18 1074
11 1182
21 1433
29 1497
23 1376
20 1011
27 1294
23 1074
25 1114
14 1334
27 1299
21 1436
22 1193
10 1246
28 1217
13 1234
21 1459
23 1218
12 1322
25 1018
16 1433
28 1176
24 1083
19 1008
12 1226
22 1465
11 1067
26 1361
15 1300
21 1046
29 1189
10 1191
23 1274
20 1416
26 1037
10 1178
23 1131
13 1474
12 1492
21 1359
17 1308
29 1096
23 1469
24 1419
28 1097
22 1262
17 1314
21 1029
16 1497
11 1138
11 1074
28 1215
28 1147
10 1074
11 1499
15 1128
11 1308
26 1122
25 1487
13 1120
15 1332
18 1316
14 1166
18 1056
13 1102
18 1187
24 1096
17 1112
17 1218
13 1195
21 1487
15 1402
24 1286
18 1496
27 1046
11 1021
11 1080
27 1189
27 1125
26 1430
13 1398
18 1094
27 1349
12 1027
21 1271
26 1167
16 1025
26 1216
22 1414
22 1260
10 1004
12 1431
13 1069
22 1394
19 1140
25 1417
12 1154
11 1103
28 1421
11 1041
25 1267
21 1132
12 1183
22 1167
15 1307
11 1347
24 1150
28 1279
16 1427
11 1316
21 1153
16 1129
14 1140
28 1424
19 1187
14 1360
14 1204
14 1117
26 1499
21 1023
16 1002
25 1279
21 1417
17 1202
28 1142
12 1024
21 1080
27 1068
15 1271
29 1314
25 1354
18 1411
23 1450
16 1288
15 1106
18 1141
18 1492
18 1445
23 1163
16 1397
11 1084
12 1252
27 1084
27 1083
10 1060
16 1068
11 1402
23 1406
26 1219
28 1379
21 1018
22 1210
12 1016
19 1367
29 1052
17 1039
22 1094
15 1317
29 1443
17 1383
25 1186
20 1289
24 1300
22 1448
13 1491
19 1277
27 1361
28 1170
21 1392
17 1021
11 1386
27 1046
15 1495
18 1436
19 1217
25 1320
20 1180
25 1290
29 1380
16 1232
23 1085
15 1266
28 1076
22 1074
25 1468
22 1088
22 1402
18 1088
15 1328
25 1409
15 1257
19 1221
29 1018
15 1060
13 1307
17 1109
25 1329
27 1455
19 1391
25 1042
14 1312
20 1440
24 1151
18 1125
15 1049
20 1167
14 1415
17 1225
28 1194
10 1305
29 1049
25 1005
26 1304
13 1448
28 1353
28 1446
19 1295
24 1267
22 1182
23 1336
16 1179
20 1329
21 1026
26 1128
10 1350
19 1323
18 1461
26 1244
26 1005
28 1438
25 1115
11 1150
15 1315
17 1441
29 1453
22 1277
17 1282
12 1038
10 1117
24 1404
11 1227
25 1225
22 1092
23 1374
10 1171
13 1138
25 1190
28 1472
27 1101
23 1173
27 1119
24 1457
25 1490
18 1475
10 1001
17 1289
11 1093
14 1128
16 1101
13 1402
14 1231
10 1042
23 1191
15 1032
24 1303
19 1161
26 1286
29 1219
24 1141
26 1125
22 1204
25 1020
22 1378
27 1458
17 1269
19 1401
15 1431
19 1077
29 1451
23 1418
24 1319
28 1065
13 1400
16 1374
20 1321
29 1062
14 1411
18 1119
13 1008
13 1330
21 1083
11 1312
13 1449
10 1147
16 1366
13 1474
18 1455
26 1213
28 1347
21 1478
18 1190
28 1051
15 1325
11 1099
16 1035
14 1102
29 1041
19 1111
25 1129
17 1299
26 1008
20 1373
25 1398
19 1268
15 1121
22 1441
16 1148
24 1031
18 1190
23 1282
12 1092
16 1107
13 1075
26 1228
27 1074
18 1383
14 1494
20 1191
12 1156
21 1295
22 1098
13 1309
20 1424
13 1412
22 1349
25 1186
24 1185
16 1303
11 1389
27 1087
21 1280
29 1014
11 1187
23 1228
15 1031
17 1119
13 1174
16 1419
13 1486
16 1468
16 1192
26 1057
20 1098
22 1297
25 1484
23 1483
18 1239
23 1129
17 1187
29 1019
16 1473
18 1217
19 1228
14 1379
18 1023
11 1264
26 1142
16 1097
10 1448
20 1166
14 1205
18 1377
10 1203
21 1242
10 1449
12 1378
10 1142
15 1041
23 1146
22 1022
13 1035
11 1457
10 1166
13 1431
10 1181
28 1124
23 1104
26 1145
18 1090
26 1253
19 1237
24 1002
15 1145
16 1408
22 1365
10 1331
27 1153
11 1013
13 1355
26 1098
19 1347
17 1270
24 1061
24 1316
11 1277
25 1118
11 1454
15 1340
15 1452
28 1308
21 1442
10 1140
14 1008
22 1330
10 1474
11 1263
14 1178
20 1255
24 1488
26 1293
23 1264
13 1143
17 1269
20 1314
24 1241
11 1249
11 1385
25 1273
21 1139
15 1049
12 1447
16 1210
17 1336
11 1178
13 1053
12 1149
19 1025
18 1324
19 1439
21 1025
10 1016
26 1395
22 1387
19 1187
26 1458
26 1273
16 1452
12 1279
22 1063
24 1291
18 1068
14 1007
27 1393
21 1248
27 1377
27 1344
27 1354
25 1195
29 1002
11 1336
20 1037
21 1226
18 1336
15 1165
25 1276
23 1451
17 1012
16 1251
14 1139
17 1430
15 1334
28 1084
14 1400
13 1147
26 1447
24 1487
26 1272
26 1362
23 1202
28 1213
12 1116
13 1319
28 1009
24 1104
21 1120
11 1379
20 1278
14 1288
26 1488
26 1029
26 1434
15 1250
15 1092
21 1029
17 1107
16 1331
23 1168
13 1195
24 1243
24 1188
28 1236
21 1388
19 1320
14 1175
21 1426
12 1112
20 1143
11 1131
19 1166
28 1480
19 1235
27 1220
24 1188
19 1077
22 1274
17 1496
19 1126
16 1307
14 1383
17 1049
18 1376
13 1404
27 1097
26 1213
28 1492
25 1126
16 1199
19 1426
13 1164
29 1403
19 1356
13 1223
16 1490
24 1461
28 1073
13 1209
25 1391
18 1259
14 1477
19 1389
15 1300
18 1244
20 1139
28 1065
28 1035
16 1468
27 1168
22 1458
25 1360
16 1152
27 1348
14 1308
15 1012
17 1158
27 1494
11 1355
25 1308
16 1229
15 1143
14 1347
14 1383
24 1171
27 1464
14 1089
22 1473
15 1234
21 1266
28 1142
25 1381
13 1297
19 1073
21 1123
15 1354
25 1009
11 1327
19 1072
25 1426
23 1046
26 1362
22 1307
20 1353
16 1036
26 1089
20 1339
16 1316
23 1413
16 1103
27 1164
10 1117
11 1270
29 1134
26 1210
16 1091
25 1414
28 1225
27 1004
25 1108
23 1427
25 1291
18 1027
11 1280
25 1183
22 1067
20 1483
24 1466
22 1341
18 1263
23 1173
17 1055
10 1043
13 1088
22 1091
25 1339
10 1337
28 1358
21 1062
26 1465
28 1369
18 1276
10 1091
10 1313
17 1313
22 1416
21 1059
28 1311
20 1007
28 1243
18 1189
11 1222
27 1057
23 1151
25 1146
17 1005
17 1447
13 1355
17 1387
27 1080
20 1006
28 1000
28 1180
23 1370
15 1423
24 1130
21 1024
15 1217
22 1116
18 1351
23 1430
21 1033
24 1346
12 1208
19 1270
16 1252
28 1320
16 1409
20 1171
22 1325
21 1431
27 1312
26 1226
22 1043
11 1311
28 1039
10 1426
20 1378
21 1355
14 1044
20 1090
22 1298
28 1217
29 1439
23 1224
25 1137
23 1083
22 1275
10 1326
26 1230
19 1120
22 1048
14 1066
11 1017
22 1198
21 1007
17 1451
27 1010
16 1385
18 1042
20 1241
18 1040
27 1436
19 1089
11 1222
26 1062
23 1492
27 1126
13 1494
29 1118
12 1236
22 1490
11 1005
28 1319
10 1440
16 1125
21 1205
23 1441
29 1419
10 1066
17 1004
15 1077
22 1235
17 1123
15 1435
23 1380
15 1262
18 1372
16 1371
23 1281
27 1465
20 1255
27 1173
11 1190
25 1026
16 1130
28 1453
24 1308
15 1018
25 1178
22 1240
21 1436
12 1380
22 1415
28 1074
22 1031
23 1101
10 1434
23 1358
27 1396
23 1383
15 1037
14 1065
19 1408
17 1292
29 1147
13 1199
27 1001
29 1346
17 1023
22 1242
18 1478
24 1354
19 1281
26 1423
26 1020
22 1436
21 1254
14 1394
12 1169
28 1053
24 1380
28 1220
18 1090
15 1361
20 1293
20 1231
16 1136
20 1458
10 1424
16 1430
17 1486
22 1190
29 1388
18 1422
25 1405
17 1087
15 1415
26 1478
14 1462
29 1047
14 1439
23 1030
17 1096
18 1376
19 1424
15 1267
23 1125
25 1229
11 1148
19 1008
28 1459
15 1262
25 1278
20 1488
28 1057
28 1438
22 1393
24 1428
19 1139
10 1098
18 1208
19 1296
24 1011
14 1241
10 1298
15 1416
18 1405
16 1178
28 1419
21 1171
12 1448
23 1320
29 1245
24 1428
29 1469
26 1038
24 1347
17 1412
14 1034
14 1275
28 1490
29 1326
25 1279
18 1207
20 1079
22 1391
28 1226
16 1302
19 1022
17 1387
26 1249
28 1494
29 1133
18 1089
12 1337
22 1220
24 1333
29 1478
25 1343
11 1361
19 1283
13 1202
21 1439
19 1249
27 1126
23 1350
14 1196
27 1456
16 1481
29 1474
10 1250
11 1355
28 1230
23 1335
21 1408
25 1296
27 1163
11 1177
20 1202
14 1305
28 1283
28 1300
12 1482
24 1445
15 1204
26 1321
29 1249
27 1240
11 1196
21 1447
21 1396
11 1357
21 1240
19 1327
26 1254
10 1466
28 1404
23 1374
15 1086
13 1116
16 1177
27 1215
26 1222
16 1446
21 1030
25 1314
15 1334
13 1486
15 1446
13 1481
13 1330
20 1482
13 1079
21 1264
16 1338
22 1272
15 1138
19 1402
20 1265
16 1154
18 1094
19 1019
25 1425
14 1066
16 1014
21 1132
25 1008
23 1338
11 1176
10 1026
21 1329
19 1158
18 1004
17 1263
12 1350
27 1488
23 1112
28 1258
27 1255
17 1023
19 1113
17 1073
21 1163
14 1289
14 1486
25 1221
23 1334
10 1494
14 1196
18 1275
26 1453
15 1041
24 1396
25 1330
24 1360
10 1253
17 1355
29 1361
15 1398
17 1370
24 1095
29 1405
10 1350
25 1292
15 1354
14 1359
27 1253
19 1242
27 1257
14 1347
15 1246
12 1322
12 1357
29 1408
20 1148
29 1161
21 1062
14 1494
19 1392
24 1173
27 1193
13 1099
24 1496
17 1340
27 1318
19 1326
22 1369
26 1326
23 1262
13 1266
26 1001
20 1161
14 1241
18 1014
20 1019
20 1092
27 1264
10 1412
22 1107
23 1056
23 1338
24 1171
26 1229
24 1489
15 1035
13 1004
29 1235
18 1201
25 1294
25 1168
12 1158
21 1080
24 1031
17 1455
22 1088
23 1112
24 1381
25 1198
11 1275
29 1457
29 1449
17 1413
26 1228
20 1451
19 1034
18 1457
18 1173
11 1201
21 1303
14 1347
16 1281
12 1113
14 1144
17 1142
23 1404
22 1409
29 1183
23 1478
29 1214
26 1001
25 1092
14 1000
10 1337
13 1457
20 1274
12 1170
22 1357
17 1246
19 1322
14 1009
19 1296
17 1300
25 1141
21 1015
10 1072
21 1075
28 1450
26 1117
19 1380
22 1097
24 1404
17 1068
18 1155
11 1019
10 1112
10 1219
10 1498
21 1257
10 1384
18 1389
24 1489
17 1307
22 1069
14 1259
16 1064
17 1499
13 1046
27 1356
21 1072
13 1047
18 1011
25 1469
14 1043
23 1245
18 1430
20 1062
15 1415
12 1020
10 1048
10 1449
14 1169
26 1127
16 1478
25 1366
11 1226
25 1422
26 1484
17 1417
18 1476
29 1376
17 1465
28 1201
29 1042
27 1192
22 1341
19 1245
21 1138
19 1086
15 1427
22 1334
28 1305
29 1398
20 1123
25 1230
16 1439
19 1151
23 1404
25 1119
19 1299
21 1295
25 1094
28 1180
11 1248
16 1308
25 1398
13 1324
25 1070
29 1322
22 1131
11 1267
19 1080
23 1399
29 1037
19 1492
26 1238
15 1387
14 1246
25 1425
24 1194
17 1171
24 1404
19 1015
26 1296
26 1328
15 1007
25 1009
25 1245
16 1127
28 1026
14 1441
17 1343
26 1222
11 1286
19 1345
20 1045
29 1216
22 1400
29 1284
10 1033
16 1340
26 1243
14 1140
10 1280
24 1490
13 1481
23 1041
19 1159
28 1223
26 1354
10 1284
23 1256
26 1217
28 1482
27 1497
10 1023
22 1198
26 1193
16 1187
25 1083
26 1185
27 1016
25 1119
15 1460
12 1334
22 1359
18 1179
16 1280
13 1068
14 1183
19 1170
10 1497
27 1420
29 1227
24 1416
14 1183
28 1322
27 1308
21 1414
23 1431
21 1129
21 1028
24 1073
18 1432
17 1247
20 1174
22 1305
29 1079
18 1454
27 1471
29 1199
17 1413
27 1096
15 1380
22 1048
16 1247
12 1071
18 1383
28 1139
15 1283
26 1486
13 1355
21 1399
28 1434
12 1329
22 1373
22 1000
17 1053
24 1249
21 1289
17 1073
25 1014
13 1414
10 1246
21 1427
23 1304
18 1060
19 1022
19 1101
10 1033
18 1241
14 1117
22 1105
27 1340
15 1035
16 1370
13 1004
28 1271
12 1455
18 1097
29 1412
11 1032
19 1168
17 1168
12 1311
23 1102
29 1469
16 1202
20 1249
15 1267
16 1350
11 1303
10 1414
12 1473
29 1414
17 1138
15 1452
14 1311
24 1477
26 1135
20 1136
14 1410
28 1029
23 1481
22 1240
18 1012
29 1442
21 1443
22 1090
13 1052
13 1479
11 1160
23 1117
15 1203
19 1076
21 1221
22 1195
21 1444
11 1024
17 1075
29 1137
10 1031
27 1403
20 1440
11 1172
14 1260
26 1460
15 1142
18 1245
12 1480
11 1134
17 1282
28 1235
26 1347
19 1029
22 1164
28 1066
12 1394
24 1187
13 1407
14 1089
29 1094
16 1381
15 1448
19 1171
27 1081
21 1265
16 1379
24 1218
20 1272
11 1243
13 1359
19 1491
11 1392
12 1020
23 1139
24 1343
28 1290
29 1178
23 1323
13 1322
15 1136
22 1286
18 1239
15 1100
22 1489
27 1282
27 1318
25 1319
17 1225
24 1440
23 1497
17 1154
10 1298
18 1075
19 1166
15 1150
13 1232
21 1083
28 1266
29 1301
27 1100
23 1197
15 1397
16 1129
22 1299
25 1085
15 1330
19 1065
23 1025
27 1216
21 1017
26 1338
14 1295
21 1482
22 1394
19 1001
12 1192
20 1320
26 1449
18 1091
23 1190
20 1293
23 1093
20 1260
13 1308
22 1470
18 1391
21 1323
24 1465
27 1259
14 1383
17 1180
15 1476
19 1276
29 1036
11 1489
20 1356
20 1499
28 1416
15 1223
18 1350
10 1181
19 1270
22 1098
27 1175
12 1318
23 1072
15 1396
20 1466
27 1379
23 1378
20 1370
25 1306
23 1386
11 1179
29 1176
18 1267
14 1123
25 1342
17 1112
11 1318
25 1236
11 1211
10 1075
24 1051
18 1402
22 1099
23 1235
15 1338
21 1245
12 1426
22 1426
24 1217
14 1168
26 1018
21 1447
16 1059
25 1333
21 1082
19 1385
17 1231
25 1078
16 1336
29 1492
26 1112
18 1145
19 1200
27 1336
10 1040
10 1439
24 1357
29 1439
24 1022
25 1241
22 1491
24 1156
28 1246
19 1098
17 1345
17 1094
14 1070
15 1275
20 1462
15 1019
26 1108
10 1394
25 1491
12 1231
12 1062
28 1116
17 1179
19 1421
22 1057
15 1332
10 1402
29 1057
12 1446
26 1084
11 1385
28 1126
12 1284
13 1454
27 1157
24 1404
14 1452
12 1359
17 1454
14 1300
17 1483
14 1120
27 1396
11 1390
21 1095
26 1133
14 1004
25 1043
11 1331
26 1461
22 1413
24 1165
26 1487
13 1014
25 1172
24 1281
19 1130
17 1387
23 1023
10 1332
29 1265
14 1077
18 1149
27 1487
21 1416
13 1205
17 1247
25 1252
16 1036
24 1444
12 1028
10 1412
10 1277
24 1052
20 1487
17 1379
28 1085
13 1357
24 1281
19 1434
13 1012
20 1163
25 1251
20 1177
10 1012
28 1368
10 1080
17 1049
28 1369
28 1026
22 1236
26 1004
21 1406
29 1127
21 1095
29 1227
10 1201
21 1386
24 1152
23 1147
29 1039
27 1241
18 1452
21 1338
19 1061
28 1105
16 1135
12 1117
26 1482
10 1470
15 1041
12 1353
18 1431
21 1497
27 1125
29 1484
13 1234
22 1476
14 1188
17 1248
27 1340
24 1173
12 1499
17 1461
21 1383
14 1278
16 1046
10 1173
16 1197
12 1459
22 1304
25 1171
14 1192
21 1257
15 1055
23 1440
22 1278
19 1418
20 1216
10 1007
26 1123
27 1235
28 1149
20 1050
10 1275
12 1203
18 1178
12 1218
29 1462
26 1487
25 1302
28 1148
16 1219
22 1167
10 1014
24 1224
25 1082
23 1042
22 1317
18 1368
16 1205
28 1295
21 1039
27 1389
26 1252
22 1154
24 1010
11 1392
11 1341
24 1127
28 1015
12 1477
25 1173
27 1015
17 1427
14 1443
16 1426
23 1173
28 1018
28 1383
14 1311
29 1148
27 1055
22 1419
10 1228
29 1116
13 1263
15 1135
21 1363
17 1168
26 1380
11 1470
23 1132
24 1428
29 1286
18 1137
29 1038
19 1304
22 1432
12 1078
13 1470
22 1328
25 1359
18 1217
29 1106
23 1068
14 1321
24 1100
25 1124
28 1194
26 1207
15 1130
24 1099
26 1365
21 1009
28 1221
10 1394
12 1491
23 1409
19 1070
27 1257
25 1105
18 1190
19 1298
22 1233
19 1352
12 1015
20 1471
10 1354
19 1323
27 1416
18 1396
22 1115
25 1078
14 1270
16 1163
12 1324
13 1210
17 1060
22 1407
21 1399
19 1425
11 1178
25 1209
26 1159
19 1479
23 1070
19 1142
23 1471
17 1411
23 1313
19 1264
11 1212
16 1475
23 1347
17 1139
16 1269
11 1194
25 1422
21 1026
19 1291
22 1081
16 1239
14 1096
14 1397
28 1111
12 1066
18 1229
16 1120
15 1411
10 1205
11 1351
17 1267
29 1195
22 1137
20 1495
11 1350
26 1024
19 1106
23 1221
19 1353
10 1231
17 1353
29 1211
13 1353
18 1294
19 1470
22 1033
23 1233
18 1359
11 1491
14 1171
15 1490
27 1437
22 1195
18 1431
19 1236
23 1035
12 1471
23 1135
26 1367
27 1039
12 1197
21 1039
12 1463
24 1015
21 1245
11 1187
10 1222
13 1271
27 1316
11 1490
23 1270
17 1401
24 1414
26 1231
24 1054
18 1173
18 1065
24 1488
17 1316
16 1216
28 1284
20 1449
27 1198
26 1384
13 1040
16 1317
24 1151
12 1028
23 1098
16 1068
22 1254
27 1323
29 1124
11 1205
22 1261
25 1286
25 1486
26 1445
29 1071
18 1275
13 1358
11 1096
17 1180
29 1356
22 1049
17 1284
28 1471
12 1313
24 1415
16 1021
26 1397
12 1245
15 1391
16 1024
10 1468
29 1461
19 1068
11 1013
23 1217
22 1182
17 1431
26 1407
29 1047
24 1411
23 1169
26 1346
15 1092
10 1374
14 1089
16 1135
12 1121
24 1229
15 1201
22 1218
24 1113
11 1035
18 1417
21 1090
25 1222
29 1087
12 1116
17 1155
23 1199
11 1142
10 1327
11 1283
23 1450
25 1428
29 1338
17 1075
23 1138
24 1191
15 1117
16 1375
29 1173
27 1072
15 1353
26 1186
14 1399
16 1132
19 1111
13 1432
29 1474
24 1142
28 1041
26 1439
14 1217
23 1252
15 1049
13 1417
13 1216
14 1405
11 1289
13 1278
12 1343
28 1498
17 1489
20 1295
28 1177
20 1036
18 1105
18 1291
18 1060
25 1135
19 1138
19 1166
15 1407
17 1241
12 1470
19 1199
20 1350
15 1274
16 1035
12 1139
22 1017
20 1020
18 1367
29 1491
29 1127
28 1126
15 1439
24 1442
10 1078
29 1023
19 1182
12 1220
25 1081
11 1218
25 1277
28 1289
28 1305
26 1441
18 1366
27 1064
24 1084
16 1381
25 1050
18 1392
28 1132
13 1334
11 1055
23 1333
27 1064
18 1261
29 1133
24 1016
15 1342
24 1188
26 1138
15 1029
17 1225
21 1495
18 1193
20 1460
24 1048
27 1136
13 1010
17 1280
27 1247
21 1371
17 1376
19 1227
23 1317
25 1017
22 1287
22 1311
26 1243
29 1308
13 1187
22 1455
26 1028
20 1419
19 1447
13 1215
26 1058
23 1296
22 1210
10 1391
11 1216
22 1246
18 1191
16 1364
13 1345
25 1061
22 1262
26 1254
18 1344
20 1326
29 1208
13 1056
18 1345
24 1070
23 1356
28 1191
12 1427
10 1317
23 1363
28 1281
18 1386
12 1196
13 1278
29 1401
28 1185
23 1125
23 1241
24 1075
23 1096
27 1491
29 1499
27 1363
27 1299
15 1158
25 1411
15 1248
17 1250
24 1098
28 1448
21 1081
14 1324
18 1159
14 1305
18 1171
26 1316
18 1091
28 1234
12 1376
22 1425
25 1343
18 1068
22 1241
25 1392
13 1469
17 1167
10 1475
12 1286
11 1068
18 1101
19 1293
27 1389
19 1058
13 1283
12 1274
17 1172
18 1041
11 1117
26 1153
29 1411
24 1042
19 1312
26 1333
12 1261
26 1390
15 1076
26 1230
25 1297
24 1449
16 1402
25 1220
13 1468
13 1185
25 1056
15 1205
14 1081
25 1183
20 1106
29 1160
21 1414
21 1248
21 1258
26 1071
11 1495
12 1210
12 1200
25 1332
10 1044
26 1298
29 1447
23 1364
28 1402
10 1171
18 1336
29 1321
21 1383
28 1307
17 1264
14 1269
28 1308
22 1418
22 1267
20 1113
29 1319
28 1003
23 1393
18 1203
20 1319
26 1050
23 1120
18 1435
17 1352
20 1321
29 1424
20 1197
18 1235
25 1493
19 1236
17 1437
11 1297
21 1134
22 1491
25 1326
12 1357
23 1441
18 1029
23 1078
21 1237
20 1220
24 1323
20 1232
14 1155
14 1093
11 1004
16 1000
12 1338
15 1428
28 1426
26 1278
10 1202
29 1020
14 1381
24 1309
27 1425
18 1128
13 1440
14 1180
27 1351
15 1118
28 1157
29 1129
19 1121
12 1010
15 1392
16 1165
16 1046
28 1156
21 1416
16 1174
14 1233
12 1303
15 1384
20 1077
12 1370
25 1468
21 1149
21 1093
28 1276
22 1114
21 1324
12 1281
10 1465
22 1122
23 1009
13 1342
28 1394
23 1375
13 1057
19 1030
13 1040
12 1127
20 1344
25 1483
29 1117
28 1048
15 1273
27 1148
29 1249
22 1154
24 1328
23 1426
26 1094
27 1107
10 1249
16 1109
13 1142
19 1095
10 1231
25 1182
11 1282
24 1372
18 1454
28 1125
16 1409
18 1343
10 1151
23 1121
24 1232
11 1088
25 1406
19 1445
15 1096
17 1114
27 1275
29 1321
15 1269
13 1487
28 1236
10 1450
17 1264
25 1241
11 1369
16 1278
27 1094
10 1269
28 1062
12 1331
23 1138
14 1252
18 1125
25 1456
19 1421
15 1239
15 1455
20 1055
23 1242
28 1367
14 1405
13 1177
15 1447
25 1010
14 1480
17 1238
19 1209
25 1060
14 1269
27 1125
27 1004
29 1376
27 1375
10 1474
23 1157
20 1000
17 1226
18 1391
18 1152
25 1047
22 1359
16 1134
17 1113
14 1349
16 1233
29 1179
10 1011
24 1373
18 1449
17 1177
20 1016
13 1026
16 1031
28 1136
19 1243
29 1189
29 1469
15 1372
12 1127
15 1055
29 1310
20 1298
20 1012
21 1465
22 1388
10 1205
10 1218
16 1091
19 1345
19 1456
12 1493
27 1124
17 1485
12 1457
10 1432
22 1224
22 1453
16 1492
29 1422
29 1262
21 1345
13 1423
29 1075
29 1281
10 1402
15 1382
11 1221
11 1377
15 1414
19 1328
16 1486
22 1020
15 1379
27 1230
28 1129
21 1420
15 1311
24 1117
28 1358
27 1468
25 1225
22 1440
25 1253
29 1059
12 1256
27 1198
11 1489
11 1391
11 1320
12 1099
16 1496
14 1493
20 1057
21 1074
18 1331
23 1141
25 1347
19 1439
16 1259
16 1494
23 1287
13 1180
28 1497
27 1338
23 1451
20 1242
20 1199
19 1183
26 1286
18 1059
13 1235
15 1222
24 1026
22 1145
23 1409
12 1318
11 1302
12 1291
24 1376
23 1279
28 1100
21 1425
17 1316
10 1403
14 1448
16 1350
21 1256
14 1090
11 1042
11 1280
28 1395
16 1493
22 1282
29 1164
28 1392
18 1185
29 1009
29 1299
26 1111
24 1295
21 1011
20 1462
14 1445
10 1085
15 1456
18 1271
25 1262
19 1371
10 1143
26 1230
13 1018
18 1204
10 1381
23 1044
16 1466
11 1220
12 1039
12 1063
19 1115
27 1130
29 1036
24 1104
14 1354
29 1296
10 1175
15 1341
19 1276
23 1008
25 1018
27 1463
22 1129
16 1388
29 1410
26 1475
10 1265
19 1291
21 1330
15 1454
20 1230
28 1240
20 1203
23 1068
15 1078
23 1484
19 1228
14 1281
18 1395
14 1451
10 1498
27 1453
14 1412
20 1398
29 1371
24 1240
27 1302
28 1157
16 1196
12 1107
15 1122
19 1227
21 1097
14 1150
29 1341
17 1064
22 1496
19 1461
29 1467
11 1452
10 1419
10 1183
14 1293
21 1412
29 1477
21 1140
14 1408
11 1007
19 1221
12 1455
23 1475
28 1375
14 1289
17 1269
27 1285
28 1104
14 1297
13 1496
16 1268
25 1448
10 1375
23 1404
22 1233
18 1069
19 1330
21 1332
21 1086
27 1109
21 1278
12 1453
24 1407
15 1055
25 1487
19 1178
23 1245
27 1219
26 1073
24 1277
15 1226
27 1291
27 1204
11 1124
20 1186
11 1262
29 1464
17 1362
11 1434
15 1100
12 1369
11 1324
27 1139
25 1197
20 1489
19 1185
26 1340
19 1311
20 1340
24 1184
11 1143
19 1134
15 1010
29 1202
19 1309
16 1154
16 1457
11 1193
15 1176
24 1088
14 1203
25 1266
13 1427
25 1197
10 1116
21 1099
14 1202
13 1411
15 1038
21 1077
20 1066
21 1380
20 1364
18 1036
19 1207
29 1261
19 1128
25 1292
22 1069
16 1196
17 1154
18 1067
10 1082
14 1044
13 1051
26 1164
24 1052
10 1226
29 1063
18 1317
14 1168
27 1162
15 1334
28 1354
24 1395
15 1430
28 1340
16 1046
27 1252
26 1326
22 1499
12 1367
21 1020
17 1316
29 1485
13 1034
23 1499
19 1384
26 1322
24 1292
26 1489
19 1160
23 1402
12 1218
26 1190
12 1159
24 1419
27 1415
20 1403
16 1392
23 1401
14 1224
14 1160
24 1480
23 1395
15 1300
25 1035
12 1065
19 1442
24 1151
17 1027
19 1169
22 1262
24 1340
24 1010
19 1113
24 1307
15 1161
23 1222
10 1049
25 1443
21 1445
12 1315
12 1089
23 1262
25 1084
15 1359
24 1403
25 1000
19 1301
25 1210
22 1392
15 1478
14 1045
26 1400
23 1247
24 1490
21 1312
16 1328
15 1006
15 1393
28 1107
21 1183
16 1123
23 1484
26 1213
27 1174
18 1215
24 1027
29 1290
15 1256
15 1266
17 1134
27 1377
11 1497
29 1065
11 1342
23 1369
10 1075
15 1098
10 1410
13 1371
25 1173
17 1210
13 1142
25 1296
18 1365
17 1408
19 1268
29 1122
17 1276
15 1070
18 1024
29 1470
20 1180
24 1121
14 1055
15 1020
29 1307
14 1348
28 1250
24 1003
14 1260
12 1262
14 1296
19 1458
10 1466
18 1478
24 1496
14 1477
16 1226
11 1206
25 1245
19 1242
22 1434
18 1019
25 1220
25 1483
23 1477
12 1396
17 1389
11 1448
25 1022
17 1288
25 1380
15 1395
18 1384
14 1288
27 1191
17 1167
24 1276
18 1067
13 1163
18 1333
22 1148
24 1049
24 1170
28 1014
23 1123
28 1372
23 1474
25 1423
29 1490
17 1474
13 1094
11 1056
12 1381
19 1066
14 1111
16 1381
27 1231
21 1367
18 1463
14 1238
21 1211
18 1160
11 1064
20 1433
29 1422
11 1033
20 1400
20 1474
11 1441
11 1024
22 1367
17 1015
19 1046
18 1472
19 1155
23 1158
21 1335
16 1281
13 1023
22 1403
26 1376
25 1392
20 1485
10 1100
11 1314
19 1316
12 1161
27 1186
17 1293
23 1234
13 1185
21 1461
15 1125
24 1014
15 1173
22 1468
18 1178
25 1368
11 1165
28 1133
27 1375
19 1168
15 1121
17 1053
22 1290
15 1360
20 1289
11 1105
25 1275
17 1457
29 1333
23 1281
27 1412
17 1391
12 1377
12 1294
22 1155
11 1465
28 1362
15 1172
28 1467
22 1365
28 1146
16 1230
16 1044
21 1332
23 1233
17 1413
27 1235
22 1411
23 1499
11 1192
10 1363
20 1325
25 1138
16 1036
26 1040
10 1038
25 1260
23 1462
16 1104
12 1471
10 1406
15 1201
13 1191
27 1444
20 1211
28 1126
15 1380
22 1356
18 1352
24 1433
23 1259
11 1131
13 1155
14 1421
29 1099
11 1428
28 1335
17 1233
14 1440
21 1046
23 1389
21 1063
24 1252
20 1261
18 1133
11 1137
29 1137
19 1400
11 1418
13 1351
27 1292
25 1136