4600 5000
27 1491
29 1165
28 1128
19 1379
11 1420
26 1104
13 1326
25 1397
16 1318
26 1428
17 1043
11 1471
17 1294
29 1444
15 1081
28 1017
25 1215
19 1086
10 1453
29 1026
15 1395
21 1166
12 1166
25 1478
13 1357
23 1411
19 1010
23 1338
10 1130
17 1114
17 1039
29 1368
29 1278
20 1008
23 1179
12 1053
29 1068
17 1192
26 1325
17 1339
20 1284
25 1496
13 1403
20 1076
15 1217
26 1014
13 1488
17 1359
17 1479
23 1152
13 1317
28 1166
20 1065
15 1271
24 1209
21 1414
18 1233
21 1053
11 1356
26 1090
21 1216
12 1403
13 1045
26 1131
28 1005
19 1432
14 1106
22 1448
10 1470
26 1287
27 1377
10 1112
11 1261
11 1354
18 1275
10 1154
28 1271
21 1289
22 1236
11 1289
10 1062
10 1203
14 1104
27 1336
14 1211
24 1469
27 1311
16 1159
24 1035
18 1424
16 1070
18 1428
14 1074
16 1055
26 1327
28 1386
21 1043
19 1110
28 1229
28 1062
28 1108
17 1310
27 1335
18 1474
25 1421
14 1192
28 1386
10 1456
26 1464
12 1444
25 1298
10 1121
11 1110
28 1314
13 1158
19 1261
20 1264
20 1412
26 1497
18 1068
22 1048
11 1430
16 1496
20 1278
21 1127
16 1044
10 1196
21 1317
28 1343
11 1356
14 1352
13 1075
19 1185
14 1363
17 1217
20 1325
18 1297
28 1023
11 1193
18 1015
18 1072
10 1057
26 1049
20 1208
23 1078
24 1424
12 1241
19 1113
25 1402
16 1046
16 1258
22 1474
23 1001
17 1000
14 1483
23 1199
20 1173
15 1124
28 1355
16 1225
19 1059
29 1219
23 1024
21 1075
23 1326
22 1285
25 1330
20 1105
24 1056
27 1338
13 1155
12 1151
24 1414
23 1450
16 1245
16 1048
29 1330
27 1198
26 1046
18 1312
27 1416
19 1054
14 1303
25 1120
29 1487
13 1164
13 1003
29 1019
14 1387
21 1336
19 1459
20 1436
11 1143
19 1270
29 1066
21 1108
19 1327
14 1036
11 1310
11 1394
24 1294
10 1330
22 1101
18 1238
18 1210
11 1116
14 1180
12 1366
25 1382
10 1381
29 1296
19 1086
21 1499
20 1167
24 1130
25 1237
20 1364
14 1327
14 1191
15 1322
18 1081
24 1494
10 1143
28 1264
17 1142
11 1246
25 1142
13 1198
27 1262
15 1111
20 1002
29 1069
12 1421
20 1039
19 1235
11 1166
10 1056
27 1103
23 1204
24 1404
22 1148
12 1008
29 1440
29 1130
11 1182
18 1131
20 1324
11 1403
20 1100
27 1079
28 1323
29 1094
10 1168
25 1023
28 1431
19 1118
29 1258
12 1148
22 1369
18 1148
28 1233
22 1430
28 1282
19 1240
13 1396
22 1289
23 1372
17 1135
26 1211
16 1104
15 1230
16 1381
24 1326
14 1059
22 1076
20 1135
11 1245
18 1096
25 1283
23 1408
15 1125
19 1101
16 1170
17 1323
14 1141
25 1046
16 1283
18 1215
16 1192
25 1171
13 1154
23 1334
26 1490
28 1241
12 1391
29 1297
18 1265
28 1141
24 1385
15 1273
16 1196
29 1188
16 1171
13 1054
15 1273
17 1037
27 1183
26 1356
28 1297
12 1307
24 1015
19 1053
21 1462
21 1457
11 1117
13 1275
26 1302
23 1033
28 1005
24 1235
12 1477
25 1339
19 1392
15 1465
23 1284
11 1141
29 1145
20 1115
12 1109
11 1033
13 1428
20 1300
12 1190
15 1224
17 1226
22 1113
15 1135
20 1251
23 1003
20 1209
17 1021
18 1459
28 1208
12 1212
17 1484
10 1364
19 1355
19 1365
22 1338
26 1366
29 1258
26 1333
23 1351
16 1406
23 1271
16 1048
25 1041
17 1199
11 1323
20 1427
16 1014
27 1088
13 1158
25 1058
25 1166
13 1436
18 1078
28 1301
28 1193
12 1245
25 1075
17 1337
13 1448
25 1200
19 1291
22 1343
24 1457
11 1394
22 1160
11 1437
26 1333
21 1317
10 1238
28 1268
24 1243
10 1206
22 1251
20 1298
23 1200
20 1405
17 1445
20 1236
16 1094
22 1128
22 1474
26 1291
13 1267
12 1445
11 1363
17 1433
15 1004
22 1485
27 1152
12 1121
28 1407
14 1325
18 1083
28 1363
25 1326
16 1232
18 1254
27 1201
10 1360
11 1233
23 1416
22 1488
27 1075
27 1222
13 1111
11 1271
23 1201
18 1051
20 1473
27 1307
24 1070
26 1460
22 1135
10 1217
16 1240
23 1281
26 1151
11 1071
17 1126
28 1331
18 1229
19 1285
23 1087
19 1287
21 1244
10 1332
12 1477
29 1444
20 1044
21 1356
19 1498
21 1183
14 1238
12 1117
12 1467
25 1349
19 1148
26 1010
13 1125
14 1347
11 1375
17 1304
17 1191
24 1327
16 1423
27 1068
15 1331
10 1153
21 1334
28 1208
17 1445
12 1417
22 1072
12 1316
12 1370
16 1036
15 1447
28 1179
17 1314
24 1487
24 1094
23 1422
28 1234
20 1314
21 1467
18 1091
14 1320
29 1443
22 1386
14 1134
21 1394
26 1485
29 1364
24 1334
25 1117
18 1455
27 1070
22 1237
26 1254
27 1087
22 1241
21 1050
23 1336
25 1450
29 1260
24 1152
21 1433
18 1492
29 1268
13 1045
17 1251
29 1369
18 1295
15 1116
11 1499
27 1017
27 1428
11 1457
19 1104
19 1460
15 1277
13 1497
13 1254
29 1482
18 1175
17 1188
22 1342
25 1407
23 1283
10 1322
16 1385
18 1166
12 1353
16 1483
29 1265
23 1112
29 1045
23 1411
26 1280
24 1162
17 1130
16 1254
29 1101
27 1014
27 1372
13 1414
15 1064
26 1279
22 1036
26 1254
15 1382
18 1311
10 1363
22 1028
22 1476
17 1302
16 1441
11 1301
29 1238
19 1312
29 1384
15 1032
13 1237
18 1428
25 1219
24 1343
14 1105
21 1400
12 1056
16 1170
25 1303
20 1225
23 1074
13 1412
21 1127
24 1450
15 1224
28 1209
25 1135
29 1088
26 1158
27 1485
14 1492
11 1482
16 1088
25 1057
26 1038
26 1123
10 1059
12 1407
25 1058
15 1463
27 1332
27 1023
24 1230
17 1069
26 1040
19 1259
22 1066
25 1265
23 1419
24 1436
10 1025
26 1370
29 1291
13 1155
29 1296
25 1049
22 1465
17 1498
15 1200
18 1347
11 1133
24 1223
15 1066
29 1381
18 1311
24 1462
28 1295
26 1194
13 1245
19 1349
19 1473
14 1309
20 1225
19 1102
24 1225
22 1222
17 1412
18 1355
19 1109
21 1173
29 1353
25 1160
28 1351
14 1322
20 1427
11 1412
21 1177
18 1353
19 1386
11 1301
10 1250
25 1261
29 1360
12 1191
14 1330
13 1141
15 1056
26 1278
21 1184
12 1185
14 1217
27 1176
13 1480
13 1469
17 1094
18 1178
27 1236
14 1193
14 1203
27 1145
17 1271
29 1317
23 1001
15 1338
21 1337
10 1082
11 1478
11 1143
15 1380
18 1165
28 1088
23 1379
19 1190
19 1301
10 1334
27 1105
28 1128
15 1478
13 1399
16 1013
28 1494
25 1191
21 1430
15 1195
26 1060
21 1141
21 1090
25 1433
21 1389
28 1403
27 1403
24 1323
14 1436
24 1036
12 1135
24 1065
23 1118
27 1235
13 1427
26 1159
10 1373
14 1470
27 1489
24 1335
29 1048
17 1151
14 1308
27 1229
26 1349
22 1392
18 1440
12 1410
27 1323
11 1065
14 1432
21 1345
27 1471
12 1286
26 1445
23 1144
28 1170
15 1095
26 1062
26 1091
13 1215
25 1028
18 1423
12 1256
13 1382
21 1483
22 1155
21 1418
24 1307
12 1007
20 1423
15 1328
15 1388
26 1370
25 1018
27 1070
19 1296
25 1145
18 1007
16 1182
27 1374
10 1048
16 1285
28 1179
13 1267
10 1476
14 1398
26 1341
23 1282
22 1051
24 1295
29 1282
20 1389
18 1090
26 1490
16 1414
16 1296
12 1252
15 1201
17 1334
11 1414
16 1490
26 1131
18 1249
24 1435
26 1375
29 1496
27 1416
23 1190
24 1293
21 1354
25 1010
25 1364
22 1314
29 1363
21 1439
11 1110
25 1203
23 1016
10 1395
14 1126
23 1168
21 1238
13 1311
10 1203
22 1473
16 1172
14 1072
24 1255
28 1347
13 1113
29 1208
26 1489
17 1186
15 1147
16 1417
20 1387
16 1313
22 1256
20 1334
29 1491
11 1001
15 1481
25 1310
27 1044
19 1014
12 1401
12 1229
27 1068
11 1302
18 1465
10 1258
17 1066
18 1127
26 1375
14 1281
17 1319
19 1290
11 1146
11 1234
21 1334
10 1077
29 1138
29 1365
18 1216
29 1241
11 1310
28 1177
11 1083
23 1321
15 1179
25 1026
18 1189
26 1433
27 1031
21 1426
15 1329
13 1273
13 1429
27 1213
17 1189
22 1356
18 1261
23 1234
13 1298
17 1375
12 1410
13 1256
15 1448
21 1325
20 1014
29 1419
26 1246
21 1134
19 1351
25 1343
29 1423
17 1379
10 1272
28 1107
18 1356
22 1360
22 1405
14 1353
25 1119
26 1109
16 1161
13 1210
13 1218
23 1043
26 1035
24 1398
22 1316
29 1455
24 1127
17 1246
27 1458
16 1203
17 1428
27 1286
25 1311
12 1473
16 1400
20 1265
15 1200
26 1499
11 1095
12 1052
21 1415
10 1308
18 1410
20 1413
19 1462
21 1229
29 1008
21 1407
14 1323
26 1041
28 1253
26 1182
20 1491
23 1357
16 1231
16 1061
15 1147
10 1348
21 1156
28 1174
21 1012
27 1193
27 1165
29 1459
29 1452
22 1367
12 1379
11 1030
11 1063
16 1432
10 1067
10 1288
28 1343
15 1270
21 1222
12 1274
21 1425
14 1029
21 1454
14 1247
19 1054
28 1124
17 1321
28 1339
16 1002
25 1136
23 1272
12 1462
19 1457
24 1352
27 1108
16 1170
27 1444
17 1392
25 1000
17 1466
11 1040
24 1082
11 1365
10 1279
21 1368
13 1150
21 1498
15 1498
25 1391
11 1312
29 1359
14 1270
20 1395
16 1493
12 1185
22 1470
23 1381
20 1147
25 1315
11 1486
10 1349
28 1052
18 1033
17 1065
19 1059
23 1212
18 1068
21 1198
17 1370
11 1116
19 1445
29 1207
26 1119
19 1340
16 1242
27 1377
17 1209
17 1405
16 1425
15 1471
11 1438
10 1362
23 1319
23 1374
18 1239
11 1370
14 1356
16 1167
27 1472
26 1435
28 1438
16 1036
12 1337
26 1049
21 1345
13 1103
21 1405
14 1064
28 1109
16 1322
28 1485
25 1436
28 1453
17 1432
17 1455
13 1143
21 1131
15 1136
14 1265
11 1096
25 1158
19 1310
25 1123
16 1296
10 1090
15 1401
24 1437
11 1075
24 1052
20 1023
24 1252
27 1197
17 1310
29 1441
23 1287
18 1249
22 1461
17 1070
27 1386
17 1110
25 1343
20 1421
26 1015
26 1451
19 1465
29 1174
29 1063
25 1024
18 1240
19 1386
19 1186
19 1364
28 1349
20 1494
25 1423
10 1057
10 1268
11 1474
12 1443
27 1221
13 1474
22 1390
20 1135
12 1113
12 1413
22 1001
16 1048
23 1194
29 1034
19 1484
15 1442
27 1386
21 1365
29 1197
21 1373
21 1434
10 1201
21 1262
25 1471
22 1399
17 1098
17 1391
28 1214
15 1248
15 1018
13 1453
12 1451
12 1102
28 1149
11 1023
25 1187
14 1325
15 1247
25 1423
26 1358
20 1164
22 1360
26 1115
12 1339
23 1302
28 1249
12 1412
23 1482
21 1285
14 1002
14 1398
21 1476
22 1004
11 1202
28 1474
17 1390
27 1363
10 1134
23 1230
20 1181
16 1374
13 1331
29 1295
29 1456
24 1494
24 1094
16 1448
12 1493
26 1467
29 1376
27 1180
27 1268
21 1274
28 1475
16 1082
25 1274
23 1462
26 1334
16 1192
24 1306
16 1093
13 1153
18 1438
29 1382
12 1038
25 1407
28 1199
12 1150
20 1403
26 1103
24 1221
13 1025
25 1043
22 1242
17 1132
27 1049
11 1351
22 1372
25 1146
22 1428
23 1278
13 1467
19 1324
21 1120
28 1205
28 1268
10 1219
18 1284
26 1416
29 1269
11 1127
29 1324
21 1076
14 1374
22 1418
15 1139
16 1466
16 1328
25 1399
16 1203
20 1054
17 1014
20 1093
18 1189
25 1351
11 1318
25 1055
19 1411
26 1305
21 1123
25 1144
10 1097
11 1154
14 1441
14 1062
26 1292
16 1404
19 1470
13 1140
26 1126
10 1318
25 1417
17 1258
15 1084
14 1301
27 1242
24 1241
16 1000
22 1378
10 1417
19 1202
19 1370
11 1336
29 1100
28 1008
13 1227
23 1218
14 1000
22 1366
14 1133
16 1035
12 1348
26 1418
14 1349
18 1250
10 1255
11 1397
16 1085
29 1122
13 1065
29 1349
22 1235
12 1301
27 1267
24 1281
18 1005
20 1215
12 1448
21 1169
21 1126
15 1229
21 1398
13 1296
14 1405
20 1060
10 1287
12 1012
17 1099
22 1454
27 1107
17 1218
18 1269
12 1482
17 1437
12 1312
19 1201
18 1112
20 1365
24 1272
29 1181
19 1419
29 1441
25 1493
17 1436
23 1312
22 1297
20 1250
19 1399
28 1342
28 1299
28 1119
24 1429
25 1393
12 1121
19 1035
21 1385
27 1499
16 1440
15 1272
22 1224
21 1199
16 1313
26 1360
12 1372
14 1428
20 1160
16 1113
10 1022
16 1330
18 1241
10 1497
24 1478
29 1328
22 1320
22 1428
29 1355
11 1188
19 1072
15 1283
12 1134
16 1496
14 1435
14 1164
27 1224
19 1484
28 1355
19 1457
18 1328
25 1325
13 1378
20 1042
13 1088
22 1217
14 1491
24 1038
24 1012
18 1336
25 1473
22 1026
22 1196
28 1176
18 1194
29 1005
14 1348
14 1350
11 1164
24 1440
23 1338
25 1448
26 1459
25 1187
20 1003
21 1495
26 1419
19 1461
25 1345
29 1382
10 1166
16 1230
26 1053
21 1425
24 1394
23 1318
18 1033
27 1043
19 1287
21 1150
19 1387
14 1261
20 1186
26 1222
15 1079
24 1403
26 1400
23 1494
27 1322
12 1321
15 1243
13 1279
23 1359
14 1410
14 1386
24 1148
26 1142
26 1484
20 1174
20 1473
17 1431
24 1168
10 1215
19 1376
14 1475
17 1112
22 1254
17 1189
22 1452
20 1111
17 1447
24 1123
17 1252
29 1293
26 1306
12 1079
16 1475
23 1141
10 1182
11 1391
24 1098
23 1194
25 1122
16 1491
10 1201
25 1026
23 1090
29 1015
20 1462
26 1278
10 1196
15 1261
20 1173
19 1414
27 1008
25 1415
12 1274
24 1174
24 1468
16 1450
11 1304
24 1326
11 1467
25 1031
29 1341
20 1309
26 1312
11 1205
13 1056
17 1014
25 1310
23 1335
11 1484
22 1357
22 1111
13 1445
18 1053
22 1417
25 1178
22 1034
23 1126
16 1029
11 1122
16 1410
26 1347
18 1491
17 1247
10 1008
10 1033
17 1308
18 1361
22 1055
23 1050
27 1066
12 1311
11 1207
11 1036
13 1439
18 1428
10 1075
10 1241
24 1022
28 1270
10 1291
13 1472
21 1084
15 1210
22 1144
21 1237
12 1330
20 1371
17 1460
20 1165
29 1412
11 1324
11 1124
16 1204
17 1442
23 1480
15 1310
15 1311
10 1136
19 1063
16 1192
13 1237
26 1105
26 1259
28 1126
27 1242
16 1495
21 1183
18 1481
21 1056
16 1467
16 1196
16 1499
22 1230
17 1084
27 1239
13 1123
27 1017
27 1178
17 1476
15 1055
20 1081
19 1384
10 1329
11 1335
10 1407
27 1134
21 1135
15 1141
16 1080
24 1277
24 1442
15 1276
25 1329
17 1176
22 1479
17 1104
27 1364
29 1263
20 1141
27 1372
26 1407
15 1245
27 1032
19 1459
26 1326
15 1454
24 1041
25 1050
20 1488
25 1409
21 1476
16 1304
28 1322
22 1304
19 1208
19 1368
11 1261
15 1092
26 1135
23 1023
11 1163
13 1390
15 1447
27 1466
16 1013
12 1489
26 1088
25 1117
16 1081
20 1300
10 1411
20 1387
11 1089
10 1396
23 1477
20 1187
12 1280
21 1316
14 1463
20 1330
16 1406
28 1378
29 1044
28 1203
28 1095
12 1422
17 1109
29 1396
12 1176
17 1001
28 1044
29 1141
18 1100
26 1099
16 1092
25 1245
23 1448
19 1447
23 1303
20 1350
14 1412
22 1088
16 1269
26 1435
10 1113
19 1371
11 1192
19 1113
17 1294
14 1031
20 1479
20 1481
19 1206
20 1252
23 1392
17 1471
23 1039
21 1002
29 1334
18 1181
13 1427
23 1440
11 1094
22 1130
27 1118
26 1088
18 1023
27 1192
27 1047
14 1061
28 1014
23 1482
12 1250
27 1101
25 1372
11 1394
18 1458
20 1037
18 1478
26 1101
18 1051
16 1331
12 1300
21 1073
29 1049
10 1294
29 1467
15 1086
24 1227
23 1196
25 1305
23 1498
13 1357
10 1006
20 1054
28 1482
23 1385
26 1020
19 1333
15 1148
23 1050
13 1044
20 1399
27 1047
29 1413
25 1245
26 1065
23 1491
26 1341
26 1348
22 1364
21 1017
13 1171
13 1152
18 1440
27 1453
15 1197
18 1021
11 1075
27 1409
19 1278
11 1100
10 1345
11 1392
21 1038
16 1302
11 1497
20 1400
21 1311
18 1167
16 1407
25 1479
17 1258
12 1245
13 1215
18 1115
25 1095
13 1428
23 1166
11 1441
19 1387
15 1417
24 1213
21 1190
18 1170
12 1441
25 1496
27 1316
16 1101
28 1023
23 1081
15 1262
21 1268
12 1390
15 1019
23 1164
17 1247
11 1440
14 1278
25 1070
20 1273
21 1156
15 1402
10 1215
12 1494
11 1056
23 1447
28 1096
10 1032
17 1107
26 1051
28 1400
10 1197
18 1028
21 1456
28 1059
19 1378
17 1227
14 1067
28 1080
26 1068
17 1201
28 1109
13 1323
28 1262
10 1479
26 1484
26 1047
23 1296
27 1447
12 1100
10 1103
14 1009
12 1003
25 1075
27 1425
19 1385
11 1090
26 1252
16 1121
26 1134
12 1130
11 1476
23 1347
17 1319
18 1106
23 1339
26 1402
15 1249
18 1009
18 1336
28 1303
26 1479
26 1188
20 1112
22 1057
28 1261
14 1220
22 1145
11 1282
10 1322
21 1486
23 1042
26 1363
26 1067
19 1450
29 1299
10 1432
27 1075
22 1419
27 1360
18 1148
17 1327
23 1346
10 1298
13 1185
19 1073
17 1381
11 1229
10 1320
26 1019
19 1441
16 1072
17 1388
29 1221
21 1022
21 1470
12 1231
13 1119
24 1187
29 1388
16 1436
27 1014
18 1055
26 1238
16 1359
25 1043
27 1118
17 1480
10 1133
29 1128
17 1407
25 1414
21 1162
11 1179
19 1367
16 1052
25 1021
17 1271
10 1199
13 1397
27 1357
26 1301
13 1222
15 1262
17 1330
14 1309
16 1176
11 1256
21 1193
25 1339
27 1205
13 1014
28 1290
13 1044
27 1206
28 1482
24 1359
14 1445
19 1316
10 1443
27 1262
16 1056
25 1028
26 1492
14 1013
15 1380
16 1279
21 1297
18 1005
29 1267
12 1369
23 1236
28 1291
29 1094
15 1287
16 1244
24 1093
25 1184
27 1364
12 1207
16 1470
14 1259
10 1341
11 1127
23 1312
17 1233
17 1457
15 1486
15 1383
12 1191
18 1361
24 1230
28 1015
17 1180
26 1005
11 1261
24 1182
17 1481
25 1214
13 1386
13 1199
12 1423
25 1285
16 1479
10 1156
11 1266
28 1247
16 1278
18 1197
28 1118
26 1285
11 1373
17 1094
12 1291
12 1478
17 1314
28 1163
27 1469
21 1057
12 1234
24 1282
19 1399
20 1191
13 1334
17 1145
11 1167
23 1456
15 1165
22 1199
24 1045
19 1355
17 1461
15 1094
11 1365
13 1221
24 1022
21 1096
24 1180
14 1282
20 1489
26 1294
23 1235
22 1035
15 1429
21 1289
20 1147
18 1264
10 1042
24 1134
13 1178
20 1280
11 1159
21 1475
29 1333
19 1144
20 1339
11 1060
14 1197
25 1137
12 1307
13 1112
19 1414
29 1123
15 1311
15 1162
11 1153
21 1428
10 1024
19 1469
28 1313
15 1369
24 1187
12 1367
29 1293
14 1350
13 1483
20 1158
25 1132
23 1358
28 1166
12 1155
22 1003
11 1207
16 1203
12 1102
18 1195
20 1411
24 1144
14 1006
10 1062
13 1434
11 1258
28 1413
19 1479
19 1173
28 1055
13 1005
12 1042
25 1332
14 1279
24 1475
10 1388
15 1476
19 1426
26 1170
16 1189
27 1073
13 1261
14 1098
25 1491
22 1381
23 1122
17 1452
13 1146
11 1460
16 1085
16 1068
23 1267
11 1347
18 1420
12 1172
11 1346
29 1372
20 1365
25 1177
23 1222
28 1246
10 1428
11 1143
15 1372
17 1477
25 1143
28 1050
22 1042
15 1338
15 1013
14 1454
29 1487
14 1430
27 1163
17 1300
10 1420
23 1498
21 1243
10 1278
14 1006
25 1251
10 1442
19 1006
12 1054
13 1458
11 1404
29 1033
12 1451
13 1383
28 1238
29 1174
26 1363
16 1285
28 1208
17 1364
17 1385
18 1023
13 1370
19 1334
11 1043
11 1033
18 1361
15 1357
18 1025
12 1008
15 1472
28 1052
19 1499
16 1193
15 1003
29 1203
26 1403
10 1095
27 1349
26 1427
15 1008
18 1354
13 1209
24 1224
12 1088
19 1462
27 1028
21 1148
17 1130
17 1491
21 1456
11 1257
23 1494
11 1162
21 1334
25 1085
26 1307
21 1010
15 1442
29 1475
14 1430
12 1150
26 1408
19 1091
23 1211
10 1025
15 1151
12 1376
24 1418
17 1089
11 1121
13 1282
24 1080
13 1284
20 1098
29 1006
20 1443
22 1323
28 1446
20 1347
24 1407
27 1262
17 1057
19 1007
22 1239
18 1334
21 1450
19 1104
22 1114
10 1004
29 1105
17 1016
20 1087
11 1252
15 1058
24 1147
23 1372
23 1011
10 1472
25 1304
19 1314
28 1257
16 1396
27 1169
12 1363
15 1112
22 1098
20 1353
20 1285
21 1492
24 1264
14 1047
15 1209
14 1088
11 1057
11 1416
24 1014
28 1030
13 1141
13 1325
14 1329
17 1345
14 1231
22 1287
16 1118
12 1192
16 1497
13 1494
27 1034
16 1135
12 1490
14 1313
21 1105
18 1275
23 1145
12 1067
19 1377
16 1115
11 1476
12 1286
11 1465
22 1032
28 1017
20 1464
13 1431
20 1120
16 1127
21 1197
20 1076
17 1113
12 1262
17 1224
20 1468
28 1377
21 1038
27 1233
13 1066
14 1094
24 1415
17 1407
19 1287
13 1420
23 1246
10 1011
26 1162
25 1412
27 1207
22 1017
27 1205
20 1273
12 1415
23 1451
10 1218
28 1420
29 1414
10 1127
28 1029
18 1276
16 1417
22 1369
15 1000
20 1223
14 1049
21 1231
12 1165
18 1098
19 1322
26 1109
21 1440
22 1489
26 1225
24 1343
22 1085
20 1319
26 1048
26 1470
26 1275
24 1236
21 1062
17 1356
12 1478
16 1223
26 1326
15 1226
12 1302
13 1034
25 1346
15 1306
19 1200
10 1138
14 1317
23 1090
28 1102
11 1032
10 1007
22 1192
15 1365
21 1343
14 1486
10 1044
19 1147
17 1252
22 1360
28 1235
23 1158
20 1085
12 1113
21 1453
25 1073
11 1334
28 1320
13 1308
14 1349
10 1038
23 1147
17 1063
23 1084
24 1168
18 1125
28 1432
22 1252
17 1354
12 1024
10 1165
14 1107
15 1070
27 1205
23 1338
13 1095
21 1428
20 1006
19 1244
12 1184
16 1374
29 1200
29 1337
29 1098
22 1069
27 1191
17 1244
14 1138
17 1290
16 1279
25 1084
12 1172
22 1328
11 1083
14 1186
27 1327
14 1323
27 1230
20 1003
25 1302
13 1297
18 1048
14 1369
19 1232
24 1425
13 1187
27 1219
11 1270
11 1478
14 1231
18 1467
21 1429
11 1201
14 1116
18 1037
21 1039
26 1319
17 1277
25 1430
26 1059
16 1271
19 1203
10 1390
27 1290
13 1419
11 1094
14 1400
29 1198
15 1376
19 1062
16 1014
24 1162
10 1374
21 1217
15 1289
18 1436
20 1289
28 1190
26 1490
22 1366
20 1365
26 1032
14 1278
14 1280
26 1079
18 1184
23 1009
16 1179
28 1262
13 1201
14 1168
21 1208
18 1013
26 1288
15 1483
12 1199
27 1330
27 1027
16 1296
13 1409
23 1270
26 1048
16 1491
27 1026
16 1068
20 1114
12 1046
29 1123
18 1427
15 1427
29 1243
18 1107
14 1093
17 1186
18 1412
19 1211
20 1299
11 1307
12 1288
10 1022
28 1052
19 1316
14 1291
13 1403
19 1073
25 1349
26 1457
19 1040
14 1026
28 1403
11 1065
20 1356
27 1454
25 1460
14 1248
23 1429
15 1251
15 1377
11 1221
21 1089
26 1293
11 1397
28 1100
11 1280
18 1097
18 1218
19 1063
17 1148
28 1311
22 1337
12 1196
18 1287
16 1199
18 1396
27 1121
28 1123
11 1024
12 1286
11 1374
25 1365
15 1264
16 1493
15 1166
21 1428
29 1144
25 1196
14 1040
17 1030
21 1055
21 1003
14 1078
12 1367
26 1047
26 1344
29 1124
20 1120
24 1244
19 1221
10 1392
25 1053
20 1191
17 1436
15 1331
10 1466
26 1307
11 1145
12 1042
28 1344
25 1411
11 1299
21 1082
10 1373
19 1207
16 1453
29 1048
28 1137
20 1347
14 1037
20 1449
15 1499
11 1187
16 1317
29 1457
19 1016
18 1094
15 1417
24 1209
18 1447
19 1190
18 1301
13 1108
24 1466
20 1025
21 1160
10 1443
28 1050
24 1170
19 1473
21 1046
15 1335
16 1023
19 1283
16 1200
12 1399
27 1090
14 1441
23 1250
15 1446
16 1249
16 1344
29 1207
14 1234
22 1498
20 1041
29 1391
16 1421
25 1111
14 1365
25 1359
28 1148
18 1173
19 1088
16 1085
16 1122
22 1271
19 1431
13 1404
14 1399
18 1461
24 1362
12 1056
14 1430
15 1358
15 1203
25 1141
12 1318
25 1176
29 1372
25 1184
15 1040
18 1196
14 1421
25 1449
22 1295
24 1067
28 1373
13 1447
20 1104
24 1341
29 1394
25 1031
15 1371
11 1024
16 1122
29 1383
17 1489
23 1133
20 1452
17 1339
14 1031
15 1317
14 1278
18 1342
22 1140
17 1133
10 1245
16 1224
23 1106
17 1193
16 1327
23 1199
25 1062
13 1414
22 1060
10 1146
21 1358
17 1457
22 1058
29 1085
23 1233
14 1320
11 1181
16 1145
25 1464
20 1471
20 1499
26 1289
27 1114
24 1440
10 1210
16 1035
28 1467
18 1324
11 1406
21 1057
19 1474
27 1440
16 1028
19 1308
13 1447
21 1234
22 1191
17 1469
28 1309
21 1128
19 1037
12 1010
17 1343
29 1109
22 1032
23 1005
28 1242
13 1208
22 1117
21 1355
24 1328
25 1282
14 1127
23 1056
26 1157
21 1260
26 1240
14 1159
22 1071
29 1227
19 1267
13 1247
13 1276
24 1496
13 1060
19 1380
11 1095
19 1474
13 1372
29 1348
24 1286
17 1294
19 1173
13 1030
20 1323
19 1195
11 1282
27 1264
19 1377
10 1192
29 1382
18 1158
27 1440
18 1480
13 1246
25 1077
29 1204
20 1047
11 1202
16 1488
20 1451
22 1482
21 1017
13 1092
24 1292
27 1098
20 1409
11 1351
20 1216
18 1228
22 1310
17 1417
17 1132
17 1064
17 1380
23 1338
26 1365
26 1006
27 1099
11 1089
20 1487
17 1411
13 1105
14 1358
22 1307
11 1400
22 1297
22 1201
28 1464
27 1284
10 1229
19 1483
12 1110
25 1332
27 1212
28 1123
13 1044
27 1378
14 1235
20 1392
10 1380
17 1020
11 1101
17 1360
11 1082
17 1214
12 1196
29 1235
12 1302
13 1093
29 1106
23 1412
11 1318
21 1331
29 1313
23 1491
17 1270
10 1024
20 1478
14 1344
29 1286
21 1244
18 1435
24 1466
24 1054
19 1458
23 1164
21 1331
25 1178
20 1161
15 1270
27 1169
27 1084
15 1122
24 1073
23 1001
29 1220
15 1226
23 1228
20 1422
14 1084
19 1033
29 1001
19 1354
18 1272
26 1125
18 1405
16 1298
18 1295
15 1065
20 1435
19 1253
11 1092
10 1051
11 1249
26 1425
25 1152
18 1230
16 1047
15 1276
21 1153
20 1012
15 1020
23 1320
15 1047
29 1416
19 1299
14 1029
13 1469
19 1451
24 1411
14 1466
19 1119
18 1320
19 1437
28 1099
23 1376
21 1195
25 1250
10 1240
28 1453
21 1060
10 1127
17 1141
29 1387
11 1467
12 1330
26 1116
10 1327
11 1257
24 1009
15 1247
17 1170
15 1308
23 1045
13 1422
18 1286
11 1405
18 1347
29 1084
17 1473
24 1117
18 1014
18 1261
23 1174
13 1151
12 1496
23 1014
27 1061
28 1430
28 1469
16 1318
29 1244
28 1187
17 1285
20 1023
22 1055
23 1231
16 1159
12 1278
11 1414
25 1236
10 1075
27 1364
29 1361
13 1382
11 1392
16 1035
14 1026
14 1165
17 1132
17 1152
14 1028
11 1349
23 1495
20 1269
22 1460
16 1071
25 1473
28 1029
16 1022
17 1318
19 1065
11 1472
10 1045
23 1260
26 1490
27 1348
28 1050
22 1029
15 1145
19 1100
17 1363
28 1318
23 1355
16 1370
26 1093
14 1438
26 1327
16 1068
11 1499
15 1397
19 1385
10 1046
20 1063
24 1001
19 1095
26 1357
12 1468
10 1067
27 1143
27 1055
26 1493
11 1028
19 1477
17 1343
19 1445
28 1146
10 1479
15 1195
12 1456
26 1174
20 1168
29 1227
19 1347
23 1128
12 1472
24 1250
12 1305
25 1359
26 1399
11 1080
26 1199
20 1422
21 1088
20 1199
16 1071
14 1158
11 1491
12 1197
20 1447
28 1176
28 1118
19 1363
21 1349
28 1197
12 1367
27 1145
18 1068
12 1336
13 1057
15 1281
22 1151
12 1068
28 1119
23 1291
13 1033
11 1361
14 1465
17 1248
20 1077
17 1472
24 1353
15 1435
14 1135
28 1114
16 1065
25 1291
22 1279
22 1101
14 1024
16 1079
17 1275
11 1249
18 1012
17 1442
29 1070
24 1214
22 1020
16 1137
15 1441
25 1234
27 1282
23 1266
17 1251
21 1226
26 1284
11 1227
19 1336
29 1066
27 1075
14 1161
11 1169
26 1053
15 1082
10 1048
26 1185
22 1425
11 1011
25 1277
27 1128
27 1195
18 1351
11 1322
27 1183
18 1287
25 1254
11 1008
21 1349
11 1307
12 1342
11 1326
12 1440
17 1070
11 1424
16 1188
11 1302
21 1074
19 1326
11 1221
22 1044
22 1367
17 1440
24 1222
24 1253
15 1463
28 1167
12 1018
26 1373
24 1187
20 1310
27 1266
23 1038
19 1172
26 1137
20 1348
22 1383
17 1337
23 1139
19 1133
16 1024
21 1060
20 1306
27 1172
22 1250
10 1121
21 1430
17 1437
29 1298
18 1220
25 1030
23 1415
29 1375
26 1264
22 1406
25 1490
25 1254
28 1328
15 1091
13 1007
28 1126
20 1289
17 1294
18 1392
20 1199
13 1181
14 1058
14 1155
15 1146
14 1382
29 1396
13 1456
18 1143
16 1067
23 1121
26 1459
29 1431
18 1381
23 1026
21 1489
21 1451
12 1142
21 1066
12 1341
28 1245
17 1439
18 1421
12 1031
24 1242
25 1326
26 1373
12 1217
12 1377
27 1068
20 1184
14 1181
15 1345
23 1212
24 1231
26 1372
26 1025
11 1405
26 1441
28 1016
20 1041
14 1342
23 1369
10 1299
16 1370
14 1082
14 1154
27 1156
18 1072
10 1103
22 1373
24 1159
20 1103
23 1161
12 1134
21 1499
12 1382
22 1475
27 1259
26 1044
12 1350
23 1245
21 1175
20 1173
14 1081
18 1390
20 1184
15 1481
25 1173
21 1072
17 1434
27 1349
15 1266
20 1122
28 1033
21 1149
19 1232
11 1155
27 1111
13 1317
15 1362
10 1315
25 1294
25 1165
13 1338
27 1048
12 1452
15 1333
27 1082
26 1436
19 1233
21 1432
19 1083
11 1062
20 1201
20 1143
12 1460
25 1397
16 1475
12 1250
16 1245
20 1284
11 1145
12 1382
29 1273
22 1163
21 1218
22 1188
18 1473
13 1385
28 1318
22 1254
17 1230
19 1111
17 1235
12 1365
26 1373
18 1395
10 1345
22 1477
27 1008
14 1018
24 1115
26 1499
14 1027
11 1440
14 1472
15 1244
19 1156
12 1134
21 1443
13 1441
28 1250
18 1330
12 1182
17 1233
11 1472
22 1180
22 1162
25 1034
27 1138
18 1431
12 1339
17 1465
24 1298
18 1136
24 1138
14 1297
20 1149
27 1166
18 1402
14 1204
26 1187
29 1386
16 1094
26 1084
17 1313
11 1019
26 1217
26 1442
27 1265
14 1476
28 1422
23 1210
26 1130
28 1412
24 1080
14 1453
17 1266
13 1343
10 1157
20 1465
12 1045
15 1199
18 1058
23 1091
21 1428
16 1030
28 1166
26 1388
20 1064
15 1156
10 1443
23 1446
10 1365
25 1318
22 1466
19 1142
28 1329
29 1123
26 1089
14 1463
11 1127
15 1482
21 1123
25 1083
26 1456
27 1048
21 1040
13 1291
21 1373
19 1121
26 1286
16 1327
23 1277
27 1229
10 1267
23 1366
21 1021
11 1067
28 1282
24 1377
12 1496
14 1156
25 1152
15 1086
18 1082
12 1375
14 1279
26 1334
19 1122
14 1083
28 1444
16 1082
13 1453
17 1163
27 1340
21 1070
21 1133
22 1060
25 1156
27 1472
11 1062
15 1076
12 1054
24 1192
25 1442
28 1132
10 1359
15 1209
16 1188
11 1448
23 1057
20 1371
21 1111
19 1383
26 1396
22 1341
14 1365
18 1408
24 1335
21 1380
12 1015
12 1205
12 1462
27 1393
21 1485
27 1188
16 1327
22 1111
22 1008
22 1080
16 1365
18 1291
10 1168
18 1458
14 1227
10 1245
10 1182
23 1167
12 1043
27 1193
14 1190
16 1135
18 1052
29 1358
26 1457
19 1334
23 1307
18 1115
26 1228
10 1247
22 1341
19 1315
13 1143
20 1216
15 1463
29 1417
11 1148
17 1179
16 1314
15 1266
26 1486
16 1196
10 1174
22 1457
12 1158
19 1372
17 1260
26 1065
11 1406
21 1496
16 1230
10 1149
25 1195
19 1165
14 1261
24 1240
24 1387
16 1406
12 1282
13 1046
20 1027
22 1039
22 1040
20 1364
16 1032
26 1030
15 1135
14 1401
26 1054
10 1094
12 1280
19 1232
26 1051
27 1468
29 1054
27 1220
15 1226
11 1073
18 1125
19 1073
23 1354
16 1011
19 1374
22 1192
14 1021
24 1127
13 1197
24 1426
12 1148
14 1246
23 1034
11 1197
21 1000
21 1212
10 1339
24 1067
28 1468
21 1054
29 1109
16 1187
25 1203
27 1376
10 1040
25 1313
18 1005
24 1265
28 1136
11 1419
13 1463
26 1430
10 1311
26 1040
28 1010
15 1099
10 1120
24 1157
13 1039
23 1251
18 1098
19 1322
29 1088
23 1349
15 1489
16 1113
18 1359
16 1098
20 1213
26 1297
24 1069
28 1065
29 1399
26 1457
18 1416
18 1372
19 1200
27 1063
11 1404
28 1275
14 1479
21 1008
18 1482
14 1188
29 1276
11 1099
12 1304
27 1474
18 1231
22 1216
26 1446
12 1452
25 1399
22 1406
29 1111
10 1321
24 1285
17 1428
19 1093
26 1163
28 1399
25 1004
12 1250
25 1393
25 1310
19 1036
11 1254
19 1307
26 1316
14 1092
29 1265
16 1266
29 1325
12 1374
23 1406
22 1376
13 1187
25 1487
15 1060
17 1266
25 1262
23 1472
11 1336
21 1220
28 1419
13 1499
17 1279
14 1385
28 1251
13 1016
10 1106
10 1282
24 1485
26 1156
27 1288
13 1323
28 1234
10 1084
27 1456
25 1211
19 1497
29 1483
13 1457
17 1426
27 1036
25 1334
27 1385
27 1285
23 1190
20 1385
10 1354
17 1400
22 1149
14 1047
22 1060
14 1194
28 1327
27 1234
28 1454
10 1487
25 1370
17 1223
11 1245
23 1191
12 1358
17 1079
26 1052
12 1181
18 1345
13 1157
15 1255
23 1030
25 1171
26 1212
10 1172
26 1027
24 1259
29 1000
14 1393
25 1314
22 1428
28 1225
29 1238
18 1027
14 1403
19 1232
24 1011
11 1340
17 1460
29 1131
24 1080
18 1489
23 1288
19 1278
15 1161
15 1041
21 1147
17 1277
14 1129
27 1304
26 1264
27 1062
29 1136
18 1351
13 1031
27 1127
27 1293
18 1170
21 1415
29 1498
15 1253
23 1353
19 1435
25 1425
13 1438
20 1081
21 1140
19 1204
23 1065
12 1412
27 1370
14 1499
10 1133
11 1373
24 1070
27 1474
23 1320
23 1400
17 1109
21 1359
27 1496
25 1198
19 1032
25 1445
10 1397
19 1030
20 1169
11 1345
10 1309
12 1116
14 1320
15 1470
14 1009
29 1090
21 1441
21 1398
15 1121
18 1288
24 1022
11 1131
11 1127
18 1095
14 1185
17 1155
11 1162
17 1125
27 1130
12 1420
12 1437
10 1430
14 1441
16 1247
24 1121
15 1137
26 1035
15 1079
24 1430
12 1352
29 1057
14 1233
24 1079
11 1210
15 1381
10 1439
19 1206
18 1224
25 1142
11 1395
15 1380
17 1062
24 1030
26 1030
24 1201
11 1200
26 1003
23 1434
21 1370
19 1018
14 1402
12 1403
16 1369
12 1433
21 1072
17 1479
28 1162
24 1463
24 1104
23 1487
23 1105
16 1001
16 1317
13 1080
16 1465
17 1147
20 1154
21 1077
11 1419
27 1253
29 1489
14 1210
16 1044
26 1007
10 1255
20 1431
22 1011
20 1031
15 1055
26 1056
15 1171
17 1372
14 1351
29 1447
28 1239
10 1349
16 1460
29 1260
19 1252
23 1319
18 1070
26 1188
19 1215
10 1183
19 1481
25 1442
13 1407
18 1083
10 1248
14 1277
26 1159
19 1131
16 1101
23 1383
21 1104
25 1077
29 1407
25 1235
19 1019
14 1473
12 1432
25 1490
16 1133
29 1266
14 1245
23 1180
17 1153
18 1285
13 1349
19 1450
27 1029
29 1487
17 1486
15 1182
26 1179
20 1017
10 1417
22 1136
15 1406
20 1261
23 1124
26 1126
17 1462
11 1463
29 1360
23 1374
10 1476
16 1288
29 1141
29 1478
13 1401
24 1406
25 1041
12 1319
22 1175
27 1074
28 1443
18 1295
10 1304
24 1394
15 1257
13 1088
21 1337
27 1295
26 1334
17 1033
18 1012
16 1279
16 1278
21 1300
11 1306
15 1407
16 1412
14 1180
10 1402
15 1450
14 1221
27 1231
25 1417
16 1340
19 1041
10 1417
20 1421
26 1455
13 1076
25 1367
16 1232
28 1036
27 1331
18 1368
21 1135
24 1012
19 1302
23 1476
13 1219
26 1416
29 1488
19 1242
11 1199
17 1006
22 1274
21 1400
26 1022
28 1491
10 1064
24 1356
11 1222
20 1059
13 1423
22 1341
12 1005
23 1266
28 1477
21 1107
11 1340
10 1451
16 1079
13 1334
26 1190
17 1246
12 1227
24 1102
26 1087
19 1240
12 1297
24 1280
25 1118
10 1281
12 1491
11 1371
22 1304
15 1052
10 1468
29 1091
13 1334
15 1421
29 1440
15 1380
14 1047
14 1226
29 1405
14 1491
27 1003
29 1054
22 1341
10 1348
17 1010
24 1098
11 1188
10 1363
20 1138
26 1276
24 1376
14 1409
16 1371
16 1116
27 1134
14 1332
19 1357
12 1378
27 1296
13 1132
15 1482
12 1484
24 1056
16 1363
13 1069
11 1140
23 1381
24 1459
27 1465
21 1055
22 1062
20 1162
12 1490
20 1095
14 1226
18 1119
12 1065
25 1294
17 1419
16 1050
15 1353
15 1353
13 1288
15 1273
24 1158
11 1259
19 1029
23 1434
16 1277
22 1178
27 1475
11 1055
22 1074
22 1311
11 1059
20 1145
25 1463
11 1412
23 1167
23 1303
17 1435
10 1093
10 1163
27 1281
27 1332
25 1483
12 1491
13 1132
15 1098
25 1382
18 1266
29 1402
23 1364
13 1044
29 1299
23 1379
25 1177
20 1155
11 1458
19 1485
12 1329
18 1063
15 1433
18 1018
14 1463
16 1477
21 1110
28 1349
29 1112
29 1203
16 1060
10 1173
13 1204
17 1194
15 1166
15 1389
11 1219
26 1222
17 1480
13 1019
26 1409
29 1079
14 1497
29 1134
25 1417
22 1236
28 1084
29 1129
12 1202
11 1417
21 1131
11 1431
25 1190
29 1351
16 1015
22 1372
20 1432
16 1430
24 1467
19 1224
27 1305
24 1012
29 1266
17 1355
17 1036
15 1098
26 1427
17 1061
19 1349
21 1204
22 1317
29 1389
21 1323
23 1453
25 1439
17 1241
22 1364
11 1391
17 1337
24 1341
17 1342
20 1445
16 1497
15 1365
22 1408
21 1270
15 1046
29 1482
20 1257
10 1334
18 1451
22 1099
20 1200
28 1025
23 1499
17 1400
25 1015
12 1446
15 1408
26 1170
19 1288
21 1343
21 1308
22 1117
11 1333
20 1058
21 1106
18 1127
27 1391
12 1295
16 1358
26 1085
11 1184
15 1123
13 1203
22 1345
18 1045
27 1475
21 1377
16 1021
29 1127
22 1404
27 1097
13 1467
15 1434
11 1012
21 1113
20 1172
29 1145
26 1174
22 1079
28 1365
12 1045
19 1482
13 1191
24 1393
23 1453
15 1149
11 1257
26 1252
10 1389
23 1188
14 1337
28 1058
20 1213
26 1015
24 1082
29 1374
10 1318
21 1175
17 1255
13 1177
28 1474
21 1276
27 1046
20 1495
16 1235
22 1115
19 1128
19 1258
10 1149
14 1047
16 1243
20 1294
25 1330
24 1465
19 1084
22 1073
27 1022
18 1148
15 1243
25 1455
18 1389
24 1104
23 1409
14 1065
14 1260
28 1091
18 1068
26 1384
21 1400
22 1465
23 1141
14 1479
17 1073
21 1099
10 1285
13 1245
20 1330
17 1088
27 1069
21 1422
21 1094
14 1140
19 1292
25 1432
10 1445
25 1455
16 1057
28 1135
10 1112
26 1042
12 1463
14 1060
13 1464
10 1313
24 1433
10 1107
29 1244
19 1188
11 1236
13 1157
13 1017
11 1230
12 1245
28 1218
12 1060
25 1167
26 1066
10 1237
10 1447
18 1437
26 1461
26 1428
29 1350
27 1071
19 1083
16 1340
27 1450
21 1456
12 1358
25 1378
18 1298
26 1301
27 1083
15 1244
13 1493
15 1480
11 1165
23 1321
17 1338
10 1270
15 1311
15 1266
24 1322
27 1046
22 1298
24 1056
15 1259
16 1432
10 1364
21 1105
27 1475
11 1156
29 1133
14 1281
22 1053
17 1331
11 1209
10 1400
29 1344
23 1043
17 1443
28 1376
28 1428
13 1294
28 1394
16 1014
21 1170
25 1138
10 1064
11 1330
14 1301
21 1312
25 1219
28 1390
29 1250
19 1390
19 1313
15 1211
12 1235
15 1154
23 1234
21 1348
14 1209
21 1219
21 1373
20 1371
14 1024
22 1339
18 1431
12 1051
28 1087
26 1360
21 1365
17 1129
11 1133
21 1270
18 1420
29 1361
24 1394
16 1469
26 1467
16 1066
10 1108
18 1042
23 1336
10 1497
10 1135
15 1265
11 1287
10 1100
23 1356
27 1274
28 1413
15 1451
17 1426
18 1223
28 1100
17 1352
13 1429
29 1124
19 1020
14 1004
20 1264
18 1074
24 1193
27 1110
11 1165
29 1260
20 1026
19 1114
27 1285
12 1080
14 1429
29 1372
14 1142
10 1025
22 1480
21 1147
19 1054
23 1008
15 1353
18 1152
28 1406
13 1449
27 1139
23 1105
28 1071
11 1340
28 1443
11 1470
13 1078
20 1250
19 1338
24 1031
27 1032
20 1139
15 1479
17 1301
24 1498
12 1077
14 1213
27 1082
11 1116
22 1444
18 1118
19 1215
24 1385
15 1271
29 1382
14 1153
18 1034
26 1079
12 1436
16 1298
21 1293
22 1405
28 1049
13 1176
20 1072
19 1025
18 1043
26 1484
12 1149
29 1318
18 1416
29 1032
25 1144
15 1320
24 1029
18 1035
13 1292
21 1297
22 1354
18 1376
29 1408
17 1255
21 1318
14 1173
24 1205
12 1311
11 1467
27 1099
20 1265
15 1107
12 1198
21 1375
28 1328
11 1087
22 1119
12 1485
21 1461
24 1492
16 1076
20 1458
16 1473
17 1301
25 1181
16 1310
21 1347
15 1312
21 1442
29 1049
16 1439
12 1455
24 1005
14 1499
19 1425
14 1420
10 1282
12 1152
14 1216
27 1080
13 1378
29 1378
20 1141
22 1404
14 1211
22 1197
12 1458
25 1116
21 1083
17 1395
11 1389
10 1234
12 1248
10 1211
23 1313
24 1387
28 1007
11 1372
20 1019
13 1133
18 1354
20 1337
10 1227
24 1022
23 1402
15 1000
12 1202
16 1095
15 1164
11 1085
26 1050
29 1247
19 1371
10 1199
19 1187
22 1004
17 1053
22 1219
17 1044
16 1037
11 1188
15 1043
15 1359
27 1018
25 1466
23 1225
21 1379
26 1049
25 1293
23 1408
16 1268
22 1176
29 1468
28 1458
10 1362
27 1266
14 1255
21 1451
15 1411
20 1099
17 1178
15 1119
16 1349
28 1459
28 1456
15 1094
19 1140
26 1137
29 1144
12 1308
21 1254
12 1150
23 1231
19 1442
25 1312
16 1250
17 1243
23 1081
19 1479
15 1466
29 1306
18 1288
16 1456
27 1339
13 1355
20 1436
26 1300
25 1298
20 1324
15 1069
11 1358
28 1376
22 1049
13 1478
20 1230
20 1294
15 1299
20 1015
11 1112
14 1103
18 1191
18 1415
11 1405
27 1153
28 1399
16 1115
24 1203
22 1385
13 1161
14 1032
10 1230
13 1297
28 1037
18 1142
13 1426
13 1414
14 1497
14 1074
13 1419
14 1302
13 1268
24 1298
17 1466
13 1423
29 1164
14 1165
13 1329
28 1056
22 1141
19 1006
27 1426
26 1303
12 1002
17 1018
11 1354
19 1182
13 1465
14 1316
29 1139
10 1053
25 1006
11 1439
12 1469
14 1393
25 1004
21 1252
12 1453
26 1461
11 1130
28 1353
15 1414
20 1162
19 1171
17 1342
29 1278
29 1277
17 1007
13 1419
14 1252
27 1115
10 1205
28 1354
20 1137
13 1185
20 1055
18 1479
10 1294
24 1362
17 1402
21 1210
26 1152
11 1022
13 1438
17 1031
25 1113
12 1242
11 1163
18 1071
27 1439
10 1137
28 1286
15 1317
18 1300
17 1235
17 1471
29 1330
28 1401
18 1172
25 1210
13 1229
29 1266
24 1124
17 1468
21 1018
15 1159
25 1259
26 1009
18 1400
17 1362
14 1381
23 1073
20 1056
10 1118
23 1422
13 1396
21 1390
14 1119
12 1331
20 1068
10 1001
19 1304
25 1240
12 1352
23 1497
23 1183
27 1296
29 1052
17 1276
25 1066
10 1463
10 1461
12 1311
27 1497
19 1354
17 1339
25 1209
16 1147
20 1322
29 1221
14 1291
12 1366
17 1394
29 1437
14 1251
24 1393
12 1425
21 1395
27 1113
21 1322
19 1455
15 1298
28 1113
16 1219
12 1498
25 1154
29 1358
21 1298
25 1210
27 1335
21 1099
27 1171
24 1286
13 1311
10 1080
11 1359
20 1235
22 1123
19 1320
19 1007
13 1227
11 1365
23 1348
17 1066
18 1164
27 1469
19 1169
19 1140
10 1134
26 1280
21 1191
23 1255
11 1283
18 1377
11 1337
19 1060
29 1432
24 1153
10 1173
10 1154
15 1101
23 1230
15 1045
15 1421
22 1169
16 1051
10 1116
18 1367
28 1255
14 1283
12 1497
29 1068
17 1233
13 1107
14 1319
14 1388
19 1283
13 1167
24 1460
22 1347
21 1180
27 1001
14 1187
18 1460
15 1496
28 1446
12 1218
22 1349
23 1278
28 1009
29 1064
24 1270
10 1260
14 1199
18 1118
13 1492
26 1426
25 1156
12 1224
22 1128
13 1138
18 1366
17 1378
25 1320
12 1314
15 1023
11 1195
21 1438
14 1418
29 1316
12 1291
26 1136
29 1464
13 1204
18 1359
26 1338
14 1174
11 1195
22 1470
16 1287
29 1210
21 1391
11 1286
26 1283
18 1165
26 1010
21 1214
12 1062
23 1113
10 1349
16 1266
10 1158
29 1347
17 1385
17 1021
17 1279
12 1065
21 1282
23 1296
26 1367
10 1426
14 1005
25 1417