4750 5000
18 1461
19 1308
27 1309
14 1063
29 1308
21 1087
26 1020
12 1259
12 1346
23 1373
28 1238
18 1140
17 1315
17 1178
25 1037
16 1288
27 1443
28 1217
21 1397
14 1019
19 1449
12 1280
25 1024
11 1348
28 1226
24 1222
19 1169
19 1102
18 1094
29 1077
18 1283
23 1435
20 1172
12 1072
14 1015
18 1133
22 1301
27 1151
15 1377
15 1178
19 1195
24 1159
15 1224
16 1134
19 1355
16 1488
24 1039
23 1200
10 1321
10 1407
23 1331
26 1035
12 1399
12 1483
13 1427
16 1360
17 1249
20 1109
18 1005
29 1492
10 1120
24 1022
16 1243
21 1054
16 1447
13 1339
18 1016
13 1038
16 1426
27 1248
11 1427
19 1342
26 1151
25 1277
10 1204
18 1166
19 1119
20 1395
23 1233
18 1061
29 1011
23 1326
15 1014
15 1003
17 1316
27 1088
25 1198
15 1408
12 1487
18 1338
15 1477
20 1011
18 1052
10 1001
15 1363
22 1097
19 1019
16 1271
23 1376
18 1180
24 1306
10 1238
11 1260
23 1368
16 1478
14 1194
26 1155
10 1490
19 1290
23 1112
11 1226
27 1182
11 1440
10 1430
20 1374
29 1263
14 1184
22 1025
22 1008
13 1070
11 1450
25 1088
17 1269
12 1341
26 1187
11 1146
20 1220
28 1178
18 1294
28 1156
20 1198
28 1193
20 1183
21 1072
13 1429
15 1409
26 1013
12 1293
28 1180
23 1231
15 1155
28 1231
11 1274
18 1408
13 1033
25 1296
25 1004
12 1281
15 1351
23 1060
26 1484
13 1027
22 1472
15 1375
23 1253
14 1305
14 1326
21 1161
21 1275
17 1173
15 1075
15 1070
16 1478
25 1310
11 1026
10 1136
23 1125
22 1495
29 1357
12 1221
18 1432
11 1002
13 1323
27 1218
10 1225
23 1108
14 1168
28 1235
28 1359
20 1448
14 1059
14 1068
12 1089
28 1267
28 1088
29 1337
14 1262
16 1344
29 1223
15 1475
14 1263
28 1178
14 1376
26 1331
22 1207
22 1324
26 1481
20 1450
10 1312
18 1117
22 1308
17 1040
25 1494
10 1208
19 1499
21 1061
29 1263
13 1041
19 1479
19 1095
11 1056
19 1282
23 1162
26 1149
23 1422
20 1378
16 1198
17 1272
14 1168
17 1003
16 1440
16 1216
10 1452
29 1209
24 1182
21 1418
11 1242
17 1425
25 1478
19 1160
29 1205
12 1071
16 1190
13 1429
16 1409
19 1196
10 1179
17 1261
24 1297
12 1205
29 1087
15 1375
26 1403
19 1299
19 1355
25 1285
18 1348
22 1097
29 1065
20 1029
14 1037
26 1105
18 1183
14 1208
26 1210
22 1125
26 1166
27 1023
14 1031
13 1219
28 1337
13 1042
22 1468
27 1350
28 1102
22 1148
27 1385
12 1328
17 1037
24 1401
26 1370
14 1370
20 1392
11 1057
15 1463
18 1080
26 1312
11 1149
19 1225
10 1104
10 1111
22 1322
26 1367
11 1224
20 1230
23 1327
15 1248
12 1287
29 1145
12 1001
29 1268
17 1046
15 1051
26 1016
14 1302
24 1052
19 1292
17 1035
12 1348
14 1095
21 1225
16 1417
22 1067
22 1212
18 1433
21 1456
28 1033
20 1099
26 1194
22 1219
22 1280
10 1116
10 1283
28 1498
17 1142
21 1235
15 1318
27 1218
20 1440
27 1396
29 1276
11 1149
27 1070
19 1478
18 1228
17 1367
18 1275
27 1360
20 1431
14 1023
25 1317
15 1011
27 1014
22 1347
21 1334
22 1304
23 1330
19 1298
29 1438
20 1331
13 1251
23 1345
21 1250
21 1130
29 1278
14 1112
16 1345
13 1139
22 1073
29 1050
10 1099
21 1486
16 1313
13 1302
20 1396
22 1482
19 1338
14 1308
27 1104
28 1325
17 1255
17 1418
21 1416
29 1157
15 1195
28 1049
21 1435
17 1369
21 1098
11 1095
23 1021
10 1373
11 1358
20 1414
16 1377
28 1211
14 1207
19 1322
24 1385
10 1459
16 1336
26 1417
10 1011
15 1172
15 1293
10 1453
27 1172
25 1259
16 1338
23 1076
10 1096
27 1091
24 1112
25 1005
17 1183
13 1002
26 1480
18 1009
16 1120
25 1179
21 1365
27 1485
17 1372
15 1383
18 1156
16 1047
11 1308
18 1204
29 1428
10 1440
25 1439
22 1212
20 1295
17 1107
15 1249
28 1457
22 1343
17 1166
26 1378
24 1083
13 1365
14 1163
28 1427
17 1303
10 1352
13 1005
11 1183
25 1123
14 1333
22 1100
24 1430
29 1424
26 1092
13 1251
18 1006
11 1045
12 1483
28 1190
27 1454
21 1371
28 1104
28 1237
15 1215
10 1345
21 1383
23 1296
15 1126
26 1081
19 1212
22 1318
19 1353
25 1142
23 1308
10 1162
27 1097
12 1025
26 1346
13 1343
13 1220
13 1348
14 1416
21 1045
20 1204
28 1291
13 1200
20 1013
15 1483
20 1316
27 1426
14 1309
29 1458
21 1324
20 1113
19 1287
19 1250
28 1250
13 1194
15 1370
28 1405
23 1348
25 1219
17 1261
20 1168
19 1016
25 1007
18 1428
25 1122
24 1419
26 1497
10 1230
21 1032
10 1496
27 1436
22 1011
29 1302
20 1202
23 1304
12 1139
23 1413
13 1013
29 1275
20 1431
27 1371
16 1019
28 1365
15 1190
15 1107
19 1012
20 1468
20 1347
11 1177
10 1045
29 1456
19 1488
21 1240
25 1271
27 1017
22 1491
14 1110
10 1258
24 1416
29 1448
29 1079
27 1253
19 1458
12 1301
24 1294
11 1118
10 1104
21 1127
21 1170
22 1221
10 1122
22 1096
27 1132
20 1269
17 1477
22 1255
12 1408
24 1024
21 1023
29 1297
17 1334
10 1073
21 1048
23 1134
26 1388
25 1077
20 1293
22 1484
18 1206
26 1168
15 1064
23 1454
29 1022
19 1018
27 1387
26 1140
25 1059
16 1447
13 1146
10 1342
12 1410
17 1388
21 1357
14 1119
16 1499
20 1319
10 1043
14 1262
22 1155
29 1087
16 1258
28 1255
10 1132
15 1151
25 1199
11 1081
20 1229
19 1254
26 1206
10 1009
21 1408
10 1193
29 1085
23 1225
28 1463
21 1229
10 1458
11 1416
20 1438
14 1413
20 1229
15 1182
25 1037
24 1239
10 1268
19 1342
21 1395
14 1290
18 1486
23 1361
26 1077
24 1467
22 1475
12 1412
10 1330
18 1200
26 1280
14 1244
14 1203
28 1310
27 1316
17 1335
24 1336
23 1012
28 1452
19 1345
24 1475
11 1433
22 1065
10 1264
23 1204
21 1103
24 1471
25 1237
28 1286
15 1299
13 1171
22 1018
24 1482
17 1211
11 1118
15 1067
25 1162
18 1129
20 1275
22 1179
24 1421
22 1048
29 1137
14 1487
23 1134
16 1195
29 1156
15 1001
21 1250
15 1395
17 1479
29 1193
17 1092
10 1440
13 1448
24 1331
10 1052
28 1260
20 1357
21 1234
21 1173
14 1435
27 1327
19 1127
14 1468
29 1203
12 1421
18 1082
12 1494
23 1416
25 1438
12 1023
13 1207
24 1268
10 1334
27 1319
14 1063
25 1235
18 1048
17 1027
15 1369
21 1282
18 1063
17 1220
20 1304
17 1457
20 1244
21 1443
17 1199
14 1122
16 1049
13 1104
16 1442
22 1313
17 1412
14 1351
19 1307
22 1020
14 1247
10 1446
26 1327
25 1402
28 1230
17 1018
13 1386
12 1083
14 1295
19 1027
15 1219
23 1328
21 1385
27 1115
18 1426
18 1388
24 1105
18 1271
18 1077
26 1267
16 1360
24 1454
28 1405
19 1172
16 1020
21 1070
16 1495
17 1335
23 1037
15 1403
16 1343
27 1034
13 1435
20 1075
13 1203
11 1228
25 1435
26 1276
26 1255
22 1462
12 1282
18 1152
15 1289
10 1159
21 1439
28 1247
16 1498
12 1377
24 1164
21 1159
12 1299
18 1211
16 1253
23 1046
24 1137
18 1159
12 1410
15 1449
19 1047
10 1147
17 1165
17 1212
10 1400
15 1385
28 1434
15 1497
29 1053
22 1299
24 1022
26 1403
28 1455
21 1446
14 1004
10 1262
22 1070
24 1367
13 1092
22 1048
12 1398
10 1361
24 1161
13 1055
11 1346
21 1351
14 1425
11 1268
28 1436
17 1339
28 1221
10 1129
24 1184
15 1199
24 1285
20 1314
10 1284
14 1383
15 1011
13 1251
15 1108
17 1444
11 1335
12 1425
11 1090
25 1053
16 1294
13 1260
28 1483
24 1139
29 1226
15 1295
17 1007
13 1056
25 1291
27 1455
26 1077
10 1018
15 1227
13 1225
26 1371
16 1256
26 1077
14 1127
20 1224
24 1203
12 1149
22 1046
14 1109
13 1481
25 1063
21 1306
21 1254
19 1135
18 1126
10 1340
14 1385
13 1443
27 1187
29 1209
10 1176
22 1305
10 1333
26 1085
19 1484
25 1097
16 1225
16 1304
16 1288
15 1381
15 1316
25 1461
26 1449
13 1346
18 1319
14 1410
25 1123
14 1409
26 1434
21 1442
18 1044
12 1240
22 1091
24 1197
14 1237
16 1333
12 1493
26 1125
25 1167
18 1079
10 1421
17 1288
22 1290
15 1417
16 1441
24 1107
16 1095
20 1424
14 1044
20 1090
18 1111
15 1088
19 1013
20 1243
21 1004
19 1281
15 1110
22 1007
10 1250
20 1043
24 1332
13 1293
15 1427
11 1013
16 1114
15 1178
28 1082
10 1162
17 1155
26 1186
20 1005
22 1319
28 1449
29 1477
27 1140
28 1263
25 1409
25 1080
27 1291
21 1151
14 1466
20 1011
19 1286
27 1172
12 1062
16 1202
20 1264
18 1310
29 1237
19 1371
16 1319
24 1330
18 1442
18 1050
20 1106
24 1431
18 1201
17 1006
15 1464
17 1285
29 1056
17 1435
21 1163
14 1056
17 1376
13 1335
14 1146
21 1297
11 1352
25 1270
16 1402
23 1403
25 1403
17 1322
15 1492
20 1093
27 1439
24 1063
28 1482
23 1046
19 1387
17 1082
26 1244
11 1036
25 1310
23 1471
28 1366
24 1047
15 1396
27 1363
27 1432
20 1346
14 1319
23 1124
28 1052
20 1337
19 1281
11 1061
14 1410
26 1270
26 1349
29 1062
10 1138
28 1154
12 1327
26 1270
27 1194
11 1106
17 1122
22 1454
23 1088
29 1442
20 1327
17 1301
24 1370
18 1056
13 1438
29 1036
16 1218
11 1274
11 1331
14 1437
12 1089
28 1479
14 1296
15 1491
11 1034
29 1070
26 1054
28 1143
26 1358
21 1035
20 1456
23 1226
25 1158
12 1377
29 1219
11 1088
11 1137
11 1035
18 1219
24 1136
19 1315
23 1236
10 1413
15 1336
26 1253
26 1260
18 1412
13 1470
25 1367
22 1140
29 1356
16 1039
17 1396
10 1351
24 1033
17 1274
24 1231
19 1317
16 1003
27 1123
28 1392
22 1393
24 1011
18 1305
22 1463
19 1110
14 1314
22 1494
24 1136
18 1439
19 1224
24 1299
25 1395
12 1435
28 1382
14 1436
20 1086
22 1029
19 1333
20 1492
10 1179
26 1203
25 1227
14 1400
15 1298
14 1285
19 1374
12 1461
19 1383
15 1270
11 1297
21 1208
23 1328
18 1442
15 1408
18 1255
29 1129
22 1309
22 1226
10 1365
15 1278
15 1191
16 1155
14 1280
12 1303
21 1265
18 1310
22 1064
20 1056
22 1086
10 1026
21 1346
25 1134
11 1370
25 1199
10 1296
13 1339
15 1106
25 1297
21 1296
27 1250
22 1192
14 1110
28 1168
25 1017
21 1135
16 1275
26 1315
29 1028
26 1335
15 1390
25 1485
27 1105
12 1042
27 1176
25 1250
22 1487
17 1294
25 1357
25 1349
16 1437
14 1170
22 1251
21 1367
27 1316
21 1280
24 1023
19 1235
18 1448
22 1138
15 1290
15 1130
26 1202
12 1189
26 1492
18 1071
16 1447
21 1277
18 1299
16 1475
20 1336
14 1129
22 1053
28 1032
29 1346
13 1233
27 1497
18 1391
19 1159
14 1321
18 1268
11 1285
22 1459
26 1210
16 1363
21 1144
19 1103
14 1289
27 1385
18 1398
28 1418
26 1228
29 1289
24 1208
19 1031
13 1451
14 1434
10 1029
15 1361
13 1435
25 1012
23 1037
13 1368
13 1315
19 1237
16 1375
21 1042
10 1322
26 1134
16 1000
11 1461
25 1460
20 1348
20 1282
10 1208
19 1100
14 1219
26 1124
21 1352
14 1076
21 1132
13 1007
19 1003
24 1223
28 1368
27 1020
14 1302
13 1275
13 1042
21 1474
11 1320
11 1124
22 1274
27 1490
15 1080
10 1210
17 1376
29 1236
19 1104
26 1090
21 1244
22 1111
19 1357
10 1003
23 1081
13 1283
29 1186
25 1350
22 1145
29 1002
17 1403
24 1260
11 1131
10 1350
17 1257
18 1496
20 1424
19 1108
23 1086
14 1262
14 1109
29 1205
27 1447
25 1431
17 1159
16 1418
12 1270
29 1356
13 1068
28 1209
11 1200
24 1354
22 1188
16 1166
25 1107
24 1067
29 1187
19 1341
26 1290
21 1423
11 1079
23 1482
16 1026
19 1446
17 1215
22 1414
16 1231
25 1255
29 1100
18 1350
21 1160
22 1061
21 1446
27 1417
20 1267
16 1423
28 1053
25 1175
16 1405
26 1002
22 1200
13 1112
17 1287
28 1289
21 1479
24 1270
21 1143
19 1400
22 1181
20 1417
12 1113
15 1138
19 1212
25 1357
19 1163
29 1129
21 1290
15 1024
25 1363
11 1456
17 1464
13 1113
10 1222
14 1427
18 1398
24 1204
11 1482
10 1140
15 1371
24 1086
26 1211
12 1361
18 1307
12 1265
13 1131
22 1396
23 1272
16 1296
17 1216
12 1459
27 1025
13 1195
22 1152
29 1415
20 1018
28 1138
29 1157
16 1382
12 1364
26 1448
26 1237
15 1440
10 1313
13 1359
24 1160
11 1225
15 1233
15 1373
19 1455
22 1280
25 1362
28 1067
18 1485
17 1279
20 1429
25 1413
20 1178
26 1158
26 1386
27 1218
12 1132
28 1137
27 1289
12 1418
16 1233
22 1350
12 1287
23 1072
15 1401
14 1388
19 1334
21 1206
14 1076
21 1497
11 1281
25 1261
20 1401
19 1163
18 1078
17 1325
14 1221
14 1189
12 1466
12 1442
22 1003
24 1151
25 1497
23 1454
29 1408
22 1064
10 1242
20 1287
26 1122
11 1074
18 1226
16 1115
27 1421
27 1292
26 1153
18 1078
22 1344
27 1145
11 1006
27 1424
22 1254
11 1204
24 1353
26 1190
26 1429
17 1030
15 1457
14 1056
25 1279
21 1110
28 1119
21 1348
12 1332
12 1237
15 1274
26 1453
29 1246
11 1148
12 1288
22 1157
18 1453
11 1086
13 1295
25 1371
23 1474
23 1492
27 1367
10 1315
11 1111
21 1297
28 1261
20 1326
28 1254
15 1410
11 1219
28 1146
20 1230
15 1164
11 1484
26 1361
15 1408
15 1332
22 1043
11 1421
19 1168
13 1205
21 1023
21 1139
22 1119
24 1089
10 1153
10 1020
12 1468
25 1247
17 1298
21 1190
16 1397
15 1094
26 1305
26 1230
18 1022
18 1097
19 1116
13 1255
19 1120
28 1208
22 1451
11 1160
29 1427
13 1215
26 1044
22 1421
17 1360
21 1405
16 1440
29 1375
16 1050
12 1454
14 1013
20 1062
13 1420
17 1200
26 1448
11 1294
22 1295
21 1219
15 1175
26 1466
16 1037
19 1175
17 1314
12 1189
14 1461
27 1221
26 1295
23 1120
22 1011
19 1119
13 1376
15 1477
14 1126
19 1129
10 1200
26 1471
25 1005
10 1162
24 1328
21 1273
17 1206
28 1141
29 1106
27 1142
14 1426
24 1423
21 1119
13 1090
17 1304
27 1113
12 1254
10 1039
14 1158
14 1247
23 1327
27 1265
13 1170
17 1143
27 1138
22 1127
29 1177
19 1130
14 1139
29 1188
14 1143
20 1025
22 1246
12 1062
15 1336
25 1257
23 1335
12 1341
20 1424
18 1313
22 1386
25 1402
20 1151
23 1340
10 1145
23 1325
27 1178
10 1230
16 1102
23 1020
21 1036
18 1460
20 1253
22 1390
22 1490
10 1139
21 1288
25 1348
27 1323
28 1333
10 1394
25 1387
17 1455
24 1028
14 1118
17 1332
26 1041
24 1288
21 1493
18 1228
26 1125
26 1217
26 1079
18 1261
24 1459
12 1137
23 1065
11 1357
11 1291
13 1054
16 1207
16 1040
10 1412
17 1417
22 1015
10 1112
11 1094
12 1421
14 1319
28 1148
23 1323
13 1410
12 1192
22 1058
22 1114
14 1072
12 1344
25 1160
24 1351
27 1233
23 1475
14 1384
28 1324
24 1445
26 1195
22 1256
12 1268
24 1311
24 1457
23 1468
20 1313
19 1363
28 1206
28 1397
26 1231
19 1395
27 1160
13 1247
10 1037
24 1213
21 1491
22 1128
22 1222
21 1489
15 1232
22 1146
23 1356
16 1226
14 1061
14 1383
22 1348
25 1119
15 1439
24 1243
27 1111
25 1476
12 1071
19 1036
13 1242
23 1304
28 1132
16 1001
17 1347
28 1357
15 1182
12 1150
25 1232
10 1350
18 1347
20 1376
22 1350
27 1152
27 1187
23 1135
22 1481
12 1212
13 1198
19 1200
19 1363
16 1214
29 1029
23 1008
25 1312
25 1212
20 1066
24 1392
24 1014
26 1154
21 1447
17 1077
21 1067
16 1035
14 1032
24 1268
19 1487
10 1153
20 1495
22 1338
23 1336
16 1280
29 1225
25 1390
20 1485
19 1420
22 1015
15 1226
18 1478
28 1236
21 1226
25 1099
20 1059
24 1418
21 1003
27 1157
22 1214
22 1148
10 1077
11 1317
29 1183
12 1052
21 1253
20 1477
18 1065
28 1298
17 1387
10 1081
21 1379
24 1261
17 1248
28 1383
25 1410
15 1280
18 1049
23 1250
27 1028
18 1433
28 1226
22 1045
25 1003
27 1156
24 1321
11 1252
15 1361
15 1342
15 1309
21 1043
13 1241
12 1097
14 1266
12 1064
18 1308
12 1393
20 1176
25 1261
24 1193
16 1444
10 1223
21 1493
10 1331
19 1496
15 1247
10 1105
16 1302
26 1109
25 1252
19 1020
26 1025
15 1409
17 1348
22 1142
27 1311
29 1466
27 1188
12 1420
11 1403
20 1156
16 1253
26 1071
12 1314
21 1377
13 1125
17 1163
12 1393
20 1064
25 1213
10 1219
26 1441
28 1260
12 1408
24 1415
12 1406
13 1447
29 1246
27 1439
15 1085
13 1150
20 1429
13 1326
14 1434
14 1253
13 1295
27 1388
27 1202
28 1206
25 1096
18 1033
24 1017
28 1317
20 1311
27 1363
12 1044
15 1256
19 1349
16 1374
22 1330
27 1211
29 1053
11 1432
10 1227
21 1248
28 1091
18 1271
22 1427
17 1051
29 1056
11 1352
16 1483
11 1094
25 1393
20 1431
12 1142
19 1046
24 1098
14 1299
22 1458
11 1004
24 1164
15 1174
10 1171
21 1082
16 1196
20 1445
27 1358
22 1252
28 1033
20 1356
17 1244
23 1463
17 1073
18 1364
17 1046
19 1346
17 1050
21 1177
17 1138
28 1216
18 1163
21 1024
17 1435
16 1146
27 1050
18 1064
25 1264
12 1347
17 1240
17 1056
19 1488
26 1323
11 1286
10 1326
25 1125
11 1071
19 1425
14 1456
29 1440
16 1119
18 1242
16 1266
10 1220
29 1042
19 1101
27 1295
18 1124
25 1255
10 1407
24 1429
22 1169
21 1179
19 1067
27 1012
10 1399
28 1446
10 1031
27 1304
28 1000
16 1301
16 1099
25 1476
19 1338
16 1354
19 1215
26 1382
13 1457
16 1493
25 1458
23 1224
24 1441
22 1107
29 1060
27 1351
10 1168
26 1449
27 1011
15 1397
15 1279
27 1431
27 1080
23 1401
27 1179
28 1043
15 1345
22 1251
12 1071
24 1101
24 1220
10 1242
20 1425
28 1313
28 1440
18 1193
22 1286
23 1073
21 1135
16 1450
24 1053
27 1130
22 1019
20 1428
24 1402
16 1082
19 1239
25 1252
16 1118
11 1420
22 1104
10 1322
11 1151
21 1485
29 1445
11 1196
18 1183
17 1484
17 1250
11 1428
19 1049
25 1142
11 1437
29 1492
17 1310
22 1422
25 1411
24 1454
11 1313
14 1468
24 1424
15 1339
10 1432
27 1498
26 1262
28 1312
24 1327
13 1183
26 1392
13 1388
13 1360
25 1372
17 1307
14 1037
22 1414
17 1016
19 1461
19 1115
16 1121
15 1404
20 1265
18 1156
16 1443
26 1424
20 1390
27 1410
12 1406
11 1221
19 1239
26 1323
14 1399
11 1291
23 1405
28 1029
15 1121
15 1362
24 1188
11 1484
18 1441
14 1125
23 1207
15 1339
28 1078
17 1119
29 1014
19 1438
24 1087
25 1446
10 1324
16 1402
18 1426
12 1330
26 1388
18 1298
25 1419
29 1197
21 1363
13 1018
11 1226
24 1143
11 1020
14 1455
22 1476
18 1107
24 1304
22 1343
20 1323
16 1115
24 1293
11 1109
17 1243
16 1437
11 1207
19 1158
29 1425
19 1434
13 1044
18 1358
14 1367
24 1361
12 1020
20 1242
19 1423
10 1351
25 1323
26 1046
16 1014
27 1248
21 1378
28 1034
12 1224
24 1137
14 1411
22 1387
29 1238
22 1340
27 1112
16 1152
29 1008
19 1007
12 1404
16 1290
23 1492
12 1101
19 1491
12 1235
26 1120
25 1340
17 1428
10 1180
13 1175
23 1431
14 1275
25 1081
29 1059
26 1063
27 1260
20 1431
20 1157
23 1236
11 1468
24 1386
12 1366
13 1262
20 1210
16 1021
14 1200
12 1477
11 1093
25 1215
18 1436
19 1268
25 1276
17 1243
14 1099
24 1440
22 1174
11 1068
24 1468
28 1062
20 1317
27 1438
28 1378
24 1201
20 1190
12 1358
11 1065
15 1213
28 1015
17 1421
15 1419
11 1488
27 1075
11 1097
29 1155
27 1390
16 1125
29 1258
23 1317
11 1325
13 1421
18 1303
15 1007
26 1118
19 1447
12 1253
27 1049
25 1222
29 1391
14 1029
28 1215
20 1190
17 1342
12 1227
26 1019
25 1233
21 1305
13 1454
23 1307
19 1112
16 1188
29 1247
26 1385
29 1195
26 1436
29 1470
21 1465
22 1443
20 1170
15 1033
17 1174
27 1116
21 1172
17 1159
17 1147
27 1147
13 1454
21 1234
13 1404
20 1462
17 1380
23 1016
10 1213
26 1487
24 1051
15 1232
29 1144
14 1141
16 1457
29 1184
20 1025
23 1369
11 1134
14 1265
16 1135
12 1355
13 1257
20 1030
24 1388
15 1127
15 1355
16 1341
20 1346
18 1470
15 1053
24 1120
29 1165
19 1031
29 1461
28 1024
13 1067
27 1181
10 1098
28 1181
16 1237
17 1317
27 1233
21 1203
24 1454
24 1480
25 1086
28 1018
21 1447
14 1122
24 1130
23 1164
24 1013
21 1071
16 1467
23 1369
19 1341
22 1169
19 1227
29 1373
29 1078
22 1068
11 1414
21 1131
14 1212
20 1339
10 1166
17 1300
21 1332
10 1470
13 1327
16 1490
25 1177
22 1013
14 1424
10 1207
22 1188
28 1229
12 1234
14 1225
11 1449
28 1056
11 1024
26 1495
19 1308
12 1162
27 1405
26 1318
27 1273
13 1418
18 1460
24 1371
15 1396
16 1124
28 1277
23 1013
21 1208
13 1020
27 1343
16 1328
16 1484
22 1097
20 1433
17 1059
16 1340
19 1010
28 1321
24 1493
19 1126
23 1126
20 1248
18 1358
22 1239
15 1090
16 1395
22 1473
16 1100
14 1208
11 1196
29 1424
22 1012
27 1403
25 1349
12 1374
12 1350
20 1418
26 1142
28 1414
14 1464
10 1138
13 1299
13 1445
18 1128
23 1383
18 1364
26 1460
21 1139
28 1160
16 1192
15 1281
19 1498
10 1095
12 1487
13 1338
20 1170
27 1076
12 1389
14 1148
16 1236
14 1186
26 1489
12 1037
28 1094
28 1398
28 1111
22 1411
19 1124
14 1491
18 1284
14 1454
22 1197
11 1470
11 1089
13 1125
25 1013
23 1070
13 1027
10 1351
23 1145
11 1074
23 1204
12 1358
22 1307
22 1390
12 1148
15 1470
11 1004
28 1184
24 1045
13 1079
23 1119
12 1422
26 1164
18 1335
28 1431
24 1332
29 1252
18 1089
29 1490
28 1161
23 1099
25 1050
19 1335
27 1479
18 1437
11 1312
16 1415
18 1245
14 1367
19 1410
11 1005
13 1324
16 1071
16 1495
27 1489
17 1262
22 1205
22 1292
18 1155
12 1286
11 1087
22 1302
24 1101
21 1045
10 1497
25 1288
28 1343
14 1180
22 1362
28 1226
14 1239
21 1027
27 1138
29 1296
12 1211
25 1219
10 1107
13 1104
10 1046
12 1214
23 1023
12 1390
21 1116
16 1097
21 1398
12 1390
19 1075
22 1257
16 1080
24 1381
12 1495
11 1149
21 1390
19 1393
16 1235
14 1290
22 1138
20 1341
10 1188
16 1352
22 1017
23 1465
18 1311
16 1144
10 1329
27 1326
20 1115
17 1413
12 1117
10 1192
20 1082
11 1070
13 1050
12 1420
12 1412
25 1224
11 1015
26 1413
15 1255
29 1400
26 1072
19 1368
15 1074
16 1481
11 1453
28 1262
14 1339
22 1407
16 1108
29 1129
11 1084
28 1059
23 1410
27 1000
17 1280
16 1027
19 1466
29 1175
17 1026
21 1451
11 1047
19 1289
29 1383
28 1203
27 1098
29 1351
12 1376
10 1194
10 1200
19 1069
17 1068
15 1023
12 1422
19 1385
13 1471
26 1385
27 1234
18 1466
29 1204
10 1242
20 1354
17 1246
15 1249
26 1366
12 1051
18 1120
26 1236
14 1163
29 1441
26 1049
25 1354
29 1343
26 1119
17 1305
25 1115
14 1355
11 1444
25 1258
26 1242
18 1015
15 1168
27 1163
15 1293
28 1181
16 1225
16 1291
10 1129
29 1355
14 1204
15 1159
28 1447
21 1211
13 1246
28 1498
10 1042
15 1422
25 1451
24 1243
25 1320
25 1162
16 1062
18 1182
24 1160
25 1348
17 1222
17 1015
19 1451
23 1333
23 1277
13 1251
22 1395
11 1102
27 1276
20 1224
29 1092
21 1370
28 1334
14 1185
10 1492
10 1398
19 1357
24 1139
17 1160
28 1340
15 1292
14 1194
18 1042
20 1190
24 1308
12 1287
22 1390
14 1304
21 1079
15 1217
17 1179
14 1029
28 1449
22 1253
17 1016
12 1161
26 1097
10 1333
22 1005
12 1265
11 1047
11 1061
21 1116
19 1462
16 1414
21 1164
13 1426
28 1197
28 1318
12 1072
10 1101
25 1018
27 1491
23 1109
29 1281
20 1472
24 1116
18 1084
10 1227
16 1476
12 1391
19 1131
19 1223
24 1476
13 1349
15 1318
10 1348
19 1468
15 1388
19 1264
16 1265
25 1178
12 1019
25 1253
15 1233
18 1314
17 1017
16 1456
26 1139
12 1198
26 1169
25 1226
15 1130
19 1162
17 1294
10 1453
19 1193
13 1194
21 1397
19 1317
22 1067
17 1211
24 1208
19 1424
21 1470
29 1006
18 1169
26 1063
26 1439
25 1202
15 1121
18 1019
23 1251
13 1199
16 1464
14 1241
22 1045
23 1023
20 1198
25 1083
28 1280
23 1423
16 1363
29 1333
13 1495
20 1135
28 1316
16 1340
26 1374
12 1136
19 1014
19 1404
28 1005
22 1039
15 1375
20 1489
17 1026
18 1056
13 1476
12 1028
19 1406
11 1015
20 1352
22 1402
25 1225
14 1327
15 1312
16 1096
20 1123
13 1460
17 1175
28 1042
12 1171
21 1091
27 1288
20 1231
25 1355
29 1140
18 1249
29 1256
25 1024
21 1230
24 1182
25 1195
21 1015
26 1110
26 1444
15 1463
11 1222
20 1330
17 1471
11 1027
17 1342
14 1404
23 1271
25 1195
28 1314
10 1413
16 1029
22 1153
24 1035
29 1407
24 1230
18 1353
26 1065
17 1473
20 1200
10 1383
13 1474
27 1302
15 1293
22 1289
13 1018
24 1169
16 1034
20 1191
26 1377
16 1125
21 1316
28 1372
18 1357
18 1068
21 1112
17 1083
27 1100
12 1321
23 1047
22 1301
18 1498
19 1133
27 1031
13 1305
13 1141
12 1199
29 1133
14 1012
22 1011
10 1437
23 1305
15 1159
28 1244
16 1393
27 1443
26 1186
23 1219
22 1163
12 1230
14 1196
21 1488
19 1075
21 1309
18 1132
12 1043
23 1297
19 1142
28 1360
21 1398
28 1195
19 1265
26 1324
18 1044
16 1083
13 1204
22 1310
24 1331
27 1476
15 1272
15 1187
28 1066
26 1440
15 1267
16 1102
13 1080
15 1248
25 1237
29 1487
17 1244
14 1254
22 1198
24 1071
12 1315
13 1463
20 1187
25 1006
11 1233
26 1406
19 1062
22 1479
13 1065
22 1049
19 1371
12 1173
13 1481
14 1038
21 1398
28 1065
26 1291
11 1446
13 1340
19 1146
22 1093
14 1226
23 1233
15 1292
19 1167
29 1352
17 1050
11 1368
19 1319
14 1167
27 1359
26 1186
27 1120
13 1402
22 1354
15 1361
24 1110
22 1309
23 1124
17 1269
26 1155
22 1392
24 1004
28 1422
26 1381
15 1225
23 1253
10 1047
11 1075
27 1269
13 1037
15 1060
13 1147
28 1002
28 1005
19 1015
20 1127
18 1017
12 1481
22 1295
24 1424
18 1364
11 1317
15 1083
11 1051
16 1403
26 1076
12 1340
25 1453
10 1046
27 1389
17 1039
16 1424
12 1485
22 1433
11 1496
16 1367
20 1470
16 1464
20 1042
25 1411
10 1036
19 1473
11 1308
20 1373
18 1197
11 1395
13 1060
18 1207
20 1028
15 1029
28 1304
15 1292
28 1498
13 1346
17 1485
21 1277
14 1163
16 1413
25 1469
19 1160
12 1185
21 1013
25 1257
23 1048
14 1467
29 1076
22 1469
28 1494
25 1189
14 1294
25 1179
15 1276
26 1047
11 1183
12 1345
16 1396
16 1213
15 1477
29 1066
12 1344
20 1103
26 1194
20 1204
28 1440
20 1091
12 1439
20 1276
22 1158
27 1251
25 1468
11 1241
10 1225
12 1108
13 1261
27 1125
26 1449
22 1026
10 1442
16 1179
28 1436
12 1400
24 1226
19 1107
29 1188
17 1405
13 1491
12 1125
15 1241
15 1450
14 1367
19 1277
29 1250
15 1076
28 1331
20 1129
12 1080
17 1387
23 1009
16 1125
27 1120
17 1141
20 1290
26 1027
24 1468
26 1409
17 1203
15 1222
19 1441
14 1314
17 1387
16 1184
13 1054
19 1236
22 1383
12 1308
23 1456
26 1327
26 1017
22 1246
26 1292
26 1185
19 1243
10 1424
11 1008
14 1486
27 1270
27 1341
14 1024
17 1134
17 1012
26 1003
24 1138
27 1477
17 1439
22 1049
28 1065
16 1426
21 1015
11 1159
22 1342
20 1209
29 1333
23 1085
19 1430
14 1055
10 1184
27 1219
14 1323
13 1258
25 1364
27 1367
29 1313
11 1411
13 1374
28 1184
20 1090
13 1367
13 1137
11 1413
25 1328
12 1392
12 1213
29 1117
11 1159
15 1488
16 1196
14 1426
26 1295
16 1080
28 1146
10 1261
29 1077
15 1244
21 1036
24 1157
12 1155
23 1257
20 1419
12 1038
11 1076
23 1008
21 1143
17 1063
16 1127
15 1467
22 1055
10 1483
29 1002
15 1161
20 1083
18 1368
13 1393
28 1116
19 1465
14 1338
13 1499
14 1350
28 1499
22 1233
16 1140
15 1391
17 1476
25 1393
13 1335
21 1460
10 1292
25 1422
26 1370
10 1394
27 1314
18 1282
23 1452
24 1394
13 1182
16 1293
16 1379
16 1143
26 1145
19 1128
18 1193
20 1176
18 1072
20 1474
21 1260
27 1439
15 1006
17 1209
17 1366
14 1063
11 1487
27 1122
20 1145
16 1059
19 1005
25 1195
11 1490
24 1151
21 1346
15 1271
17 1319
25 1360
28 1416
20 1061
10 1243
16 1272
16 1262
16 1280
20 1176
15 1128
15 1490
15 1001
11 1237
16 1346
15 1055
25 1357
26 1014
28 1202
28 1114
17 1451
11 1209
12 1299
19 1460
28 1217
13 1427
24 1071
21 1338
21 1170
25 1031
19 1482
12 1282
26 1276
14 1236
14 1405
14 1331
10 1164
18 1362
29 1054
15 1384
18 1018
29 1059
29 1305
28 1441
20 1433
17 1138
11 1232
19 1025
13 1290
18 1350
10 1102
12 1404
21 1388
20 1333
17 1484
15 1258
15 1200
28 1386
27 1300
10 1001
27 1333
16 1301
26 1220
18 1269
24 1463
20 1014
23 1161
19 1101
14 1219
12 1128
23 1208
25 1396
29 1107
24 1253
11 1140
28 1346
18 1205
21 1149
17 1271
26 1326
19 1267
20 1318
25 1401
20 1169
24 1377
13 1264
29 1448
21 1079
24 1466
12 1305
12 1256
26 1070
24 1391
19 1108
26 1299
12 1080
10 1254
23 1014
11 1380
17 1004
18 1176
21 1243
11 1401
17 1371
18 1337
13 1438
27 1461
19 1388
17 1305
27 1468
25 1417
23 1435
22 1288
12 1249
16 1121
16 1378
18 1482
12 1173
27 1476
29 1314
21 1190
24 1407
11 1401
12 1207
13 1131
28 1495
21 1448
15 1106
20 1384
24 1284
11 1423
21 1254
20 1064
15 1114
19 1239
16 1422
18 1338
28 1033
28 1054
11 1377
20 1483
23 1117
20 1094
10 1329
22 1066
19 1423
25 1483
22 1376
14 1059
18 1049
26 1060
11 1375
13 1374
21 1282
25 1345
29 1165
17 1433
25 1198
13 1354
18 1288
27 1160
18 1353
24 1436
14 1360
16 1475
10 1142
27 1127
12 1446
11 1243
14 1210
25 1196
23 1249
26 1290
21 1058
28 1363
12 1179
21 1056
24 1024
23 1320
19 1397
17 1391
29 1386
24 1181
28 1205
11 1092
15 1161
15 1182
10 1366
25 1319
25 1093
24 1422
25 1428
22 1160
20 1091
13 1012
29 1420
27 1455
13 1008
18 1045
24 1439
20 1455
22 1260
12 1075
25 1091
20 1081
18 1454
10 1219
15 1209
10 1032
16 1221
27 1255
27 1496
29 1369
26 1416
22 1358
27 1142
15 1075
19 1259
17 1055
14 1171
10 1016
22 1228
25 1102
12 1093
23 1225
16 1483
28 1432
10 1456
12 1409
10 1136
14 1195
23 1329
25 1435
29 1490
14 1180
21 1450
17 1112
19 1012
16 1006
12 1084
23 1187
16 1452
21 1160
29 1228
17 1014
24 1158
29 1448
22 1152
12 1098
14 1259
16 1490
26 1212
12 1120
27 1287
21 1175
11 1152
20 1107
19 1217
17 1017
10 1492
29 1349
27 1119
17 1247
24 1168
14 1298
20 1026
21 1450
21 1420
10 1431
10 1189
22 1484
15 1465
18 1131
17 1038
15 1329
17 1366
28 1117
14 1337
13 1497
14 1408
17 1090
11 1039
15 1330
25 1077
12 1186
28 1442
23 1102
11 1329
26 1108
11 1445
15 1381
11 1317
21 1001
19 1074
25 1039
11 1404
27 1341
24 1315
17 1093
19 1234
28 1195
20 1175
15 1302
24 1432
21 1306
12 1296
15 1007
12 1222
15 1085
29 1497
16 1359
22 1053
11 1129
13 1051
21 1441
25 1196
19 1265
23 1365
12 1063
28 1362
28 1018
17 1163
28 1488
16 1040
27 1404
28 1424
14 1436
21 1076
23 1056
22 1044
28 1099
26 1162
28 1161
18 1253
28 1265
29 1031
11 1350
11 1105
20 1105
13 1412
18 1208
29 1419
12 1001
25 1161
24 1482
15 1006
29 1222
17 1334
29 1479
11 1482
24 1030
29 1060
28 1013
24 1042
26 1079
26 1445
28 1233
14 1372
29 1450
28 1395
21 1301
24 1252
14 1019
28 1375
24 1100
14 1455
22 1015
13 1180
22 1277
23 1047
23 1424
16 1473
23 1296
11 1054
25 1486
11 1052
21 1388
29 1257
14 1012
23 1496
20 1096
19 1235
11 1453
10 1209
28 1126
13 1382
24 1176
29 1171
18 1473
17 1245
14 1050
20 1384
28 1076
27 1376
29 1450
27 1223
18 1278
18 1325
25 1343
18 1432
24 1249
26 1014
26 1423
17 1151
22 1264
10 1030
15 1047
10 1131
28 1174
29 1380
23 1478
26 1091
12 1197
16 1104
15 1230
12 1356
11 1318
11 1006
26 1326
16 1396
24 1243
22 1426
20 1396
26 1456
24 1306
22 1082
13 1201
29 1098
20 1009
21 1436
27 1408
17 1357
26 1247
14 1146
11 1087
23 1417
17 1474
24 1023
16 1405
14 1104
15 1051
14 1476
11 1406
20 1306
24 1034
23 1197
29 1116
29 1350
21 1294
11 1210
11 1050
29 1118
17 1033
22 1065
13 1432
19 1070
13 1017
22 1192
14 1038
27 1151
23 1436
17 1426
20 1155
29 1441
29 1131
15 1415
23 1198
16 1248
12 1211
17 1202
23 1389
20 1402
19 1315
11 1444
12 1453
24 1047
24 1239
14 1365
15 1149
28 1012
29 1261
12 1087
20 1499
10 1126
24 1432
13 1179
19 1320
12 1044
15 1027
13 1423
13 1073
25 1034
21 1048
22 1290
15 1321
16 1123
24 1413
10 1107
20 1494
21 1219
26 1252
29 1491
13 1221
17 1232
12 1144
24 1046
27 1243
29 1041
22 1093
28 1142
16 1186
15 1477
12 1418
28 1348
20 1354
10 1253
23 1370
12 1481
24 1483
21 1487
28 1212
20 1140
12 1295
22 1418
14 1288
13 1008
24 1361
22 1471
10 1427
22 1001
22 1048
21 1068
25 1161
16 1128
26 1010
27 1269
12 1191
11 1469
22 1165
13 1479
25 1372
13 1377
25 1037
10 1221
20 1470
23 1006
18 1340
21 1388
27 1326
18 1398
23 1133
18 1084
17 1211
10 1397
10 1449
26 1232
20 1124
19 1172
19 1262
20 1468
14 1083
23 1365
29 1239
18 1458
29 1461
18 1012
10 1263
10 1194
29 1224
12 1113
14 1209
16 1214
14 1475
10 1409
22 1114
28 1169
22 1307
19 1264
19 1075
19 1066
10 1286
27 1370
29 1232
20 1279
14 1295
16 1281
12 1012
17 1451
21 1279
25 1356
24 1100
16 1130
22 1493
22 1327
26 1233
17 1184
17 1302
16 1090
26 1443
25 1306
25 1088
15 1109
15 1213
14 1484
26 1094
12 1344
20 1202
16 1438
14 1105
23 1466
18 1435
22 1437
28 1304
13 1152
12 1233
24 1044
18 1076
21 1307
14 1199
23 1221
22 1483
10 1328
18 1235
23 1273
25 1211
26 1117
12 1049
11 1444
14 1040
22 1346
28 1201
19 1049
17 1423
29 1473
22 1142
13 1126
28 1375
16 1196
25 1355
13 1324
14 1254
28 1177
20 1075
11 1194
13 1299
12 1119
29 1122
25 1007
23 1010
20 1142
26 1204
18 1323
19 1419
20 1315
11 1319
11 1045
16 1099
18 1339
20 1062
18 1087
18 1082
10 1348
25 1398
14 1164
12 1294
16 1367
18 1158
27 1397
20 1053
26 1024
11 1442
15 1028
17 1307
16 1152
10 1355
22 1177
11 1253
16 1221
16 1254
24 1343
25 1126
20 1399
12 1130
19 1425
14 1108
15 1393
14 1349
18 1125
13 1369
15 1492
14 1027
27 1088
20 1240
11 1223
28 1245
11 1498
21 1048
21 1143
29 1116
19 1458
10 1262
21 1436
13 1422
12 1411
23 1136
25 1235
27 1253
27 1263
11 1480
13 1065
11 1281
25 1231
27 1299
21 1307
14 1037
14 1074
18 1161
26 1289
21 1131
14 1392
26 1042
10 1392
12 1449
16 1399
18 1207
26 1330
16 1165
20 1078
20 1052
12 1454
15 1475
17 1078
19 1127
21 1357
20 1055
15 1117
10 1393
11 1083
10 1463
12 1093
19 1080
28 1496
15 1444
20 1486
28 1452
15 1224
16 1157
10 1282
28 1151
12 1489
28 1376
16 1230
18 1126
15 1191
19 1188
24 1204
18 1428
26 1447
12 1381
17 1299
19 1222
11 1110
24 1480
29 1447
16 1043
26 1032
10 1290
14 1323
20 1294
25 1321
17 1239
26 1251
28 1472
21 1045
21 1030
13 1188
27 1001
24 1414
28 1235
13 1256
14 1336
22 1146
22 1042
18 1455
11 1292
25 1236
13 1032
10 1281
10 1361
12 1326
17 1050
26 1217
11 1350
18 1031
24 1299
26 1049
19 1468
25 1094
28 1245
28 1073
24 1298
18 1101
28 1340
27 1430
14 1362
25 1355
23 1311
20 1370
10 1318
16 1425
11 1170
19 1427
28 1288
23 1072
11 1005
14 1449
21 1297
16 1138
15 1176
26 1401
14 1282
22 1340
20 1470
25 1044
17 1400
10 1457
21 1254
15 1037
23 1130
29 1474
12 1025
26 1283
11 1008
12 1165
16 1125
16 1334
29 1064
16 1366
17 1409
28 1374
11 1476
10 1299
29 1131
13 1044
26 1441
22 1085
18 1117
24 1180
19 1007
11 1200
21 1439
15 1385
28 1065
13 1446
18 1265
27 1232
10 1417
14 1395
18 1482
29 1279
16 1289
18 1170
22 1257
22 1074
29 1258
25 1224
17 1468
28 1389
24 1262
11 1057
13 1031
21 1059
29 1126
22 1303
10 1253
17 1203
11 1248
25 1065
22 1210
21 1070
10 1290
25 1153
12 1025
28 1235
19 1151
22 1153
15 1490
24 1410
14 1284
14 1024
27 1134
15 1344
17 1088
20 1125
26 1199
15 1072
23 1187
26 1226
16 1321
23 1461
29 1377
24 1053
15 1426
21 1077
19 1270
17 1345
26 1239
26 1286
20 1489
26 1453
23 1362
10 1469
26 1000
12 1156
27 1004
24 1481
25 1150
26 1127
17 1235
28 1276
16 1419
23 1319
25 1051
20 1063
24 1350
13 1341
22 1474
11 1029
27 1308
18 1427
16 1056
23 1440
11 1282
17 1245
16 1011
20 1122
11 1003
19 1271
29 1323
17 1318
26 1319
28 1062
27 1257
27 1192
14 1072
26 1113
19 1339
16 1042
13 1023
26 1222
20 1204
16 1394
24 1372
10 1033
23 1216
13 1125
18 1408
18 1008
29 1192
23 1291
28 1031
26 1068
21 1111
27 1173
22 1261
27 1101
10 1112
23 1489
20 1158
25 1152
13 1357
22 1203
20 1321
15 1048
19 1243
25 1216
10 1311
14 1104
14 1265
16 1370
26 1265
19 1477
15 1326
12 1083
16 1038
15 1197
24 1300
27 1278
13 1394
18 1002
29 1079
29 1356
12 1458
14 1207
21 1355
12 1052
21 1262
17 1051
15 1464
21 1200
24 1056
12 1206
10 1332
15 1299
23 1057
12 1378
14 1313
28 1036
20 1432
12 1467
24 1370
16 1486
23 1201
24 1397
11 1007
24 1371
28 1059
21 1393
28 1313
27 1410
21 1332
12 1346
12 1298
14 1288
16 1247
19 1371
24 1424
22 1357
25 1072
15 1192
20 1399
14 1190
15 1283
17 1203
19 1392
11 1430
11 1030
26 1357
10 1043
29 1043
29 1374
24 1199
16 1128
19 1391
10 1131
15 1458
11 1175
21 1393
23 1163
29 1362
16 1329
11 1475
19 1196
28 1397
23 1333
27 1371
14 1216
12 1331
27 1271
27 1400
26 1239
24 1156
17 1144
10 1098
11 1361
26 1164
12 1266
29 1395
22 1123
20 1106
25 1426
11 1194
13 1001
18 1496
17 1001
23 1488
26 1146
10 1036
25 1137
17 1238
15 1449
21 1108
26 1445
26 1308
19 1469
16 1219
18 1465
22 1229
24 1334
18 1274
16 1034
17 1069
16 1232
21 1074
10 1362
12 1094
25 1195
28 1058
17 1034
25 1091
28 1156
13 1131
25 1204
20 1192
11 1333
27 1291
22 1028
12 1385
29 1499
27 1204
16 1295
20 1386
18 1047
23 1101
25 1182
28 1324
17 1313
27 1096
20 1466
28 1095
13 1265
27 1498
16 1479
13 1479
12 1366
22 1200
15 1238
28 1086
28 1345
11 1151
29 1347
20 1042
25 1182
19 1117
20 1241
27 1316
12 1029
10 1008
13 1306
25 1000
18 1050
25 1353
25 1257
10 1200
11 1213
21 1156
23 1037
27 1002
13 1143
21 1422
18 1126
19 1265
27 1243
17 1268
28 1265
13 1090
17 1168
25 1408
17 1248
11 1275
22 1272
17 1291
17 1221
16 1460
24 1085
13 1303
29 1440
24 1098
17 1450
12 1009
17 1118
15 1301
10 1296
18 1040
28 1230
15 1320
12 1180
20 1121
23 1088
23 1263
24 1376
22 1157
19 1126
23 1234
21 1259
21 1320
12 1391
14 1041
18 1474
27 1499
12 1148
14 1006
12 1417
12 1313
25 1019
17 1122
14 1297
24 1136
21 1132
23 1086
11 1304
27 1405
10 1073
14 1424
23 1446
13 1028
23 1099
23 1018
21 1062
28 1373
12 1252
11 1119
15 1216
15 1202
14 1418
20 1394
21 1251
28 1163
21 1228
27 1373
20 1473
22 1450
29 1166
17 1486
14 1093
22 1107
18 1322
26 1199
13 1234
11 1183
28 1273
17 1064
28 1386
16 1088
24 1151
23 1482
10 1406
12 1334
18 1435
12 1099
28 1367
24 1448
23 1460
16 1389
16 1337
15 1225
29 1489
21 1346
22 1070
24 1317
22 1407
18 1203
13 1086
24 1187
29 1147
16 1010
21 1154
12 1089
11 1231
11 1298
17 1406
14 1274
23 1390
29 1211
11 1298
24 1197
14 1290
12 1344
14 1070
27 1299
29 1393
21 1464
25 1038
21 1148
13 1237
19 1345
14 1109
21 1457
18 1003
17 1426
10 1494
20 1320
12 1392
24 1356
24 1210
16 1194
26 1324
21 1460
23 1193
20 1274
11 1139
20 1106
18 1005
14 1131
16 1315
21 1189
17 1370
16 1364
14 1408
13 1006
14 1254
16 1451
14 1472
25 1227
24 1127
13 1066
16 1358
24 1328
25 1108
18 1326
27 1425
18 1285
22 1414
20 1027
22 1143
14 1433
12 1114
29 1381
17 1039
13 1315
18 1117
18 1270
15 1297
29 1455
11 1013
25 1104
15 1018
22 1299
24 1163
16 1023
17 1377
29 1299
10 1155
26 1032
10 1159
17 1334
10 1348
17 1161
28 1144
22 1455
27 1374
15 1239
15 1413
13 1096
16 1389
12 1296
11 1421
26 1166
12 1077
19 1309
26 1104
17 1489
17 1490
26 1493
28 1082
20 1391
27 1084
11 1265
19 1059
10 1321
14 1239
25 1489
24 1342
26 1421
18 1362
15 1460
12 1179
10 1464
11 1140
23 1413
24 1025
22 1015
29 1210
14 1160
23 1401
25 1410
17 1224
24 1470
23 1402
20 1054
11 1406
29 1239
13 1113
10 1209
27 1437
24 1423
28 1217
15 1381
24 1012
11 1270
15 1376
26 1415
25 1343
27 1391
28 1090
20 1009
29 1422
26 1081
27 1357
25 1476
26 1127
28 1164
28 1495
21 1299
22 1126
17 1225
13 1224
16 1382
11 1128
20 1443
13 1045
18 1191
26 1452
14 1181
23 1486
12 1248
12 1200
11 1360
10 1285
19 1100
16 1284
15 1249
28 1065
21 1410
28 1226
20 1411
15 1442
26 1019
19 1258
18 1364
18 1342
18 1308
22 1303
27 1201
29 1488
22 1200
19 1354
17 1037
10 1275
22 1479
28 1294
29 1344
29 1292
12 1163
28 1311
17 1312
10 1363
24 1285
23 1310
20 1171
24 1028
26 1345
11 1497
19 1464
26 1400
11 1206
28 1318
28 1486
15 1476
26 1156
20 1206
10 1436
29 1294
21 1346
16 1052
15 1033
25 1438
13 1079
14 1326
15 1199
16 1377
14 1196
24 1435
27 1170
29 1141
28 1460
23 1064
11 1189
11 1353
13 1439
19 1039
12 1043
23 1331
27 1191
20 1181
19 1027
18 1332
12 1101
13 1345
12 1324
29 1219
15 1443
29 1032
21 1116
14 1284
16 1043
26 1231
24 1425
23 1215
10 1199
28 1277
25 1321
10 1092
24 1136
25 1002
10 1292
10 1368
13 1437
23 1119
18 1114
23 1442
20 1441
24 1139
29 1286
29 1451
20 1113
17 1483
17 1271
22 1303
15 1293
17 1435
20 1410
19 1162
29 1311
12 1056
23 1142
29 1450
17 1152
12 1267
20 1096
10 1290
22 1081
24 1283
29 1369
23 1281
24 1225
10 1171
13 1018
20 1165
14 1244
11 1265
18 1161
26 1083
29 1247
21 1363
14 1099
13 1191
17 1462
17 1165
13 1254
23 1326
25 1328
22 1453
29 1160
18 1248
12 1339
19 1281
11 1312
18 1156
29 1202
18 1270
23 1086
24 1314
11 1327
18 1323
17 1152
21 1358
23 1002
19 1087
11 1371
13 1125
20 1031
28 1249
22 1244
26 1001
25 1244
25 1323
15 1095
23 1176
28 1168
13 1183
24 1068
29 1307
13 1227
18 1438
20 1298
11 1321
15 1242
17 1417
24 1217
22 1010
17 1428
15 1496
29 1173
21 1240
22 1197
22 1135
22 1497
12 1228
13 1150
16 1338
16 1281
14 1242
11 1034
27 1461
20 1224
15 1131
18 1353
11 1063
13 1290
16 1006
16 1434
19 1245
13 1451
17 1101
24 1191
26 1168
18 1408
12 1195
11 1175
12 1358
14 1377
17 1495
17 1138
24 1360
20 1442
24 1059
24 1295
17 1445
19 1213
23 1466
24 1069
29 1025
17 1109
11 1226
10 1241
21 1477
19 1471
19 1080
11 1312
22 1060
14 1190
22 1457
25 1225
29 1043
12 1038
26 1033
14 1460
20 1310
28 1065
11 1132
15 1203
29 1317
17 1300
18 1244
24 1245
11 1300
29 1073
13 1329
19 1390
26 1213
25 1251
15 1044
18 1177
13 1438
22 1140
20 1406
11 1310
29 1425
22 1407
15 1323
22 1262
29 1157
16 1079
22 1242
15 1225
26 1267
14 1057
21 1251
27 1223
25 1046
16 1213
14 1467
20 1477
18 1442
14 1153
25 1135
26 1051
28 1332
11 1304
19 1078
11 1205
23 1350
27 1023
11 1335
10 1090
15 1440
18 1433
15 1040
13 1089
25 1232
25 1422
21 1148
20 1326
26 1197
16 1001
20 1125
14 1444
24 1010
10 1287
19 1247
18 1242
14 1362
18 1151
27 1135
14 1072
20 1387
26 1269
19 1059
15 1394
15 1209
21 1364
23 1017
10 1387
19 1095
22 1388
12 1491
12 1196
23 1279
20 1139
21 1443
11 1159
21 1447
14 1364
13 1092
29 1406
21 1158