4850 5000
11 1390
18 1434
25 1448
19 1309
22 1446
28 1471
21 1081
17 1311
18 1302
22 1114
21 1242
29 1395
12 1419
23 1045
22 1371
19 1274
12 1039
14 1355
17 1476
22 1388
23 1469
25 1330
13 1335
10 1013
11 1394
11 1003
21 1286
28 1489
27 1016
19 1329
13 1076
27 1380
20 1069
23 1068
20 1486
22 1105
22 1163
21 1389
10 1326
17 1424
13 1476
28 1143
28 1000
28 1321
28 1399
15 1395
18 1140
10 1037
22 1266
15 1321
12 1120
29 1153
14 1154
10 1057
18 1450
28 1490
15 1111
10 1014
29 1448
22 1152
29 1070
10 1350
25 1329
15 1062
29 1174
28 1095
24 1072
12 1437
25 1172
26 1055
23 1236
19 1414
22 1250
28 1436
20 1167
26 1229
14 1212
17 1454
18 1292
25 1230
21 1214
27 1156
22 1207
11 1479
28 1449
21 1018
28 1275
19 1094
14 1457
25 1130
16 1093
29 1424
12 1088
21 1126
29 1461
14 1391
13 1024
11 1288
10 1039
27 1422
20 1473
26 1102
28 1488
27 1042
22 1332
20 1029
24 1167
16 1300
24 1375
12 1452
14 1350
26 1335
12 1085
22 1103
27 1449
17 1086
12 1431
12 1472
10 1417
22 1301
23 1162
22 1384
17 1272
11 1089
24 1069
16 1258
27 1304
26 1470
26 1150
27 1445
25 1017
17 1120
19 1475
12 1447
11 1285
23 1242
11 1304
18 1209
11 1162
14 1260
26 1326
21 1316
11 1363
15 1499
16 1383
28 1017
10 1206
21 1204
12 1486
10 1217
26 1249
23 1103
24 1446
17 1191
26 1354
21 1071
26 1401
26 1288
15 1448
11 1133
14 1485
10 1082
22 1283
29 1222
21 1495
21 1188
12 1091
19 1087
19 1318
20 1488
25 1390
18 1278
24 1360
14 1151
15 1290
14 1402
20 1380
15 1369
23 1020
22 1304
27 1129
20 1136
19 1153
15 1237
19 1351
14 1477
16 1021
18 1067
15 1238
14 1441
16 1481
12 1138
24 1211
29 1076
21 1459
29 1225
14 1166
28 1050
19 1194
19 1166
19 1027
22 1062
13 1354
23 1486
10 1485
15 1369
21 1299
13 1451
14 1230
23 1350
13 1143
18 1107
16 1279
14 1196
15 1146
24 1430
20 1105
24 1269
22 1037
25 1192
26 1078
29 1163
23 1397
13 1397
19 1352
22 1375
12 1037
15 1346
18 1268
16 1008
16 1274
28 1478
21 1484
26 1480
17 1363
26 1238
18 1158
25 1330
18 1164
11 1200
15 1278
12 1149
26 1426
16 1413
26 1045
15 1193
17 1321
16 1405
20 1263
24 1028
12 1472
19 1203
20 1482
12 1275
13 1319
17 1326
13 1097
21 1274
20 1038
27 1146
14 1299
12 1124
13 1439
25 1230
22 1455
25 1286
20 1349
28 1096
18 1458
29 1475
28 1290
11 1029
20 1099
27 1333
15 1013
13 1257
27 1412
19 1059
27 1212
16 1470
20 1073
28 1112
11 1428
22 1235
20 1307
19 1437
28 1163
13 1352
22 1378
19 1179
15 1331
23 1420
28 1220
18 1293
18 1288
12 1435
17 1407
22 1248
25 1359
29 1170
24 1085
29 1313
11 1460
13 1002
20 1416
14 1396
13 1079
17 1248
18 1078
25 1355
14 1159
26 1208
29 1472
19 1247
13 1228
24 1169
29 1400
25 1021
21 1467
11 1288
19 1258
19 1460
24 1488
24 1191
28 1045
16 1334
19 1182
18 1093
15 1252
15 1256
25 1348
10 1219
16 1194
11 1434
18 1130
25 1026
27 1034
13 1241
23 1315
25 1075
29 1158
11 1351
23 1478
29 1436
18 1164
18 1329
22 1370
27 1187
29 1321
10 1325
16 1347
23 1430
10 1352
26 1468
19 1231
22 1322
19 1116
12 1383
13 1234
20 1164
16 1121
18 1435
21 1232
20 1488
20 1130
18 1374
19 1240
14 1397
10 1035
23 1277
10 1393
26 1080
16 1112
13 1212
19 1085
22 1219
23 1078
17 1040
15 1480
22 1183
17 1229
20 1358
18 1436
25 1012
22 1198
13 1030
22 1063
25 1468
26 1287
22 1206
21 1259
22 1237
23 1408
11 1382
27 1017
25 1308
23 1336
11 1192
23 1039
17 1081
29 1135
26 1117
13 1094
22 1035
26 1096
25 1391
23 1294
24 1258
18 1481
13 1436
10 1205
28 1273
13 1171
29 1396
14 1033
14 1086
10 1453
26 1074
28 1172
28 1338
17 1394
19 1451
23 1180
13 1131
17 1172
29 1026
22 1448
17 1251
23 1380
14 1411
24 1388
19 1005
17 1251
28 1490
27 1308
19 1109
24 1226
18 1109
16 1362
22 1356
11 1458
21 1159
21 1108
28 1130
20 1292
12 1204
20 1385
12 1468
26 1288
23 1443
27 1133
28 1050
29 1266
13 1026
18 1488
18 1398
14 1333
28 1469
25 1437
29 1182
15 1199
28 1007
17 1134
26 1303
12 1190
24 1254
26 1453
23 1218
23 1355
28 1095
11 1190
12 1107
18 1279
20 1284
20 1463
27 1069
10 1108
13 1257
19 1189
11 1030
23 1427
25 1186
27 1303
11 1267
16 1084
22 1287
26 1247
18 1414
20 1150
16 1168
18 1116
22 1118
16 1158
18 1301
16 1348
25 1164
25 1015
23 1409
18 1488
22 1208
25 1421
26 1486
29 1049
15 1126
15 1449
10 1052
28 1481
13 1332
17 1122
10 1084
19 1321
12 1170
28 1220
28 1451
11 1255
24 1357
10 1332
15 1322
24 1291
22 1069
10 1469
14 1449
16 1492
19 1227
10 1315
21 1377
12 1023
14 1065
24 1182
14 1083
17 1455
23 1352
23 1226
20 1017
11 1491
12 1086
19 1371
23 1309
25 1345
20 1275
27 1125
15 1125
29 1177
24 1484
19 1285
11 1334
26 1218
20 1222
14 1372
29 1208
19 1328
19 1103
26 1421
21 1181
19 1064
23 1409
22 1368
15 1102
13 1402
26 1066
12 1398
26 1392
27 1332
25 1424
17 1102
23 1414
27 1023
21 1294
11 1499
12 1263
23 1182
21 1323
13 1066
20 1365
19 1341
14 1158
28 1190
18 1168
24 1337
29 1330
24 1446
21 1060
29 1264
14 1365
24 1307
10 1314
29 1252
24 1224
11 1259
23 1364
26 1230
18 1468
25 1368
28 1473
24 1272
26 1200
18 1154
16 1246
15 1363
21 1218
20 1216
21 1019
16 1257
20 1180
24 1296
18 1240
15 1171
14 1149
26 1370
18 1112
10 1127
20 1194
20 1066
26 1284
17 1166
26 1340
18 1227
13 1094
13 1093
12 1395
19 1333
26 1147
20 1442
15 1144
25 1072
24 1187
29 1202
28 1046
17 1407
18 1235
17 1335
13 1303
27 1413
21 1112
13 1404
24 1358
27 1284
29 1223
26 1433
16 1236
23 1193
28 1001
26 1224
11 1270
29 1405
15 1278
21 1022
29 1067
18 1050
28 1010
21 1231
26 1125
25 1187
16 1242
20 1073
19 1400
14 1389
22 1348
28 1090
28 1249
29 1270
29 1065
25 1127
17 1150
27 1134
26 1074
11 1350
18 1362
24 1188
20 1045
16 1489
23 1219
11 1078
13 1003
13 1366
29 1400
14 1142
16 1405
24 1163
25 1033
22 1404
15 1196
29 1088
11 1451
21 1428
14 1207
23 1358
13 1340
29 1391
20 1185
21 1138
23 1476
23 1475
20 1285
21 1434
27 1473
13 1130
29 1205
26 1125
29 1453
25 1205
23 1216
10 1331
24 1145
24 1161
28 1306
26 1142
25 1356
11 1484
23 1344
19 1063
22 1067
18 1263
13 1063
14 1290
16 1268
26 1046
24 1197
20 1001
12 1075
16 1233
20 1188
12 1406
17 1192
10 1478
10 1300
18 1486
15 1242
19 1019
27 1058
26 1332
16 1214
13 1089
21 1026
19 1322
13 1097
13 1225
26 1126
18 1220
20 1178
11 1062
15 1015
22 1171
15 1093
25 1226
17 1180
29 1044
18 1352
13 1377
27 1303
29 1305
21 1113
11 1368
10 1250
15 1321
11 1209
28 1271
27 1389
11 1384
14 1414
24 1404
27 1033
14 1368
22 1048
11 1269
26 1197
27 1413
20 1117
18 1466
11 1137
18 1165
22 1302
27 1036
23 1460
21 1301
27 1167
11 1402
25 1096
18 1466
12 1267
20 1018
22 1150
18 1299
15 1005
22 1233
23 1344
17 1273
20 1089
27 1053
10 1255
26 1313
12 1495
15 1121
13 1435
22 1201
25 1407
17 1369
23 1206
15 1099
12 1294
28 1442
24 1448
24 1220
10 1362
28 1423
28 1028
16 1483
16 1344
27 1194
11 1490
15 1183
26 1335
14 1074
21 1227
24 1027
28 1471
25 1147
23 1415
17 1403
20 1114
11 1270
23 1355
17 1289
13 1136
21 1014
15 1231
16 1169
15 1482
27 1005
14 1294
17 1024
19 1071
13 1356
24 1184
16 1354
16 1268
19 1026
25 1408
29 1460
10 1371
27 1313
29 1235
15 1322
15 1095
27 1399
22 1089
14 1041
25 1320
12 1357
29 1434
26 1484
21 1153
11 1035
19 1445
24 1254
29 1015
11 1121
14 1403
22 1484
27 1002
23 1279
25 1469
26 1201
20 1184
25 1068
24 1109
29 1125
17 1436
24 1048
13 1036
21 1188
12 1367
29 1121
19 1438
19 1154
20 1449
12 1353
24 1066
22 1051
15 1068
11 1254
21 1315
16 1304
10 1377
26 1047
19 1445
12 1152
13 1191
20 1275
24 1377
29 1193
10 1397
17 1059
29 1106
20 1148
10 1393
22 1257
12 1254
17 1010
15 1172
13 1398
18 1180
16 1268
10 1333
17 1376
18 1455
19 1294
27 1101
28 1117
29 1196
19 1491
19 1430
14 1331
17 1403
29 1462
15 1255
28 1393
12 1227
22 1331
11 1214
15 1381
21 1400
24 1272
25 1366
18 1442
22 1188
27 1283
11 1177
24 1498
14 1205
14 1298
13 1256
10 1249
18 1333
28 1405
17 1049
14 1236
23 1489
28 1434
23 1378
29 1033
10 1104
25 1053
28 1183
25 1067
10 1005
23 1416
29 1262
12 1395
12 1442
29 1018
11 1065
29 1152
24 1347
15 1415
12 1374
22 1177
14 1269
23 1432
16 1138
19 1087
24 1233
20 1346
20 1088
10 1447
25 1050
25 1339
11 1042
27 1468
25 1395
19 1347
20 1384
29 1093
26 1061
22 1386
20 1032
28 1127
15 1366
19 1246
27 1243
14 1184
16 1014
26 1142
15 1431
20 1267
27 1070
14 1140
10 1304
18 1449
13 1224
26 1025
18 1014
24 1046
29 1013
23 1449
13 1028
29 1485
27 1027
20 1061
27 1110
27 1116
17 1205
28 1292
28 1367
16 1065
22 1035
29 1432
21 1172
23 1271
13 1277
27 1359
24 1285
16 1116
21 1447
26 1495
24 1478
13 1213
26 1159
20 1091
19 1004
19 1006
18 1011
24 1147
17 1011
21 1454
24 1227
25 1415
28 1146
27 1350
11 1358
26 1404
14 1239
22 1029
24 1371
17 1020
19 1430
20 1132
13 1336
28 1103
25 1058
16 1277
13 1125
18 1172
29 1223
22 1460
28 1480
29 1309
24 1437
27 1085
18 1454
12 1207
29 1484
15 1072
26 1477
13 1011
26 1265
22 1253
12 1196
16 1371
23 1280
16 1185
21 1199
16 1071
20 1471
28 1261
21 1190
14 1081
11 1143
15 1306
27 1007
19 1189
14 1496
13 1159
20 1357
22 1150
25 1188
21 1173
29 1116
21 1494
14 1236
27 1496
22 1463
22 1138
11 1343
11 1110
11 1306
22 1125
26 1375
28 1015
16 1168
26 1473
28 1422
22 1069
18 1336
15 1041
21 1473
20 1456
20 1018
18 1305
22 1352
26 1358
29 1153
19 1055
17 1458
10 1361
16 1369
15 1000
14 1314
16 1095
17 1217
10 1036
22 1465
21 1312
25 1026
28 1141
13 1317
19 1006
18 1242
22 1037
12 1331
15 1139
12 1047
14 1125
14 1058
20 1332
21 1158
17 1443
22 1398
17 1394
18 1149
10 1019
26 1356
19 1363
28 1119
21 1244
15 1025
26 1210
23 1125
16 1300
16 1410
21 1089
10 1385
17 1044
14 1230
26 1321
15 1215
26 1466
23 1187
10 1488
10 1167
16 1167
21 1381
29 1205
25 1151
26 1020
13 1060
10 1237
29 1411
20 1250
12 1464
13 1063
25 1463
25 1272
18 1090
23 1149
17 1031
12 1343
24 1010
19 1442
27 1124
15 1124
19 1248
28 1203
29 1134
22 1142
23 1214
23 1157
27 1439
21 1165
24 1270
25 1385
11 1073
21 1373
21 1003
19 1332
27 1100
15 1162
26 1058
20 1224
25 1145
26 1032
27 1317
24 1101
10 1202
29 1134
18 1340
20 1462
23 1349
16 1045
22 1457
20 1115
26 1209
23 1010
13 1178
23 1132
13 1285
10 1118
24 1299
10 1018
23 1184
14 1390
12 1110
11 1135
28 1027
14 1086
15 1316
11 1435
15 1156
14 1372
16 1368
28 1082
12 1363
25 1306
24 1213
26 1318
26 1238
18 1081
24 1084
16 1410
23 1433
12 1139
10 1096
15 1385
28 1467
15 1192
29 1145
10 1211
13 1229
14 1437
17 1127
17 1015
18 1060
29 1441
11 1212
19 1395
20 1094
26 1021
29 1036
21 1421
16 1035
10 1492
13 1164
21 1316
10 1425
23 1043
22 1290
27 1475
16 1379
20 1470
20 1070
29 1319
12 1220
12 1432
16 1369
11 1327
18 1403
12 1374
18 1281
15 1161
15 1205
23 1088
21 1465
13 1279
20 1205
20 1432
29 1460
14 1177
16 1084
14 1069
12 1454
20 1092
28 1480
25 1475
25 1234
10 1059
13 1332
17 1122
16 1151
22 1183
18 1354
16 1006
23 1280
11 1060
18 1222
18 1218
11 1097
27 1090
20 1091
11 1188
28 1091
25 1111
26 1293
27 1347
20 1372
10 1237
11 1049
24 1265
22 1017
18 1403
12 1436
18 1086
23 1442
18 1471
11 1069
23 1469
29 1152
26 1413
15 1251
17 1042
29 1038
19 1222
28 1274
20 1314
11 1484
14 1207
29 1324
20 1420
18 1204
20 1248
12 1436
18 1319
21 1211
25 1301
28 1392
10 1263
18 1133
15 1369
18 1098
14 1434
18 1420
19 1442
10 1145
16 1093
28 1392
22 1051
29 1326
23 1074
20 1084
21 1491
11 1471
22 1022
27 1431
13 1478
27 1020
27 1297
27 1241
23 1203
23 1315
19 1136
11 1367
22 1171
27 1026
12 1080
25 1369
25 1099
10 1122
15 1386
17 1275
15 1013
11 1387
28 1119
26 1199
26 1463
12 1269
28 1231
10 1342
12 1316
22 1307
20 1078
13 1072
22 1430
11 1424
20 1274
22 1035
25 1385
27 1141
18 1382
12 1266
23 1299
29 1405
19 1339
14 1484
10 1261
16 1199
15 1035
11 1490
26 1334
22 1149
18 1229
14 1023
12 1325
22 1275
28 1488
25 1494
15 1311
29 1278
25 1237
23 1153
24 1085
29 1233
27 1237
12 1162
17 1197
18 1490
11 1475
13 1287
12 1224
12 1046
19 1480
13 1046
16 1135
12 1259
10 1349
10 1387
10 1452
27 1390
21 1433
28 1426
14 1348
12 1166
19 1492
27 1018
28 1028
17 1405
28 1135
19 1285
24 1082
13 1396
24 1019
20 1424
19 1379
25 1322
25 1411
28 1486
16 1389
20 1224
18 1428
26 1499
12 1487
29 1329
23 1433
27 1117
27 1113
13 1181
28 1249
18 1499
26 1104
27 1248
15 1192
16 1052
29 1073
19 1267
12 1181
22 1128
22 1048
18 1170
24 1043
10 1293
24 1455
23 1443
26 1027
21 1291
21 1442
10 1343
27 1220
19 1393
21 1432
21 1426
29 1235
27 1455
29 1330
20 1364
28 1091
12 1263
16 1391
21 1389
10 1129
13 1370
25 1174
12 1126
22 1195
21 1187
11 1354
11 1033
23 1205
24 1419
24 1164
15 1290
23 1011
28 1434
18 1456
16 1168
13 1286
11 1453
28 1313
23 1477
25 1360
20 1073
15 1115
24 1285
25 1274
17 1445
26 1483
17 1363
18 1465
10 1271
17 1063
19 1467
20 1060
23 1009
29 1450
22 1090
10 1132
21 1462
27 1320
24 1201
11 1175
26 1301
19 1470
13 1406
21 1402
17 1222
13 1474
22 1111
20 1316
28 1107
20 1127
20 1323
17 1197
15 1395
15 1317
18 1215
18 1107
22 1041
23 1213
27 1476
24 1047
27 1125
20 1061
22 1472
20 1396
22 1087
13 1244
11 1080
10 1451
16 1065
10 1120
12 1092
11 1239
11 1069
11 1128
28 1010
13 1470
12 1233
17 1048
19 1064
28 1398
12 1431
10 1320
24 1260
17 1334
17 1417
24 1181
22 1015
13 1122
15 1338
13 1154
16 1110
17 1401
19 1087
13 1475
18 1159
25 1406
19 1127
20 1110
14 1012
25 1046
27 1361
26 1208
19 1307
11 1169
11 1118
16 1103
10 1363
18 1381
13 1346
16 1388
24 1458
21 1250
11 1472
23 1236
17 1156
24 1243
29 1152
13 1427
20 1110
24 1068
17 1040
26 1064
16 1165
14 1271
21 1499
17 1388
19 1003
27 1167
19 1311
29 1395
25 1162
25 1414
13 1251
25 1104
18 1429
18 1028
20 1479
10 1038
23 1469
22 1405
24 1111
15 1310
17 1457
16 1085
19 1298
27 1290
18 1287
20 1255
15 1157
29 1453
15 1333
17 1480
14 1192
10 1152
17 1072
29 1265
16 1420
12 1077
23 1327
18 1108
15 1096
12 1258
25 1117
25 1038
13 1482
24 1228
29 1347
27 1221
29 1368
28 1468
25 1413
15 1451
26 1054
23 1466
28 1338
19 1068
13 1472
21 1388
14 1420
22 1321
20 1270
28 1160
10 1485
10 1012
20 1099
11 1136
24 1053
24 1286
28 1197
18 1148
19 1204
28 1389
24 1203
12 1239
12 1216
19 1284
21 1247
18 1029
23 1111
28 1354
10 1142
15 1319
23 1299
16 1170
18 1174
18 1054
28 1049
18 1054
21 1264
14 1322
16 1152
18 1039
21 1430
15 1187
24 1324
25 1128
11 1187
28 1086
20 1286
15 1300
10 1270
21 1373
20 1153
17 1261
14 1316
24 1067
28 1304
10 1381
19 1275
17 1256
21 1336
22 1108
25 1224
24 1448
24 1050
22 1313
13 1484
21 1397
22 1107
29 1218
12 1428
28 1006
13 1244
13 1421
21 1407
14 1046
20 1369
12 1010
17 1364
16 1022
23 1352
28 1224
22 1365
21 1259
15 1305
29 1438
18 1099
16 1123
19 1218
15 1076
28 1318
14 1425
27 1084
19 1367
28 1043
18 1102
16 1316
27 1189
24 1064
19 1388
21 1097
22 1013
13 1038
11 1086
13 1158
21 1036
29 1325
18 1036
25 1292
17 1411
24 1189
29 1279
16 1462
27 1238
15 1138
24 1221
26 1196
24 1464
19 1149
22 1180
27 1389
16 1318
19 1224
16 1233
14 1089
13 1417
15 1041
23 1256
26 1306
13 1297
23 1222
17 1297
21 1049
28 1024
16 1405
24 1287
24 1126
10 1204
17 1226
23 1413
24 1032
15 1322
19 1189
12 1235
18 1075
21 1144
16 1271
27 1218
11 1328
14 1033
28 1282
22 1185
11 1351
19 1283
23 1491
21 1174
21 1393
23 1102
11 1158
17 1326
20 1450
11 1001
19 1174
23 1176
10 1281
15 1280
20 1275
19 1286
11 1208
10 1405
29 1441
14 1046
14 1005
29 1392
10 1415
29 1050
14 1033
27 1070
15 1467
16 1443
20 1486
22 1193
23 1236
10 1190
27 1381
21 1208
13 1068
10 1293
16 1064
10 1036
23 1267
10 1191
25 1321
24 1387
13 1482
26 1364
25 1030
27 1166
14 1288
14 1213
23 1095
21 1162
10 1358
13 1018
27 1237
15 1360
12 1157
20 1336
21 1431
20 1344
21 1261
14 1327
11 1242
23 1101
27 1269
16 1341
23 1082
24 1173
11 1357
11 1088
18 1202
23 1286
23 1399
19 1252
23 1470
10 1444
21 1163
22 1208
24 1346
16 1112
12 1186
21 1474
18 1285
11 1212
16 1412
20 1459
16 1226
22 1257
25 1073
13 1499
24 1248
18 1417
27 1386
23 1351
26 1128
15 1401
20 1125
19 1299
10 1454
15 1347
27 1204
19 1296
28 1381
13 1064
26 1181
28 1264
28 1083
26 1135
24 1483
21 1070
25 1062
17 1275
14 1220
23 1295
13 1107
27 1460
11 1290
13 1348
27 1282
14 1030
26 1148
24 1483
14 1155
25 1111
20 1076
28 1326
26 1307
25 1444
26 1116
10 1368
16 1171
19 1203
25 1112
20 1064
16 1023
19 1115
21 1302
17 1445
15 1196
19 1093
21 1367
26 1331
26 1183
13 1171
14 1491
28 1169
21 1141
17 1138
19 1206
28 1229
24 1208
11 1105
17 1102
16 1388
13 1010
25 1224
20 1369
13 1187
18 1163
17 1359
24 1103
28 1405
25 1231
13 1358
14 1305
10 1423
14 1497
23 1076
21 1449
17 1271
29 1242
16 1439
28 1102
26 1271
25 1382
14 1471
10 1493
12 1374
27 1355
29 1396
26 1203
29 1277
22 1163
22 1450
10 1211
25 1221
25 1191
12 1174
16 1209
19 1421
22 1095
21 1087
27 1276
22 1129
12 1470
12 1196
19 1479
15 1105
20 1296
23 1004
17 1378
17 1163
11 1467
11 1070
28 1389
21 1294
26 1026
16 1470
25 1232
22 1443
29 1459
26 1161
15 1388
18 1300
26 1481
27 1416
29 1439
22 1082
27 1174
19 1145
15 1166
11 1116
21 1467
22 1308
13 1246
25 1368
28 1234
12 1307
14 1485
27 1300
12 1420
24 1087
18 1486
28 1427
25 1226
17 1033
26 1231
22 1154
11 1243
26 1065
15 1009
11 1165
13 1453
21 1480
16 1185
20 1080
22 1294
23 1406
26 1196
22 1045
22 1288
28 1249
15 1161
17 1430
20 1432
22 1237
18 1355
15 1147
27 1384
10 1120
17 1345
26 1026
27 1119
18 1008
10 1355
17 1362
12 1285
15 1339
29 1481
16 1004
20 1146
26 1120
14 1148
22 1227
14 1333
16 1489
24 1498
13 1477
16 1116
16 1474
25 1378
27 1329
25 1420
19 1394
11 1205
21 1317
19 1100
26 1338
24 1085
19 1031
21 1343
19 1051
25 1234
29 1085
14 1242
13 1035
27 1182
23 1173
14 1021
11 1031
18 1237
20 1382
27 1465
11 1258
10 1375
14 1187
26 1422
11 1309
11 1019
10 1334
20 1242
12 1403
12 1181
16 1116
14 1310
18 1385
28 1004
18 1474
25 1459
25 1476
15 1091
25 1075
22 1209
26 1259
22 1388
24 1266
25 1173
11 1406
24 1008
23 1030
12 1276
11 1209
13 1358
16 1412
25 1281
18 1184
17 1228
18 1115
12 1118
14 1368
15 1459
24 1306
21 1371
25 1461
27 1181
15 1433
29 1204
14 1116
10 1411
10 1361
21 1118
11 1100
14 1361
11 1000
13 1383
27 1274
17 1098
10 1227
15 1297
24 1448
24 1367
24 1227
18 1294
16 1084
24 1204
23 1244
19 1301
18 1262
24 1055
18 1257
29 1399
19 1477
17 1140
14 1089
22 1173
21 1464
13 1323
14 1042
25 1056
27 1499
19 1419
24 1196
24 1398
22 1033
15 1255
26 1221
11 1271
15 1185
10 1002
16 1024
25 1416
20 1219
28 1387
19 1267
14 1197
24 1021
13 1467
18 1221
10 1009
11 1454
12 1063
29 1272
22 1158
15 1312
14 1418
28 1150
14 1068
17 1089
24 1441
20 1478
11 1027
16 1109
25 1296
16 1379
11 1071
25 1003
22 1241
11 1262
28 1321
29 1014
29 1263
10 1145
19 1189
19 1334
20 1448
16 1441
11 1334
14 1403
11 1142
28 1350
12 1472
11 1140
24 1355
19 1359
15 1168
14 1397
28 1410
11 1424
15 1206
21 1006
16 1195
28 1156
11 1216
10 1299
11 1221
16 1209
28 1073
17 1495
27 1112
19 1194
27 1192
15 1195
27 1285
21 1140
25 1353
24 1326
25 1373
11 1286
27 1448
13 1126
10 1421
24 1302
11 1326
22 1467
21 1336
25 1050
17 1221
13 1011
19 1001
14 1386
16 1187
29 1022
29 1230
22 1055
29 1341
28 1001
25 1421
22 1006
19 1353
16 1137
10 1492
11 1399
10 1052
23 1203
29 1145
28 1189
28 1226
19 1180
13 1298
10 1453
28 1231
19 1410
12 1131
17 1035
14 1004
26 1124
24 1383
25 1368
24 1230
13 1367
18 1107
26 1334
19 1276
21 1297
29 1006
23 1215
18 1051
13 1304
27 1486
26 1362
20 1418
13 1127
16 1208
21 1416
17 1439
26 1023
15 1154
29 1122
28 1299
11 1014
17 1205
26 1269
17 1217
11 1078
12 1471
16 1380
20 1140
21 1243
15 1071
25 1276
22 1459
22 1230
25 1418
23 1004
11 1457
13 1424
14 1335
15 1399
20 1460
22 1291
10 1477
13 1429
16 1488
10 1238
15 1211
29 1100
12 1301
14 1449
13 1205
24 1470
28 1449
26 1419
20 1157
29 1462
18 1456
11 1240
28 1335
25 1411
27 1270
23 1095
20 1138
24 1200
13 1381
21 1029
15 1056
27 1354
20 1296
28 1152
18 1145
12 1245
22 1098
11 1022
15 1444
26 1480
22 1377
26 1277
11 1185
15 1248
10 1465
18 1085
26 1032
25 1128
25 1026
25 1300
18 1224
27 1051
24 1488
20 1446
27 1431
16 1087
28 1390
21 1270
17 1046
21 1299
17 1353
12 1056
23 1454
22 1310
14 1464
10 1361
21 1281
20 1171
19 1238
26 1029
15 1035
28 1100
15 1091
12 1046
26 1259
17 1491
25 1297
18 1134
15 1343
29 1210
10 1463
23 1198
19 1479
24 1121
22 1166
19 1429
12 1070
17 1243
10 1270
24 1481
22 1043
15 1079
15 1437
12 1489
24 1203
24 1136
27 1393
16 1474
14 1232
25 1162
19 1114
17 1473
23 1208
14 1476
11 1000
29 1431
13 1397
18 1062
28 1289
12 1237
28 1466
16 1006
24 1498
17 1335
17 1247
27 1211
29 1005
15 1295
20 1073
21 1035
21 1158
21 1203
20 1287
26 1488
21 1278
24 1487
27 1466
12 1441
22 1035
20 1354
24 1089
29 1162
20 1266
29 1292
10 1227
28 1119
12 1283
27 1063
19 1012
23 1168
26 1073
29 1125
17 1080
21 1178
13 1127
29 1192
15 1337
12 1253
22 1317
25 1459
14 1274
25 1307
19 1000
13 1278
21 1038
26 1032
19 1063
22 1386
11 1080
11 1019
20 1464
16 1442
13 1162
29 1078
29 1330
25 1375
20 1035
21 1189
25 1381
22 1126
11 1394
27 1493
23 1057
23 1144
28 1271
28 1166
11 1022
17 1154
19 1422
10 1263
15 1476
12 1108
22 1385
25 1377
17 1163
18 1414
27 1130
25 1298
22 1429
14 1201
12 1254
28 1037
14 1185
26 1490
28 1428
17 1380
13 1246
20 1391
10 1197
12 1335
27 1201
15 1078
29 1451
24 1101
25 1165
19 1475
20 1168
25 1243
25 1172
11 1072
10 1458
13 1408
22 1139
21 1332
20 1383
24 1049
18 1349
25 1036
12 1051
15 1103
21 1138
25 1308
29 1000
29 1125
23 1357
27 1447
24 1379
28 1227
24 1009
17 1434
18 1430
11 1331
24 1195
21 1401
18 1352
18 1438
26 1138
25 1081
27 1485
18 1431
16 1026
12 1288
18 1289
26 1453
25 1332
28 1233
27 1307
22 1170
22 1114
16 1286
16 1044
28 1180
23 1233
28 1122
21 1460
24 1115
11 1170
17 1436
26 1388
19 1014
16 1169
27 1458
20 1263
19 1100
10 1490
24 1122
10 1360
12 1411
16 1450
25 1258
25 1024
25 1425
11 1462
25 1394
10 1327
15 1484
16 1046
18 1407
18 1265
29 1234
19 1064
28 1334
23 1089
17 1441
10 1416
23 1032
25 1088
19 1403
20 1252
11 1119
20 1290
22 1099
20 1310
18 1134
18 1014
12 1436
21 1431
29 1000
11 1403
23 1060
25 1305
21 1419
10 1252
22 1122
10 1402
21 1234
19 1343
19 1156
20 1051
10 1081
13 1086
17 1423
19 1067
16 1022
15 1058
18 1330
29 1131
21 1296
28 1399
15 1396
17 1407
25 1382
27 1003
15 1220
11 1139
28 1495
19 1204
21 1424
13 1027
26 1033
28 1281
27 1262
22 1441
25 1040
18 1056
11 1200
11 1416
12 1261
10 1069
12 1339
13 1271
19 1032
26 1332
24 1322
24 1119
16 1359
28 1485
19 1298
26 1379
19 1071
11 1395
14 1133
13 1280
10 1191
12 1353
14 1314
10 1276
21 1384
12 1177
22 1134
12 1163
13 1208
23 1319
16 1454
19 1334
21 1379
20 1001
18 1063
10 1026
17 1145
16 1124
29 1453
26 1241
23 1083
26 1309
27 1471
13 1123
24 1371
23 1167
20 1273
20 1028
25 1337
20 1032
12 1264
25 1425
22 1034
15 1190
15 1437
26 1116
26 1202
24 1243
27 1449
12 1151
16 1399
11 1139
22 1282
20 1014
27 1100
20 1074
19 1137
10 1263
22 1024
17 1271
18 1370
23 1271
21 1425
20 1278
12 1017
12 1213
19 1105
20 1384
19 1449
28 1395
13 1184
29 1231
21 1226
12 1269
18 1492
16 1173
10 1095
11 1375
22 1106
10 1191
18 1118
11 1478
15 1467
17 1100
15 1483
13 1457
14 1034
29 1317
21 1418
15 1291
29 1118
24 1435
19 1126
29 1493
12 1242
26 1421
20 1022
25 1245
23 1051
27 1001
23 1045
19 1490
21 1464
10 1179
22 1013
16 1243
11 1455
13 1446
10 1050
10 1092
14 1228
15 1377
28 1016
11 1129
10 1112
12 1369
25 1105
11 1375
29 1484
21 1051
21 1169
18 1086
17 1006
15 1206
20 1226
20 1041
23 1197
12 1328
28 1266
17 1197
21 1186
11 1030
20 1379
21 1185
16 1499
21 1061
12 1361
27 1292
13 1229
19 1112
17 1132
23 1470
26 1008
26 1259
14 1309
25 1494
26 1266
20 1469
28 1217
25 1466
11 1199
13 1114
13 1326
24 1420
11 1431
17 1221
29 1237
23 1261
18 1002
29 1101
14 1007
16 1259
21 1208
15 1329
19 1417
13 1485
21 1419
18 1453
10 1006
25 1307
21 1254
25 1120
16 1487
18 1494
20 1386
14 1117
15 1382
23 1002
16 1392
22 1094
15 1440
18 1005
19 1181
16 1289
28 1259
20 1319
23 1047
27 1205
13 1466
27 1096
28 1156
19 1181
16 1161
20 1414
14 1272
22 1364
18 1378
15 1047
29 1321
12 1315
29 1416
24 1220
28 1446
25 1390
12 1355
19 1138
23 1055
26 1287
18 1068
20 1184
21 1454
22 1464
17 1132
26 1441
29 1044
17 1403
21 1135
15 1183
27 1411
24 1357
20 1242
28 1007
29 1040
23 1452
20 1256
17 1461
19 1123
23 1165
22 1403
21 1068
28 1286
14 1134
25 1173
24 1168
26 1100
26 1214
28 1333
22 1050
28 1460
25 1306
23 1288
24 1367
10 1467
19 1379
17 1196
27 1446
28 1407
28 1361
12 1385
11 1463
28 1420
14 1085
10 1489
13 1085
20 1235
24 1144
16 1110
21 1471
27 1433
12 1123
26 1417
28 1045
16 1058
10 1321
17 1403
15 1330
15 1026
10 1163
23 1409
22 1280
16 1485
29 1480
23 1000
27 1246
25 1365
18 1173
26 1172
11 1180
26 1240
10 1142
26 1388
20 1193
22 1156
26 1485
22 1065
23 1251
20 1163
26 1496
23 1063
23 1176
13 1312
26 1086
11 1380
23 1161
17 1409
17 1278
24 1320
22 1043
20 1435
19 1220
18 1423
11 1146
27 1127
18 1273
13 1476
15 1106
27 1479
29 1080
14 1156
17 1205
27 1389
29 1022
29 1224
18 1301
24 1328
20 1094
17 1408
14 1490
18 1471
15 1055
21 1108
20 1151
19 1158
24 1402
28 1374
28 1226
22 1155
26 1288
14 1358
20 1005
10 1147
15 1224
29 1313
29 1245
11 1272
15 1153
18 1481
22 1299
27 1158
17 1413
22 1088
26 1056
27 1007
11 1168
11 1352
11 1231
24 1109
11 1151
27 1327
13 1381
21 1163
22 1190
17 1028
19 1291
16 1277
29 1453
23 1430
10 1002
25 1418
13 1414
28 1201
18 1224
26 1363
28 1108
14 1342
26 1348
20 1321
25 1324
21 1387
22 1429
23 1268
22 1281
24 1203
29 1116
23 1057
14 1245
26 1287
26 1309
21 1180
20 1260
27 1458
21 1156
13 1437
26 1029
27 1447
22 1212
17 1028
19 1273
13 1404
22 1026
26 1260
25 1247
14 1253
29 1178
12 1177
14 1491
11 1477
17 1429
14 1093
12 1023
20 1088
18 1333
17 1232
24 1060
12 1100
11 1344
19 1158
23 1375
12 1252
13 1428
18 1294
21 1494
20 1268
15 1036
14 1074
14 1170
15 1040
10 1286
13 1476
13 1384
23 1387
13 1487
13 1214
11 1366
17 1062
29 1027
18 1111
24 1297
20 1061
10 1075
28 1437
29 1034
26 1065
20 1403
24 1482
18 1348
29 1339
14 1483
11 1096
26 1472
12 1167
16 1015
24 1446
17 1228
19 1375
12 1470
15 1237
22 1018
21 1013
22 1201
22 1010
18 1089
17 1364
22 1090
26 1108
12 1429
26 1190
20 1472
29 1068
28 1144
22 1333
24 1127
16 1154
25 1458
23 1453
17 1488
19 1448
10 1162
26 1388
28 1397
11 1354
18 1025
25 1325
19 1042
13 1445
22 1358
27 1094
21 1264
19 1099
27 1044
18 1098
17 1081
14 1117
27 1321
17 1321
12 1396
29 1243
21 1076
10 1300
13 1233
29 1081
26 1282
26 1078
14 1098
19 1117
26 1378
27 1321
10 1216
26 1201
14 1169
17 1461
22 1126
28 1223
25 1103
13 1367
27 1456
15 1368
27 1420
12 1321
28 1358
18 1204
26 1158
19 1053
17 1489
28 1046
10 1014
10 1444
16 1439
14 1039
26 1340
27 1364
15 1295
27 1142
24 1323
16 1380
24 1461
25 1289
12 1277
27 1302
16 1465
13 1299
26 1393
19 1074
13 1291
25 1377
20 1215
22 1336
27 1496
18 1175
22 1023
21 1406
21 1170
29 1010
23 1283
29 1223
16 1207
12 1351
14 1498
12 1486
25 1004
15 1210
10 1291
24 1330
21 1224
24 1137
21 1020
20 1338
22 1186
18 1371
16 1234
23 1261
11 1075
29 1047
11 1347
25 1170
12 1080
29 1232
18 1287
24 1251
15 1080
10 1407
28 1192
16 1129
18 1140
15 1049
22 1461
18 1436
16 1442
17 1343
25 1190
27 1394
13 1379
23 1428
10 1471
15 1361
25 1179
14 1031
16 1488
18 1250
19 1078
14 1493
13 1473
18 1071
27 1257
27 1422
13 1237
27 1254
11 1048
14 1453
13 1109
11 1484
17 1334
15 1263
19 1005
20 1295
12 1188
25 1370
22 1121
17 1229
21 1309
13 1102
16 1341
10 1455
27 1482
21 1145
19 1154
23 1190
13 1190
19 1486
27 1346
20 1035
19 1407
28 1142
17 1305
22 1174
14 1315
28 1092
12 1174
11 1442
11 1053
25 1388
27 1457
27 1382
15 1153
25 1410
14 1467
16 1166
25 1436
21 1066
19 1213
14 1464
24 1141
13 1028
27 1054
12 1441
22 1199
25 1101
14 1387
12 1001
26 1050
26 1404
13 1155
16 1434
15 1334
29 1352
22 1474
10 1426
16 1258
27 1369
20 1367
19 1095
20 1385
11 1339
28 1256
21 1103
22 1414
15 1124
19 1097
14 1303
15 1050
13 1392
29 1276
26 1431
16 1067
15 1037
16 1471
29 1003
14 1205
15 1471
17 1303
22 1332
25 1433
12 1092
27 1497
19 1377
16 1452
19 1260
28 1071
19 1310
10 1079
11 1325
18 1284
29 1105
13 1024
17 1213
19 1470
25 1344
26 1257
17 1300
28 1003
24 1345
12 1212
16 1121
14 1198
26 1468
19 1087
10 1214
29 1028
17 1397
18 1464
11 1400
18 1420
24 1200
20 1387
21 1497
25 1026
16 1317
28 1025
18 1002
11 1314
15 1473
27 1139
28 1003
24 1316
17 1008
17 1470
13 1165
25 1375
15 1300
28 1093
14 1164
25 1324
19 1319
10 1190
26 1190
19 1009
28 1258
10 1476
11 1427
28 1449
18 1201
15 1315
29 1330
29 1291
16 1130
22 1269
14 1267
25 1221
11 1242
18 1079
29 1289
28 1395
23 1452
15 1269
21 1129
27 1484
15 1034
21 1469
26 1335
26 1209
17 1161
22 1431
11 1098
15 1360
13 1086
23 1095
23 1371
10 1364
24 1093
21 1313
26 1122
23 1214
19 1100
25 1368
22 1420
21 1000
14 1478
28 1238
21 1050
15 1201
13 1401
16 1089
13 1228
27 1223
27 1338
26 1385
15 1084
24 1141
21 1300
21 1444
11 1185
28 1303
22 1141
16 1281
16 1148
22 1423
11 1400
17 1224
25 1185
14 1066
22 1111
10 1452
14 1007
21 1104
18 1162
24 1357
22 1148
26 1249
24 1156
17 1240
27 1406
15 1456
20 1152
22 1177
29 1073
24 1220
29 1336
23 1088
29 1025
25 1120
25 1454
16 1173
15 1237
14 1228
12 1182
15 1168
29 1007
11 1447
18 1461
17 1291
13 1445
21 1265
21 1382
22 1087
22 1073
25 1478
24 1111
27 1061
17 1465
20 1374
15 1081
11 1423
12 1431
26 1487
25 1086
22 1047
21 1177
23 1219
14 1332
26 1404
28 1062
23 1192
28 1158
12 1300
10 1499
16 1338
24 1354
14 1414
11 1186
27 1162
21 1200
28 1112
16 1082
23 1023
23 1128
21 1456
29 1206
15 1156
22 1171
29 1472
28 1213
15 1466
14 1141
15 1127
11 1436
18 1056
21 1415
18 1162
25 1465
11 1290
29 1134
24 1189
27 1376
12 1273
26 1395
24 1467
12 1469
17 1071
22 1381
12 1188
13 1296
28 1253
11 1431
29 1026
25 1087
23 1291
29 1375
16 1407
22 1155
17 1054
17 1297
25 1105
11 1185
23 1316
11 1351
16 1235
20 1450
25 1365
20 1384
18 1251
13 1218
29 1374
16 1172
16 1461
24 1317
10 1065
14 1180
16 1393
22 1483
13 1002
10 1398
13 1041
27 1237
11 1162
20 1017
14 1428
14 1253
26 1271
24 1030
19 1120
22 1274
20 1107
14 1254
23 1259
14 1376
23 1375
25 1382
29 1305
28 1210
17 1168
12 1328
25 1327
20 1120
15 1000
19 1294
27 1396
13 1062
23 1292
17 1048
27 1010
19 1312
14 1063
23 1265
14 1319
28 1289
27 1297
14 1477
13 1225
24 1422
11 1024
18 1168
28 1029
25 1294
18 1372
21 1025
13 1017
24 1482
29 1217
18 1057
21 1177
29 1184
27 1073
12 1297
16 1225
24 1367
22 1440
27 1310
19 1372
24 1324
22 1293
11 1011
24 1360
27 1458
23 1299
14 1090
16 1438
22 1311
26 1372
18 1462
28 1221
26 1320
21 1091
21 1140
19 1219
29 1369
16 1401
11 1023
22 1287
21 1166
28 1444
17 1312
14 1147
18 1092
27 1346
21 1268
27 1133
21 1488
22 1049
22 1326
11 1001
11 1227
11 1071
17 1051
27 1052
23 1453
15 1404
18 1036
26 1340
27 1054
10 1237
24 1187
28 1266
10 1119
12 1373
17 1150
11 1342
22 1452
19 1119
15 1105
18 1478
10 1136
18 1466
11 1245
29 1294
14 1437
29 1085
22 1201
21 1002
25 1104
19 1203
23 1017
16 1189
28 1045
11 1130
27 1328
15 1292
23 1007
10 1039
15 1197
27 1190
16 1376
27 1197
17 1166
24 1228
10 1213
22 1434
10 1201
16 1403
29 1398
27 1485
27 1431
10 1043
21 1033
10 1430
29 1160
21 1303
14 1235
12 1259
20 1372
29 1110
25 1451
25 1270
13 1205
14 1445
19 1207
15 1064
22 1193
26 1428
20 1113
24 1414
23 1266
18 1421
21 1213
24 1493
21 1425
20 1382
25 1412
20 1442
18 1134
17 1269
22 1168
14 1041
13 1346
22 1063
19 1112
12 1242
18 1122
15 1154
15 1498
11 1216
26 1409
26 1265
21 1486
26 1101
18 1212
20 1282
27 1310
21 1295
13 1095
25 1014
18 1484
17 1420
24 1341
18 1118
20 1101
19 1283
24 1138
23 1085
10 1041
17 1172
20 1424
19 1413
20 1483
13 1224
29 1157
19 1217
15 1462
17 1375
21 1115
22 1096
10 1473
26 1449
20 1249
22 1193
10 1486
11 1177
13 1207
13 1469
18 1267
15 1175
12 1088
28 1425
16 1073
22 1041
25 1241
11 1301
29 1169
13 1013
15 1176
13 1095
24 1456
12 1491
26 1040
20 1164
17 1002
13 1401
15 1253
29 1366
28 1203
24 1172
21 1152
26 1402
24 1127
28 1091
16 1149
13 1239
13 1477
12 1342
21 1185
14 1064
25 1466
13 1284
24 1050
22 1092
17 1172
16 1361
10 1424
27 1065
28 1027
26 1040
15 1123
24 1221
13 1449
25 1338
29 1374
17 1203
18 1152
10 1223
23 1471
10 1035
26 1494
23 1490
14 1440
19 1418
21 1011
12 1356
18 1075
14 1349
23 1405
21 1410
21 1355
12 1296
11 1044
16 1264
17 1495
29 1115
27 1099
20 1166
10 1123
10 1060
27 1102
27 1308
29 1116
13 1163
22 1093
28 1290
23 1329
22 1482
21 1220
23 1176
18 1154
15 1323
17 1322
10 1058
11 1494
12 1163
20 1005
16 1190
24 1372
14 1066
10 1005
17 1194
18 1406
25 1227
20 1495
22 1190
29 1409
16 1082
21 1311
20 1081
26 1115
20 1279
23 1119
15 1166
11 1146
17 1167
29 1244
25 1017
27 1373
20 1432
11 1334
16 1313
22 1110
18 1361
18 1418
14 1428
23 1456
24 1048
16 1002
17 1388
16 1078
28 1006
29 1198
27 1100
19 1165
12 1019
13 1326
26 1409
16 1385
15 1032
26 1214
29 1451
14 1152
17 1059
13 1408
26 1278
24 1197
23 1336
18 1246
26 1292
29 1304
20 1470
12 1443
28 1412
24 1381
27 1206
11 1440
27 1257
22 1198
20 1070
25 1255
26 1417
17 1256
18 1476
27 1498
29 1107
17 1415
22 1019
20 1445
28 1013
19 1388
26 1170
25 1127
28 1443
20 1266
21 1398
17 1282
22 1495
12 1083
16 1486
14 1458
16 1312
14 1061
28 1269
28 1290
23 1234
28 1234
22 1068
24 1124
19 1162
16 1141
28 1064
20 1060
11 1465
13 1390
24 1167
21 1450
24 1368
16 1439
17 1203
20 1250
27 1307
26 1059
28 1288
26 1081
13 1244
21 1069
13 1441
27 1049
26 1347
21 1079
10 1364
26 1110
25 1025
19 1326
20 1103
17 1186
27 1362
25 1268
26 1219
23 1097
14 1436
24 1271
27 1174
11 1034
11 1161
26 1430
11 1401
13 1083
16 1233
15 1298
19 1389
24 1460
16 1054
24 1365
22 1146
21 1282
24 1445
25 1273
11 1018
13 1175
14 1362
22 1051
16 1273
16 1366
10 1453
28 1453
18 1216
25 1005
26 1009
28 1060
19 1308
26 1348
11 1496
29 1145
21 1292
10 1126
29 1253
26 1086
11 1326
28 1414
26 1054
28 1157
11 1288
13 1014
10 1445
21 1303
18 1281
24 1439
16 1135
20 1489
10 1037
10 1069
29 1193
11 1279
17 1167
16 1039
14 1405
19 1441
13 1455
28 1344
21 1282
17 1367
25 1452
12 1302
24 1388
16 1152
21 1405
18 1367
15 1140
25 1187
29 1353
19 1135
12 1335
22 1402
28 1190
14 1094
17 1406
24 1430
15 1491
24 1275
28 1426
27 1185
23 1296
15 1290
22 1360
25 1013
11 1357
13 1240
11 1409
11 1372
22 1217
10 1498
17 1473
23 1384
11 1334
17 1211
24 1165
29 1257
11 1064
14 1164
29 1061
27 1398
28 1461
27 1396
21 1090
12 1430
17 1476
25 1344
26 1304
21 1256
11 1426
18 1399
13 1075
18 1252
27 1249
26 1319
19 1254
24 1088
12 1426
15 1271
19 1151
27 1319
12 1311
17 1193
26 1478
12 1095
29 1041
23 1362
14 1489
29 1330
16 1101
10 1276
21 1353
20 1309
28 1046
12 1334
28 1022
18 1399
20 1420
22 1135
25 1335
18 1021
26 1417
16 1110
11 1372
16 1436
18 1299
29 1440
17 1165
20 1268
12 1278
29 1349
12 1427
15 1181
15 1120
28 1002
16 1366
29 1362
25 1426
16 1133
15 1464
22 1408
14 1241
11 1230
19 1256
14 1222
12 1164
18 1225
18 1438
16 1161
20 1208
27 1230
28 1388
19 1199
10 1412
23 1193
20 1088
21 1321
24 1000
22 1101
29 1122
28 1136
16 1495
14 1232
15 1256
12 1452
24 1007
18 1201
14 1215
29 1467
28 1383
24 1085
26 1484
29 1335
28 1376
13 1364
21 1417
11 1321
21 1011
25 1128
29 1100
13 1301
25 1451
27 1240
20 1092
12 1052
18 1464
17 1325
17 1408
15 1039
21 1117
19 1014
21 1104
25 1333
10 1298
28 1389
22 1205
11 1323
27 1241
23 1091
17 1170
25 1282
13 1154
20 1442
23 1029
24 1068
10 1253
16 1286
11 1450
13 1102
14 1477
17 1265
18 1114
18 1042
12 1132
10 1000
26 1205
26 1182
27 1006
22 1212
29 1325
18 1234
18 1410
22 1268
27 1438
21 1493
26 1434
27 1436
17 1295
24 1296
29 1454
23 1215
10 1277
27 1065
28 1077
24 1386
12 1100
19 1055
23 1088
15 1349
28 1289
10 1351
22 1075
23 1199
19 1114
21 1420
24 1148
19 1088
17 1297
25 1198
25 1386
21 1040
24 1461
12 1436
26 1242
19 1051
19 1126
18 1434
27 1348
26 1212
26 1010
25 1194
18 1475
11 1477
20 1176
27 1282
15 1441
20 1152
14 1350
12 1130
20 1386
12 1446
15 1354
13 1039
22 1490
15 1385
17 1261
14 1024
16 1389
20 1150
23 1124
21 1419
27 1087
16 1122
17 1099
16 1170
25 1357
14 1450
19 1418
13 1397
28 1436
28 1434
11 1359
28 1041
14 1346
23 1075
10 1084
22 1306
22 1147
10 1443
22 1239
25 1130
17 1469
18 1039
11 1176
10 1182
16 1464
22 1235
15 1458
19 1277
15 1489
18 1116
27 1350
12 1282
18 1173
13 1186
12 1116
29 1332
15 1276
20 1043
23 1302
19 1426
22 1359
13 1430
17 1159
26 1061
23 1133
14 1129
21 1407
21 1459
13 1450
23 1078
24 1206
23 1215
27 1223
11 1368
24 1222
24 1196
26 1167
25 1091
13 1387
17 1137
20 1423
27 1094
17 1284
11 1098
22 1337
27 1475
13 1014
18 1255
16 1263
19 1157
26 1190
13 1362
26 1174
12 1205
10 1458
27 1096
23 1261
23 1301
20 1126
15 1000
16 1344
15 1020
27 1377
27 1442
27 1042
22 1480
14 1335
11 1464
10 1213
22 1418
25 1110
26 1360
19 1110
20 1486
27 1361
10 1108
11 1188
27 1003
14 1058
15 1493
25 1421
28 1016
12 1295
13 1433
21 1108
14 1223
10 1445
10 1188
17 1063
16 1461
20 1251
21 1173
13 1210
26 1272
17 1486
27 1009
25 1467
23 1248
29 1005
16 1323
10 1433
12 1215
27 1299
10 1016
26 1097
20 1478
11 1075
27 1442
28 1003
23 1006
26 1165
28 1411
13 1054
10 1093
22 1449
21 1349
22 1341
18 1299
10 1352
21 1147
26 1170
28 1321
23 1034
20 1457
13 1364
28 1223
20 1306
25 1329
25 1118
12 1466
12 1472
18 1218
14 1491
20 1165
21 1281
29 1247
19 1102
22 1406
28 1495
26 1253
24 1239
24 1043
14 1050
10 1486
20 1069
29 1421
14 1483
23 1113
11 1034
27 1497
19 1192
12 1359
19 1412
14 1193
13 1338
13 1006
29 1226
14 1025
26 1433
11 1318
25 1242
22 1060
15 1376
12 1097
11 1214
22 1448
29 1415
27 1115
17 1120
23 1397
27 1099
28 1028
25 1136
25 1232
29 1129
11 1390
20 1113
11 1178
20 1097
20 1177
28 1377
26 1140
13 1388
15 1286
27 1358
23 1330
11 1059
23 1058
26 1157
13 1113
15 1373
28 1253
10 1363
13 1300
12 1069
13 1071
17 1273
26 1360
22 1381
10 1346
17 1359
26 1351
13 1393
25 1385
13 1116
26 1059
15 1294
27 1300
23 1039
10 1437
22 1247
16 1097
20 1090
13 1029
18 1104
28 1222
19 1407
24 1329
20 1204
17 1057
11 1205
20 1093
25 1319
20 1120
14 1213
24 1065
15 1421
12 1227
18 1030
19 1317
29 1141
12 1337
14 1107
23 1240
16 1496
27 1236
28 1490
27 1378
13 1322
27 1426
24 1146
24 1300
14 1213
14 1245
22 1453
28 1371
20 1348
16 1014
16 1106
16 1382
13 1252
20 1478
13 1376
20 1342
28 1043
19 1184
26 1125
27 1064
13 1330
18 1042
15 1242
11 1368
26 1147
16 1021
23 1367
16 1294
13 1442
28 1285
13 1203
11 1362
12 1190
19 1368
10 1155
22 1287
10 1474
23 1313
27 1041
14 1405
29 1297
22 1431
11 1018
18 1003
17 1460
20 1115
19 1203
23 1433
20 1302
23 1047
26 1396
22 1343
14 1336
21 1268
22 1306
11 1330
10 1304
22 1322
24 1327
15 1136
23 1110
29 1296
10 1186
11 1455
11 1194
28 1497
12 1043
28 1142
22 1167
24 1346
11 1391
22 1045
11 1005
18 1456
15 1151
27 1376
12 1159
13 1410
25 1183
20 1236
26 1335
17 1490
28 1234
28 1237
26 1235
14 1182
23 1104
12 1444
26 1213
24 1199
10 1471
28 1097
19 1481
27 1475
15 1454
21 1264
27 1392
24 1335
25 1470
29 1294
17 1069
21 1215
12 1015
16 1161
14 1094
28 1178
27 1199
28 1440
22 1162
10 1298
22 1156
21 1377
21 1214
22 1177
14 1040
14 1342
10 1336
28 1125
17 1382
29 1313
29 1428
28 1366
12 1138
27 1251
22 1316
22 1082
20 1063
10 1309
19 1162
18 1494
13 1297
16 1292
21 1043
24 1473
10 1139
12 1024
26 1164
17 1174
12 1145
28 1289
17 1383
18 1044
13 1327
28 1211
17 1145
19 1161
16 1273
24 1267
15 1245
15 1243
11 1413
20 1316
10 1369
24 1398
23 1471
11 1444
29 1462
18 1309
24 1124
11 1490
29 1188
16 1187
23 1366
28 1148
27 1471
23 1423
24 1436
16 1478
16 1385
25 1278
27 1028
15 1163
19 1324
13 1325
22 1383
20 1034
13 1437
27 1307
28 1134
15 1386
11 1125
29 1226
29 1476
20 1456
10 1224
20 1449
18 1495
23 1407
18 1146
13 1339
24 1112
23 1381
20 1166
16 1141
28 1450
18 1251
20 1394
28 1326
15 1020
15 1479
26 1318
10 1407
25 1255
26 1089
16 1299
28 1216
19 1452
17 1416
11 1067
15 1446
23 1276
22 1179
19 1367
10 1039
25 1121
28 1060
26 1465
24 1320
11 1490
24 1000
14 1453
23 1003
15 1145
21 1291
25 1346
10 1471
14 1035
29 1124
10 1126
16 1305
23 1352
16 1423
10 1086
25 1073
14 1205
20 1414
20 1398
20 1062
11 1469
20 1052
16 1135
12 1076
14 1134
10 1354
18 1008
22 1060
14 1212
23 1165
26 1336
12 1371
27 1127
19 1382
16 1374
17 1466
23 1471