4900 5000
21 1156
13 1058
26 1420
26 1337
16 1292
22 1471
11 1219
27 1051
27 1388
20 1386
13 1339
18 1100
19 1357
26 1101
12 1105
22 1038
17 1314
20 1106
23 1463
25 1301
16 1026
26 1039
23 1084
18 1341
17 1144
15 1164
14 1072
10 1173
24 1326
28 1295
10 1281
18 1379
12 1058
11 1061
27 1482
16 1106
13 1473
29 1172
29 1206
20 1390
12 1483
12 1131
18 1466
21 1341
27 1137
25 1495
18 1188
10 1409
16 1433
12 1070
18 1220
18 1141
26 1201
26 1283
23 1187
13 1041
17 1470
12 1259
28 1339
13 1354
20 1420
25 1134
26 1403
11 1454
21 1473
20 1245
23 1009
12 1487
10 1316
12 1054
16 1243
17 1102
19 1493
17 1108
16 1315
21 1314
17 1154
13 1134
24 1442
25 1012
11 1022
23 1400
21 1316
26 1166
19 1160
17 1335
28 1363
20 1415
25 1177
28 1230
15 1114
21 1191
16 1425
21 1004
27 1431
10 1329
22 1350
25 1083
13 1412
11 1356
22 1124
20 1164
13 1094
24 1345
23 1087
22 1184
29 1241
26 1203
16 1261
11 1021
13 1154
28 1179
17 1032
11 1428
10 1450
11 1195
13 1065
21 1097
15 1423
22 1311
27 1474
27 1263
29 1256
15 1164
27 1054
18 1071
18 1429
12 1469
10 1285
16 1344
23 1144
20 1290
27 1438
21 1168
16 1354
21 1482
13 1270
28 1151
26 1322
23 1414
14 1146
24 1141
22 1306
26 1456
12 1454
13 1167
17 1398
25 1439
14 1044
21 1361
17 1050
25 1319
25 1454
17 1319
18 1440
29 1270
23 1207
24 1495
20 1369
23 1219
22 1207
12 1194
18 1320
17 1241
21 1147
13 1003
27 1378
20 1184
24 1345
29 1236
16 1433
13 1025
10 1088
21 1374
19 1260
19 1074
17 1282
13 1168
26 1447
22 1453
18 1221
18 1410
12 1099
24 1061
26 1319
12 1050
19 1444
18 1491
17 1227
14 1183
20 1471
13 1360
22 1322
19 1055
16 1407
15 1121
17 1404
26 1480
17 1228
28 1219
19 1139
14 1204
10 1277
15 1163
12 1000
24 1438
17 1042
29 1457
25 1095
25 1130
27 1153
24 1284
19 1037
12 1199
24 1469
26 1047
27 1262
19 1312
29 1104
13 1392
20 1339
14 1145
25 1327
23 1247
13 1365
29 1420
26 1349
13 1240
15 1386
27 1187
14 1455
19 1492
21 1483
11 1194
14 1388
17 1245
22 1443
15 1387
23 1249
26 1058
18 1487
23 1369
22 1370
12 1473
25 1061
14 1332
16 1008
20 1372
18 1142
22 1133
11 1075
19 1137
20 1171
28 1238
25 1151
29 1272
22 1323
23 1461
15 1418
23 1002
12 1336
26 1490
14 1380
21 1270
13 1281
28 1479
16 1019
16 1029
19 1240
26 1152
12 1499
29 1027
11 1178
11 1412
22 1373
10 1015
24 1384
13 1396
19 1071
28 1025
19 1465
25 1097
21 1261
14 1128
12 1007
13 1039
29 1428
21 1450
11 1063
24 1467
19 1068
29 1286
14 1057
20 1464
26 1137
26 1135
14 1107
27 1095
21 1236
12 1352
11 1394
19 1325
25 1258
12 1162
22 1213
25 1336
22 1002
12 1256
20 1430
13 1039
13 1291
16 1488
14 1099
20 1067
24 1193
12 1202
11 1429
10 1158
10 1248
25 1008
10 1134
17 1366
12 1073
25 1418
14 1487
10 1262
25 1280
25 1446
22 1413
15 1394
16 1039
17 1219
13 1067
14 1199
11 1058
20 1058
17 1391
10 1019
14 1067
10 1026
17 1016
26 1405
20 1490
24 1104
18 1384
27 1361
19 1119
15 1469
29 1122
20 1335
22 1274
10 1456
21 1062
17 1189
11 1101
10 1022
19 1206
29 1482
15 1411
13 1237
14 1067
11 1492
22 1027
18 1320
20 1489
12 1338
26 1379
10 1000
14 1139
14 1360
12 1124
13 1245
24 1416
14 1250
19 1480
11 1119
18 1196
18 1109
14 1241
18 1157
27 1428
16 1483
27 1357
29 1123
16 1044
22 1258
27 1457
23 1276
17 1145
13 1173
23 1398
13 1138
11 1034
11 1258
26 1434
11 1409
12 1420
16 1279
18 1118
27 1223
24 1022
18 1227
19 1007
29 1215
18 1264
29 1114
24 1009
11 1039
18 1213
11 1449
18 1180
18 1394
29 1404
19 1053
26 1053
28 1390
18 1220
28 1228
28 1485
14 1149
28 1128
20 1124
26 1071
16 1143
18 1110
10 1002
29 1021
14 1428
23 1358
16 1220
18 1233
29 1312
15 1200
28 1335
21 1233
21 1119
21 1264
27 1421
21 1336
17 1204
16 1099
24 1076
16 1064
15 1101
29 1318
19 1493
14 1026
13 1367
17 1171
23 1278
12 1490
21 1446
26 1177
15 1165
19 1407
21 1158
14 1467
28 1134
10 1139
23 1226
12 1380
27 1352
25 1195
15 1135
26 1327
17 1414
14 1048
28 1450
25 1049
17 1243
26 1169
18 1330
11 1443
14 1439
17 1274
18 1028
26 1206
12 1185
29 1349
21 1423
23 1099
18 1387
10 1106
21 1049
20 1073
23 1454
21 1314
14 1420
13 1075
18 1086
16 1181
11 1006
12 1274
22 1200
19 1495
17 1274
23 1478
26 1435
13 1245
19 1162
14 1280
10 1079
18 1259
28 1393
18 1362
20 1104
20 1080
14 1061
25 1439
13 1137
20 1488
10 1354
28 1455
12 1159
17 1243
20 1249
11 1013
10 1138
19 1370
18 1214
11 1273
26 1275
20 1228
20 1433
12 1473
21 1030
12 1358
18 1431
18 1090
22 1459
11 1255
22 1189
27 1017
27 1397
22 1459
22 1153
15 1124
26 1405
22 1394
17 1451
28 1101
16 1181
20 1402
15 1136
19 1150
29 1102
29 1286
15 1312
15 1123
25 1206
28 1134
21 1054
23 1196
14 1252
21 1040
16 1455
29 1267
19 1278
28 1220
14 1376
25 1170
18 1091
20 1025
29 1220
26 1075
16 1459
19 1122
12 1435
18 1253
19 1459
20 1063
19 1104
21 1032
28 1342
22 1442
18 1409
15 1174
24 1068
12 1102
17 1119
28 1269
19 1125
20 1155
11 1246
17 1292
26 1049
12 1375
12 1453
24 1224
27 1343
27 1104
26 1208
14 1028
13 1349
11 1104
26 1167
16 1039
26 1100
13 1363
11 1367
28 1025
11 1092
14 1438
19 1097
11 1074
22 1466
16 1434
23 1457
23 1104
27 1103
19 1114
21 1081
15 1072
27 1486
28 1466
18 1499
27 1172
10 1108
27 1285
18 1171
24 1355
12 1306
25 1184
26 1091
18 1290
29 1355
25 1224
25 1173
26 1046
25 1061
26 1471
25 1128
27 1418
18 1189
28 1360
21 1014
10 1351
16 1196
10 1463
29 1020
16 1347
10 1021
16 1462
12 1090
24 1151
29 1145
27 1211
18 1339
18 1218
28 1456
21 1279
11 1210
18 1360
26 1146
19 1109
12 1477
26 1297
12 1133
23 1488
15 1244
29 1214
21 1280
17 1465
21 1469
16 1481
24 1318
20 1072
16 1105
11 1398
25 1468
10 1425
23 1126
21 1363
21 1001
11 1346
29 1242
14 1078
23 1072
20 1305
26 1091
29 1152
21 1475
14 1049
22 1191
26 1051
21 1322
27 1241
22 1099
22 1106
19 1149
19 1332
12 1482
28 1477
15 1205
15 1446
23 1260
10 1231
16 1032
23 1486
29 1052
20 1325
15 1145
11 1464
22 1285
22 1253
26 1446
16 1126
16 1404
21 1342
10 1148
10 1130
15 1310
25 1011
11 1413
29 1153
13 1355
11 1061
23 1043
25 1205
13 1480
27 1253
20 1285
22 1421
14 1337
12 1486
17 1228
25 1124
24 1314
13 1266
23 1287
21 1071
22 1239
28 1093
29 1273
26 1211
21 1283
17 1201
29 1031
24 1467
11 1368
28 1104
26 1137
16 1022
24 1436
12 1250
12 1213
11 1399
26 1352
14 1274
18 1023
29 1307
14 1105
29 1064
11 1117
14 1474
19 1017
21 1059
11 1221
19 1038
28 1003
23 1045
28 1427
28 1444
24 1452
23 1144
28 1340
27 1040
24 1486
14 1219
14 1393
18 1039
24 1355
15 1100
16 1005
19 1329
15 1007
29 1381
15 1162
23 1338
20 1053
26 1416
14 1274
25 1189
20 1226
27 1192
11 1191
18 1482
29 1401
11 1401
29 1064
25 1046
25 1016
16 1442
23 1116
27 1469
29 1125
18 1432
22 1062
26 1396
27 1249
12 1064
20 1069
29 1144
16 1018
29 1095
19 1318
18 1011
25 1114
24 1255
18 1158
10 1447
29 1142
29 1117
20 1210
19 1448
20 1335
24 1367
12 1276
16 1227
21 1192
19 1109
18 1354
22 1163
23 1294
14 1382
22 1397
25 1474
23 1111
25 1382
21 1411
21 1303
24 1172
20 1091
18 1080
28 1262
27 1117
21 1447
25 1425
14 1496
28 1355
22 1422
16 1109
21 1328
18 1104
11 1219
15 1113
18 1320
20 1440
11 1233
24 1174
16 1308
29 1296
19 1331
27 1237
12 1261
12 1340
11 1361
18 1254
19 1010
12 1308
25 1391
12 1187
20 1359
21 1351
15 1318
24 1321
24 1461
11 1132
13 1102
12 1178
14 1468
26 1316
27 1206
19 1352
23 1129
27 1261
28 1119
11 1182
26 1337
13 1325
10 1127
20 1212
17 1197
14 1294
27 1322
18 1229
13 1122
26 1014
28 1258
17 1130
15 1387
11 1268
10 1096
27 1134
25 1386
23 1295
26 1426
25 1268
15 1057
25 1059
23 1346
18 1360
28 1435
19 1492
25 1360
19 1016
17 1345
24 1431
29 1366
23 1385
22 1076
25 1164
17 1335
16 1030
20 1430
18 1318
18 1223
15 1477
27 1479
13 1202
26 1243
17 1043
23 1112
27 1039
28 1360
20 1171
17 1311
24 1173
27 1031
16 1335
14 1005
17 1058
15 1148
17 1150
27 1460
13 1473
24 1402
27 1466
21 1053
16 1465
12 1208
28 1134
27 1184
22 1310
15 1250
27 1304
20 1243
17 1082
27 1098
13 1341
20 1109
28 1463
12 1367
15 1133
23 1173
15 1131
19 1481
19 1026
23 1170
19 1172
20 1079
10 1296
21 1463
22 1319
24 1049
17 1166
15 1004
27 1160
10 1406
18 1393
21 1189
20 1035
27 1419
24 1473
27 1127
12 1246
26 1033
18 1091
29 1222
24 1121
12 1047
17 1077
17 1156
16 1287
25 1384
13 1051
24 1480
23 1456
21 1482
20 1034
28 1111
15 1474
18 1085
12 1136
26 1361
17 1013
18 1288
28 1255
11 1427
16 1144
29 1153
27 1498
18 1005
21 1408
26 1180
25 1331
17 1119
26 1073
19 1019
26 1195
24 1436
12 1008
17 1030
29 1408
27 1117
15 1124
15 1196
22 1494
13 1004
28 1120
28 1364
13 1155
13 1111
23 1054
25 1198
16 1370
11 1048
21 1060
17 1444
29 1105
12 1201
20 1130
18 1318
21 1071
26 1183
15 1264
15 1207
18 1115
20 1118
27 1408
14 1370
13 1072
19 1476
15 1486
14 1090
21 1191
11 1410
23 1294
23 1357
26 1121
16 1343
17 1390
22 1323
13 1047
18 1466
25 1091
14 1408
10 1164
10 1471
28 1441
15 1463
26 1495
14 1269
13 1482
19 1426
11 1249
19 1270
29 1191
15 1447
25 1374
19 1317
13 1214
14 1276
12 1039
19 1319
21 1125
14 1191
22 1367
17 1436
14 1460
10 1326
28 1051
11 1293
11 1152
19 1266
27 1123
28 1013
23 1203
16 1274
15 1163
14 1218
26 1420
17 1421
11 1455
26 1467
14 1201
10 1198
23 1351
25 1444
26 1488
26 1000
16 1065
24 1276
17 1264
14 1349
17 1490
20 1332
17 1332
22 1191
10 1050
22 1405
10 1218
11 1180
14 1128
18 1417
22 1238
24 1077
28 1466
10 1411
13 1430
19 1470
19 1231
20 1047
15 1287
21 1041
25 1120
20 1246
15 1127
14 1295
20 1157
22 1135
20 1164
23 1405
17 1460
25 1359
29 1136
21 1198
18 1368
12 1312
18 1278
26 1256
20 1397
29 1422
29 1214
20 1325
18 1298
25 1238
11 1098
12 1355
21 1419
25 1257
14 1152
23 1377
29 1474
22 1471
10 1033
24 1407
25 1246
21 1223
18 1357
20 1388
28 1143
22 1290
25 1067
19 1498
11 1333
27 1378
11 1285
12 1316
12 1308
28 1450
10 1449
24 1090
28 1370
16 1015
20 1375
12 1004
24 1269
19 1319
24 1251
26 1261
22 1251
26 1480
16 1300
10 1168
18 1348
27 1267
17 1100
29 1171
23 1111
10 1312
12 1395
21 1325
20 1226
14 1478
15 1105
23 1317
18 1172
18 1242
20 1010
26 1215
28 1429
27 1376
16 1259
22 1473
21 1085
18 1212
27 1233
12 1049
18 1188
18 1331
18 1439
28 1457
15 1094
14 1372
29 1095
12 1089
15 1382
11 1448
17 1484
22 1185
26 1330
22 1240
14 1128
18 1205
29 1111
20 1487
29 1344
14 1321
22 1312
14 1116
23 1091
18 1025
26 1306
20 1150
20 1151
16 1001
10 1203
24 1225
14 1433
19 1378
11 1476
16 1077
27 1034
25 1266
12 1279
20 1220
17 1381
27 1375
20 1292
21 1381
15 1098
17 1322
26 1498
18 1156
10 1224
23 1022
24 1326
17 1310
12 1342
13 1477
18 1020
13 1195
22 1386
12 1306
28 1453
19 1273
14 1200
29 1118
12 1276
24 1104
12 1145
26 1053
26 1081
20 1087
12 1336
10 1164
17 1307
16 1455
17 1050
13 1369
23 1147
23 1339
27 1102
28 1430
18 1279
20 1322
19 1009
23 1110
27 1448
21 1075
25 1376
22 1147
27 1088
20 1449
10 1306
27 1394
17 1454
11 1320
14 1210
19 1088
13 1173
22 1227
21 1148
25 1159
29 1267
19 1362
23 1027
13 1066
29 1133
12 1090
15 1148
14 1313
18 1429
29 1449
23 1398
18 1053
27 1057
11 1220
22 1308
10 1431
26 1231
23 1452
22 1482
29 1008
24 1207
24 1026
11 1383
24 1064
16 1304
16 1143
25 1128
15 1158
26 1087
20 1052
28 1307
17 1047
14 1004
19 1394
29 1036
12 1113
19 1446
23 1282
20 1476
14 1209
22 1267
13 1229
22 1217
20 1086
13 1460
15 1429
24 1144
29 1269
28 1149
17 1379
22 1204
24 1116
28 1181
17 1303
26 1035
27 1333
28 1172
18 1181
26 1090
18 1264
16 1469
12 1489
22 1215
12 1438
13 1384
22 1267
24 1099
15 1058
21 1280
12 1491
24 1183
19 1090
14 1218
22 1064
24 1495
17 1409
20 1124
15 1049
23 1498
18 1066
28 1078
26 1241
20 1184
21 1268
21 1138
26 1056
18 1353
26 1207
28 1465
22 1291
29 1078
26 1459
11 1225
11 1250
10 1353
28 1225
20 1307
17 1225
26 1137
11 1215
13 1397
20 1101
24 1015
27 1283
21 1333
14 1167
25 1339
14 1226
29 1227
13 1015
22 1079
20 1230
12 1454
26 1309
29 1390
25 1192
12 1462
24 1208
17 1083
19 1000
20 1371
23 1115
18 1382
17 1416
11 1403
29 1041
19 1017
22 1310
21 1173
12 1226
11 1084
21 1286
21 1172
16 1208
21 1337
27 1133
27 1341
21 1208
13 1425
12 1425
12 1220
29 1373
26 1141
10 1249
11 1384
21 1034
15 1117
13 1083
23 1023
25 1493
13 1018
22 1093
12 1286
15 1327
28 1403
23 1164
18 1421
12 1172
22 1446
15 1147
16 1347
14 1043
28 1350
15 1380
26 1486
29 1198
22 1212
23 1221
10 1133
12 1106
15 1095
17 1212
21 1176
22 1328
17 1009
13 1499
25 1106
17 1266
10 1389
28 1396
25 1369
26 1284
21 1249
21 1458
17 1119
13 1274
17 1232
26 1478
26 1280
12 1263
15 1092
26 1468
10 1299
11 1405
12 1166
21 1047
18 1188
27 1498
24 1161
13 1487
23 1485
14 1446
16 1014
10 1457
21 1128
18 1055
28 1086
24 1109
24 1077
28 1400
11 1317
18 1363
27 1060
16 1486
17 1393
28 1247
11 1067
14 1357
19 1206
28 1240
28 1361
19 1172
12 1405
22 1310
26 1413
24 1390
21 1289
17 1215
25 1452
28 1122
19 1382
11 1093
28 1111
12 1095
11 1030
15 1213
23 1189
12 1316
21 1045
17 1079
14 1311
25 1206
22 1379
16 1400
11 1393
22 1036
21 1008
26 1059
19 1490
27 1493
27 1385
27 1402
15 1211
25 1138
21 1030
23 1354
18 1335
17 1193
20 1054
19 1270
20 1490
14 1133
10 1453
10 1067
25 1190
28 1138
14 1492
16 1432
29 1415
13 1437
12 1227
24 1338
14 1225
28 1237
27 1378
20 1222
18 1250
24 1253
28 1193
29 1059
23 1110
29 1281
12 1332
25 1234
21 1450
14 1370
15 1053
13 1197
10 1072
16 1355
21 1360
22 1376
20 1074
17 1089
28 1325
11 1048
23 1248
24 1293
11 1346
18 1001
16 1204
17 1478
21 1470
17 1064
21 1060
21 1111
16 1032
28 1271
16 1112
25 1243
27 1154
25 1189
15 1404
24 1179
19 1325
14 1179
27 1273
15 1428
19 1343
13 1481
18 1389
13 1052
19 1253
19 1313
27 1475
20 1103
15 1367
27 1352
27 1023
24 1167
24 1467
13 1299
24 1355
23 1427
27 1319
11 1387
26 1019
28 1470
14 1459
10 1069
25 1173
26 1422
22 1034
19 1308
24 1218
22 1453
12 1348
29 1490
25 1476
26 1392
29 1289
13 1167
21 1003
15 1123
24 1175
13 1357
20 1054
24 1103
17 1472
20 1477
14 1356
29 1071
24 1370
16 1434
17 1419
17 1130
22 1403
28 1289
21 1197
21 1490
29 1222
27 1380
22 1156
26 1104
15 1223
28 1082
22 1063
24 1152
21 1272
13 1090
18 1088
15 1029
26 1232
18 1037
27 1380
13 1191
19 1073
25 1283
24 1491
18 1468
24 1281
20 1171
26 1185
14 1179
18 1318
27 1373
12 1158
28 1075
20 1406
21 1106
20 1275
13 1007
15 1268
21 1089
16 1267
16 1230
12 1078
28 1174
18 1273
20 1071
22 1494
24 1249
20 1404
17 1033
23 1030
20 1433
20 1009
23 1115
13 1190
13 1075
25 1303
17 1141
24 1153
18 1294
20 1437
18 1168
11 1023
21 1083
17 1003
25 1309
22 1402
17 1446
22 1103
25 1036
12 1487
12 1069
10 1421
15 1251
28 1494
13 1116
13 1033
27 1128
20 1430
16 1039
26 1229
10 1300
12 1422
13 1286
18 1308
18 1444
13 1206
13 1007
22 1469
27 1190
11 1325
19 1378
12 1341
19 1307
23 1184
21 1362
20 1379
18 1316
25 1168
29 1170
29 1488
19 1135
24 1453
20 1441
18 1427
26 1076
26 1247
19 1407
18 1377
12 1359
13 1305
24 1026
20 1466
27 1181
25 1080
10 1300
22 1039
20 1439
21 1481
29 1468
15 1156
15 1040
22 1070
22 1166
24 1199
29 1065
10 1008
11 1478
20 1392
28 1341
20 1392
18 1431
23 1259
13 1106
12 1103
13 1438
11 1354
27 1299
16 1076
10 1377
25 1092
18 1473
15 1253
27 1033
13 1477
25 1237
28 1353
21 1016
19 1311
11 1200
29 1067
23 1072
10 1477
16 1321
24 1476
21 1233
13 1392
11 1375
11 1423
15 1298
17 1049
26 1453
21 1307
19 1236
21 1404
22 1033
10 1196
10 1456
27 1098
25 1157
22 1439
17 1345
13 1376
19 1494
12 1363
19 1222
28 1064
23 1366
17 1460
10 1030
18 1383
23 1350
13 1475
13 1486
15 1485
22 1211
28 1407
24 1066
27 1369
10 1130
28 1377
24 1401
27 1215
16 1061
22 1298
19 1457
27 1057
19 1129
21 1480
28 1114
29 1113
23 1119
24 1310
14 1030
22 1376
29 1229
11 1369
24 1035
17 1405
20 1371
13 1204
25 1257
25 1428
25 1245
13 1314
20 1285
23 1152
21 1343
16 1141
22 1251
13 1262
16 1472
19 1008
18 1103
15 1217
27 1430
10 1302
11 1244
29 1328
29 1148
16 1379
10 1027
22 1489
19 1267
14 1324
15 1282
29 1482
18 1371
22 1230
25 1303
17 1488
19 1233
17 1005
15 1154
20 1411
22 1491
10 1031
10 1174
11 1412
13 1174
28 1323
26 1402
28 1048
17 1307
23 1341
26 1153
18 1129
16 1379
27 1096
22 1341
22 1224
11 1225
27 1165
21 1403
21 1062
20 1181
28 1395
24 1155
19 1473
23 1445
23 1162
16 1017
28 1081
13 1056
12 1155
23 1424
17 1453
25 1171
17 1254
23 1007
15 1236
19 1162
29 1255
11 1350
12 1176
16 1441
24 1338
28 1329
26 1388
13 1171
27 1419
19 1370
20 1425
14 1065
29 1338
13 1228
18 1162
27 1453
12 1239
12 1211
23 1482
13 1027
20 1381
18 1203
23 1273
25 1422
12 1464
29 1165
14 1123
13 1073
27 1482
16 1317
13 1313
23 1439
17 1453
12 1267
12 1362
14 1283
12 1432
14 1095
17 1279
17 1258
14 1234
21 1262
20 1134
15 1402
25 1381
18 1183
12 1335
18 1232
12 1294
13 1191
21 1052
20 1363
15 1359
29 1452
16 1301
12 1065
14 1183
11 1225
21 1351
21 1486
20 1337
12 1233
14 1306
29 1395
14 1256
22 1481
24 1083
16 1034
11 1009
29 1214
26 1315
12 1306
28 1463
16 1079
10 1191
14 1096
12 1040
25 1155
19 1053
25 1360
18 1474
27 1295
11 1082
15 1080
11 1436
21 1070
17 1410
11 1008
25 1217
12 1051
22 1360
11 1376
10 1158
26 1300
18 1372
23 1267
12 1378
19 1265
15 1059
27 1409
17 1284
20 1486
12 1180
29 1123
12 1066
12 1378
25 1200
18 1239
28 1169
23 1480
12 1046
19 1079
19 1441
14 1127
22 1263
13 1189
29 1412
22 1168
12 1214
11 1360
29 1139
11 1333
28 1323
28 1471
24 1124
16 1015
20 1129
21 1459
24 1456
10 1310
16 1217
21 1195
10 1352
14 1167
24 1415
14 1385
12 1073
12 1258
28 1374
17 1466
21 1044
28 1064
27 1015
20 1193
20 1019
23 1202
29 1284
26 1260
26 1155
16 1347
20 1075
22 1418
28 1355
18 1203
12 1323
23 1150
26 1433
29 1430
20 1327
27 1092
28 1451
22 1112
26 1497
17 1390
24 1332
15 1165
15 1200
21 1322
21 1365
14 1335
23 1333
21 1116
20 1497
10 1406
26 1347
28 1446
26 1447
23 1032
25 1489
23 1081
23 1088
18 1091
20 1334
25 1065
21 1434
29 1026
18 1325
18 1124
11 1493
13 1237
12 1340
17 1078
16 1118
20 1315
20 1276
17 1045
14 1375
22 1084
16 1086
11 1485
17 1255
21 1231
22 1240
16 1430
15 1399
15 1402
10 1378
25 1216
15 1175
26 1478
28 1293
19 1489
26 1276
20 1467
10 1145
27 1177
29 1489
12 1277
25 1189
24 1369
25 1121
10 1273
26 1468
11 1273
25 1426
18 1277
25 1459
22 1164
27 1102
19 1226
10 1232
20 1261
15 1492
13 1326
26 1136
10 1260
17 1341
10 1209
12 1291
11 1423
22 1455
16 1236
13 1313
13 1295
11 1058
17 1373
12 1425
23 1392
12 1266
14 1214
18 1313
19 1386
19 1458
19 1126
16 1271
26 1104
20 1497
28 1069
29 1340
14 1301
25 1435
27 1064
15 1467
25 1072
19 1457
11 1327
19 1312
23 1062
17 1389
27 1237
10 1156
11 1171
11 1185
28 1167
21 1286
23 1190
20 1055
15 1259
28 1038
25 1400
10 1338
18 1291
26 1437
22 1219
21 1164
18 1373
10 1040
11 1226
23 1474
26 1430
11 1119
13 1244
27 1304
20 1187
19 1179
24 1006
18 1281
14 1338
17 1460
25 1031
13 1314
15 1302
10 1433
26 1081
25 1170
28 1324
27 1121
25 1320
14 1491
22 1293
12 1278
17 1053
18 1305
27 1414
11 1212
24 1208
28 1314
22 1220
26 1157
16 1429
29 1079
12 1388
20 1262
11 1471
29 1236
27 1145
22 1344
23 1471
24 1465
27 1176
29 1346
27 1202
17 1481
28 1199
28 1300
10 1012
25 1254
20 1308
16 1104
24 1256
25 1464
11 1343
11 1494
22 1044
19 1205
17 1114
17 1221
24 1059
13 1157
15 1092
18 1395
14 1458
21 1321
17 1444
21 1267
11 1200
26 1142
11 1495
18 1081
10 1340
25 1230
19 1065
26 1498
22 1292
19 1483
23 1001
17 1084
13 1070
28 1383
24 1244
13 1440
13 1042
10 1047
21 1394
16 1465
10 1396
25 1278
25 1455
21 1213
18 1389
10 1468
22 1425
24 1463
11 1257
27 1321
12 1050
14 1217
27 1226
12 1103
18 1160
18 1340
22 1002
24 1394
25 1218
14 1477
19 1347
16 1416
12 1091
27 1141
16 1146
14 1177
27 1018
11 1289
14 1147
16 1053
11 1365
11 1275
13 1328
24 1372
16 1332
25 1258
20 1307
16 1219
18 1235
14 1083
14 1029
25 1074
28 1444
12 1419
27 1264
24 1188
18 1446
21 1293
21 1385
25 1038
16 1209
21 1460
20 1009
11 1001
12 1380
16 1310
29 1086
29 1321
14 1388
20 1457
29 1412
24 1382
12 1149
24 1028
27 1402
22 1158
13 1393
23 1196
14 1418
18 1124
23 1384
22 1401
10 1097
15 1272
15 1412
29 1334
19 1284
29 1088
16 1132
17 1148
21 1469
13 1431
24 1353
28 1012
17 1402
10 1151
21 1123
29 1285
17 1494
29 1291
18 1097
19 1052
26 1321
17 1000
14 1293
27 1158
28 1144
22 1489
21 1360
11 1173
11 1391
20 1499
14 1397
10 1067
17 1407
28 1364
15 1268
24 1017
14 1029
18 1053
27 1117
11 1427
25 1092
18 1366
15 1273
14 1198
17 1113
15 1289
17 1199
15 1157
10 1395
21 1135
14 1394
13 1054
25 1465
23 1313
14 1283
22 1250
24 1362
11 1074
26 1073
23 1060
10 1077
23 1042
22 1039
26 1389
14 1158
28 1364
22 1340
24 1045
11 1177
12 1209
19 1022
22 1155
18 1454
28 1466
28 1273
11 1134
20 1381
12 1206
21 1210
28 1419
18 1473
24 1325
18 1320
27 1405
21 1466
25 1346
28 1363
14 1144
24 1267
11 1039
24 1193
13 1220
15 1029
15 1101
22 1344
17 1438
19 1389
27 1497
20 1311
22 1090
21 1193
29 1084
19 1455
23 1290
15 1049
19 1265
22 1002
17 1355
29 1040
19 1258
19 1444
28 1466
13 1335
16 1032
23 1490
16 1295
24 1028
17 1343
23 1327
19 1142
16 1343
20 1447
22 1111
25 1063
16 1273
28 1463
19 1179
15 1274
11 1038
16 1386
25 1427
26 1269
29 1224
16 1328
15 1485
25 1255
21 1019
18 1206
15 1225
27 1018
27 1401
11 1191
29 1428
26 1060
23 1398
22 1431
13 1121
27 1331
18 1295
28 1128
15 1032
19 1054
13 1250
22 1333
19 1489
24 1339
24 1480
13 1368
21 1286
29 1135
21 1402
23 1205
19 1249
21 1100
27 1430
22 1403
27 1281
27 1280
16 1107
17 1147
26 1255
12 1161
24 1250
26 1270
29 1447
19 1302
25 1326
21 1040
18 1053
23 1088
14 1071
15 1468
13 1012
22 1167
24 1023
17 1288
18 1119
26 1032
27 1250
12 1065
23 1003
15 1106
16 1343
13 1442
23 1383
24 1335
21 1258
28 1460
28 1289
12 1167
27 1050
14 1200
26 1437
21 1241
21 1018
13 1415
11 1310
18 1206
23 1013
14 1255
16 1180
24 1291
13 1424
10 1129
27 1010
14 1476
17 1105
12 1132
19 1149
13 1031
28 1036
21 1428
14 1170
23 1227
17 1270
10 1253
14 1467
25 1004
29 1340
28 1235
27 1461
16 1349
25 1275
28 1483
23 1290
26 1028
12 1042
27 1411
17 1246
29 1357
29 1138
26 1391
14 1161
10 1423
17 1172
27 1459
27 1111
13 1377
16 1026
23 1026
15 1036
22 1394
19 1078
24 1468
10 1215
26 1313
26 1011
15 1477
27 1135
24 1307
26 1307
23 1105
16 1146
17 1015
25 1034
20 1498
16 1456
24 1412
23 1160
11 1126
26 1066
22 1306
17 1329
10 1115
18 1092
16 1111
22 1308
29 1435
23 1374
20 1205
17 1257
27 1303
18 1366
27 1335
16 1180
19 1295
15 1188
27 1221
23 1267
12 1045
20 1389
28 1395
14 1357
28 1351
12 1352
25 1433
25 1441
28 1272
25 1150
15 1241
18 1431
21 1497
10 1286
21 1182
22 1408
25 1071
23 1115
19 1319
29 1257
10 1386
18 1277
28 1201
15 1168
27 1082
29 1174
29 1240
20 1057
26 1114
29 1227
26 1108
28 1075
20 1465
14 1251
19 1326
23 1295
19 1195
27 1035
13 1296
11 1452
12 1238
27 1027
12 1301
26 1257
17 1353
18 1399
13 1066
28 1244
27 1397
14 1179
25 1076
29 1369
14 1046
18 1444
17 1487
14 1054
27 1242
11 1322
14 1404
22 1301
23 1282
22 1447
24 1403
29 1083
13 1374
21 1197
23 1446
26 1100
20 1459
18 1405
29 1178
15 1420
26 1223
17 1207
12 1316
10 1031
15 1318
12 1318
19 1434
26 1072
29 1310
27 1358
27 1229
19 1457
10 1047
20 1352
18 1053
28 1094
27 1129
13 1419
21 1058
18 1114
23 1194
10 1171
26 1225
29 1184
11 1465
18 1296
18 1420
19 1314
12 1076
29 1227
19 1477
16 1287
25 1281
26 1222
28 1240
22 1141
25 1190
29 1161
22 1042
18 1015
27 1024
12 1344
21 1460
24 1231
26 1374
14 1042
15 1059
19 1029
21 1193
21 1146
20 1106
24 1145
22 1205
25 1243
18 1393
28 1155
20 1417
13 1261
23 1418
28 1488
26 1393
22 1117
19 1383
24 1493
16 1289
23 1446
29 1110
21 1383
27 1211
26 1188
21 1244
14 1319
19 1214
28 1425
14 1014
27 1120
21 1260
26 1305
11 1243
12 1402
27 1397
18 1358
26 1044
29 1423
12 1308
26 1172
10 1168
20 1118
26 1154
19 1418
16 1025
24 1095
22 1258
16 1378
28 1229
18 1231
19 1199
19 1260
14 1009
13 1198
24 1427
20 1151
19 1020
15 1210
10 1134
19 1292
28 1293
26 1468
21 1217
15 1325
16 1080
20 1227
10 1392
14 1444
21 1367
10 1140
22 1197
21 1088
24 1005
12 1347
15 1075
25 1256
26 1279
22 1483
24 1444
15 1304
18 1264
15 1027
11 1060
12 1179
29 1468
28 1438
14 1484
11 1410
16 1426
17 1462
14 1362
26 1057
23 1139
29 1363
13 1188
20 1267
11 1350
15 1432
15 1352
19 1498
10 1420
16 1185
23 1186
23 1056
27 1308
20 1074
18 1272
13 1411
22 1250
22 1404
17 1094
13 1354
13 1039
19 1437
29 1196
24 1378
19 1177
20 1207
15 1279
12 1145
28 1046
16 1400
22 1219
13 1462
24 1449
22 1150
17 1363
13 1045
25 1254
22 1139
17 1414
13 1373
18 1330
23 1330
26 1053
16 1179
22 1018
19 1244
28 1395
19 1331
22 1446
16 1318
15 1360
11 1068
21 1425
22 1122
16 1291
15 1221
29 1042
16 1170
19 1410
25 1299
25 1020
17 1333
16 1204
17 1415
20 1479
18 1406
22 1145
11 1002
20 1240
18 1236
10 1057
15 1411
13 1425
12 1168
28 1094
10 1292
17 1367
10 1472
24 1306
17 1139
12 1100
28 1117
12 1391
18 1274
20 1339
20 1287
14 1107
14 1313
29 1384
27 1436
22 1376
26 1172
29 1058
13 1447
16 1054
22 1374
20 1222
24 1039
21 1394
29 1433
21 1188
23 1366
25 1336
26 1059
18 1251
26 1225
11 1075
11 1294
20 1092
20 1216
27 1479
27 1316
16 1186
14 1481
23 1025
28 1365
10 1396
20 1437
18 1223
14 1074
24 1065
20 1106
16 1368
15 1199
19 1439
14 1400
14 1407
20 1074
19 1494
12 1022
22 1258
27 1179
24 1388
25 1299
18 1041
29 1002
13 1190
11 1283
21 1004
28 1038
24 1241
24 1247
15 1102
16 1313
16 1206
17 1140
27 1396
24 1261
16 1088
26 1370
25 1183
13 1016
12 1152
25 1212
20 1415
16 1198
19 1264
27 1074
20 1194
10 1321
11 1202
27 1428
22 1474
28 1445
15 1047
17 1125
12 1163
18 1419
23 1129
16 1426
18 1247
16 1403
26 1277
11 1218
27 1166
20 1440
11 1071
15 1280
22 1247
20 1098
24 1452
19 1260
28 1004
26 1125
25 1418
18 1245
27 1370
12 1486
29 1381
19 1358
27 1499
16 1018
27 1223
19 1243
12 1269
15 1445
19 1202
29 1369
27 1401
15 1078
17 1078
13 1070
16 1491
22 1274
11 1378
11 1339
17 1483
21 1081
13 1149
16 1455
28 1242
28 1410
20 1170
21 1107
18 1159
24 1043
25 1106
22 1035
29 1249
25 1058
24 1172
17 1046
11 1119
10 1370
16 1433
22 1122
26 1350
24 1228
15 1352
22 1423
10 1208
10 1004
19 1391
28 1491
29 1122
26 1295
11 1394
29 1118
17 1453
22 1390
27 1072
16 1146
23 1368
26 1435
28 1467
19 1185
20 1059
19 1406
24 1141
24 1235
23 1208
28 1257
21 1303
11 1160
28 1342
24 1413
12 1406
10 1457
16 1340
12 1320
15 1357
15 1113
20 1236
28 1017
24 1258
20 1173
10 1197
17 1199
14 1066
28 1022
22 1422
26 1256
10 1192
27 1168
15 1002
16 1468
22 1157
13 1398
16 1418
28 1424
21 1288
20 1467
14 1146
20 1259
16 1251
18 1485
13 1298
28 1425
13 1202
29 1108
19 1030
23 1417
21 1161
26 1440
23 1117
18 1322
25 1028
19 1138
28 1382
26 1078
21 1339
26 1022
26 1260
21 1264
16 1423
28 1220
24 1048
14 1156
27 1403
21 1494
12 1268
17 1163
13 1225
24 1289
15 1193
23 1339
14 1266
11 1447
23 1406
25 1137
26 1474
17 1243
11 1278
18 1245
23 1154
20 1426
23 1433
16 1236
18 1467
21 1434
15 1114
16 1499
17 1155
26 1271
17 1168
25 1490
27 1338
26 1008
18 1288
20 1473
25 1493
29 1314
22 1156
23 1005
25 1413
29 1361
13 1067
15 1141
14 1326
17 1495
12 1409
20 1234
15 1201
24 1390
18 1296
19 1425
14 1377
15 1376
11 1456
10 1474
14 1308
17 1139
12 1355
27 1090
17 1135
16 1226
16 1175
16 1131
11 1103
23 1359
15 1237
27 1130
12 1098
18 1143
11 1014
11 1472
12 1318
21 1354
28 1151
15 1441
15 1300
16 1454
29 1401
16 1406
28 1393
16 1172
22 1138
16 1087
18 1233
28 1453
14 1228
10 1092
15 1454
21 1390
22 1143
16 1216
10 1419
16 1308
28 1154
10 1036
12 1085
18 1055
20 1103
17 1488
13 1174
20 1012
19 1378
22 1109
21 1176
13 1280
25 1121
26 1305
26 1485
24 1307
14 1271
18 1277
16 1270
21 1321
15 1442
13 1004
28 1073
22 1352
16 1222
22 1327
16 1286
28 1472
21 1453
19 1413
27 1367
10 1127
22 1028
11 1394
14 1039
16 1411
10 1360
20 1023
24 1159
11 1029
25 1261
13 1247
28 1317
17 1155
18 1318
17 1440
12 1014
11 1020
16 1069
20 1389
26 1405
16 1156
14 1307
21 1339
18 1428
27 1409
20 1143
15 1444
21 1246
24 1286
12 1049
29 1053
17 1146
22 1103
28 1377
14 1327
17 1460
29 1217
28 1063
23 1292
11 1333
23 1409
16 1466
23 1499
25 1151
23 1193
26 1493
27 1065
22 1042
15 1079
15 1244
12 1491
14 1193
25 1486
23 1351
17 1288
27 1465
21 1392
10 1253
22 1362
13 1093
13 1353
20 1489
12 1235
13 1015
22 1216
25 1013
12 1046
11 1150
12 1399
15 1310
26 1284
17 1171
27 1148
15 1013
18 1381
22 1089
24 1150
25 1366
19 1083
27 1486
11 1139
24 1380
15 1066
27 1432
27 1489
29 1484
25 1154
29 1065
15 1361
27 1481
22 1315
27 1206
29 1019
24 1376
29 1233
22 1499
12 1017
26 1207
15 1459
24 1083
14 1124
19 1061
29 1258
22 1338
23 1180
20 1122
22 1243
18 1186
26 1079
10 1173
11 1315
17 1309
12 1185
12 1208
28 1125
15 1453
28 1320
28 1383
22 1057
29 1219
25 1380
16 1181
17 1026
14 1009
23 1346
28 1166
23 1463
26 1420
29 1365
25 1175
20 1484
21 1054
29 1377
18 1218
23 1434
20 1368
24 1339
12 1125
26 1061
23 1050
21 1342
18 1491
27 1488
22 1161
15 1188
21 1122
14 1432
29 1148
15 1240
27 1039
29 1304
28 1402
16 1164
17 1391
10 1069
13 1114
20 1015
16 1211
10 1012
10 1169
29 1016
11 1434
24 1400
15 1149
11 1446
29 1216
18 1432
23 1201
22 1105
17 1016
21 1130
29 1055
13 1018
22 1257
19 1320
27 1013
15 1295
29 1079
13 1026
24 1296
16 1278
23 1482
26 1347
26 1345
24 1127
26 1443
14 1472
14 1129
26 1020
24 1202
25 1399
23 1328
13 1447
12 1400
12 1436
14 1210
25 1041
21 1291
15 1255
10 1469
29 1362
26 1241
13 1170
22 1395
26 1322
14 1000
16 1211
25 1028
24 1474
17 1001
11 1217
17 1435
24 1495
16 1227
23 1188
27 1130
14 1497
19 1326
28 1275
16 1330
10 1396
10 1109
24 1229
19 1431
19 1139
24 1456
12 1053
27 1217
18 1182
21 1416
28 1326
14 1416
27 1093
10 1129
15 1480
15 1194
18 1335
15 1294
18 1061
28 1119
13 1154
24 1379
16 1028
14 1466
23 1224
19 1034
11 1292
17 1135
12 1173
16 1422
12 1487
11 1271
28 1059
28 1427
26 1457
16 1479
18 1263
21 1272
12 1476
10 1055
13 1000
21 1294
10 1342
29 1063
25 1269
20 1390
10 1092
25 1197
18 1087
11 1092
11 1017
13 1084
12 1141
13 1047
12 1122
29 1272
29 1332
18 1034
11 1050
28 1143
13 1174
21 1214
27 1293
27 1152
15 1098
18 1235
24 1496
19 1099
28 1337
14 1499
24 1171
28 1020
19 1061
19 1181
11 1363
24 1333
17 1172
14 1286
22 1328
12 1121
14 1366
25 1078
23 1456
13 1336
22 1141
27 1375
14 1197
14 1134
13 1465
17 1253
23 1240
26 1159
14 1396
24 1470
16 1283
24 1392
27 1005
25 1159
19 1069
29 1145
20 1134
27 1125
19 1441
25 1268
11 1125
14 1244
17 1357
15 1023
22 1232
25 1014
25 1075
16 1494
24 1000
24 1096
15 1114
26 1297
10 1441
26 1314
28 1105
28 1267
14 1192
10 1068
21 1058
19 1372
10 1061
26 1495
14 1319
10 1142
17 1496
11 1100
27 1306
23 1260
16 1237
29 1100
26 1440
24 1039
18 1496
25 1355
16 1436
29 1298
29 1061
16 1221
15 1003
23 1114
27 1138
29 1237
18 1398
23 1254
18 1007
20 1370
20 1313
29 1354
14 1022
26 1129
10 1109
27 1245
14 1087
15 1200
11 1058
15 1006
28 1211
22 1001
13 1382
15 1000
23 1182
27 1222
22 1418
26 1391
27 1006
12 1093
10 1018
10 1422
12 1431
18 1246
15 1043
11 1469
28 1247
17 1269
29 1332
15 1308
29 1092
10 1277
16 1242
21 1309
11 1103
29 1310
20 1404
24 1039
20 1334
16 1219
21 1059
17 1292
26 1398
11 1241
23 1465
26 1409
23 1341
23 1113
15 1397
29 1402
20 1435
26 1195
26 1398
22 1090
14 1158
13 1456
22 1341
23 1033
19 1017
21 1265
29 1271
17 1091
16 1240
10 1434
24 1041
20 1467
14 1407
15 1102
18 1037
13 1344
21 1118
14 1205
11 1146
24 1124
20 1493
17 1080
11 1102
27 1311
15 1386
13 1250
18 1155
12 1230
16 1095
28 1092
24 1162
15 1377
21 1472
21 1146
26 1368
27 1378
21 1115
13 1290
25 1394
24 1074
16 1463
26 1071
21 1155
15 1156
20 1247
11 1006
24 1132
15 1496
17 1333
16 1497
28 1019
14 1469
10 1210
24 1101
12 1101
18 1322
22 1293
26 1321
19 1128
20 1379
29 1491
29 1427
25 1213
24 1359
26 1227
14 1303
25 1262
29 1390
25 1320
11 1212
22 1303
23 1118
27 1153
27 1232
24 1037
10 1370
23 1372
20 1491
15 1113
17 1337
14 1456
26 1017
27 1308
16 1048
29 1457
25 1453
12 1429
15 1309
19 1431
22 1204
25 1280
25 1287
26 1208
15 1481
23 1468
17 1280
20 1210
21 1324
16 1173
23 1314
20 1257
17 1197
24 1436
28 1036
24 1209
28 1392
20 1247
11 1382
23 1431
28 1074
27 1118
22 1454
18 1402
27 1006
24 1085
27 1387
14 1382
27 1157
18 1000
23 1160
13 1128
24 1296
19 1051
15 1132
24 1489
23 1463
21 1334
25 1328
12 1064
18 1470
23 1254
19 1182
18 1061
24 1201
25 1318
29 1242
14 1058
11 1103
11 1082
21 1415
24 1010
10 1317
22 1315
10 1312
26 1365
16 1424
26 1229
29 1029
18 1176
14 1121
15 1353
28 1256
16 1466
13 1373
18 1450
14 1020
22 1116
13 1065
20 1227
23 1083
20 1419
25 1085
12 1242
23 1472
20 1343
21 1132
12 1010
19 1452
21 1218
26 1091
19 1027
21 1119
12 1413
25 1483
26 1352
13 1363
24 1443
22 1080
27 1433
15 1459
10 1209
18 1045
21 1100
23 1062
27 1269
26 1446
13 1210
16 1353
10 1175
22 1439
29 1279
24 1355
18 1011
15 1211
21 1144
15 1289
23 1432
15 1106
23 1376
28 1224
13 1025
23 1040
18 1071
23 1119
25 1077
21 1320
29 1392
10 1002
18 1334
15 1185
22 1035
19 1327
19 1229
13 1347
13 1450
21 1402
25 1052
10 1084
16 1106
20 1458
11 1073
22 1317
22 1464
25 1006
26 1476
12 1306
19 1499
19 1120
15 1026
11 1404
25 1163
11 1268
13 1315
27 1442
28 1495
20 1171
15 1063
12 1041
18 1141
26 1166
10 1013
19 1473
25 1182
15 1401
16 1217
29 1465
25 1370
15 1304
23 1217
12 1297
20 1435
18 1205
20 1002
19 1408
10 1173
26 1382
18 1195
16 1040
28 1322
14 1431
18 1200
19 1145
26 1206
28 1309
27 1345
29 1361
23 1404
16 1125
28 1078
20 1311
16 1167
13 1126
23 1332
29 1196
28 1376
13 1216
22 1023
16 1401
22 1165
22 1278
28 1087
10 1467
13 1409
29 1052
20 1183
29 1451
22 1360
16 1160
24 1491
25 1196
18 1429
28 1179
22 1205
11 1431
14 1219
29 1384
27 1249
27 1145
26 1242
11 1028
15 1359
22 1011
16 1075
27 1192
26 1334
24 1369
27 1417
20 1381
10 1076
19 1261
11 1157
14 1158
25 1293
24 1487
23 1159
10 1444
24 1157
20 1493
27 1366
18 1046
29 1061
10 1367
23 1095
10 1395
23 1142
10 1144
16 1202
11 1130
22 1280
12 1452
26 1062
14 1452
27 1154
18 1243
15 1433
25 1369
10 1400
18 1068
20 1340
28 1172
25 1221
23 1383
12 1061
28 1395
13 1223
16 1284
14 1247
21 1171
16 1041
16 1154
11 1153
20 1356
27 1477
15 1168
25 1005
18 1274
18 1419
29 1189
14 1031
29 1412
15 1320
16 1154
23 1403
19 1053
15 1018
25 1377
29 1072
21 1059
21 1232
17 1020
14 1131
27 1426
15 1329
17 1120
28 1114
20 1348
19 1349
12 1240
10 1153
17 1037
11 1416
11 1220
22 1213
24 1039
10 1329
19 1011
26 1006
13 1265
11 1240
26 1433
12 1400
22 1206
19 1342
19 1430
15 1394
27 1191
18 1427
24 1224
13 1303
15 1169
19 1124
20 1048
28 1072
23 1244
17 1484
20 1335
23 1402
19 1173
28 1140
17 1458
24 1042
17 1332
11 1397
22 1013
22 1444
20 1273
19 1077
16 1495
20 1448
14 1459
23 1072
16 1034
13 1399
16 1236
18 1112
21 1138
23 1032
12 1237
18 1190
25 1312
15 1206
29 1025
25 1075
22 1393
19 1124
18 1434
27 1461
21 1409
22 1354
12 1260
25 1052
21 1346
15 1475
20 1276
18 1292
22 1134
25 1230
14 1210
26 1293
15 1271
18 1142
12 1046
16 1364
23 1260
14 1029
12 1406
25 1452
29 1232
11 1475
16 1456
18 1067
29 1106
22 1451
28 1330
24 1043
15 1368
21 1201
11 1340
18 1362
23 1280
11 1030
12 1128
19 1034
21 1365
24 1021
17 1419
25 1336
20 1461
20 1103
19 1216
28 1380
12 1234
21 1490
27 1380
15 1080
18 1409
12 1345
24 1416
29 1357
25 1135
25 1334
24 1432
24 1321
29 1349
23 1414
17 1192
23 1492
26 1481
20 1302
11 1359
15 1143
19 1085
17 1270
26 1024
16 1232
24 1417
27 1061
29 1465
29 1086
21 1365
13 1483
10 1469
26 1036
15 1283
10 1067
12 1039
14 1146
19 1440
15 1444
22 1397
17 1270
15 1135
13 1397
15 1060
18 1337
27 1255
23 1441
27 1374
10 1407
11 1477
12 1051
22 1251
15 1162
26 1237
22 1173
22 1114
22 1411
11 1452
14 1368
21 1183
26 1212
29 1495
23 1101
14 1482
19 1488
24 1161
23 1214
24 1394
21 1396
29 1420
19 1350
28 1211
10 1272
20 1184
10 1006
12 1343
10 1245
13 1287
17 1184
10 1359
25 1078
21 1181
29 1280
14 1165
22 1153
12 1292
11 1302
15 1225
12 1014
11 1122
15 1104
27 1170
12 1029
27 1455
20 1435
17 1067
28 1307
21 1416
24 1371
15 1073
10 1470
19 1279
17 1483
23 1352
24 1111
23 1478
15 1381
19 1290
11 1175
21 1224
16 1198
12 1399
21 1038
21 1481
10 1421
22 1366
27 1268
13 1450
20 1345
20 1443
22 1111
21 1033
28 1012
16 1149
23 1052
21 1264
14 1120
13 1008
22 1134
22 1349
13 1166
20 1073
27 1368
18 1392
10 1484
11 1451
19 1090
29 1450
20 1046
19 1018
22 1395
25 1109
16 1411
25 1106
21 1236
19 1034
14 1429
10 1045
15 1350
18 1474
22 1094
29 1353
16 1190
13 1298
25 1322
25 1463
16 1393
15 1262
29 1409
14 1364
16 1324
29 1123
27 1028
18 1100
24 1436
13 1185
21 1199
11 1424
29 1208
12 1208
10 1160
28 1310
23 1223
29 1163
25 1129
19 1100
25 1200
19 1082
25 1159
11 1350
10 1273
14 1291
28 1288
24 1415
12 1040
28 1114
19 1099
16 1366
12 1007
19 1223
24 1031
21 1055
19 1157
13 1278
18 1085
19 1197
21 1019
17 1237
16 1072
14 1026
21 1379
15 1150
10 1063
19 1468
18 1127
10 1264
20 1178
22 1144
13 1478
29 1102
17 1169
19 1061
25 1444
11 1189
12 1236
29 1284
18 1349
14 1204
29 1307
13 1162
28 1241
28 1033
23 1115
20 1392
11 1148
13 1244
16 1361
24 1186
19 1322
29 1222
12 1012
19 1389
14 1489
14 1315
14 1173
12 1191
22 1142
11 1277
17 1462
14 1167
18 1081
10 1080
19 1075
29 1284
15 1050
11 1392
19 1236
23 1265
10 1323
11 1474
29 1084
25 1113
15 1367
20 1426
11 1378
10 1352
28 1206
14 1275
27 1065
17 1063
10 1148
11 1442
11 1375
21 1344
10 1193
14 1193
14 1232
27 1103
16 1032
10 1193
17 1208
29 1016
17 1249
21 1281
17 1257
15 1056
21 1377
20 1064
27 1270
10 1059
21 1086
12 1293
21 1059
15 1045
12 1419
16 1374
25 1000
14 1046
10 1372
10 1301
12 1300
27 1031
20 1049
23 1482
26 1279
22 1491
18 1380
19 1499
19 1020
24 1044
23 1441
25 1007
19 1291
11 1048
19 1154
12 1101
18 1031
21 1001
17 1038
19 1325
13 1404
14 1363
13 1172
10 1206
18 1107
11 1278
13 1065
28 1273
20 1122
14 1342
19 1008
20 1462
23 1138
23 1335
11 1107
10 1460
22 1086
12 1171
12 1214
15 1431
28 1266
14 1160
29 1134
25 1009
19 1086
15 1099
16 1190
28 1086
29 1048
14 1033
28 1224
28 1091
21 1084
20 1270
13 1462
12 1388
23 1200
26 1477
12 1225
24 1149
24 1498
18 1192
19 1013
14 1495
21 1340
15 1447
18 1481
21 1405
13 1192
16 1402
29 1426
22 1216
10 1058
21 1327
29 1424
23 1375
14 1473
11 1290
10 1496
29 1101
16 1017
11 1087
26 1054
21 1369
28 1141
28 1499
21 1059
14 1417
22 1359
16 1369
11 1128
22 1054
17 1217
23 1471
13 1391
15 1071
20 1219
18 1061
14 1201
14 1332
21 1065
18 1452
10 1034
21 1474
16 1110
20 1336
23 1259
15 1284
14 1052
10 1248
27 1073
29 1006
11 1241
10 1045
15 1357
16 1397
17 1379
14 1263
10 1407
20 1367
26 1491
25 1042
16 1129
10 1449
12 1298
24 1004
29 1399
11 1239
24 1062
28 1262
12 1199
18 1468
17 1065
26 1400
13 1188
13 1042
12 1251
24 1355
18 1423
15 1101
17 1052
11 1166
21 1213
16 1091
14 1230
26 1276
22 1469
20 1023
25 1192
24 1498
28 1136
22 1370
24 1191
27 1410
26 1193
21 1285
19 1068
29 1368
14 1137
18 1195
13 1033
29 1065
25 1210
26 1080
28 1402
13 1184
20 1176
22 1479
20 1268
26 1432
11 1425
28 1332
11 1126
16 1378
23 1173
19 1436
16 1429
23 1402
11 1279
27 1282
29 1361
11 1353
21 1153
22 1065
26 1023
13 1469
10 1255
18 1190
29 1155
14 1281
20 1003
15 1426
13 1029
19 1177
28 1364
24 1175
10 1117
27 1284
10 1360
21 1236
17 1346
27 1424
29 1226
19 1167
28 1027
28 1203
12 1355
14 1030
24 1325
28 1257
13 1426
11 1309
29 1420
17 1136
19 1091
27 1146
19 1365
21 1222
19 1283
27 1288
17 1326
26 1043
15 1192
11 1466
26 1296
11 1458
20 1215
26 1043
25 1423
28 1026
14 1190
16 1184
28 1188
24 1006
17 1188
22 1018
24 1268
27 1305
28 1223
22 1407
17 1102
27 1108
22 1073
18 1328
19 1352
19 1245
26 1130
25 1371
14 1493
20 1498
25 1409
20 1271
15 1416
18 1443
10 1461
16 1355
17 1391
18 1359
19 1303
21 1423
23 1301
14 1198
23 1298
11 1143
29 1390
18 1328
20 1364
13 1251
28 1117
14 1179
26 1401
21 1249
20 1094
27 1116
14 1407
11 1469
18 1129
13 1218
25 1292
17 1353
16 1205
19 1005
28 1260
28 1018
24 1482
14 1256
24 1145
16 1357
19 1031
21 1318
17 1483
27 1352
25 1078
13 1455
17 1193
11 1248
29 1492
13 1361
13 1068
24 1209
29 1396
14 1357
17 1208
26 1064
19 1039
20 1067
22 1028
27 1024
11 1161
17 1247
28 1022
16 1254
22 1022
19 1422
27 1423
25 1160
29 1142
29 1366
18 1276
28 1189
12 1283
21 1471
10 1303
12 1022
11 1400
12 1025
26 1436
15 1391
16 1186
10 1155
28 1477
13 1173
20 1244
13 1491
14 1242
10 1197
11 1135
27 1015
19 1301
23 1107
16 1048
12 1235
14 1264
28 1277
26 1161
25 1337
13 1390
17 1101
10 1035
15 1146
14 1217
24 1421
24 1047
21 1153
24 1102
14 1355
28 1024
10 1495
15 1457
23 1449
28 1042
27 1413
25 1488
25 1401
21 1125
12 1111
16 1004
20 1050
24 1490
11 1289
21 1152
27 1365
28 1288
27 1103
12 1472
15 1251
12 1489
26 1424
18 1388
19 1290