5150 5000
18 1213
16 1318
12 1272
26 1455
29 1405
29 1243
22 1027
22 1437
12 1445
15 1066
16 1257
19 1375
10 1222
16 1133
28 1482
23 1211
19 1046
11 1011
25 1109
20 1129
18 1081
29 1469
11 1369
18 1487
12 1463
15 1099
16 1146
28 1368
21 1094
19 1480
17 1088
27 1093
13 1132
20 1282
12 1156
25 1208
13 1008
11 1060
24 1303
20 1093
26 1137
28 1422
16 1477
28 1174
15 1495
14 1104
29 1406
10 1432
23 1172
16 1205
29 1423
22 1317
19 1094
14 1430
22 1224
16 1295
13 1428
14 1305
12 1131
25 1139
10 1364
17 1422
25 1012
23 1439
20 1234
24 1178
17 1000
25 1043
11 1356
16 1041
27 1078
12 1069
24 1132
24 1247
13 1397
29 1117
13 1364
14 1262
29 1011
19 1005
20 1169
15 1356
18 1047
29 1124
12 1481
14 1151
23 1271
10 1224
13 1185
24 1441
25 1445
27 1272
26 1031
26 1033
27 1474
14 1171
21 1420
20 1382
28 1065
10 1233
25 1437
21 1354
28 1482
10 1417
21 1436
18 1301
12 1128
16 1446
19 1115
23 1212
20 1204
13 1093
27 1097
13 1328
10 1481
27 1052
15 1183
18 1096
10 1352
11 1216
29 1097
16 1106
21 1253
17 1176
16 1059
18 1362
24 1000
13 1108
26 1124
21 1087
17 1340
15 1474
22 1180
19 1127
18 1068
21 1408
14 1241
23 1364
26 1017
20 1210
26 1238
11 1276
11 1188
17 1178
14 1028
14 1262
13 1467
23 1278
28 1491
29 1325
16 1164
28 1123
20 1202
23 1162
13 1306
16 1354
16 1323
17 1350
28 1039
15 1046
13 1410
13 1414
17 1328
13 1481
14 1268
12 1322
27 1316
12 1012
28 1478
18 1088
11 1347
29 1209
25 1395
27 1231
22 1086
21 1228
29 1471
20 1256
25 1083
19 1286
10 1032
20 1402
23 1268
18 1481
29 1323
20 1033
25 1260
17 1106
15 1174
18 1454
28 1369
12 1274
29 1132
15 1121
16 1303
11 1333
24 1120
19 1126
10 1262
17 1238
21 1375
21 1118
19 1071
18 1040
25 1170
13 1418
17 1221
27 1160
11 1385
28 1061
21 1236
20 1325
26 1463
22 1221
13 1172
27 1385
25 1039
22 1018
20 1045
18 1485
18 1009
14 1203
16 1064
18 1284
29 1189
16 1369
11 1328
12 1292
14 1434
22 1352
15 1265
23 1457
29 1094
18 1066
10 1420
14 1169
15 1382
28 1186
11 1085
12 1373
10 1162
22 1430
12 1415
13 1052
24 1070
20 1381
23 1338
14 1493
10 1364
27 1205
15 1302
29 1185
16 1124
13 1488
24 1214
22 1242
11 1230
26 1220
25 1043
13 1220
11 1210
28 1435
18 1092
10 1296
13 1091
24 1149
20 1095
16 1187
24 1441
10 1141
11 1487
15 1072
14 1481
15 1136
21 1221
10 1162
18 1245
24 1331
23 1143
18 1357
23 1128
14 1288
23 1322
11 1318
19 1480
24 1116
16 1025
23 1210
29 1202
19 1116
12 1473
20 1377
13 1302
19 1107
25 1398
13 1286
27 1050
26 1068
23 1477
23 1424
28 1079
10 1135
12 1100
19 1088
18 1228
24 1403
15 1061
15 1224
18 1413
25 1221
15 1069
12 1487
15 1085
23 1372
12 1451
13 1178
16 1098
14 1069
15 1482
24 1370
28 1239
25 1480
28 1149
25 1415
20 1451
10 1138
29 1109
28 1287
13 1266
18 1139
22 1214
13 1418
23 1156
24 1290
25 1338
16 1112
24 1414
24 1369
29 1178
29 1168
23 1185
16 1126
12 1249
16 1214
12 1439
16 1293
17 1132
24 1411
10 1135
27 1256
17 1118
16 1422
10 1163
16 1053
12 1232
19 1328
27 1146
14 1255
22 1225
18 1318
11 1141
24 1141
18 1455
15 1152
28 1376
15 1041
13 1458
20 1105
13 1064
23 1114
17 1339
17 1248
12 1367
15 1172
22 1476
11 1329
16 1204
10 1146
13 1060
17 1414
23 1212
18 1144
28 1366
26 1225
24 1312
15 1091
13 1352
18 1167
23 1212
19 1255
15 1142
27 1212
28 1475
19 1160
12 1273
12 1107
14 1275
29 1281
15 1267
15 1472
24 1221
29 1300
21 1483
12 1403
25 1113
24 1379
20 1096
20 1363
12 1215
24 1236
15 1385
10 1393
26 1390
23 1210
26 1438
26 1131
22 1488
17 1031
24 1220
14 1127
15 1185
23 1026
29 1142
12 1016
26 1461
14 1017
18 1271
28 1295
26 1226
24 1104
17 1246
28 1439
24 1232
29 1448
13 1303
14 1288
25 1194
21 1413
28 1363
10 1483
17 1279
26 1283
18 1413
12 1240
22 1170
29 1319
22 1422
28 1245
22 1473
11 1209
11 1191
14 1257
23 1088
13 1490
16 1174
13 1276
19 1331
27 1486
11 1131
19 1176
13 1432
19 1186
24 1228
25 1322
21 1411
13 1058
12 1457
17 1025
26 1256
18 1206
11 1364
10 1041
10 1090
16 1240
15 1358
29 1451
17 1162
22 1239
18 1031
11 1271
17 1285
15 1101
27 1151
26 1396
27 1255
18 1259
29 1312
26 1410
21 1163
15 1424
15 1075
27 1096
17 1012
15 1074
18 1210
19 1485
27 1166
27 1196
24 1339
20 1372
10 1038
18 1437
12 1211
29 1190
21 1275
15 1302
20 1343
29 1362
20 1195
21 1046
27 1011
12 1328
14 1011
16 1342
24 1305
20 1277
28 1166
14 1004
23 1397
15 1344
12 1306
11 1496
21 1441
25 1444
16 1158
29 1184
18 1297
28 1218
11 1250
13 1007
27 1086
24 1392
20 1182
12 1048
23 1362
11 1008
21 1388
17 1372
22 1235
13 1208
26 1242
20 1159
22 1355
14 1053
28 1059
21 1340
13 1134
10 1437
24 1167
29 1212
11 1448
15 1328
24 1242
25 1439
16 1106
14 1041
10 1209
27 1300
23 1263
12 1063
14 1374
24 1074
15 1186
24 1305
24 1123
17 1460
10 1257
21 1059
13 1394
27 1000
15 1458
13 1311
15 1056
27 1119
27 1063
24 1462
14 1207
12 1407
17 1457
19 1129
17 1117
19 1375
19 1229
12 1237
25 1437
23 1224
18 1142
10 1424
16 1366
22 1410
23 1327
14 1191
15 1368
28 1046
27 1097
18 1020
23 1288
15 1245
11 1336
19 1242
11 1243
21 1008
29 1372
15 1252
26 1093
13 1293
10 1270
16 1000
27 1055
11 1157
29 1414
19 1199
20 1178
11 1096
18 1321
13 1478
28 1218
10 1054
14 1290
11 1113
15 1404
22 1087
28 1392
18 1221
21 1359
12 1010
18 1113
24 1492
25 1250
10 1410
22 1318
23 1105
11 1472
25 1190
25 1256
28 1379
25 1343
29 1301
21 1466
23 1342
11 1227
25 1148
12 1411
10 1407
14 1149
22 1085
18 1246
29 1389
15 1427
22 1125
10 1441
13 1033
25 1223
19 1017
27 1033
15 1149
21 1407
10 1446
25 1350
18 1125
25 1221
26 1029
15 1421
18 1302
16 1209
10 1499
10 1149
19 1258
11 1069
27 1479
25 1463
20 1493
26 1317
21 1304
10 1316
24 1386
25 1185
29 1347
22 1025
12 1260
27 1110
18 1252
20 1392
25 1353
26 1228
21 1040
13 1101
15 1473
25 1408
25 1388
27 1150
28 1010
14 1229
29 1471
24 1296
23 1409
27 1387
16 1269
23 1443
27 1049
14 1174
17 1294
17 1474
29 1025
16 1469
18 1036
29 1441
25 1026
22 1494
29 1307
11 1181
23 1050
14 1332
19 1333
27 1152
17 1164
12 1467
29 1210
14 1299
17 1085
20 1038
22 1376
26 1338
11 1178
15 1136
14 1411
21 1425
20 1411
22 1319
24 1198
27 1444
22 1136
15 1261
23 1489
26 1042
29 1112
11 1139
13 1414
27 1258
20 1163
12 1300
29 1414
28 1162
29 1080
26 1465
18 1430
27 1056
18 1174
18 1392
12 1461
26 1331
21 1106
19 1472
18 1305
29 1409
22 1304
26 1213
12 1015
22 1073
13 1164
25 1484
29 1278
25 1214
18 1193
15 1464
17 1128
17 1178
15 1048
28 1285
24 1396
23 1301
28 1427
24 1320
27 1032
26 1023
19 1094
23 1409
21 1484
19 1137
13 1093
18 1352
20 1076
21 1129
10 1018
13 1264
29 1308
21 1161
27 1464
28 1056
23 1303
11 1004
29 1003
21 1369
13 1433
14 1232
19 1295
24 1490
28 1180
19 1223
18 1190
28 1420
19 1086
17 1335
24 1403
14 1193
11 1392
13 1479
21 1324
17 1437
21 1287
29 1431
18 1122
17 1199
25 1269
23 1281
25 1007
21 1018
16 1460
17 1485
23 1160
15 1030
29 1409
24 1399
28 1027
12 1202
13 1020
19 1475
24 1291
22 1160
28 1205
19 1212
11 1244
25 1435
19 1107
17 1301
28 1064
16 1139
13 1060
15 1175
17 1321
28 1115
20 1141
14 1069
14 1011
11 1442
12 1011
17 1004
15 1331
10 1244
17 1160
11 1129
11 1240
27 1059
13 1237
29 1356
19 1318
13 1051
23 1033
14 1032
15 1343
24 1093
26 1377
29 1351
15 1248
28 1421
15 1472
29 1341
17 1236
26 1417
19 1439
10 1387
26 1470
26 1271
19 1462
12 1121
22 1074
24 1283
21 1274
23 1164
23 1420
27 1410
21 1256
18 1392
21 1332
17 1207
15 1487
21 1072
26 1390
19 1117
18 1160
24 1156
26 1061
13 1430
28 1140
10 1246
12 1223
28 1075
21 1192
16 1304
16 1486
20 1373
24 1302
23 1394
18 1258
25 1376
18 1109
29 1005
11 1004
17 1208
26 1142
12 1078
12 1452
17 1414
17 1305
27 1119
26 1363
11 1472
17 1225
16 1420
25 1191
19 1070
27 1007
26 1126
18 1474
21 1371
27 1035
13 1163
10 1380
11 1301
21 1165
14 1105
25 1328
29 1148
22 1439
23 1488
21 1243
22 1116
24 1150
14 1272
18 1047
24 1022
24 1153
19 1387
10 1267
13 1497
27 1414
12 1219
22 1418
14 1379
28 1069
10 1111
23 1039
10 1215
17 1483
11 1000
24 1293
17 1279
27 1356
15 1048
15 1321
14 1146
12 1322
28 1405
10 1132
25 1326
21 1311
20 1433
15 1147
25 1375
26 1243
21 1206
28 1227
14 1354
25 1357
21 1118
27 1303
19 1370
23 1317
21 1326
11 1293
11 1022
20 1081
19 1477
22 1234
24 1072
23 1217
24 1042
22 1000
21 1104
26 1293
22 1012
21 1322
22 1015
20 1315
16 1157
24 1483
27 1132
13 1103
14 1164
28 1206
10 1182
11 1360
15 1360
21 1100
29 1261
27 1347
25 1363
23 1016
29 1304
14 1031
14 1015
10 1316
26 1051
13 1174
12 1391
23 1443
11 1212
12 1246
21 1085
21 1161
16 1131
14 1238
17 1172
10 1475
29 1477
25 1050
16 1129
23 1435
15 1274
13 1137
12 1267
11 1238
21 1050
17 1425
24 1459
23 1194
24 1078
14 1044
10 1316
14 1280
27 1214
29 1289
20 1372
28 1205
23 1177
24 1369
26 1107
14 1199
27 1383
29 1414
12 1097
10 1153
12 1387
29 1326
20 1169
24 1271
23 1388
10 1475
16 1427
17 1097
24 1336
17 1032
11 1375
24 1255
16 1114
22 1372
10 1308
24 1365
23 1108
23 1192
17 1425
15 1463
27 1150
27 1143
17 1363
21 1196
24 1293
14 1127
10 1442
11 1283
24 1027
28 1295
15 1325
13 1294
12 1140
22 1105
14 1200
27 1419
27 1417
10 1494
19 1264
26 1202
12 1080
22 1093
25 1040
20 1302
14 1061
18 1061
17 1400
13 1197
15 1016
24 1031
25 1352
21 1473
22 1499
16 1127
24 1249
28 1221
15 1142
15 1481
29 1101
13 1064
25 1304
29 1118
26 1062
10 1135
20 1032
26 1300
18 1201
10 1151
12 1288
15 1235
14 1070
13 1282
20 1386
26 1020
24 1041
26 1070
18 1130
18 1200
15 1119
17 1358
10 1374
12 1226
26 1164
16 1334
16 1348
18 1073
27 1317
18 1377
15 1008
28 1279
19 1066
18 1313
29 1169
15 1144
25 1064
19 1202
10 1174
26 1492
21 1447
17 1423
21 1095
15 1042
17 1061
21 1321
14 1025
22 1475
18 1194
22 1143
13 1366
16 1414
29 1277
17 1324
29 1316
22 1496
15 1065
10 1027
15 1017
23 1018
16 1170
14 1408
26 1042
19 1083
17 1439
15 1140
10 1301
19 1343
23 1176
16 1409
14 1105
11 1414
23 1439
17 1079
10 1463
11 1483
20 1078
10 1233
16 1210
23 1061
28 1056
22 1429
12 1458
21 1098
22 1357
23 1463
23 1085
18 1238
14 1132
18 1358
24 1118
14 1277
19 1491
26 1133
13 1194
15 1456
15 1403
18 1459
24 1459
20 1189
22 1283
26 1252
24 1051
26 1329
19 1233
16 1295
19 1156
26 1467
23 1269
10 1265
21 1113
21 1292
23 1320
11 1486
16 1300
20 1432
20 1175
24 1171
24 1073
20 1162
16 1461
24 1301
24 1358
27 1298
22 1003
14 1023
16 1258
25 1372
17 1051
22 1317
17 1349
27 1009
26 1466
23 1492
22 1200
23 1127
20 1233
20 1418
19 1040
17 1163
21 1128
20 1462
26 1408
18 1456
25 1239
11 1250
18 1427
15 1276
21 1378
15 1323
22 1263
14 1278
18 1311
29 1008
14 1212
13 1192
17 1148
23 1138
28 1076
13 1327
19 1350
19 1196
25 1038
22 1192
28 1157
12 1366
22 1421
19 1454
21 1010
24 1165
16 1279
20 1441
24 1457
19 1173
25 1003
24 1304
18 1093
24 1280
15 1412
19 1191
11 1131
28 1389
18 1090
11 1122
10 1192
17 1102
12 1035
12 1335
28 1025
21 1081
19 1275
12 1003
14 1088
12 1060
15 1056
13 1267
24 1120
26 1348
23 1468
14 1369
27 1417
27 1444
22 1240
10 1048
15 1244
19 1163
13 1304
24 1149
29 1004
25 1375
14 1496
21 1337
16 1128
23 1088
17 1195
25 1224
17 1188
17 1342
26 1101
18 1164
10 1447
16 1063
28 1383
25 1274
19 1104
16 1012
17 1455
15 1336
15 1337
29 1164
29 1084
12 1260
23 1155
20 1049
25 1213
14 1373
16 1259
28 1058
16 1216
28 1150
26 1207
23 1283
20 1289
15 1229
27 1168
13 1088
27 1313
25 1278
10 1397
16 1318
23 1158
27 1157
23 1424
13 1379
15 1269
24 1248
19 1294
16 1073
20 1320
19 1122
20 1308
18 1093
18 1343
21 1451
23 1202
13 1142
25 1198
26 1151
23 1480
13 1476
23 1130
13 1010
27 1127
19 1075
22 1157
12 1446
18 1248
21 1453
10 1302
29 1378
16 1245
10 1428
17 1159
11 1345
13 1089
26 1167
22 1092
14 1432
15 1170
19 1456
22 1080
16 1320
20 1436
25 1374
25 1163
21 1326
25 1359
12 1169
14 1090
23 1219
17 1143
29 1221
17 1437
10 1268
24 1331
12 1014
11 1304
10 1064
15 1303
11 1351
21 1219
11 1150
11 1045
24 1278
24 1081
28 1443
12 1296
16 1355
20 1293
10 1354
11 1324
20 1016
28 1342
26 1023
29 1342
28 1004
29 1469
25 1438
16 1433
14 1315
29 1387
21 1271
25 1154
29 1483
19 1003
11 1055
10 1202
19 1413
28 1366
27 1292
18 1070
17 1276
29 1305
25 1385
12 1355
27 1055
15 1354
25 1033
22 1305
20 1224
19 1151
21 1143
20 1283
29 1169
28 1435
29 1441
14 1135
12 1463
26 1220
23 1271
13 1137
12 1427
26 1325
20 1303
21 1069
14 1109
17 1135
21 1006
13 1345
12 1397
12 1143
12 1050
29 1103
29 1412
18 1147
12 1324
26 1352
10 1108
13 1095
17 1030
10 1220
13 1303
13 1326
11 1289
19 1180
24 1372
13 1235
24 1015
19 1167
15 1108
22 1429
16 1247
25 1259
26 1277
16 1241
16 1474
13 1147
18 1328
10 1140
25 1404
19 1009
18 1455
19 1063
22 1198
23 1306
14 1412
23 1167
16 1004
28 1214
20 1172
20 1464
23 1037
23 1293
24 1463
16 1190
22 1406
17 1441
15 1266
22 1099
11 1437
10 1278
16 1352
22 1418
28 1070
27 1178
18 1209
13 1039
27 1404
21 1273
10 1427
14 1319
17 1369
28 1181
28 1111
25 1372
25 1103
29 1438
12 1023
22 1496
29 1185
29 1218
12 1349
11 1103
13 1288
29 1003
25 1474
14 1319
20 1037
18 1182
16 1013
11 1401
22 1142
13 1132
23 1474
19 1308
14 1069
16 1254
23 1078
26 1397
29 1311
20 1493
13 1374
12 1104
18 1011
24 1453
20 1126
11 1274
17 1332
20 1338
12 1042
18 1398
15 1440
12 1230
24 1155
27 1371
25 1357
25 1167
18 1368
27 1349
26 1108
12 1358
26 1006
14 1041
21 1148
28 1336
26 1164
27 1068
28 1186
12 1168
11 1289
14 1387
25 1373
25 1452
29 1478
13 1015
19 1201
24 1259
18 1238
14 1255
17 1258
24 1208
20 1382
27 1462
22 1048
14 1449
19 1201
22 1209
25 1277
21 1159
14 1193
22 1338
25 1227
14 1287
15 1418
18 1058
17 1195
22 1270
23 1436
27 1276
28 1412
27 1205
29 1241
11 1097
20 1183
16 1114
13 1095
25 1121
28 1030
10 1037
14 1087
26 1454
10 1432
27 1295
11 1291
26 1363
17 1414
11 1081
21 1180
24 1213
28 1281
16 1350
26 1391
21 1252
14 1405
18 1486
24 1049
14 1297
23 1468
13 1198
11 1485
11 1197
15 1071
23 1065
12 1123
12 1168
20 1308
27 1325
22 1196
27 1487
17 1144
19 1107
12 1355
17 1116
21 1035
24 1018
27 1363
12 1267
22 1269
18 1079
20 1141
25 1319
14 1239
27 1324
18 1235
25 1206
22 1190
19 1441
13 1046
13 1288
14 1457
25 1422
22 1005
13 1147
17 1414
24 1386
13 1235
16 1042
27 1321
17 1313
11 1213
29 1421
14 1448
27 1444
15 1335
10 1236
11 1434
25 1027
20 1163
22 1030
20 1442
14 1100
22 1168
29 1193
21 1165
24 1330
21 1007
26 1321
17 1226
18 1363
24 1105
24 1060
27 1028
18 1323
10 1006
23 1031
24 1488
17 1374
16 1422
28 1394
27 1126
27 1422
28 1424
27 1464
17 1241
18 1304
16 1126
12 1360
28 1003
22 1485
28 1065
23 1443
16 1200
10 1392
17 1064
14 1316
10 1212
17 1408
18 1462
12 1300
26 1278
25 1191
20 1105
24 1123
15 1297
25 1145
26 1227
18 1015
29 1098
23 1122
14 1121
21 1217
10 1121
25 1430
15 1152
12 1377
25 1473
28 1154
29 1441
24 1371
20 1050
11 1409
20 1207
14 1157
15 1426
11 1448
20 1151
27 1298
15 1475
14 1476
16 1008
10 1481
26 1046
12 1026
22 1150
12 1015
13 1168
10 1207
28 1140
17 1461
11 1499
15 1348
27 1135
23 1310
13 1413
24 1090
28 1122
24 1045
19 1400
26 1360
17 1286
10 1229
12 1394
21 1344
26 1239
25 1476
27 1190
23 1419
29 1389
13 1423
21 1157
27 1278
28 1470
18 1440
11 1380
28 1160
21 1195
18 1491
10 1335
18 1146
29 1442
20 1003
10 1429
17 1230
23 1425
18 1156
14 1135
29 1444
20 1027
28 1080
19 1116
23 1487
26 1357
23 1247
28 1188
16 1440
10 1400
17 1259
23 1467
25 1265
14 1078
24 1201
26 1137
11 1349
25 1370
10 1470
16 1057
15 1241
21 1484
18 1387
20 1381
22 1305
28 1110
27 1097
14 1053
29 1255
24 1120
26 1479
17 1318
10 1243
14 1479
28 1031
24 1033
29 1049
19 1325
16 1479
19 1291
13 1337
29 1092
16 1270
14 1128
15 1227
26 1082
15 1160
13 1452
10 1047
16 1379
15 1343
21 1333
24 1288
17 1237
22 1314
27 1069
11 1169
11 1013
10 1295
25 1428
14 1351
28 1256
19 1436
19 1404
26 1064
11 1053
13 1352
28 1157
12 1453
20 1425
20 1256
16 1211
22 1348
23 1286
17 1173
14 1438
25 1464
25 1131
19 1434
26 1424
22 1411
19 1135
24 1047
18 1488
25 1259
19 1268
25 1448
20 1004
10 1440
19 1428
10 1331
19 1300
16 1164
15 1158
11 1430
25 1348
26 1314
10 1083
17 1398
22 1316
18 1269
17 1080
22 1091
19 1432
25 1290
20 1137
28 1387
20 1037
14 1092
16 1251
15 1106
24 1077
13 1369
21 1489
17 1104
21 1233
22 1305
15 1090
10 1140
12 1382
14 1324
16 1027
18 1390
18 1173
20 1158
23 1322
21 1440
26 1188
22 1198
11 1088
16 1232
23 1048
15 1390
29 1373
11 1252
16 1046
18 1051
21 1215
14 1341
21 1344
14 1393
19 1388
12 1152
28 1128
21 1027
15 1008
23 1282
13 1040
14 1192
17 1354
13 1165
12 1156
20 1451
19 1072
16 1278
23 1250
16 1017
23 1215
29 1252
25 1327
11 1072
14 1050
15 1348
14 1018
20 1223
18 1240
20 1144
11 1478
22 1172
24 1420
22 1163
29 1132
23 1344
27 1117
24 1275
22 1489
29 1210
10 1102
18 1276
11 1084
21 1429
28 1064
20 1335
26 1292
27 1124
18 1296
22 1065
17 1303
13 1488
14 1149
17 1249
18 1056
23 1420
10 1041
26 1470
16 1478
15 1026
12 1495
22 1093
23 1046
27 1320
20 1455
26 1335
25 1485
25 1204
28 1189
18 1100
27 1237
16 1138
27 1423
12 1470
18 1021
14 1380
28 1317
25 1069
10 1003
26 1328
27 1201
21 1497
12 1008
18 1323
19 1127
12 1463
13 1464
26 1110
12 1484
14 1084
11 1335
20 1082
20 1195
14 1228
15 1224
29 1088
29 1298
19 1421
15 1447
26 1270
21 1233
17 1183
24 1345
29 1076
18 1080
15 1330
27 1065
27 1161
10 1323
16 1249
24 1063
28 1151
17 1122
27 1212
19 1003
18 1130
17 1024
19 1182
20 1148
17 1423
11 1327
11 1198
21 1374
22 1008
12 1206
26 1458
23 1060
27 1139
25 1393
22 1176
12 1108
25 1477
29 1304
16 1434
28 1485
14 1147
24 1232
10 1186
19 1251
21 1164
26 1270
11 1010
22 1156
17 1241
19 1130
17 1069
22 1159
13 1311
29 1494
17 1048
20 1235
21 1031
11 1428
15 1194
20 1329
12 1155
24 1409
21 1124
14 1182
24 1444
24 1471
15 1129
12 1263
28 1300
26 1459
16 1470
28 1299
17 1243
20 1384
21 1410
12 1428
26 1238
25 1481
17 1020
19 1041
16 1425
21 1075
18 1343
15 1214
26 1288
26 1457
24 1440
16 1458
17 1157
10 1155
22 1170
29 1478
28 1140
28 1134
21 1256
25 1495
15 1129
27 1299
21 1121
17 1341
28 1109
29 1023
29 1457
21 1459
19 1268
25 1258
20 1258
14 1329
24 1417
23 1178
16 1496
23 1217
23 1188
18 1199
27 1257
13 1154
13 1141
25 1085
22 1496
16 1212
16 1362
17 1043
26 1133
26 1225
10 1180
16 1352
21 1402
25 1019
16 1315
13 1130
28 1246
18 1236
15 1320
16 1329
15 1468
29 1154
25 1087
21 1087
27 1124
21 1092
10 1094
29 1278
13 1392
28 1203
10 1091
22 1296
24 1279
21 1165
27 1266
20 1008
16 1497
19 1468
24 1429
13 1125
28 1432
24 1136
15 1132
24 1256
28 1332
16 1249
12 1385
28 1175
24 1497
19 1106
20 1274
17 1174
28 1460
13 1438
14 1381
25 1182
26 1494
19 1128
26 1071
15 1176
21 1026
19 1386
25 1347
12 1360
25 1396
14 1107
27 1238
11 1070
27 1395
14 1127
25 1188
29 1280
19 1336
21 1155
20 1484
29 1190
16 1188
12 1385
14 1464
27 1397
14 1200
15 1128
12 1059
27 1245
16 1171
22 1465
18 1055
22 1387
21 1048
24 1178
14 1006
21 1394
25 1159
19 1069
22 1344
28 1158
19 1317
19 1296
11 1284
14 1215
14 1016
19 1165
16 1389
17 1350
21 1115
24 1494
10 1300
17 1260
25 1312
11 1174
11 1280
11 1305
22 1044
27 1406
12 1032
21 1191
21 1047
27 1044
22 1326
16 1332
28 1401
14 1378
11 1013
26 1439
23 1190
28 1129
12 1182
16 1106
10 1158
13 1063
11 1131
26 1241
16 1457
16 1152
25 1339
28 1065
28 1078
29 1118
26 1196
27 1466
12 1139
21 1125
26 1107
11 1257
12 1054
17 1396
20 1151
12 1423
18 1233
12 1093
18 1000
20 1405
21 1081
11 1068
12 1296
12 1362
28 1169
25 1182
17 1152
20 1058
17 1337
23 1054
23 1238
11 1490
24 1370
17 1372
21 1088
15 1365
14 1116
23 1485
18 1268
26 1007
11 1454
17 1033
15 1030
15 1028
22 1104
10 1486
15 1260
25 1266
24 1101
16 1458
10 1417
20 1097
23 1134
25 1472
13 1469
23 1246
20 1104
14 1109
25 1088
13 1099
21 1383
11 1420
29 1060
16 1453
10 1421
17 1090
19 1293
27 1286
20 1225
10 1130
16 1210
23 1015
23 1424
20 1461
27 1079
24 1310
15 1434
21 1344
21 1454
26 1425
23 1267
11 1169
27 1464
17 1154
12 1225
26 1462
12 1169
29 1225
16 1341
18 1214
10 1150
25 1350
19 1001
24 1367
12 1496
15 1377
19 1470
22 1496
29 1382
29 1380
11 1098
20 1169
15 1470
11 1092
26 1169
20 1120
23 1425
17 1418
18 1385
12 1493
17 1376
13 1294
26 1147
17 1170
24 1251
24 1101
19 1488
24 1157
16 1313
20 1236
29 1439
13 1005
17 1243
25 1013
27 1389
25 1296
20 1227
15 1394
24 1192
11 1493
29 1430
14 1085
14 1151
17 1058
18 1316
19 1214
23 1192
12 1346
11 1457
22 1461
22 1123
10 1054
26 1297
23 1321
27 1211
26 1440
28 1336
29 1380
26 1165
27 1168
15 1443
16 1291
27 1402
19 1447
18 1206
19 1468
15 1092
28 1133
17 1157
11 1497
23 1468
19 1428
28 1451
20 1474
14 1230
23 1322
22 1278
23 1298
17 1115
25 1445
29 1327
13 1479
16 1181
10 1077
25 1400
15 1471
27 1169
13 1201
26 1027
23 1047
24 1038
12 1192
12 1371
20 1332
12 1253
25 1397
15 1055
10 1294
27 1001
26 1209
10 1049
20 1480
26 1264
29 1112
29 1405
28 1047
10 1035
29 1136
23 1019
24 1036
16 1490
10 1423
12 1082
19 1190
25 1066
16 1388
10 1297
16 1353
26 1446
15 1233
15 1082
27 1426
28 1359
29 1211
13 1462
15 1375
27 1118
21 1042
14 1024
22 1156
24 1401
12 1293
15 1170
17 1468
24 1045
27 1178
11 1252
21 1299
29 1460
21 1183
24 1389
10 1270
28 1046
10 1365
20 1233
12 1344
18 1090
25 1104
10 1175
13 1237
20 1232
13 1114
19 1157
27 1345
20 1486
12 1011
16 1479
14 1086
12 1142
29 1041
22 1062
29 1025
17 1060
18 1357
25 1401
12 1095
18 1445
13 1478
29 1024
21 1095
12 1044
19 1308
23 1415
15 1230
17 1089
27 1372
23 1408
29 1135
11 1435
16 1245
19 1322
26 1490
23 1090
20 1461
26 1213
26 1097
16 1179
16 1424
19 1465
14 1177
25 1435
11 1090
19 1165
10 1304
25 1448
15 1455
15 1164
17 1318
19 1304
14 1476
29 1212
10 1258
22 1324
11 1022
10 1000
18 1431
25 1232
22 1182
14 1409
18 1370
24 1446
22 1048
12 1290
15 1090
28 1206
23 1189
22 1341
15 1420
23 1459
12 1498
24 1490
28 1074
27 1482
27 1010
26 1474
10 1456
13 1348
16 1432
20 1013
13 1445
25 1024
16 1188
22 1301
24 1242
16 1369
15 1188
21 1200
10 1351
13 1100
14 1149
24 1364
11 1497
22 1499
27 1150
25 1359
28 1302
25 1304
26 1440
24 1068
11 1234
25 1224
17 1034
29 1323
28 1297
28 1021
17 1447
21 1148
27 1093
16 1051
11 1306
19 1122
16 1194
18 1388
23 1232
29 1140
10 1228
19 1423
10 1336
27 1455
21 1304
11 1214
29 1370
22 1084
20 1216
24 1331
15 1384
26 1482
24 1194
12 1415
11 1031
17 1049
18 1071
17 1465
29 1021
26 1445
27 1127
22 1280
17 1325
12 1164
19 1097
25 1364
12 1151
22 1033
28 1055
16 1117
13 1058
15 1235
22 1224
17 1149
25 1340
27 1172
20 1492
12 1274
16 1002
17 1119
16 1002
13 1159
14 1328
20 1397
12 1252
15 1099
26 1462
21 1214
14 1102
10 1138
13 1223
15 1170
24 1155
27 1444
28 1341
23 1227
29 1331
11 1245
15 1490
11 1207
23 1116
16 1111
20 1043
21 1116
25 1068
17 1102
23 1206
22 1399
21 1495
27 1078
22 1468
29 1396
25 1179
11 1001
10 1448
25 1135
12 1227
29 1437
25 1309
15 1279
20 1336
25 1294
22 1476
24 1342
20 1083
11 1144
13 1124
26 1160
26 1271
20 1334
29 1179
25 1060
24 1280
21 1302
12 1277
16 1263
23 1300
23 1044
16 1340
14 1156
24 1280
17 1464
12 1366
28 1395
17 1007
25 1217
12 1460
18 1485
17 1249
20 1362
16 1487
24 1450
14 1175
22 1308
17 1412
28 1438
25 1086
29 1232
11 1016
29 1268
24 1040
10 1032
20 1262
29 1264
29 1227
19 1457
10 1269
16 1474
22 1187
12 1129
10 1453
10 1495
11 1235
23 1213
25 1424
17 1134
24 1173
28 1361
23 1338
25 1169
24 1001
12 1080
27 1070
20 1104
24 1033
24 1092
26 1323
26 1119
17 1499
24 1065
21 1134
18 1050
17 1247
16 1361
28 1267
11 1229
11 1421
10 1424
25 1049
16 1264
22 1312
22 1454
19 1453
26 1099
24 1075
29 1226
19 1393
24 1313
23 1102
17 1232
11 1024
25 1332
13 1478
15 1427
19 1340
16 1083
14 1272
17 1057
24 1445
20 1144
12 1147
25 1368
16 1302
18 1245
14 1374
25 1290
14 1498
21 1441
21 1456
26 1352
27 1014
13 1446
16 1312
22 1127
22 1069
22 1368
12 1190
28 1299
28 1357
19 1103
21 1248
25 1209
24 1495
24 1330
28 1332
14 1097
23 1404
10 1276
27 1086
25 1056
28 1352
11 1447
20 1406
29 1273
25 1297
23 1155
22 1484
28 1145
25 1336
17 1496
26 1318
12 1046
18 1117
14 1029
21 1071
19 1083
16 1275
22 1308
13 1124
18 1337
13 1088
21 1244
14 1148
21 1445
21 1057
12 1439
17 1278
27 1246
23 1040
24 1154
10 1138
23 1237
26 1487
27 1062
12 1153
19 1378
19 1250
18 1284
13 1337
28 1312
18 1204
22 1037
26 1182
19 1012
16 1320
29 1228
26 1434
18 1093
12 1342
11 1134
11 1225
20 1306
24 1094
29 1460
29 1075
22 1442
14 1436
15 1279
10 1335
19 1232
19 1235
29 1170
14 1424
23 1443
26 1479
14 1162
18 1429
26 1152
19 1227
15 1051
10 1305
24 1428
20 1085
18 1248
14 1426
26 1234
12 1073
14 1122
12 1113
21 1478
17 1287
20 1168
29 1390
13 1329
16 1354
24 1363
21 1215
14 1327
18 1337
21 1025
10 1374
11 1116
12 1159
26 1178
29 1105
27 1350
10 1179
25 1459
17 1016
10 1056
20 1075
29 1218
25 1032
12 1161
23 1466
16 1026
11 1203
17 1094
29 1085
13 1384
13 1186
10 1031
16 1288
26 1057
11 1499
22 1195
27 1356
29 1145
18 1351
27 1323
21 1309
16 1030
19 1423
11 1049
27 1227
24 1171
29 1351
16 1067
20 1294
23 1003
22 1270
13 1252
22 1476
14 1046
20 1090
20 1339
15 1335
22 1353
13 1185
14 1220
13 1364
20 1284
18 1347
19 1156
24 1150
29 1116
22 1004
29 1423
14 1191
11 1147
29 1470
12 1294
19 1224
26 1291
18 1443
24 1485
29 1153
13 1259
11 1320
11 1376
18 1364
16 1472
29 1323
10 1159
17 1178
17 1038
26 1321
18 1026
29 1369
15 1041
10 1055
28 1258
11 1223
19 1416
13 1228
17 1048
26 1189
22 1209
25 1328
26 1426
13 1487
13 1187
22 1132
24 1230
13 1325
17 1109
19 1226
12 1220
15 1075
26 1453
26 1496
17 1217
29 1174
17 1173
27 1295
18 1081
26 1260
12 1206
25 1461
27 1393
12 1407
18 1022
29 1182
23 1212
19 1018
11 1210
14 1340
10 1023
19 1226
26 1210
29 1052
13 1156
10 1354
12 1461
23 1343
19 1000
23 1166
12 1240
15 1394
18 1196
10 1084
19 1320
20 1137
15 1442
19 1063
11 1036
22 1173
11 1125
18 1012
10 1253
18 1323
21 1483
18 1422
25 1083
14 1234
12 1392
25 1463
28 1381
15 1233
21 1028
26 1106
12 1411
11 1324
15 1204
24 1438
15 1147
28 1467
13 1317
12 1329
29 1299
26 1073
21 1399
21 1114
17 1102
22 1146
16 1224
18 1475
14 1287
20 1278
12 1129
16 1345
15 1229
18 1074
18 1337
29 1244
26 1351
21 1403
12 1084
21 1060
17 1159
12 1461
29 1482
14 1061
14 1460
22 1293
29 1251
14 1134
21 1374
19 1418
22 1088
22 1029
23 1193
24 1295
10 1455
28 1392
13 1488
15 1087
27 1122
13 1230
23 1244
10 1438
16 1422
13 1353
11 1143
13 1005
26 1089
19 1484
17 1458
16 1237
15 1015
26 1316
14 1412
26 1299
24 1454
28 1445
19 1077
11 1349
26 1348
20 1345
23 1132
13 1089
10 1499
29 1432
15 1105
21 1468
15 1337
12 1188
19 1056
14 1283
15 1464
23 1085
11 1369
28 1180
20 1176
28 1438
29 1329
18 1498
24 1265
22 1071
24 1268
12 1494
27 1169
25 1322
23 1451
29 1210
12 1093
21 1334
10 1355
27 1183
13 1278
23 1267
17 1390
11 1207
21 1311
15 1176
17 1043
29 1308
18 1273
16 1045
20 1410
24 1023
21 1159
28 1413
18 1149
11 1179
29 1330
22 1165
23 1143
18 1431
20 1434
12 1041
14 1146
24 1378
13 1023
21 1302
15 1435
11 1469
22 1403
23 1498
22 1162
13 1139
27 1109
19 1164
26 1258
25 1161
29 1063
11 1377
21 1442
24 1175
17 1309
14 1295
28 1171
28 1053
19 1467
13 1075
27 1166
21 1359
29 1292
23 1310
13 1306
20 1307
16 1281
19 1473
28 1418
15 1448
21 1326
22 1349
23 1290
24 1475
10 1084
22 1070
15 1400
11 1250
28 1248
10 1335
14 1346
13 1230
13 1422
23 1172
19 1322
21 1152
12 1307
17 1448
20 1362
10 1291
14 1340
21 1009
11 1329
17 1028
24 1420
19 1134
22 1246
10 1249
25 1012
14 1335
28 1160
12 1390
29 1022
26 1389
10 1188
22 1032
28 1089
29 1132
20 1202
13 1040
18 1265
18 1028
25 1428
15 1058
23 1380
17 1198
14 1111
29 1197
26 1080
10 1202
25 1277
14 1328
20 1008
11 1201
23 1312
14 1043
12 1157
18 1220
11 1010
11 1331
28 1498
25 1354
24 1119
21 1013
28 1188
21 1048
24 1184
11 1493
17 1105
15 1251
20 1372
16 1252
12 1172
15 1374
21 1113
24 1499
19 1366
12 1475
25 1350
10 1184
15 1187
13 1088
18 1005
23 1068
20 1436
19 1050
22 1216
25 1164
22 1420
13 1436
10 1349
19 1226
24 1060
12 1130
23 1284
13 1196
28 1074
19 1033
13 1012
27 1470
21 1472
24 1314
12 1307
13 1137
16 1280
17 1043
16 1126
18 1285
16 1276
17 1061
10 1230
12 1258
29 1340
23 1200
24 1211
10 1366
21 1027
29 1280
15 1143
16 1442
19 1379
18 1116
29 1030
21 1179
28 1458
19 1417
10 1464
19 1363
28 1208
14 1429
21 1244
25 1317
24 1418
22 1115
10 1281
17 1213
13 1496
17 1124
29 1321
21 1183
26 1144
19 1027
11 1405
29 1347
11 1172
16 1415
11 1057
15 1092
10 1029
16 1280
29 1281
22 1217
25 1348
11 1342
11 1144
27 1281
14 1359
22 1285
15 1479
19 1003
29 1332
13 1121
16 1499
15 1025
12 1397
20 1003
19 1160
13 1020
11 1466
22 1353
24 1251
22 1170
21 1122
13 1293
20 1478
29 1203
25 1435
22 1048
26 1046
25 1006
28 1415
26 1075
24 1237
26 1424
17 1208
22 1434
27 1385
20 1103
11 1209
14 1430
18 1192
10 1466
15 1219
26 1160
17 1198
22 1329
24 1050
27 1043
10 1424
19 1148
12 1064
29 1211
22 1091
26 1085
13 1178
21 1120
20 1090
26 1217
14 1133
22 1425
12 1135
23 1488
13 1210
19 1202
15 1436
26 1047
24 1476
22 1199
19 1166
16 1187
29 1448
18 1255
23 1127
28 1041
23 1047
24 1167
12 1379
27 1186
19 1103
12 1335
28 1184
18 1301
10 1259
15 1339
13 1041
29 1350
24 1421
12 1133
20 1098
24 1488
15 1462
14 1416
21 1414
22 1377
21 1461
13 1099
28 1241
10 1342
29 1406
12 1379
15 1324
11 1238
15 1450
20 1059
29 1228
29 1245
10 1486
23 1392
19 1258
28 1034
13 1393
13 1083
27 1402
19 1136
26 1266
11 1324
17 1002
10 1028
14 1056
12 1093
24 1270
24 1055
29 1107
12 1420
24 1451
25 1473
11 1052
13 1464
15 1109
16 1405
21 1459
23 1125
20 1469
17 1152
13 1479
14 1442
11 1338
16 1297
10 1470
20 1061
19 1329
20 1456
19 1452
22 1255
12 1064
14 1485
21 1466
11 1237
16 1021
18 1104
11 1032
20 1363
17 1132
25 1304
18 1202
17 1400
17 1314
15 1464
14 1199
22 1395
20 1457
20 1317
14 1365
20 1418
15 1443
15 1287
18 1000
29 1414
18 1146
18 1263
12 1125
25 1175
16 1448
14 1095
17 1489
12 1409
18 1423
10 1412
21 1103
13 1464
23 1304
28 1209
18 1400
16 1010
15 1045
12 1152
21 1374
27 1234
22 1163
10 1096
23 1341
13 1195
18 1446
27 1169
21 1445
21 1362
23 1377
12 1312
15 1439
20 1204
19 1028
15 1127
20 1496
27 1158
17 1329
26 1446
10 1449
18 1199
26 1372
23 1464
24 1440
24 1208
18 1271
20 1180
24 1223
24 1454
23 1311
25 1364
21 1153
21 1013
24 1185
26 1410
20 1402
28 1377
23 1326
28 1258
26 1452
19 1006
23 1210
11 1405
10 1470
14 1273
26 1318
17 1485
27 1291
19 1239
12 1023
28 1335
21 1254
29 1143
17 1363
21 1040
17 1013
15 1167
13 1421
23 1349
16 1004
25 1431
26 1437
20 1298
14 1448
23 1396
21 1110
26 1290
20 1388
13 1214
20 1003
26 1109
18 1115
29 1072
20 1054
13 1044
16 1209
22 1024
15 1390
27 1387
18 1441
10 1235
21 1451
19 1291
26 1373
21 1250
16 1081
22 1097
17 1226
20 1228
26 1362
24 1359
19 1349
15 1401
24 1302
29 1078
21 1429
21 1317
22 1452
28 1116
28 1253
25 1343
26 1322
19 1237
22 1140
11 1245
18 1123
28 1048
10 1197
22 1421
10 1344
10 1004
14 1214
15 1035
28 1288
24 1332
19 1205
24 1429
15 1061
22 1318
19 1410
29 1270
12 1032
13 1383
17 1210
10 1199
22 1476
13 1391
21 1142
15 1340
25 1465
22 1297
23 1158
16 1417
16 1126
13 1318
14 1002
16 1340
12 1419
12 1078
21 1471
16 1415
15 1419
25 1004
17 1456
19 1060
25 1039
27 1309
24 1234
14 1245
29 1297
29 1343
12 1007
25 1027
11 1060
26 1189
11 1147
10 1098
20 1293
12 1428
20 1026
14 1458
25 1206
14 1212
11 1232
18 1468
14 1146
17 1361
10 1178
16 1403
26 1252
25 1078
14 1468
24 1309
12 1358
26 1138
29 1320
23 1388
21 1183
24 1222
24 1311
24 1169
28 1050
18 1307
11 1189
24 1032
22 1277
19 1093
14 1047
17 1005
17 1497
27 1214
17 1302
14 1485
18 1191
29 1175
12 1385
18 1012
14 1472
14 1395
16 1149
12 1435
11 1306
18 1073
29 1167
12 1118
20 1492
25 1086
18 1352
17 1012
12 1232
12 1234
25 1203
21 1164
26 1297
12 1298
24 1085
11 1365
18 1217
26 1197
26 1285
19 1160
10 1030
25 1026
22 1341
23 1050
10 1307
15 1298
10 1371
28 1461
25 1071
25 1160
20 1094
10 1271
22 1458
19 1249
18 1154
25 1296
25 1249
20 1041
17 1369
15 1094
21 1158
26 1001
16 1297
22 1456
28 1383
27 1332
22 1179
27 1025
27 1228
21 1099
12 1242
29 1432
21 1380
14 1497
15 1146
15 1171
19 1442
23 1010
22 1032
22 1446
15 1283
20 1486
26 1386
18 1331
20 1162
27 1177
29 1173
27 1106
24 1012
25 1065
15 1195
18 1416
11 1183
17 1380
22 1207
25 1335
24 1236
13 1256
21 1190
21 1050
22 1312
28 1466
24 1104
16 1053
25 1141
11 1446
12 1275
13 1188
16 1490
16 1140
28 1285
11 1333
20 1425
10 1272
25 1482
12 1146
11 1038
12 1073
23 1382
19 1119
14 1289
29 1270
18 1448
14 1187
19 1336
13 1265
29 1261
28 1193
10 1241
24 1318
28 1479
15 1192
14 1365
27 1026
14 1135
13 1221
29 1000
29 1227
24 1234
29 1428
22 1306
18 1105
13 1092
23 1120
19 1362
14 1029
11 1285
29 1263
10 1480
17 1284
16 1298
14 1286
20 1301
26 1137
14 1306
22 1047
20 1455
23 1469
14 1358
11 1234
28 1148
14 1199
13 1166
11 1191
20 1387
14 1039
26 1371
11 1224
27 1302
21 1215
27 1241
20 1066
22 1387
20 1288
11 1485
28 1218
10 1391
10 1215
16 1114
29 1125
26 1144
22 1253
18 1206
28 1145
27 1458
14 1105
24 1233
27 1110
24 1321
25 1089
21 1112
26 1158
23 1270
15 1205
26 1344
16 1215
28 1276
13 1342
29 1480
12 1411
25 1213
12 1295
13 1470
29 1128
13 1459
16 1065
22 1422
28 1072
24 1484
24 1455
29 1212
23 1013
25 1415
28 1454
29 1381
12 1465
18 1472
16 1149
25 1297
22 1407
18 1349
26 1043
13 1023
14 1210
10 1364
15 1117
13 1375
17 1373
19 1291
26 1312
24 1417
25 1174
13 1070
11 1481
14 1458
18 1255
27 1160
13 1466
18 1197
20 1307
23 1059
15 1109
26 1276
12 1128
24 1159
13 1003
27 1211
13 1055
23 1416
15 1164
22 1211
10 1159
11 1425
22 1097
15 1205
29 1056
17 1367
16 1172
24 1151
24 1318
16 1404
15 1432
10 1089
23 1292
19 1129
12 1230
19 1102
10 1002
15 1265
10 1342
12 1356
14 1386
17 1319
16 1375
18 1270
21 1071
16 1142
20 1068
12 1496
22 1333
21 1128
23 1314
12 1431
27 1489
20 1063
20 1427
25 1463
27 1326
11 1487
20 1465
16 1136
29 1461
16 1064
26 1277
18 1499
17 1489
15 1261
26 1025
11 1424
12 1210
27 1014
10 1046
12 1020
19 1005
10 1010
27 1146
18 1275
21 1154
26 1001
19 1001
18 1431
23 1056
13 1364
22 1312
29 1493
15 1386
10 1223
23 1293
11 1457
15 1001
11 1038
17 1356
14 1341
25 1435
17 1097
26 1218
20 1465
14 1435
13 1235
14 1324
16 1068
10 1131
20 1250
20 1107
14 1004
20 1411
15 1272
27 1318
10 1470
26 1292
28 1114
24 1405
18 1142
14 1444
20 1408
16 1024
21 1003
24 1029
24 1004
10 1352
18 1325
12 1102
11 1279
15 1306
26 1021
15 1136
19 1043
15 1357
28 1115
16 1311
26 1239
25 1273
21 1227
28 1374
13 1453
11 1255
10 1496
28 1119
28 1227
16 1134
26 1036
14 1307
18 1155
20 1455
19 1045
27 1035
12 1260
18 1138
11 1475
12 1263
20 1479
11 1149
25 1119
29 1095
19 1219
16 1202
12 1185
15 1352
10 1047
21 1051
28 1092
27 1400
16 1411
24 1057
22 1094
24 1346
21 1063
26 1337
22 1145
28 1176
20 1063
21 1166
19 1089
16 1249
22 1364
27 1144
12 1398
12 1305
20 1113
22 1476
28 1400
21 1121
15 1495
24 1040
16 1206
19 1059
23 1189
21 1258
18 1265
28 1233
14 1013
21 1288
10 1151
16 1408
24 1017
16 1113
16 1458
28 1132
28 1284
15 1090
12 1127
21 1280
10 1475
28 1043
25 1393
24 1189
26 1299
16 1369
15 1108
13 1312
14 1494
18 1120
20 1220
22 1154
10 1044
20 1357
28 1082
26 1028
22 1182
24 1026
13 1455
22 1407
28 1474
20 1482
18 1026
10 1046
13 1294
19 1404
29 1162
10 1131
27 1306
14 1237
23 1033
25 1013
12 1057
19 1212
29 1113
25 1294
27 1097
27 1337
20 1283
15 1049
12 1306
25 1490
20 1046
21 1026
20 1222
22 1003
15 1385
26 1088
11 1309
20 1285
12 1447
17 1202
20 1047
18 1107
13 1207
12 1341
26 1125
23 1161
18 1153
22 1373
24 1223
22 1226
28 1026
28 1116
18 1342
16 1319
24 1088
17 1208
15 1045
29 1249
25 1248
13 1160
13 1067
15 1027
20 1391
25 1287
27 1399
20 1136
28 1122
18 1090
15 1021
12 1009
25 1310
14 1012
25 1254
12 1016
15 1197
21 1134
10 1429
27 1480
15 1108
18 1222
10 1387
15 1413
13 1271
26 1165
10 1078
10 1471
26 1251
19 1073
22 1243
25 1342
17 1397
16 1177
29 1277
19 1458
27 1216
24 1275
14 1184
23 1040
21 1466
15 1321
16 1404
21 1314
13 1496
16 1053
26 1221
21 1302
19 1128
12 1020
27 1489
29 1492
28 1083
15 1107
13 1003
21 1373
15 1058
24 1008
29 1248
23 1102
12 1230
26 1471
29 1212
23 1441
17 1254
27 1153
11 1458
21 1150
16 1468
12 1223
27 1141
14 1171
20 1195
28 1047
14 1418
20 1442
28 1179
10 1117
26 1405
26 1444
14 1142
13 1456
20 1329
21 1422
12 1152
26 1164
16 1337
25 1202
28 1349
29 1446
29 1221
29 1031
17 1333
29 1303
19 1127
15 1111
25 1051
16 1364
15 1499
15 1063
18 1186
21 1355
14 1120
20 1008
19 1279
17 1067
18 1474
21 1065
17 1297
19 1097
23 1360
26 1427
19 1072
20 1300
19 1110
27 1229
27 1180
14 1297
23 1013
15 1220
15 1168
23 1243
17 1434
10 1052
29 1060
10 1357
25 1068
15 1436
20 1178
16 1378
27 1140
23 1196
15 1145
23 1259
25 1087
25 1288
15 1465
25 1009
12 1104
26 1238
20 1015
13 1069
21 1476
15 1111
29 1290
16 1044
27 1188
26 1451
10 1239
29 1244
12 1358
22 1155
24 1462
17 1242
19 1141
20 1252
22 1196
23 1399
19 1259
12 1079
20 1334
17 1449
16 1471
29 1226
11 1476
23 1135
13 1450
16 1158
27 1174
22 1403
16 1063
26 1248
26 1222
17 1083
20 1115
23 1321
28 1109
20 1104
29 1250
13 1001
16 1164
27 1216
25 1270
28 1389
23 1189
28 1235
27 1234
11 1193
22 1319
18 1140
24 1143
25 1030
25 1026
21 1402
26 1287
11 1292
27 1181
27 1305
28 1475
29 1359
10 1247
20 1292
17 1342
29 1175
25 1344
28 1370
17 1032
19 1347
10 1155
21 1208
13 1059
22 1142
24 1102
10 1055
21 1012
11 1095
14 1056
22 1478
14 1370
25 1161
12 1161
12 1218
28 1118
17 1038
15 1053
28 1038
16 1115
28 1400
21 1114
12 1193
22 1331
17 1464
24 1084
15 1149
26 1427
19 1073
27 1459
27 1226
25 1180
27 1043
21 1421
20 1148
24 1355
10 1020
14 1443
14 1100
23 1475
25 1379
28 1004
21 1240
18 1009
18 1353
25 1463
15 1245
13 1285
26 1314
18 1315
19 1115
16 1409
27 1454
21 1488
20 1404
25 1454
10 1190
27 1118
18 1081
27 1150
28 1076
21 1170
22 1357
26 1255
19 1010
29 1223
16 1321
16 1114
29 1113
13 1298
28 1169
23 1453
13 1073
16 1491
12 1019
29 1115
21 1088
12 1365
14 1035
21 1347
24 1206
28 1199
29 1122
13 1289
11 1275
16 1223
29 1045
16 1370
28 1322
23 1032
16 1324
20 1401
10 1362
29 1316
13 1072
28 1386
21 1254
16 1333
19 1095
18 1414
17 1481
25 1080
25 1439
12 1457
28 1396
11 1076
24 1404
12 1485
28 1036
24 1084
14 1343
10 1120
29 1257
16 1223
20 1073
12 1487
14 1492
12 1132
15 1230
12 1408
25 1308
20 1043
19 1143
21 1402
14 1472
26 1152
26 1442
15 1256
11 1043
27 1379
20 1344
16 1297
14 1033
21 1043
24 1358
27 1227
29 1226
13 1215
16 1192
26 1095
12 1289
26 1467
24 1236
13 1152
20 1349
17 1293
19 1132
20 1209
19 1424
10 1139
17 1439
13 1340
18 1330
19 1092
24 1250
12 1421
23 1183
10 1041
17 1299
11 1191
10 1236
23 1464
27 1223
22 1212
18 1105
18 1217
27 1355
28 1299
27 1090
23 1002
11 1251
14 1484
18 1161
22 1043
28 1333
26 1423
13 1377
29 1440
13 1127
10 1173
19 1093
25 1052
25 1373
23 1049
15 1350
19 1309
19 1429
29 1301
14 1434
14 1159
19 1272
15 1316
25 1155
22 1477
10 1235
16 1014
11 1099
13 1221
20 1467
20 1102
27 1089
28 1372
18 1474
23 1219
22 1461
27 1203
28 1312
24 1339
20 1086
25 1348
16 1031
25 1281
20 1089
11 1112
26 1174
25 1052
16 1049
29 1357
15 1337
15 1472
11 1493
12 1160
14 1445
20 1341
20 1118
10 1298
27 1386
15 1416
23 1253
16 1327
19 1235
28 1456
23 1142
17 1467
14 1096
14 1407
11 1315
28 1038
25 1335
11 1441
21 1053
22 1276
24 1134
16 1340
29 1273
25 1423
14 1409
22 1393
24 1001
19 1367
12 1395
13 1300
28 1463
15 1096
11 1149
19 1156
28 1486
12 1302
16 1411
24 1209
24 1105
19 1177
16 1175
28 1182
21 1447
13 1232
18 1163
11 1031
11 1243
15 1421
26 1461
26 1216
18 1113
29 1057
11 1019
21 1238
24 1221
29 1281
23 1389
23 1497
23 1430
15 1453
18 1002
17 1165
18 1489
12 1264
27 1047
25 1048
22 1413
19 1056
14 1214
28 1444
14 1178
12 1314
15 1310
22 1002
15 1239
26 1224
10 1128
19 1407
16 1485
16 1046
18 1051
12 1278
17 1156
20 1288
11 1080
25 1142
20 1243
22 1367
18 1110
17 1274
17 1262
15 1031
18 1404
13 1469
28 1035
26 1123
27 1337
14 1111
21 1258
22 1035
27 1373
27 1481
27 1036
13 1473
23 1318
29 1356
19 1308
13 1133
18 1431
24 1021
27 1338
25 1060
13 1283
10 1036
26 1283
17 1221
18 1259
11 1072
26 1112
10 1108
21 1472
29 1292
11 1312
26 1495
11 1422
29 1478
29 1012
21 1046
21 1221
23 1205
10 1298
29 1054
22 1380
17 1015
13 1462
19 1326
26 1335
28 1058
23 1126
15 1119
11 1410
28 1165
23 1213
10 1395
18 1426
21 1277
15 1257
20 1396
17 1033
17 1348
14 1098
13 1412
12 1152
20 1166
11 1206
27 1156
21 1116
28 1210
15 1216
27 1430
27 1435
19 1042
15 1091
10 1411
20 1489
11 1168
29 1447
19 1438
19 1259
27 1114
27 1125
23 1052
20 1303
27 1241
21 1173
25 1062
12 1178
19 1374
15 1241
20 1087
19 1030
26 1072
12 1181
28 1444
22 1163
26 1441
10 1205
24 1011
20 1320
16 1063
23 1226
26 1112
29 1324
15 1029
25 1415
15 1244
16 1015
18 1303
25 1275
18 1010
12 1150
15 1204
10 1168
16 1260
19 1434
26 1193
10 1261
11 1361
29 1128
26 1398
16 1013
21 1173
22 1495
26 1465
13 1401
25 1116
24 1102
10 1068
11 1271
16 1174
26 1437
22 1015
10 1218
29 1476
26 1404
16 1143
29 1161
22 1233
15 1030
29 1378
14 1253
20 1056
14 1079
14 1214
10 1387
18 1066
12 1260
11 1215
29 1282
18 1351
24 1165
27 1315
18 1399
29 1286
24 1416
22 1292
20 1409
10 1054
15 1318
10 1474
18 1086
22 1287
22 1406
25 1305
28 1314
12 1363
28 1171
22 1097
28 1431
18 1279
15 1043
12 1010
11 1419
13 1167
25 1256
10 1261
23 1488
29 1408
11 1006
10 1448
14 1266
23 1463
21 1130
18 1296
20 1374
26 1326
17 1057
24 1482
23 1328
23 1257
15 1277
18 1293
22 1310
26 1084
13 1472
10 1364
11 1199
26 1036
17 1428
18 1150
13 1215
16 1383
18 1425
10 1304
16 1027
21 1263
23 1361
15 1033
26 1208
17 1495
18 1489
29 1337
21 1177
22 1374
17 1181
19 1008
26 1496
28 1294
19 1027
27 1120
11 1064
12 1243
19 1452
11 1339
24 1185
23 1089
27 1254
20 1446
13 1200
26 1239
20 1111
18 1408
20 1027
25 1105
11 1191
27 1279
24 1445
19 1005
24 1250
26 1425
14 1199
15 1284
22 1162
14 1081
18 1172
17 1063
22 1350
13 1336
24 1269
25 1229
20 1273
26 1110
16 1034
10 1215
16 1457
21 1469
24 1113
23 1480
10 1135
13 1425
14 1170
17 1126
12 1022
13 1491
21 1279
19 1454
15 1345
28 1117
22 1410
28 1123
27 1462
17 1387
18 1318
23 1055
24 1321
26 1073
16 1404
25 1222
28 1215
11 1475
23 1124
18 1339
22 1120
14 1163
13 1197
17 1116
10 1097
14 1071
18 1286
14 1265
12 1486
18 1445
15 1302
28 1499
21 1393
21 1007
29 1375
14 1458
28 1203
27 1426
29 1404
27 1069
14 1306
11 1099
25 1250
21 1232
13 1181
24 1341
17 1131
18 1368
27 1419
10 1149
24 1031
12 1363
16 1396
26 1436
11 1052
27 1294
14 1157
26 1303
23 1129
14 1022
10 1396
14 1132
11 1011
20 1041
24 1051
18 1419
13 1230
17 1100
13 1374
23 1088
12 1172
25 1164
12 1334
12 1024
29 1430
24 1200
23 1050
21 1117
26 1089
19 1129
20 1465
24 1269
27 1112
18 1217
18 1427