5350 5000
13 1043
16 1382
27 1249
27 1397
25 1033
19 1343
19 1488
25 1172
13 1398
10 1493
23 1211
20 1100
14 1447
15 1382
16 1231
21 1366
19 1188
24 1003
11 1157
11 1253
23 1147
19 1311
17 1239
23 1193
13 1446
11 1349
22 1337
22 1268
15 1210
13 1291
12 1100
19 1467
19 1255
24 1345
29 1150
23 1270
14 1317
11 1453
20 1426
22 1123
19 1144
10 1266
28 1036
22 1487
18 1411
24 1466
29 1315
15 1272
27 1277
17 1227
25 1119
12 1481
16 1479
23 1371
10 1235
21 1410
24 1465
11 1262
23 1209
11 1063
26 1227
24 1319
12 1296
17 1208
24 1392
10 1152
16 1358
24 1347
17 1196
12 1290
26 1483
17 1042
10 1229
28 1268
10 1108
19 1207
20 1063
28 1234
13 1357
28 1358
24 1220
17 1282
20 1450
21 1178
17 1416
29 1413
15 1420
25 1418
27 1248
18 1239
11 1313
19 1437
24 1239
25 1023
14 1035
28 1176
21 1309
16 1180
29 1126
14 1399
29 1317
20 1220
26 1153
16 1172
15 1199
13 1214
23 1170
13 1140
27 1086
19 1087
27 1044
16 1220
16 1202
28 1372
17 1390
27 1469
28 1450
10 1301
17 1449
22 1300
19 1432
12 1396
11 1040
27 1111
18 1047
15 1482
23 1409
24 1340
22 1347
22 1299
21 1023
25 1262
24 1268
15 1297
20 1123
12 1025
14 1098
27 1238
26 1064
16 1011
20 1080
22 1375
10 1139
27 1397
18 1167
21 1091
16 1181
26 1245
27 1122
29 1275
14 1450
26 1362
19 1186
22 1103
23 1352
12 1271
19 1326
16 1022
19 1192
28 1002
25 1228
15 1160
17 1286
23 1371
16 1289
29 1258
17 1450
15 1040
24 1187
27 1112
12 1010
23 1237
23 1126
14 1237
14 1152
20 1021
12 1048
26 1299
15 1281
18 1076
15 1226
16 1427
20 1277
16 1489
21 1142
13 1008
23 1401
21 1303
20 1344
21 1277
25 1407
20 1491
27 1046
11 1267
13 1070
28 1182
12 1213
27 1297
23 1354
11 1475
16 1295
11 1241
14 1470
16 1474
22 1225
16 1168
16 1276
23 1374
17 1227
28 1497
12 1336
17 1125
13 1147
20 1138
22 1145
17 1065
21 1391
12 1087
29 1473
19 1381
11 1085
23 1037
11 1369
17 1302
23 1381
14 1188
29 1196
29 1373
29 1442
15 1303
12 1115
26 1026
15 1210
20 1086
19 1132
10 1057
18 1087
27 1095
29 1349
15 1202
16 1438
29 1330
28 1084
29 1499
17 1193
18 1283
29 1386
19 1018
12 1426
22 1423
16 1069
12 1072
17 1325
16 1040
21 1278
28 1425
25 1426
16 1386
28 1498
18 1378
11 1348
13 1159
28 1235
14 1429
18 1071
27 1259
24 1437
24 1268
22 1259
12 1438
17 1280
25 1191
24 1318
27 1406
24 1399
18 1396
28 1315
19 1455
10 1272
16 1247
29 1223
14 1121
16 1196
20 1342
24 1257
19 1479
14 1446
28 1212
23 1277
24 1277
24 1097
28 1259
22 1041
23 1412
10 1382
21 1061
12 1195
21 1294
13 1400
16 1002
18 1192
14 1251
29 1105
13 1455
13 1237
28 1494
19 1125
17 1152
29 1447
27 1025
29 1341
24 1221
26 1034
28 1011
10 1373
25 1404
29 1056
25 1277
20 1177
25 1313
16 1065
20 1434
12 1406
11 1499
25 1256
12 1212
18 1279
15 1285
18 1012
19 1437
22 1121
23 1137
14 1267
23 1386
23 1106
15 1147
10 1283
11 1337
10 1398
18 1459
14 1461
24 1314
18 1050
27 1088
12 1190
19 1388
24 1136
24 1135
29 1369
26 1406
22 1073
14 1394
22 1476
29 1050
23 1093
22 1148
18 1077
24 1349
14 1456
24 1302
16 1159
10 1118
21 1323
24 1244
29 1474
29 1138
12 1059
11 1451
18 1179
20 1284
18 1329
21 1256
14 1166
26 1020
24 1068
17 1137
16 1199
13 1244
25 1127
16 1006
19 1291
24 1019
25 1287
23 1119
20 1245
22 1190
25 1100
13 1015
17 1282
11 1234
12 1364
29 1443
18 1271
12 1315
22 1246
26 1426
15 1407
21 1323
18 1149
13 1070
14 1396
13 1366
27 1484
27 1292
19 1426
24 1152
23 1313
10 1112
16 1166
24 1415
29 1352
19 1260
25 1194
26 1375
12 1295
14 1359
10 1126
12 1132
25 1007
10 1393
19 1383
21 1320
15 1206
14 1262
23 1026
11 1236
28 1130
12 1399
20 1063
28 1412
15 1416
13 1288
27 1111
17 1064
19 1159
12 1088
29 1078
19 1272
25 1079
17 1144
19 1137
15 1158
19 1005
12 1103
20 1165
10 1299
10 1104
29 1205
27 1166
17 1299
24 1457
10 1158
19 1001
25 1256
20 1237
17 1035
11 1129
12 1494
14 1364
28 1291
23 1426
29 1116
20 1452
29 1337
17 1311
22 1442
28 1383
28 1279
25 1223
11 1035
14 1364
24 1170
22 1118
29 1073
28 1052
20 1140
10 1458
17 1328
14 1217
11 1335
12 1442
24 1225
25 1151
21 1231
20 1054
17 1042
27 1377
11 1261
10 1000
18 1387
24 1141
11 1143
25 1054
11 1117
23 1424
21 1431
14 1417
14 1348
16 1451
17 1478
19 1266
19 1062
24 1365
25 1051
11 1176
21 1187
19 1329
27 1315
23 1090
18 1054
24 1265
19 1314
22 1393
28 1362
29 1245
21 1190
24 1157
17 1241
28 1260
17 1320
24 1125
17 1229
16 1429
26 1283
18 1421
19 1196
17 1336
13 1402
24 1317
21 1102
17 1443
11 1182
29 1221
16 1399
11 1192
12 1372
26 1272
18 1348
11 1357
11 1216
27 1348
25 1469
26 1355
23 1378
13 1073
29 1483
17 1257
27 1085
24 1323
12 1018
21 1466
11 1214
24 1088
22 1068
18 1157
21 1385
17 1389
21 1003
20 1206
10 1467
20 1068
13 1494
14 1052
29 1080
10 1263
27 1000
16 1445
13 1196
20 1463
13 1158
23 1400
24 1112
24 1101
18 1191
24 1098
17 1244
23 1148
11 1117
23 1249
25 1282
16 1140
14 1124
28 1082
24 1059
13 1268
11 1170
12 1029
12 1093
27 1369
10 1135
20 1488
19 1338
15 1397
21 1121
22 1140
28 1189
19 1117
18 1192
25 1002
17 1393
15 1073
20 1468
29 1177
14 1158
21 1356
12 1362
18 1248
19 1383
12 1199
12 1027
18 1131
20 1069
18 1239
19 1474
17 1241
28 1240
17 1482
13 1391
12 1243
19 1050
27 1255
11 1344
11 1479
22 1030
12 1177
25 1369
20 1427
11 1369
11 1140
15 1353
14 1420
14 1282
26 1256
28 1291
18 1270
19 1107
10 1238
10 1146
28 1276
24 1419
10 1435
27 1223
12 1211
16 1414
13 1066
13 1138
21 1466
25 1236
11 1271
24 1331
27 1308
18 1384
10 1252
15 1050
11 1260
28 1109
29 1372
15 1371
28 1489
12 1301
17 1174
12 1269
28 1096
28 1120
16 1106
18 1393
14 1455
13 1430
22 1224
26 1238
10 1033
29 1091
25 1052
11 1388
19 1231
21 1282
29 1205
19 1477
15 1333
15 1092
18 1021
10 1255
24 1107
25 1114
20 1057
28 1112
15 1430
11 1411
21 1321
26 1293
26 1242
14 1192
15 1459
27 1056
21 1011
23 1092
22 1387
27 1026
24 1056
20 1093
14 1118
25 1054
24 1118
16 1231
28 1126
22 1352
10 1288
22 1063
20 1286
23 1148
27 1306
28 1256
12 1062
20 1110
24 1092
20 1187
25 1108
17 1294
12 1071
21 1066
21 1348
20 1219
19 1077
28 1120
22 1364
24 1147
15 1242
29 1344
10 1194
22 1219
18 1067
17 1135
10 1028
24 1241
14 1437
13 1470
24 1038
25 1265
11 1378
18 1326
13 1359
10 1219
18 1174
14 1086
28 1336
23 1035
10 1318
18 1077
19 1152
22 1116
13 1037
19 1012
28 1022
27 1219
23 1209
12 1170
18 1065
27 1248
16 1490
21 1315
18 1237
15 1131
14 1192
29 1262
15 1305
12 1257
21 1088
26 1016
11 1105
11 1206
21 1172
22 1271
13 1046
22 1182
17 1331
10 1118
27 1462
17 1310
22 1042
23 1190
14 1084
26 1211
26 1239
27 1439
25 1155
14 1042
21 1403
10 1343
22 1442
20 1335
28 1139
24 1460
10 1236
27 1498
24 1268
10 1304
11 1109
11 1013
20 1185
25 1000
16 1251
11 1022
24 1305
27 1026
25 1250
26 1435
28 1123
24 1362
11 1091
29 1204
14 1416
12 1498
21 1469
23 1231
12 1081
10 1051
25 1267
22 1387
13 1046
15 1144
21 1177
10 1366
13 1463
26 1079
12 1441
16 1342
19 1439
24 1038
17 1299
23 1365
17 1152
14 1022
28 1401
27 1106
16 1022
16 1173
10 1136
10 1325
18 1425
27 1226
29 1479
29 1123
15 1255
27 1475
14 1478
22 1263
29 1491
18 1027
21 1033
21 1257
28 1197
17 1374
23 1430
10 1172
23 1453
18 1143
25 1208
21 1342
22 1309
29 1468
22 1091
28 1397
13 1289
17 1354
29 1076
10 1471
10 1022
16 1475
19 1256
16 1071
10 1061
27 1081
26 1065
11 1307
23 1106
26 1400
15 1210
28 1139
12 1322
25 1073
28 1367
10 1219
19 1385
24 1023
24 1336
16 1410
23 1472
18 1127
25 1111
26 1257
16 1385
28 1457
14 1100
16 1246
21 1240
12 1279
26 1038
17 1071
17 1424
20 1314
19 1468
11 1297
15 1441
20 1297
21 1214
29 1154
11 1330
24 1060
21 1228
12 1116
15 1001
17 1302
16 1313
11 1322
21 1247
18 1163
28 1233
28 1141
19 1281
19 1185
18 1351
22 1293
16 1484
17 1399
15 1128
22 1235
28 1345
13 1335
19 1118
11 1417
21 1208
23 1162
17 1115
12 1321
29 1477
29 1090
12 1045
27 1442
17 1379
16 1228
24 1086
29 1195
21 1499
14 1394
12 1400
19 1228
16 1334
23 1072
21 1389
16 1348
27 1449
14 1006
18 1450
22 1228
20 1254
28 1211
15 1240
23 1441
23 1281
20 1476
17 1352
26 1066
21 1139
29 1148
13 1324
22 1305
19 1112
23 1283
23 1211
13 1095
25 1339
28 1185
12 1498
26 1109
17 1080
25 1163
23 1203
22 1061
20 1442
27 1281
16 1054
29 1123
22 1046
24 1149
17 1391
20 1376
15 1490
28 1483
28 1081
16 1426
20 1023
13 1032
15 1406
14 1103
20 1374
13 1180
19 1168
28 1184
13 1037
28 1098
29 1466
16 1304
11 1235
24 1074
19 1226
12 1363
26 1346
17 1239
24 1448
16 1330
20 1319
15 1395
12 1317
14 1086
14 1408
10 1340
27 1292
29 1008
16 1073
29 1051
11 1456
10 1395
11 1189
20 1410
27 1476
22 1489
28 1386
19 1049
22 1415
12 1035
15 1406
11 1496
20 1072
28 1025
12 1089
13 1245
27 1370
26 1081
23 1015
19 1150
16 1424
28 1394
11 1465
15 1498
11 1370
21 1164
21 1193
26 1128
26 1367
11 1294
15 1378
12 1322
14 1250
17 1476
14 1211
24 1281
25 1178
24 1483
27 1164
29 1176
20 1370
14 1275
15 1023
19 1143
20 1061
11 1107
19 1373
11 1053
20 1045
25 1276
16 1075
17 1412
19 1482
25 1262
21 1009
21 1206
16 1342
17 1154
18 1436
12 1195
24 1012
18 1009
26 1277
17 1476
28 1202
10 1283
21 1397
23 1290
26 1108
25 1083
18 1397
19 1447
24 1440
18 1228
21 1101
19 1109
22 1060
13 1106
20 1474
20 1036
14 1119
27 1421
25 1457
22 1384
14 1140
15 1190
18 1330
26 1193
18 1438
27 1471
14 1369
10 1279
20 1326
15 1376
17 1432
17 1176
14 1171
21 1223
27 1062
21 1172
24 1324
27 1128
26 1208
10 1147
14 1030
11 1104
19 1199
12 1397
19 1067
10 1007
28 1028
25 1437
22 1364
19 1092
22 1270
11 1121
22 1337
25 1365
25 1315
17 1103
15 1079
19 1078
14 1041
20 1287
23 1435
11 1136
13 1497
28 1265
27 1191
16 1059
29 1288
23 1156
26 1075
15 1308
29 1449
21 1311
17 1018
16 1492
10 1476
14 1218
12 1404
21 1094
15 1000
19 1106
22 1236
29 1056
25 1407
14 1224
25 1228
16 1069
21 1260
13 1308
25 1314
23 1346
12 1249
23 1179
20 1011
17 1189
22 1261
11 1494
13 1426
25 1232
12 1381
20 1094
13 1128
11 1270
19 1176
27 1100
18 1049
28 1386
21 1254
28 1250
12 1476
29 1390
17 1134
11 1361
10 1319
26 1330
19 1494
16 1157
16 1034
18 1132
12 1484
18 1433
24 1220
10 1167
23 1466
21 1274
13 1377
28 1039
13 1218
21 1436
21 1491
17 1364
22 1493
19 1107
11 1313
21 1157
17 1433
18 1235
27 1378
24 1138
12 1495
18 1122
17 1271
28 1328
29 1254
24 1312
12 1481
25 1029
18 1385
27 1464
27 1201
29 1436
19 1408
19 1427
10 1202
28 1181
16 1308
21 1393
15 1397
28 1379
10 1430
16 1406
16 1319
29 1418
12 1344
28 1378
11 1072
28 1489
19 1347
26 1104
22 1290
11 1203
16 1078
24 1221
11 1367
28 1096
15 1384
10 1032
16 1173
22 1336
15 1399
24 1331
21 1388
27 1324
10 1044
10 1135
29 1146
23 1321
27 1028
28 1229
19 1098
19 1404
19 1108
24 1248
29 1410
22 1144
13 1338
10 1101
25 1254
15 1045
17 1058
13 1218
18 1189
20 1132
21 1373
29 1045
25 1118
23 1048
28 1266
13 1064
10 1132
10 1286
27 1427
29 1087
16 1275
25 1399
27 1007
26 1033
12 1387
14 1297
28 1341
15 1398
29 1049
29 1375
29 1451
23 1125
28 1125
29 1072
10 1030
15 1293
25 1079
23 1202
23 1073
20 1368
14 1024
24 1409
26 1018
25 1229
20 1303
23 1072
11 1279
21 1207
21 1252
16 1366
20 1019
10 1009
17 1303
29 1371
14 1396
21 1395
13 1407
22 1397
11 1435
27 1133
19 1234
23 1375
10 1202
11 1005
14 1227
12 1490
16 1005
28 1380
17 1277
15 1288
29 1067
17 1088
27 1207
29 1278
23 1305
22 1402
15 1316
10 1000
28 1213
29 1381
12 1065
17 1109
27 1112
16 1247
25 1325
13 1445
18 1139
18 1163
27 1392
14 1300
21 1395
22 1080
11 1223
23 1222
11 1455
12 1271
15 1145
26 1183
25 1290
16 1442
22 1464
10 1115
26 1105
18 1234
17 1453
23 1265
10 1081
15 1043
25 1186
13 1017
24 1496
26 1188
23 1062
12 1482
10 1108
26 1288
17 1180
13 1116
18 1368
25 1206
28 1366
21 1484
27 1000
12 1173
15 1124
23 1235
26 1235
25 1037
27 1378
27 1446
18 1279
26 1076
13 1400
13 1000
13 1071
16 1138
26 1191
21 1130
12 1033
20 1326
23 1056
24 1253
18 1426
25 1380
24 1164
17 1342
19 1245
19 1321
29 1342
23 1425
19 1433
11 1270
24 1226
20 1075
20 1262
13 1484
12 1371
20 1062
23 1013
21 1062
17 1463
21 1086
14 1254
16 1076
16 1444
29 1230
10 1042
23 1304
25 1385
24 1146
10 1228
10 1353
15 1081
24 1253
10 1161
19 1126
20 1158
11 1053
13 1379
20 1269
17 1376
20 1453
29 1151
19 1006
13 1238
16 1427
22 1179
29 1076
22 1094
21 1402
19 1214
10 1205
29 1251
28 1111
22 1461
13 1256
23 1036
19 1116
29 1222
20 1005
11 1336
28 1469
28 1361
25 1196
20 1417
27 1191
14 1053
29 1258
13 1228
29 1208
18 1358
25 1494
16 1004
17 1383
11 1373
25 1104
28 1168
13 1418
24 1256
12 1184
29 1175
19 1213
22 1005
27 1364
25 1249
24 1176
22 1477
16 1416
22 1328
20 1150
10 1472
28 1136
26 1453
10 1289
16 1362
15 1233
20 1408
27 1291
28 1126
20 1435
17 1269
22 1165
17 1062
24 1382
11 1380
28 1088
11 1343
25 1247
19 1228
25 1113
19 1498
11 1042
25 1359
14 1204
12 1119
19 1156
28 1304
19 1444
24 1013
27 1180
18 1309
13 1107
12 1373
27 1038
22 1420
21 1219
28 1018
17 1348
18 1444
13 1235
12 1450
24 1374
21 1161
26 1386
26 1456
29 1126
21 1063
16 1452
22 1142
26 1491
19 1430
13 1165
14 1293
10 1374
17 1420
21 1420
22 1093
25 1063
17 1005
23 1073
15 1253
16 1423
11 1232
18 1123
12 1398
27 1012
16 1167
18 1452
16 1229
14 1407
23 1165
21 1481
28 1232
11 1448
29 1002
14 1219
23 1266
15 1191
12 1223
25 1479
18 1480
19 1228
19 1400
13 1065
18 1155
14 1412
29 1443
20 1013
11 1348
10 1397
14 1032
15 1025
23 1351
24 1240
28 1191
20 1222
14 1446
14 1012
29 1126
13 1302
10 1138
22 1242
12 1143
25 1497
25 1495
27 1115
29 1179
23 1068
10 1301
22 1099
22 1279
24 1343
26 1104
25 1024
27 1287
20 1386
22 1046
19 1018
16 1291
16 1037
22 1128
14 1274
26 1004
22 1036
21 1395
18 1001
10 1079
10 1312
17 1340
13 1188
16 1038
16 1280
16 1215
18 1009
14 1003
23 1489
14 1261
10 1465
24 1080
29 1261
19 1075
18 1418
18 1139
13 1376
22 1365
18 1241
17 1350
13 1353
20 1459
29 1085
28 1216
18 1213
27 1262
14 1046
29 1258
14 1269
20 1347
18 1430
26 1109
13 1192
19 1166
12 1071
25 1340
11 1349
25 1121
18 1168
28 1093
19 1248
28 1035
14 1458
18 1138
13 1145
23 1363
15 1171
10 1016
16 1040
14 1129
22 1162
13 1155
26 1398
23 1456
10 1271
23 1271
29 1276
13 1287
10 1496
29 1021
15 1413
18 1152
12 1143
15 1033
18 1112
26 1322
24 1379
21 1316
27 1218
10 1173
28 1154
22 1450
28 1051
17 1033
18 1042
18 1282
16 1381
27 1191
21 1320
24 1264
18 1269
12 1132
17 1221
12 1272
12 1300
28 1420
13 1256
20 1293
12 1024
27 1418
16 1262
29 1413
19 1015
13 1311
24 1312
28 1388
22 1216
14 1044
17 1146
17 1250
26 1110
18 1192
25 1006
19 1324
18 1338
26 1157
11 1493
19 1380
11 1338
10 1071
29 1152
23 1053
22 1278
15 1387
29 1176
12 1368
25 1483
18 1145
21 1199
17 1419
28 1230
23 1076
16 1369
22 1139
28 1277
25 1456
25 1066
28 1348
10 1152
15 1061
19 1115
17 1205
14 1115
12 1136
22 1417
10 1295
26 1265
14 1249
27 1477
28 1491
27 1047
24 1068
27 1031
15 1407
13 1316
18 1449
13 1056
25 1482
17 1340
16 1293
23 1052
18 1117
24 1030
20 1306
24 1124
24 1182
22 1358
23 1463
21 1243
17 1392
25 1125
14 1272
28 1439
19 1228
20 1426
20 1021
10 1021
11 1009
15 1397
28 1323
19 1093
18 1056
13 1144
11 1113
19 1178
25 1028
27 1097
17 1149
27 1095
17 1145
25 1449
15 1067
29 1025
10 1354
22 1342
21 1482
17 1394
28 1404
18 1366
13 1299
14 1111
23 1346
10 1195
23 1017
19 1319
26 1346
20 1043
20 1255
25 1281
16 1319
19 1095
10 1206
13 1417
18 1360
10 1272
15 1269
19 1347
18 1148
13 1404
14 1150
13 1006
29 1273
24 1323
10 1082
27 1458
16 1196
19 1157
11 1010
17 1001
24 1158
26 1433
14 1224
15 1489
10 1105
16 1021
29 1164
16 1139
23 1157
13 1051
17 1202
18 1374
25 1482
21 1191
20 1093
28 1430
18 1108
23 1405
17 1343
20 1184
20 1414
24 1110
21 1497
22 1322
27 1111
20 1060
17 1277
28 1161
22 1097
21 1126
15 1214
19 1309
13 1475
24 1175
22 1468
10 1319
21 1303
19 1455
28 1216
18 1282
29 1177
27 1296
29 1181
24 1306
16 1444
26 1350
16 1478
24 1246
28 1384
21 1385
22 1386
19 1158
21 1178
16 1451
29 1261
19 1496
24 1313
27 1199
17 1303
14 1361
23 1326
25 1284
19 1364
24 1411
10 1480
19 1119
13 1209
16 1053
28 1178
28 1084
12 1314
22 1188
25 1052
28 1293
23 1047
22 1332
22 1373
29 1166
11 1499
16 1341
11 1438
10 1453
15 1021
10 1168
12 1280
16 1462
10 1144
23 1015
24 1354
15 1480
21 1162
11 1045
25 1418
10 1397
23 1072
19 1301
19 1305
11 1457
14 1370
26 1277
15 1465
24 1305
12 1357
13 1009
24 1107
25 1251
22 1026
20 1388
27 1020
17 1106
21 1436
19 1243
11 1168
16 1488
22 1277
14 1313
18 1124
12 1214
19 1129
25 1151
17 1275
15 1297
28 1477
29 1226
27 1226
21 1327
24 1326
13 1419
22 1411
17 1391
20 1369
11 1076
22 1434
19 1022
14 1089
12 1365
20 1353
23 1367
10 1161
26 1068
26 1229
12 1025
11 1232
13 1147
29 1298
11 1238
18 1418
22 1089
17 1342
21 1152
23 1063
19 1242
22 1244
28 1085
17 1355
24 1061
12 1103
25 1429
10 1494
11 1181
24 1126
17 1471
22 1350
20 1312
17 1011
20 1431
27 1430
13 1060
11 1094
19 1424
22 1016
13 1492
16 1005
13 1425
20 1405
17 1313
18 1289
25 1186
22 1108
25 1090
15 1384
16 1362
12 1008
20 1306
14 1172
20 1180
27 1294
20 1328
17 1253
26 1331
24 1338
27 1427
24 1030
19 1062
12 1210
14 1313
21 1318
13 1253
22 1498
10 1420
16 1101
27 1377
15 1311
16 1362
27 1299
10 1484
22 1156
21 1226
25 1137
22 1007
24 1349
28 1080
26 1018
12 1335
21 1238
15 1137
28 1241
21 1079
10 1449
20 1022
18 1069
20 1323
11 1414
15 1076
28 1235
12 1183
19 1237
22 1389
21 1038
29 1190
29 1032
29 1132
28 1211
24 1311
16 1358
29 1387
25 1384
11 1256
28 1287
16 1106
24 1338
20 1314
15 1108
26 1029
18 1188
14 1161
17 1410
10 1170
11 1208
24 1097
25 1394
18 1223
20 1390
23 1132
11 1041
24 1057
14 1332
29 1220
27 1069
11 1000
15 1019
25 1380
12 1495
15 1099
26 1434
28 1031
12 1101
28 1327
22 1159
14 1293
18 1030
16 1095
25 1160
28 1388
15 1494
22 1089
23 1203
10 1199
19 1031
18 1101
25 1394
15 1052
27 1379
23 1393
25 1272
21 1278
26 1373
16 1237
24 1085
16 1173
19 1159
15 1351
14 1392
25 1439
12 1425
18 1279
14 1285
29 1082
24 1312
16 1380
12 1348
13 1263
29 1352
12 1031
10 1109
21 1335
11 1205
19 1119
20 1106
23 1196
28 1039
21 1054
22 1089
29 1494
24 1136
15 1148
25 1136
23 1111
12 1015
13 1340
17 1124
18 1243
16 1401
26 1083
10 1277
13 1260
21 1261
24 1465
17 1306
10 1059
10 1324
14 1154
17 1295
25 1453
14 1418
16 1088
14 1337
18 1240
10 1190
26 1400
14 1481
10 1313
20 1403
19 1168
14 1477
11 1263
11 1245
22 1229
17 1392
29 1012
14 1165
27 1001
29 1150
27 1124
20 1105
19 1453
22 1362
14 1396
26 1126
13 1399
29 1387
10 1093
17 1282
17 1254
18 1339
28 1248
16 1494
12 1104
12 1482
21 1116
15 1423
12 1322
23 1430
23 1244
15 1148
24 1490
23 1376
12 1245
11 1345
18 1133
27 1034
14 1000
28 1145
10 1028
23 1139
19 1119
20 1234
14 1479
18 1486
17 1166
26 1278
20 1413
26 1354
23 1496
22 1212
26 1022
24 1097
21 1411
22 1356
29 1417
28 1312
19 1366
22 1185
12 1262
14 1021
24 1464
22 1278
27 1380
20 1426
12 1325
27 1491
10 1219
21 1340
24 1243
28 1496
12 1407
28 1364
18 1249
21 1123
15 1434
15 1243
21 1113
23 1410
26 1333
19 1235
29 1393
14 1039
14 1316
25 1048
27 1460
25 1405
14 1093
12 1172
28 1482
16 1317
24 1309
12 1071
19 1353
26 1232
20 1458
23 1223
29 1400
12 1492
27 1205
28 1061
18 1395
19 1305
15 1180
13 1201
28 1054
10 1223
26 1427
19 1345
11 1403
10 1481
24 1163
13 1303
18 1354
14 1176
29 1026
16 1461
11 1210
14 1314
29 1183
11 1232
11 1372
22 1440
24 1308
18 1017
23 1491
20 1022
20 1010
25 1481
26 1183
12 1146
23 1178
21 1143
27 1100
27 1005
14 1489
10 1317
21 1252
22 1008
12 1412
22 1395
10 1311
17 1220
28 1352
14 1002
13 1094
28 1263
27 1062
22 1421
25 1142
14 1423
23 1360
14 1430
23 1257
16 1106
12 1161
29 1265
17 1323
28 1395
26 1200
19 1039
10 1307
19 1226
17 1386
20 1036
22 1089
22 1464
22 1228
18 1328
11 1393
26 1302
21 1133
11 1359
16 1357
18 1024
19 1334
27 1494
19 1150
16 1387
24 1241
10 1381
29 1234
29 1019
27 1236
15 1241
23 1438
19 1314
24 1277
28 1146
21 1222
28 1046
12 1392
25 1182
16 1084
23 1283
18 1194
19 1461
24 1398
25 1225
10 1443
14 1474
13 1316
18 1063
11 1477
13 1196
16 1042
16 1003
15 1408
24 1125
10 1150
14 1012
29 1279
17 1495
23 1327
19 1367
28 1027
24 1105
18 1496
10 1458
10 1155
15 1457
15 1359
28 1220
16 1493
10 1024
10 1369
21 1349
16 1302
22 1060
20 1449
19 1311
13 1001
18 1092
22 1094
13 1221
27 1434
10 1373
20 1300
22 1076
13 1045
27 1394
21 1317
17 1016
26 1370
21 1165
22 1153
20 1238
14 1205
21 1259
16 1425
14 1231
17 1271
25 1026
23 1306
28 1000
22 1413
12 1472
11 1185
13 1017
24 1258
25 1158
26 1098
28 1042
16 1060
23 1203
19 1169
20 1453
18 1302
12 1029
16 1164
21 1427
18 1334
29 1253
14 1356
12 1391
17 1132
22 1317
16 1286
14 1336
16 1402
24 1450
20 1169
26 1433
24 1260
18 1345
14 1339
24 1204
11 1220
25 1314
13 1216
15 1018
29 1435
25 1328
20 1455
22 1285
14 1318
11 1394
21 1250
19 1296
13 1490
12 1077
28 1004
28 1457
22 1146
12 1102
14 1033
19 1228
15 1337
26 1437
20 1068
22 1235
20 1095
25 1055
24 1423
12 1101
22 1395
23 1101
17 1396
17 1116
15 1086
15 1425
22 1090
16 1383
28 1376
24 1166
11 1139
19 1233
12 1082
24 1102
19 1278
24 1268
29 1122
12 1227
15 1073
29 1466
26 1111
10 1466
28 1290
23 1499
11 1183
19 1347
21 1363
12 1006
28 1257
10 1213
21 1004
14 1155
10 1309
17 1405
19 1124
29 1011
14 1275
27 1328
17 1130
28 1209
28 1451
27 1474
21 1055
20 1386
13 1235
14 1218
27 1159
25 1449
19 1099
21 1031
13 1341
18 1357
20 1428
24 1036
16 1465
13 1493
29 1290
20 1448
25 1161
22 1005
24 1354
15 1284
11 1299
13 1166
18 1128
21 1393
13 1043
23 1425
25 1401
26 1155
12 1322
18 1457
21 1210
28 1211
20 1485
24 1395
22 1039
26 1488
28 1156
11 1467
29 1395
20 1333
15 1053
20 1309
11 1378
18 1454
23 1052
22 1231
15 1222
15 1465
14 1434
29 1065
23 1313
27 1288
16 1333
24 1130
20 1194
28 1250
19 1147
18 1127
16 1194
29 1138
11 1009
17 1330
14 1208
17 1212
21 1378
14 1269
14 1296
24 1001
10 1042
28 1037
12 1283
19 1327
20 1427
27 1462
11 1291
16 1250
24 1234
21 1068
14 1275
17 1248
16 1010
27 1284
14 1331
21 1059
14 1108
28 1047
10 1073
13 1129
29 1160
15 1337
26 1308
16 1302
19 1418
27 1017
24 1088
13 1219
22 1242
13 1080
15 1171
16 1253
15 1338
26 1281
20 1088
14 1496
15 1270
22 1253
23 1088
20 1384
23 1315
18 1360
25 1342
21 1415
22 1258
15 1013
22 1319
17 1022
11 1188
18 1382
10 1458
26 1403
28 1079
26 1401
14 1170
29 1420
18 1311
23 1417
10 1322
27 1151
14 1167
20 1031
28 1003
13 1170
14 1220
17 1415
12 1254
14 1264
14 1463
21 1496
19 1011
24 1418
14 1223
13 1421
23 1055
25 1328
15 1441
29 1333
18 1174
20 1155
28 1483
16 1060
11 1275
10 1149
14 1406
20 1157
22 1122
23 1051
15 1114
16 1319
26 1434
13 1282
14 1425
10 1063
15 1248
21 1271
20 1084
18 1387
28 1257
20 1209
20 1276
21 1248
11 1013
16 1316
20 1390
21 1338
14 1178
15 1250
14 1428
10 1360
14 1371
24 1452
10 1454
12 1434
16 1155
15 1382
26 1233
29 1221
18 1118
27 1021
27 1256
24 1167
21 1145
21 1369
21 1296
11 1287
28 1218
26 1421
25 1327
15 1068
17 1250
11 1147
29 1274
22 1392
15 1494
19 1464
10 1337
22 1356
12 1316
23 1401
25 1362
25 1492
27 1477
23 1178
25 1317
28 1477
26 1283
23 1004
23 1471
21 1443
16 1443
26 1259
27 1028
17 1473
10 1284
16 1110
12 1393
14 1474
22 1145
23 1295
22 1187
24 1366
19 1128
25 1406
16 1447
26 1393
17 1057
21 1247
26 1129
24 1260
16 1087
11 1059
24 1356
17 1322
12 1093
16 1308
20 1348
14 1343
29 1403
18 1423
10 1193
18 1215
22 1006
19 1275
25 1033
16 1429
19 1145
15 1098
23 1254
27 1368
16 1061
15 1276
21 1073
25 1173
21 1335
13 1311
16 1066
13 1061
18 1138
26 1014
14 1117
21 1343
20 1035
23 1282
12 1056
13 1038
23 1012
11 1015
28 1335
28 1161
29 1167
21 1081
25 1118
11 1336
25 1360
27 1121
25 1001
22 1434
22 1170
18 1279
27 1159
29 1084
26 1014
18 1042
29 1044
13 1110
20 1276
29 1113
22 1079
22 1081
15 1277
27 1273
13 1003
11 1162
21 1343
21 1359
19 1439
11 1122
23 1235
16 1346
28 1192
27 1187
28 1200
18 1000
17 1353
23 1156
16 1034
11 1134
12 1411
22 1164
22 1172
11 1464
15 1019
14 1327
20 1043
12 1297
18 1148
20 1307
13 1298
20 1442
29 1037
24 1212
17 1487
19 1077
12 1294
23 1353
27 1032
10 1108
26 1170
27 1432
25 1181
21 1088
14 1196
25 1292
11 1273
29 1145
18 1045
14 1425
19 1256
18 1154
14 1362
29 1002
22 1001
22 1196
19 1309
18 1390
12 1270
18 1208
23 1010
16 1180
15 1134
16 1296
11 1322
12 1155
10 1374
21 1287
19 1354
23 1307
16 1383
19 1006
25 1289
14 1066
15 1478
11 1307
29 1402
22 1288
19 1271
20 1260
27 1246
23 1407
25 1486
23 1452
29 1273
22 1415
17 1169
26 1448
15 1145
26 1100
23 1024
24 1316
17 1056
17 1294
11 1168
21 1469
17 1433
22 1347
15 1242
29 1379
11 1466
14 1173
18 1245
14 1321
22 1418
11 1484
17 1221
24 1061
12 1082
25 1427
17 1072
11 1495
24 1001
29 1079
24 1017
16 1427
27 1381
18 1023
13 1318
25 1471
15 1379
15 1153
18 1199
12 1211
27 1477
14 1323
29 1163
23 1471
15 1331
27 1409
19 1148
28 1181
24 1367
10 1470
12 1054
16 1150
14 1331
28 1219
15 1038
12 1275
18 1384
19 1261
13 1085
27 1490
10 1397
10 1112
20 1028
29 1024
11 1390
27 1229
26 1195
17 1402
20 1399
10 1210
22 1080
15 1237
22 1240
19 1133
16 1104
25 1007
15 1310
17 1172
12 1324
28 1374
13 1364
18 1093
17 1464
18 1265
18 1444
23 1079
26 1037
17 1264
27 1167
19 1174
23 1246
29 1289
29 1013
13 1453
15 1270
20 1283
26 1424
22 1424
26 1305
20 1046
23 1387
21 1310
12 1228
21 1169
13 1007
15 1229
12 1430
20 1469
11 1088
23 1435
22 1043
10 1328
19 1468
22 1196
25 1475
20 1172
10 1183
23 1323
25 1182
17 1107
22 1475
26 1119
26 1078
16 1159
10 1412
17 1387
16 1237
24 1365
23 1202
24 1248
13 1202
25 1215
22 1099
12 1364
13 1073
24 1227
27 1119
11 1440
23 1242
29 1076
29 1468
26 1094
20 1399
11 1441
15 1448
17 1097
13 1399
22 1127
12 1096
23 1405
20 1393
25 1072
10 1064
13 1327
13 1140
22 1258
22 1355
18 1410
15 1487
15 1186
10 1086
21 1073
26 1444
20 1460
20 1055
25 1185
11 1104
29 1306
18 1291
15 1474
26 1341
10 1237
29 1483
27 1312
16 1046
13 1397
29 1291
29 1300
28 1492
21 1105
19 1199
20 1278
24 1199
20 1131
27 1121
24 1458
18 1279
27 1068
23 1323
22 1336
15 1408
17 1200
14 1059
29 1471
28 1450
27 1343
11 1268
23 1079
20 1235
15 1207
21 1354
11 1253
27 1058
23 1483
17 1382
11 1011
16 1009
20 1372
24 1082
15 1025
15 1315
24 1463
20 1377
28 1007
21 1201
20 1157
26 1222
11 1076
15 1190
28 1336
26 1174
18 1499
23 1181
29 1117
10 1070
13 1167
24 1159
17 1487
24 1360
17 1247
17 1236
19 1420
15 1362
26 1454
11 1431
21 1441
25 1387
15 1495
16 1336
22 1007
16 1315
12 1491
26 1308
29 1348
17 1407
24 1185
12 1013
29 1438
21 1217
21 1460
20 1437
22 1204
17 1045
10 1105
14 1383
17 1204
17 1254
13 1215
12 1113
24 1303
29 1043
24 1096
19 1058
12 1476
11 1376
11 1320
19 1356
26 1298
21 1253
25 1074
10 1162
18 1323
20 1166
29 1351
22 1155
28 1132
13 1328
21 1244
13 1155
27 1129
16 1355
29 1075
13 1253
29 1159
15 1321
20 1130
19 1226
19 1401
15 1424
19 1143
27 1193
18 1310
13 1158
15 1416
29 1278
28 1425
22 1336
28 1227
17 1391
25 1127
17 1037
25 1190
25 1084
19 1211
25 1422
21 1037
18 1296
23 1254
23 1495
18 1202
21 1303
10 1274
11 1141
12 1272
19 1257
26 1188
19 1331
10 1126
21 1416
27 1147
17 1325
14 1094
15 1325
29 1389
11 1028
14 1159
16 1291
14 1246
21 1141
15 1346
21 1039
29 1122
18 1111
22 1316
23 1327
19 1329
28 1034
28 1226
17 1472
28 1189
28 1345
27 1449
26 1009
17 1336
11 1022
18 1117
27 1297
15 1137
19 1308
15 1302
23 1013
26 1208
15 1170
12 1229
25 1056
15 1108
11 1071
10 1274
28 1332
19 1365
12 1413
22 1093
26 1355
14 1389
13 1018
18 1274
21 1155
19 1067
14 1100
12 1434
13 1390
25 1145
24 1324
22 1495
27 1359
13 1445
15 1409
21 1191
23 1316
10 1013
10 1490
28 1403
28 1040
15 1096
15 1463
20 1455
26 1122
24 1085
23 1011
29 1363
17 1468
16 1383
21 1146
24 1282
11 1456
29 1363
14 1025
13 1409
29 1017
22 1129
15 1410
26 1200
22 1033
29 1175
27 1307
21 1437
26 1477
27 1496
21 1496
10 1156
25 1144
21 1288
18 1173
12 1483
23 1028
16 1245
27 1038
20 1089
11 1075
11 1309
28 1175
12 1048
14 1481
11 1128
28 1355
17 1388
27 1246
12 1489
25 1363
10 1113
26 1290
29 1121
26 1196
21 1419
18 1064
21 1246
29 1089
21 1105
27 1061
27 1374
13 1357
29 1433
29 1304
27 1350
18 1274
16 1025
13 1379
23 1430
13 1117
11 1001
18 1172
25 1040
18 1021
28 1117
22 1284
27 1384
17 1368
14 1222
26 1183
22 1087
25 1037
18 1043
23 1083
12 1004
17 1435
13 1496
12 1214
17 1202
27 1240
22 1415
12 1480
13 1141
24 1244
28 1230
26 1217
14 1400
15 1331
15 1142
27 1364
14 1270
12 1197
23 1298
23 1190
22 1453
21 1274
18 1274
23 1238
24 1490
29 1302
27 1371
18 1117
28 1424
10 1291
20 1135
24 1288
15 1197
18 1027
10 1221
21 1349
10 1336
13 1321
25 1106
20 1375
15 1353
16 1387
28 1396
11 1249
13 1418
19 1219
26 1412
22 1065
14 1244
10 1210
25 1117
22 1032
26 1427
24 1459
19 1000
17 1210
19 1189
19 1368
11 1117
11 1267
20 1302
23 1392
23 1007
10 1104
29 1042
29 1310
11 1170
15 1233
14 1348
29 1461
11 1129
24 1335
24 1213
17 1444
10 1090
25 1286
18 1057
12 1172
29 1107
19 1300
14 1400
20 1050
25 1021
17 1449
17 1310
15 1362
28 1010
14 1170
29 1323
19 1323
20 1107
17 1215
15 1210
11 1315
20 1399
25 1015
10 1326
20 1308
10 1312
14 1430
14 1208
11 1120
13 1036
23 1436
22 1446
27 1088
27 1421
25 1299
27 1251
27 1398
18 1310
13 1166
11 1137
23 1319
17 1320
20 1033
23 1065
21 1472
24 1292
20 1220
17 1164
19 1333
21 1254
12 1364
29 1230
13 1201
23 1337
11 1185
15 1052
18 1315
26 1443
24 1052
16 1204
24 1473
15 1366
22 1278
10 1229
18 1135
21 1307
13 1150
27 1165
25 1249
11 1091
15 1258
17 1257
15 1018
12 1304
16 1034
29 1385
22 1293
11 1213
22 1279
14 1429
28 1390
23 1100
21 1183
19 1369
25 1320
23 1058
24 1447
16 1054
28 1076
12 1050
22 1063
16 1345
13 1237
19 1400
26 1148
25 1269
21 1000
10 1224
28 1240
19 1112
11 1032
17 1213
17 1304
13 1028
24 1135
18 1016
29 1103
27 1275
27 1346
28 1181
19 1351
16 1305
23 1134
24 1017
25 1471
10 1464
21 1349
21 1298
15 1157
11 1378
26 1368
13 1235
22 1050
10 1114
28 1057
21 1219
18 1290
28 1167
18 1040
24 1260
16 1100
22 1005
18 1461
18 1412
23 1125
17 1464
11 1106
19 1498
28 1078
16 1052
23 1259
19 1229
14 1434
18 1226
27 1027
14 1474
17 1402
21 1231
18 1007
29 1101
21 1048
27 1178
29 1229
16 1255
13 1400
14 1216
28 1179
18 1235
23 1315
25 1032
22 1488
25 1150
29 1190
18 1009
16 1245
26 1313
22 1287
13 1138
13 1189
11 1458
24 1205
21 1440
15 1307
20 1077
12 1334
16 1097
29 1047
13 1063
10 1069
25 1274
23 1233
15 1099
25 1141
24 1278
29 1205
17 1169
13 1222
27 1206
24 1189
13 1021
10 1443
12 1405
23 1194
19 1304
20 1149
27 1340
19 1348
20 1005
17 1126
14 1475
15 1139
21 1195
25 1477
15 1109
23 1361
11 1461
27 1403
28 1213
28 1128
11 1148
19 1356
11 1167
26 1416
10 1109
19 1080
10 1473
22 1331
25 1111
23 1214
22 1279
21 1433
17 1086
17 1284
19 1065
12 1378
15 1358
25 1062
28 1187
23 1052
14 1252
24 1096
25 1042
12 1212
23 1175
26 1130
26 1414
16 1446
27 1437
20 1234
26 1031
26 1375
23 1382
18 1073
22 1149
15 1027
13 1211
17 1169
24 1261
21 1064
24 1215
21 1180
24 1485
27 1412
13 1490
18 1297
16 1002
22 1253
19 1337
14 1402
29 1079
21 1083
17 1415
11 1159
17 1009
24 1152
28 1062
13 1181
26 1224
11 1262
10 1365
20 1489
27 1460
22 1436
11 1063
20 1364
11 1445
16 1202
21 1076
12 1216
29 1119
16 1444
26 1272
19 1445
14 1159
21 1365
16 1120
24 1174
13 1304
27 1161
28 1001
26 1378
20 1132
18 1493
29 1021
20 1391
20 1188
22 1068
28 1450
15 1422
22 1284
24 1019
27 1312
13 1415
19 1226
25 1279
18 1331
25 1062
12 1258
27 1411
10 1227
16 1383
23 1175
25 1081
16 1262
21 1095
20 1335
15 1494
19 1272
15 1200
15 1077
14 1325
27 1419
20 1060
29 1148
10 1215
26 1284
20 1455
11 1140
10 1185
22 1317
26 1307
16 1122
16 1231
15 1071
24 1284
15 1277
21 1272
28 1080
25 1381
27 1091
26 1273
11 1333
16 1312
10 1106
26 1341
10 1035
28 1064
17 1173
23 1480
20 1439
19 1273
17 1329
28 1353
26 1238
28 1311
20 1319
22 1489
12 1247
25 1329
22 1434
24 1430
23 1305
24 1110
20 1275
14 1041
15 1244
20 1458
29 1030
10 1414
24 1442
21 1245
15 1008
20 1409
12 1269
21 1336
16 1195
28 1302
13 1092
10 1072
13 1333
18 1292
22 1010
17 1226
12 1143
18 1139
25 1265
24 1461
28 1424
20 1470
10 1090
29 1470
25 1116
21 1390
14 1021
15 1285
16 1274
14 1250
17 1155
20 1388
22 1112
17 1025
19 1455
21 1454
11 1037
26 1073
12 1395
20 1208
20 1064
19 1029
29 1422
22 1368
20 1393
13 1172
17 1165
28 1302
19 1450
11 1035
10 1091
24 1369
11 1314
24 1177
13 1245
24 1476
11 1075
21 1163
12 1324
12 1389
25 1378
11 1359
18 1399
13 1424
11 1360
18 1207
25 1324
21 1243
23 1292
20 1167
29 1264
14 1424
27 1225
16 1266
23 1022
27 1448
15 1317
18 1395
25 1393
22 1281
18 1481
23 1368
22 1491
28 1353
22 1215
23 1071
21 1079
14 1428
29 1311
11 1134
11 1410
24 1365
18 1442
27 1001
17 1106
19 1109
13 1152
14 1432
14 1160
24 1108
29 1130
17 1428
15 1403
29 1233
19 1067
23 1459
15 1320
18 1433
19 1451
22 1147
29 1044
10 1107
10 1228
25 1219
18 1234
15 1012
15 1108
11 1207
27 1083
24 1352
16 1497
16 1277
29 1257
20 1425
11 1413
11 1256
26 1130
15 1329
24 1200
19 1184
17 1130
29 1088
15 1030
29 1327
25 1401
21 1476
13 1158
21 1370
24 1469
21 1108
26 1444
25 1356
21 1311
25 1301
23 1196
23 1411
17 1453
19 1143
19 1081
22 1149
19 1184
27 1318
24 1398
19 1251
21 1476
22 1497
24 1257
16 1408
25 1099
29 1173
19 1360
10 1481
14 1456
13 1150
15 1215
21 1326
21 1168
26 1440
21 1104
26 1002
19 1110
29 1484
18 1311
20 1021
20 1424
21 1478
23 1136
29 1145
14 1146
20 1017
28 1341
12 1180
29 1379
28 1438
15 1006
17 1127
26 1204
11 1224
15 1451
25 1226
18 1376
17 1100
24 1428
25 1469
20 1038
24 1395
24 1368
14 1010
28 1499
24 1069
28 1396
17 1434
17 1399
21 1445
14 1452
25 1235
26 1124
22 1374
27 1483
29 1040
27 1147
27 1174
11 1496
10 1315
29 1232
13 1437
26 1487
28 1415
27 1231
15 1312
12 1306
20 1218
22 1352
26 1207
14 1398
19 1226
26 1052
26 1055
15 1378
22 1084
26 1273
22 1258
17 1429
10 1199
16 1328
13 1427
23 1331
22 1209
28 1365
10 1185
13 1412
29 1323
18 1414
16 1018
21 1259
22 1067
24 1412
22 1303
29 1465
10 1075
16 1242
21 1264
20 1136
25 1285
17 1257
25 1465
20 1088
17 1368
14 1075
15 1418
19 1131
26 1448
17 1416
21 1137
12 1226
23 1167
16 1106
13 1088
18 1436
17 1011
17 1383
16 1390
21 1385
19 1054
13 1463
21 1070
17 1059
20 1212
20 1478
12 1497
15 1101
22 1258
10 1185
18 1046
12 1017
25 1229
15 1299
21 1231
28 1225
27 1378
17 1257
26 1220
19 1439
23 1292
29 1335
16 1192
28 1275
28 1181
17 1473
11 1283
23 1254
16 1360
16 1232
25 1420
28 1365
22 1427
23 1440
23 1182
18 1275
19 1148
24 1473
13 1057
29 1147
23 1471
20 1061
28 1052
29 1143
12 1438
24 1370
20 1444
18 1465
11 1224
12 1240
21 1054
19 1364
19 1449
15 1135
11 1048
17 1100
10 1192
28 1146
10 1414
10 1145
22 1273
17 1041
22 1070
14 1389
26 1077
16 1337
18 1308
20 1199
25 1170
16 1223
15 1273
25 1152
13 1069
22 1124
23 1066
10 1101
15 1089
11 1022
15 1480
29 1323
12 1288
10 1333
27 1047
24 1357
13 1181
24 1094
10 1479
18 1242
29 1344
18 1019
21 1314
10 1276
28 1393
22 1321
17 1158
26 1302
22 1478
27 1043
19 1249
25 1478
22 1499
25 1209
20 1050
16 1433
28 1083
24 1220
18 1431
25 1130
10 1349
25 1366
15 1065
20 1307
16 1255
25 1272
28 1439
19 1421
15 1041
16 1316
27 1105
14 1224
25 1184
23 1154
11 1209
24 1366
25 1225
13 1249
24 1111
27 1383
16 1161
29 1450
16 1145
14 1313
23 1260
22 1472
12 1464
11 1152
28 1338
21 1091
17 1094
17 1195
14 1466
14 1374
11 1258
27 1055
16 1290
29 1118
25 1474
12 1313
20 1069
19 1334
29 1148
28 1207
20 1038
20 1296
28 1029
15 1151
17 1441
18 1055
12 1226
28 1079
25 1249
12 1159
20 1047
14 1478
17 1445
29 1021
13 1231
10 1354
18 1332
13 1117
11 1386
22 1111
10 1171
15 1410
26 1367
24 1490
20 1311
23 1264
25 1119
21 1490
10 1101
29 1146
26 1161
19 1283
11 1179
28 1273
13 1199
22 1269
23 1459
26 1192
16 1175
22 1404
11 1150
29 1377
19 1418
23 1010
17 1100
28 1474
25 1115
26 1413
28 1448
22 1255
19 1413
24 1413
26 1138
21 1232
25 1022
22 1197
14 1295
21 1373
14 1488
22 1031
24 1256
12 1073
22 1205
22 1030
11 1097
22 1005
27 1456
28 1089
27 1190
10 1103
19 1221
10 1189
19 1345
12 1314
25 1205
20 1198
19 1435
29 1444
28 1490
13 1224
27 1050
23 1148
24 1267
14 1468
21 1386
14 1237
10 1194
19 1432
23 1059
14 1354
19 1203
25 1395
20 1429
13 1102
26 1484
27 1320
24 1106
25 1063
27 1431
29 1070
28 1318
16 1252
13 1442
18 1318
20 1046
21 1017
13 1448
14 1488
26 1382
17 1340
12 1131
28 1126
16 1179
27 1104
17 1283
18 1247
17 1003
13 1488
10 1369
21 1157
11 1102
18 1280
27 1182
29 1369
12 1242
25 1471
13 1382
15 1364
10 1395
24 1010
11 1309
14 1496
18 1344
17 1284
23 1262
21 1361
19 1326
10 1358
11 1351
11 1013
25 1137
27 1457
13 1020
17 1106
21 1453
20 1061
17 1197
14 1215
14 1099
13 1035
18 1449
22 1243
19 1476
12 1173
16 1326
14 1089
10 1267
20 1450
14 1045
29 1065
20 1128
26 1437
14 1374
21 1321
21 1083
20 1134
15 1328
11 1144
24 1418
13 1378
25 1056
15 1408
14 1226
27 1021
11 1165
27 1001
21 1040
24 1046
25 1262
27 1391
27 1450
21 1449
13 1423
16 1485
11 1375
24 1113
25 1225
24 1482
23 1081
25 1052
26 1437
13 1443
27 1312
12 1183
17 1281
27 1169
26 1434
28 1480
23 1378
23 1247
10 1423
10 1031
25 1193
24 1261
29 1357
20 1082
15 1259
28 1256
23 1314
15 1367
10 1497
13 1379
22 1150
29 1106
26 1386
29 1499
21 1354
16 1441
19 1192
27 1188
22 1079
20 1105
22 1141
26 1355
13 1056
25 1112
27 1453
10 1486
20 1317
28 1412
16 1074
13 1010
17 1351
29 1397
14 1065
27 1299
24 1359
26 1109
27 1329
25 1458
20 1250
28 1306
19 1307
13 1071
21 1127
21 1049
14 1166
19 1052
10 1427
25 1247
16 1369
17 1448
20 1170
29 1341
16 1087
21 1172
19 1139
15 1194
20 1486
20 1195
16 1413
25 1212
13 1036
28 1344
24 1006
21 1324
28 1449
21 1354
22 1447
27 1401
12 1171
26 1216
27 1081
20 1280
19 1240
12 1287
29 1106
10 1109
21 1461
11 1041
29 1138
28 1492
23 1332
28 1210
22 1450
21 1466
23 1020
23 1243
24 1464
18 1037
17 1044
15 1461
28 1020
23 1354
21 1251
21 1375
26 1357
18 1274
27 1467
27 1431
13 1005
17 1439
27 1209
18 1159
16 1101
14 1418
10 1012
14 1244
12 1082
17 1246
28 1232
25 1191
29 1370
12 1223
13 1080
27 1340
13 1394
11 1425
10 1165
29 1350
11 1251
27 1477
13 1217
28 1189
28 1374
24 1459
11 1428
27 1067
15 1490
22 1475
12 1372
12 1155
21 1245
15 1115
15 1197
11 1027
19 1356
12 1208
19 1205
15 1330
20 1273
14 1263
25 1487
26 1005
13 1460
20 1147
14 1141
28 1301
14 1401
26 1003
10 1055
20 1138
12 1251
14 1353
25 1491
10 1101
29 1154
14 1399
26 1479
27 1158
26 1350
10 1062
13 1074
25 1305
12 1175
14 1038
16 1141
21 1021
15 1310
18 1065
12 1124
15 1148
23 1468
14 1191
28 1060
28 1157
27 1413
18 1473
25 1335
10 1334
11 1385
18 1101
21 1371
18 1395
21 1131
15 1373
27 1205
20 1442
10 1260
10 1488
29 1388
24 1167
18 1111
29 1191
14 1174
22 1092
28 1084
13 1339
23 1061
16 1488
26 1372
15 1024
12 1323
23 1259
28 1431
16 1394
18 1020
27 1242
25 1468
17 1347
20 1094
13 1324
29 1150
16 1217
19 1001
26 1098
16 1197
19 1317
12 1010
15 1028
13 1181
10 1106
17 1078
17 1146
27 1154
27 1456
15 1413
17 1055
13 1150
17 1313
27 1271
22 1073
22 1346
18 1168
18 1279
20 1267
23 1263
28 1475
11 1185
24 1282
12 1388
11 1332
24 1268
26 1164
17 1035
18 1032
22 1349
21 1303
10 1111
22 1052
17 1329
11 1068
29 1006
23 1061
24 1030
15 1017
22 1156
11 1308
26 1035
24 1322
15 1375
23 1203
25 1023
12 1022
22 1150
14 1203
22 1369
11 1206
29 1051
17 1330
28 1158
11 1056
12 1407
10 1322
20 1110
16 1497
25 1319
29 1369
24 1245
13 1110
24 1130
15 1083
15 1299
28 1345
10 1488
13 1476
21 1385
14 1464
15 1462
26 1028
29 1273
20 1097
28 1218
11 1001
11 1478
14 1210
23 1056
27 1121
22 1006
17 1180
11 1096
20 1173
20 1462
21 1035
11 1482
18 1442
19 1067
26 1107
13 1109
27 1456
11 1487
14 1106
26 1279
28 1347
16 1072
10 1201
26 1244
15 1484
21 1187
11 1290
12 1221
23 1297
14 1029
13 1433
19 1229
25 1477
24 1132
26 1402
27 1453
28 1213
11 1436
12 1036
10 1251
29 1377
21 1343
10 1371
16 1173
20 1351
23 1266
11 1050
19 1123
22 1170
23 1193
19 1286
25 1227
27 1099
29 1308
27 1173
28 1141
13 1380
28 1178
28 1350
14 1204
25 1275
25 1428
12 1263
25 1409
15 1220
10 1234
13 1384
14 1282
15 1060
22 1386
27 1268
10 1156
24 1366
22 1230
21 1039
24 1160
12 1381
23 1416
11 1244
23 1186
10 1403
21 1120
21 1068
23 1367
20 1086
28 1195
24 1408
23 1141
15 1491
21 1049
13 1137
28 1325
10 1234
12 1215
10 1099
25 1082
20 1384
12 1179
25 1025
23 1012
13 1219
13 1220
21 1445
14 1057
18 1368
18 1245
16 1403
14 1307
22 1240
24 1064
28 1424
11 1280
15 1301
29 1086
24 1001
18 1371
18 1193
14 1047
22 1317
23 1298
21 1065
29 1077
10 1386
15 1111
13 1201
13 1359
13 1166
23 1181
18 1265
18 1215
22 1126
24 1308
25 1102
24 1322
15 1389
19 1448
17 1072
22 1321
14 1089
23 1014
14 1078
20 1019
16 1398
26 1136
13 1075
27 1168
15 1044
11 1296
24 1041
27 1370
13 1162
13 1173
20 1394
17 1478
19 1071
10 1209
24 1433
10 1169
17 1062
20 1475
15 1127
28 1271
10 1238
10 1038
26 1153
17 1131
21 1307
29 1079
27 1122
11 1139
13 1014
26 1398
15 1005
16 1422
11 1291
16 1257
19 1054
24 1442
11 1438
25 1157
29 1044
15 1226
15 1183
16 1323
26 1214
21 1446
24 1197
29 1212
21 1322
10 1376
20 1043
10 1362
29 1323
16 1441
19 1048
13 1443
10 1127
29 1070
18 1280
22 1214
22 1053
23 1398
29 1480
20 1157
27 1296
22 1288
24 1412
18 1459
25 1496
29 1234
26 1306
26 1121
28 1491
20 1143
22 1087
14 1155
17 1311
22 1200
11 1238
24 1275
21 1208
26 1396
19 1205
21 1372
25 1197
19 1055
11 1303
17 1274
20 1424
11 1342
14 1427
21 1388
12 1041
25 1479
15 1003
24 1319
13 1094
26 1037
23 1282
28 1296
25 1111
25 1012
13 1195
20 1019
16 1151
15 1299
27 1397
12 1366
12 1287
18 1182
17 1379
26 1236
15 1092
27 1486
20 1343
15 1382
12 1133
12 1192
13 1405
22 1219
14 1315
28 1464
18 1343
16 1286
19 1321
21 1045
22 1023
18 1434
11 1016
15 1360
13 1215
27 1209
22 1130
23 1469
19 1447
13 1243
26 1238
26 1050
21 1388
27 1196
11 1318
12 1086
16 1114
14 1232
12 1208
26 1222
28 1120
23 1286
16 1316
23 1310
18 1252
20 1269
10 1049
27 1005
11 1110
19 1307
26 1301
19 1384
28 1184
27 1149
22 1491
19 1236
16 1158
12 1069
26 1056
12 1320
21 1473
19 1012
15 1027
23 1136
22 1459
24 1378
23 1079
25 1240
26 1498
17 1160
15 1332
26 1029
18 1244
20 1306
10 1319
27 1047
22 1144
15 1427
19 1261
11 1157
28 1127
29 1048
15 1432
19 1170
14 1318
17 1358
10 1181
13 1010
12 1392
19 1374
29 1468
21 1482
18 1339
21 1272
12 1421
27 1131
28 1227
14 1320
14 1152
15 1165
23 1432
18 1457
23 1207
23 1064
29 1271
18 1464
13 1472
10 1422
11 1169
26 1464
22 1170
28 1440
11 1194
21 1049
26 1307
10 1067
29 1145
15 1450
18 1440
13 1254
11 1284
20 1349
21 1161
13 1184
23 1039
11 1213
22 1366
27 1333
14 1419
29 1433
22 1064
15 1035
25 1011
11 1006
11 1201
16 1216
12 1051
10 1068
16 1225
11 1297
13 1228
29 1349
17 1436
22 1108
14 1302
25 1050
26 1227
14 1349
14 1401
26 1193
26 1482
28 1179
12 1026
13 1177
23 1389
16 1474
22 1094
17 1225
18 1432
17 1309
18 1461
19 1084
15 1128
12 1296
27 1221
22 1398
10 1334
24 1120
18 1436
15 1128
26 1181
18 1150
26 1188
19 1309
13 1086
19 1463
10 1131
24 1414
22 1490
11 1457
10 1453
10 1144
18 1366
21 1108
25 1143
23 1195
24 1177
13 1354
18 1313
29 1499
12 1318
29 1475
18 1450
14 1092
27 1087
25 1123
20 1204
19 1067
24 1171
10 1429
25 1483
19 1099
26 1349
21 1469
10 1256
19 1103
27 1102
14 1342
10 1098
14 1286
28 1137
10 1348
27 1428
12 1347
22 1240
25 1317
24 1223
21 1062
28 1282
13 1354
13 1338
16 1123
19 1151
11 1493
25 1396
28 1397
19 1422
20 1496
16 1375
19 1497
15 1478
25 1026
12 1398
29 1260
10 1240
26 1365
12 1457
17 1106
25 1000
26 1359
23 1223
22 1140
27 1000
20 1221
17 1212
14 1377
28 1269
21 1079
25 1022
25 1008
23 1268
17 1274
28 1115
24 1156
11 1339
26 1267
16 1085
11 1122
13 1207
13 1282
23 1178
19 1091
27 1476
14 1305
10 1413
22 1385
26 1091
19 1146
11 1239
29 1240
27 1122
29 1443
29 1147
18 1395
11 1359
12 1224
10 1284
24 1353
22 1441
14 1286
19 1280
24 1267
23 1092
24 1230
16 1238
24 1263
27 1055
27 1118
11 1057
20 1102
16 1206
17 1019
16 1183
28 1152
12 1407
21 1475
24 1228
16 1065
22 1348
12 1074
18 1285
25 1248
10 1363
14 1461
15 1333
27 1382
23 1055
10 1020
29 1461
17 1419
19 1079
12 1068
10 1427
14 1381
26 1344
10 1357
20 1389
10 1391
22 1272
23 1357
23 1014
26 1308
25 1040
11 1343
28 1097
10 1030
29 1143
10 1227
20 1070
18 1141
15 1132
25 1174
25 1496
12 1398
15 1234
29 1145
26 1097
10 1099
17 1288
11 1359
24 1239
21 1443
28 1275
28 1111
29 1262
22 1297
18 1203
12 1404
11 1037
20 1219