5700 5000
14 1263
25 1447
19 1093
15 1284
25 1331
24 1466
17 1426
23 1365
26 1160
26 1385
26 1092
24 1223
21 1261
28 1481
12 1495
17 1494
24 1420
26 1277
13 1353
11 1189
17 1408
10 1443
12 1303
18 1284
25 1303
18 1386
26 1319
14 1183
12 1364
27 1093
27 1303
27 1110
24 1436
15 1321
13 1000
23 1036
12 1210
21 1368
27 1016
15 1221
13 1277
27 1290
21 1237
23 1201
27 1490
23 1236
14 1014
18 1437
12 1067
24 1153
20 1284
17 1030
29 1127
29 1371
13 1269
14 1083
20 1449
25 1239
12 1438
10 1319
23 1181
29 1284
25 1464
16 1150
18 1264
21 1046
13 1282
29 1398
26 1348
23 1197
29 1040
21 1326
20 1276
18 1404
10 1237
29 1072
10 1431
23 1357
13 1279
13 1050
21 1499
19 1177
18 1272
27 1477
25 1374
29 1042
13 1381
11 1055
25 1363
16 1295
23 1491
24 1347
23 1059
13 1189
23 1438
25 1411
24 1004
29 1090
14 1268
27 1035
21 1179
15 1392
28 1181
25 1059
20 1342
10 1212
27 1090
19 1352
20 1475
19 1090
10 1476
19 1160
24 1414
25 1268
10 1140
29 1314
11 1299
23 1488
14 1191
12 1485
13 1201
26 1318
23 1437
10 1088
12 1135
21 1190
28 1168
11 1357
26 1304
11 1405
10 1078
17 1462
16 1469
18 1138
22 1152
12 1241
15 1446
10 1277
22 1314
29 1170
22 1268
17 1066
27 1054
12 1446
15 1022
15 1179
10 1280
20 1346
22 1383
11 1473
18 1094
16 1147
16 1010
11 1027
17 1152
26 1029
22 1363
13 1228
11 1457
14 1156
23 1197
13 1211
24 1287
26 1405
29 1255
23 1013
13 1436
29 1322
11 1334
17 1212
21 1004
11 1031
12 1012
28 1424
15 1328
11 1376
22 1008
29 1131
25 1007
29 1135
17 1259
19 1054
21 1051
28 1281
25 1138
13 1224
16 1043
20 1157
28 1175
12 1305
29 1283
17 1469
24 1360
27 1421
29 1139
19 1455
10 1056
12 1273
25 1369
12 1433
22 1089
11 1274
27 1352
20 1384
14 1205
16 1336
14 1340
25 1139
13 1443
24 1076
10 1316
18 1403
20 1310
27 1097
19 1381
23 1095
14 1048
11 1159
21 1020
20 1450
17 1267
19 1246
14 1134
23 1494
22 1351
14 1341
19 1247
21 1363
28 1056
10 1387
28 1257
22 1385
22 1308
21 1245
22 1385
14 1131
11 1487
18 1021
11 1250
19 1117
19 1008
23 1222
11 1343
25 1432
18 1440
21 1072
10 1411
16 1406
18 1098
19 1472
29 1151
23 1348
12 1419
19 1320
19 1064
27 1469
23 1072
25 1064
21 1382
25 1031
24 1143
11 1188
20 1410
23 1430
12 1012
11 1303
14 1107
19 1126
24 1077
24 1243
22 1314
17 1224
16 1490
18 1178
18 1472
20 1418
17 1132
26 1404
11 1080
15 1452
11 1162
27 1070
27 1275
13 1152
10 1268
10 1127
26 1282
20 1033
17 1041
15 1336
16 1158
17 1368
19 1219
19 1195
21 1400
26 1077
13 1452
26 1041
12 1428
10 1198
10 1164
16 1205
13 1495
11 1018
10 1191
23 1051
17 1305
17 1061
28 1282
17 1147
28 1152
24 1007
24 1390
15 1151
20 1437
28 1146
13 1086
29 1266
16 1293
21 1291
29 1368
12 1361
17 1309
28 1423
12 1330
25 1053
11 1337
19 1419
22 1483
23 1287
29 1114
10 1254
23 1144
10 1376
10 1395
27 1470
29 1426
24 1431
23 1383
24 1401
28 1252
22 1454
20 1200
18 1312
27 1164
10 1351
10 1336
19 1095
12 1438
11 1425
15 1204
24 1282
24 1179
22 1489
24 1496
18 1159
11 1358
21 1432
20 1331
12 1412
13 1340
21 1056
28 1045
28 1489
21 1002
18 1066
23 1452
15 1231
28 1432
25 1471
21 1322
17 1415
29 1016
23 1021
24 1355
25 1258
18 1465
21 1020
12 1115
19 1015
12 1097
26 1189
24 1280
26 1225
13 1192
13 1317
18 1316
12 1193
28 1205
21 1062
15 1037
29 1192
22 1366
16 1215
16 1118
19 1132
18 1229
17 1128
26 1013
23 1130
18 1191
20 1072
28 1013
22 1358
28 1081
16 1412
14 1295
20 1001
29 1137
29 1375
22 1244
18 1398
14 1440
19 1152
26 1250
23 1422
28 1384
16 1296
20 1424
24 1497
17 1346
12 1397
21 1291
16 1368
29 1121
20 1204
10 1236
26 1170
29 1040
16 1417
11 1064
27 1182
20 1354
23 1167
26 1102
23 1108
23 1248
25 1442
24 1457
10 1160
21 1472
21 1331
11 1341
29 1024
12 1484
12 1023
27 1221
10 1325
19 1289
11 1107
14 1301
12 1015
10 1311
24 1308
19 1319
12 1380
13 1395
14 1218
29 1062
15 1253
21 1444
20 1086
14 1421
15 1411
24 1322
13 1464
22 1280
16 1072
27 1182
29 1020
29 1056
11 1381
15 1431
16 1470
18 1429
14 1431
29 1061
27 1409
29 1405
28 1165
28 1177
11 1039
18 1448
11 1321
28 1461
20 1105
29 1224
15 1348
17 1078
21 1252
26 1170
20 1144
24 1118
14 1071
18 1091
11 1478
29 1326
13 1252
26 1437
23 1433
10 1112
21 1280
11 1361
29 1118
11 1312
25 1154
10 1209
10 1045
12 1273
22 1360
24 1422
23 1485
22 1235
28 1336
11 1462
12 1040
19 1072
18 1348
15 1183
23 1338
27 1450
14 1118
15 1376
13 1316
27 1125
11 1169
14 1280
23 1284
17 1070
13 1283
21 1458
13 1383
18 1419
11 1338
22 1114
18 1363
28 1108
13 1499
19 1485
19 1275
14 1344
11 1100
29 1241
22 1010
15 1014
24 1075
29 1352
15 1153
10 1142
29 1279
13 1078
10 1394
27 1275
14 1472
25 1408
22 1326
15 1124
14 1057
14 1253
14 1166
15 1163
25 1094
14 1154
29 1069
16 1436
12 1412
28 1366
28 1011
14 1260
17 1315
14 1377
13 1331
22 1268
19 1361
11 1440
11 1133
22 1001
12 1230
20 1322
22 1183
19 1001
15 1294
16 1073
13 1041
16 1131
12 1117
15 1386
14 1328
27 1424
17 1109
24 1354
11 1335
20 1168
22 1230
19 1040
10 1046
12 1468
27 1233
11 1348
14 1468
12 1218
25 1284
21 1374
11 1232
16 1464
15 1203
29 1090
28 1454
24 1486
25 1004
13 1215
20 1374
14 1271
12 1465
15 1198
22 1236
23 1339
18 1077
15 1293
12 1055
20 1281
17 1499
20 1358
28 1341
18 1302
16 1021
10 1207
27 1156
11 1175
13 1288
17 1136
16 1074
16 1197
20 1298
28 1328
23 1490
25 1155
18 1437
19 1208
10 1252
17 1378
15 1145
24 1190
21 1290
28 1407
13 1470
16 1439
22 1189
27 1461
10 1229
25 1223
29 1326
11 1035
16 1031
11 1497
24 1411
28 1418
16 1419
23 1039
20 1044
11 1411
29 1271
21 1046
11 1267
11 1373
22 1342
21 1402
13 1472
23 1217
14 1030
16 1272
18 1469
17 1325
24 1280
15 1322
10 1290
28 1470
24 1488
21 1317
20 1121
19 1235
18 1048
16 1335
18 1156
26 1114
25 1318
11 1236
22 1169
21 1129
17 1285
10 1302
19 1435
29 1298
19 1340
17 1491
28 1346
29 1183
27 1399
12 1211
27 1015
15 1364
18 1485
19 1227
24 1460
11 1295
15 1203
13 1106
29 1401
26 1057
13 1224
27 1057
26 1156
12 1282
22 1194
25 1027
22 1453
20 1473
17 1309
21 1057
27 1341
17 1277
29 1065
19 1248
14 1325
12 1437
21 1088
22 1495
25 1247
14 1029
18 1019
21 1397
16 1244
17 1023
19 1234
17 1161
29 1015
26 1126
16 1020
22 1432
29 1436
28 1143
12 1487
25 1409
27 1262
26 1378
20 1362
23 1116
18 1066
23 1238
10 1392
23 1305
18 1429
23 1002
18 1395
11 1426
15 1363
22 1497
24 1482
26 1130
11 1037
28 1291
10 1099
21 1160
28 1034
25 1298
16 1322
17 1232
29 1467
23 1113
17 1291
25 1352
29 1336
27 1371
20 1207
11 1371
11 1108
18 1348
24 1360
27 1060
19 1025
27 1368
13 1013
20 1391
15 1102
20 1255
15 1050
10 1241
18 1396
18 1079
12 1346
14 1180
19 1249
20 1160
22 1320
15 1321
16 1140
23 1497
14 1220
11 1294
16 1245
16 1331
19 1470
14 1349
12 1475
10 1086
22 1047
18 1160
28 1033
15 1221
10 1272
26 1148
23 1462
29 1364
29 1355
25 1452
12 1261
13 1207
24 1426
27 1249
26 1184
23 1007
17 1260
15 1084
26 1498
10 1431
19 1175
10 1414
15 1078
27 1472
14 1056
18 1407
28 1056
25 1374
22 1276
19 1359
10 1068
15 1038
20 1494
14 1137
22 1471
27 1416
27 1006
23 1383
17 1407
23 1074
10 1024
13 1005
17 1163
26 1143
21 1026
21 1205
26 1412
22 1191
19 1406
28 1244
26 1127
29 1456
26 1354
15 1336
23 1229
18 1297
19 1147
21 1195
20 1413
17 1236
27 1205
20 1104
22 1153
19 1059
29 1125
16 1337
27 1158
26 1379
18 1035
28 1053
22 1122
19 1079
19 1277
18 1057
27 1223
21 1198
17 1459
26 1122
13 1157
22 1136
24 1119
14 1490
29 1276
13 1117
21 1003
12 1364
12 1408
25 1323
18 1079
11 1174
22 1391
20 1294
11 1103
22 1182
23 1114
10 1193
12 1209
22 1413
10 1045
24 1451
20 1423
14 1074
25 1493
29 1452
15 1091
14 1114
19 1212
26 1410
13 1004
15 1160
16 1431
14 1091
12 1444
15 1203
28 1218
17 1219
20 1439
20 1289
11 1333
12 1061
16 1410
21 1071
11 1234
20 1289
29 1172
26 1184
20 1185
25 1131
16 1338
26 1082
26 1177
10 1476
18 1477
29 1148
15 1449
17 1086
10 1369
12 1283
14 1376
17 1113
28 1229
26 1445
18 1357
16 1084
15 1407
22 1071
16 1283
22 1318
17 1218
27 1433
13 1313
20 1069
12 1000
25 1312
18 1333
26 1251
18 1420
15 1231
15 1402
20 1453
27 1065
19 1094
28 1343
18 1271
29 1087
15 1303
14 1089
12 1252
25 1161
19 1077
20 1435
15 1369
14 1272
21 1241
27 1494
16 1477
15 1289
28 1362
15 1493
26 1327
27 1249
24 1366
28 1374
10 1206
23 1191
14 1415
11 1290
25 1310
23 1058
10 1334
23 1248
23 1060
22 1291
10 1073
18 1494
19 1244
11 1083
17 1127
13 1266
18 1156
22 1218
11 1369
25 1362
28 1124
17 1189
18 1388
17 1265
26 1303
26 1393
16 1374
24 1086
25 1207
21 1021
15 1079
27 1100
10 1055
17 1287
23 1145
14 1117
15 1314
16 1100
20 1452
21 1266
20 1395
19 1470
24 1223
28 1239
24 1261
29 1432
22 1351
28 1465
22 1183
15 1493
28 1455
10 1462
24 1091
10 1460
23 1399
18 1088
18 1337
26 1347
26 1108
27 1226
29 1204
29 1020
13 1073
26 1349
10 1229
12 1263
13 1243
20 1423
16 1216
13 1206
23 1145
19 1000
19 1121
22 1121
15 1143
20 1079
20 1435
19 1059
28 1430
26 1335
12 1056
13 1412
27 1174
15 1394
26 1311
21 1023
13 1263
24 1134
10 1248
25 1414
27 1164
11 1163
21 1479
20 1011
23 1480
18 1018
23 1198
26 1385
20 1427
12 1166
14 1020
23 1176
16 1477
19 1035
16 1458
13 1177
16 1449
27 1222
27 1396
27 1478
12 1352
23 1285
14 1098
16 1399
10 1082
16 1387
15 1026
12 1457
25 1376
13 1390
12 1219
18 1270
27 1302
27 1043
27 1406
17 1097
23 1042
16 1314
15 1285
21 1057
12 1179
16 1032
12 1242
25 1027
13 1024
15 1433
18 1461
12 1257
22 1226
26 1392
23 1192
29 1413
15 1384
13 1458
12 1100
19 1184
18 1157
28 1220
24 1304
28 1138
20 1017
28 1489
22 1009
12 1386
21 1401
15 1136
24 1005
22 1325
13 1411
17 1252
29 1364
19 1157
20 1169
20 1143
23 1086
13 1048
19 1386
27 1107
12 1297
16 1199
10 1205
11 1479
25 1300
22 1166
10 1088
14 1356
17 1205
20 1488
14 1141
22 1130
19 1224
19 1284
10 1153
28 1100
24 1413
15 1385
26 1325
19 1268
20 1241
26 1358
13 1169
14 1020
19 1439
16 1346
22 1184
21 1436
20 1461
24 1062
13 1072
22 1382
17 1403
28 1076
16 1487
17 1230
26 1128
19 1154
10 1045
18 1494
12 1395
24 1163
14 1210
10 1232
16 1405
20 1089
26 1180
11 1251
20 1246
28 1463
17 1246
20 1332
21 1440
13 1454
23 1046
21 1093
29 1085
21 1000
23 1366
23 1263
23 1499
12 1091
28 1031
18 1365
27 1312
13 1142
14 1073
22 1243
19 1435
21 1173
12 1269
23 1322
12 1349
14 1102
25 1411
29 1033
23 1415
20 1330
10 1483
28 1186
12 1100
14 1413
22 1232
22 1079
28 1035
29 1439
14 1388
15 1288
17 1336
26 1467
19 1286
12 1275
11 1251
20 1117
18 1080
18 1337
29 1185
23 1346
20 1002
13 1073
17 1202
25 1170
12 1340
13 1173
15 1408
12 1384
12 1176
19 1149
22 1321
12 1195
13 1477
22 1177
15 1322
27 1088
27 1151
17 1471
25 1335
24 1308
27 1197
22 1413
28 1095
12 1075
26 1216
11 1318
17 1407
10 1206
23 1224
17 1148
29 1379
21 1159
18 1337
26 1201
27 1261
15 1297
25 1142
17 1130
11 1028
23 1435
11 1178
29 1294
13 1125
20 1315
10 1452
14 1288
26 1272
28 1181
14 1231
19 1389
15 1190
27 1035
13 1155
17 1299
24 1381
14 1377
16 1193
25 1367
13 1204
18 1140
18 1365
18 1182
23 1083
13 1287
16 1421
24 1117
18 1293
27 1152
11 1469
20 1334
17 1388
28 1124
14 1462
29 1311
20 1200
24 1293
10 1160
14 1148
14 1203
12 1343
22 1098
19 1055
24 1165
26 1058
21 1041
15 1380
13 1037
29 1091
17 1208
17 1365
10 1406
25 1065
16 1317
17 1260
22 1209
28 1384
11 1481
20 1327
22 1238
18 1435
29 1077
15 1437
22 1159
28 1147
13 1318
29 1026
11 1240
16 1118
11 1492
26 1338
17 1496
19 1369
29 1351
19 1108
15 1076
10 1443
10 1327
10 1188
20 1414
10 1167
25 1132
25 1288
20 1320
18 1330
18 1083
29 1293
16 1108
21 1412
20 1085
29 1197
20 1352
27 1293
17 1241
27 1391
13 1336
28 1322
18 1344
15 1442
29 1119
29 1291
26 1405
18 1343
24 1307
14 1030
15 1264
28 1340
18 1337
20 1476
15 1415
19 1295
28 1133
14 1281
27 1149
24 1032
17 1463
15 1355
17 1150
19 1440
14 1328
12 1015
12 1283
19 1211
17 1398
17 1124
13 1069
25 1395
14 1398
10 1175
12 1117
22 1258
19 1125
11 1139
10 1432
17 1358
13 1475
21 1019
19 1451
22 1277
17 1317
27 1201
25 1017
21 1064
25 1349
29 1279
10 1108
27 1095
26 1475
20 1331
13 1286
10 1483
22 1059
13 1171
18 1380
20 1242
28 1312
25 1167
17 1154
13 1159
23 1472
18 1121
23 1343
28 1087
12 1409
13 1221
11 1074
11 1253
14 1459
17 1190
25 1145
21 1338
28 1144
29 1498
19 1326
15 1201
11 1052
17 1213
12 1399
21 1159
12 1281
10 1140
24 1246
28 1414
10 1499
20 1023
21 1017
11 1161
10 1304
26 1188
17 1418
17 1430
26 1371
26 1082
11 1152
16 1485
13 1022
24 1180
10 1063
10 1434
21 1223
12 1116
24 1470
15 1317
29 1357
12 1070
19 1015
26 1429
25 1459
13 1014
29 1474
17 1405
11 1026
27 1394
12 1169
18 1159
13 1031
22 1030
13 1069
14 1154
26 1002
21 1010
29 1428
10 1066
14 1214
25 1130
29 1133
13 1053
17 1085
21 1190
25 1009
14 1376
16 1381
21 1271
20 1444
26 1498
12 1015
19 1136
27 1070
25 1231
28 1008
23 1231
27 1029
29 1361
14 1271
13 1102
17 1394
23 1255
23 1106
21 1434
11 1083
11 1299
15 1143
17 1232
27 1402
26 1240
25 1270
24 1001
10 1189
12 1131
13 1454
16 1225
27 1218
13 1226
17 1261
14 1398
29 1242
28 1108
21 1333
29 1454
27 1114
22 1384
16 1201
24 1204
24 1467
13 1029
25 1094
27 1329
12 1265
29 1086
29 1219
24 1141
14 1297
18 1127
20 1000
24 1221
22 1097
12 1057
17 1326
26 1229
29 1312
18 1224
23 1307
12 1154
29 1300
18 1135
26 1357
15 1382
22 1447
22 1438
11 1220
19 1409
15 1329
28 1349
29 1421
12 1479
15 1040
27 1443
12 1420
19 1493
13 1419
10 1461
15 1109
24 1069
23 1345
26 1379
22 1438
21 1462
12 1348
10 1436
26 1098
20 1053
23 1388
14 1244
16 1201
13 1393
20 1188
16 1393
20 1064
14 1122
19 1385
22 1166
28 1186
10 1077
28 1341
15 1426
16 1457
26 1090
23 1318
17 1091
28 1053
21 1266
25 1204
24 1187
29 1279
18 1034
20 1127
19 1193
28 1344
26 1088
13 1117
21 1347
27 1397
20 1100
19 1173
10 1320
15 1344
16 1155
13 1463
12 1206
10 1104
19 1316
29 1244
29 1377
16 1110
20 1012
14 1122
15 1353
24 1077
22 1232
21 1317
17 1108
25 1399
14 1158
14 1176
13 1052
27 1069
10 1454
14 1070
23 1460
29 1046
17 1363
12 1447
21 1167
19 1178
18 1421
24 1118
14 1257
27 1169
16 1415
15 1044
14 1456
11 1280
27 1148
15 1384
19 1323
26 1369
23 1139
11 1122
22 1341
15 1497
10 1173
13 1083
29 1241
11 1497
14 1462
15 1304
26 1098
15 1125
26 1089
14 1257
19 1123
14 1009
14 1283
11 1073
14 1369
13 1193
18 1248
10 1486
24 1024
16 1315
24 1085
16 1026
15 1089
10 1440
12 1347
12 1214
23 1417
22 1393
13 1418
25 1175
27 1169
25 1285
29 1195
23 1061
25 1199
24 1183
22 1079
14 1114
15 1315
23 1390
18 1018
17 1166
11 1215
25 1107
20 1064
17 1021
10 1170
19 1466
12 1060
21 1417
19 1049
14 1442
17 1135
17 1210
14 1285
27 1430
10 1282
20 1058
16 1493
14 1344
11 1145
27 1169
24 1365
19 1236
22 1149
22 1146
23 1331
13 1416
28 1147
19 1378
28 1280
22 1454
17 1018
18 1267
15 1023
16 1458
12 1178
28 1191
14 1465
29 1410
13 1344
10 1186
23 1357
20 1405
15 1410
25 1350
20 1015
29 1319
14 1408
23 1324
17 1420
26 1297
15 1023
24 1285
12 1361
29 1343
12 1179
23 1023
29 1074
20 1393
17 1099
10 1338
29 1385
15 1444
24 1311
18 1360
22 1257
29 1016
17 1049
16 1194
27 1267
18 1260
21 1333
12 1302
13 1336
28 1342
12 1093
26 1220
12 1113
17 1281
17 1269
18 1040
11 1300
18 1403
13 1165
24 1359
14 1012
23 1375
27 1346
18 1230
17 1416
25 1347
14 1159
28 1188
23 1187
18 1369
27 1360
22 1371
29 1340
14 1090
21 1183
16 1159
14 1064
28 1432
12 1189
23 1129
19 1102
21 1145
14 1364
25 1119
16 1073
27 1270
28 1267
14 1461
12 1121
14 1464
16 1263
23 1203
20 1401
25 1248
13 1487
25 1088
11 1198
21 1028
29 1483
23 1133
24 1024
16 1332
18 1080
27 1486
21 1337
22 1151
19 1438
12 1148
19 1064
24 1445
27 1496
10 1476
14 1148
20 1425
17 1292
21 1464
22 1091
15 1271
12 1192
26 1014
26 1157
24 1207
28 1222
25 1271
27 1439
29 1357
26 1011
13 1270
12 1245
15 1470
24 1442
10 1242
26 1433
13 1414
10 1002
24 1102
28 1234
27 1232
18 1184
19 1206
18 1433
29 1277
22 1284
27 1123
17 1394
25 1307
27 1291
18 1326
23 1276
25 1477
16 1249
17 1226
13 1098
17 1452
10 1151
10 1163
17 1467
18 1021
23 1149
29 1240
23 1121
28 1130
17 1070
10 1460
20 1222
19 1175
24 1307
27 1343
13 1150
25 1172
24 1302
17 1062
27 1329
15 1255
24 1311
15 1234
16 1348
12 1240
14 1206
26 1238
10 1023
16 1486
16 1079
24 1371
17 1026
20 1182
15 1364
16 1480
19 1045
24 1346
24 1172
18 1289
24 1454
11 1147
26 1282
12 1298
10 1449
21 1000
22 1462
15 1267
16 1047
20 1098
10 1277
24 1183
12 1238
11 1016
18 1442
23 1335
12 1216
28 1175
14 1000
19 1102
27 1329
22 1290
21 1315
26 1176
20 1273
18 1185
22 1243
11 1252
18 1277
27 1287
18 1241
28 1177
18 1462
27 1090
26 1233
10 1317
17 1077
22 1426
23 1037
19 1396
29 1360
10 1045
21 1149
18 1470
22 1045
16 1170
22 1058
12 1414
21 1022
21 1342
22 1324
16 1306
28 1153
26 1064
26 1293
29 1147
16 1107
14 1138
12 1439
29 1121
29 1210
14 1331
27 1318
15 1215
18 1444
25 1458
26 1048
17 1430
10 1285
24 1240
29 1012
23 1189
18 1345
27 1450
18 1351
17 1496
26 1389
18 1213
24 1258
11 1351
22 1379
22 1098
26 1004
23 1349
24 1229
14 1451
10 1017
15 1344
27 1047
16 1106
29 1423
22 1034
15 1382
23 1283
24 1087
18 1246
11 1009
24 1367
20 1197
25 1319
11 1279
20 1433
27 1081
28 1277
10 1256
28 1340
15 1051
19 1455
20 1456
21 1129
22 1020
26 1001
13 1458
16 1457
18 1424
12 1473
24 1410
25 1280
23 1088
21 1250
21 1308
20 1084
10 1058
25 1327
24 1282
26 1426
23 1251
16 1122
23 1398
24 1361
23 1403
17 1272
23 1293
21 1293
24 1189
23 1182
16 1097
28 1105
27 1463
28 1131
19 1289
10 1228
27 1386
23 1337
16 1126
24 1395
16 1468
19 1044
22 1488
25 1097
19 1219
10 1074
29 1383
22 1460
15 1378
18 1188
24 1328
15 1121
28 1013
16 1211
23 1307
22 1215
13 1068
21 1457
21 1156
10 1005
18 1119
17 1445
11 1160
13 1036
20 1415
22 1462
15 1062
16 1322
27 1227
18 1361
11 1168
16 1392
24 1149
16 1196
12 1335
29 1350
11 1398
28 1174
17 1455
16 1442
21 1043
10 1033
22 1074
10 1086
11 1470
28 1091
12 1188
18 1003
16 1473
20 1169
16 1119
21 1031
27 1154
12 1006
24 1361
19 1061
10 1477
18 1130
20 1288
16 1189
17 1176
15 1024
25 1497
29 1264
10 1067
13 1463
24 1393
17 1234
29 1364
12 1341
10 1265
18 1164
19 1247
19 1252
29 1227
23 1002
11 1224
24 1351
28 1457
15 1301
13 1307
12 1000
11 1322
13 1224
11 1127
20 1173
28 1297
15 1264
27 1106
10 1407
24 1062
19 1450
24 1251
11 1150
14 1415
28 1215
14 1114
18 1258
10 1327
12 1129
27 1135
14 1342
18 1149
11 1155
22 1412
28 1283
18 1360
29 1200
27 1191
15 1474
16 1274
29 1317
19 1458
15 1119
26 1051
13 1387
23 1200
10 1368
14 1346
12 1003
12 1049
14 1422
15 1388
20 1200
18 1308
26 1173
29 1460
16 1314
29 1013
20 1255
27 1355
10 1074
12 1135
22 1262
27 1466
27 1431
24 1240
20 1027
14 1400
24 1030
26 1009
14 1035
23 1022
13 1196
28 1270
15 1226
26 1120
22 1311
26 1100
11 1243
18 1132
23 1208
27 1482
18 1119
20 1131
24 1163
29 1345
16 1083
22 1352
22 1136
19 1429
21 1401
27 1091
11 1273
13 1225
22 1490
29 1489
13 1467
12 1080
24 1428
11 1354
15 1313
27 1187
28 1480
11 1218
20 1404
14 1493
26 1200
22 1197
16 1178
25 1256
11 1257
20 1242
27 1343
12 1370
18 1286
26 1007
27 1295
16 1139
17 1317
20 1347
28 1392
14 1359
24 1000
13 1006
29 1039
21 1134
13 1019
25 1152
27 1141
15 1195
27 1331
23 1096
11 1248
28 1482
28 1277
28 1363
12 1253
11 1387
21 1255
24 1411
29 1138
11 1231
29 1346
25 1319
16 1423
26 1373
11 1171
29 1002
12 1299
18 1446
29 1206
14 1182
28 1328
19 1139
23 1226
16 1341
25 1268
18 1229
16 1062
13 1150
17 1186
14 1216
22 1181
14 1329
26 1285
29 1411
16 1054
16 1287
20 1447
23 1119
14 1370
25 1188
23 1399
23 1122
22 1147
19 1406
19 1232
26 1481
21 1450
25 1382
15 1165
17 1307
17 1480
10 1217
17 1464
15 1372
20 1146
27 1182
26 1445
29 1304
22 1330
29 1170
21 1017
17 1445
25 1216
11 1342
24 1052
22 1064
16 1228
28 1132
14 1276
13 1367
21 1237
18 1382
26 1205
14 1499
15 1286
29 1394
22 1497
22 1338
14 1371
21 1100
25 1464
18 1198
13 1302
20 1274
24 1133
16 1139
13 1267
19 1010
20 1432
11 1425
27 1204
16 1402
27 1120
10 1378
26 1262
18 1012
25 1029
23 1206
24 1270
27 1235
24 1421
25 1424
16 1487
22 1325
21 1150
16 1178
27 1191
14 1204
18 1455
20 1184
14 1107
28 1394
19 1047
23 1301
15 1015
16 1001
15 1119
22 1451
25 1045
20 1385
27 1304
27 1080
18 1119
24 1120
27 1495
22 1051
14 1016
18 1207
26 1168
21 1288
23 1069
13 1206
13 1282
17 1285
27 1323
15 1067
20 1050
24 1322
12 1012
22 1179
12 1237
17 1327
24 1423
21 1269
25 1039
25 1035
10 1319
13 1066
27 1013
26 1346
10 1061
11 1468
18 1020
26 1446
18 1026
21 1067
25 1457
25 1027
26 1094
23 1419
23 1412
18 1176
20 1093
14 1455
18 1267
12 1212
13 1326
23 1278
29 1441
11 1413
16 1459
20 1479
14 1013
10 1329
19 1299
28 1071
23 1181
13 1154
19 1120
22 1311
29 1007
11 1174
27 1151
20 1053
15 1453
22 1433
17 1321
20 1079
25 1314
13 1248
23 1321
27 1300
11 1454
15 1040
18 1214
19 1497
24 1085
22 1034
17 1211
13 1440
16 1172
13 1484
24 1096
24 1203
15 1044
14 1039
16 1278
11 1484
21 1118
11 1175
24 1325
13 1398
20 1429
22 1030
10 1400
15 1440
16 1064
26 1293
17 1305
20 1464
13 1198
19 1429
15 1126
27 1486
24 1166
26 1387
12 1116
24 1389
26 1079
20 1315
22 1300
23 1296
14 1269
23 1237
10 1410
21 1469
15 1484
23 1345
19 1079
26 1494
24 1497
14 1285
26 1288
25 1210
21 1320
17 1126
16 1000
17 1395
23 1134
16 1437
21 1357
28 1404
19 1350
17 1264
23 1144
27 1227
19 1283
29 1300
15 1427
23 1039
21 1447
21 1223
17 1289
23 1460
27 1279
23 1186
15 1434
29 1274
17 1383
18 1485
24 1462
10 1029
19 1373
23 1259
28 1254
11 1179
25 1441
20 1362
10 1257
18 1100
16 1354
10 1077
21 1192
23 1336
17 1254
22 1061
27 1416
20 1378
11 1362
14 1289
18 1346
15 1098
16 1440
22 1184
29 1242
26 1087
29 1258
14 1493
13 1055
28 1109
21 1291
13 1107
14 1221
11 1469
29 1177
11 1124
18 1482
12 1140
13 1080
22 1063
18 1225
27 1065
14 1091
13 1001
14 1334
14 1053
24 1280
10 1305
15 1360
28 1222
15 1076
16 1358
19 1183
29 1148
25 1045
15 1026
18 1197
17 1388
22 1206
13 1145
18 1142
17 1404
11 1322
29 1413
25 1307
17 1146
24 1019
10 1463
11 1490
18 1275
20 1199
18 1106
18 1436
11 1055
12 1002
14 1356
27 1010
25 1011
18 1066
14 1037
17 1025
15 1148
16 1113
17 1115
23 1084
24 1224
20 1140
26 1074
11 1424
13 1052
24 1084
26 1115
18 1404
12 1004
20 1415
24 1148
18 1454
10 1136
17 1042
19 1357
29 1139
21 1471
22 1246
23 1249
24 1321
20 1293
21 1474
19 1120
24 1366
21 1483
26 1173
28 1117
28 1123
28 1211
15 1029
16 1483
16 1413
27 1497
25 1116
22 1371
23 1264
28 1063
27 1211
23 1231
18 1325
22 1379
19 1379
12 1243
13 1459
13 1031
28 1332
23 1247
28 1151
29 1184
29 1010
23 1138
13 1225
22 1077
15 1448
16 1108
22 1050
29 1430
12 1083
21 1272
24 1433
29 1138
27 1217
11 1371
17 1104
29 1298
24 1424
27 1020
14 1402
13 1183
10 1274
24 1221
24 1133
14 1036
28 1328
29 1136
28 1388
13 1322
17 1216
28 1282
13 1320
17 1303
20 1164
23 1128
29 1432
16 1263
22 1139
17 1310
23 1433
20 1373
24 1051
29 1011
13 1195
18 1454
21 1084
11 1155
18 1491
28 1169
24 1235
23 1203
17 1428
26 1478
13 1142
24 1357
25 1432
23 1455
27 1203
17 1029
27 1110
16 1161
23 1488
28 1262
29 1087
22 1140
16 1014
29 1341
15 1494
23 1475
28 1168
24 1004
15 1466
15 1427
19 1356
12 1430
17 1174
10 1024
20 1244
18 1301
14 1118
27 1482
27 1303
28 1309
18 1182
18 1342
17 1321
28 1372
23 1042
24 1310
28 1340
21 1101
27 1034
24 1044
14 1145
25 1364
12 1188
14 1468
10 1100
10 1139
15 1476
24 1175
17 1460
24 1172
20 1066
17 1242
28 1266
20 1060
24 1166
11 1439
16 1101
18 1174
23 1287
22 1299
27 1138
25 1457
28 1358
24 1172
14 1336
25 1317
18 1229
11 1364
14 1315
27 1022
28 1490
17 1003
12 1292
22 1141
15 1108
16 1479
14 1267
11 1412
17 1214
24 1054
19 1375
29 1355
28 1279
22 1435
16 1329
20 1050
21 1462
17 1491
26 1041
23 1251
10 1031
24 1396
13 1305
12 1303
18 1405
29 1414
14 1064
20 1389
10 1076
22 1432
21 1180
26 1068
16 1027
11 1432
17 1348
22 1492
29 1006
17 1016
28 1118
24 1319
12 1118
15 1077
18 1334
10 1142
24 1313
27 1343
12 1103
15 1026
12 1280
26 1284
10 1339
23 1180
25 1190
13 1432
12 1366
16 1258
14 1436
16 1037
15 1248
24 1472
15 1176
23 1412
16 1316
12 1396
10 1439
17 1141
14 1356
15 1153
28 1167
15 1014
26 1220
23 1340
13 1189
27 1092
27 1056
22 1295
23 1249
27 1097
23 1373
20 1360
21 1081
27 1356
28 1478
27 1350
16 1293
29 1396
19 1216
25 1065
17 1018
29 1230
21 1422
24 1133
25 1373
18 1413
17 1168
24 1406
28 1306
26 1001
18 1041
29 1452
19 1166
16 1461
13 1250
26 1171
15 1073
11 1243
13 1108
25 1325
15 1339
17 1269
18 1045
26 1067
23 1237
28 1305
11 1113
12 1246
29 1134
10 1311
17 1035
22 1445
17 1497
11 1125
14 1243
29 1058
21 1033
24 1278
23 1099
20 1404
23 1325
24 1014
17 1201
25 1205
23 1132
24 1175
20 1253
25 1285
20 1448
13 1143
15 1467
17 1309
16 1114
17 1036
13 1408
24 1317
22 1383
19 1057
19 1047
25 1229
26 1178
18 1352
17 1146
20 1062
29 1048
23 1457
25 1370
26 1058
23 1386
13 1459
17 1057
25 1441
12 1129
10 1354
27 1451
15 1074
11 1144
18 1149
25 1449
10 1236
14 1225
29 1102
25 1130
18 1138
27 1260
22 1161
24 1466
10 1433
16 1135
11 1306
14 1149
12 1245
13 1240
16 1269
25 1052
10 1453
14 1267
19 1196
23 1382
11 1343
29 1388
22 1140
21 1035
10 1129
24 1424
28 1037
18 1219
25 1309
17 1128
24 1318
10 1181
24 1251
26 1192
11 1125
26 1493
25 1279
17 1217
18 1486
17 1479
29 1186
25 1479
21 1010
17 1064
15 1221
21 1042
28 1327
16 1344
18 1492
22 1148
26 1174
14 1405
25 1343
24 1472
29 1032
18 1244
15 1056
24 1264
28 1381
26 1322
16 1381
15 1208
11 1319
23 1015
27 1127
16 1101
20 1334
16 1033
14 1240
10 1023
28 1175
27 1225
10 1180
15 1367
29 1469
13 1157
17 1144
28 1227
15 1432
16 1124
26 1061
24 1344
17 1248
24 1121
11 1344
20 1178
11 1275
21 1402
28 1398
29 1406
13 1283
29 1287
24 1085
19 1439
26 1002
12 1335
29 1140
21 1460
17 1233
19 1475
12 1350
17 1078
10 1204
28 1459
12 1207
15 1320
18 1223
25 1034
24 1441
27 1192
11 1112
11 1112
25 1442
16 1330
17 1365
12 1448
19 1188
24 1420
13 1357
12 1336
23 1187
29 1323
19 1057
18 1137
17 1199
20 1468
20 1084
12 1388
27 1305
17 1300
17 1448
25 1248
29 1030
28 1188
27 1183
29 1135
14 1323
25 1116
14 1314
12 1459
27 1272
10 1382
13 1270
12 1231
20 1227
25 1305
11 1277
23 1326
21 1459
28 1028
16 1270
12 1307
21 1237
17 1283
21 1351
12 1045
20 1014
18 1213
12 1201
25 1448
18 1099
20 1280
20 1032
22 1345
24 1311
15 1039
20 1139
18 1389
19 1457
12 1389
13 1121
13 1214
24 1163
28 1204
17 1460
22 1029
16 1153
17 1320
20 1141
17 1399
25 1173
13 1133
11 1455
21 1063
29 1467
13 1238
27 1354
16 1421
18 1274
19 1311
26 1332
25 1006
29 1186
12 1191
23 1284
23 1377
12 1012
20 1044
17 1278
29 1195
19 1243
27 1201
13 1307
19 1049
17 1412
24 1064
22 1082
11 1433
18 1408
24 1157
17 1295
17 1004
12 1068
16 1046
11 1091
24 1023
10 1045
27 1199
17 1161
15 1096
28 1316
15 1135
26 1041
21 1235
25 1126
16 1132
12 1079
26 1158
11 1330
12 1237
18 1178
17 1126
11 1416
29 1484
27 1466
12 1069
24 1488
15 1250
21 1290
27 1445
17 1255
16 1209
15 1337
27 1328
26 1377
20 1206
24 1042
21 1472
11 1005
11 1275
28 1173
26 1181
29 1116
26 1085
13 1460
10 1182
20 1415
21 1027
10 1221
22 1491
26 1079
18 1371
18 1198
25 1429
17 1187
14 1194
17 1088
28 1086
13 1318
13 1399
12 1357
24 1443
16 1029
15 1121
27 1348
16 1084
20 1188
13 1220
12 1377
21 1146
20 1374
14 1163
20 1417
11 1043
25 1439
20 1399
20 1209
22 1355
20 1283
14 1016
25 1014
18 1424
21 1460
19 1027
18 1220
19 1386
10 1197
24 1347
27 1127
28 1121
21 1473
24 1479
19 1416
23 1098
16 1409
17 1098
11 1316
11 1389
26 1065
10 1470
17 1459
11 1203
21 1453
25 1299
28 1485
28 1110
21 1120
25 1230
25 1393
10 1448
17 1375
28 1267
14 1128
17 1232
11 1245
12 1452
24 1435
22 1093
24 1331
22 1053
28 1072
13 1053
13 1286
26 1023
15 1078
10 1206
29 1139
20 1270
19 1370
16 1462
13 1013
16 1000
20 1237
28 1256
14 1416
28 1222
22 1264
12 1323
27 1170
18 1375
24 1052
12 1096
13 1372
19 1222
13 1090
12 1187
22 1256
16 1413
24 1361
12 1446
18 1156
26 1264
15 1059
24 1197
10 1028
17 1003
12 1468
15 1309
18 1080
29 1471
27 1306
15 1055
26 1483
27 1257
12 1276
14 1494
11 1020
24 1480
23 1308
28 1133
18 1052
15 1113
27 1310
23 1146
18 1218
26 1062
29 1263
14 1016
27 1026
23 1060
12 1056
29 1092
19 1213
12 1199
26 1140
25 1320
22 1193
12 1197
28 1479
12 1232
25 1283
15 1028
22 1470
23 1470
24 1069
17 1241
13 1038
17 1252
19 1309
18 1063
28 1451
13 1072
27 1296
15 1018
26 1487
27 1274
22 1032
19 1292
24 1317
11 1279
23 1451
22 1495
22 1187
20 1297
13 1024
15 1358
14 1234
21 1180
23 1232
12 1475
20 1369
19 1023
17 1457
27 1369
19 1192
13 1235
12 1391
26 1213
16 1265
20 1135
11 1070
29 1419
29 1480
27 1157
19 1244
17 1368
19 1480
23 1389
25 1363
15 1110
21 1468
21 1399
19 1137
14 1154
22 1142
16 1477
25 1278
10 1397
15 1064
28 1126
21 1174
24 1225
26 1493
23 1153
12 1216
29 1155
24 1327
23 1178
22 1489
16 1330
22 1211
15 1260
19 1449
17 1189
22 1360
17 1465
27 1230
18 1249
26 1251
24 1278
17 1044
21 1190
11 1022
23 1165
27 1394
18 1034
11 1141
23 1235
23 1214
16 1221
27 1211
13 1107
21 1066
17 1036
15 1363
13 1205
24 1212
13 1354
28 1257
11 1295
24 1321
18 1173
16 1157
19 1352
16 1044
16 1366
14 1255
12 1024
17 1130
18 1325
21 1316
22 1277
23 1028
13 1375
26 1181
10 1221
29 1041
24 1038
26 1474
25 1451
29 1405
20 1042
16 1060
19 1312
22 1331
23 1230
27 1057
12 1141
15 1208
29 1390
26 1054
25 1409
27 1280
19 1267
16 1093
12 1243
13 1329
13 1377
11 1390
15 1136
13 1350
12 1270
12 1351
15 1154
22 1135
14 1052
10 1064
26 1078
11 1442
29 1221
10 1162
19 1458
22 1174
29 1250
12 1414
22 1341
27 1385
26 1348
20 1081
13 1040
24 1473
21 1455
15 1063
10 1029
10 1206
29 1499
11 1085
24 1114
19 1152
23 1433
20 1452
14 1054
24 1426
25 1432
23 1190
23 1454
24 1029
17 1162
17 1405
10 1423
25 1250
25 1197
25 1291
16 1177
22 1298
14 1455
18 1319
10 1424
26 1282
29 1047
16 1133
10 1475
23 1297
21 1137
11 1291
19 1094
14 1444
19 1023
14 1395
22 1004
15 1451
22 1045
22 1293
21 1443
17 1033
28 1050
10 1365
16 1001
12 1215
15 1375
22 1065
16 1485
29 1013
29 1119
10 1306
29 1318
27 1265
23 1369
11 1162
25 1466
21 1020
26 1004
10 1169
14 1308
15 1217
21 1426
19 1201
16 1148
23 1120
10 1479
24 1038
11 1359
11 1358
15 1066
20 1065
13 1148
14 1415
10 1439
18 1040
22 1339
21 1140
14 1412
15 1040
19 1152
12 1497
26 1168
21 1053
14 1417
27 1129
21 1042
10 1343
14 1487
21 1168
14 1382
24 1219
20 1089
12 1169
28 1163
16 1112
22 1022
28 1457
14 1025
20 1214
21 1222
24 1129
11 1489
24 1206
22 1357
27 1492
13 1069
21 1320
19 1410
24 1233
27 1171
28 1165
12 1278
19 1076
18 1210
11 1351
24 1042
16 1478
23 1034
27 1066
22 1422
14 1203
28 1444
16 1034
28 1268
13 1275
29 1426
29 1082
14 1455
29 1431
10 1279
22 1178
13 1372
11 1377
16 1284
15 1475
12 1077
29 1202
29 1485
25 1471
17 1458
20 1303
12 1475
11 1441
20 1254
24 1006
27 1404
28 1006
15 1137
23 1448
11 1217
15 1161
23 1220
18 1050
23 1450
20 1297
20 1269
18 1150
18 1269
22 1381
11 1424
22 1274
26 1240
22 1154
25 1151
29 1492
14 1208
23 1111
17 1272
14 1229
24 1044
27 1479
20 1252
21 1348
24 1096
26 1490
20 1447
10 1389
27 1236
12 1217
29 1305
15 1439
16 1214
28 1490
15 1102
16 1096
23 1150
14 1202
29 1317
28 1357
26 1377
16 1377
20 1007
20 1068
24 1444
21 1218
17 1154
18 1375
21 1108
29 1280
28 1244
11 1093
19 1004
15 1079
13 1192
24 1233
18 1330
19 1152
26 1250
24 1152
22 1456
28 1298
16 1099
21 1436
23 1011
17 1286
19 1112
26 1321
16 1174
26 1308
19 1219
13 1058
26 1269
28 1386
27 1119
22 1356
25 1025
18 1109
19 1127
23 1061
19 1273
17 1084
24 1441
12 1309
26 1091
17 1404
20 1173
27 1365
16 1169
16 1413
18 1205
12 1089
13 1377
12 1198
19 1184
29 1200
24 1147
16 1164
20 1448
28 1278
11 1466
17 1479
14 1456
11 1366
10 1379
10 1218
25 1431
17 1194
11 1028
28 1164
19 1003
23 1128
20 1476
26 1305
15 1113
25 1371
19 1201
15 1069
18 1423
23 1118
23 1384
29 1175
10 1186
14 1345
11 1163
23 1019
29 1410
29 1447
24 1358
24 1244
27 1245
14 1422
19 1103
24 1260
22 1088
10 1322
25 1282
10 1032
16 1466
14 1053
16 1496
27 1122
13 1458
10 1140
24 1438
12 1264
13 1334
15 1174
13 1225
29 1146
11 1370
14 1245
10 1086
19 1382
14 1229
29 1178
25 1427
29 1440
12 1180
27 1069
27 1147
19 1124
24 1139
11 1042
25 1088
25 1289
23 1025
25 1213
23 1181
24 1023
28 1158
22 1183
11 1428
13 1182
18 1418
11 1287
19 1153
19 1097
11 1262
10 1313
17 1098
27 1231
21 1085
27 1256
13 1239
29 1217
25 1220
26 1279
25 1252
26 1287
11 1172
18 1267
22 1420
15 1411
28 1498
13 1300
17 1086
17 1281
21 1347
13 1035
16 1425
28 1175
28 1181
13 1363
10 1094
12 1217
17 1001
27 1097
13 1356
19 1369
26 1462
19 1387
22 1001
16 1440
12 1243
22 1334
18 1137
20 1205
18 1130
21 1209
18 1470
20 1098
26 1037
23 1061
18 1420
25 1239
14 1431
21 1157
15 1356
13 1436
19 1090
14 1453
28 1073
18 1288
16 1063
18 1231
12 1068
13 1246
11 1012
17 1348
26 1350
16 1136
16 1184
12 1075
15 1175
18 1411
29 1434
22 1243
26 1021
18 1359
18 1194
19 1187
16 1315
18 1483
22 1442
24 1329
12 1083
14 1168
10 1241
20 1197
11 1172
21 1487
22 1322
10 1160
23 1364
21 1386
17 1301
23 1232
15 1419
18 1170
19 1048
17 1415
14 1243
14 1373
12 1241
12 1241
14 1163
14 1479
17 1371
10 1205
27 1296
25 1120
18 1433
20 1299
17 1049
26 1297
12 1104
19 1479
12 1008
26 1353
26 1073
17 1152
27 1109
15 1121
22 1058
19 1115
22 1314
24 1202
13 1458
20 1403
13 1011
26 1277
24 1370
26 1313
28 1428
19 1417
19 1436
19 1184
15 1021
18 1389
17 1326
23 1207
12 1110
22 1062
23 1269
18 1302
13 1059
10 1412
25 1476
11 1049
23 1241
20 1474
22 1460
26 1494
27 1068
21 1274
21 1416
26 1128
16 1263
18 1416
23 1439
19 1453
16 1219
12 1022
11 1386
16 1237
28 1429
15 1146
16 1064
15 1088
11 1292
17 1008
18 1329
19 1197
20 1257
21 1339
28 1001
10 1273
24 1204
11 1331
16 1217
14 1030
12 1228
26 1436
10 1202
26 1076
26 1048
26 1250
19 1031
15 1168
11 1251
29 1118
17 1031
22 1348
23 1488
23 1175
17 1431
16 1214
12 1186
27 1141
25 1459
29 1274
10 1372
28 1442
17 1259
18 1151
10 1027
11 1145
23 1158
15 1180
15 1218
19 1094
10 1174
23 1491
11 1231
22 1373
26 1328
13 1412
22 1487
18 1206
28 1133
16 1331
29 1155
10 1442
22 1313
27 1187
13 1245
26 1115
23 1081
15 1100
28 1195
26 1356
24 1191
28 1036
20 1254
22 1253
26 1230
14 1384
21 1086
23 1109
16 1040
26 1350
15 1183
17 1136
10 1157
27 1330
15 1394
28 1204
11 1463
19 1005
11 1294
22 1071
19 1181
22 1040
29 1065
29 1020
23 1010
24 1383
16 1175
18 1499
25 1412
28 1117
29 1307
14 1401
22 1478
20 1478
29 1174
11 1434
14 1127
11 1240
17 1491
17 1385
18 1362
27 1008
28 1145
25 1250
14 1347
25 1138
15 1188
16 1478
10 1469
18 1357
22 1161
21 1134
19 1051
14 1062
15 1379
20 1406
21 1213
19 1043
19 1232
23 1052
27 1358
12 1421
21 1240
23 1440
18 1245
12 1492
27 1174
27 1214
22 1487
18 1172
21 1319
22 1158
13 1038
25 1027
12 1024
16 1367
15 1268
18 1098
24 1047
15 1335
28 1107
25 1466
14 1174
17 1425
23 1375
25 1443
29 1076
25 1048
10 1347
24 1166
24 1246
23 1086
26 1424
15 1496
10 1266
25 1373
14 1266
27 1460
23 1159
16 1140
13 1104
29 1168
22 1108
24 1331
28 1372
22 1495
17 1043
27 1338
22 1498
27 1313
10 1201
29 1402
13 1087
23 1479
20 1471
28 1268
18 1429
15 1461
19 1097
26 1230
12 1224
29 1015
23 1295
13 1419
23 1332
19 1456
19 1314
20 1063
16 1423
22 1088
26 1039
20 1212
25 1025
14 1212
24 1454
16 1035
25 1411
15 1111
18 1284
28 1266
29 1081
25 1226
22 1274
28 1321
14 1004
24 1300
18 1436
10 1097
20 1353
16 1235
27 1202
16 1056
20 1134
18 1266
21 1397
12 1093
17 1201
25 1376
13 1080
19 1141
19 1346
20 1440
29 1123
22 1492
28 1458
15 1473
25 1389
14 1304
13 1184
29 1281
24 1116
14 1022
12 1495
17 1146
20 1242
15 1453
15 1053
18 1336
13 1367
15 1269
18 1205
23 1407
26 1102
23 1073
10 1006
18 1419
23 1168
25 1469
17 1443
22 1138
13 1185
29 1337
28 1182
13 1264
20 1070
17 1085
25 1081
19 1235
10 1142
15 1210
24 1274
20 1398
19 1218
24 1373
12 1101
26 1098
23 1082
29 1403
18 1121
20 1399
26 1059
26 1069
28 1077
11 1484
27 1379
27 1188
27 1367
20 1311
20 1053
19 1291
20 1404
20 1286
10 1057
27 1326
24 1130
16 1119
12 1393
14 1011
20 1450
20 1150
23 1158
19 1366
22 1181
24 1016
17 1188
26 1072
11 1377
29 1435
11 1463
16 1137
11 1055
12 1219
14 1280
11 1471
13 1411
10 1135
24 1324
22 1358
28 1154
18 1036
17 1022
24 1026
23 1336
18 1211
11 1116
26 1408
10 1256
29 1455
24 1127
25 1077
19 1032
23 1070
25 1094
18 1224
29 1329
14 1017
21 1250
28 1202
26 1459
27 1394
20 1273
11 1172
17 1118
23 1259
21 1298
26 1489
24 1384
15 1130
14 1378
14 1251
22 1423
14 1428
14 1111
20 1109
10 1426
26 1374
17 1032
24 1164
12 1299
15 1092
25 1053
19 1144
23 1330
24 1247
12 1290
21 1233
24 1252
26 1414
13 1390
27 1219
10 1031
19 1486
21 1003
15 1112
17 1090
25 1217
16 1338
10 1274
29 1180
28 1275
15 1116
29 1081
12 1242
11 1064
13 1232
23 1097
21 1003
16 1332
29 1208
27 1163
18 1206
10 1042
16 1280
20 1145
16 1441
27 1342
22 1302
29 1362
19 1472
14 1223
14 1298
14 1361
10 1035
10 1007
23 1427
10 1340
28 1222
17 1115
21 1482
20 1073
17 1404
12 1215
25 1152
24 1012
26 1194
12 1426
16 1265
20 1023
19 1346
24 1346
14 1268
18 1245
22 1354
29 1223
12 1480
10 1412
14 1149
18 1472
10 1329
14 1105
10 1254
18 1162
12 1148
23 1374
12 1114
22 1074
16 1357
13 1380
21 1103
11 1162
22 1491
27 1193
18 1270
21 1127
13 1363
18 1451
20 1302
29 1279
24 1073
11 1304
16 1258
22 1140
28 1224
15 1145
23 1484
29 1256
25 1377
23 1413
13 1485
11 1049
27 1205
11 1013
22 1207
18 1338
11 1210
14 1271
16 1184
10 1489
12 1129
29 1343
28 1336
27 1419
14 1269
27 1173
16 1352
15 1163
10 1479
13 1406
15 1076
17 1324
15 1292
20 1359
21 1351
23 1470
12 1289
27 1244
12 1104
26 1126
28 1102
18 1112
18 1330
20 1481
23 1419
27 1301
22 1499
10 1149
14 1090
20 1476
27 1413
28 1142
19 1189
18 1110
11 1471
24 1360
14 1464
11 1285
22 1140
22 1058
10 1028
24 1289
27 1420
26 1366
25 1235
15 1489
15 1034
24 1458
17 1051
28 1155
27 1397
13 1300
28 1064
25 1106
21 1445
20 1408
10 1277
23 1412
19 1261
26 1262
14 1371
13 1392
23 1203
18 1160
24 1302
21 1411
15 1381
14 1416
23 1105
28 1006
13 1253
21 1344
25 1312
25 1421
13 1257
14 1046
17 1248
22 1415
22 1220
14 1260
21 1125
26 1010
23 1390
24 1199
12 1421
15 1483
24 1460
16 1484
14 1053
14 1311
12 1474
29 1424
20 1312
11 1074
19 1434
21 1118
15 1424
17 1321
27 1425
21 1079
26 1054
17 1256
23 1076
20 1386
21 1380
12 1045
11 1072
29 1445
10 1341
23 1076
16 1231
21 1033
28 1431
11 1403
19 1119
23 1179
14 1373
21 1149
24 1479
12 1385
12 1245
12 1155
27 1289
21 1182
17 1195
17 1148
12 1145
25 1171
29 1121
23 1342
26 1018
19 1021
25 1006
11 1370
27 1497
20 1400
12 1088
16 1183
15 1054
10 1495
22 1010
26 1204
18 1050
20 1207
12 1072
27 1084
13 1396
26 1028
23 1291
23 1331
20 1362
12 1387
21 1210
16 1170
19 1445
15 1032
29 1465
17 1155
24 1435
15 1335
20 1342
11 1353
11 1450
18 1431
22 1038
19 1122
17 1005
20 1039
28 1024
10 1475
22 1134
27 1314
17 1096
15 1206
25 1116
18 1311
25 1226
21 1137
28 1262
24 1353
21 1497
10 1159
27 1428
16 1319
19 1287
29 1336
20 1059
17 1395
18 1194
28 1246
13 1340
15 1021
23 1495
27 1086
22 1218
14 1111
22 1104
17 1120
24 1001
27 1300
20 1290
19 1066
26 1492
20 1017
16 1074
10 1452
11 1446
14 1160
19 1343
21 1156
28 1343
27 1295
16 1430
17 1286
24 1324
13 1236
21 1424
15 1342
12 1178
12 1137
16 1053
12 1129
18 1011
23 1341
10 1326
12 1304
22 1409
27 1000
20 1252
23 1472
25 1268
28 1406
19 1012
24 1390
25 1332
24 1125
20 1092
25 1336
24 1226
12 1287
27 1121
27 1326
13 1227
15 1071
14 1421
11 1095
23 1273
17 1098
22 1016
24 1243
10 1072
14 1101
21 1403
17 1031
21 1007
20 1299
22 1134
13 1115
13 1426
20 1215
13 1018
25 1289
17 1333
19 1034
11 1026
19 1406
12 1309
25 1139
25 1420
16 1472
22 1050
28 1356
29 1266
10 1429
18 1190
18 1374
11 1468
20 1343
28 1201
19 1087
23 1004
28 1285
21 1279
28 1225
21 1495
18 1446
23 1383
24 1165
23 1034
18 1236
22 1342
22 1179
20 1325
15 1283
17 1282
13 1074
14 1269
12 1459
10 1032
11 1301
26 1116
22 1046
14 1262
29 1430
11 1312
28 1145
12 1035
13 1426
13 1182
25 1269
22 1233
16 1029
23 1267
22 1033
28 1304
10 1170
15 1156
28 1441
14 1354
12 1442
29 1489
17 1341
12 1146
25 1134
16 1391
28 1486
14 1299
12 1101
28 1384
27 1448
16 1237
15 1279
24 1081
17 1266
27 1265
27 1404
16 1020
11 1228
10 1192
21 1112
20 1310
22 1274
19 1081
22 1190
18 1086
28 1451
18 1330
27 1461
22 1491
22 1497
27 1137
16 1382
16 1049
18 1135
14 1263
23 1327
14 1105
15 1071
25 1106
22 1258
19 1396
21 1046
19 1365
16 1304
11 1249
10 1494
10 1399
24 1460
25 1055
15 1239
16 1448
19 1187
25 1412
23 1267
21 1217
10 1325
25 1428
16 1077
12 1144
12 1416
27 1436
20 1184
28 1448
27 1362
27 1320
19 1061
25 1282
10 1165
14 1016
21 1190
18 1420
18 1467
11 1174
28 1127
22 1008
24 1290
16 1214
26 1257
21 1003
11 1050
19 1344
19 1320
12 1228
10 1172
24 1068
27 1235
26 1141
11 1460
23 1486
21 1391
27 1315
10 1105
22 1384
20 1073
21 1360
18 1398
11 1472
24 1203
23 1174
17 1471
19 1170
10 1187
25 1101
15 1079
10 1036
27 1019
24 1413
14 1434
26 1217
28 1172
24 1322
27 1419
15 1349
11 1227
15 1423
10 1035
16 1133
12 1054
26 1170
23 1461
20 1426
18 1193
21 1150
20 1190
16 1016
16 1334
27 1437
25 1387
24 1217
24 1377
25 1117
16 1397
22 1389
13 1359
17 1098
11 1058
17 1001
12 1123
29 1230
22 1487
19 1429
16 1227
16 1099
20 1307
29 1315
23 1477
18 1209
18 1239
25 1312
20 1090
15 1404
16 1087
27 1244
13 1333
19 1269
19 1335
20 1485
27 1100
15 1436
29 1340
25 1484
23 1113
13 1159
21 1353
29 1314
25 1058
17 1087
20 1412
28 1280
25 1246
17 1480
19 1264
19 1314
23 1104
18 1054
29 1297
10 1114
25 1370
11 1327
15 1413
28 1010
20 1428
26 1170
26 1306
23 1007
21 1439
25 1417
12 1398
29 1213
10 1451
24 1274
22 1396
21 1271
22 1474
28 1259
15 1039
24 1105
21 1205
24 1371
19 1077
25 1171
13 1255
15 1230
21 1078
17 1304
26 1458
19 1101
28 1251
23 1065
12 1190
23 1080
16 1021
27 1086
10 1065
23 1234
13 1167
16 1099
10 1251
24 1017
28 1300
28 1264
16 1019
18 1377
11 1188
14 1108
21 1485
18 1062
27 1420
17 1288
25 1234
26 1392
20 1454
29 1269
11 1297
26 1144
11 1032
25 1406
18 1221
21 1068
14 1395
28 1160
13 1278
28 1405
28 1149
27 1489
18 1371
10 1359
28 1358
27 1280
23 1476
15 1097
12 1198
27 1004
15 1047
19 1067
25 1101
14 1038
25 1092
15 1025
14 1076
27 1480
22 1081
10 1353
26 1254
16 1104
27 1272
27 1099
19 1037
17 1248
16 1343
28 1203
10 1020
27 1024
15 1151
11 1264
24 1197
10 1333
12 1251
17 1130
19 1235
12 1108
26 1278
22 1359
16 1295
17 1360
28 1217
18 1195
15 1237
11 1211
27 1164
23 1408
15 1191
21 1468
16 1299
22 1323
14 1176
28 1192
15 1128
27 1143
29 1086
27 1329
24 1025
24 1233
22 1192
15 1264
21 1319
26 1103
15 1047
26 1465
14 1282
10 1101
18 1244
28 1129
13 1258
13 1286
27 1445
26 1451
11 1245
26 1427
17 1013
25 1489
14 1259
12 1076
26 1028
24 1407
26 1248
25 1161
21 1459
27 1217
16 1122
20 1215
29 1376
21 1026
23 1417
25 1327
20 1066
11 1389
14 1346
22 1379
29 1388
29 1254
12 1285
27 1104
22 1491
10 1299
15 1295
16 1215
23 1339
12 1459
24 1060
14 1368
14 1236
21 1215
11 1015
10 1003
26 1262
26 1106
17 1344
24 1087
15 1027
23 1127
24 1186
11 1436
14 1017
28 1025
21 1347
11 1281
24 1248
12 1392
23 1171
19 1028
16 1437
21 1288
16 1046
19 1215
10 1276
23 1268
26 1439
12 1244
24 1034
22 1112
16 1446
29 1377
24 1083
13 1012
22 1316
27 1203
26 1029
29 1488
22 1248
14 1356
23 1352
29 1397
26 1114
22 1259
21 1008
11 1362
25 1293
25 1418
12 1202
10 1273
17 1221
24 1063
20 1146
29 1224
15 1396
22 1398
25 1120
27 1378
23 1217
20 1231
20 1356
17 1347
27 1446
19 1097
21 1170
15 1039
15 1254
24 1368
23 1486
20 1468
16 1363
22 1337
11 1461
11 1187
25 1069
26 1176
15 1108
24 1433
14 1216
10 1113
17 1083
28 1275
10 1098
11 1156
22 1188
16 1218
17 1323
16 1441
25 1407
11 1272
14 1247
26 1472
28 1308
19 1071
21 1401
14 1313
26 1332
12 1193
11 1113
14 1240
12 1210
21 1323
12 1219
27 1050
26 1145
25 1284
10 1018
19 1374
16 1214
28 1144
20 1212
22 1386
27 1348
23 1403
10 1231
25 1064
12 1003
16 1008
18 1089
15 1147
12 1243
10 1256
12 1386
24 1034
26 1039
20 1330
27 1479
25 1281
29 1223
11 1197
20 1421
24 1147
13 1245
15 1190
11 1085
16 1224
15 1263
24 1177
22 1453
29 1422
17 1391
10 1070
26 1256
11 1040
18 1380
26 1010
14 1218
19 1273
21 1319
21 1140
20 1231
29 1051
15 1215
21 1092
12 1417
14 1172
29 1172
28 1239
14 1071
23 1428
26 1338
28 1325
18 1108
20 1370
16 1376
24 1394
13 1069
23 1179
10 1258
25 1253
15 1317
20 1103
28 1344
16 1167
16 1216
15 1246
22 1140
29 1358
15 1407
13 1230
18 1409
27 1091
29 1443
17 1344
12 1473
13 1068
19 1057
16 1126
16 1015
14 1259
27 1112
17 1156
10 1390
24 1282
10 1193
27 1446
11 1006
25 1137
16 1453
19 1266
26 1131
25 1250
13 1324
17 1301
19 1222
12 1091
29 1132
10 1042
23 1482
26 1161
15 1151
10 1352
13 1181
23 1185
23 1234
16 1387
26 1119
27 1180
21 1440
17 1116
25 1402
16 1288
17 1292
16 1093
10 1228
15 1429
17 1041
18 1109
22 1259
17 1440
17 1375
25 1438
19 1202
27 1434
19 1385
12 1107
17 1379
26 1260
15 1182
19 1349
25 1481
23 1391
27 1322
11 1104
14 1449
15 1380
23 1353
19 1143
11 1113
21 1375
12 1154
24 1107
19 1076
24 1028
19 1344
11 1198
26 1480
27 1478
17 1157
16 1384
22 1115
20 1201
19 1429
29 1029
25 1167
20 1246
24 1010
10 1306
15 1377
20 1448
12 1025
28 1197
21 1476
10 1202
14 1015
26 1024
13 1450
19 1186
29 1198
17 1073
19 1362
15 1341
19 1362
20 1428
26 1477
24 1479
23 1264
18 1334
28 1290
19 1479
10 1254
14 1287
20 1095
17 1333
28 1144
17 1468
24 1277
15 1381
16 1004
12 1391
19 1225
18 1088
20 1049
21 1033
29 1021
28 1000
22 1376
29 1158
29 1123
29 1181
12 1154
11 1101
17 1053
24 1225
22 1070
16 1053
20 1105
15 1366
28 1068
19 1113
25 1398
26 1256
17 1385
18 1206
15 1300
21 1226
17 1363
18 1304
25 1484
26 1038
16 1322
16 1067
23 1355
10 1230
23 1267
11 1070
15 1064
18 1167
23 1092
17 1359
22 1187
24 1383
14 1120
11 1197
19 1498
26 1257
13 1244
19 1373
26 1480
24 1378
18 1129
19 1131
14 1147
27 1266
11 1251
26 1154
20 1275
12 1327
29 1433
16 1006
25 1023
23 1456
17 1086
13 1252
11 1197
16 1026
28 1185
15 1312
29 1066
16 1424
19 1091
23 1468
10 1223
22 1420
29 1376
26 1207
14 1458
25 1130
19 1248
25 1310
13 1025
19 1396
22 1005
22 1175
16 1113
26 1281
25 1133
16 1331
17 1133
19 1144
11 1170
27 1342
23 1482
24 1195
26 1157
27 1140
12 1410
11 1147
10 1062
19 1064
20 1141
20 1243
19 1244
26 1310
16 1392
13 1008
16 1133
14 1435
20 1127
12 1256
17 1381
14 1220
26 1169
17 1280
25 1462
23 1358
20 1195
13 1044
27 1310
24 1292
20 1390
13 1133
29 1413
29 1140
28 1371
18 1326
19 1007
14 1272
13 1456
19 1474
11 1042
23 1336
21 1229
21 1495
27 1402
13 1099
12 1088
24 1488
12 1458
26 1361
29 1282
20 1357
14 1017
21 1064
14 1238
10 1405
24 1269
14 1186
24 1033
20 1390
16 1185
18 1105
13 1426
21 1256
13 1154
15 1233
24 1400
20 1221
17 1378
21 1398
23 1281
28 1195
23 1307
29 1297
27 1086
11 1134
23 1201
10 1306
25 1402
28 1091
24 1238
21 1420
22 1335
29 1055
15 1133
17 1129
25 1435
24 1193
20 1070
14 1352
10 1245
18 1407
22 1392
28 1471
24 1221
14 1448
27 1023
24 1489
26 1297
11 1236
25 1421
15 1110
23 1048
23 1448
25 1168
29 1263
11 1291
26 1359
19 1375
13 1093
11 1019
21 1431
11 1321
16 1361
12 1459
17 1191
23 1261
18 1417
18 1454
15 1293
14 1325
11 1062
23 1333
22 1288
24 1355
17 1015
18 1212
19 1392
23 1052
29 1438
27 1064
13 1410
17 1009