5900 5000
26 1029
22 1448
22 1059
21 1261
19 1101
25 1416
26 1273
21 1487
27 1234
14 1274
28 1449
11 1165
25 1126
19 1085
16 1366
16 1306
11 1375
10 1063
26 1455
19 1495
27 1447
23 1000
28 1235
26 1297
16 1176
12 1498
10 1236
26 1453
14 1091
15 1356
18 1256
16 1177
27 1339
24 1137
23 1143
17 1174
23 1334
14 1027
12 1409
10 1284
14 1415
17 1044
24 1408
11 1367
15 1046
13 1278
27 1285
23 1425
17 1417
18 1166
12 1447
22 1242
17 1373
21 1268
17 1420
23 1211
21 1282
19 1307
16 1465
27 1109
23 1232
15 1375
13 1429
15 1202
16 1138
25 1231
14 1097
20 1458
28 1467
14 1248
28 1295
20 1172
25 1015
28 1063
13 1142
14 1460
14 1131
17 1485
24 1307
12 1256
22 1042
21 1481
24 1327
28 1498
14 1085
21 1493
16 1361
11 1347
20 1233
26 1059
22 1075
20 1260
26 1106
25 1384
27 1499
17 1075
15 1104
14 1394
26 1307
27 1301
10 1395
29 1289
18 1057
18 1142
19 1185
23 1142
16 1286
11 1310
25 1200
22 1123
18 1358
21 1329
14 1180
16 1306
12 1024
19 1192
21 1300
15 1484
23 1249
26 1249
24 1323
24 1104
17 1427
20 1499
13 1384
15 1126
26 1471
25 1450
11 1253
13 1474
10 1341
16 1381
16 1087
27 1129
19 1118
21 1438
15 1174
27 1079
24 1215
25 1167
18 1068
19 1166
26 1358
17 1062
10 1151
11 1392
28 1295
10 1289
11 1258
27 1437
29 1227
14 1260
17 1307
20 1447
17 1150
14 1086
12 1127
23 1376
19 1127
21 1289
29 1091
14 1083
19 1161
14 1311
29 1155
13 1199
24 1041
22 1156
28 1351
15 1022
21 1085
25 1091
24 1027
29 1352
10 1425
12 1024
12 1164
10 1163
26 1191
10 1161
15 1098
16 1430
23 1416
28 1007
24 1117
20 1420
15 1466
26 1253
28 1092
17 1411
27 1463
11 1352
17 1091
29 1027
25 1263
13 1183
10 1379
11 1240
26 1296
11 1030
21 1014
28 1276
16 1329
21 1338
16 1369
12 1325
17 1123
10 1459
25 1255
11 1201
14 1126
22 1174
13 1311
11 1000
25 1172
10 1013
14 1158
21 1140
17 1493
16 1112
20 1111
14 1214
18 1145
21 1106
16 1267
29 1338
17 1080
11 1331
13 1334
29 1366
18 1270
11 1305
12 1249
29 1221
26 1088
15 1336
20 1351
25 1136
12 1327
12 1029
10 1001
13 1305
18 1478
25 1371
25 1240
29 1138
10 1223
22 1244
18 1313
27 1359
13 1026
21 1333
16 1325
13 1346
18 1255
11 1237
11 1255
14 1123
27 1346
23 1473
19 1415
29 1099
28 1078
16 1371
18 1088
23 1172
18 1332
26 1497
23 1184
15 1341
29 1028
18 1327
17 1303
15 1316
23 1129
20 1349
14 1270
29 1214
20 1303
17 1069
10 1450
11 1320
19 1111
20 1157
13 1155
21 1089
27 1258
19 1198
26 1029
20 1288
17 1135
15 1023
11 1370
27 1239
11 1165
23 1304
18 1366
27 1153
14 1228
13 1156
22 1131
19 1160
11 1074
16 1122
29 1318
11 1016
23 1200
29 1441
28 1233
12 1102
19 1124
19 1387
20 1459
13 1248
16 1383
23 1245
22 1405
26 1041
11 1247
16 1050
14 1474
10 1444
23 1157
26 1466
12 1036
11 1372
23 1404
22 1287
12 1124
24 1410
18 1184
27 1069
24 1129
26 1325
15 1222
21 1181
25 1066
27 1350
18 1358
18 1345
22 1280
11 1216
19 1403
11 1205
14 1101
16 1458
17 1101
21 1106
10 1187
10 1441
11 1263
20 1381
17 1393
23 1284
28 1254
10 1026
22 1076
21 1073
15 1277
11 1480
25 1459
19 1371
16 1398
23 1086
27 1103
28 1238
14 1221
12 1446
19 1169
16 1396
23 1154
11 1056
10 1266
20 1337
25 1465
11 1211
27 1078
24 1244
25 1473
10 1397
17 1328
13 1353
22 1190
11 1434
29 1227
23 1475
26 1305
13 1295
18 1304
25 1086
16 1043
24 1457
24 1195
15 1242
23 1285
24 1294
17 1067
23 1368
16 1073
21 1074
22 1216
17 1240
28 1266
16 1383
11 1189
17 1272
11 1420
29 1353
28 1306
15 1433
28 1287
23 1096
29 1032
28 1246
26 1464
16 1339
14 1457
13 1180
20 1154
19 1319
25 1298
18 1221
10 1330
19 1206
11 1425
14 1259
19 1458
28 1453
27 1166
18 1321
12 1168
14 1365
15 1298
20 1297
20 1134
29 1449
12 1476
10 1449
15 1231
20 1059
10 1473
11 1267
14 1208
19 1087
17 1098
15 1320
20 1230
15 1280
15 1336
14 1028
27 1320
14 1372
14 1267
27 1409
15 1425
21 1408
11 1235
16 1055
21 1494
23 1490
28 1398
17 1413
14 1248
28 1295
24 1249
28 1374
13 1381
26 1043
17 1196
12 1437
20 1486
14 1299
13 1366
21 1375
28 1324
16 1019
22 1244
24 1048
12 1248
28 1173
25 1079
17 1045
19 1214
25 1389
11 1473
29 1214
15 1177
21 1378
11 1274
15 1026
28 1375
11 1028
13 1249
29 1458
21 1478
29 1057
18 1013
13 1163
19 1311
21 1300
22 1186
15 1025
14 1212
25 1065
10 1288
14 1350
21 1115
20 1256
19 1143
12 1480
26 1258
22 1434
12 1388
28 1194
20 1059
18 1310
26 1464
18 1416
25 1296
23 1156
23 1042
27 1434
10 1470
29 1371
29 1301
29 1077
17 1351
29 1172
24 1107
16 1119
22 1255
29 1049
17 1322
28 1159
17 1038
15 1195
26 1309
18 1499
22 1478
12 1492
18 1249
26 1080
12 1417
22 1054
27 1177
29 1271
28 1107
24 1247
29 1486
18 1001
23 1428
10 1139
14 1327
18 1476
15 1414
22 1283
18 1218
19 1361
11 1081
25 1345
23 1285
26 1329
21 1368
22 1067
20 1170
20 1398
21 1285
13 1018
16 1484
12 1392
22 1461
21 1138
28 1227
11 1135
11 1273
28 1012
23 1134
16 1446
16 1340
23 1270
24 1464
24 1330
14 1145
10 1262
19 1221
27 1206
25 1129
14 1040
26 1221
25 1208
26 1419
15 1452
16 1353
10 1084
11 1430
11 1226
11 1100
11 1394
17 1207
25 1270
10 1470
28 1093
22 1303
24 1469
28 1482
21 1234
13 1482
11 1307
18 1248
14 1030
18 1104
23 1266
27 1202
28 1108
15 1361
29 1001
24 1437
16 1441
10 1065
19 1495
16 1086
18 1156
29 1388
24 1277
10 1101
12 1175
13 1295
24 1168
22 1063
27 1244
14 1020
11 1386
24 1386
26 1334
26 1339
26 1344
11 1369
22 1100
25 1438
15 1094
17 1317
27 1221
10 1453
15 1037
26 1249
15 1499
20 1026
17 1200
28 1060
20 1080
17 1228
20 1187
22 1240
21 1362
25 1481
28 1307
20 1049
26 1243
11 1353
18 1149
14 1294
24 1242
28 1158
14 1094
24 1244
26 1215
26 1081
13 1354
13 1035
11 1170
23 1107
20 1473
25 1057
11 1080
11 1399
26 1001
12 1294
26 1071
13 1242
10 1020
25 1151
26 1437
19 1212
15 1335
16 1242
17 1462
11 1293
26 1321
23 1068
24 1082
22 1033
18 1279
27 1137
16 1403
16 1476
28 1129
17 1347
28 1343
11 1357
23 1446
12 1474
28 1323
28 1436
21 1185
11 1335
19 1404
19 1397
20 1313
29 1127
21 1325
26 1464
10 1158
13 1133
23 1262
20 1167
14 1080
21 1481
14 1238
24 1434
13 1155
23 1335
10 1057
27 1098
14 1232
25 1087
15 1254
12 1406
27 1472
27 1451
19 1470
16 1422
19 1454
15 1153
13 1379
26 1105
10 1089
26 1410
14 1081
11 1200
10 1468
16 1085
16 1425
22 1341
19 1497
20 1164
21 1416
11 1323
20 1330
16 1386
16 1326
22 1036
29 1180
18 1317
20 1437
20 1353
26 1083
27 1283
17 1001
14 1410
10 1296
22 1474
17 1019
25 1499
16 1125
23 1346
25 1308
15 1424
15 1319
12 1219
13 1206
18 1269
25 1034
26 1152
25 1195
23 1469
27 1061
17 1086
14 1401
27 1023
24 1179
15 1063
27 1245
22 1371
15 1028
16 1048
24 1046
18 1422
23 1476
19 1254
19 1356
17 1459
22 1265
26 1215
26 1476
20 1162
12 1398
27 1150
27 1330
29 1151
17 1438
19 1119
12 1372
27 1482
10 1303
18 1272
12 1277
13 1337
22 1419
23 1319
15 1364
21 1460
14 1425
24 1140
19 1347
17 1081
27 1240
29 1106
13 1046
24 1339
17 1366
26 1448
16 1411
15 1022
29 1213
25 1482
15 1342
27 1176
28 1044
26 1180
10 1275
17 1008
27 1249
16 1015
16 1094
10 1078
17 1463
22 1333
15 1119
17 1277
15 1470
21 1483
24 1372
17 1053
12 1377
29 1491
29 1452
11 1260
14 1366
14 1046
27 1337
23 1108
27 1186
12 1467
13 1185
15 1481
15 1453
16 1459
20 1045
13 1113
27 1208
25 1343
12 1154
13 1225
13 1463
15 1227
20 1457
19 1191
29 1164
10 1325
13 1166
17 1264
11 1476
18 1042
21 1050
21 1312
18 1338
12 1114
28 1204
16 1448
28 1301
23 1390
12 1433
15 1179
15 1455
18 1380
22 1498
28 1350
19 1012
29 1435
25 1210
28 1433
11 1145
22 1302
18 1492
19 1289
20 1055
14 1325
14 1115
25 1093
12 1268
24 1141
12 1300
20 1427
28 1339
16 1374
13 1359
22 1321
10 1451
16 1118
11 1121
24 1206
22 1086
18 1141
26 1199
21 1311
17 1132
27 1406
22 1285
25 1317
29 1109
13 1258
14 1458
16 1099
19 1073
28 1226
27 1297
21 1240
14 1393
15 1122
26 1134
16 1197
22 1293
19 1195
26 1203
23 1243
29 1192
13 1309
16 1345
16 1207
19 1203
10 1056
24 1103
12 1495
27 1279
27 1412
22 1083
15 1440
11 1067
14 1476
29 1497
21 1268
19 1126
26 1340
10 1386
21 1266
18 1217
29 1166
19 1489
17 1262
15 1470
18 1149
26 1323
15 1009
13 1341
21 1350
29 1191
10 1059
21 1082
25 1123
14 1063
10 1416
22 1102
14 1085
15 1144
14 1143
26 1492
24 1184
27 1074
14 1102
17 1452
11 1004
19 1155
17 1066
18 1491
20 1109
29 1417
25 1496
10 1201
15 1224
29 1333
20 1358
22 1003
26 1180
20 1095
19 1144
23 1108
20 1158
22 1119
12 1004
21 1047
18 1377
23 1432
11 1179
21 1483
28 1118
25 1288
12 1190
19 1016
17 1168
21 1076
25 1293
15 1475
22 1272
20 1418
20 1130
13 1168
27 1076
16 1111
15 1353
17 1303
19 1151
28 1002
14 1127
22 1443
11 1482
11 1443
23 1457
11 1344
22 1353
23 1292
28 1258
22 1121
25 1395
15 1306
18 1176
20 1330
13 1318
10 1410
23 1055
25 1114
11 1228
29 1425
13 1494
10 1412
29 1075
10 1133
27 1458
24 1127
24 1049
24 1347
15 1118
16 1482
14 1015
22 1243
22 1001
11 1315
29 1277
28 1483
20 1103
12 1445
22 1376
22 1155
29 1034
13 1475
20 1453
21 1382
17 1449
16 1166
22 1141
25 1155
26 1444
17 1045
16 1424
20 1126
18 1312
14 1287
10 1490
22 1335
17 1126
25 1368
26 1492
26 1449
19 1006
23 1239
23 1105
22 1209
20 1398
24 1481
10 1301
15 1286
11 1345
22 1091
10 1392
20 1067
25 1374
27 1005
15 1235
24 1017
28 1214
12 1191
29 1126
24 1061
12 1108
17 1356
27 1350
25 1457
12 1451
26 1057
24 1496
19 1274
15 1196
23 1352
21 1319
22 1054
13 1072
26 1030
24 1349
10 1176
14 1433
15 1302
27 1078
15 1349
26 1108
24 1308
24 1345
27 1177
27 1224
29 1040
11 1186
13 1286
12 1240
18 1198
29 1224
10 1186
11 1163
16 1214
16 1239
24 1161
24 1479
16 1244
17 1339
21 1160
18 1473
23 1144
11 1331
18 1206
20 1215
19 1315
13 1247
18 1263
15 1086
10 1276
21 1499
25 1023
14 1100
23 1274
10 1334
16 1216
22 1203
11 1168
28 1084
23 1053
27 1264
27 1234
28 1085
13 1190
10 1064
28 1159
20 1198
27 1420
21 1078
23 1478
23 1300
21 1440
15 1226
26 1291
14 1280
29 1120
21 1184
29 1302
10 1247
15 1235
18 1089
11 1233
29 1082
19 1362
29 1440
18 1449
14 1213
25 1140
27 1411
17 1353
29 1363
26 1338
27 1221
25 1271
19 1386
22 1332
25 1102
20 1259
14 1402
12 1457
20 1292
18 1418
20 1371
27 1321
19 1319
26 1446
24 1125
10 1344
17 1408
11 1480
13 1045
11 1394
20 1497
14 1180
19 1209
16 1321
27 1047
29 1162
13 1037
13 1358
13 1124
10 1307
24 1271
22 1254
27 1471
14 1335
29 1454
17 1431
20 1337
19 1259
19 1262
27 1170
22 1119
11 1203
13 1307
18 1399
14 1132
23 1470
18 1360
19 1055
25 1379
13 1025
11 1000
21 1096
27 1286
15 1160
24 1313
15 1213
10 1118
24 1208
22 1393
11 1076
17 1309
14 1472
24 1233
17 1321
11 1216
22 1063
16 1400
27 1077
22 1395
16 1139
22 1116
24 1275
18 1076
16 1315
21 1200
22 1022
11 1383
23 1340
14 1043
21 1441
21 1055
10 1347
17 1396
27 1196
27 1122
25 1007
23 1449
13 1055
23 1402
11 1340
23 1451
14 1247
24 1049
19 1310
20 1414
24 1353
11 1188
28 1223
22 1199
23 1113
25 1162
17 1452
19 1308
28 1208
15 1061
24 1381
10 1292
28 1304
11 1185
22 1362
26 1156
28 1128
12 1492
15 1126
29 1449
24 1162
19 1203
10 1221
22 1425
23 1071
25 1385
12 1458
19 1049
27 1029
21 1075
20 1052
29 1320
13 1136
29 1149
27 1053
22 1173
15 1477
29 1122
20 1054
28 1393
24 1457
21 1026
10 1054
12 1193
26 1327
16 1062
10 1380
13 1085
12 1495
20 1110
14 1128
28 1119
22 1401
13 1280
26 1314
25 1140
25 1433
20 1245
24 1486
29 1316
11 1126
22 1083
16 1119
29 1068
27 1388
27 1355
28 1031
17 1186
20 1076
27 1246
23 1428
23 1062
12 1316
28 1331
21 1181
26 1032
22 1134
29 1383
29 1485
29 1354
12 1029
11 1382
25 1207
13 1492
13 1373
20 1329
21 1103
16 1030
27 1288
22 1354
14 1349
11 1000
22 1147
23 1357
26 1273
28 1338
18 1071
14 1385
13 1276
18 1204
22 1287
22 1055
16 1460
16 1492
23 1345
13 1092
21 1330
27 1141
22 1205
13 1394
27 1486
17 1299
12 1461
27 1311
29 1131
13 1361
28 1401
18 1251
29 1021
10 1013
25 1142
20 1400
26 1292
27 1436
22 1196
20 1475
23 1010
17 1401
10 1429
17 1388
26 1003
15 1204
28 1064
13 1376
23 1433
16 1496
25 1197
20 1349
16 1065
24 1294
15 1467
14 1240
13 1159
11 1421
25 1385
29 1123
25 1031
15 1322
17 1414
19 1257
16 1349
28 1429
13 1454
10 1318
23 1245
26 1438
10 1064
12 1324
17 1271
15 1273
18 1192
12 1177
14 1295
22 1123
20 1141
15 1323
17 1014
16 1287
16 1419
19 1211
26 1247
24 1480
13 1408
13 1137
20 1230
15 1481
10 1325
12 1452
26 1228
15 1333
29 1090
13 1193
28 1078
23 1407
25 1205
28 1029
29 1360
21 1424
17 1372
22 1231
18 1421
13 1296
29 1221
26 1223
27 1149
18 1069
22 1317
19 1229
29 1053
20 1088
29 1361
28 1454
13 1360
20 1324
19 1059
27 1281
13 1341
12 1255
16 1241
13 1089
14 1050
13 1158
27 1008
14 1460
29 1043
18 1314
21 1028
22 1335
17 1440
29 1022
22 1119
27 1390
24 1295
29 1030
23 1149
28 1219
14 1251
28 1184
15 1056
26 1430
13 1409
22 1132
12 1470
13 1495
20 1392
28 1121
18 1151
22 1062
19 1213
20 1482
12 1348
16 1388
20 1106
22 1038
23 1473
14 1342
17 1216
13 1119
18 1106
17 1473
24 1255
15 1104
22 1131
28 1063
23 1409
19 1320
18 1197
24 1354
25 1326
19 1309
10 1310
14 1113
17 1469
18 1089
16 1093
11 1352
25 1268
20 1170
16 1227
26 1440
12 1293
17 1164
22 1055
25 1222
21 1012
17 1238
23 1335
20 1340
25 1053
19 1077
27 1320
18 1258
25 1252
22 1079
20 1406
12 1204
14 1233
17 1246
15 1095
17 1022
20 1444
15 1118
26 1238
15 1480
28 1304
14 1090
20 1359
27 1249
13 1262
10 1075
24 1347
24 1221
11 1124
27 1434
28 1437
10 1479
25 1107
27 1371
11 1065
26 1000
26 1124
17 1097
11 1470
20 1307
26 1305
26 1290
26 1126
15 1260
29 1040
16 1022
26 1015
28 1481
24 1295
28 1055
25 1424
24 1204
19 1493
12 1024
19 1366
26 1200
17 1471
16 1366
24 1448
16 1251
10 1212
23 1277
11 1316
14 1033
11 1028
20 1139
28 1229
27 1240
29 1178
20 1489
22 1207
22 1235
15 1013
14 1144
27 1460
19 1405
11 1143
19 1422
16 1037
25 1426
14 1129
16 1260
17 1094
26 1389
24 1166
29 1194
17 1309
23 1039
27 1193
29 1181
10 1394
18 1170
26 1179
27 1013
10 1342
17 1317
27 1463
19 1246
24 1275
29 1107
29 1342
20 1166
24 1194
14 1252
22 1103
21 1460
16 1109
21 1092
16 1077
25 1495
29 1352
12 1419
19 1445
22 1329
13 1172
28 1440
18 1248
14 1117
18 1015
19 1208
22 1332
29 1272
18 1381
24 1006
29 1451
17 1165
14 1007
17 1211
11 1119
25 1390
23 1068
22 1121
18 1425
12 1454
14 1489
14 1254
17 1335
29 1485
18 1413
15 1170
27 1151
22 1352
11 1183
12 1359
19 1070
13 1374
26 1069
27 1475
11 1187
18 1027
26 1063
20 1218
10 1382
27 1321
25 1254
24 1103
22 1191
11 1033
15 1372
28 1000
25 1166
16 1392
11 1265
27 1000
27 1043
16 1266
17 1418
18 1375
16 1252
20 1041
17 1481
28 1101
17 1489
18 1113
16 1159
10 1488
28 1198
29 1083
24 1187
24 1437
10 1235
21 1210
10 1173
18 1425
12 1064
29 1442
14 1345
22 1232
22 1322
26 1461
13 1298
28 1075
13 1338
14 1304
17 1206
11 1479
27 1472
22 1480
26 1466
22 1122
24 1153
24 1407
21 1172
15 1108
26 1354
27 1105
12 1433
13 1111
24 1043
28 1466
13 1363
27 1400
11 1393
25 1290
29 1268
16 1146
10 1051
25 1238
20 1120
25 1095
17 1290
18 1239
28 1433
12 1459
27 1321
16 1110
20 1165
17 1184
12 1089
20 1057
14 1103
14 1005
20 1025
21 1425
16 1033
14 1411
25 1256
22 1140
11 1496
15 1000
24 1334
12 1048
14 1384
24 1299
22 1207
25 1397
23 1142
11 1439
11 1323
10 1342
23 1197
24 1308
29 1059
11 1121
28 1392
15 1411
14 1030
12 1357
23 1127
17 1229
10 1422
26 1373
25 1382
12 1143
10 1184
28 1496
22 1036
13 1344
18 1332
15 1202
10 1053
10 1092
21 1426
12 1404
23 1178
26 1433
13 1322
20 1053
26 1166
16 1118
19 1083
19 1380
26 1409
29 1376
26 1307
14 1134
23 1479
15 1324
10 1410
12 1072
27 1187
11 1076
12 1071
13 1374
14 1433
15 1357
14 1127
19 1408
26 1016
17 1376
23 1161
28 1380
23 1469
17 1112
10 1384
11 1310
26 1474
11 1005
11 1423
13 1075
22 1329
18 1156
12 1204
15 1153
22 1254
29 1184
21 1227
15 1305
10 1218
10 1321
19 1097
20 1415
25 1334
25 1238
14 1308
23 1495
25 1292
10 1239
20 1372
12 1046
18 1385
28 1130
17 1053
12 1160
24 1031
13 1338
24 1119
28 1332
15 1061
29 1247
27 1293
17 1438
27 1273
22 1369
18 1419
24 1242
21 1142
15 1103
21 1391
24 1081
17 1464
19 1491
20 1133
13 1414
28 1198
29 1146
15 1437
18 1134
12 1251
19 1386
18 1012
16 1050
13 1365
19 1274
21 1306
26 1355
22 1210
22 1418
18 1006
15 1337
10 1054
13 1223
23 1282
28 1244
24 1374
27 1438
11 1069
16 1365
27 1393
27 1006
25 1271
15 1419
13 1424
26 1420
21 1299
27 1219
15 1213
25 1476
13 1131
18 1235
18 1218
17 1224
24 1118
28 1125
12 1140
13 1490
22 1141
13 1117
13 1056
15 1132
28 1413
23 1442
11 1476
21 1462
12 1118
16 1405
25 1017
22 1134
27 1475
28 1134
14 1353
28 1088
11 1371
23 1384
23 1286
20 1471
11 1412
15 1355
24 1376
20 1023
16 1386
15 1301
25 1208
22 1333
13 1271
18 1421
27 1003
27 1086
27 1027
15 1315
16 1106
20 1033
24 1284
21 1048
18 1308
18 1077
12 1109
13 1031
19 1123
17 1444
12 1185
29 1356
11 1172
11 1092
11 1279
13 1163
12 1239
21 1451
16 1392
29 1417
26 1184
23 1446
18 1285
14 1392
21 1346
18 1459
18 1267
28 1022
23 1185
22 1230
18 1330
21 1270
10 1012
17 1339
16 1063
22 1202
17 1168
29 1099
17 1417
18 1248
28 1055
21 1312
21 1304
14 1080
15 1417
25 1492
10 1306
20 1348
29 1436
24 1483
24 1132
10 1425
14 1336
22 1445
22 1194
28 1348
26 1177
22 1371
18 1424
25 1444
26 1041
19 1195
15 1100
26 1234
17 1027
14 1366
11 1281
23 1489
15 1239
17 1129
20 1010
27 1318
16 1151
28 1368
12 1089
19 1136
26 1356
24 1112
26 1177
13 1209
27 1081
29 1366
28 1048
18 1462
25 1284
13 1454
16 1267
26 1069
13 1413
15 1176
26 1252
19 1358
28 1034
25 1237
19 1127
17 1323
23 1012
19 1012
24 1129
27 1430
24 1039
12 1402
25 1343
11 1276
14 1466
28 1323
20 1308
25 1429
16 1134
21 1092
27 1468
23 1225
17 1135
13 1162
15 1365
15 1480
21 1063
21 1480
12 1459
21 1400
14 1213
10 1182
25 1421
14 1382
12 1298
25 1423
17 1460
15 1345
27 1079
15 1440
21 1085
29 1201
27 1350
25 1101
15 1319
17 1286
21 1487
26 1498
27 1166
13 1242
24 1211
16 1212
11 1211
11 1404
21 1340
29 1104
12 1261
15 1224
11 1456
16 1261
22 1023
21 1246
20 1490
26 1078
18 1089
29 1292
29 1294
11 1432
19 1420
29 1105
14 1289
20 1038
28 1318
23 1303
11 1220
12 1383
17 1306
29 1295
24 1186
29 1409
26 1219
27 1413
28 1197
11 1114
21 1361
16 1184
20 1076
22 1025
11 1000
16 1378
19 1419
20 1475
13 1219
16 1024
21 1395
21 1285
28 1178
25 1310
21 1247
19 1212
27 1270
13 1202
27 1012
25 1044
26 1026
12 1056
17 1356
17 1209
17 1197
19 1439
24 1267
28 1011
23 1475
18 1036
17 1307
28 1129
28 1228
22 1350
20 1406
22 1086
18 1431
24 1482
19 1395
19 1087
14 1226
24 1303
29 1204
18 1002
10 1349
26 1174
28 1276
25 1278
18 1280
29 1369
17 1282
18 1032
10 1402
13 1451
11 1413
18 1136
16 1455
25 1021
28 1416
20 1202
12 1056
18 1420
29 1456
22 1415
15 1401
23 1433
13 1069
13 1122
10 1303
21 1262
21 1482
26 1351
18 1009
23 1183
19 1245
24 1032
13 1010
20 1457
19 1477
15 1386
23 1014
21 1371
24 1113
22 1074
12 1491
14 1489
27 1466
12 1087
12 1212
27 1264
14 1465
18 1299
12 1398
18 1326
16 1213
25 1116
16 1033
11 1323
20 1384
25 1360
29 1486
17 1386
21 1237
14 1168
24 1355
20 1150
12 1258
29 1499
28 1357
21 1199
24 1004
22 1077
24 1296
29 1465
24 1128
14 1381
12 1107
26 1124
20 1274
15 1114
25 1412
26 1368
12 1438
10 1071
19 1280
25 1030
11 1012
14 1499
13 1455
26 1232
10 1341
21 1021
17 1343
14 1440
13 1064
10 1486
14 1028
15 1311
19 1062
20 1348
27 1329
13 1329
14 1269
27 1216
25 1253
16 1098
14 1219
15 1280
20 1298
14 1372
12 1360
27 1379
28 1419
12 1200
22 1184
28 1046
15 1097
16 1444
13 1476
26 1464
29 1283
27 1350
13 1308
21 1134
22 1074
12 1125
23 1236
24 1247
12 1412
14 1243
23 1306
18 1327
10 1350
28 1188
11 1393
23 1108
14 1145
13 1259
24 1486
11 1058
14 1210
24 1372
14 1058
27 1386
21 1110
26 1087
21 1079
27 1494
29 1203
15 1447
26 1047
23 1335
19 1035
15 1263
12 1284
14 1268
25 1409
15 1394
25 1215
11 1261
16 1134
19 1098
26 1142
18 1172
21 1344
26 1275
20 1098
18 1445
16 1431
26 1242
14 1499
28 1483
11 1477
11 1251
15 1044
20 1286
18 1318
18 1234
25 1276
11 1443
23 1394
20 1077
24 1022
15 1249
18 1456
29 1353
21 1265
10 1267
16 1362
18 1027
24 1153
20 1419
24 1229
12 1315
28 1353
10 1159
13 1359
23 1122
26 1100
24 1224
27 1045
10 1316
22 1362
25 1153
27 1307
23 1045
24 1432
11 1045
19 1358
28 1158
28 1030
20 1357
29 1497
16 1164
13 1326
20 1272
28 1082
13 1210
15 1293
12 1132
13 1170
10 1218
27 1061
11 1203
11 1369
27 1473
20 1168
20 1356
29 1425
21 1491
25 1059
16 1452
10 1130
23 1436
14 1134
10 1215
12 1042
16 1270
22 1071
22 1084
23 1058
28 1357
15 1401
25 1221
29 1179
16 1033
14 1329
18 1281
29 1414
25 1151
16 1289
10 1209
20 1296
21 1219
21 1253
29 1297
10 1238
11 1399
28 1120
14 1424
14 1408
24 1159
12 1398
20 1408
13 1045
14 1108
29 1230
18 1392
11 1286
25 1433
18 1004
16 1325
13 1053
12 1279
12 1291
18 1395
25 1152
28 1458
16 1481
16 1472
24 1024
22 1499
11 1438
26 1073
28 1198
15 1242
20 1331
29 1414
15 1287
26 1025
10 1274
24 1159
17 1483
21 1421
26 1103
26 1068
26 1128
18 1055
24 1429
27 1410
23 1235
11 1291
16 1029
22 1415
25 1351
24 1333
16 1303
12 1210
10 1431
24 1254
24 1343
11 1248
20 1149
28 1066
20 1411
24 1209
23 1258
29 1080
11 1090
11 1201
22 1472
12 1004
10 1295
22 1119
15 1222
23 1168
23 1083
19 1151
17 1282
21 1165
12 1397
23 1294
15 1076
27 1083
15 1439
24 1315
25 1347
13 1382
22 1141
10 1238
29 1327
23 1179
15 1158
29 1061
12 1016
26 1171
21 1362
14 1254
12 1147
13 1466
27 1341
13 1391
24 1294
21 1001
27 1457
11 1412
22 1364
25 1132
22 1274
17 1486
11 1106
19 1024
19 1183
20 1182
19 1201
17 1036
10 1472
20 1417
22 1478
24 1161
10 1017
24 1144
14 1170
28 1335
12 1056
18 1133
17 1235
18 1200
21 1020
22 1361
15 1340
11 1472
25 1160
26 1205
28 1324
11 1245
16 1184
25 1124
28 1209
24 1434
19 1006
26 1387
10 1060
26 1450
23 1153
24 1060
19 1064
27 1401
19 1009
12 1165
21 1402
10 1326
22 1123
18 1031
19 1073
13 1312
28 1451
26 1122
22 1294
11 1472
15 1148
21 1300
19 1484
11 1442
18 1223
16 1293
13 1123
15 1413
20 1438
11 1397
14 1426
26 1330
20 1141
14 1257
18 1495
23 1186
18 1190
15 1167
23 1450
20 1338
19 1171
16 1175
18 1345
25 1261
20 1476
11 1085
12 1409
21 1419
28 1138
21 1166
27 1054
19 1267
19 1097
15 1282
18 1113
22 1330
15 1408
20 1400
22 1268
10 1499
14 1368
28 1126
14 1487
26 1050
16 1276
22 1310
21 1497
29 1204
11 1148
22 1015
22 1277
15 1014
18 1148
19 1466
12 1006
20 1380
26 1075
29 1443
12 1023
27 1201
27 1386
22 1119
27 1050
24 1087
17 1093
17 1317
11 1249
24 1106
27 1206
28 1265
19 1163
18 1417
12 1344
23 1247
12 1065
22 1276
21 1060
27 1395
16 1154
28 1398
11 1214
18 1145
13 1064
14 1422
25 1398
20 1117
25 1486
10 1427
27 1408
28 1346
20 1327
16 1493
15 1099
15 1072
12 1028
24 1066
17 1161
26 1409
16 1397
24 1109
15 1264
13 1310
24 1275
18 1100
24 1407
15 1134
26 1038
14 1380
24 1205
25 1036
15 1286
11 1444
24 1408
28 1010
21 1094
18 1448
27 1048
10 1158
22 1319
20 1218
15 1093
20 1421
16 1334
19 1313
11 1360
14 1446
12 1322
23 1166
12 1221
23 1221
12 1463
23 1080
20 1447
13 1112
29 1083
28 1238
11 1274
15 1340
17 1127
28 1419
24 1217
25 1395
23 1066
22 1020
16 1485
28 1311
22 1177
12 1441
11 1444
22 1306
17 1180
21 1005
29 1396
19 1015
21 1311
18 1156
21 1232
25 1288
21 1097
20 1088
29 1323
25 1246
14 1374
13 1119
10 1086
18 1417
23 1130
12 1026
19 1195
21 1219
17 1464
24 1331
11 1134
12 1226
28 1043
16 1334
16 1276
15 1348
10 1083
14 1496
14 1327
13 1026
28 1115
17 1388
17 1154
28 1394
19 1066
17 1413
23 1258
15 1210
14 1496
22 1078
10 1003
11 1279
28 1325
17 1294
26 1030
12 1116
28 1024
27 1280
20 1381
15 1343
10 1026
23 1187
11 1366
15 1087
27 1104
24 1077
24 1334
28 1254
28 1181
16 1378
15 1076
12 1045
16 1099
27 1347
28 1156
21 1197
26 1443
10 1185
15 1405
14 1292
13 1370
10 1406
20 1412
21 1161
14 1466
17 1085
12 1029
24 1331
18 1336
22 1034
21 1179
24 1242
28 1352
27 1265
24 1447
27 1099
26 1338
12 1418
28 1006
21 1286
10 1001
25 1292
27 1481
17 1041
21 1224
10 1175
20 1125
26 1256
12 1235
10 1267
20 1450
25 1173
19 1428
10 1167
29 1125
21 1150
29 1174
14 1041
25 1119
21 1079
15 1387
18 1339
10 1412
29 1348
10 1451
17 1488
23 1078
29 1069
28 1169
18 1416
13 1015
17 1377
27 1046
22 1299
27 1039
23 1155
23 1204
29 1026
16 1220
24 1414
12 1030
25 1394
15 1171
24 1174
26 1494
27 1029
12 1182
16 1051
25 1394
12 1488
24 1146
29 1022
21 1206
23 1363
12 1462
28 1450
22 1468
11 1215
13 1455
28 1458
22 1443
23 1023
23 1369
22 1463
10 1358
22 1318
27 1035
20 1105
15 1186
13 1497
13 1078
23 1365
15 1361
26 1246
29 1126
15 1289
22 1317
10 1094
20 1275
22 1217
22 1145
17 1285
23 1101
27 1448
28 1226
17 1187
21 1198
12 1352
11 1188
18 1471
25 1236
24 1460
11 1405
14 1122
27 1073
25 1369
15 1426
12 1474
22 1260
25 1388
26 1123
15 1236
23 1233
15 1152
28 1048
17 1327
17 1126
27 1274
12 1110
16 1470
23 1313
17 1345
15 1312
21 1352
17 1146
10 1092
23 1459
17 1003
28 1221
19 1260
25 1231
15 1470
25 1355
29 1463
21 1031
12 1015
13 1292
16 1016
15 1432
17 1265
12 1003
20 1416
24 1080
24 1071
16 1277
29 1400
24 1338
18 1480
15 1427
24 1382
27 1152
16 1214
29 1465
11 1334
23 1309
11 1386
18 1178
24 1257
28 1487
28 1308
10 1072
11 1029
20 1323
23 1369
13 1198
24 1416
22 1450
10 1434
20 1155
18 1160
23 1345
17 1140
21 1478
13 1006
18 1462
12 1337
22 1329
15 1002
10 1061
18 1055
23 1276
20 1126
22 1302
28 1423
28 1180
12 1364
11 1275
17 1430
17 1290
20 1458
27 1379
18 1049
18 1261
24 1487
18 1301
11 1077
17 1220
21 1254
12 1165
25 1262
22 1251
21 1208
24 1203
28 1138
20 1169
26 1150
20 1251
14 1170
19 1173
24 1454
24 1150
10 1415
17 1071
18 1032
12 1242
11 1238
13 1349
19 1426
20 1209
13 1306
18 1346
20 1039
28 1244
22 1367
27 1166
10 1125
15 1099
26 1339
24 1067
15 1286
21 1151
16 1415
28 1297
28 1141
26 1218
12 1367
11 1000
27 1059
20 1358
22 1148
29 1418
25 1139
15 1101
17 1459
23 1213
28 1344
18 1186
12 1065
25 1346
28 1160
18 1493
26 1051
18 1309
21 1198
21 1479
27 1090
14 1128
25 1436
18 1082
13 1409
20 1458
26 1399
19 1297
29 1377
24 1137
17 1158
18 1116
29 1422
25 1266
10 1304
20 1309
26 1327
15 1042
27 1257
11 1330
16 1140
18 1424
20 1415
27 1100
23 1470
22 1466
13 1024
11 1232
19 1315
28 1068
26 1255
21 1289
11 1120
23 1329
16 1151
18 1120
17 1208
15 1274
11 1241
16 1181
24 1188
19 1098
13 1022
18 1393
11 1019
17 1323
21 1336
24 1122
15 1092
29 1210
19 1336
17 1459
20 1135
25 1264
25 1132
17 1433
12 1075
19 1452
10 1397
10 1153
27 1285
24 1385
16 1269
12 1425
11 1197
14 1211
26 1165
18 1149
18 1400
12 1428
22 1224
11 1354
20 1245
26 1012
18 1333
24 1392
14 1057
17 1121
12 1483
11 1444
20 1263
24 1435
29 1483
18 1072
19 1294
15 1056
12 1198
20 1089
24 1293
14 1391
24 1088
29 1265
13 1273
20 1373
27 1250
29 1043
29 1165
20 1250
15 1444
23 1262
26 1031
28 1451
28 1072
22 1417
21 1314
17 1160
15 1115
23 1003
14 1035
18 1301
17 1056
13 1217
13 1346
27 1010
29 1233
18 1069
11 1359
13 1200
17 1080
20 1044
26 1477
21 1031
22 1211
12 1190
18 1421
18 1479
11 1226
28 1255
16 1070
22 1009
20 1468
23 1359
26 1355
18 1485
25 1084
28 1306
17 1347
13 1094
25 1420
11 1217
12 1000
11 1479
16 1070
13 1494
19 1290
14 1233
26 1269
21 1023
20 1289
12 1317
11 1408
16 1387
14 1073
16 1474
21 1164
24 1171
27 1121
12 1072
24 1001
21 1353
23 1059
28 1068
13 1456
27 1441
16 1062
24 1225
18 1014
13 1340
23 1203
12 1315
15 1096
15 1173
27 1422
20 1490
23 1116
12 1056
15 1154
24 1195
11 1399
21 1291
14 1205
26 1123
23 1239
26 1016
25 1243
19 1324
28 1244
27 1299
17 1469
16 1088
15 1070
11 1096
23 1217
20 1458
22 1346
13 1244
26 1020
27 1119
21 1062
22 1120
13 1102
12 1104
27 1176
12 1007
25 1351
22 1358
15 1499
19 1092
24 1040
24 1376
29 1289
19 1370
15 1030
18 1465
20 1428
29 1137
21 1165
22 1325
23 1145
13 1408
19 1457
20 1406
23 1068
15 1291
17 1222
25 1485
22 1183
12 1351
28 1142
16 1193
13 1478
28 1137
29 1212
21 1105
23 1319
27 1457
28 1249
29 1193
18 1114
21 1042
14 1377
17 1303
15 1354
26 1123
18 1080
13 1112
29 1414
28 1249
17 1440
20 1056
27 1260
26 1460
21 1251
29 1375
19 1055
23 1063
20 1484
29 1075
10 1064
25 1175
10 1417
27 1321
10 1465
23 1488
16 1121
11 1058
22 1356
18 1458
28 1090
15 1468
24 1053
10 1053
22 1167
22 1123
17 1211
15 1323
28 1229
27 1072
27 1448
21 1022
16 1258
17 1130
21 1169
12 1338
25 1048
24 1413
24 1306
22 1195
21 1124
24 1221
11 1097
27 1461
26 1016
11 1487
19 1310
15 1106
26 1116
25 1251
28 1295
14 1037
26 1324
13 1298
10 1431
14 1332
12 1045
15 1304
27 1388
23 1096
18 1060
10 1204
26 1346
13 1405
23 1485
29 1233
23 1421
12 1378
29 1019
17 1453
12 1036
18 1030
25 1491
14 1111
26 1207
17 1089
12 1385
20 1113
19 1050
14 1020
21 1390
24 1315
23 1452
26 1478
21 1131
14 1067
28 1201
18 1051
23 1395
28 1482
10 1496
11 1340
28 1269
22 1063
26 1137
20 1078
24 1245
17 1300
13 1409
11 1355
28 1457
14 1099
23 1083
25 1037
15 1238
15 1345
11 1171
28 1389
25 1273
15 1251
18 1272
26 1365
18 1145
25 1102
23 1264
17 1316
11 1120
17 1361
22 1072
28 1326
15 1433
19 1314
24 1378
13 1490
20 1491
17 1367
16 1411
23 1209
18 1306
10 1117
20 1474
15 1376
24 1411
24 1453
16 1241
20 1355
18 1016
18 1023
20 1125
22 1370
12 1497
15 1136
12 1494
15 1141
27 1400
11 1275
10 1430
13 1342
16 1273
19 1264
24 1350
21 1090
26 1128
20 1479
22 1305
10 1014
13 1219
11 1074
29 1168
17 1159
14 1122
18 1364
24 1045
23 1271
14 1206
18 1092
19 1459
16 1164
13 1116
14 1091
20 1226
23 1002
16 1416
14 1104
26 1089
19 1015
14 1048
14 1416
17 1298
19 1275
21 1193
16 1244
29 1243
16 1330
12 1425
27 1432
24 1371
10 1141
19 1083
19 1425
15 1156
16 1111
10 1458
21 1078
23 1307
19 1104
23 1107
28 1364
19 1270
17 1276
11 1364
28 1245
24 1385
23 1224
14 1297
25 1141
15 1236
28 1288
16 1482
10 1030
16 1099
10 1173
21 1026
10 1363
13 1454
11 1457
15 1073
22 1066
26 1499
13 1398
25 1195
23 1329
14 1383
14 1348
28 1143
16 1085
18 1019
26 1271
24 1209
17 1038
11 1119
13 1167
20 1377
29 1477
14 1128
15 1471
15 1266
10 1140
15 1266
17 1217
27 1273
17 1217
12 1235
13 1140
22 1066
25 1112
28 1125
25 1497
10 1326
27 1044
16 1313
17 1210
24 1113
11 1290
10 1172
15 1347
12 1107
27 1414
26 1407
22 1479
26 1110
26 1458
11 1309
24 1272
16 1402
23 1463
28 1479
19 1102
24 1140
11 1253
18 1433
11 1036
28 1070
25 1336
23 1041
29 1019
25 1448
13 1238
19 1488
11 1200
27 1312
19 1246
21 1487
26 1312
13 1110
12 1035
24 1395
26 1443
21 1488
29 1049
17 1470
21 1388
25 1042
26 1152
15 1480
22 1130
14 1156
26 1358
23 1359
20 1012
12 1398
12 1021
23 1296
12 1350
19 1290
27 1110
19 1101
15 1036
13 1300
13 1201
24 1356
11 1390
23 1128
21 1213
25 1407
20 1395
21 1444
10 1101
24 1034
12 1470
22 1168
26 1071
20 1320
14 1401
19 1319
20 1211
25 1044
11 1456
23 1380
21 1378
27 1380
27 1121
18 1432
16 1027
10 1254
15 1495
28 1452
15 1433
15 1209
14 1399
18 1063
26 1188
17 1499
13 1407
16 1313
21 1497
19 1240
23 1389
22 1168
16 1469
19 1128
21 1005
28 1380
13 1324
17 1163
26 1271
23 1015
23 1244
24 1436
17 1284
20 1362
13 1223
13 1485
10 1317
26 1194
15 1074
25 1256
24 1115
12 1495
21 1378
18 1413
26 1320
16 1044
22 1269
27 1231
22 1341
23 1112
22 1083
24 1426
20 1308
14 1384
28 1376
28 1136
19 1141
13 1017
10 1084
10 1495
24 1249
23 1145
22 1026
17 1209
17 1351
18 1237
10 1102
21 1092
22 1471
14 1121
26 1318
15 1246
23 1216
10 1414
24 1096
13 1291
23 1262
19 1178
23 1301
14 1371
26 1017
10 1475
25 1339
23 1329
27 1141
19 1223
17 1199
14 1487
29 1179
22 1417
12 1219
28 1483
22 1167
19 1008
28 1142
17 1472
14 1370
19 1018
16 1196
11 1351
15 1411
15 1167
12 1156
25 1237
23 1175
20 1359
26 1416
21 1402
21 1488
28 1035
14 1438
11 1370
22 1117
16 1131
15 1219
26 1195
14 1349
14 1104
23 1185
22 1482
10 1397
28 1166
29 1159
21 1401
13 1369
29 1294
12 1190
28 1033
25 1025
21 1348
29 1024
17 1428
18 1355
14 1331
20 1392
13 1396
25 1383
19 1405
14 1432
22 1109
14 1451
20 1181
22 1488
18 1499
14 1273
23 1095
21 1053
11 1084
18 1396
13 1491
10 1138
17 1177
13 1367
21 1436
22 1387
14 1022
13 1139
13 1124
10 1392
18 1119
24 1026
27 1330
26 1221
29 1065
28 1439
14 1285
25 1391
27 1439
11 1311
22 1149
17 1300
18 1351
15 1051
15 1476
15 1296
16 1472
21 1276
15 1223
24 1159
12 1112
10 1264
13 1470
20 1102
13 1005
10 1360
18 1433
26 1058
15 1418
14 1363
11 1141
14 1250
14 1103
26 1102
16 1338
22 1126
20 1419
17 1100
11 1314
15 1343
21 1418
19 1383
21 1357
10 1147
29 1232
15 1096
16 1460
28 1085
23 1127
11 1118
26 1440
11 1108
22 1076
29 1429
14 1342
29 1041
10 1354
12 1342
11 1039
16 1462
22 1132
17 1470
10 1338
29 1357
21 1202
20 1193
16 1146
15 1121
12 1201
11 1320
19 1461
17 1407
22 1247
19 1379
23 1080
29 1283
20 1195
16 1415
28 1023
20 1083
17 1088
13 1162
15 1450
26 1240
11 1254
10 1262
29 1034
16 1081
22 1443
23 1472
24 1299
27 1131
10 1064
21 1486
26 1233
12 1368
20 1021
15 1105
13 1120
22 1022
18 1204
20 1126
15 1084
24 1067
16 1383
21 1336
29 1212
15 1476
11 1242
11 1022
21 1089
22 1419
18 1187
14 1100
12 1326
27 1200
15 1117
25 1402
17 1441
16 1262
20 1006
26 1154
22 1119
22 1237
13 1348
24 1188
26 1248
17 1083
28 1069
26 1151
25 1187
23 1086
15 1066
17 1127
15 1145
18 1002
26 1032
29 1281
10 1472
10 1126
21 1143
26 1373
24 1334
15 1353
21 1251
14 1412
11 1257
21 1300
22 1106
18 1069
20 1161
12 1190
10 1473
21 1022
12 1011
12 1055
16 1427
16 1417
20 1299
29 1041
25 1042
28 1209
22 1070
11 1201
15 1157
19 1298
11 1210
28 1394
26 1255
29 1356
26 1419
19 1311
23 1046
24 1042
18 1430
26 1354
15 1346
29 1356
21 1073
26 1396
28 1481
26 1002
23 1100
17 1322
11 1215
26 1232
26 1408
17 1401
20 1446
29 1279
16 1058
15 1282
22 1080
25 1359
25 1115
19 1430
19 1013
21 1309
29 1144
22 1498
24 1463
20 1038
24 1295
28 1088
19 1374
11 1396
22 1334
17 1313
27 1045
11 1131
21 1204
22 1344
29 1079
21 1014
22 1482
27 1052
29 1249
27 1153
18 1232
18 1023
27 1433
23 1181
13 1328
23 1090
25 1420
25 1428
21 1043
29 1066
13 1216
22 1446
14 1163
25 1115
11 1160
28 1444
27 1443
22 1037
25 1494
27 1426
23 1104
20 1082
22 1044
10 1077
22 1049
23 1329
18 1488
19 1047
21 1085
15 1100
21 1335
14 1276
28 1449
18 1276
20 1206
12 1435
10 1267
28 1340
28 1073
16 1394
29 1474
11 1273
23 1284
21 1405
27 1365
13 1190
26 1132
12 1447
16 1148
11 1437
18 1395
24 1382
11 1259
25 1492
25 1417
29 1481
26 1290
28 1138
25 1116
18 1294
25 1461
13 1425
21 1311
16 1307
14 1424
22 1026
28 1052
22 1111
25 1427
15 1490
15 1041
21 1117
13 1211
18 1000
19 1342
24 1348
25 1434
13 1200
29 1409
29 1003
15 1123
16 1015
20 1252
13 1041
16 1087
22 1104
26 1138
19 1224
17 1024
16 1333
18 1184
16 1461
26 1197
14 1341
27 1190
18 1243
20 1294
25 1284
28 1458
28 1188
17 1229
22 1349
23 1141
13 1285
27 1296
21 1231
20 1320
22 1138
21 1233
10 1015
23 1282
12 1039
15 1201
25 1275
23 1442
21 1078
25 1444
24 1368
14 1361
12 1496
23 1478
16 1457
27 1231
26 1380
11 1406
25 1254
26 1431
23 1295
15 1088
25 1120
16 1485
28 1297
21 1318
24 1478
18 1248
24 1219
18 1368
23 1357
25 1110
18 1196
19 1104
15 1483
23 1256
22 1301
10 1089
17 1468
27 1110
21 1170
23 1113
26 1336
25 1201
13 1246
11 1254
29 1479
16 1228
24 1214
26 1248
27 1347
16 1463
28 1116
25 1228
25 1331
21 1410
19 1383
10 1105
19 1348
17 1162
27 1001
22 1013
12 1026
21 1272
18 1006
12 1208
17 1081
25 1155
17 1459
24 1007
27 1450
29 1388
26 1414
15 1374
22 1177
18 1170
12 1271
12 1204
19 1384
19 1089
10 1186
15 1189
28 1182
16 1313
27 1256
19 1213
26 1179
25 1405
23 1186
25 1087
11 1047
18 1239
15 1359
12 1268
26 1072
21 1313
22 1371
25 1127
28 1411
21 1130
12 1102
26 1065
19 1202
29 1237
16 1232
15 1059
23 1341
18 1188
22 1247
14 1290
25 1287
23 1074
12 1129
29 1154
21 1316
11 1151
14 1074
28 1430
26 1403
22 1343
13 1103
25 1484
27 1204
28 1186
10 1260
22 1425
16 1181
23 1416
11 1080
20 1312
12 1459
29 1164
14 1202
27 1298
26 1243
10 1251
22 1059
18 1320
29 1368
27 1122
16 1107
20 1194
11 1379
17 1106
24 1146
27 1322
18 1270
22 1345
17 1244
12 1325
21 1480
19 1325
10 1487
22 1097
17 1236
29 1318
22 1314
13 1009
10 1029
28 1312
10 1418
19 1366
28 1395
23 1448
11 1188
26 1007
28 1432
28 1033
10 1048
20 1006
29 1075
28 1014
14 1381
10 1180
29 1463
20 1342
26 1086
23 1286
10 1492
12 1200
23 1072
12 1352
19 1233
13 1366
29 1087
11 1278
19 1338
18 1123
19 1403
29 1213
11 1255
18 1216
21 1035
26 1028
22 1278
27 1070
20 1239
17 1420
13 1463
28 1495
17 1043
17 1397
11 1184
20 1270
11 1038
24 1112
22 1475
25 1367
10 1157
13 1140
20 1264
24 1168
19 1317
26 1035
14 1490
22 1135
16 1112
15 1205
13 1428
29 1423
23 1286
29 1021
18 1141
23 1066
29 1296
24 1107
18 1062
10 1232
29 1445
19 1381
26 1328
28 1206
25 1318
29 1363
13 1203
22 1467
18 1484
22 1426
25 1208
10 1002
19 1109
16 1007
12 1267
15 1259
13 1347
17 1312
28 1332
29 1032
17 1316
13 1151
21 1265
12 1321
29 1440
25 1260
28 1316
11 1190
29 1062
21 1029
16 1200
29 1414
10 1223
29 1241
27 1267
25 1199
19 1396
22 1040
22 1079
22 1002
21 1281
12 1286
11 1462
25 1322
27 1231
22 1245
18 1427
19 1312
14 1350
11 1438
29 1264
20 1457
17 1348
12 1471
24 1053
17 1089
10 1353
16 1348
26 1028
13 1252
11 1158
22 1329
14 1248
14 1381
11 1139
17 1287
24 1170
26 1099
27 1458
20 1223
22 1388
25 1246
15 1422
24 1103
15 1455
18 1008
10 1002
13 1023
26 1013
10 1144
23 1272
29 1181
10 1345
27 1456
13 1475
11 1370
28 1030
24 1443
27 1238
11 1210
20 1243
15 1455
13 1357
22 1394
19 1046
24 1469
29 1232
20 1362
25 1156
16 1274
12 1162
14 1023
28 1099
29 1334
11 1369
19 1437
24 1258
17 1041
25 1388
29 1443
25 1398
12 1243
20 1438
26 1095
12 1346
24 1117
12 1056
22 1473
10 1214
22 1439
21 1117
17 1056
14 1324
28 1118
14 1392
10 1338
13 1047
28 1466
29 1092
16 1432
15 1261
15 1034
26 1024
26 1241
12 1280
18 1490
10 1406
11 1282
17 1252
11 1302
25 1109
29 1280
12 1156
13 1394
21 1214
18 1384
25 1416
13 1384
10 1434
20 1192
28 1191
28 1233
28 1226
13 1408
29 1057
23 1147
25 1490
23 1395
13 1113
25 1036
25 1246
22 1382
27 1131
17 1325
18 1467
23 1399
19 1234
24 1071
14 1496
14 1498
29 1088
22 1357
28 1469
28 1115
10 1385
29 1147
27 1329
20 1178
27 1208
28 1098
21 1190
23 1336
23 1041
11 1194
17 1259
28 1135
11 1306
25 1132
19 1060
17 1232
23 1104
16 1187
27 1441
20 1285
17 1415
17 1060
12 1222
29 1251
11 1357
29 1481
12 1095
15 1029
13 1176
22 1216
29 1428
14 1087
28 1300
10 1444
28 1493
27 1475
27 1171
25 1226
23 1204
20 1352
11 1120
17 1415
15 1027
18 1029
13 1484
22 1125
27 1239
10 1182
22 1497
17 1074
28 1494
18 1233
19 1250
23 1217
26 1339
27 1209
24 1284
26 1178
15 1242
24 1039
21 1261
14 1424
23 1120
11 1131
28 1001
21 1174
29 1213
10 1469
24 1089
22 1033
17 1434
11 1353
13 1420
27 1092
14 1386
18 1167
27 1261
23 1495
11 1181
16 1080
25 1296
19 1287
10 1287
14 1297
20 1218
18 1470
25 1183
11 1154
15 1325
21 1373
24 1025
12 1490
23 1144
26 1210
15 1426
16 1253
28 1433
20 1157
29 1441
28 1337
19 1220
20 1337
20 1406
24 1212
24 1054
17 1495
22 1333
15 1155
12 1444
11 1035
22 1455
20 1402
11 1055
16 1355
19 1289
12 1140
29 1308
16 1463
14 1348
19 1277
25 1094
27 1033
13 1039
10 1332
19 1398
24 1257
23 1040
21 1415
14 1162
13 1402
18 1141
15 1178
10 1302
27 1204
15 1455
21 1274
14 1204
13 1363
15 1129
19 1207
29 1420
20 1147
13 1269
14 1052
29 1126
17 1207
11 1017
27 1052
26 1187
22 1148
16 1494
19 1141
20 1462
26 1260
23 1295
14 1022
11 1246
19 1131
11 1116
20 1071
11 1265
21 1468
11 1362
10 1015
29 1440
10 1164
15 1039
27 1264
16 1092
10 1234
11 1157
18 1376
15 1077
19 1011
19 1169
20 1176
11 1120
11 1230
16 1445
10 1155
22 1244
24 1345
18 1421
13 1255
14 1022
19 1245
14 1313
11 1039
27 1466
11 1289
24 1387
23 1307
29 1342
27 1380
26 1275
20 1487
11 1291
20 1119
23 1423
13 1218
10 1188
20 1297
18 1133
19 1481
18 1003
23 1174
10 1401
13 1114
23 1130
16 1167
15 1367
29 1082
12 1425
12 1093
10 1192
12 1027
27 1081
18 1220
14 1051
21 1487
12 1045
27 1218
21 1103
10 1114
14 1334
16 1459
25 1272
20 1131
22 1087
16 1131
18 1413
27 1060
11 1316
20 1413
18 1419
14 1060
26 1248
17 1497
21 1314
21 1198
10 1387
12 1463
23 1340
11 1105
20 1339
17 1273
27 1339
25 1210
26 1072
13 1380
18 1027
29 1071
20 1078
21 1497
14 1069
11 1423
26 1230
26 1438
16 1361
10 1357
26 1443
16 1317
25 1140
14 1146
22 1458
26 1299
25 1439
28 1473
10 1029
19 1137
16 1260
24 1441
10 1157
11 1078
19 1296
17 1384
17 1256
25 1324
20 1127
10 1471
17 1004
27 1145
19 1356
25 1456
11 1296
13 1423
28 1091
23 1404
22 1052
15 1302
26 1052
15 1410
17 1102
17 1449
26 1223
19 1487
29 1331
20 1451
22 1248
26 1185
23 1019
13 1071
23 1322
28 1469
17 1362
13 1192
25 1461
10 1156
28 1093
14 1139
21 1420
13 1351
15 1272
11 1282
23 1078
15 1408
18 1323
29 1066
16 1454
27 1418
17 1061
25 1229
20 1058
15 1054
21 1346
14 1020
21 1235
22 1036
22 1432
14 1379
21 1190
12 1452
28 1215
16 1051
28 1326
20 1337
23 1130
27 1278
17 1320
11 1175
18 1410
19 1116
14 1447
25 1105
21 1207
23 1410
15 1221
21 1312
24 1118
20 1379
18 1405
13 1122
20 1465
25 1270
21 1411
14 1256
12 1277
25 1412
21 1011
12 1437
19 1308
28 1377
16 1125
20 1421
23 1033
20 1494
29 1391
25 1118
24 1237
24 1458
25 1142
15 1113
12 1344
24 1310
23 1218
26 1082
15 1480
26 1329
15 1184
12 1353
14 1219
22 1137
17 1297
24 1111
15 1475
28 1377
22 1314
23 1314
18 1493
28 1116
27 1090
12 1484
12 1293
21 1355
22 1441
24 1403
28 1480
15 1179
27 1315
12 1435
27 1479
29 1188
16 1356
23 1183
11 1104
22 1088
22 1268
29 1436
20 1400
24 1455
21 1348
23 1235
28 1422
24 1086
12 1497
23 1261
28 1372
22 1275
14 1413
20 1292
25 1359
25 1436
10 1311
13 1070
16 1413
27 1465
14 1472
27 1007
13 1048
25 1071
14 1007
14 1359
24 1225
26 1286
23 1036
23 1063
27 1043
11 1238
24 1157
11 1153
18 1082
15 1161
29 1413
11 1283
11 1063
17 1129
19 1167
24 1020
14 1110
28 1342
15 1084
23 1387
17 1202
27 1110
23 1162
21 1460
29 1154
29 1282
18 1242
25 1005
16 1111
18 1046
27 1017
23 1119
17 1428
10 1195
26 1310
17 1372
17 1423
15 1152
17 1097
27 1342
10 1410
14 1435
22 1241
19 1284
17 1135
24 1013
29 1303
25 1490
26 1412
16 1249
18 1262
16 1075
27 1328
26 1005
19 1094
27 1351
24 1339
14 1197
16 1028
10 1421
29 1256
18 1017
20 1400
25 1168
15 1335
17 1002
14 1167
20 1113
20 1116
18 1225
18 1396
17 1444
25 1016
26 1293
14 1180
22 1138
18 1452
19 1456
11 1001
17 1110
16 1429
28 1270
16 1309
19 1484
20 1314
26 1384
10 1115
29 1289
28 1044
10 1051
21 1182
24 1189
10 1308
14 1334
25 1069
29 1306
25 1467
14 1328
18 1050
26 1233
29 1362
22 1248
29 1448
25 1299
12 1363
15 1427
13 1102
23 1213
15 1481
20 1159
24 1228
29 1484
14 1310
17 1094
16 1071
17 1438
13 1318
13 1427
14 1171
24 1316
21 1319
22 1480
23 1151
23 1412
21 1267
19 1400
14 1351
19 1423
22 1019
11 1064
25 1151
18 1098
11 1172
11 1084
24 1238
25 1120
20 1441
28 1346
10 1299
17 1456
25 1369
29 1365
11 1283
10 1490
13 1105
12 1279
10 1485
19 1177
15 1274
22 1356
22 1466
24 1356
11 1113
26 1462
27 1391
18 1335
26 1130
26 1408
29 1060
23 1194
19 1308
26 1189
12 1088
18 1046
10 1376
11 1493
22 1402
25 1355
29 1117
29 1008
11 1094
12 1046
11 1174
13 1367
29 1106
20 1302
11 1321
22 1096
21 1440
24 1391
15 1470
24 1037
29 1296
23 1436
12 1137
16 1441
28 1436
20 1252
24 1247
23 1327
29 1063
25 1151
13 1315
21 1253
12 1265
27 1178
17 1386
27 1242
17 1078
17 1015
23 1094
28 1073
25 1314
21 1069
14 1114
20 1351
12 1191
16 1285
17 1033
29 1341
18 1103
20 1330
23 1128
25 1427
16 1012
11 1181
13 1184
21 1167
20 1454
13 1255
14 1322
27 1120
27 1432
13 1083
12 1218
11 1037
15 1183
16 1174
12 1340
12 1465
19 1485
29 1147
10 1254
20 1210
28 1003
17 1390
12 1477
22 1229
22 1233
10 1317
11 1361
27 1009
12 1216
27 1171
10 1287
23 1176
15 1239
27 1033
22 1295
12 1200
12 1185
12 1092
24 1229
24 1076
25 1061
18 1043
20 1339
18 1377
24 1388
23 1197
11 1036
17 1049
21 1289
20 1302
14 1425
19 1433
14 1035
22 1480
20 1231
18 1151
25 1384
21 1248
16 1382
12 1371
28 1278
21 1032
18 1275
26 1109
15 1497
18 1135
29 1394
28 1342
21 1202
29 1051
18 1392
29 1314
12 1391
26 1394
29 1174
11 1220
19 1169
24 1428
12 1377
12 1416
20 1358
24 1476
17 1089
19 1400
23 1423
12 1269
26 1161
20 1011
22 1482
23 1131
17 1324
18 1179
29 1305
12 1232
19 1003
12 1151
18 1470
13 1049
24 1101
26 1451
19 1425
21 1425
13 1222
15 1206
26 1049
14 1019
20 1009
29 1184
28 1381
20 1460
15 1444
25 1075
13 1219
29 1373
19 1334
11 1117
29 1421
15 1300
23 1184
19 1171
12 1408
13 1021
26 1049
11 1161
23 1277
16 1164
14 1463
12 1389
22 1371
19 1033
12 1469
20 1172
12 1040
26 1145
16 1367
16 1013
20 1205
23 1419
17 1088
16 1023
10 1108
29 1313
16 1278
23 1344
11 1443
13 1412
15 1467
21 1070
29 1246
10 1352
21 1389
18 1267
16 1497
17 1133
16 1432
12 1368
26 1302
29 1150
15 1214
16 1201
18 1040
18 1170
21 1331
12 1479
19 1248
12 1428
14 1138
21 1046
15 1221
27 1156
26 1180
18 1395
19 1307
29 1151
16 1448
11 1023
14 1233
29 1407
20 1246
15 1078
23 1248
18 1111
14 1339
13 1294
19 1373
25 1200
11 1079
10 1335
16 1219
22 1014
29 1336
15 1067
15 1218
11 1469
19 1340
12 1030
10 1355
26 1164
16 1223
23 1119
19 1378
27 1406
24 1158
13 1361
22 1041
16 1317
10 1410
21 1148
16 1307
20 1447
13 1167
17 1457
14 1201
22 1031
13 1421
18 1169
29 1431
10 1426
15 1398
26 1366
26 1040
25 1157
16 1142
23 1245
27 1377
29 1135
11 1072
12 1033
20 1177
18 1121
11 1074
29 1065
14 1462
23 1307
27 1008
25 1017
18 1211
29 1303
21 1477
23 1062
12 1139
12 1214
26 1446
19 1147
12 1352
22 1356
14 1118
21 1145
23 1438
14 1197
11 1056
24 1095
15 1132
17 1431
11 1445
13 1122
12 1153
28 1168
10 1490
27 1019
10 1184
25 1388
11 1190
13 1261
16 1048
21 1007
21 1493
11 1117
19 1336
28 1006
29 1419
11 1215
17 1480
12 1259
10 1315
17 1263
12 1117
27 1414
18 1126
28 1344
22 1453
23 1118
17 1390
26 1438
28 1404
28 1146
20 1041
15 1022
23 1078
23 1442
10 1246
15 1362
23 1098
16 1231
24 1387
27 1152
16 1195
17 1346
19 1375
13 1207
29 1093
13 1093
12 1076
14 1159
10 1363
18 1062
16 1191
15 1451
17 1337
22 1472
17 1288
26 1260
16 1285
18 1238
18 1355
25 1386
28 1495
10 1096
24 1181
14 1333
22 1300
23 1016
16 1150
28 1013
11 1260
29 1260
22 1339
19 1188
14 1264
24 1144
20 1318
15 1470
23 1219
13 1268
12 1221
13 1286
17 1077
27 1327
27 1308
14 1420
13 1160
10 1477
10 1493
28 1024
16 1049
16 1160
27 1281
10 1491
11 1072
18 1103
23 1325
16 1273
24 1450
28 1415
18 1497
27 1152
22 1363
10 1280
26 1046
10 1105
24 1476
21 1425
28 1465
24 1260
19 1200
17 1434
21 1324
23 1479
11 1414
26 1066
22 1497
27 1101
18 1158
24 1317
19 1306
25 1269
12 1190
20 1075
21 1324
29 1301
19 1288
29 1194
11 1138
28 1188
12 1094
20 1360
12 1264
18 1235
25 1382
12 1469
20 1332
17 1082
16 1005
26 1031
22 1278
25 1305
19 1350
25 1461
14 1069
20 1304
13 1481
19 1022
26 1070
17 1324
15 1260
15 1174
22 1186
15 1110
14 1175
15 1381
25 1185
11 1334
29 1384
21 1257
27 1168
14 1256
29 1161
12 1167
12 1308
22 1340
16 1108
16 1386
17 1437
22 1160
16 1229
11 1428
21 1327
17 1456
17 1277
20 1127
29 1123
23 1101
11 1434
22 1337
29 1401
11 1170
24 1323
27 1134
22 1215
26 1280
23 1449
26 1140
11 1478
22 1204
20 1404
17 1248
14 1303
18 1183
21 1014
20 1232
18 1261
16 1009
16 1492
21 1253
26 1498
12 1100
14 1129
23 1310
13 1098
25 1110
13 1237
19 1074
23 1405
15 1286
27 1054
10 1398
12 1137
20 1338
13 1322
18 1126
24 1205
19 1366
19 1171
12 1316
20 1074
26 1329
22 1036
22 1018
28 1243
14 1336
18 1228
28 1268
26 1137
22 1394
10 1442
11 1081
23 1134
17 1253
12 1054
26 1190
18 1329
23 1397
16 1204
16 1403
28 1446
19 1277
24 1494
19 1405
23 1303
21 1322
19 1435
28 1303
16 1384
17 1239
16 1254
15 1013
25 1050
10 1049
17 1120
26 1289
14 1472
24 1278
18 1153
16 1234
26 1406
25 1006
20 1495
25 1305
21 1045
24 1316
10 1012
27 1345
11 1210
12 1463
21 1047
21 1041
29 1268
29 1302
28 1356
21 1150
10 1193
13 1225
26 1416
18 1267
12 1018
20 1111
19 1361
25 1469
10 1355
15 1123
25 1479
23 1223
15 1189
28 1456
29 1301
14 1264
18 1088
28 1112
20 1403
26 1080
27 1183
17 1305
21 1136
25 1308
11 1149
18 1280
11 1058
22 1465
13 1285
28 1285
18 1209
23 1222
10 1174
25 1339
26 1197
23 1272
23 1146
28 1210
28 1153
12 1279
10 1222
24 1347
16 1381
12 1400
28 1276
25 1449
24 1385
25 1183
22 1122
14 1058
13 1104
17 1498
20 1146
14 1419
17 1117
19 1470
17 1472
17 1234
13 1160
14 1256
22 1004
28 1160
22 1044
23 1298
12 1357
22 1053
29 1483
18 1166
17 1093
14 1137
23 1175
14 1062
22 1186
16 1087
15 1454
24 1047
24 1242
23 1309
15 1226
15 1479
13 1428
27 1144
19 1339
22 1222
24 1318
23 1280
11 1061
14 1450
29 1116
13 1214
13 1012
12 1048
25 1340
10 1290
17 1038
20 1209
29 1184
17 1301
12 1196
10 1084
12 1191
14 1031
28 1004
16 1314
29 1286
10 1495
28 1267
22 1443
21 1057
14 1010
18 1210
21 1067
10 1114
21 1429
10 1370
29 1318
16 1281
13 1198
29 1399
14 1445
21 1400
15 1379
15 1074
19 1357
24 1296
23 1406
12 1281
27 1203
29 1150
17 1440
17 1062
23 1056
11 1182
18 1121
14 1195
29 1387
28 1460
20 1162
21 1362
19 1050
23 1261
14 1498
21 1281
16 1361
10 1495
12 1087
22 1102
29 1238
12 1328
12 1462
23 1291
19 1198
16 1254
15 1055
23 1345
24 1117
18 1214
25 1438
13 1047