6250 5000
13 1423
16 1221
24 1369
16 1231
25 1340
18 1464
16 1463
10 1425
27 1155
23 1037
24 1165
20 1191
17 1137
29 1121
15 1294
16 1213
26 1194
21 1387
25 1377
13 1012
15 1174
15 1452
20 1350
19 1447
17 1495
29 1262
16 1327
25 1168
23 1329
11 1354
29 1470
16 1008
29 1141
19 1289
21 1273
22 1167
24 1156
16 1340
24 1104
24 1458
20 1210
18 1061
17 1003
27 1410
11 1189
20 1436
28 1416
22 1487
16 1385
12 1070
24 1125
14 1136
28 1366
16 1371
12 1059
18 1034
21 1170
21 1148
13 1245
26 1142
20 1183
28 1102
14 1418
19 1146
16 1236
18 1407
23 1180
28 1075
15 1054
27 1191
25 1407
22 1417
26 1316
26 1260
27 1349
23 1136
26 1061
29 1071
19 1318
13 1423
16 1014
10 1333
17 1484
26 1491
26 1069
29 1170
11 1188
25 1345
27 1408
21 1477
26 1428
10 1335
11 1305
14 1465
17 1204
18 1484
28 1112
19 1020
28 1312
28 1148
15 1367
15 1289
25 1193
14 1208
18 1365
28 1223
15 1259
12 1214
21 1344
27 1390
23 1489
28 1174
29 1432
21 1103
24 1411
11 1100
14 1171
13 1061
29 1061
11 1189
11 1307
14 1078
11 1193
24 1292
23 1012
22 1488
25 1430
17 1274
15 1468
18 1123
12 1386
17 1187
11 1423
19 1456
18 1336
28 1000
14 1055
26 1055
25 1427
16 1415
20 1380
13 1356
19 1082
15 1269
10 1003
12 1074
25 1069
13 1266
12 1339
25 1035
25 1497
29 1152
13 1348
18 1145
10 1006
11 1240
28 1372
25 1409
14 1204
21 1085
16 1009
26 1133
21 1051
16 1444
28 1118
13 1409
27 1397
25 1033
22 1131
15 1393
28 1187
28 1067
19 1089
27 1206
21 1079
20 1208
14 1195
10 1158
15 1139
26 1035
28 1005
26 1406
25 1495
20 1423
22 1362
14 1102
26 1104
28 1472
11 1001
29 1278
22 1237
24 1163
12 1314
17 1284
15 1326
21 1236
19 1186
18 1215
10 1468
16 1239
12 1315
16 1421
26 1381
14 1095
15 1274
21 1412
16 1462
17 1020
13 1117
25 1271
21 1110
18 1069
27 1282
27 1143
20 1269
22 1492
19 1349
22 1167
25 1347
26 1079
13 1313
16 1147
23 1445
11 1273
12 1082
29 1284
20 1440
27 1439
12 1184
17 1182
23 1144
26 1267
24 1398
20 1485
28 1215
26 1435
27 1313
26 1298
10 1090
15 1341
21 1375
10 1107
13 1365
17 1375
19 1060
25 1264
23 1247
14 1278
13 1361
14 1263
17 1395
18 1345
23 1144
10 1462
14 1091
27 1027
16 1193
12 1062
19 1317
26 1023
19 1332
10 1116
17 1463
15 1350
10 1232
22 1100
15 1077
12 1278
21 1011
28 1344
14 1238
19 1271
29 1451
10 1271
27 1363
29 1148
24 1367
23 1452
26 1339
13 1093
25 1252
19 1044
20 1178
24 1182
20 1072
14 1354
12 1486
12 1084
20 1157
26 1324
13 1167
10 1100
14 1485
12 1248
10 1077
19 1347
29 1077
24 1126
20 1240
29 1423
17 1379
12 1295
19 1056
28 1411
13 1064
11 1209
29 1240
16 1214
17 1235
10 1411
23 1330
28 1490
26 1384
26 1471
22 1102
13 1483
14 1367
26 1250
22 1180
11 1296
26 1216
18 1453
12 1190
20 1030
28 1064
15 1108
15 1441
21 1336
29 1192
26 1264
20 1255
26 1351
11 1058
11 1261
16 1239
24 1124
12 1269
19 1000
26 1259
27 1241
19 1090
23 1235
17 1450
28 1413
24 1224
25 1118
24 1269
12 1256
29 1440
17 1036
18 1190
24 1221
27 1134
16 1273
23 1208
20 1208
13 1186
26 1389
15 1476
20 1239
23 1423
18 1095
14 1333
16 1294
23 1424
16 1004
17 1148
10 1027
11 1052
28 1357
21 1269
20 1103
19 1421
23 1406
13 1053
22 1165
21 1243
11 1022
22 1079
19 1032
29 1362
27 1408
18 1292
14 1204
21 1072
16 1048
26 1254
17 1459
21 1360
17 1218
21 1371
12 1005
21 1357
15 1051
23 1101
25 1181
26 1423
17 1331
24 1401
26 1211
13 1455
21 1110
19 1297
19 1401
19 1356
15 1018
20 1081
23 1471
19 1193
10 1227
18 1456
11 1187
23 1427
11 1193
12 1458
23 1490
20 1290
13 1416
10 1403
15 1128
14 1143
11 1018
23 1263
28 1023
18 1293
24 1234
24 1338
15 1203
17 1412
13 1346
13 1099
27 1431
16 1446
13 1254
20 1131
19 1388
22 1166
20 1155
11 1083
28 1368
28 1153
13 1460
23 1124
19 1266
14 1136
16 1388
11 1100
27 1317
19 1031
17 1353
15 1151
13 1425
23 1293
27 1278
18 1034
18 1197
14 1138
11 1291
25 1216
22 1172
24 1205
10 1462
24 1255
12 1230
17 1200
20 1003
12 1352
12 1179
12 1251
11 1346
22 1448
21 1035
12 1176
18 1301
20 1057
11 1155
14 1010
15 1100
13 1220
24 1484
13 1234
19 1057
17 1308
10 1352
12 1012
23 1156
25 1359
12 1258
13 1132
24 1486
12 1237
18 1087
23 1152
16 1375
10 1137
17 1406
24 1428
15 1071
17 1226
29 1470
21 1428
22 1217
16 1079
10 1128
29 1074
13 1047
23 1018
25 1368
25 1424
23 1433
26 1380
23 1259
22 1016
24 1336
25 1253
10 1495
20 1191
20 1025
22 1202
19 1417
20 1444
13 1239
10 1208
24 1473
16 1449
25 1298
23 1399
16 1224
19 1164
16 1327
20 1194
12 1302
13 1168
14 1351
18 1256
24 1477
11 1015
20 1045
22 1184
19 1148
26 1172
14 1231
29 1155
12 1081
11 1445
24 1404
22 1001
16 1167
10 1298
23 1333
18 1317
11 1458
12 1193
26 1168
13 1066
10 1231
16 1280
27 1007
21 1077
19 1235
12 1120
17 1128
12 1475
26 1442
21 1455
15 1315
23 1380
25 1133
16 1165
24 1102
26 1496
10 1259
10 1200
29 1338
16 1226
26 1293
21 1436
20 1078
13 1194
14 1386
27 1179
19 1447
17 1344
21 1101
15 1489
20 1354
15 1007
18 1341
10 1145
20 1054
15 1064
14 1017
10 1286
15 1293
28 1424
24 1058
18 1379
21 1225
22 1308
28 1482
13 1432
13 1129
23 1160
11 1362
29 1162
13 1421
19 1247
26 1061
11 1422
12 1176
23 1491
27 1052
11 1496
29 1244
16 1287
22 1460
21 1032
29 1201
28 1054
13 1118
23 1414
29 1015
24 1161
12 1393
11 1294
22 1242
14 1343
19 1094
22 1470
28 1175
13 1454
21 1222
11 1027
21 1255
18 1431
27 1445
11 1026
19 1282
22 1089
15 1094
13 1416
14 1213
26 1248
28 1278
18 1100
15 1058
10 1333
29 1014
11 1480
27 1466
11 1022
27 1373
26 1153
21 1293
16 1241
19 1248
29 1303
19 1365
26 1426
11 1394
20 1266
18 1034
11 1168
15 1234
27 1246
19 1469
20 1474
21 1197
20 1429
20 1199
23 1016
18 1447
24 1499
10 1007
12 1350
24 1370
18 1376
16 1406
25 1361
20 1464
29 1417
26 1229
18 1069
21 1045
26 1161
15 1083
29 1191
22 1473
24 1369
18 1035
25 1212
20 1361
23 1265
12 1115
28 1108
12 1461
25 1041
20 1421
28 1117
16 1384
26 1090
14 1061
24 1321
29 1031
16 1160
12 1182
22 1262
14 1188
29 1112
26 1011
27 1335
29 1090
21 1351
16 1244
23 1260
29 1345
20 1154
27 1282
15 1398
13 1101
19 1145
11 1319
29 1396
13 1001
24 1052
27 1384
28 1112
29 1017
28 1426
16 1495
22 1417
20 1499
15 1412
21 1409
23 1432
24 1230
23 1369
28 1286
11 1098
12 1029
12 1023
25 1382
29 1408
19 1239
17 1262
11 1486
25 1305
11 1434
26 1019
23 1201
14 1219
21 1081
26 1131
10 1309
21 1218
22 1175
17 1248
13 1107
23 1152
19 1258
20 1044
18 1463
23 1300
29 1014
22 1453
18 1079
12 1244
15 1084
26 1058
25 1428
23 1101
10 1498
26 1464
12 1011
10 1277
19 1421
16 1464
17 1349
29 1370
16 1295
26 1282
20 1141
12 1396
23 1180
15 1289
12 1392
13 1429
17 1126
23 1140
28 1357
22 1430
19 1340
15 1118
23 1474
22 1439
21 1249
21 1354
15 1396
26 1378
25 1336
18 1432
10 1226
28 1302
11 1378
14 1464
23 1344
17 1162
18 1362
28 1309
28 1096
14 1102
18 1101
16 1294
16 1096
20 1022
20 1209
17 1212
12 1040
26 1351
11 1436
14 1184
13 1283
21 1354
12 1104
26 1066
20 1163
13 1381
27 1227
17 1175
18 1390
29 1051
14 1397
14 1140
14 1215
24 1167
23 1422
11 1386
11 1191
24 1232
13 1273
10 1118
13 1128
27 1367
28 1294
25 1355
21 1128
13 1185
22 1343
20 1012
23 1360
24 1376
10 1219
25 1335
25 1270
23 1234
13 1087
23 1460
24 1368
15 1444
13 1370
13 1425
24 1422
26 1095
28 1131
10 1405
22 1042
11 1236
21 1176
12 1240
12 1499
15 1475
26 1286
26 1175
21 1040
23 1322
19 1427
25 1263
21 1173
22 1133
11 1493
28 1118
12 1088
27 1259
24 1334
16 1272
19 1269
25 1173
12 1234
27 1398
12 1452
14 1306
19 1441
29 1342
14 1138
12 1285
20 1064
25 1493
15 1434
19 1188
10 1437
10 1254
18 1063
11 1101
16 1361
27 1363
24 1486
27 1098
24 1282
11 1021
17 1008
11 1380
19 1190
12 1015
19 1494
20 1115
19 1405
15 1491
29 1126
23 1420
15 1391
14 1437
23 1103
23 1131
26 1168
27 1360
18 1127
22 1004
19 1484
18 1117
19 1409
19 1215
18 1044
11 1499
23 1423
14 1208
26 1464
19 1263
21 1471
29 1316
29 1058
21 1414
13 1379
28 1460
28 1442
24 1276
14 1259
20 1114
17 1129
11 1243
22 1052
11 1198
25 1004
10 1272
20 1298
25 1075
26 1400
15 1087
12 1450
11 1165
11 1308
13 1454
29 1053
21 1390
22 1491
27 1002
12 1306
28 1114
22 1384
26 1025
20 1260
10 1457
16 1198
17 1424
21 1424
25 1382
29 1468
19 1221
13 1411
23 1221
28 1196
24 1017
15 1339
14 1002
23 1451
23 1001
15 1159
24 1312
15 1033
21 1180
29 1320
24 1025
20 1072
25 1391
12 1363
21 1261
14 1374
13 1002
25 1266
13 1166
19 1307
18 1309
18 1173
18 1372
14 1100
20 1041
18 1048
29 1220
16 1012
28 1141
18 1032
19 1407
29 1304
17 1338
17 1435
17 1475
18 1239
16 1018
17 1160
19 1456
27 1411
26 1226
13 1214
17 1095
12 1079
24 1007
12 1463
14 1275
16 1295
25 1327
25 1158
28 1398
14 1017
29 1184
10 1103
22 1497
15 1390
11 1311
18 1180
18 1063
16 1283
28 1318
17 1120
11 1203
20 1452
28 1032
23 1425
12 1383
26 1304
20 1357
18 1035
14 1222
10 1438
24 1256
17 1297
23 1292
11 1036
10 1072
18 1167
18 1321
13 1121
18 1423
11 1021
21 1249
24 1320
14 1299
25 1485
21 1281
24 1488
28 1283
22 1462
14 1011
25 1401
10 1497
29 1069
27 1496
21 1231
21 1325
27 1158
29 1037
18 1190
25 1247
27 1238
13 1083
10 1132
19 1422
13 1253
27 1409
19 1263
23 1248
26 1391
29 1141
28 1245
11 1395
14 1162
20 1056
27 1494
26 1111
28 1308
24 1028
27 1277
29 1415
15 1220
18 1107
13 1236
22 1213
22 1291
28 1036
12 1304
19 1049
15 1005
19 1101
12 1265
24 1242
17 1240
15 1148
28 1086
17 1199
13 1357
26 1476
26 1274
26 1447
16 1021
26 1299
11 1152
24 1065
17 1355
16 1184
12 1335
10 1269
19 1188
15 1109
24 1467
22 1315
23 1477
20 1469
14 1240
25 1193
25 1412
13 1310
20 1495
28 1396
29 1250
20 1469
14 1416
21 1076
23 1370
10 1259
17 1304
18 1304
11 1448
23 1365
15 1123
14 1085
12 1178
12 1402
11 1288
27 1409
17 1194
20 1192
18 1309
24 1374
18 1082
21 1457
18 1130
25 1025
26 1288
15 1420
25 1465
29 1158
20 1146
25 1439
18 1308
13 1423
27 1472
14 1012
12 1344
16 1036
28 1431
26 1399
11 1472
25 1065
24 1187
29 1141
16 1080
22 1110
13 1304
28 1151
28 1121
14 1259
25 1375
18 1383
26 1380
19 1194
14 1279
25 1373
28 1215
24 1187
22 1131
28 1171
15 1188
13 1253
29 1297
17 1367
16 1094
23 1359
17 1371
11 1199
16 1124
23 1092
17 1168
27 1164
17 1048
23 1256
27 1167
27 1320
13 1089
19 1074
20 1207
16 1326
20 1380
26 1251
16 1463
29 1393
12 1152
27 1289
14 1386
13 1187
11 1107
24 1297
27 1472
14 1243
13 1300
19 1014
13 1056
22 1388
28 1257
21 1120
23 1084
23 1210
23 1250
11 1296
10 1404
23 1413
21 1273
11 1171
19 1032
11 1280
22 1216
19 1340
11 1343
25 1257
12 1031
11 1416
13 1197
17 1316
26 1384
18 1202
17 1222
23 1258
10 1119
19 1289
24 1050
26 1203
15 1110
25 1165
13 1399
14 1095
22 1444
12 1317
18 1353
25 1459
20 1492
25 1425
22 1400
12 1403
24 1132
19 1135
23 1459
29 1189
18 1018
12 1217
24 1128
12 1054
13 1396
27 1438
27 1093
15 1274
13 1279
27 1332
18 1489
24 1258
29 1172
19 1404
29 1033
17 1366
16 1098
29 1448
15 1249
27 1326
16 1028
22 1440
13 1395
15 1214
21 1256
10 1206
10 1175
22 1485
26 1400
25 1376
25 1035
21 1392
20 1226
23 1167
18 1334
27 1435
24 1311
10 1063
13 1225
14 1129
21 1217
19 1248
21 1226
24 1375
10 1041
25 1249
10 1072
19 1291
19 1370
25 1028
20 1377
26 1413
17 1135
24 1426
15 1029
28 1191
18 1179
11 1100
16 1347
11 1169
11 1448
27 1010
10 1428
14 1220
14 1090
11 1481
15 1146
22 1186
19 1017
22 1178
14 1201
25 1449
22 1395
20 1029
13 1445
16 1087
20 1083
12 1246
26 1309
21 1018
17 1268
13 1390
18 1407
11 1019
16 1320
24 1236
22 1169
13 1096
18 1066
29 1209
25 1055
21 1359
15 1077
23 1034
17 1462
27 1394
10 1083
23 1320
21 1499
29 1046
24 1452
16 1366
22 1156
18 1056
22 1128
23 1482
15 1136
21 1315
18 1446
26 1402
24 1337
20 1188
25 1087
24 1384
23 1067
11 1014
19 1485
16 1320
28 1238
26 1033
13 1414
11 1275
15 1178
17 1416
14 1097
15 1449
25 1326
14 1463
24 1075
17 1094
25 1307
27 1423
18 1463
10 1063
14 1292
18 1140
11 1318
11 1234
11 1261
24 1405
15 1026
29 1485
25 1183
12 1281
10 1284
23 1258
16 1134
12 1261
19 1392
11 1367
18 1057
11 1205
16 1181
10 1159
16 1194
20 1094
13 1246
13 1222
20 1079
28 1039
28 1225
19 1233
28 1120
10 1364
10 1444
17 1162
26 1442
22 1257
22 1203
11 1380
14 1036
24 1414
16 1445
10 1399
11 1413
28 1280
12 1410
14 1205
19 1306
12 1092
14 1108
25 1477
22 1407
10 1143
26 1023
26 1328
21 1196
17 1334
11 1464
23 1445
20 1343
14 1372
29 1212
13 1390
19 1206
23 1259
14 1033
12 1306
11 1173
13 1318
12 1080
16 1120
18 1190
20 1260
16 1309
17 1106
28 1232
28 1141
19 1167
11 1204
13 1133
13 1028
13 1424
13 1242
28 1027
15 1334
14 1168
12 1369
23 1442
10 1297
17 1079
22 1060
29 1359
19 1264
26 1222
23 1136
14 1056
15 1333
28 1285
17 1085
23 1204
27 1365
29 1096
20 1053
26 1363
28 1145
12 1067
14 1281
11 1200
23 1230
18 1447
20 1071
18 1355
27 1402
29 1048
27 1377
22 1360
20 1029
12 1076
10 1278
20 1428
21 1074
23 1140
23 1390
29 1063
13 1143
17 1284
26 1066
13 1202
15 1169
22 1384
24 1427
24 1419
19 1104
23 1040
12 1018
20 1328
22 1103
28 1211
24 1426
29 1176
13 1401
10 1322
15 1405
21 1474
27 1364
25 1039
29 1103
25 1015
23 1213
14 1406
19 1389
13 1189
21 1022
10 1484
22 1347
18 1358
20 1206
19 1208
28 1047
27 1302
21 1269
18 1085
12 1250
29 1101
21 1412
17 1245
12 1169
28 1122
11 1057
23 1269
24 1204
28 1461
16 1274
13 1126
27 1079
20 1319
19 1073
15 1143
18 1257
23 1469
28 1206
18 1141
29 1228
15 1485
18 1175
10 1214
10 1121
14 1112
26 1497
25 1021
28 1220
10 1094
26 1151
22 1197
11 1218
22 1372
14 1307
16 1485
16 1191
20 1327
14 1352
14 1051
14 1020
11 1371
15 1327
12 1065
14 1002
19 1079
10 1276
25 1394
15 1408
16 1353
15 1159
17 1184
15 1328
27 1212
11 1052
28 1477
25 1187
20 1202
23 1404
14 1105
29 1245
15 1276
21 1037
15 1028
15 1407
15 1493
14 1256
17 1066
29 1448
29 1048
25 1087
25 1338
17 1189
26 1211
28 1292
19 1104
21 1463
22 1188
22 1494
20 1283
28 1306
14 1436
21 1463
22 1225
15 1010
20 1030
21 1304
23 1032
19 1406
19 1287
22 1091
26 1232
13 1453
10 1378
26 1148
16 1126
10 1029
20 1437
19 1099
18 1430
12 1416
29 1288
15 1256
20 1167
22 1412
17 1479
24 1170
12 1031
23 1118
10 1199
12 1081
20 1271
20 1002
11 1340
29 1127
12 1164
23 1346
22 1355
27 1291
17 1473
20 1198
24 1361
28 1490
24 1005
10 1430
29 1133
29 1091
12 1421
14 1401
10 1105
10 1391
11 1029
26 1179
10 1108
27 1125
27 1151
14 1242
25 1455
11 1015
23 1428
10 1064
19 1206
10 1093
13 1350
15 1274
25 1244
21 1118
27 1008
10 1186
24 1137
29 1141
18 1312
13 1237
24 1407
24 1032
16 1078
27 1085
14 1039
10 1438
14 1119
25 1161
18 1112
17 1079
22 1461
29 1290
24 1376
26 1204
15 1058
18 1487
26 1125
21 1363
13 1190
23 1095
19 1262
24 1068
27 1448
24 1401
15 1133
22 1347
12 1238
24 1090
27 1496
11 1100
21 1277
10 1349
12 1117
21 1225
20 1314
16 1161
12 1271
10 1151
12 1155
18 1154
21 1124
23 1223
25 1191
23 1431
27 1229
11 1010
20 1457
16 1473
24 1419
28 1169
23 1412
23 1462
19 1147
22 1173
22 1309
27 1111
25 1411
21 1293
26 1395
21 1497
24 1321
10 1117
14 1048
13 1260
11 1421
28 1042
21 1238
22 1294
15 1404
22 1267
23 1357
11 1123
28 1272
15 1419
26 1456
12 1233
22 1072
16 1079
25 1357
19 1320
10 1340
15 1088
11 1415
23 1144
11 1007
22 1130
19 1261
13 1452
13 1140
24 1002
19 1156
23 1205
28 1453
14 1456
28 1041
13 1150
17 1359
14 1178
12 1244
15 1126
23 1004
15 1291
29 1296
18 1121
29 1399
26 1418
26 1037
17 1479
23 1235
16 1051
27 1261
16 1151
29 1154
21 1022
14 1036
12 1083
29 1146
25 1054
29 1422
28 1285
25 1308
15 1063
11 1424
28 1478
25 1234
25 1323
10 1159
27 1095
20 1300
28 1158
27 1013
28 1324
23 1131
10 1419
18 1189
24 1080
29 1325
27 1362
28 1026
10 1420
26 1069
23 1026
27 1487
17 1403
16 1262
19 1010
14 1283
20 1432
15 1277
23 1190
29 1127
26 1265
19 1005
18 1032
16 1053
10 1343
15 1051
11 1443
19 1231
27 1278
18 1069
16 1405
27 1057
18 1142
22 1282
25 1339
27 1131
19 1444
26 1209
18 1059
26 1412
24 1274
20 1162
26 1040
16 1142
19 1114
29 1279
19 1090
10 1311
18 1150
10 1491
15 1417
18 1016
26 1304
17 1272
11 1383
21 1161
16 1414
21 1367
22 1131
28 1180
17 1444
23 1148
28 1337
10 1127
18 1373
15 1206
18 1343
22 1231
20 1008
18 1201
25 1363
19 1399
20 1273
14 1359
20 1219
12 1215
17 1033
27 1427
26 1019
13 1026
24 1373
18 1211
24 1345
28 1294
21 1369
21 1270
28 1411
14 1409
29 1171
21 1024
11 1017
28 1170
25 1130
12 1225
13 1167
14 1359
10 1339
28 1047
27 1424
24 1086
21 1380
17 1140
21 1338
21 1237
16 1380
14 1221
12 1471
17 1350
27 1120
14 1260
16 1384
24 1397
21 1475
19 1126
21 1219
27 1176
28 1372
26 1192
22 1073
29 1135
15 1250
13 1259
12 1380
22 1498
22 1342
19 1225
11 1420
27 1043
24 1340
22 1309
11 1054
24 1416
20 1499
28 1256
23 1464
10 1336
23 1206
13 1094
29 1464
26 1232
22 1398
12 1387
29 1024
15 1473
10 1211
10 1317
26 1310
29 1305
29 1048
19 1230
16 1342
14 1177
18 1200
22 1496
10 1149
27 1248
27 1390
19 1190
21 1491
10 1186
28 1147
24 1266
11 1259
23 1125
25 1036
17 1155
16 1370
17 1125
24 1306
27 1330
11 1250
10 1423
14 1409
26 1133
16 1233
13 1065
18 1354
22 1025
23 1168
21 1171
13 1147
11 1303
11 1389
28 1397
27 1072
22 1193
29 1005
23 1296
23 1012
24 1428
21 1173
24 1318
21 1442
25 1052
18 1044
19 1423
13 1272
13 1332
27 1302
21 1389
26 1222
10 1015
19 1196
25 1012
20 1406
27 1408
27 1016
25 1348
25 1378
12 1089
11 1396
16 1131
25 1359
20 1193
13 1182
16 1071
22 1176
12 1203
19 1146
20 1360
23 1242
28 1316
15 1313
10 1225
15 1239
18 1077
18 1373
10 1160
25 1063
21 1293
16 1367
21 1438
10 1479
15 1369
16 1407
14 1006
26 1303
12 1457
27 1419
16 1428
15 1494
14 1224
15 1474
14 1391
10 1327
26 1060
11 1381
28 1200
25 1312
22 1088
21 1016
21 1196
22 1154
26 1139
22 1210
20 1228
23 1195
13 1215
29 1391
17 1448
22 1067
11 1395
12 1339
20 1043
29 1396
11 1014
17 1075
19 1158
16 1238
11 1028
15 1025
23 1292
17 1276
21 1286
15 1317
18 1192
13 1272
20 1463
27 1214
19 1272
29 1321
18 1309
12 1233
17 1437
24 1374
28 1138
12 1432
18 1012
28 1077
19 1250
22 1222
14 1274
19 1044
25 1020
12 1309
21 1063
13 1170
20 1216
17 1423
21 1357
17 1306
19 1078
23 1108
11 1041
23 1267
25 1449
16 1014
17 1190
15 1411
22 1474
27 1191
28 1238
23 1282
21 1208
20 1135
12 1204
17 1424
22 1483
17 1108
18 1268
16 1167
26 1038
29 1302
10 1405
10 1230
22 1348
16 1452
26 1448
18 1201
28 1069
15 1054
16 1267
21 1190
29 1346
22 1339
28 1004
22 1347
23 1364
15 1319
17 1039
13 1017
14 1455
28 1206
24 1104
28 1022
14 1483
28 1481
26 1497
27 1259
15 1013
14 1022
24 1403
26 1313
11 1124
19 1044
18 1198
23 1345
18 1376
22 1211
28 1378
14 1086
28 1166
19 1277
18 1122
25 1255
24 1057
27 1115
13 1219
13 1497
22 1206
20 1435
24 1303
25 1149
15 1419
12 1289
22 1171
20 1280
18 1371
22 1048
28 1413
17 1281
29 1077
18 1315
20 1071
14 1463
29 1035
20 1330
26 1444
12 1010
11 1381
19 1106
27 1408
16 1060
12 1349
27 1211
19 1258
28 1486
10 1297
27 1402
29 1453
28 1142
22 1289
14 1406
19 1240
27 1341
17 1222
23 1340
26 1325
11 1331
25 1246
26 1215
27 1196
24 1407
24 1492
26 1059
19 1465
18 1067
21 1381
17 1355
18 1322
22 1103
17 1361
27 1283
27 1323
16 1047
17 1158
26 1236
22 1258
23 1348
11 1479
19 1281
13 1092
20 1402
22 1414
29 1027
16 1058
10 1193
18 1472
14 1086
21 1301
29 1375
10 1405
24 1053
22 1361
15 1237
16 1462
13 1442
26 1481
17 1312
13 1202
13 1256
24 1023
12 1119
18 1213
19 1254
17 1312
23 1144
11 1015
14 1074
16 1449
15 1423
12 1265
25 1350
19 1346
15 1370
27 1064
20 1107
26 1417
21 1076
20 1174
17 1304
10 1306
24 1420
18 1105
29 1182
26 1056
18 1238
26 1191
24 1400
22 1286
25 1477
29 1326
14 1230
12 1021
27 1365
11 1453
16 1156
25 1251
13 1356
29 1170
26 1297
12 1181
24 1104
16 1180
29 1100
18 1356
27 1016
12 1016
25 1391
29 1455
15 1073
28 1226
24 1095
28 1319
12 1322
18 1283
11 1346
18 1143
10 1195
25 1413
16 1303
25 1380
12 1136
22 1156
17 1165
20 1070
25 1167
20 1338
22 1256
27 1278
22 1457
22 1448
23 1212
13 1259
21 1023
12 1492
19 1469
12 1245
23 1102
12 1264
27 1363
26 1004
19 1357
26 1405
22 1103
22 1110
11 1264
26 1088
18 1022
26 1088
24 1271
20 1332
23 1318
16 1149
18 1353
14 1395
10 1302
21 1147
11 1389
24 1247
11 1360
24 1224
13 1369
24 1300
22 1206
24 1461
12 1129
16 1225
17 1451
14 1346
16 1376
14 1379
20 1302
24 1431
15 1398
17 1175
20 1019
13 1318
11 1417
13 1108
17 1209
15 1011
15 1005
20 1070
22 1297
17 1063
18 1381
10 1060
19 1086
28 1265
24 1211
13 1302
22 1046
27 1329
17 1002
24 1494
19 1238
29 1326
24 1243
20 1223
17 1184
22 1373
27 1278
20 1021
21 1080
10 1159
23 1119
14 1175
23 1276
23 1287
14 1225
29 1223
11 1286
21 1461
12 1143
15 1494
25 1282
22 1221
21 1049
19 1066
25 1306
17 1194
10 1024
12 1423
22 1374
26 1186
22 1393
10 1402
17 1457
16 1338
27 1431
20 1449
22 1006
24 1448
13 1239
14 1048
17 1013
11 1352
11 1479
10 1055
27 1006
26 1001
10 1435
22 1446
14 1105
28 1043
13 1222
25 1191
20 1392
24 1407
20 1462
16 1255
18 1016
19 1103
24 1383
15 1410
17 1418
27 1184
27 1141
10 1201
28 1005
12 1312
13 1114
24 1085
23 1277
16 1378
26 1354
17 1354
28 1344
15 1413
16 1160
13 1041
11 1237
20 1388
18 1042
14 1254
16 1234
27 1266
10 1132
22 1345
23 1374
19 1497
22 1215
20 1217
15 1151
19 1081
15 1477
11 1113
12 1402
16 1259
18 1386
10 1491
13 1111
26 1268
13 1091
11 1256
20 1245
29 1254
26 1377
29 1127
19 1042
25 1382
20 1316
18 1271
28 1476
18 1037
21 1430
20 1293
26 1133
20 1221
14 1335
28 1303
14 1355
18 1159
26 1097
17 1022
17 1079
29 1355
16 1107
15 1203
12 1455
16 1349
11 1441
24 1273
25 1413
27 1215
12 1156
13 1339
15 1442
28 1047
29 1164
26 1405
25 1490
14 1476
27 1381
17 1302
12 1108
24 1170
25 1260
10 1175
24 1398
24 1461
28 1307
25 1194
22 1427
14 1319
27 1229
22 1290
17 1215
15 1163
19 1232
18 1287
10 1264
27 1318
24 1339
12 1410
27 1485
12 1153
12 1071
17 1314
20 1423
19 1339
18 1250
24 1408
28 1383
22 1159
17 1218
10 1166
23 1011
14 1246
25 1365
24 1089
22 1447
20 1019
16 1358
21 1150
17 1408
11 1443
19 1169
19 1081
23 1158
21 1054
16 1093
23 1269
19 1215
25 1101
27 1002
26 1313
23 1081
16 1307
15 1421
29 1265
26 1480
29 1408
24 1254
28 1438
28 1349
19 1254
15 1352
14 1384
18 1397
26 1069
25 1183
16 1236
21 1153
17 1059
23 1470
29 1283
17 1201
25 1019
26 1160
18 1473
24 1487
13 1161
27 1191
22 1116
10 1411
20 1224
10 1213
12 1469
25 1222
23 1168
12 1083
21 1444
11 1186
13 1454
21 1045
25 1340
26 1041
17 1179
14 1052
17 1242
19 1248
14 1395
21 1191
22 1104
10 1216
16 1095
10 1475
25 1358
29 1020
27 1179
23 1310
22 1165
12 1333
14 1065
27 1290
24 1410
15 1151
12 1013
10 1032
25 1339
21 1071
10 1311
13 1044
15 1010
24 1226
21 1450
23 1174
15 1489
25 1391
10 1199
24 1135
20 1194
17 1189
10 1030
25 1230
14 1156
20 1473
22 1025
28 1207
24 1288
14 1138
14 1316
11 1281
11 1032
29 1306
29 1013
20 1285
26 1414
26 1089
11 1090
19 1472
21 1026
20 1460
23 1479
13 1038
28 1011
19 1457
25 1402
15 1393
16 1294
15 1306
26 1279
24 1210
23 1068
18 1300
25 1013
20 1012
17 1164
21 1192
28 1001
12 1378
13 1389
18 1472
20 1037
22 1082
29 1305
20 1137
26 1483
13 1227
17 1304
22 1335
18 1200
12 1226
20 1363
10 1437
16 1233
29 1470
18 1256
24 1206
22 1268
21 1314
10 1432
10 1330
23 1075
16 1345
13 1036
28 1442
16 1292
12 1394
10 1279
22 1412
12 1238
21 1107
20 1240
17 1151
29 1497
19 1355
24 1486
10 1355
19 1471
18 1259
26 1333
28 1339
23 1183
25 1252
20 1231
15 1453
20 1069
11 1432
24 1445
20 1424
27 1061
21 1239
26 1012
13 1059
23 1186
17 1201
29 1354
19 1073
16 1215
23 1211
10 1387
25 1447
15 1427
28 1352
17 1296
29 1427
20 1161
21 1299
12 1332
18 1324
10 1462
24 1213
14 1417
12 1137
17 1349
15 1048
12 1304
25 1226
27 1292
18 1456
17 1139
28 1109
22 1332
14 1067
28 1006
26 1369
19 1398
14 1333
16 1179
12 1025
19 1062
24 1328
29 1298
11 1237
18 1436
12 1244
26 1140
16 1022
17 1468
26 1237
27 1329
10 1312
10 1067
18 1200
24 1097
15 1323
21 1065
25 1492
21 1402
12 1403
26 1015
26 1093
20 1408
16 1208
22 1042
24 1040
28 1144
13 1117
17 1166
20 1011
15 1123
14 1385
12 1499
20 1118
27 1449
25 1334
24 1381
27 1460
10 1068
23 1409
16 1114
27 1191
17 1380
29 1339
22 1417
26 1472
12 1214
27 1451
17 1144
23 1360
19 1421
24 1453
10 1061
24 1358
10 1461
19 1094
20 1342
21 1322
25 1432
27 1467
22 1285
29 1162
14 1289
22 1449
22 1470
10 1476
14 1498
29 1425
17 1355
27 1103
17 1114
18 1381
15 1039
24 1001
20 1165
22 1199
13 1211
12 1266
20 1119
25 1042
29 1084
21 1377
21 1147
20 1273
27 1176
15 1037
27 1031
15 1473
20 1063
28 1117
20 1174
28 1351
15 1269
20 1474
27 1440
11 1232
25 1289
14 1161
24 1498
19 1052
16 1096
28 1272
27 1154
29 1451
25 1097
11 1477
14 1101
20 1242
28 1459
20 1108
29 1073
20 1159
23 1144
25 1157
19 1369
13 1125
24 1472
17 1031
16 1025
22 1049
25 1237
13 1000
24 1374
16 1451
16 1287
28 1395
20 1255
24 1277
16 1219
12 1488
22 1057
18 1431
25 1341
20 1002
23 1082
18 1031
18 1279
28 1156
11 1250
23 1346
27 1004
10 1234
19 1007
24 1458
12 1411
21 1425
10 1141
20 1250
12 1254
23 1471
27 1292
17 1339
12 1177
26 1364
28 1195
28 1348
23 1340
27 1215
20 1292
29 1068
12 1320
13 1061
18 1285
14 1299
11 1188
10 1447
18 1035
15 1483
20 1068
10 1081
22 1286
23 1194
14 1330
11 1115
29 1203
26 1406
17 1477
13 1313
27 1339
14 1031
16 1384
20 1061
29 1493
20 1277
16 1312
21 1251
20 1361
22 1040
27 1389
10 1427
29 1051
15 1220
13 1337
29 1020
23 1365
11 1122
16 1113
26 1351
14 1369
25 1031
24 1399
12 1092
15 1323
15 1441
11 1121
13 1370
18 1071
16 1434
13 1291
21 1273
27 1274
26 1343
19 1416
20 1054
16 1364
23 1065
27 1004
10 1285
22 1437
25 1214
25 1429
10 1267
10 1092
15 1194
17 1199
27 1399
22 1284
15 1464
17 1443
19 1165
23 1214
25 1007
25 1007
20 1424
17 1304
18 1461
28 1249
19 1200
22 1177
12 1244
23 1035
17 1352
18 1030
25 1404
28 1171
18 1015
20 1383
18 1365
20 1284
14 1459
11 1129
10 1483
10 1392
15 1302
29 1396
24 1096
25 1272
23 1081
14 1315
26 1001
11 1331
10 1303
23 1428
22 1249
11 1108
22 1196
10 1013
11 1464
13 1092
22 1039
18 1273
19 1046
16 1349
23 1425
11 1358
18 1159
16 1259
12 1332
20 1283
14 1312
15 1447
15 1131
18 1225
12 1231
22 1456
27 1264
24 1459
15 1101
29 1400
29 1358
15 1315
18 1068
13 1246
24 1170
13 1289
13 1148
28 1052
23 1014
12 1365
12 1191
29 1114
14 1411
23 1058
19 1473
14 1227
20 1305
20 1359
12 1202
13 1169
21 1417
21 1458
19 1315
20 1072
24 1329
26 1498
11 1482
22 1289
19 1002
16 1077
23 1431
20 1251
18 1035
17 1142
26 1208
19 1485
22 1236
10 1489
18 1398
20 1200
26 1465
15 1181
15 1197
19 1198
16 1113
16 1295
10 1476
22 1394
23 1458
15 1031
17 1381
19 1028
22 1207
22 1239
19 1481
19 1411
21 1160
25 1328
25 1462
22 1439
11 1304
29 1112
24 1351
25 1184
11 1373
22 1009
10 1261
15 1236
19 1087
14 1260
29 1455
15 1493
28 1031
12 1106
28 1270
14 1011
24 1137
10 1352
10 1271
11 1178
25 1241
24 1364
10 1027
15 1279
12 1460
13 1394
25 1166
17 1478
12 1217
26 1379
28 1499
28 1379
11 1409
11 1421
17 1281
16 1306
19 1136
11 1017
28 1286
13 1148
17 1124
22 1259
28 1173
12 1208
25 1338
23 1276
23 1084
26 1389
14 1378
27 1051
12 1007
17 1156
22 1181
15 1178
27 1095
18 1416
27 1008
12 1357
24 1094
28 1243
23 1399
21 1152
15 1233
23 1240
22 1069
20 1076
14 1024
26 1064
20 1350
24 1186
25 1303
22 1053
11 1236
23 1472
18 1129
24 1037
26 1096
19 1278
22 1392
28 1067
26 1295
17 1347
14 1468
23 1057
20 1020
12 1138
11 1337
18 1302
23 1267
16 1149
16 1398
23 1018
11 1006
20 1396
20 1308
19 1390
23 1053
23 1105
28 1169
28 1098
13 1202
11 1067
14 1259
21 1081
12 1004
15 1169
28 1444
16 1325
23 1453
19 1320
28 1485
14 1105
13 1065
11 1085
24 1225
21 1132
12 1330
10 1032
28 1495
19 1390
13 1243
24 1050
18 1298
17 1291
17 1110
16 1039
17 1255
25 1392
13 1038
15 1147
27 1011
21 1207
10 1335
25 1430
20 1164
18 1045
29 1017
18 1448
18 1164
13 1261
19 1339
21 1270
21 1241
25 1469
13 1298
12 1186
14 1108
18 1309
18 1403
24 1039
15 1270
26 1050
25 1070
13 1132
22 1365
27 1412
13 1059
26 1004
12 1227
13 1364
15 1326
29 1118
27 1403
11 1110
25 1181
26 1219
10 1283
17 1137
24 1488
11 1341
12 1163
18 1190
10 1349
12 1327
14 1075
19 1462
21 1431
14 1078
22 1129
14 1408
17 1014
26 1237
14 1070
22 1334
23 1295
15 1280
12 1239
10 1356
21 1307
12 1345
11 1020
12 1234
11 1234
20 1360
28 1486
11 1353
24 1407
15 1372
19 1420
13 1355
12 1373
15 1428
18 1172
24 1475
27 1005
20 1250
21 1176
13 1294
13 1458
10 1163
23 1201
22 1086
20 1400
22 1092
15 1165
24 1090
19 1233
14 1338
15 1491
18 1156
12 1177
19 1192
22 1131
27 1393
11 1224
18 1262
27 1300
15 1221
19 1460
29 1221
22 1263
17 1486
10 1467
23 1296
28 1447
27 1414
24 1305
23 1303
24 1055
26 1234
14 1218
15 1351
27 1493
23 1333
21 1112
16 1496
24 1459
24 1206
23 1160
23 1087
12 1389
23 1090
25 1472
14 1350
28 1252
29 1077
26 1280
26 1026
24 1333
20 1210
14 1059
16 1352
19 1448
16 1037
11 1297
14 1492
13 1155
20 1146
19 1485
20 1387
29 1438
17 1079
10 1431
29 1309
28 1231
29 1480
10 1033
16 1312
15 1425
28 1125
21 1030
24 1200
12 1315
11 1083
23 1465
12 1392
13 1091
16 1382
19 1353
20 1497
24 1427
10 1234
24 1429
19 1489
10 1102
12 1097
15 1286
16 1474
14 1026
28 1006
12 1477
17 1067
25 1475
14 1147
12 1186
17 1444
13 1435
16 1386
28 1067
13 1397
11 1443
11 1226
24 1351
13 1042
13 1497
15 1260
10 1183
10 1188
28 1411
19 1327
21 1117
27 1081
18 1352
26 1468
23 1406
10 1356
29 1139
26 1422
19 1465
28 1476
22 1244
11 1487
28 1043
27 1043
12 1458
14 1084
11 1256
14 1189
29 1452
20 1297
23 1437
12 1261
25 1207
18 1081
18 1367
24 1166
26 1382
13 1432
16 1209
10 1048
22 1191
14 1310
21 1307
12 1027
16 1186
26 1073
20 1063
26 1063
15 1103
19 1402
27 1308
25 1265
18 1266
18 1342
25 1390
11 1356
21 1234
12 1158
20 1079
15 1468
27 1277
23 1355
20 1403
29 1316
20 1259
18 1061
13 1143
12 1000
29 1298
18 1367
28 1315
29 1080
16 1333
26 1128
15 1253
27 1155
15 1183
13 1200
17 1069
25 1016
17 1229
11 1157
23 1300
27 1041
27 1168
14 1380
29 1064
17 1408
18 1357
26 1100
12 1005
17 1216
10 1054
14 1161
22 1403
23 1054
21 1090
15 1484
14 1235
28 1134
10 1419
15 1422
25 1198
10 1136
21 1331
18 1298
13 1157
13 1313
25 1243
25 1189
21 1112
17 1052
20 1072
28 1179
24 1321
17 1062
26 1358
26 1181
19 1061
26 1038
10 1255
14 1299
16 1102
17 1333
15 1396
28 1466
16 1384
24 1452
20 1344
18 1291
22 1314
13 1369
13 1121
23 1375
26 1046
28 1431
13 1065
27 1050
13 1338
15 1360
11 1216
12 1201
13 1060
13 1154
22 1097
12 1227
23 1493
24 1372
17 1454
12 1464
23 1123
17 1430
24 1178
12 1087
13 1146
28 1414
24 1398
18 1110
18 1102
16 1326
18 1457
20 1009
11 1384
12 1165
26 1397
15 1125
29 1081
29 1249
20 1264
14 1208
11 1257
25 1313
29 1392
28 1048
26 1022
16 1320
10 1028
17 1240
19 1488
16 1048
19 1344
28 1153
14 1306
19 1280
12 1404
11 1193
23 1436
14 1018
14 1254
12 1115
16 1376
27 1048
19 1434
16 1434
13 1278
20 1386
22 1456
18 1383
13 1480
19 1001
14 1403
26 1362
17 1222
28 1046
27 1106
10 1409
16 1007
17 1018
18 1236
22 1372
11 1410
19 1089
10 1000
18 1293
28 1041
18 1267
14 1237
29 1460
14 1189
21 1341
20 1400
27 1178
29 1167
11 1008
24 1276
18 1471
10 1473
28 1333
11 1335
28 1081
27 1278
29 1006
23 1051
15 1215
25 1081
25 1398
22 1010
10 1243
29 1024
13 1103
20 1077
10 1019
10 1470
25 1167
10 1067
24 1217
20 1343
18 1479
26 1100
27 1149
23 1255
16 1301
11 1374
27 1488
15 1259
25 1306
23 1159
11 1178
17 1442
18 1229
22 1297
20 1131
16 1104
23 1290
25 1155
18 1194
22 1315
26 1360
13 1460
27 1359
21 1068
15 1433
27 1487
10 1197
13 1224
23 1443
19 1395
20 1335
26 1047
12 1426
15 1375
28 1461
26 1223
10 1084
14 1123
23 1281
26 1262
26 1310
21 1428
21 1492
21 1398
20 1027
24 1275
29 1442
10 1039
17 1226
24 1237
29 1495
29 1064
10 1405
12 1282
20 1191
29 1146
12 1132
25 1064
25 1411
27 1269
13 1368
16 1140
26 1201
11 1114
21 1495
27 1032
12 1262
26 1257
18 1095
22 1385
15 1247
10 1280
29 1321
29 1341
21 1290
25 1399
13 1419
29 1139
12 1456
17 1247
16 1452
16 1194
21 1378
25 1191
24 1367
20 1461
12 1485
17 1144
25 1031
25 1468
21 1271
29 1195
16 1250
12 1169
17 1133
19 1478
15 1307
21 1395
20 1225
26 1447
21 1393
28 1361
29 1230
28 1234
10 1298
27 1220
20 1241
15 1232
20 1130
18 1262
22 1092
23 1108
28 1455
12 1041
20 1236
25 1143
12 1310
11 1192
10 1412
24 1423
20 1343
25 1336
17 1377
28 1128
16 1089
15 1140
12 1371
16 1454
15 1180
14 1292
21 1155
29 1360
11 1289
28 1475
13 1450
27 1171
25 1172
21 1363
15 1395
16 1241
12 1115
23 1254
17 1421
13 1427
14 1027
26 1297
19 1095
10 1271
29 1494
21 1388
14 1388
25 1453
24 1446
11 1201
16 1452
11 1363
27 1178
19 1281
22 1067
16 1394
11 1003
22 1405
29 1346
16 1114
19 1160
12 1318
12 1475
23 1005
24 1129
13 1182
17 1221
24 1138
21 1274
11 1421
28 1167
19 1048
24 1006
26 1276
12 1037
11 1461
12 1138
29 1179
24 1233
26 1333
11 1321
11 1093
15 1062
25 1244
19 1147
25 1292
21 1149
28 1182
20 1480
25 1489
22 1296
16 1442
19 1335
23 1406
13 1126
10 1304
13 1339
26 1179
20 1035
19 1397
16 1109
15 1140
18 1370
27 1283
23 1262
18 1355
19 1394
27 1171
15 1172
13 1303
23 1172
15 1111
13 1006
19 1434
17 1034
21 1426
28 1250
23 1157
14 1237
28 1427
17 1352
29 1225
21 1475
18 1218
12 1305
16 1040
23 1056
10 1225
19 1363
16 1238
20 1116
24 1397
21 1374
23 1269
25 1451
19 1498
25 1116
14 1496
11 1397
12 1152
13 1058
24 1411
15 1262
24 1022
10 1321
24 1224
18 1445
17 1256
14 1448
11 1485
12 1113
18 1476
19 1447
16 1412
23 1111
25 1272
11 1440
22 1069
21 1431
28 1200
13 1327
13 1043
17 1138
26 1318
29 1331
18 1085
10 1283
12 1432
16 1240
22 1273
29 1422
29 1018
20 1411
13 1341
19 1257
12 1298
15 1245
24 1423
29 1252
15 1236
29 1499
29 1350
25 1000
17 1137
15 1467
14 1021
24 1308
21 1290
21 1083
17 1405
10 1127
12 1145
25 1216
27 1289
15 1111
15 1040
28 1143
11 1470
12 1017
25 1343
13 1391
29 1056
28 1015
26 1197
15 1129
26 1004
26 1033
18 1393
20 1459
12 1208
24 1387
28 1451
12 1113
11 1083
19 1314
14 1090
22 1308
19 1111
13 1236
10 1247
14 1333
15 1101
12 1467
15 1376
24 1391
10 1347
17 1074
21 1297
15 1110
19 1301
19 1121
13 1129
13 1067
22 1452
10 1458
13 1103
22 1461
25 1426
20 1412
20 1285
21 1348
15 1357
29 1294
10 1253
21 1262
17 1072
16 1405
25 1098
26 1174
25 1369
18 1431
25 1485
23 1288
18 1165
26 1389
18 1483
10 1284
13 1039
14 1299
24 1175
12 1074
12 1103
23 1247
28 1245
14 1386
26 1492
21 1417
11 1205
10 1188
21 1140
14 1279
25 1064
14 1095
19 1210
20 1365
16 1356
29 1424
17 1046
13 1226
25 1459
27 1373
14 1314
20 1052
24 1128
12 1357
25 1311
19 1222
14 1015
23 1094
10 1134
10 1124
21 1252
29 1064
26 1412
19 1304
23 1445
16 1167
24 1201
28 1286
17 1001
27 1445
24 1107
18 1397
29 1062
24 1172
22 1440
28 1008
12 1037
18 1024
24 1081
13 1183
12 1374
20 1356
10 1162
24 1307
19 1258
17 1394
29 1287
17 1494
12 1210
21 1266
20 1426
26 1060
10 1487
10 1477
21 1317
20 1476
23 1069
27 1052
20 1360
28 1270
22 1228
29 1242
26 1396
28 1020
13 1222
25 1324
16 1270
17 1357
17 1194
14 1462
25 1197
18 1456
12 1242
29 1484
27 1250
11 1105
28 1369
16 1427
14 1219
22 1177
28 1414
17 1069
14 1495
22 1386
29 1204
26 1443
24 1304
17 1018
18 1357
20 1194
10 1387
17 1000
22 1025
19 1163
21 1063
22 1335
28 1221
17 1017
26 1331
26 1355
11 1304
22 1199
27 1417
19 1248
18 1011
23 1291
28 1302
12 1386
10 1144
16 1494
21 1054
18 1389
25 1037
20 1339
14 1299
23 1069
14 1341
10 1402
16 1491
24 1454
22 1099
11 1181
17 1111
25 1013
29 1045
18 1142
25 1264
22 1221
25 1316
19 1036
19 1427
23 1498
13 1024
25 1498
21 1410
16 1325
25 1374
18 1256
24 1300
19 1431
17 1002
20 1464
14 1083
27 1424
10 1342
25 1479
14 1190
28 1373
23 1339
19 1274
23 1313
24 1438
16 1243
23 1360
15 1426
16 1417
20 1244
26 1004
11 1204
16 1490
27 1453
19 1129
25 1321
19 1095
17 1311
27 1482
29 1394
25 1421
24 1491
21 1476
18 1275
14 1243
23 1374
21 1276
26 1114
18 1033
16 1051
17 1437
15 1432
13 1181
29 1262
17 1470
20 1290
21 1185
21 1137
27 1481
25 1141
21 1447
22 1479
22 1440
28 1256
25 1280
13 1350
20 1326
10 1382
19 1178
16 1009
15 1027
16 1045
20 1172
10 1408
17 1461
18 1344
14 1041
13 1160
21 1282
27 1139
27 1028
19 1369
28 1185
27 1093
27 1042
25 1462
10 1401
12 1239
13 1076
18 1272
28 1310
26 1110
12 1025
12 1031
26 1341
12 1222
14 1142
14 1225
23 1191
26 1372
18 1493
19 1213
11 1325
22 1158
15 1482
28 1444
17 1481
22 1244
29 1177
22 1212
22 1060
13 1159
28 1186
27 1452
28 1244
23 1152
28 1298
28 1047
15 1160
19 1203
17 1291
23 1083
15 1143
26 1088
13 1061
20 1303
13 1115
23 1077
21 1111
26 1179
14 1261
22 1071
12 1076
18 1329
29 1441
29 1119
18 1439
28 1385
25 1016
17 1097
28 1342
20 1244
16 1005
20 1103
10 1008
24 1236
16 1428
17 1160
16 1376
22 1098
10 1463
23 1499
29 1139
25 1413
11 1183
14 1373
21 1166
21 1224
19 1196
20 1095
14 1418
11 1145
26 1071
23 1098
29 1127
23 1186
13 1467
19 1488
19 1422
11 1230
27 1444
10 1172
14 1319
29 1179
15 1281
24 1190
25 1132
19 1491
15 1347
15 1188
21 1121
14 1027
14 1183
13 1070
24 1285
18 1198
14 1464
15 1392
10 1471
29 1273
21 1387
24 1184
16 1143
13 1386
29 1345
12 1181
24 1326
29 1137
18 1324
15 1412
16 1232
28 1251
23 1387
10 1023
16 1495
15 1277
14 1352
16 1125
21 1059
10 1052
18 1002
26 1490
22 1225
15 1334
23 1256
19 1422
20 1011
11 1348
16 1453
18 1260
15 1181
18 1473
22 1379
24 1335
20 1313
23 1228
10 1458
13 1303
25 1491
26 1360
29 1127
21 1431
27 1171
19 1091
23 1010
29 1218
28 1430
25 1281
17 1011
26 1449
28 1152
13 1360
25 1109
14 1132
22 1367
23 1340
23 1382
16 1420
23 1215
24 1429
16 1377
28 1265
15 1072
27 1471
11 1180
29 1230
23 1158
29 1453
24 1290
18 1332
12 1062
14 1402
12 1219
21 1019
25 1228
18 1103
16 1072
28 1493
24 1300
15 1109
15 1395
25 1176
21 1431
12 1392
19 1232
26 1194
25 1003
15 1336
17 1271
13 1303
14 1034
18 1395
16 1244
26 1115
13 1098
13 1317
14 1035
10 1137
16 1481
19 1222
25 1016
25 1163
26 1108
26 1344
10 1156
19 1093
20 1113
17 1499
28 1275
20 1123
10 1220
27 1366
22 1472
23 1253
21 1469
25 1291
20 1198
16 1397
23 1280
25 1299
21 1025
25 1413
10 1235
11 1356
14 1328
26 1314
19 1420
23 1111
18 1392
21 1428
11 1467
24 1487
10 1366
14 1417
11 1199
13 1372
29 1477
27 1044
13 1290
24 1497
17 1105
15 1081
10 1424
25 1176
29 1005
24 1439
29 1125
12 1352
17 1180
17 1448
28 1471
21 1196
14 1227
18 1189
15 1127
27 1183
11 1133
17 1213
15 1278
28 1275
19 1067
28 1142
21 1253
22 1064
29 1158
23 1189
13 1353
25 1260
16 1408
20 1274
12 1003
22 1422
19 1040
14 1419
17 1073
26 1116
13 1081
25 1369
29 1408
18 1434
28 1372
10 1243
25 1178
23 1067
15 1249
16 1159
26 1201
18 1333
25 1020
15 1062
10 1355
17 1035
27 1065
19 1328
17 1286
25 1306
27 1418
13 1166
14 1050
14 1391
12 1099
19 1116
10 1144
16 1155
25 1051
13 1132
23 1483
21 1118
22 1453
17 1375
28 1377
26 1149
19 1268
29 1272
27 1223
28 1102
12 1263
28 1399
24 1302
23 1356
19 1421
15 1323
18 1102
28 1430
13 1073
13 1010
12 1423
19 1071
23 1037
15 1050
29 1040
19 1167
11 1251
27 1204
13 1373
25 1124
10 1120
17 1043
21 1444
29 1157
14 1477
12 1028
28 1328
29 1454
13 1209
17 1437
22 1314
28 1429
29 1445
13 1333
11 1170
18 1306
21 1350
11 1217
16 1183
12 1324
17 1048
27 1454
22 1042
26 1038
17 1468
27 1300
23 1120
16 1262
28 1259
17 1439
16 1433
20 1062
14 1409
21 1350
28 1207
15 1111
23 1421
20 1294
20 1198
16 1414
26 1444
23 1432
17 1274
29 1047
18 1029
24 1496
21 1183
13 1030
24 1407
12 1375
25 1282
21 1141
22 1392
15 1438
12 1191
12 1273
14 1138
22 1461
13 1495
28 1289
28 1104
19 1143
10 1076
22 1130
14 1080
11 1311
28 1456
15 1043
15 1487
25 1051
27 1091
25 1284
27 1321
16 1264
26 1056
20 1287
28 1366
15 1075
27 1393
26 1413
13 1153
29 1239
19 1088
14 1201
20 1129
19 1377
11 1077
23 1286
24 1394
21 1259
25 1422
23 1405
24 1403
27 1465
18 1214
12 1141
13 1094
17 1093
29 1124
20 1131
11 1148
24 1123
24 1443
21 1349
29 1175
25 1080
22 1293
11 1323
10 1245
22 1046
13 1286
26 1010
13 1297
15 1065
14 1364
28 1314
13 1372
13 1329
23 1339
16 1487
26 1058
26 1319
15 1097
14 1391
18 1431
16 1432
25 1077
27 1007
21 1364
18 1072
23 1175
10 1029
22 1256
14 1083
12 1260
24 1205
25 1221
16 1472
11 1098
16 1243
24 1189
24 1364
27 1085
19 1039
26 1077
11 1220
23 1450
28 1087
16 1392
12 1183
26 1277
21 1205
21 1468
21 1229
26 1087
21 1168
26 1437
19 1197
26 1096
14 1417
18 1425
12 1357
14 1378
17 1169
21 1395
18 1078
11 1359
24 1041
22 1036
12 1294
23 1492
18 1371
12 1230
19 1239
26 1062
21 1188
28 1488
22 1458
27 1425
25 1028
14 1425
27 1043
17 1293
19 1323
22 1381
17 1406
10 1312
21 1407
28 1208
11 1004
27 1376
15 1462
15 1157
27 1032
19 1045
29 1050
22 1184
25 1426
14 1369
12 1344
26 1216
23 1388
19 1337
10 1009
23 1252
23 1212
29 1231
18 1033
16 1328
24 1451
29 1049
24 1401
24 1413
17 1426
11 1171
22 1479
19 1467
24 1492
12 1302
17 1142
22 1226
20 1348
29 1007
12 1180
21 1485
23 1016
21 1182
19 1359
15 1228
26 1119
23 1011
20 1237
24 1453
27 1248
11 1353
10 1202
24 1213
29 1497
19 1008
19 1283
24 1096
20 1380
20 1366
19 1431
28 1378
26 1351
15 1171
18 1444
18 1003
27 1041
12 1468
16 1221
28 1432
11 1171
28 1488
15 1190
15 1413
15 1364
13 1379
12 1058
27 1286
12 1298
19 1202
17 1051
17 1190
22 1011
14 1409
17 1315
12 1285
24 1404
23 1159
13 1321
17 1230
11 1107
17 1049
29 1183
12 1096
29 1370
20 1182
23 1278
23 1291
24 1286
28 1130
11 1111
22 1220
25 1465
11 1135
17 1041
29 1336
26 1450
12 1496
13 1045
13 1219
21 1233
18 1196
23 1146
23 1448
14 1113
14 1225
19 1350
10 1003
16 1436
10 1169
25 1458
17 1377
25 1396
23 1136
23 1454
19 1211
26 1398
28 1053
25 1029
10 1074
21 1158
15 1236
25 1350
11 1467
15 1492
28 1444
27 1435
12 1029
10 1490
26 1026
12 1147
22 1337
15 1019
29 1318
11 1422
14 1481
21 1474
15 1357
23 1149
17 1444
14 1266
25 1084
12 1182
27 1231
19 1032
11 1341
26 1051
14 1456
16 1429
28 1156
24 1177
27 1193
29 1041
10 1253
11 1065
28 1264
29 1077
17 1177
21 1332
27 1316
28 1081
23 1367
15 1130
21 1242
16 1147
22 1449
29 1479
10 1043
18 1048
18 1194
11 1136
25 1104
13 1346
16 1371
10 1287
14 1236
11 1289
27 1267
10 1328
19 1114
21 1297
27 1390
19 1395
24 1209
24 1421
11 1413
27 1251
15 1489
19 1122
12 1454
26 1113
10 1002
19 1169
15 1281
28 1002
16 1363
23 1193
20 1040
27 1326
10 1122
28 1006
26 1235
15 1248
29 1323
17 1057
15 1424
24 1273
25 1060
14 1334
27 1424
22 1177
11 1260
24 1086
16 1370
24 1133
22 1198
11 1318
18 1150
27 1398
14 1086
17 1422
14 1311
16 1185
12 1095
21 1458
11 1451
11 1338
13 1005
20 1096
29 1284
12 1343
17 1193
20 1044
20 1261
25 1331
14 1096
18 1076
24 1343
25 1322
11 1101
24 1075
25 1050
20 1100
18 1286
14 1340
18 1174
23 1136
21 1042
18 1221
19 1012
19 1055
25 1304
29 1397
24 1239
27 1186
21 1350
26 1131
25 1499
22 1441
27 1484
23 1161
20 1466
13 1466
23 1410
23 1119
19 1055
20 1198
18 1182
19 1023
16 1251
20 1332
14 1472
19 1225
15 1243
24 1146
28 1229
23 1054
28 1072
27 1027
13 1074
24 1357
17 1230
23 1489
28 1005
25 1130
19 1102
11 1101
27 1372
20 1427
22 1081
21 1351
14 1255
19 1420
21 1425
17 1192
28 1401
19 1183
28 1004
15 1253
21 1398
11 1138
19 1337
10 1249
13 1056
16 1289
17 1222
27 1442
25 1348
26 1298
16 1422
23 1106
11 1247
23 1302
25 1107
26 1207
12 1092
16 1137
21 1142
21 1435
19 1105
28 1061
20 1002
10 1240
13 1425
27 1066
23 1166
18 1301
24 1274
13 1252
20 1283
12 1498
11 1178
11 1106
12 1492
17 1054
28 1261
16 1379
13 1290
24 1282
17 1211
21 1153
12 1451
11 1393
10 1496
23 1053
13 1371
10 1028
25 1468
29 1414
26 1156
26 1012
25 1020
17 1358
20 1280
25 1289
13 1236
26 1078
12 1307
13 1471
28 1302
18 1287
20 1021
21 1381
26 1037
19 1153
22 1486
17 1300
10 1288
23 1089
29 1281
22 1000
15 1446
18 1134
12 1376
12 1445
18 1270
17 1085
28 1289
17 1476
14 1065
16 1463
13 1295
12 1244
11 1266
26 1098
12 1381
21 1452
12 1059
13 1090
17 1370
27 1254
10 1306
18 1163
28 1249
15 1322
13 1142
22 1060
17 1308
11 1178
25 1011
26 1350
23 1096
18 1496
27 1131
13 1276
14 1429
11 1227
17 1066
27 1433
11 1231
14 1368
26 1356
28 1373
13 1106
24 1463
21 1278
21 1187
19 1157
26 1005
16 1002
14 1045
24 1156
26 1129
13 1353
18 1301
28 1386
13 1045
27 1404
20 1175
15 1267
23 1165
26 1107
28 1188
22 1163
18 1147
13 1312
21 1086
17 1360
17 1478
12 1250
19 1298
11 1358
26 1357
12 1326
23 1223
11 1402
19 1481
13 1306
18 1088
29 1423
12 1158
19 1242
15 1111
16 1468
10 1349
20 1497
25 1045
29 1496
13 1211
15 1449
27 1362
10 1349
10 1446
29 1092
16 1138
26 1030
25 1390
19 1189
28 1340
28 1240
10 1356
20 1150
17 1309
11 1196
22 1198
25 1047
19 1200
14 1405
12 1321
14 1473
27 1409
17 1186
24 1329
27 1164
13 1217
14 1119
19 1382
14 1204
20 1077
28 1491
22 1043
12 1143
24 1095
22 1292
10 1497
14 1001
28 1440
18 1259
29 1095
21 1338
24 1115
25 1196
14 1456
11 1377
29 1108
11 1071
14 1360
14 1420
25 1029
28 1187
11 1328
16 1303
26 1446
24 1277
29 1069
29 1256
21 1342
18 1450
19 1213
17 1283
19 1131
10 1387
28 1072
22 1172
13 1456
16 1178
21 1464
14 1339
16 1152
27 1448
29 1083
24 1255
11 1005
10 1374
21 1081
23 1125
26 1330
22 1451
15 1395
13 1024
10 1031
12 1287
17 1262
11 1494
19 1008
26 1342
17 1286
13 1398
15 1408
15 1123
27 1058
20 1121
20 1041
15 1417
13 1269
28 1056
10 1049
25 1416
26 1314
22 1462
20 1148
14 1386
18 1118
15 1305
28 1370
16 1046
27 1481
11 1396
19 1462
22 1195
12 1106
21 1255
25 1308
16 1436
14 1334
26 1139
25 1499
12 1037
27 1257
25 1001
21 1345
13 1275
15 1027
13 1442
26 1394
15 1045
19 1298
24 1402
16 1208
20 1329
11 1452
22 1441
21 1451
10 1346
14 1442
10 1196
24 1169
25 1237
17 1130
25 1080
12 1360
24 1281
12 1038
10 1156
11 1044
26 1076
17 1415
25 1138
12 1432
19 1370
26 1454
16 1223
22 1423
14 1123
13 1334
19 1032
18 1486
27 1371
24 1223
18 1280
18 1135
26 1192
27 1437
17 1125
24 1116
14 1120
19 1253
15 1356
18 1345
23 1325
22 1066
10 1417
12 1162
23 1128
26 1262
26 1016
29 1248
25 1339
14 1098
29 1473
29 1477
23 1193
20 1471
17 1054
18 1280
10 1468
18 1347
25 1103
24 1052
29 1358
12 1123
10 1264
11 1207
13 1367
13 1100
12 1070
18 1215
28 1464
22 1275
21 1245
17 1155
27 1272
28 1412
20 1089
24 1164
14 1179
17 1112
28 1398
26 1299
14 1379
11 1368
28 1302
29 1148
25 1297
17 1493
13 1132
10 1205
14 1212
18 1241
15 1232
19 1352
29 1065
11 1331
20 1398
22 1224
26 1059
17 1277
28 1042
18 1145
18 1354
17 1043
11 1086
28 1164
14 1425
27 1159
27 1276
28 1016
20 1459
14 1303
19 1485
22 1213
18 1255
23 1087
18 1010
29 1418
26 1240
21 1381
11 1089
29 1052
11 1065
11 1177
26 1274
11 1148
23 1091
10 1231
24 1044
22 1314
29 1216
28 1491
26 1048
18 1215
29 1102
16 1250
23 1043
27 1207
16 1482
20 1309
26 1217
22 1359
13 1008
29 1420
10 1457
22 1091
21 1077
14 1390
25 1157
26 1225
11 1125
15 1027
12 1059
16 1189
21 1083
28 1412
24 1380
27 1043
28 1265
12 1298
23 1287
14 1238
12 1284
20 1431
11 1074
29 1351
12 1255
19 1215
11 1316
28 1155
23 1412
29 1004
28 1395
26 1419
10 1454
17 1016
13 1151
23 1241
15 1036
26 1159
11 1324
28 1098
22 1031
17 1192
12 1292
23 1348
19 1291
11 1063
20 1339
25 1203
23 1237
14 1166
13 1219
17 1312
25 1352
17 1192
21 1218
12 1434
10 1433
11 1368
20 1241
26 1250
14 1367
26 1146
18 1004
15 1307
22 1062
22 1229
23 1171
29 1016
21 1119
15 1063
23 1174
22 1006
24 1484
27 1075
14 1143
16 1445
16 1393
22 1276
12 1112
15 1133
14 1314
20 1278
14 1462
13 1018
16 1437
27 1099
11 1382
16 1416
21 1246
14 1324
22 1305
12 1191
23 1215
20 1104
11 1433
19 1427
25 1470
19 1335
20 1060
11 1329
10 1133
11 1238
19 1146
19 1434
12 1249
28 1218
18 1093
14 1042
15 1305
27 1480
19 1050
10 1482
21 1316
15 1203
23 1239
22 1355
20 1491
25 1095
10 1210
28 1242
12 1366
29 1465
23 1077
24 1437
18 1058
21 1088
24 1342
11 1282
26 1344
10 1296
28 1298
12 1488
26 1411
24 1175
20 1258
14 1224
11 1108
21 1276
17 1387
12 1409
13 1155
29 1238
27 1022
22 1048
10 1202
10 1458
19 1266
25 1039
22 1163
20 1320
23 1270
18 1183
20 1375
21 1391
23 1356
24 1024
25 1027
25 1478
21 1092
24 1184
15 1459
22 1423
26 1079
19 1018
14 1115
19 1092
26 1015
10 1104
12 1042
22 1181
21 1053
25 1291
26 1426
25 1070
15 1141
10 1395
21 1369
11 1300
26 1020
27 1306
12 1126
27 1015
10 1063
27 1226
28 1140
20 1480
23 1028
24 1021
12 1211
24 1152
28 1071
14 1335
25 1019
15 1011
17 1246
29 1446
12 1057
23 1175
15 1057
19 1348
28 1144
14 1051
23 1486
28 1402
13 1331
28 1496
27 1420
29 1444
14 1418
11 1079
28 1164
11 1146
26 1222
27 1066
28 1320
27 1392
27 1371
13 1164
28 1207
15 1138
14 1380
14 1080
10 1396
21 1057
27 1050
13 1399
15 1303
20 1096
23 1226
12 1463
25 1090
29 1203
22 1347
15 1449
27 1171
16 1244
10 1000
26 1136
22 1309
29 1252
22 1149
20 1213
27 1240
27 1203
15 1361
18 1496
17 1467
15 1444
25 1418
22 1416
16 1398
14 1433
24 1146
11 1005
10 1380
12 1299
12 1059
26 1345
28 1147
20 1062
12 1410
23 1373
24 1454
18 1489
16 1016
13 1347
10 1049
29 1022
18 1451
15 1157
25 1226
26 1258
25 1363
12 1335
23 1217
14 1410
21 1442
25 1056
17 1153
19 1127
28 1019
29 1151
13 1085
18 1078
12 1107
19 1485
18 1070
18 1062
13 1205
11 1012
24 1145
28 1143
11 1203
23 1135
10 1055
21 1457
29 1283
27 1174
23 1386
11 1486
11 1072
19 1079
16 1199
24 1287
25 1381
22 1274
26 1428
20 1129
27 1400
25 1079
22 1481
23 1204
13 1138
10 1310
26 1034
28 1099
13 1108
26 1053
19 1489
29 1005
21 1417
16 1346
29 1264
17 1085
17 1153
25 1137
13 1337
14 1389
10 1309
15 1439
27 1349
25 1458
24 1158
20 1492
21 1408
13 1283
16 1332
17 1315
24 1301
24 1056
24 1112
28 1327
10 1047
11 1460
20 1301
26 1166
14 1191
17 1142
18 1385
13 1293
11 1059
29 1035
11 1017
26 1018
18 1426
29 1346
27 1090
29 1317
22 1118
17 1435
26 1153
15 1445
15 1054
12 1292
12 1127
19 1408
16 1065
23 1298
25 1047
18 1329
29 1308
16 1105
28 1458
19 1493
19 1244
14 1298
16 1251
13 1472
11 1457
19 1398
15 1331
10 1493
10 1028
23 1496
17 1333
25 1267
11 1285
27 1275
19 1093
28 1371
10 1164
15 1380
27 1496
10 1163
20 1163
20 1071
19 1427
11 1411
12 1498
23 1015
17 1365
26 1115
13 1194
19 1241
29 1137
21 1340
16 1330
24 1005
27 1395
21 1092
20 1193
10 1332
27 1361
26 1283
24 1271
11 1250
19 1142
14 1038
13 1240
22 1202
21 1210
11 1036
14 1358
27 1148
12 1312
10 1212
13 1064
28 1270
22 1040
21 1166
13 1065
18 1437
16 1067
12 1277
25 1149
11 1439
27 1400
10 1253
29 1273
19 1310
16 1444
13 1145
12 1226
21 1381
21 1391
11 1299
22 1173
17 1403
23 1347
19 1180
19 1210
19 1145
28 1460
19 1267
11 1391
16 1109
10 1249
15 1336
12 1077
27 1248
16 1396
10 1043
15 1478
16 1044
23 1270
10 1376
18 1414
29 1189
12 1118
16 1200
14 1135
18 1074
10 1218
26 1144
19 1145
24 1343
23 1162
29 1252
29 1025
26 1386
26 1212
10 1428
29 1173
12 1402
19 1346
22 1001
14 1346
26 1499
18 1179
22 1471
12 1315
20 1469
17 1164
25 1497
20 1111
17 1066
17 1291
14 1414
20 1217
20 1280
16 1054
23 1338
16 1305
15 1397
18 1190
19 1259
21 1314
27 1223
22 1313
24 1410
19 1416
29 1237
24 1276
25 1251
16 1324
26 1431
27 1121
16 1389
20 1474
13 1326
17 1047
22 1202
13 1429
26 1028
10 1465
19 1288
23 1196
27 1295
21 1051
22 1345
18 1154
15 1067
22 1392
28 1251
23 1082
23 1460
23 1322
17 1001
23 1428
19 1158
27 1180
29 1374
23 1251
25 1469
18 1262
18 1333
19 1257
19 1390
20 1060
23 1299
12 1475
18 1283
21 1154
25 1052
28 1088
16 1080
10 1264
29 1028
14 1404
26 1441
14 1045
14 1242
27 1207
24 1053
19 1219
20 1205
24 1418
24 1356
14 1489
20 1363
10 1140
25 1134
20 1096
15 1068
28 1028
14 1147
26 1159
17 1176
26 1188
17 1011
23 1298
11 1396
20 1176
13 1323
26 1334
18 1339
17 1076
15 1213
12 1218
14 1370
18 1411
28 1217
23 1343
19 1486
27 1034
25 1198
16 1368
22 1190
23 1233
20 1071
17 1426
27 1187
22 1017
29 1209
10 1453
28 1101
27 1068
21 1195
19 1244
23 1098
21 1452
18 1462
13 1114
25 1274
19 1023
12 1384
27 1461
10 1251
15 1143
13 1198
28 1046
13 1185
13 1197
29 1011
29 1008
17 1214
25 1338
16 1049
19 1198
19 1030
14 1435
25 1015
13 1218
24 1429
25 1031
28 1402
22 1394
10 1466
18 1246
14 1400
13 1374
11 1059
23 1441
19 1451
21 1484
24 1354
25 1296
17 1380
13 1036
24 1142
18 1174
22 1326
24 1148
13 1288
21 1110