6300 5000
15 1381
27 1161
22 1251
26 1177
21 1206
29 1403
21 1224
14 1042
26 1181
25 1472
25 1214
26 1467
15 1217
25 1091
15 1124
26 1277
26 1138
21 1170
10 1298
11 1015
28 1213
24 1370
13 1303
17 1403
14 1090
19 1193
23 1301
27 1389
22 1096
16 1088
12 1476
25 1210
24 1464
18 1052
13 1478
22 1006
17 1470
15 1361
25 1111
26 1076
26 1342
28 1416
27 1156
26 1079
11 1002
27 1297
12 1069
15 1070
13 1477
10 1481
27 1049
17 1023
13 1425
29 1173
20 1474
27 1236
22 1144
25 1231
29 1031
10 1203
23 1307
18 1334
13 1067
16 1412
20 1155
24 1462
25 1438
14 1396
29 1314
15 1246
23 1257
17 1206
26 1354
18 1038
19 1161
17 1378
29 1179
10 1167
26 1015
17 1312
14 1430
16 1119
12 1057
24 1295
24 1153
26 1003
22 1437
26 1357
28 1294
10 1058
10 1181
23 1043
26 1218
10 1203
14 1196
10 1076
24 1028
21 1360
24 1139
19 1344
29 1103
23 1348
15 1443
11 1321
28 1069
12 1485
25 1040
23 1378
23 1479
25 1469
12 1490
27 1285
23 1476
11 1456
17 1189
11 1399
15 1343
20 1231
13 1455
16 1023
18 1080
14 1084
15 1017
19 1159
16 1191
23 1320
12 1399
15 1363
14 1299
26 1106
14 1452
16 1468
23 1262
15 1355
28 1413
18 1477
26 1225
19 1094
14 1281
29 1454
21 1082
12 1416
23 1097
27 1236
28 1123
18 1081
10 1466
18 1383
23 1309
18 1009
21 1046
11 1097
10 1077
29 1088
19 1218
19 1040
19 1066
15 1281
14 1388
29 1086
14 1063
25 1043
19 1349
25 1198
13 1381
24 1193
15 1247
14 1453
26 1382
10 1307
26 1464
28 1277
13 1193
10 1086
15 1065
14 1440
20 1427
11 1291
14 1249
15 1150
27 1385
13 1382
10 1206
12 1470
21 1349
17 1125
13 1451
25 1103
21 1414
27 1345
28 1269
27 1204
11 1186
14 1070
16 1192
15 1257
10 1243
22 1136
22 1485
28 1485
21 1150
17 1067
27 1069
13 1284
20 1182
25 1158
10 1144
28 1111
28 1168
20 1370
21 1172
28 1198
27 1231
16 1192
10 1351
16 1415
14 1009
10 1170
24 1361
21 1138
21 1475
18 1119
10 1401
16 1092
27 1398
14 1419
21 1402
29 1015
29 1176
11 1333
23 1062
21 1187
13 1170
27 1298
10 1387
22 1074
10 1333
16 1256
15 1183
27 1055
18 1416
21 1454
19 1188
20 1238
12 1184
19 1032
13 1084
10 1137
29 1130
29 1159
26 1342
11 1283
17 1185
16 1011
22 1275
22 1183
15 1145
21 1162
14 1294
18 1457
17 1058
14 1159
16 1449
17 1248
21 1213
14 1315
26 1014
25 1188
14 1018
11 1300
18 1079
24 1417
28 1131
19 1156
24 1046
19 1383
19 1373
14 1188
17 1261
14 1333
20 1231
21 1086
14 1416
16 1011
15 1475
11 1385
16 1460
13 1423
18 1468
20 1284
14 1393
15 1222
28 1256
27 1044
15 1036
24 1150
22 1254
14 1097
16 1301
24 1258
11 1271
25 1238
26 1330
20 1144
20 1213
23 1499
17 1478
20 1443
20 1050
16 1207
20 1235
11 1466
25 1216
11 1166
14 1262
10 1311
11 1042
22 1090
10 1199
13 1202
16 1109
18 1436
18 1166
20 1338
13 1226
11 1219
27 1190
22 1097
12 1096
21 1264
19 1115
21 1442
11 1126
16 1217
14 1479
29 1153
11 1082
11 1458
17 1142
14 1147
19 1462
24 1343
16 1397
14 1166
16 1115
29 1269
10 1143
25 1247
10 1198
28 1242
27 1350
21 1266
19 1162
25 1449
14 1455
20 1096
11 1496
26 1366
17 1312
23 1111
18 1293
17 1347
10 1188
19 1367
12 1282
24 1039
27 1135
10 1297
15 1184
14 1226
20 1146
19 1069
13 1314
27 1499
15 1242
24 1239
29 1443
15 1333
17 1041
15 1200
12 1319
28 1181
11 1124
21 1440
15 1198
29 1057
15 1195
14 1131
12 1166
12 1469
17 1297
27 1437
11 1409
27 1151
23 1232
20 1122
16 1056
11 1482
13 1127
23 1337
23 1131
14 1450
22 1368
22 1343
29 1201
22 1306
15 1174
15 1226
22 1387
29 1047
22 1081
14 1040
17 1051
21 1043
26 1100
16 1236
25 1053
14 1326
17 1266
24 1033
18 1315
11 1426
11 1108
12 1454
17 1279
12 1361
21 1002
12 1074
29 1389
21 1328
14 1100
20 1478
24 1448
29 1452
16 1465
11 1254
16 1242
19 1205
29 1079
14 1119
16 1082
14 1445
10 1122
11 1273
23 1279
21 1130
19 1337
18 1458
24 1299
13 1094
16 1490
19 1405
27 1306
29 1119
24 1041
19 1439
21 1270
28 1218
24 1386
12 1491
15 1352
17 1021
19 1211
15 1055
29 1499
15 1475
26 1314
24 1350
29 1264
21 1454
27 1040
11 1482
10 1058
19 1388
18 1275
21 1433
21 1343
21 1446
24 1322
26 1033
22 1425
22 1362
10 1358
19 1223
12 1231
20 1365
10 1419
24 1326
25 1191
15 1076
28 1467
12 1269
25 1163
20 1155
21 1479
23 1263
23 1145
17 1353
14 1460
18 1276
22 1214
14 1036
23 1166
29 1310
26 1134
14 1466
12 1206
17 1468
24 1391
12 1121
21 1036
18 1222
28 1080
28 1167
15 1190
16 1259
22 1065
29 1241
14 1172
29 1288
10 1345
26 1375
13 1160
15 1314
19 1478
19 1380
17 1458
18 1064
14 1428
22 1022
16 1411
25 1056
29 1465
26 1481
24 1015
29 1364
10 1169
11 1152
17 1271
26 1303
29 1329
11 1034
12 1443
14 1129
17 1336
14 1374
21 1130
15 1366
11 1308
28 1368
10 1468
22 1019
25 1002
22 1227
18 1475
16 1145
15 1069
13 1351
13 1048
27 1424
25 1359
15 1004
26 1349
14 1358
21 1314
27 1428
15 1481
24 1289
29 1228
24 1149
16 1416
15 1047
28 1247
21 1338
12 1466
19 1124
17 1056
11 1233
23 1101
17 1271
29 1477
26 1350
19 1281
22 1488
14 1350
22 1203
16 1247
14 1289
13 1357
15 1035
26 1371
10 1123
28 1473
22 1082
15 1324
29 1035
23 1418
26 1008
13 1297
13 1149
20 1453
23 1316
22 1128
22 1313
26 1029
22 1133
10 1184
29 1187
19 1262
21 1322
14 1158
26 1181
22 1407
24 1021
21 1345
12 1217
24 1231
16 1310
29 1057
24 1414
22 1280
22 1180
17 1444
29 1079
16 1332
14 1235
28 1014
10 1343
12 1307
10 1420
13 1162
20 1111
12 1421
11 1103
15 1066
28 1206
27 1035
21 1379
28 1354
28 1110
14 1195
19 1390
17 1437
24 1272
20 1268
14 1078
25 1436
26 1276
24 1221
15 1409
26 1486
11 1084
13 1328
17 1241
16 1135
18 1106
29 1228
12 1271
15 1383
12 1018
12 1147
18 1034
21 1266
14 1309
15 1216
10 1490
27 1271
24 1318
20 1377
29 1321
10 1178
16 1075
22 1203
16 1309
17 1488
11 1142
15 1396
17 1414
13 1498
28 1282
11 1118
27 1085
26 1483
23 1472
29 1207
17 1408
18 1079
26 1044
25 1262
11 1314
27 1168
23 1027
23 1482
12 1473
22 1333
29 1042
28 1489
16 1242
23 1340
24 1434
20 1281
13 1394
25 1097
13 1200
19 1410
21 1393
14 1323
17 1434
13 1267
10 1092
10 1319
19 1419
11 1160
26 1221
25 1455
29 1391
16 1036
10 1142
12 1005
17 1386
29 1080
27 1175
28 1129
26 1408
21 1487
27 1476
23 1141
11 1128
16 1015
11 1356
10 1250
27 1211
13 1180
18 1051
28 1452
12 1054
16 1393
26 1362
13 1205
26 1319
15 1327
18 1329
24 1489
17 1254
29 1442
10 1396
12 1323
25 1459
23 1090
17 1192
16 1117
12 1053
12 1459
24 1229
28 1035
16 1025
20 1190
19 1374
29 1459
21 1102
14 1424
19 1263
17 1400
19 1005
21 1336
10 1215
21 1041
22 1326
14 1414
19 1357
16 1172
29 1193
25 1178
13 1274
13 1061
11 1212
19 1229
22 1078
12 1405
17 1318
10 1162
20 1008
24 1316
24 1046
23 1388
15 1355
24 1038
19 1070
26 1151
13 1237
13 1254
27 1386
11 1066
25 1268
23 1130
29 1466
24 1243
26 1057
13 1256
25 1373
18 1187
13 1054
18 1143
29 1271
29 1421
19 1387
11 1214
25 1274
15 1022
18 1317
26 1183
29 1035
12 1403
22 1340
22 1396
20 1471
29 1115
16 1286
12 1277
12 1137
22 1361
19 1342
23 1487
27 1281
11 1356
26 1400
12 1373
24 1038
13 1375
24 1475
15 1088
14 1074
15 1486
19 1048
16 1298
20 1037
23 1279
26 1449
24 1114
14 1038
27 1142
21 1067
22 1275
15 1464
17 1329
24 1053
22 1238
25 1272
28 1114
16 1154
15 1125
14 1140
12 1370
22 1273
25 1258
17 1197
13 1410
20 1335
25 1177
26 1466
14 1109
24 1133
21 1254
12 1094
27 1402
20 1024
20 1275
22 1491
16 1326
19 1199
28 1347
23 1377
13 1466
27 1491
22 1050
14 1149
15 1060
26 1330
13 1369
19 1369
12 1441
10 1291
17 1459
28 1146
21 1474
13 1037
19 1369
10 1497
13 1043
14 1382
17 1139
11 1209
29 1172
21 1236
15 1231
29 1326
24 1127
19 1189
12 1247
14 1056
10 1048
24 1082
17 1150
24 1191
10 1329
14 1272
21 1130
12 1108
22 1246
17 1330
20 1230
21 1489
18 1078
19 1203
23 1422
18 1064
25 1275
10 1415
11 1013
29 1228
25 1252
20 1097
14 1288
15 1405
25 1230
15 1166
18 1282
21 1254
14 1041
22 1285
29 1352
26 1194
17 1211
10 1076
25 1257
14 1082
28 1383
24 1179
25 1158
18 1393
21 1283
26 1150
21 1389
17 1004
26 1318
18 1406
10 1088
26 1355
27 1197
19 1020
20 1267
22 1393
29 1004
18 1161
25 1291
20 1413
26 1009
19 1373
26 1494
22 1198
21 1014
28 1045
16 1438
12 1228
28 1092
28 1134
22 1025
21 1001
22 1096
26 1246
27 1112
27 1312
10 1317
24 1414
20 1423
29 1339
23 1345
21 1241
25 1163
23 1125
27 1356
15 1433
13 1271
19 1206
10 1023
23 1082
22 1165
13 1115
11 1158
15 1296
14 1165
24 1298
10 1165
13 1404
27 1335
28 1219
17 1326
11 1481
27 1165
18 1100
22 1252
25 1083
15 1204
16 1241
15 1288
19 1113
22 1332
14 1113
20 1334
25 1001
25 1013
23 1353
21 1433
17 1016
16 1273
20 1333
13 1465
18 1473
11 1157
10 1210
17 1085
15 1052
28 1259
15 1306
11 1499
15 1102
19 1348
23 1153
17 1403
13 1455
11 1202
20 1376
15 1329
26 1154
13 1181
19 1113
12 1308
23 1397
12 1100
26 1388
10 1407
17 1420
24 1162
25 1487
26 1088
29 1169
23 1140
24 1136
24 1335
14 1387
29 1410
17 1130
24 1388
27 1209
26 1304
26 1313
23 1380
13 1303
18 1030
13 1070
19 1200
14 1002
24 1385
23 1241
15 1103
11 1441
15 1116
15 1022
24 1080
27 1167
11 1100
10 1491
18 1308
12 1170
24 1080
24 1103
13 1424
25 1493
26 1325
19 1097
20 1096
20 1049
17 1130
29 1207
21 1211
25 1300
12 1068
21 1451
21 1123
26 1390
16 1464
10 1438
23 1381
21 1261
16 1248
22 1228
22 1074
28 1334
23 1130
15 1338
16 1069
17 1361
21 1300
12 1359
21 1023
27 1008
20 1336
16 1180
17 1135
20 1337
12 1333
13 1496
11 1490
15 1377
17 1219
12 1426
15 1182
23 1382
10 1041
20 1112
19 1002
28 1414
22 1451
14 1478
28 1110
25 1443
20 1148
25 1463
17 1373
13 1248
17 1324
19 1277
29 1170
23 1041
24 1179
27 1058
12 1409
15 1452
24 1018
21 1433
10 1299
23 1111
10 1193
15 1229
22 1020
23 1174
15 1054
27 1286
16 1360
10 1161
10 1397
15 1353
15 1262
29 1156
13 1031
17 1425
17 1086
23 1332
26 1359
20 1084
19 1095
29 1246
18 1116
14 1010
25 1122
20 1138
22 1446
22 1484
13 1047
18 1192
29 1370
18 1223
12 1261
21 1086
22 1253
27 1263
29 1222
19 1320
22 1437
22 1473
12 1209
24 1353
16 1451
25 1466
20 1089
21 1235
26 1147
19 1311
19 1179
18 1093
24 1250
13 1059
14 1033
19 1422
26 1436
21 1239
21 1285
19 1185
22 1324
20 1402
21 1179
17 1454
26 1495
15 1430
18 1331
28 1365
28 1181
28 1494
16 1315
27 1081
12 1345
25 1102
11 1220
15 1290
14 1026
10 1470
10 1034
28 1341
29 1349
10 1051
13 1429
15 1405
20 1040
17 1078
24 1266
28 1452
10 1318
18 1161
22 1045
26 1000
28 1241
24 1084
29 1434
15 1205
15 1178
17 1213
19 1313
16 1219
23 1198
26 1056
19 1433
27 1046
25 1128
21 1161
28 1160
23 1186
29 1478
12 1198
11 1280
10 1081
18 1354
21 1262
23 1030
28 1333
25 1179
25 1112
25 1011
14 1017
15 1245
13 1264
11 1083
27 1231
18 1051
19 1456
15 1316
13 1268
29 1391
11 1289
24 1038
10 1296
19 1400
28 1486
17 1069
15 1115
21 1451
17 1385
24 1072
19 1138
13 1438
28 1350
28 1293
26 1120
22 1183
28 1428
21 1038
26 1218
20 1417
22 1084
25 1190
27 1013
23 1285
10 1022
25 1438
11 1120
16 1438
13 1136
22 1178
17 1039
23 1319
23 1102
20 1231
18 1023
23 1048
12 1327
22 1386
14 1073
17 1186
14 1418
13 1325
19 1406
24 1370
11 1100
12 1412
12 1417
11 1034
11 1304
18 1419
10 1244
23 1424
21 1473
11 1481
14 1415
23 1381
22 1106
23 1221
16 1100
22 1360
28 1248
26 1480
15 1291
22 1178
17 1220
21 1160
26 1433
17 1257
28 1499
13 1368
29 1430
25 1260
29 1466
29 1216
18 1485
21 1108
28 1078
26 1479
20 1489
16 1280
29 1080
12 1387
29 1358
10 1450
24 1088
15 1464
25 1009
15 1149
22 1097
24 1416
22 1186
19 1069
22 1269
25 1429
13 1388
13 1441
24 1347
26 1261
23 1326
16 1048
28 1199
24 1245
15 1043
13 1258
20 1359
17 1001
10 1369
22 1136
17 1259
28 1479
17 1472
17 1048
13 1262
16 1438
16 1093
24 1120
19 1268
11 1289
15 1379
16 1494
28 1306
10 1134
24 1275
22 1271
29 1427
29 1423
18 1263
29 1215
24 1194
23 1182
15 1221
29 1022
23 1293
20 1104
12 1484
11 1489
17 1295
25 1379
14 1465
26 1208
26 1474
26 1055
27 1076
24 1020
27 1083
15 1488
10 1471
10 1316
20 1461
23 1269
11 1271
14 1305
23 1352
19 1167
26 1461
25 1078
18 1176
15 1045
14 1130
15 1207
21 1279
21 1132
22 1389
17 1477
11 1208
26 1047
27 1388
17 1403
18 1408
25 1099
10 1104
10 1135
29 1229
14 1107
14 1407
17 1401
14 1186
13 1416
12 1089
29 1029
22 1339
29 1177
14 1023
26 1114
15 1014
17 1466
28 1179
13 1320
20 1199
24 1239
14 1421
12 1261
28 1316
16 1036
24 1297
11 1430
10 1316
13 1020
21 1367
17 1055
22 1354
29 1483
27 1499
24 1199
24 1109
27 1260
26 1327
16 1466
18 1395
19 1104
10 1132
11 1233
23 1091
25 1306
27 1429
23 1135
21 1307
11 1467
18 1083
18 1317
24 1475
19 1295
25 1171
17 1263
17 1354
22 1188
10 1237
29 1382
18 1478
11 1191
18 1240
21 1237
26 1254
22 1148
13 1004
29 1148
12 1081
10 1368
10 1038
25 1471
12 1382
27 1361
11 1092
26 1406
13 1343
14 1383
18 1130
25 1490
12 1063
18 1361
18 1280
22 1035
20 1078
16 1160
12 1201
28 1403
11 1108
28 1070
12 1174
24 1288
21 1015
12 1151
14 1398
21 1080
29 1465
18 1295
13 1482
20 1010
28 1465
28 1423
10 1165
23 1497
29 1146
19 1221
10 1384
28 1219
24 1148
17 1348
20 1178
19 1288
23 1162
24 1330
29 1174
22 1450
14 1267
23 1373
23 1369
25 1302
25 1089
26 1222
26 1176
25 1219
14 1204
12 1359
29 1003
24 1241
26 1347
24 1427
29 1097
25 1241
15 1249
17 1127
26 1144
11 1438
27 1127
23 1182
29 1422
22 1205
14 1488
14 1264
23 1195
28 1222
22 1435
24 1012
17 1370
13 1150
25 1085
23 1251
25 1069
15 1279
13 1088
13 1252
16 1459
26 1320
24 1070
13 1187
28 1496
27 1326
16 1226
18 1244
21 1137
22 1329
26 1170
17 1347
14 1133
18 1100
14 1368
18 1382
19 1344
18 1145
24 1000
25 1397
12 1479
27 1351
26 1169
13 1207
29 1435
19 1410
11 1448
27 1389
16 1131
27 1218
21 1150
20 1362
20 1477
10 1083
15 1001
13 1214
24 1474
10 1162
18 1166
22 1275
14 1074
14 1472
28 1235
28 1049
29 1410
29 1444
23 1030
10 1240
20 1274
11 1413
26 1134
10 1007
28 1126
11 1204
16 1483
26 1146
11 1090
21 1138
29 1380
15 1034
21 1268
16 1175
21 1131
24 1149
22 1364
27 1192
22 1180
16 1120
15 1034
20 1357
29 1252
15 1411
28 1293
22 1099
25 1149
11 1055
27 1164
10 1169
10 1482
23 1467
18 1162
20 1078
17 1233
29 1093
29 1095
16 1101
20 1136
20 1474
12 1269
27 1039
18 1437
17 1096
11 1237
24 1184
25 1309
28 1145
20 1020
12 1019
12 1158
22 1450
18 1052
23 1432
19 1479
23 1259
18 1431
11 1151
20 1296
13 1213
24 1373
12 1408
15 1037
13 1082
15 1029
16 1035
23 1237
21 1410
22 1136
19 1064
10 1320
17 1449
20 1209
22 1211
16 1041
28 1083
29 1222
15 1399
25 1451
20 1022
25 1390
18 1291
25 1436
19 1434
14 1148
28 1270
23 1471
14 1109
13 1194
17 1231
21 1277
15 1291
14 1041
24 1152
10 1185
29 1491
26 1452
25 1173
21 1097
18 1428
13 1392
20 1480
11 1096
25 1317
22 1018
21 1423
12 1154
29 1336
21 1267
28 1110
15 1381
13 1276
19 1183
24 1345
25 1267
24 1276
22 1098
21 1021
29 1225
25 1068
11 1271
10 1046
10 1404
10 1364
29 1282
18 1456
15 1452
15 1010
23 1015
24 1119
18 1122
27 1022
22 1499
22 1484
23 1043
25 1203
23 1232
21 1234
14 1104
29 1126
15 1116
28 1340
17 1076
10 1448
14 1388
16 1296
21 1212
21 1323
24 1029
27 1251
25 1371
14 1462
24 1378
12 1368
13 1298
18 1132
11 1466
12 1222
17 1245
21 1108
22 1287
21 1429
13 1151
13 1013
18 1108
23 1285
14 1003
21 1028
10 1304
20 1223
17 1287
26 1053
20 1061
20 1224
12 1345
11 1187
29 1456
28 1208
24 1014
16 1360
11 1031
26 1085
15 1137
18 1237
11 1051
21 1310
20 1009
18 1046
24 1070
25 1166
28 1354
22 1216
23 1007
29 1396
27 1457
13 1340
10 1436
13 1280
14 1204
29 1158
25 1021
17 1338
26 1231
21 1133
21 1476
10 1004
21 1113
12 1487
28 1108
26 1217
20 1497
22 1083
23 1266
16 1003
21 1164
17 1067
26 1391
28 1101
19 1379
14 1256
22 1401
17 1026
21 1183
27 1059
16 1008
28 1359
10 1495
12 1092
27 1248
18 1084
12 1425
21 1021
14 1179
24 1154
20 1412
17 1386
19 1066
25 1051
21 1436
27 1021
22 1394
27 1045
10 1269
18 1114
12 1062
22 1394
17 1483
20 1047
18 1055
25 1038
27 1371
25 1084
19 1005
27 1487
29 1249
23 1168
29 1151
20 1086
29 1315
23 1186
16 1270
24 1062
13 1453
19 1401
29 1369
16 1150
17 1129
21 1296
12 1374
22 1447
27 1250
13 1324
21 1441
20 1277
23 1332
15 1425
19 1284
28 1028
28 1066
29 1132
22 1453
28 1126
17 1224
25 1054
29 1200
18 1426
25 1288
10 1138
10 1143
13 1459
14 1409
23 1494
22 1226
18 1312
10 1456
19 1270
19 1009
12 1079
21 1203
27 1278
29 1383
24 1094
25 1037
27 1319
17 1159
14 1449
28 1212
21 1443
20 1379
17 1231
15 1486
27 1018
12 1340
12 1228
18 1114
17 1268
17 1138
10 1358
28 1163
11 1205
10 1166
17 1485
18 1343
13 1020
29 1340
19 1410
16 1085
24 1063
24 1331
20 1300
19 1065
19 1300
23 1396
20 1243
11 1394
11 1024
26 1132
26 1192
18 1256
26 1099
25 1169
21 1153
24 1388
23 1169
25 1476
13 1201
22 1066
12 1136
14 1321
18 1335
22 1043
24 1319
13 1079
16 1307
29 1033
11 1486
15 1156
17 1397
17 1243
25 1370
10 1145
23 1137
17 1144
14 1379
24 1494
14 1100
23 1028
15 1257
19 1371
12 1125
23 1314
23 1021
20 1492
24 1441
22 1470
20 1002
22 1363
27 1078
10 1478
13 1134
17 1456
11 1403
19 1000
14 1467
13 1279
27 1066
24 1297
21 1337
16 1472
23 1383
22 1300
12 1219
11 1452
25 1111
18 1199
11 1112
28 1465
21 1293
12 1162
26 1239
16 1046
22 1375
20 1129
27 1266
20 1272
19 1437
28 1125
10 1020
19 1062
26 1083
25 1382
15 1408
29 1157
12 1413
23 1103
27 1117
17 1401
22 1465
20 1121
27 1203
28 1472
21 1380
11 1481
26 1178
29 1206
11 1132
29 1299
22 1343
25 1217
29 1331
18 1215
22 1350
28 1025
29 1420
15 1153
14 1457
13 1194
28 1118
12 1249
16 1024
15 1157
27 1290
27 1199
16 1095
11 1317
21 1295
19 1122
14 1037
24 1404
17 1325
21 1078
20 1205
16 1103
19 1217
29 1061
19 1296
16 1107
23 1087
21 1350
23 1180
19 1465
10 1348
12 1248
11 1371
18 1313
26 1046
14 1214
13 1361
23 1049
12 1402
19 1297
16 1232
24 1360
16 1233
16 1032
13 1305
16 1428
17 1498
23 1432
28 1315
20 1457
23 1053
14 1404
21 1096
19 1050
15 1041
16 1269
27 1457
22 1170
23 1378
25 1491
18 1037
26 1406
22 1305
19 1466
28 1107
27 1492
13 1041
17 1009
22 1423
12 1150
17 1202
22 1353
15 1436
16 1157
14 1380
21 1065
21 1130
22 1286
14 1189
25 1213
29 1448
25 1355
16 1345
29 1156
20 1294
28 1384
11 1102
24 1278
23 1268
20 1040
12 1497
12 1310
10 1492
24 1493
17 1350
24 1160
23 1309
27 1448
16 1494
20 1267
16 1381
17 1297
19 1196
13 1013
28 1111
22 1320
25 1436
15 1345
10 1107
17 1213
29 1024
29 1122
11 1052
11 1206
28 1310
28 1290
29 1337
14 1304
17 1176
29 1488
25 1167
28 1203
16 1303
20 1340
25 1478
15 1313
18 1301
27 1261
11 1281
15 1110
22 1468
23 1228
26 1143
18 1229
20 1123
12 1308
28 1073
20 1480
26 1231
21 1190
10 1394
20 1320
24 1185
26 1081
23 1258
18 1198
17 1414
26 1254
17 1153
16 1147
28 1330
15 1442
19 1339
19 1319
25 1303
14 1431
17 1094
16 1136
28 1497
26 1356
12 1136
12 1262
25 1155
16 1403
20 1145
15 1297
24 1164
14 1115
24 1016
21 1192
10 1140
28 1244
28 1085
10 1340
23 1041
22 1067
18 1127
21 1092
15 1097
17 1300
22 1482
21 1462
15 1157
22 1093
29 1472
23 1155
18 1384
18 1145
18 1099
15 1468
19 1371
21 1161
24 1314
13 1411
24 1020
14 1101
20 1214
21 1296
11 1020
28 1428
18 1426
20 1198
17 1184
25 1256
24 1113
12 1421
25 1403
27 1316
25 1445
28 1492
14 1489
26 1027
23 1254
26 1274
16 1178
20 1304
13 1110
15 1410
23 1412
19 1100
12 1062
28 1442
29 1420
17 1246
16 1334
24 1238
11 1410
28 1014
23 1435
25 1087
13 1284
17 1407
15 1017
13 1250
22 1432
14 1125
24 1428
28 1300
21 1002
18 1456
24 1358
16 1334
29 1230
18 1230
11 1225
19 1334
26 1201
18 1412
22 1494
13 1439
14 1394
20 1249
17 1158
23 1380
18 1279
19 1197
12 1026
21 1451
29 1432
28 1216
23 1368
11 1003
13 1172
26 1214
15 1247
26 1120
20 1233
12 1248
13 1205
28 1067
16 1389
26 1199
16 1082
16 1046
25 1304
19 1065
28 1138
10 1314
18 1328
14 1199
16 1264
23 1060
26 1110
25 1413
27 1316
27 1065
13 1436
15 1281
23 1348
24 1047
14 1248
13 1417
10 1371
15 1326
27 1449
23 1208
19 1183
12 1347
20 1285
25 1430
27 1349
18 1213
24 1140
18 1008
25 1341
21 1169
29 1093
11 1440
23 1045
24 1439
11 1007
13 1159
26 1004
27 1222
17 1197
17 1079
13 1073
24 1470
22 1349
20 1244
29 1149
13 1204
18 1261
25 1031
19 1066
25 1413
13 1228
27 1148
27 1173
26 1373
29 1395
18 1172
22 1328
11 1455
22 1085
13 1399
13 1020
20 1229
13 1232
20 1001
19 1483
19 1452
13 1442
22 1409
21 1152
19 1426
22 1331
27 1384
13 1394
19 1232
23 1194
16 1267
24 1475
16 1231
14 1052
22 1171
19 1466
25 1090
24 1058
28 1209
13 1165
29 1206
12 1379
11 1454
17 1161
26 1004
10 1056
17 1187
17 1436
10 1046
27 1239
23 1277
28 1441
24 1113
10 1331
19 1002
19 1212
23 1320
26 1021
10 1339
15 1327
17 1029
23 1263
17 1220
12 1128
18 1063
16 1054
11 1163
27 1439
20 1218
27 1017
25 1365
23 1165
10 1358
28 1393
22 1028
19 1290
12 1148
24 1271
22 1361
21 1045
14 1130
23 1328
27 1161
13 1018
17 1074
18 1406
13 1109
10 1217
16 1009
25 1355
21 1222
12 1053
12 1474
22 1269
17 1432
11 1249
11 1198
20 1260
14 1139
20 1364
21 1269
13 1160
16 1129
25 1285
29 1054
16 1409
22 1158
13 1165
20 1198
13 1401
10 1013
29 1251
13 1081
22 1280
26 1391
23 1397
27 1472
18 1365
11 1285
21 1447
11 1035
10 1289
17 1473
18 1204
26 1198
22 1169
21 1247
10 1276
27 1074
22 1341
18 1118
15 1499
18 1079
13 1030
11 1064
10 1369
21 1402
19 1073
13 1224
28 1014
24 1057
15 1495
25 1450
27 1043
29 1183
25 1051
22 1152
17 1394
10 1174
29 1100
24 1080
19 1230
22 1379
17 1028
12 1114
20 1065
19 1202
24 1142
13 1342
22 1177
15 1113
16 1298
11 1116
26 1327
25 1100
27 1282
13 1436
13 1185
25 1435
24 1493
24 1107
11 1423
10 1287
20 1499
16 1130
27 1448
28 1124
23 1381
17 1384
28 1451
28 1214
11 1380
23 1151
17 1366
14 1403
22 1024
29 1130
17 1478
25 1261
28 1187
25 1215
21 1296
14 1265
12 1321
29 1268
25 1006
13 1385
20 1249
15 1146
12 1312
23 1186
19 1059
29 1366
16 1403
25 1348
12 1498
28 1237
14 1298
25 1030
10 1161
12 1230
10 1192
25 1318
12 1105
26 1422
25 1251
18 1174
16 1181
25 1169
12 1058
25 1006
26 1330
12 1091
29 1231
10 1052
29 1254
27 1498
28 1398
18 1410
16 1036
15 1287
28 1401
12 1061
12 1402
25 1342
14 1433
19 1395
26 1430
16 1109
13 1019
12 1367
19 1159
25 1211
21 1472
13 1484
20 1277
20 1122
25 1379
20 1028
23 1354
21 1311
20 1035
14 1028
12 1394
25 1445
25 1072
16 1092
25 1133
18 1414
23 1320
14 1408
17 1302
10 1411
12 1127
26 1096
28 1451
15 1350
19 1011
15 1221
15 1393
17 1153
23 1286
14 1166
12 1385
29 1015
16 1283
23 1236
23 1312
15 1484
13 1099
26 1216
22 1132
28 1423
11 1225
11 1184
17 1023
13 1090
17 1259
25 1004
10 1336
28 1148
19 1410
10 1430
22 1112
29 1401
20 1447
27 1138
15 1101
28 1299
19 1108
19 1189
11 1094
21 1169
15 1088
10 1428
16 1392
22 1155
20 1178
18 1479
18 1008
12 1148
20 1086
16 1008
29 1269
24 1275
22 1159
13 1172
24 1331
17 1385
15 1074
11 1148
21 1375
24 1044
24 1158
12 1496
29 1049
22 1245
25 1460
16 1267
19 1295
29 1071
15 1451
15 1070
21 1000
19 1047
23 1089
13 1151
15 1351
18 1489
28 1058
14 1419
22 1071
15 1466
22 1012
28 1036
23 1477
15 1313
27 1113
25 1256
27 1239
24 1001
13 1109
29 1025
21 1075
23 1191
29 1297
21 1294
22 1308
17 1073
28 1272
25 1211
12 1406
20 1389
20 1048
26 1244
13 1218
19 1232
20 1384
24 1384
18 1425
16 1415
16 1077
16 1031
29 1087
10 1235
20 1345
16 1034
16 1008
28 1000
22 1229
14 1115
26 1218
22 1039
25 1435
18 1319
28 1058
21 1482
24 1390
29 1138
22 1498
10 1071
21 1258
20 1409
17 1364
28 1410
22 1206
25 1295
12 1374
23 1231
21 1476
18 1388
29 1072
26 1447
21 1450
10 1093
24 1408
26 1272
18 1074
27 1229
11 1266
21 1083
29 1133
14 1166
12 1395
11 1462
18 1380
16 1485
18 1312
14 1351
21 1349
24 1018
20 1077
23 1404
14 1482
10 1392
17 1210
20 1412
29 1159
29 1317
21 1049
27 1087
29 1410
12 1197
18 1136
10 1459
25 1321
13 1188
27 1187
25 1102
15 1154
22 1332
17 1067
19 1374
12 1024
27 1047
29 1354
21 1028
25 1055
16 1104
23 1393
20 1333
24 1271
13 1411
24 1145
22 1385
16 1491
19 1430
23 1102
16 1342
26 1085
28 1434
13 1273
14 1001
17 1256
13 1232
18 1470
24 1355
27 1200
19 1202
12 1255
29 1099
15 1448
26 1371
21 1276
16 1445
11 1391
22 1380
16 1478
29 1357
20 1275
24 1174
22 1045
23 1451
11 1033
20 1162
15 1035
20 1307
11 1397
28 1111
27 1279
15 1444
12 1432
16 1402
29 1124
12 1052
18 1032
23 1398
15 1023
29 1244
16 1383
27 1033
11 1161
12 1358
11 1439
23 1063
19 1446
10 1109
29 1278
11 1055
16 1462
16 1016
20 1396
29 1176
12 1045
17 1355
27 1109
22 1034
11 1358
17 1154
25 1116
25 1021
18 1269
22 1102
16 1044
16 1091
14 1433
18 1418
19 1007
18 1102
16 1163
23 1219
22 1165
18 1439
19 1047
18 1088
17 1359
28 1100
27 1328
15 1407
24 1044
16 1065
26 1348
28 1423
18 1382
27 1091
28 1208
18 1438
21 1121
21 1091
23 1159
13 1148
29 1486
17 1456
10 1463
13 1411
19 1263
14 1299
21 1377
29 1086
19 1293
18 1117
21 1118
13 1224
27 1024
22 1090
21 1470
15 1082
22 1220
15 1408
13 1107
23 1040
25 1440
21 1074
26 1058
29 1411
21 1312
15 1298
22 1063
29 1207
24 1258
24 1421
26 1451
11 1151
11 1104
10 1363
23 1385
16 1428
16 1162
15 1419
24 1330
15 1038
12 1179
22 1499
10 1402
16 1263
29 1176
13 1244
22 1489
23 1328
11 1251
26 1009
27 1421
12 1275
18 1341
17 1083
17 1250
14 1420
25 1495
29 1396
15 1249
18 1164
12 1035
17 1170
29 1482
23 1449
23 1138
26 1221
16 1299
27 1331
15 1287
27 1018
10 1058
20 1091
27 1174
11 1196
21 1056
13 1223
18 1425
10 1219
22 1147
29 1113
12 1113
22 1087
19 1263
11 1230
25 1176
13 1290
13 1173
26 1259
12 1203
14 1223
29 1213
10 1052
16 1446
17 1346
26 1307
28 1390
21 1103
18 1338
23 1180
17 1293
20 1492
13 1185
26 1462
17 1384
29 1452
12 1100
26 1469
25 1358
24 1349
24 1088
17 1012
22 1081
24 1075
29 1451
12 1290
11 1460
18 1463
24 1498
25 1293
28 1378
26 1100
25 1283
10 1226
25 1458
15 1298
22 1028
28 1429
25 1365
10 1477
10 1273
13 1065
19 1185
11 1136
19 1476
28 1135
23 1083
29 1492
28 1254
12 1458
27 1498
21 1413
15 1421
13 1087
26 1216
23 1117
21 1285
24 1267
21 1267
18 1367
29 1346
12 1354
11 1065
23 1370
13 1090
14 1005
23 1429
20 1396
26 1321
25 1005
13 1211
14 1286
23 1461
13 1269
18 1154
21 1353
26 1348
16 1089
24 1313
13 1304
19 1188
17 1385
20 1370
20 1048
13 1034
13 1470
15 1463
15 1132
10 1336
21 1265
18 1248
14 1472
19 1201
26 1174
29 1271
23 1359
28 1373
15 1296
19 1223
10 1316
29 1047
17 1416
12 1050
17 1287
16 1272
16 1323
24 1480
21 1455
10 1278
24 1233
23 1497
19 1366
19 1295
17 1297
11 1242
19 1137
23 1439
19 1483
23 1258
24 1197
24 1482
16 1368
20 1346
13 1107
19 1043
13 1377
22 1114
29 1062
17 1120
25 1435
11 1168
11 1247
24 1220
22 1247
15 1498
22 1096
26 1182
13 1147
12 1378
29 1104
20 1201
16 1385
17 1102
13 1308
23 1483
26 1320
17 1341
19 1351
27 1320
23 1341
21 1469
16 1260
28 1228
16 1072
16 1351
19 1188
28 1386
18 1010
26 1285
25 1090
19 1455
21 1252
21 1247
26 1136
22 1352
18 1000
28 1262
13 1212
21 1211
24 1438
16 1169
29 1014
19 1120
18 1396
24 1130
24 1026
26 1153
26 1402
15 1264
18 1075
25 1152
17 1366
20 1258
12 1235
12 1005
29 1391
18 1057
23 1020
26 1477
16 1179
17 1146
16 1324
15 1276
27 1315
19 1430
15 1159
17 1178
25 1107
19 1010
12 1440
16 1098
19 1189
25 1059
14 1405
28 1465
20 1005
15 1474
26 1046
24 1213
24 1383
20 1255
19 1096
18 1148
29 1146
22 1247
15 1484
21 1203
28 1386
22 1420
28 1181
24 1113
20 1304
27 1004
27 1298
27 1118
15 1477
20 1491
14 1491
22 1337
10 1289
27 1093
11 1080
12 1357
18 1129
18 1109
15 1343
29 1150
21 1086
19 1394
25 1210
29 1420
22 1326
28 1421
18 1179
28 1212
19 1380
23 1280
19 1368
28 1413
25 1398
28 1215
26 1224
24 1260
10 1084
12 1084
18 1078
24 1030
11 1003
17 1066
17 1034
22 1124
23 1400
16 1067
21 1109
26 1491
16 1033
20 1125
24 1485
28 1297
27 1261
11 1136
23 1282
10 1140
17 1113
28 1420
29 1388
16 1365
16 1054
29 1041
13 1156
14 1371
17 1294
26 1406
29 1412
18 1072
10 1138
28 1360
29 1414
27 1374
21 1438
25 1172
20 1417
13 1483
10 1427
16 1155
10 1230
23 1219
19 1261
15 1319
14 1288
13 1081
26 1225
19 1424
22 1215
27 1325
19 1231
21 1473
24 1381
24 1496
21 1448
18 1475
29 1088
15 1280
20 1226
15 1476
27 1211
24 1463
29 1371
28 1085
10 1130
20 1144
13 1379
29 1209
29 1275
20 1318
14 1417
27 1105
24 1411
17 1169
13 1477
29 1295
10 1132
29 1065
28 1397
17 1238
27 1340
17 1088
23 1035
28 1076
21 1278
12 1200
16 1218
25 1294
16 1399
27 1103
11 1346
20 1314
27 1286
21 1352
26 1010
16 1336
29 1008
25 1050
27 1451
17 1131
17 1121
17 1287
14 1350
25 1050
24 1212
15 1034
23 1179
18 1466
11 1415
24 1139
26 1105
21 1224
27 1028
21 1320
15 1004
15 1165
21 1021
28 1317
13 1030
16 1286
26 1041
18 1269
27 1093
19 1181
21 1252
16 1242
15 1349
11 1054
10 1226
15 1215
20 1262
21 1289
28 1060
20 1164
11 1041
25 1160
11 1286
19 1103
27 1388
23 1389
19 1245
11 1068
11 1289
19 1133
17 1435
15 1067
12 1491
29 1266
21 1213
26 1385
24 1409
14 1169
26 1173
28 1289
20 1076
14 1180
26 1374
22 1447
14 1325
23 1208
20 1471
23 1051
12 1398
19 1020
18 1117
20 1394
14 1370
12 1310
29 1134
24 1095
26 1431
27 1113
21 1354
26 1469
26 1260
13 1169
10 1145
26 1200
21 1217
19 1094
28 1276
17 1133
29 1342
26 1469
25 1082
20 1039
14 1407
12 1003
27 1043
25 1113
22 1281
17 1462
13 1035
16 1376
26 1188
14 1458
20 1296
19 1471
29 1109
29 1257
11 1263
16 1185
15 1450
17 1079
28 1250
14 1174
27 1241
11 1221
23 1212
11 1151
29 1404
27 1278
25 1126
20 1383
26 1138
15 1397
17 1459
27 1110
27 1199
15 1241
27 1307
12 1477
14 1268
26 1350
20 1103
14 1400
10 1011
11 1486
16 1213
16 1334
20 1077
15 1255
21 1048
29 1061
11 1028
28 1458
28 1361
16 1157
19 1228
24 1222
26 1416
14 1241
24 1130
15 1195
22 1461
19 1118
15 1140
14 1426
23 1448
14 1359
15 1375
16 1483
18 1477
16 1219
25 1289
21 1398
29 1053
22 1040
11 1070
24 1494
24 1009
19 1347
15 1428
15 1170
20 1444
20 1388
10 1305
11 1435
27 1409
24 1010
24 1016
18 1457
25 1397
18 1373
12 1197
17 1094
25 1196
23 1189
13 1069
11 1240
21 1411
19 1435
20 1132
22 1401
29 1204
26 1347
18 1348
14 1114
26 1228
14 1054
10 1104
24 1327
15 1249
20 1118
15 1392
20 1458
26 1098
18 1476
26 1172
26 1347
14 1293
13 1025
15 1165
21 1243
12 1344
28 1016
18 1171
22 1477
21 1303
16 1179
22 1069
27 1300
27 1135
23 1210
15 1499
21 1019
17 1352
28 1383
29 1443
28 1017
13 1076
28 1346
21 1093
13 1189
20 1352
24 1286
23 1229
13 1141
11 1018
18 1460
27 1496
13 1465
11 1204
22 1411
29 1371
13 1375
17 1421
23 1093
25 1296
18 1404
11 1122
29 1142
24 1480
26 1425
12 1360
27 1322
21 1229
29 1253
27 1332
15 1394
29 1289
25 1185
20 1337
10 1027
22 1012
26 1194
28 1259
18 1031
15 1494
14 1077
23 1378
28 1467
29 1141
13 1454
20 1491
26 1366
20 1315
24 1060
19 1225
28 1471
20 1081
24 1457
19 1076
13 1329
28 1157
27 1180
13 1058
10 1282
18 1421
25 1207
18 1275
29 1065
24 1436
29 1240
19 1420
19 1184
24 1387
17 1325
18 1361
27 1217
10 1399
26 1203
21 1153
15 1144
12 1136
26 1344
11 1265
21 1261
18 1284
15 1350
22 1081
19 1061
13 1218
26 1228
25 1303
20 1443
24 1083
17 1321
17 1294
28 1302
22 1396
28 1115
25 1450
21 1408
13 1025
22 1368
19 1259
17 1410
19 1062
12 1451
21 1483
24 1019
12 1401
10 1005
23 1423
18 1302
16 1329
13 1144
12 1044
16 1120
16 1265
26 1053
22 1143
21 1105
14 1171
12 1236
11 1165
22 1364
10 1442
12 1307
13 1127
11 1271
16 1363
11 1462
24 1156
16 1239
19 1321
27 1043
12 1230
25 1491
26 1264
11 1170
25 1497
27 1358
28 1026
22 1043
16 1408
17 1051
14 1395
17 1371
19 1487
29 1158
18 1383
26 1235
25 1006
24 1278
27 1449
28 1249
11 1233
27 1046
17 1323
17 1347
17 1180
27 1027
17 1412
13 1317
25 1357
13 1314
23 1230
22 1180
13 1439
17 1310
27 1463
11 1331
22 1067
22 1247
12 1278
13 1397
25 1379
10 1002
29 1316
21 1433
25 1336
24 1402
26 1011
14 1123
20 1192
29 1097
20 1164
20 1369
18 1307
18 1125
15 1492
19 1409
14 1061
13 1350
25 1122
25 1337
16 1049
28 1011
19 1397
29 1284
29 1237
28 1143
12 1100
15 1057
28 1399
28 1304
24 1050
28 1152
24 1202
29 1248
22 1423
21 1237
27 1259
23 1377
21 1407
29 1243
11 1114
14 1093
11 1438
24 1127
28 1081
23 1360
21 1298
25 1455
19 1495
15 1382
14 1113
27 1294
29 1037
16 1150
22 1277
19 1002
12 1185
19 1164
17 1051
27 1347
24 1383
17 1422
23 1314
23 1443
22 1262
27 1398
21 1499
16 1281
19 1470
13 1422
11 1212
11 1004
26 1055
27 1482
19 1285
23 1048
22 1376
10 1493
22 1320
10 1255
29 1025
26 1239
25 1035
11 1257
27 1039
15 1049
25 1414
24 1297
24 1102
27 1291
10 1062
17 1130
14 1037
12 1462
23 1024
28 1018
11 1119
29 1225
16 1422
25 1330
20 1174
28 1457
11 1026
14 1425
21 1228
27 1263
19 1272
11 1257
16 1412
25 1132
26 1385
12 1264
11 1236
24 1013
29 1269
17 1070
20 1004
12 1237
29 1052
13 1021
18 1185
29 1280
18 1205
16 1314
19 1259
13 1364
17 1377
29 1191
20 1423
21 1014
20 1257
29 1354
26 1275
20 1435
15 1009
15 1225
29 1354
15 1448
15 1406
17 1317
26 1393
12 1097
27 1257
24 1473
13 1059
23 1153
11 1468
24 1385
28 1363
23 1463
26 1408
15 1205
28 1189
25 1394
10 1458
11 1178
19 1009
17 1358
17 1183
23 1140
16 1304
15 1384
13 1126
11 1203
16 1383
10 1000
28 1013
11 1057
22 1058
15 1059
13 1270
14 1352
22 1196
13 1279
14 1090
11 1192
28 1061
15 1211
21 1261
20 1443
29 1328
13 1249
23 1235
20 1229
23 1273
25 1498
11 1260
16 1062
25 1485
10 1013
15 1110
19 1309
28 1460
19 1264
24 1368
29 1204
24 1462
23 1198
27 1261
22 1066
25 1195
25 1214
12 1062
24 1282
11 1324
27 1248
27 1345
10 1391
23 1241
22 1457
13 1392
11 1018
24 1046
28 1211
25 1353
11 1208
15 1098
15 1061
25 1407
16 1446
28 1290
17 1325
26 1025
28 1078
22 1305
23 1047
28 1099
27 1363
18 1032
27 1231
20 1231
26 1244
28 1034
16 1144
12 1384
18 1249
10 1301
28 1381
12 1049
11 1131
10 1297
15 1321
24 1368
24 1092
16 1316
13 1278
24 1012
17 1017
23 1061
11 1199
29 1188
29 1460
13 1418
12 1458
11 1442
25 1227
12 1126
17 1133
20 1427
24 1258
29 1417
17 1224
26 1133
18 1267
22 1446
18 1143
14 1239
29 1175
22 1135
20 1168
12 1363
17 1073
18 1269
12 1225
21 1344
25 1284
23 1072
10 1093
25 1341
12 1052
22 1036
11 1431
17 1499
28 1392
10 1143
20 1158
14 1044
18 1122
29 1295
20 1084
26 1278
25 1262
15 1110
25 1323
11 1232
10 1401
13 1405
28 1064
13 1280
27 1181
28 1356
25 1490
19 1435
21 1111
28 1363
23 1044
19 1150
22 1145
14 1069
14 1114
24 1220
12 1452
12 1175
23 1366
10 1155
12 1176
28 1270
15 1450
18 1323
13 1178
23 1285
17 1186
13 1302
26 1267
17 1303
23 1475
19 1130
24 1322
28 1039
14 1474
14 1299
14 1184
19 1426
25 1308
11 1333
15 1079
17 1311
12 1158
25 1354
14 1072
24 1099
14 1292
23 1483
21 1275
22 1172
15 1282
25 1400
20 1267
21 1248
28 1037
18 1363
24 1155
25 1373
10 1462
24 1196
12 1122
24 1110
17 1043
19 1460
20 1390
11 1180
11 1379
21 1359
13 1426
23 1448
26 1127
27 1392
24 1213
10 1419
14 1336
17 1147
10 1165
18 1140
23 1464
22 1384
27 1074
25 1315
12 1485
22 1295
26 1234
12 1004
28 1487
24 1119
16 1323
15 1093
22 1394
20 1404
22 1469
26 1380
28 1430
12 1250
29 1493
13 1152
17 1146
21 1459
10 1333
16 1452
19 1029
16 1306
11 1279
20 1237
24 1451
23 1373
20 1274
11 1076
28 1308
17 1314
15 1233
26 1144
12 1113
10 1450
24 1376
23 1289
19 1230
10 1260
19 1039
13 1464
16 1146
28 1196
15 1484
20 1414
26 1212
23 1413
19 1033
25 1473
27 1334
22 1394
18 1278
24 1072
28 1326
10 1307
20 1437
21 1287
27 1155
20 1442
23 1193
29 1077
25 1402
19 1485
28 1125
29 1096
22 1420
25 1386
14 1190
27 1312
20 1363
15 1173
25 1063
23 1042
13 1362
21 1166
10 1190
19 1028
23 1371
18 1066
21 1034
21 1205
20 1462
11 1005
21 1326
13 1030
26 1485
14 1151
27 1394
26 1433
16 1219
16 1219
10 1220
20 1420
20 1121
14 1272
27 1050
23 1189
24 1275
15 1227
14 1081
21 1249
24 1297
17 1159
11 1138
29 1425
23 1465
21 1442
16 1188
10 1115
21 1364
15 1206
20 1092
21 1456
17 1021
26 1457
11 1015
18 1308
23 1459
17 1446
17 1091
21 1252
15 1288
19 1135
26 1237
29 1216
16 1043
24 1387
21 1318
17 1331
26 1167
11 1177
28 1209
10 1140
26 1249
13 1320
28 1094
25 1353
12 1243
20 1290
28 1449
10 1387
18 1406
10 1385
28 1226
14 1351
28 1111
24 1203
19 1470
20 1043
28 1068
24 1460
14 1291
29 1108
23 1277
11 1097
11 1213
12 1058
24 1062
27 1440
24 1474
10 1452
28 1039
13 1139
11 1417
14 1197
23 1051
29 1166
22 1408
10 1284
17 1256
11 1093
29 1180
29 1155
23 1430
13 1400
10 1030
10 1412
19 1384
15 1263
29 1087
18 1099
17 1126
15 1168
23 1266
29 1308
24 1001
20 1427
22 1298
19 1356
16 1036
22 1289
13 1112
28 1129
17 1213
24 1014
25 1381
27 1424
25 1050
27 1417
14 1406
20 1337
17 1294
13 1363
19 1151
13 1487
19 1137
28 1065
20 1151
28 1197
20 1396
27 1030
12 1045
26 1404
26 1367
13 1351
14 1179
29 1150
20 1097
28 1062
25 1221
21 1052
23 1436
16 1317
28 1403
16 1422
28 1465
28 1030
20 1019
16 1180
12 1152
16 1163
18 1147
10 1408
15 1030
18 1203
20 1302
13 1020
12 1025
28 1472
26 1023
23 1203
29 1345
11 1062
28 1110
21 1327
20 1097
16 1470
18 1449
13 1327
23 1372
21 1374
29 1425
27 1231
19 1446
26 1176
11 1055
21 1400
18 1102
25 1194
26 1005
22 1340
20 1411
27 1243
21 1321
27 1408
18 1240
18 1165
22 1340
18 1292
10 1292
15 1074
22 1028
17 1350
21 1407
26 1479
11 1021
21 1038
19 1239
13 1107
27 1432
14 1302
11 1496
10 1215
21 1445
17 1282
12 1342
17 1444
10 1265
26 1267
23 1337
22 1316
12 1495
14 1255
25 1123
26 1270
10 1327
28 1095
20 1488
28 1143
22 1265
29 1371
15 1468
21 1057
22 1378
17 1336
14 1151
27 1450
16 1115
21 1084
18 1280
29 1367
18 1038
14 1321
22 1424
26 1024
19 1253
27 1016
24 1122
24 1212
21 1116
15 1254
13 1317
28 1124
27 1228
17 1181
18 1431
29 1185
14 1010
10 1375
27 1458
11 1291
17 1161
19 1395
13 1389
12 1331
24 1025
17 1135
12 1111
12 1269
18 1276
21 1417
20 1344
13 1323
11 1289
12 1346
15 1361
28 1270
17 1279
22 1333
23 1466
17 1188
22 1065
19 1417
26 1485
25 1308
15 1034
14 1265
17 1146
15 1265
20 1017
25 1055
21 1298
28 1402
14 1053
20 1239
24 1093
14 1288
17 1407
18 1192
19 1064
27 1498
13 1027
15 1142
26 1126
13 1397
29 1280
24 1255
12 1192
16 1470
26 1046
18 1383
19 1213
15 1493
13 1258
27 1240
28 1193
16 1341
26 1275
17 1019
21 1060
17 1494
10 1463
21 1390
23 1309
11 1011
13 1135
16 1314
26 1359
12 1321
18 1334
18 1348
19 1392
18 1365
19 1014
19 1107
11 1198
22 1476
17 1067
23 1475
16 1221
22 1452
15 1387
11 1178
18 1196
29 1292
16 1094
10 1106
18 1474
16 1383
17 1331
29 1369
19 1000
21 1343
15 1003
19 1244
22 1386
21 1388
11 1049
27 1241
23 1454
21 1234
26 1425
29 1103
23 1207
16 1176
10 1383
19 1068
23 1270
25 1125
10 1375
10 1084
23 1374
20 1410
25 1207
21 1462
22 1100
22 1341
28 1133
25 1154
18 1307
17 1260
24 1348
16 1119
15 1324
23 1047
28 1339
29 1182
13 1278
11 1362
25 1020
28 1284
26 1253
20 1324
13 1156
16 1301
16 1139
11 1396
15 1475
13 1016
20 1198
21 1221
13 1097
15 1260
13 1098
14 1483
16 1148
26 1248
24 1258
16 1284
10 1431
15 1483
11 1435
28 1176
13 1309
19 1108
12 1191
21 1217
29 1108
26 1121
26 1137
20 1357
15 1482
18 1305
22 1113
21 1444
23 1465
27 1362
26 1103
25 1279
19 1199
12 1277
23 1312
24 1273
13 1102
29 1165
24 1218
29 1402
11 1051
12 1023
27 1207
20 1046
12 1326
24 1171
18 1039
12 1476
14 1279
12 1132
11 1441
21 1385
23 1305
26 1194
19 1167
10 1057
12 1320
13 1231
27 1325
29 1303
12 1111
15 1021
13 1306
10 1428
23 1314
25 1035
22 1149
11 1444
23 1403
21 1097
22 1348
16 1052
26 1376
16 1394
16 1351
12 1037
21 1269
25 1114
28 1009
27 1310
16 1090
19 1017
17 1380
24 1437
21 1457
21 1307
18 1405
11 1331
22 1498
16 1428
22 1445
11 1449
17 1001
28 1413
14 1458
26 1480
18 1314
22 1136
14 1206
28 1138
27 1091
24 1491
24 1239
11 1139
12 1374
11 1151
28 1462
18 1250
19 1041
20 1325
23 1498
28 1120
16 1228
22 1179
19 1332
26 1184
24 1114
18 1440
19 1077
16 1079
13 1370
14 1454
24 1349
10 1031
21 1104
17 1081
18 1115
10 1078
14 1082
21 1033
29 1384
15 1490
24 1349
15 1029
15 1400
20 1390
20 1213
22 1221
19 1058
23 1270
19 1357
11 1487
10 1174
21 1340
21 1183
21 1342
12 1153
11 1442
25 1304
17 1344
15 1316
13 1122
12 1123
29 1417
28 1138
11 1350
10 1373
14 1232
18 1418
18 1306
20 1351
20 1030
12 1437
28 1339
23 1431
27 1279
27 1460
12 1150
22 1182
12 1062
22 1474
26 1366
20 1316
20 1456
13 1333
28 1151
26 1168
19 1181
13 1434
26 1235
16 1161
24 1303
13 1014
20 1262
18 1277
14 1419
17 1367
12 1061
25 1206
20 1102
19 1181
28 1220
21 1263
25 1124
27 1305
22 1166
14 1234
22 1470
17 1208
16 1234
20 1218
18 1086
16 1264
16 1434
15 1000
24 1224
11 1253
15 1469
12 1314
11 1060
27 1479
15 1297
25 1167
28 1425
10 1208
16 1425
18 1019
26 1370
21 1230
29 1324
11 1267
20 1183
28 1389
28 1083
19 1011
25 1098
25 1280
25 1084
21 1065
11 1309
12 1321
28 1075
19 1238
23 1003
27 1208
27 1206
25 1071
16 1205
27 1457
26 1293
12 1327
20 1012
15 1361
23 1131
10 1225
13 1244
16 1458
29 1045
27 1225
15 1113
17 1287
28 1003
26 1194
18 1085
15 1239
18 1094
28 1249
16 1082
13 1354
29 1253
29 1474
23 1182
29 1428
12 1252
11 1391
22 1298
10 1457
21 1472
22 1188
15 1422
10 1496
24 1238
21 1005
27 1051
27 1268
18 1381
17 1088
21 1412
29 1398
15 1404
13 1241
16 1061
15 1077
12 1098
24 1058
25 1283
25 1360
20 1498
23 1303
14 1466
28 1266
12 1194
13 1352
17 1386
17 1096
23 1092
22 1284
21 1446
29 1123
23 1347
11 1133
19 1188
23 1493
16 1483
17 1388
15 1414
18 1148
15 1029
22 1313
10 1057
22 1413
29 1369
17 1232
12 1100
26 1052
25 1327
15 1288
12 1098
16 1201
24 1050
29 1427
17 1053
29 1041
21 1068
11 1220
22 1079
28 1174
29 1261
21 1475
28 1386
19 1105
21 1008
28 1485
24 1078
15 1189
15 1400
24 1375
23 1104
23 1163
18 1481
24 1211
26 1061
29 1322
10 1293
10 1081
29 1361
13 1461
11 1426
24 1357
19 1098
20 1444
29 1121
11 1452
17 1020
11 1021
13 1318
28 1414
27 1419
25 1490
21 1274
22 1436
28 1013
11 1416
15 1296
13 1149
18 1175
11 1125
16 1387
21 1264
11 1457
13 1494
12 1344
14 1431
17 1004
19 1397
24 1243
20 1030
11 1239
10 1191
26 1244
18 1228
11 1351
28 1238
15 1479
19 1191
22 1218
29 1433
17 1434
20 1491
29 1072
20 1358
16 1495
16 1335
19 1230
25 1391
24 1292
17 1488
11 1322
13 1044
18 1142
16 1134
20 1358
25 1446
16 1220
20 1398
12 1020
28 1327
24 1461
12 1487
13 1413
29 1072
26 1390
25 1003
10 1398
27 1100
29 1220
26 1267
23 1485
20 1126
28 1073
24 1214
21 1468
27 1335
10 1238
14 1139
17 1049
23 1309
26 1101
21 1206
28 1105
14 1153
14 1370
28 1204
17 1440
18 1180
11 1047
27 1414
12 1132
14 1120
27 1142
19 1330
29 1022
21 1263
23 1020
19 1094
22 1135
22 1140
13 1441
16 1338
16 1174
15 1177
25 1252
14 1347
14 1188
23 1294
28 1196
29 1172
13 1416
19 1127
23 1223
17 1196
17 1318
27 1386
18 1048
18 1426
14 1000
17 1230
21 1240
24 1439
18 1241
21 1250
12 1188
27 1110
25 1078
26 1484
24 1489
21 1065
23 1223
23 1121
21 1020
25 1242
19 1232
19 1341
11 1169
17 1002
26 1074
21 1265
15 1323
10 1178
19 1202
14 1200
27 1284
14 1251
11 1046
19 1418
13 1044
29 1086
10 1384
15 1023
20 1126
21 1186
24 1219
13 1210
21 1189
14 1001
17 1481
20 1177
21 1486
22 1294
11 1238
27 1098
25 1363
13 1301
22 1224
16 1439
20 1249
10 1362
26 1128
25 1454
24 1392
17 1478
14 1176
11 1166
13 1321
19 1228
10 1425
29 1267
22 1002
16 1105
14 1162
13 1098
16 1403
24 1289
26 1177
27 1425
27 1271
13 1192
22 1010
20 1129
19 1265
22 1326
10 1320
15 1397
18 1106
27 1084
21 1253
17 1419
17 1265
12 1327
11 1308
18 1109
26 1360
25 1278
25 1253
25 1131
15 1373
15 1160
16 1428
10 1249
28 1429
29 1229
14 1075
23 1401
23 1060
22 1046
16 1478
17 1370
14 1481
29 1358
19 1163
17 1016
14 1474
26 1293
12 1488
15 1338
22 1188
13 1415
21 1349
17 1290
14 1222
21 1475
22 1222
22 1147
12 1093
20 1019
10 1230
13 1027
25 1182
21 1215
25 1047
14 1450
17 1005
27 1406
11 1064
15 1122
20 1021
10 1095
23 1126
13 1424
21 1348
29 1079
21 1212
29 1218
28 1240
25 1398
19 1333
16 1243
16 1422
19 1196
27 1447
17 1011
26 1224
10 1140
10 1380
12 1345
28 1357
29 1104
13 1258
10 1132
29 1122
21 1423
19 1274
24 1352
10 1004
25 1349
17 1079
24 1123
11 1112
21 1050
21 1268
23 1273
11 1294
12 1204
24 1101
25 1279
15 1088
17 1090
12 1412
23 1496
16 1135
26 1424
14 1056
17 1483
11 1278
24 1071
29 1302
28 1449
19 1009
23 1119
29 1432
11 1402
26 1108
27 1033
24 1281
28 1250
21 1163
14 1293
28 1040
26 1477
15 1144
25 1018
29 1113
25 1121
28 1376
15 1221
29 1473
19 1275
18 1387
27 1059
14 1469
24 1492
11 1003
20 1305
28 1426
28 1468
25 1317
13 1416
17 1253
11 1227
10 1114
11 1371
11 1478
22 1434
15 1360
19 1332
25 1240
26 1204
23 1057
14 1396
14 1082
14 1486
23 1353
17 1401
15 1361
23 1393
12 1064
11 1053
27 1375
13 1165
25 1441
27 1335
23 1112
14 1418
24 1351
28 1369
20 1490
22 1018
17 1076
22 1293
26 1144
12 1202
11 1297
16 1343
28 1443
25 1284
27 1207
22 1057
11 1112
29 1365
20 1010
20 1236
15 1424
25 1355
17 1337
22 1338
29 1224
21 1246
25 1370
28 1360
22 1308
17 1355
28 1307
17 1006
13 1055
24 1003
15 1293
23 1249
28 1178
14 1238
27 1317
13 1388
14 1156
22 1166
10 1043
15 1432
22 1039
25 1227
26 1252
10 1488
14 1190
11 1141
12 1308
10 1001
18 1321
20 1435
14 1298
18 1235
11 1079
29 1354
10 1274
11 1118
24 1147
28 1014
12 1092
22 1177
21 1138
23 1274
24 1477
25 1067
18 1108
23 1353
18 1078
29 1097
26 1341
28 1044
24 1027
23 1177
18 1312
22 1418
15 1492
15 1129
12 1295
24 1084
10 1154
19 1416
29 1088
20 1153
17 1138
29 1121
14 1068
12 1324
21 1431
23 1221
23 1174
25 1057
14 1450
22 1015
10 1440
12 1138
14 1101
12 1430
28 1209
19 1329
12 1114
24 1213
21 1084
19 1308
10 1446
18 1301
25 1051
29 1230
29 1275
23 1376
20 1203
17 1094
17 1122
14 1302
14 1382
29 1404
11 1004
28 1251
12 1158
16 1392
28 1013
21 1488
21 1495
24 1362
13 1465
18 1304
23 1299
17 1001
23 1142
28 1051
13 1129
13 1232
28 1348
12 1312
11 1216
26 1371
24 1258
26 1115
28 1279
16 1439
28 1288
28 1002
24 1206
17 1436
18 1316
18 1026
10 1166
21 1380
28 1300
28 1409
20 1365
19 1154
11 1429
23 1293
29 1151
20 1245
27 1441
13 1030
24 1155
28 1400
14 1308
16 1383
22 1313
20 1348
29 1398
14 1393
13 1133
25 1267
16 1229
27 1459
16 1283
29 1438
16 1164
29 1435
18 1031
23 1175
26 1406
13 1382
13 1269
19 1441
14 1206
25 1461
24 1295
12 1185
17 1252
19 1438
13 1456
14 1050
26 1159
21 1286
24 1249
21 1436
10 1268
24 1128
26 1262
23 1057
19 1299
26 1072
26 1186
16 1128
25 1418
28 1433
15 1212
14 1434
27 1213
23 1491
17 1115
25 1494
10 1465
22 1376
20 1012
25 1063
11 1127
13 1379
25 1320
24 1298
25 1191
20 1228
15 1306
13 1231
21 1425
17 1082
25 1091
29 1372
27 1031
21 1377
17 1256
28 1433
10 1058
24 1454
24 1185
21 1078
10 1273
10 1301
17 1347
12 1286
29 1457
26 1416
28 1472
18 1485
26 1028
23 1107
25 1161
15 1341
26 1171
20 1154
23 1169
12 1475
26 1099
16 1169
13 1202
13 1392
12 1325
17 1290
16 1075
10 1198
28 1432
25 1120
15 1045
11 1042
19 1327
12 1036
28 1019
10 1177
16 1129
19 1282
13 1058
11 1049
14 1368
25 1374
20 1082
13 1108
13 1257
22 1467
11 1288
13 1333
22 1058
16 1171
21 1497
22 1282
13 1060
14 1420
12 1452
12 1147
19 1027
15 1439
16 1382
16 1019
12 1020
26 1042
18 1483
13 1071
24 1203
15 1354
20 1021
22 1042
17 1230
26 1117
27 1274
10 1170
11 1364
29 1387
10 1433
25 1018
15 1094
13 1345
28 1093
29 1226
13 1416
27 1352
13 1240
18 1486
26 1057
12 1470
23 1409
17 1318
11 1458
10 1353
15 1225
26 1346
19 1442
14 1154
12 1415
11 1013
11 1406
24 1050
20 1139
28 1405
10 1225
11 1423
21 1187
26 1260
29 1473
26 1023
17 1314
23 1025
20 1373
15 1398
12 1099
20 1256
27 1003
18 1287
13 1218
16 1025
16 1086
24 1482
17 1081
21 1285
22 1169
23 1333
17 1174
23 1329
16 1179
18 1381
20 1461
13 1130
22 1471
19 1133
12 1163
23 1337
13 1234
25 1169
19 1210
18 1206
25 1142
11 1412
21 1161
13 1236
27 1336
15 1305
12 1296
29 1098
22 1385
13 1216
14 1138
23 1166
25 1287
18 1460
13 1127
22 1373
23 1111
21 1365
21 1117
15 1455
23 1220
15 1069
13 1267
26 1371
10 1292
23 1236
23 1470
28 1417
10 1179
17 1423
28 1224
10 1391
20 1325
21 1319
24 1442
21 1318
22 1274
18 1464
23 1103
23 1263
19 1191
23 1348
15 1267
29 1388
13 1189
26 1051
21 1288
20 1059
17 1057
26 1481
20 1045
22 1086
21 1053
24 1458
20 1290
14 1350
15 1430
24 1051
21 1088
18 1006
11 1281
18 1334
19 1423
21 1112
18 1348
14 1407
12 1056
28 1453
27 1242
25 1480
21 1110
26 1257
15 1385
24 1240
21 1315
16 1117
29 1254
19 1177
27 1331
22 1422
23 1179
16 1400
29 1389
19 1112
17 1010
21 1315
18 1225
10 1311
28 1378
24 1072
14 1234
16 1198
14 1471
13 1157
13 1455
20 1498
16 1444
17 1488
29 1270
26 1486
20 1000
24 1339
12 1391
14 1355
14 1329
12 1050
29 1337
17 1413
25 1170
17 1427
23 1171
24 1408
21 1132
29 1326
17 1360
18 1413
25 1429
13 1049
26 1394
11 1312
27 1192
16 1469
26 1362
28 1331
29 1185
29 1155
25 1164
12 1322
22 1342
26 1018
16 1303
12 1382
24 1056
28 1041
18 1351
20 1275
22 1082
14 1157
17 1283
18 1320
23 1458
26 1486
19 1215
22 1223
16 1127
21 1052
23 1222
20 1394
28 1427
23 1034
14 1459
27 1328
22 1069
13 1364
28 1172
14 1329
13 1413
10 1443
29 1257
10 1489
20 1330
22 1251
13 1345
15 1230
16 1351
13 1043
25 1034
29 1037
18 1247
24 1266
22 1485
23 1089
16 1396
19 1184
13 1352
15 1061
25 1001
16 1130
20 1013
13 1043
11 1470
15 1442
19 1365
25 1152
26 1234
17 1056
12 1444
16 1499
17 1256
22 1265
20 1261
12 1487
27 1028
12 1450
28 1034
17 1352
19 1483
25 1196
24 1420
15 1472
27 1175
27 1002
17 1279
11 1176
22 1087
17 1289
14 1353
19 1053
26 1489
26 1269
27 1479
16 1397
25 1250
15 1066
14 1254
23 1460
24 1297
11 1078
26 1108
14 1410
29 1133
22 1006
15 1328
11 1462
12 1011
21 1107
26 1415
29 1160
14 1240
20 1473
19 1116
12 1451
16 1090
22 1449
29 1392
28 1238
18 1378
18 1024
13 1272
26 1487
14 1189
28 1089
15 1494
16 1016
25 1406
25 1403
13 1077
10 1348
16 1283
28 1007
10 1455
14 1120
25 1405
29 1127
14 1387
21 1435
12 1028
22 1350
23 1055
11 1298
11 1370
17 1429
18 1047
18 1092
14 1394
24 1090
10 1400
20 1343
14 1482
12 1475
16 1454
10 1132
24 1227
26 1376
14 1089
11 1247
16 1160
10 1431
29 1155
15 1155
13 1376
20 1299
24 1084
27 1028
11 1195
26 1020
17 1452
19 1246
18 1289
29 1431
13 1370
23 1316
20 1058
10 1324
22 1147
25 1294
19 1457
29 1067
22 1311
20 1374
24 1089
23 1484
25 1260
16 1209
23 1494
13 1356
10 1225
21 1277
13 1207
16 1370
27 1426
12 1200
16 1009
22 1138
21 1328
16 1388
25 1212
13 1184
24 1011
14 1044
20 1475
20 1474
18 1035
15 1266
23 1394
23 1142
21 1075
22 1015
14 1125
21 1092
19 1013
10 1098
19 1470
13 1430
13 1075
15 1176
13 1408
27 1164
13 1304
26 1352
26 1283
20 1195
25 1316
15 1189
15 1313
28 1177
27 1182
18 1389
24 1161
20 1253
19 1057
29 1404
27 1499
26 1219
13 1264
24 1306
21 1342
13 1033
22 1313
18 1178
22 1476
23 1087
17 1054
19 1004
22 1486
10 1143
29 1104
19 1170
27 1496
23 1032
13 1399
23 1212
29 1131
19 1041
26 1419
15 1036
17 1322
20 1412
24 1340
28 1480
29 1019
27 1023
16 1337
11 1171
20 1329
20 1088
23 1171
14 1015
28 1325
12 1059
14 1497
11 1041
25 1200
17 1037
28 1266
27 1494
22 1086
23 1385
21 1098
21 1089
21 1081
22 1304
20 1381
29 1417
10 1000
15 1480
26 1409
11 1418
22 1283
23 1413
26 1490
25 1388
25 1417
13 1379
18 1338
20 1238
12 1006
26 1216
22 1176
11 1141
20 1288
15 1367
21 1369
26 1124
28 1465
20 1454
27 1278
12 1252
16 1394
17 1201
21 1488
29 1218
25 1301
13 1467
12 1232
10 1452
20 1285
27 1176
22 1251
11 1431
24 1225
12 1367
17 1127
20 1071
15 1398
19 1422
16 1110
22 1491
14 1138
24 1185
18 1160
11 1406
27 1421
10 1136
12 1378
24 1475
18 1359
15 1298
28 1486
13 1404
15 1436
10 1350
15 1222
19 1074
18 1151
18 1046
11 1125
29 1340
20 1351
15 1235
23 1374
15 1074
16 1431
13 1175
23 1048
20 1169
23 1261
18 1497
18 1270
11 1119
15 1222
20 1146
29 1284
14 1318
14 1494
18 1332
28 1174
20 1348
24 1235
27 1442
13 1451
12 1224
14 1078
20 1347
26 1476
14 1219
28 1040
28 1349
27 1116
28 1305
18 1231
13 1287
17 1111
14 1409
22 1273
17 1434
20 1214
12 1002
25 1035
21 1447
11 1286
14 1283
25 1053
29 1021
15 1350
24 1459
23 1060
22 1410
14 1023
19 1218
16 1067
20 1086
29 1190
18 1333
10 1310
23 1116
12 1171
28 1051
24 1364
10 1063
29 1034
20 1017
29 1050
21 1378
20 1187
19 1259
19 1445
10 1464
11 1198
12 1254
27 1424
11 1422
22 1240
21 1180
28 1004
27 1174
29 1313
15 1270
15 1058
12 1256
10 1467
18 1386
13 1484
26 1099
22 1199
26 1499
19 1203
23 1374
15 1045
10 1178
16 1358
23 1266
25 1047
18 1284
17 1404
27 1087
22 1274
10 1364
25 1405
24 1077
26 1399
26 1493
18 1372
15 1443
12 1204
23 1333
12 1028
22 1239
16 1374
29 1137
25 1454
29 1340
20 1087
26 1421
16 1252
17 1433
27 1313
12 1218
16 1307
28 1250
19 1233
23 1019
29 1308
22 1484
26 1186
14 1444
24 1084
14 1093
12 1253
10 1485
13 1264
12 1101
29 1244
22 1437
17 1366
16 1079
23 1370
16 1326
14 1316
25 1471
14 1344
22 1493
16 1314
16 1409
25 1233
14 1010
29 1027
11 1057