6500 5000
25 1013
13 1337
15 1394
26 1338
29 1415
27 1072
16 1049
18 1006
25 1387
29 1208
21 1369
24 1210
19 1206
24 1382
13 1466
29 1284
25 1074
13 1467
26 1350
26 1288
12 1248
28 1488
28 1393
26 1172
29 1041
11 1476
26 1060
15 1430
22 1325
14 1458
12 1202
13 1398
18 1207
13 1141
17 1255
18 1214
14 1223
18 1351
27 1488
14 1400
22 1475
11 1036
27 1122
17 1442
23 1480
19 1064
11 1127
13 1430
24 1418
17 1444
16 1159
28 1326
15 1272
25 1254
14 1178
28 1498
13 1300
19 1372
28 1303
18 1185
27 1187
13 1412
13 1289
12 1446
25 1210
16 1134
17 1179
13 1074
14 1183
19 1134
17 1016
21 1386
12 1276
26 1226
18 1199
18 1180
22 1265
14 1322
26 1317
18 1369
11 1498
13 1367
14 1129
18 1430
13 1296
22 1017
27 1085
17 1106
11 1275
25 1139
18 1050
15 1160
10 1057
24 1081
25 1495
14 1226
18 1199
15 1422
26 1409
29 1458
16 1211
20 1180
17 1162
10 1429
22 1088
29 1176
20 1154
14 1299
28 1453
27 1180
26 1280
19 1026
11 1497
18 1216
15 1031
29 1316
10 1064
11 1388
11 1444
15 1023
18 1423
11 1116
25 1297
25 1329
28 1371
20 1279
10 1360
16 1146
20 1251
12 1078
20 1440
20 1286
25 1201
27 1091
10 1272
17 1216
27 1008
13 1256
14 1004
12 1034
22 1137
23 1302
17 1437
18 1175
15 1129
14 1496
16 1257
15 1326
23 1343
13 1300
18 1112
22 1461
20 1180
24 1172
21 1370
22 1462
20 1455
27 1232
16 1152
12 1374
17 1305
29 1075
17 1171
29 1467
18 1325
29 1386
14 1014
20 1159
26 1153
24 1075
11 1395
18 1287
19 1252
13 1113
22 1033
14 1300
22 1475
19 1492
27 1176
12 1254
11 1080
14 1434
10 1088
28 1268
23 1197
23 1081
26 1382
16 1098
17 1448
13 1429
14 1110
28 1213
17 1407
19 1255
12 1069
18 1307
16 1372
25 1024
29 1062
11 1064
21 1287
27 1054
20 1224
11 1052
18 1062
28 1406
28 1188
16 1414
28 1369
14 1217
11 1092
27 1047
18 1452
10 1497
23 1420
15 1271
22 1332
18 1349
15 1382
18 1021
11 1146
25 1259
19 1204
27 1277
18 1472
26 1353
28 1259
11 1049
25 1150
23 1022
23 1237
10 1120
20 1497
12 1244
25 1418
27 1088
14 1087
29 1301
24 1121
13 1119
17 1082
10 1025
13 1467
11 1254
15 1353
19 1255
20 1017
23 1266
22 1189
15 1469
24 1067
11 1081
23 1351
19 1127
14 1106
12 1162
24 1004
14 1239
20 1244
10 1499
27 1438
11 1213
28 1368
15 1231
10 1445
11 1480
12 1480
19 1006
13 1488
27 1065
14 1403
14 1061
25 1454
11 1261
17 1440
21 1422
24 1002
18 1327
19 1283
18 1448
26 1290
28 1314
27 1210
13 1196
26 1355
17 1047
21 1118
19 1217
13 1300
26 1049
25 1240
18 1122
13 1063
10 1176
17 1144
18 1057
19 1438
27 1350
13 1471
26 1168
28 1256
13 1284
23 1476
17 1423
19 1004
11 1445
24 1143
23 1253
18 1027
26 1388
19 1066
23 1095
19 1158
14 1319
10 1099
20 1487
22 1018
25 1418
14 1249
29 1299
23 1490
10 1387
26 1373
15 1246
15 1451
10 1203
17 1362
22 1298
17 1267
17 1034
17 1364
21 1172
27 1031
16 1228
18 1450
11 1462
10 1439
29 1448
10 1463
19 1319
18 1326
14 1029
14 1325
27 1027
16 1477
20 1103
12 1443
15 1297
27 1485
10 1055
14 1381
10 1354
19 1282
25 1496
16 1335
20 1053
20 1218
28 1478
26 1211
27 1471
23 1178
25 1025
13 1049
22 1032
18 1150
18 1388
18 1436
14 1219
28 1045
25 1172
27 1287
24 1370
27 1382
16 1088
15 1468
25 1453
23 1280
26 1278
27 1053
28 1171
25 1284
28 1285
15 1233
12 1402
17 1373
24 1318
27 1370
23 1269
22 1487
20 1252
19 1096
29 1367
16 1122
20 1103
24 1263
12 1118
29 1360
25 1491
11 1195
17 1166
16 1061
14 1302
10 1021
18 1393
13 1415
11 1097
11 1384
11 1289
27 1058
13 1425
14 1385
18 1392
10 1073
24 1096
12 1126
22 1003
28 1411
15 1406
12 1391
20 1258
24 1169
23 1011
29 1272
10 1305
22 1337
12 1223
22 1314
21 1352
27 1412
10 1043
21 1102
13 1258
29 1308
26 1414
18 1178
13 1359
19 1476
17 1468
29 1126
21 1394
24 1060
18 1061
14 1241
21 1304
25 1173
17 1225
14 1348
16 1204
23 1480
28 1139
21 1241
14 1132
26 1145
17 1070
26 1075
13 1431
26 1186
28 1043
23 1129
25 1448
12 1127
26 1417
11 1075
22 1465
17 1351
14 1494
28 1179
19 1231
28 1337
26 1246
24 1154
28 1004
28 1092
12 1399
27 1393
12 1305
15 1407
12 1336
29 1487
27 1049
25 1408
12 1338
25 1434
13 1033
11 1352
16 1434
16 1115
22 1297
20 1412
17 1079
26 1261
23 1269
20 1102
17 1149
26 1387
11 1402
11 1271
29 1144
27 1341
29 1310
12 1337
19 1304
29 1076
12 1016
26 1094
28 1073
16 1114
24 1454
18 1326
10 1117
17 1019
29 1404
13 1276
12 1140
11 1049
11 1409
10 1312
21 1010
27 1058
20 1380
19 1180
10 1157
16 1403
29 1166
21 1459
15 1393
28 1023
23 1154
15 1260
18 1053
27 1285
14 1114
22 1300
19 1451
28 1105
13 1415
16 1251
10 1391
10 1379
12 1186
19 1321
14 1339
23 1351
26 1273
17 1332
29 1196
13 1210
18 1295
11 1389
15 1380
29 1336
19 1053
13 1027
25 1493
25 1136
20 1192
13 1417
24 1101
11 1035
20 1436
27 1316
10 1121
16 1217
10 1324
10 1427
28 1286
14 1163
27 1339
28 1451
11 1173
25 1160
14 1167
13 1364
20 1017
28 1409
22 1138
10 1248
13 1222
28 1233
15 1328
27 1034
10 1092
29 1007
12 1041
24 1284
28 1377
18 1054
12 1232
11 1031
21 1038
22 1203
16 1489
23 1149
14 1326
24 1166
23 1084
15 1408
27 1468
21 1168
13 1284
18 1164
25 1291
18 1417
19 1472
26 1112
29 1267
18 1355
14 1011
18 1062
25 1187
21 1397
20 1280
17 1481
28 1496
25 1255
28 1161
10 1035
24 1360
27 1281
26 1230
26 1347
19 1491
11 1111
21 1464
27 1195
24 1373
18 1192
18 1486
11 1086
10 1066
10 1286
18 1280
20 1452
27 1160
18 1334
20 1050
25 1234
10 1195
22 1415
19 1330
21 1231
26 1268
25 1316
15 1206
11 1109
12 1060
16 1477
12 1210
24 1483
17 1214
13 1493
19 1300
21 1259
19 1075
16 1011
14 1342
12 1407
15 1397
18 1111
28 1078
14 1440
11 1288
15 1097
25 1163
14 1066
28 1455
17 1319
15 1324
24 1479
28 1081
20 1425
27 1312
24 1249
13 1374
17 1242
19 1204
26 1127
28 1304
25 1479
12 1420
18 1409
15 1028
11 1243
19 1467
21 1445
17 1180
21 1382
14 1150
19 1368
14 1017
20 1089
17 1424
17 1451
10 1349
26 1434
21 1429
29 1044
13 1488
10 1006
24 1445
26 1193
21 1022
16 1216
29 1424
16 1350
25 1126
12 1196
19 1356
18 1066
28 1418
28 1473
18 1262
21 1069
29 1419
29 1058
19 1359
13 1008
11 1300
27 1217
17 1380
15 1352
24 1068
22 1134
21 1132
14 1020
12 1275
23 1114
21 1230
27 1203
19 1199
25 1058
13 1486
27 1271
16 1044
23 1194
25 1084
29 1065
21 1226
24 1300
19 1161
11 1487
18 1394
22 1308
26 1479
15 1320
21 1055
27 1065
28 1184
23 1165
17 1100
16 1066
27 1180
14 1172
23 1323
21 1368
19 1041
28 1019
16 1201
16 1298
15 1347
13 1162
18 1029
14 1208
12 1114
26 1384
12 1420
11 1126
26 1187
26 1408
16 1430
24 1389
10 1073
29 1388
10 1218
15 1210
27 1252
14 1486
24 1033
17 1257
16 1351
27 1029
17 1069
13 1073
26 1070
10 1131
23 1012
25 1286
14 1429
10 1029
29 1456
17 1259
13 1191
29 1497
23 1313
29 1342
17 1122
20 1125
25 1312
21 1485
11 1203
18 1278
21 1123
27 1433
24 1485
20 1159
25 1437
16 1308
26 1111
24 1201
22 1014
12 1488
18 1315
26 1341
27 1093
16 1353
11 1269
20 1402
21 1122
28 1024
23 1470
13 1493
24 1110
15 1031
13 1080
27 1476
12 1153
23 1446
18 1071
19 1482
17 1020
16 1353
14 1100
23 1215
12 1490
19 1164
14 1153
14 1240
27 1331
29 1496
26 1368
12 1174
24 1062
11 1191
12 1370
24 1357
22 1386
14 1110
18 1177
17 1247
20 1059
26 1212
13 1107
19 1412
15 1048
27 1170
25 1384
12 1276
24 1062
19 1142
14 1187
20 1076
28 1302
11 1048
23 1444
20 1332
17 1174
18 1102
20 1115
25 1206
10 1445
28 1454
20 1156
14 1217
16 1046
28 1307
23 1042
21 1040
27 1266
22 1452
24 1456
17 1045
28 1051
17 1138
17 1175
13 1364
26 1040
13 1253
24 1261
20 1271
11 1050
15 1112
27 1320
18 1228
20 1380
22 1060
24 1270
10 1272
19 1185
26 1298
23 1228
13 1393
16 1322
13 1041
28 1250
15 1371
22 1401
27 1469
19 1358
16 1305
26 1107
21 1016
21 1124
18 1052
18 1217
11 1030
28 1134
24 1188
18 1493
12 1120
25 1225
25 1481
21 1480
17 1410
16 1492
24 1334
11 1162
22 1354
13 1373
26 1434
26 1472
25 1091
29 1394
24 1287
10 1340
22 1177
15 1424
16 1150
18 1453
21 1341
12 1230
10 1040
18 1142
15 1056
27 1262
21 1051
25 1172
29 1372
27 1170
18 1044
11 1351
25 1033
16 1416
11 1102
13 1039
12 1383
22 1484
18 1401
24 1407
11 1282
28 1122
29 1101
23 1315
13 1084
26 1061
17 1335
28 1214
15 1422
28 1430
20 1076
29 1223
29 1405
29 1415
26 1452
11 1345
25 1311
20 1469
23 1408
29 1185
29 1187
12 1335
16 1471
19 1216
17 1404
25 1339
15 1070
16 1163
24 1150
27 1183
18 1022
11 1303
10 1236
29 1296
16 1046
17 1237
12 1352
17 1399
16 1166
12 1287
15 1281
14 1488
24 1336
11 1026
11 1255
27 1312
14 1323
10 1352
29 1040
19 1059
19 1239
17 1419
14 1037
11 1262
24 1326
29 1296
28 1469
17 1458
18 1455
15 1311
13 1310
17 1045
15 1257
25 1041
21 1257
26 1366
12 1470
20 1063
29 1449
13 1101
25 1347
16 1031
15 1443
20 1330
25 1208
19 1126
12 1229
28 1284
24 1200
17 1408
24 1343
20 1292
26 1358
22 1014
20 1047
18 1030
25 1207
16 1103
29 1348
17 1223
19 1314
17 1227
22 1207
15 1314
10 1026
10 1146
15 1103
27 1170
17 1281
26 1212
20 1408
23 1387
17 1207
27 1424
16 1136
26 1154
17 1485
11 1346
20 1302
15 1498
29 1209
20 1075
12 1164
28 1243
16 1025
22 1445
11 1353
27 1272
11 1173
19 1277
20 1204
12 1231
21 1015
28 1109
10 1370
20 1458
20 1256
12 1117
16 1073
21 1306
19 1259
15 1124
14 1487
11 1216
22 1240
22 1367
29 1220
28 1183
20 1392
24 1425
28 1138
20 1344
20 1376
25 1021
14 1184
10 1424
28 1134
19 1142
20 1167
18 1169
26 1376
24 1022
21 1044
18 1143
16 1432
21 1488
15 1195
25 1115
23 1497
25 1197
11 1057
21 1263
29 1135
15 1470
19 1205
18 1340
21 1297
18 1128
24 1412
27 1132
10 1497
19 1118
26 1053
17 1158
20 1344
18 1313
17 1070
16 1176
28 1130
23 1240
23 1156
12 1226
28 1158
16 1319
11 1328
13 1332
22 1336
29 1464
22 1139
10 1232
16 1293
18 1207
23 1263
14 1002
25 1028
19 1485
24 1360
14 1150
15 1424
25 1433
10 1155
15 1447
16 1338
21 1049
16 1180
11 1385
24 1324
11 1292
27 1250
16 1476
13 1239
25 1056
20 1378
24 1245
17 1412
19 1000
11 1475
26 1297
14 1197
14 1352
27 1457
27 1341
20 1009
10 1121
12 1126
23 1058
27 1220
15 1300
25 1404
20 1435
10 1056
13 1464
11 1278
10 1498
29 1223
11 1205
29 1116
24 1246
27 1321
11 1280
20 1001
10 1476
13 1495
10 1415
28 1061
14 1331
26 1094
15 1341
13 1083
14 1158
16 1326
14 1305
18 1308
12 1408
13 1483
11 1136
19 1445
14 1328
18 1017
23 1042
20 1420
10 1133
25 1281
26 1434
23 1056
17 1054
23 1299
19 1120
21 1310
18 1251
10 1347
29 1097
19 1017
12 1015
10 1183
20 1496
19 1241
27 1282
18 1286
13 1114
15 1449
20 1285
22 1354
29 1176
21 1342
28 1216
24 1365
12 1421
10 1428
15 1052
17 1419
27 1381
22 1281
26 1455
14 1117
25 1004
29 1277
12 1414
11 1437
29 1264
15 1091
22 1469
26 1091
14 1446
23 1362
16 1366
21 1496
13 1076
21 1480
24 1063
27 1166
27 1464
17 1373
28 1434
19 1484
25 1327
13 1422
16 1237
17 1239
21 1322
13 1116
19 1254
28 1067
14 1231
24 1077
24 1021
15 1431
26 1265
12 1438
24 1183
24 1416
18 1329
17 1412
13 1481
16 1365
17 1099
20 1427
13 1383
23 1384
17 1291
29 1187
15 1246
19 1307
16 1393
10 1145
24 1365
10 1115
21 1033
23 1270
18 1066
16 1359
16 1456
12 1205
14 1189
14 1094
21 1136
23 1271
13 1416
22 1391
27 1317
23 1163
29 1058
21 1210
29 1184
16 1412
15 1309
16 1330
25 1049
29 1363
28 1233
26 1136
19 1339
25 1337
29 1189
22 1494
10 1097
28 1401
21 1372
22 1295
24 1047
11 1165
21 1148
13 1425
20 1201
15 1371
17 1397
12 1315
23 1359
15 1203
21 1078
21 1052
23 1024
23 1069
19 1413
23 1274
26 1388
10 1306
11 1328
27 1030
21 1442
12 1365
29 1427
24 1228
21 1056
29 1330
20 1466
22 1164
15 1310
19 1251
17 1400
28 1018
11 1268
15 1157
27 1313
15 1410
15 1019
28 1456
24 1177
23 1062
29 1263
29 1256
27 1001
13 1163
14 1201
22 1386
23 1226
15 1447
29 1313
11 1390
15 1194
17 1208
16 1139
21 1492
19 1032
19 1394
26 1363
15 1188
13 1467
27 1370
26 1350
18 1193
29 1131
12 1431
12 1004
17 1326
27 1076
12 1354
26 1096
15 1060
28 1274
10 1348
14 1261
28 1305
16 1060
21 1373
17 1393
11 1098
14 1390
20 1456
12 1407
16 1294
24 1125
26 1099
21 1318
19 1405
25 1290
29 1045
27 1191
27 1150
12 1390
27 1086
21 1464
22 1409
28 1265
12 1418
21 1382
15 1305
10 1411
23 1118
27 1179
25 1459
29 1091
27 1452
23 1214
24 1268
20 1095
10 1493
12 1235
27 1435
15 1160
23 1145
29 1121
22 1471
27 1231
17 1461
21 1072
11 1146
20 1428
16 1331
27 1331
18 1154
17 1264
14 1431
23 1205
14 1262
12 1343
12 1200
11 1497
24 1139
24 1113
25 1254
26 1439
27 1413
25 1053
28 1143
11 1286
29 1089
20 1458
18 1156
23 1491
17 1217
12 1381
29 1187
27 1442
20 1171
28 1371
27 1318
11 1079
15 1276
15 1340
27 1459
17 1195
20 1232
18 1479
12 1255
23 1035
27 1418
25 1023
11 1096
11 1417
27 1491
28 1215
13 1171
16 1117
17 1079
25 1147
23 1078
28 1025
15 1234
23 1469
22 1235
19 1214
21 1197
23 1254
23 1217
12 1107
11 1397
29 1089
12 1263
16 1129
23 1431
27 1328
10 1125
14 1496
20 1180
19 1204
23 1438
15 1170
20 1411
13 1369
26 1497
20 1162
28 1111
25 1497
10 1311
24 1252
20 1254
16 1123
12 1361
11 1245
18 1470
19 1418
10 1179
25 1383
29 1217
25 1424
27 1461
11 1379
11 1050
22 1259
14 1075
24 1458
26 1152
26 1275
17 1018
18 1471
18 1190
20 1207
19 1114
29 1279
22 1363
16 1450
26 1474
13 1060
13 1231
14 1475
17 1313
14 1138
26 1367
27 1420
22 1022
21 1418
18 1053
11 1453
28 1390
17 1113
11 1002
20 1309
23 1054
23 1485
23 1429
29 1168
15 1142
14 1028
11 1396
22 1095
10 1357
15 1154
12 1399
11 1209
28 1272
24 1038
22 1188
22 1236
19 1082
24 1221
18 1041
17 1147
24 1352
23 1474
12 1015
24 1418
29 1248
18 1329
20 1392
25 1002
23 1371
27 1000
10 1311
23 1383
24 1042
21 1233
25 1383
19 1420
12 1458
13 1069
13 1463
28 1332
27 1077
27 1067
12 1430
15 1455
22 1067
26 1479
10 1359
28 1107
28 1250
28 1386
16 1061
24 1465
14 1454
15 1036
25 1047
26 1200
10 1061
12 1385
23 1022
11 1054
15 1185
15 1482
23 1412
29 1030
12 1418
21 1277
16 1391
14 1220
19 1286
26 1400
16 1074
26 1121
23 1193
14 1282
24 1370
26 1458
12 1072
27 1487
11 1428
16 1276
12 1108
17 1459
26 1245
13 1221
19 1406
14 1136
24 1447
28 1083
17 1326
22 1214
25 1263
10 1146
17 1023
18 1363
23 1239
24 1281
23 1243
27 1039
28 1319
29 1175
22 1153
29 1492
17 1459
27 1229
24 1085
23 1212
21 1456
27 1039
13 1336
24 1390
12 1197
15 1143
27 1227
21 1160
20 1010
17 1436
16 1079
21 1410
24 1398
12 1097
14 1333
18 1433
10 1372
15 1488
24 1353
26 1104
16 1276
17 1403
18 1151
28 1434
17 1239
24 1376
14 1038
23 1055
22 1497
18 1105
25 1377
27 1084
21 1090
21 1203
28 1031
24 1146
13 1015
20 1441
25 1090
18 1171
16 1136
13 1155
20 1399
22 1310
25 1245
19 1309
19 1082
26 1080
12 1311
26 1345
16 1230
17 1315
17 1203
29 1031
14 1348
17 1284
24 1019
19 1449
14 1335
18 1030
23 1199
13 1075
29 1425
25 1401
19 1367
17 1316
22 1161
22 1212
22 1160
26 1151
26 1052
24 1319
20 1275
23 1316
22 1187
18 1185
25 1302
24 1005
20 1350
22 1006
27 1059
13 1079
27 1099
19 1138
24 1014
23 1022
11 1361
17 1430
18 1245
16 1170
25 1160
14 1320
16 1386
18 1479
27 1053
18 1049
29 1038
26 1233
11 1177
13 1367
18 1242
28 1192
23 1362
25 1178
24 1138
27 1225
24 1275
14 1039
25 1469
18 1301
19 1138
27 1299
27 1384
23 1049
25 1126
26 1236
15 1062
22 1142
22 1429
23 1200
28 1378
23 1454
15 1385
21 1024
16 1267
23 1038
10 1250
13 1175
12 1395
17 1442
13 1311
25 1084
25 1447
23 1281
12 1341
27 1235
25 1355
16 1338
19 1451
17 1153
20 1058
26 1441
22 1232
13 1186
10 1200
14 1454
29 1149
28 1402
12 1222
17 1463
18 1014
16 1343
13 1082
12 1106
16 1479
16 1414
29 1211
24 1296
19 1306
22 1180
22 1115
10 1167
17 1342
12 1176
26 1234
23 1026
24 1428
12 1240
12 1472
20 1375
26 1157
15 1032
17 1099
13 1325
12 1373
10 1052
13 1299
27 1287
10 1032
24 1021
18 1096
20 1265
13 1380
15 1387
15 1267
19 1145
20 1277
23 1473
19 1230
26 1036
24 1280
17 1460
19 1288
26 1322
21 1385
27 1027
16 1118
26 1335
28 1206
15 1452
19 1405
22 1014
15 1197
23 1239
21 1417
25 1321
26 1315
29 1184
24 1049
28 1019
21 1008
10 1448
27 1310
27 1077
21 1406
24 1384
17 1035
11 1091
28 1092
15 1420
14 1231
14 1186
17 1166
20 1172
24 1194
17 1000
12 1233
14 1492
15 1431
18 1199
25 1486
15 1156
16 1039
11 1300
10 1494
21 1298
10 1051
24 1366
17 1416
26 1033
17 1004
12 1216
21 1019
18 1420
23 1311
18 1233
21 1295
20 1134
27 1465
25 1018
27 1145
23 1028
24 1397
17 1411
13 1249
19 1049
27 1047
17 1299
28 1349
11 1421
29 1250
20 1130
24 1018
27 1101
25 1038
13 1105
19 1457
26 1291
26 1137
27 1406
27 1414
12 1254
23 1017
22 1243
28 1258
16 1456
19 1063
22 1280
14 1172
22 1428
16 1082
22 1106
21 1377
10 1212
18 1157
26 1093
27 1455
23 1308
29 1119
27 1135
21 1128
14 1454
16 1136
28 1462
19 1000
17 1324
15 1175
27 1168
11 1395
14 1002
11 1066
11 1462
14 1292
23 1398
20 1392
23 1320
21 1274
16 1462
10 1183
12 1181
25 1362
22 1452
28 1331
13 1064
22 1361
27 1337
18 1374
13 1418
21 1347
29 1052
17 1078
24 1143
15 1402
10 1284
14 1398
23 1451
26 1100
28 1294
19 1118
24 1026
12 1426
21 1253
12 1369
11 1247
12 1130
18 1283
18 1244
19 1220
20 1225
28 1237
29 1437
24 1083
29 1114
22 1268
24 1113
28 1013
24 1253
13 1226
10 1127
18 1254
22 1023
21 1267
24 1089
16 1331
13 1061
11 1347
10 1170
26 1102
13 1076
26 1493
13 1459
16 1499
25 1401
21 1180
22 1361
18 1273
18 1428
24 1323
29 1213
19 1013
26 1201
23 1354
18 1104
16 1290
28 1425
20 1316
26 1464
16 1358
12 1398
18 1456
21 1313
23 1376
12 1183
19 1041
12 1085
26 1140
10 1077
27 1314
20 1119
16 1306
12 1122
25 1369
22 1368
24 1425
10 1264
13 1302
10 1274
16 1260
16 1084
13 1219
29 1411
11 1098
22 1112
29 1367
10 1135
16 1266
23 1325
29 1333
13 1081
19 1278
14 1032
19 1316
25 1201
20 1218
23 1266
21 1129
23 1048
18 1032
24 1152
25 1030
12 1252
18 1094
23 1110
14 1124
13 1183
15 1397
29 1193
14 1022
15 1249
17 1162
23 1199
26 1152
13 1071
17 1409
20 1124
18 1137
22 1089
19 1043
23 1452
29 1305
25 1490
24 1334
27 1323
14 1174
22 1148
28 1029
17 1140
29 1158
16 1441
24 1264
20 1204
22 1381
24 1125
13 1019
21 1402
26 1060
24 1213
25 1089
17 1316
25 1299
20 1370
28 1214
13 1398
19 1473
21 1162
17 1020
13 1126
17 1234
29 1489
20 1149
23 1436
23 1365
27 1186
15 1313
12 1417
10 1391
10 1205
27 1018
15 1259
10 1413
16 1293
15 1217
12 1480
10 1415
18 1441
24 1119
28 1357
10 1203
17 1325
28 1450
23 1090
29 1200
21 1476
28 1072
27 1029
22 1164
12 1129
27 1397
14 1000
10 1455
12 1282
28 1163
22 1205
19 1332
13 1475
23 1232
11 1067
16 1131
20 1001
20 1108
23 1240
12 1380
11 1005
21 1475
23 1305
21 1089
10 1037
25 1085
11 1028
21 1344
19 1090
19 1268
19 1241
19 1393
21 1176
14 1263
17 1433
12 1459
14 1130
22 1323
25 1439
11 1129
19 1156
15 1298
25 1236
27 1293
16 1436
13 1153
13 1477
21 1403
16 1293
26 1064
19 1340
23 1250
13 1380
20 1191
29 1155
21 1411
24 1397
19 1401
12 1270
24 1449
29 1437
27 1097
13 1454
25 1232
26 1113
25 1367
27 1185
23 1376
25 1024
23 1431
29 1384
13 1116
14 1435
19 1429
19 1035
18 1473
15 1247
28 1253
12 1473
18 1365
22 1029
22 1333
28 1178
16 1451
16 1370
26 1154
26 1023
16 1014
11 1117
13 1211
25 1459
13 1357
29 1257
13 1050
29 1193
21 1283
18 1094
21 1374
10 1003
22 1257
12 1459
27 1191
19 1185
10 1005
10 1105
14 1179
26 1102
22 1309
12 1137
23 1198
17 1303
13 1221
22 1498
27 1271
21 1190
16 1274
14 1155
22 1299
24 1216
15 1473
14 1168
14 1060
20 1035
26 1158
29 1191
15 1278
26 1481
15 1234
14 1395
12 1108
13 1461
20 1269
27 1030
21 1024
21 1489
12 1252
19 1018
12 1075
26 1409
22 1002
13 1067
26 1299
22 1345
10 1091
15 1133
28 1173
27 1273
16 1302
14 1032
17 1479
19 1473
13 1322
23 1104
11 1040
16 1343
11 1099
21 1110
10 1017
25 1257
16 1165
10 1297
24 1108
14 1357
28 1183
19 1484
20 1369
22 1102
15 1114
22 1379
19 1383
28 1310
16 1428
18 1381
16 1333
17 1198
19 1271
17 1443
26 1237
20 1339
18 1146
26 1226
17 1187
22 1053
24 1144
12 1190
13 1438
12 1255
10 1412
24 1117
21 1024
21 1080
27 1056
12 1447
25 1358
16 1404
16 1024
21 1081
20 1354
11 1244
29 1407
19 1179
24 1446
14 1395
11 1281
14 1320
29 1346
21 1162
11 1371
19 1107
12 1009
22 1050
25 1219
13 1341
13 1484
20 1436
11 1316
27 1053
16 1497
20 1386
21 1038
14 1008
24 1200
27 1058
28 1375
12 1017
24 1301
21 1366
27 1415
23 1025
11 1038
12 1175
20 1219
19 1192
12 1139
11 1124
20 1109
23 1349
12 1192
26 1209
18 1312
10 1066
15 1338
14 1047
22 1083
25 1203
28 1099
22 1457
10 1458
22 1479
17 1165
16 1343
18 1309
12 1358
12 1084
13 1009
21 1050
13 1217
14 1091
29 1272
25 1308
15 1318
17 1261
10 1010
23 1423
26 1306
15 1264
26 1177
28 1284
19 1040
21 1426
10 1456
15 1061
23 1258
12 1333
24 1299
18 1445
28 1208
10 1238
19 1395
22 1050
16 1332
10 1071
20 1370
25 1444
18 1104
24 1040
16 1239
14 1217
16 1231
23 1134
17 1266
24 1149
23 1356
29 1329
24 1092
19 1131
13 1040
22 1136
26 1455
11 1300
12 1461
13 1410
24 1211
26 1408
20 1039
10 1023
20 1406
22 1078
18 1438
22 1121
16 1391
26 1365
19 1049
15 1128
29 1432
15 1435
29 1189
28 1374
16 1262
18 1033
28 1488
22 1174
27 1240
14 1080
17 1216
16 1250
20 1343
27 1401
20 1454
23 1478
21 1146
10 1309
21 1201
22 1370
12 1442
29 1447
20 1450
10 1338
29 1207
29 1427
19 1474
24 1412
17 1339
24 1424
27 1079
22 1390
15 1094
26 1201
21 1462
14 1283
15 1169
20 1006
20 1066
21 1104
14 1489
29 1106
21 1369
18 1032
22 1181
21 1482
29 1490
24 1436
25 1320
10 1390
27 1219
26 1302
29 1153
15 1328
14 1091
19 1202
25 1138
19 1077
15 1012
26 1146
21 1103
21 1187
25 1270
23 1178
17 1434
19 1120
11 1311
13 1114
18 1302
20 1306
28 1114
28 1092
13 1258
18 1224
25 1280
22 1365
25 1049
20 1199
26 1173
25 1303
22 1312
27 1432
15 1347
20 1206
26 1150
20 1379
10 1210
14 1451
27 1218
28 1392
13 1170
14 1015
19 1468
10 1437
25 1406
19 1392
22 1186
17 1106
15 1464
28 1246
24 1144
20 1033
22 1221
15 1387
29 1454
17 1013
10 1197
16 1096
18 1487
15 1273
12 1314
20 1075
22 1495
25 1121
26 1104
17 1431
15 1079
22 1449
12 1079
15 1433
22 1112
24 1124
19 1163
20 1399
23 1079
17 1491
26 1252
13 1149
20 1320
15 1226
12 1120
16 1392
28 1115
26 1128
15 1458
18 1245
13 1342
20 1033
11 1124
18 1084
11 1407
24 1126
19 1055
25 1361
26 1402
10 1345
11 1036
25 1053
12 1045
29 1060
11 1076
14 1291
28 1181
17 1158
23 1152
10 1494
18 1395
11 1181
28 1075
19 1046
22 1014
28 1204
13 1199
19 1044
14 1016
11 1111
18 1383
22 1238
18 1171
13 1129
25 1248
26 1049
28 1383
25 1039
20 1463
25 1256
13 1074
20 1294
20 1234
27 1105
25 1498
29 1362
29 1242
19 1131
19 1298
16 1180
14 1199
22 1154
20 1033
15 1106
12 1398
28 1161
11 1105
17 1424
24 1172
17 1290
20 1130
27 1290
10 1364
20 1349
10 1251
16 1196
14 1234
17 1333
19 1008
21 1348
16 1359
20 1044
24 1295
22 1495
18 1302
18 1399
28 1219
28 1279
10 1365
14 1056
13 1207
10 1387
24 1298
18 1076
23 1096
20 1391
14 1200
21 1256
16 1355
19 1125
16 1368
14 1474
11 1316
20 1179
12 1405
19 1366
19 1275
14 1197
13 1128
11 1057
19 1386
23 1248
17 1079
13 1127
10 1450
23 1420
21 1044
29 1268
14 1340
23 1004
29 1036
13 1478
18 1237
21 1060
25 1231
29 1213
16 1341
15 1349
17 1013
17 1222
22 1034
23 1001
20 1356
23 1215
20 1241
21 1265
20 1252
19 1472
29 1327
23 1472
28 1474
18 1426
17 1196
12 1232
24 1178
18 1243
13 1089
25 1134
22 1447
13 1209
19 1100
15 1052
14 1471
12 1029
25 1379
26 1120
10 1220
25 1156
12 1368
11 1280
10 1322
20 1146
14 1151
16 1462
24 1476
21 1016
26 1391
19 1451
14 1094
28 1319
12 1194
28 1366
28 1193
27 1488
17 1489
14 1387
25 1386
15 1243
19 1103
21 1270
11 1314
27 1024
15 1322
27 1076
25 1451
23 1196
26 1334
16 1218
12 1208
18 1294
22 1127
27 1213
15 1025
22 1479
14 1277
11 1128
23 1387
13 1110
12 1202
23 1183
10 1363
20 1406
14 1307
21 1080
12 1101
15 1425
27 1111
18 1004
24 1368
22 1158
24 1000
28 1402
22 1328
18 1069
18 1286
13 1028
10 1174
19 1175
24 1020
22 1064
25 1412
24 1385
26 1173
21 1396
24 1272
14 1258
13 1367
13 1375
27 1049
12 1143
25 1179
11 1151
24 1366
24 1436
23 1214
15 1303
15 1209
26 1245
26 1420
16 1158
17 1314
26 1140
27 1154
11 1485
12 1120
23 1175
20 1195
28 1099
28 1261
17 1297
10 1075
13 1322
24 1161
28 1128
17 1360
17 1298
28 1038
29 1345
17 1172
10 1363
14 1325
27 1082
13 1196
29 1269
27 1445
22 1248
17 1161
20 1402
26 1431
25 1260
29 1276
19 1455
23 1482
27 1476
19 1040
17 1410
21 1158
11 1316
12 1116
12 1374
29 1301
25 1206
20 1297
25 1484
25 1442
26 1119
29 1174
28 1461
11 1158
10 1422
12 1056
26 1397
17 1114
17 1131
29 1322
29 1473
15 1015
25 1400
17 1125
13 1181
26 1238
17 1197
20 1023
23 1498
22 1020
22 1426
26 1433
11 1089
13 1405
10 1385
27 1443
21 1112
29 1224
17 1013
24 1288
18 1165
28 1295
15 1143
24 1165
24 1027
23 1242
14 1164
15 1068
19 1112
15 1189
10 1417
26 1013
28 1333
14 1003
22 1153
14 1038
27 1312
16 1091
19 1198
20 1042
29 1143
29 1159
12 1498
11 1204
10 1166
15 1028
16 1281
14 1143
10 1380
29 1433
18 1382
24 1151
10 1290
20 1321
14 1469
22 1435
18 1447
27 1194
11 1325
12 1318
24 1407
28 1340
15 1363
21 1177
22 1400
17 1315
23 1268
26 1416
16 1349
10 1354
10 1082
21 1445
29 1138
17 1050
22 1246
14 1253
13 1140
27 1034
16 1236
11 1350
12 1448
21 1301
14 1443
28 1143
10 1378
10 1188
14 1184
10 1399
11 1379
15 1190
29 1207
19 1240
24 1349
27 1051
20 1197
16 1346
11 1407
27 1477
17 1364
18 1359
28 1018
22 1372
18 1293
22 1330
11 1305
19 1237
19 1473
15 1270
19 1229
13 1411
22 1217
12 1400
21 1178
14 1468
16 1143
19 1411
12 1175
25 1193
29 1175
19 1407
27 1163
17 1403
16 1470
23 1137
19 1221
16 1464
14 1123
14 1297
24 1441
28 1192
16 1096
27 1205
13 1308
28 1153
19 1306
16 1372
20 1445
23 1104
28 1175
23 1355
12 1239
24 1266
15 1434
25 1011
20 1036
15 1017
21 1222
29 1317
19 1325
15 1087
10 1243
12 1406
10 1004
25 1138
12 1044
27 1411
15 1351
27 1421
27 1229
22 1109
16 1132
25 1330
22 1039
13 1445
13 1270
10 1492
22 1307
25 1318
27 1341
25 1145
21 1362
20 1283
22 1460
18 1135
18 1499
22 1236
18 1223
20 1058
27 1428
21 1436
10 1371
27 1105
22 1496
15 1387
23 1293
22 1030
29 1146
28 1234
17 1050
22 1042
14 1361
14 1482
23 1382
13 1253
14 1007
20 1436
16 1416
23 1088
23 1250
21 1101
15 1039
27 1083
10 1136
28 1226
16 1013
10 1414
23 1263
14 1289
15 1088
13 1372
21 1282
20 1070
23 1129
21 1260
29 1311
15 1161
19 1058
21 1165
22 1361
15 1407
18 1321
11 1126
29 1145
29 1405
24 1073
23 1195
17 1118
15 1215
17 1078
25 1448
29 1445
26 1159
17 1067
25 1484
11 1223
15 1270
13 1377
25 1490
15 1483
29 1281
29 1352
28 1345
27 1114
16 1335
29 1098
11 1254
25 1346
17 1054
29 1434
20 1182
21 1058
12 1270
13 1037
28 1482
15 1091
22 1308
29 1152
16 1394
10 1020
14 1128
11 1383
12 1014
18 1456
21 1210
27 1414
16 1255
18 1024
29 1367
15 1136
29 1031
28 1474
27 1247
27 1086
26 1497
20 1458
10 1446
19 1222
10 1174
26 1036
17 1081
16 1106
29 1374
20 1141
26 1069
12 1043
13 1046
22 1030
23 1368
18 1013
22 1307
27 1060
29 1276
16 1234
14 1440
29 1089
10 1229
25 1466
20 1396
20 1233
18 1360
28 1239
19 1277
15 1152
29 1023
21 1196
10 1022
25 1423
18 1433
25 1349
25 1418
24 1033
20 1464
19 1191
29 1015
17 1138
15 1157
15 1289
18 1229
23 1448
26 1249
27 1214
24 1029
10 1445
14 1414
21 1013
25 1207
18 1397
29 1469
19 1379
23 1367
28 1134
29 1054
24 1103
29 1166
16 1432
29 1185
29 1013
22 1156
28 1496
29 1001
15 1104
26 1147
24 1213
16 1128
21 1123
21 1213
24 1326
18 1178
17 1408
24 1211
27 1036
24 1083
24 1423
15 1024
11 1471
14 1401
13 1132
14 1390
20 1293
29 1263
24 1211
17 1147
26 1194
21 1200
13 1322
28 1380
13 1168
12 1302
19 1369
24 1065
14 1477
16 1353
20 1217
11 1225
26 1384
26 1026
29 1404
13 1296
19 1488
10 1041
11 1310
26 1249
24 1328
27 1248
10 1346
17 1239
28 1435
10 1134
26 1148
10 1494
29 1365
23 1410
27 1332
18 1195
22 1478
29 1447
14 1077
18 1371
15 1235
28 1268
20 1434
20 1230
10 1015
27 1423
11 1189
20 1157
29 1132
17 1009
17 1022
16 1079
16 1422
15 1240
29 1362
27 1245
22 1295
18 1370
13 1133
17 1138
22 1304
22 1110
13 1294
15 1371
28 1113
22 1022
20 1003
14 1026
17 1274
25 1031
23 1061
26 1166
25 1003
19 1416
22 1310
27 1468
12 1166
14 1421
16 1271
11 1368
23 1035
18 1051
10 1498
19 1358
11 1121
21 1331
12 1014
22 1012
23 1073
15 1036
26 1492
28 1130
17 1491
13 1481
12 1323
20 1484
27 1019
27 1422
21 1033
15 1030
16 1189
19 1452
20 1352
14 1198
13 1387
26 1056
12 1351
20 1463
27 1476
13 1333
24 1175
18 1393
24 1079
28 1281
20 1030
14 1494
20 1483
25 1368
17 1315
25 1292
18 1111
19 1158
10 1121
29 1430
22 1009
25 1227
16 1491
13 1193
23 1471
22 1390
17 1365
13 1358
11 1293
25 1367
29 1182
11 1074
28 1285
24 1366
20 1396
23 1316
11 1044
29 1266
28 1459
24 1492
20 1231
20 1167
21 1248
27 1388
14 1256
16 1058
27 1216
14 1485
24 1318
15 1311
24 1405
15 1499
11 1349
13 1314
24 1449
10 1444
27 1099
29 1234
28 1059
21 1019
10 1284
13 1424
17 1043
26 1276
11 1192
18 1430
24 1309
25 1290
29 1389
20 1118
12 1158
24 1403
16 1005
21 1295
10 1247
25 1470
17 1269
28 1164
22 1456
26 1044
24 1273
26 1475
20 1214
20 1408
10 1203
16 1324
28 1276
13 1407
26 1373
29 1271
16 1382
27 1450
20 1031
22 1324
17 1260
20 1248
23 1418
22 1248
11 1270
15 1290
18 1433
13 1331
29 1339
14 1370
12 1453
27 1350
22 1185
12 1378
21 1421
11 1431
12 1393
17 1040
26 1076
19 1426
14 1227
13 1071
14 1019
10 1456
26 1492
11 1363
20 1134
10 1316
11 1387
15 1239
28 1040
15 1273
15 1393
19 1375
10 1437
14 1240
12 1111
19 1324
12 1428
25 1053
28 1323
19 1360
20 1372
23 1236
27 1102
29 1493
29 1226
24 1054
29 1374
27 1456
22 1471
28 1393
12 1287
16 1275
27 1128
11 1417
10 1422
10 1257
19 1072
15 1163
19 1417
20 1464
14 1478
18 1480
18 1438
11 1001
13 1160
29 1240
28 1075
21 1155
17 1247
15 1018
24 1329
26 1076
15 1200
11 1172
15 1453
10 1347
13 1081
21 1407
25 1424
20 1236
21 1421
24 1062
21 1344
14 1206
18 1468
13 1241
12 1471
27 1046
15 1459
23 1290
20 1409
29 1307
14 1374
19 1063
28 1286
15 1018
28 1418
16 1387
12 1222
28 1265
19 1066
24 1283
16 1052
26 1175
24 1077
26 1301
10 1172
29 1006
13 1310
22 1408
15 1181
16 1049
24 1439
25 1045
10 1302
10 1104
24 1440
13 1307
21 1462
14 1027
15 1398
10 1110
28 1290
29 1386
19 1225
13 1464
26 1402
21 1007
25 1083
25 1406
14 1313
14 1175
12 1262
16 1043
19 1020
12 1303
14 1167
20 1376
12 1237
26 1061
28 1156
11 1082
19 1371
10 1128
22 1175
21 1120
29 1271
11 1366
19 1187
22 1249
29 1344
25 1333
27 1329
28 1114
21 1035
27 1163
20 1268
23 1274
22 1433
21 1092
21 1276
22 1062
17 1302
10 1211
16 1445
25 1244
11 1331
26 1441
24 1178
13 1233
22 1085
26 1032
14 1122
19 1358
18 1367
19 1247
29 1250
26 1030
11 1064
24 1155
13 1183
22 1430
23 1317
15 1339
13 1200
13 1088
10 1196
13 1453
22 1029
15 1390
24 1307
16 1325
25 1457
10 1315
28 1394
21 1431
21 1442
17 1048
20 1378
28 1105
24 1473
17 1463
28 1266
13 1101
17 1447
10 1330
17 1411
25 1120
11 1037
11 1192
29 1476
20 1320
15 1054
13 1407
26 1464
22 1445
25 1115
11 1459
18 1216
10 1385
22 1031
10 1367
15 1119
25 1116
15 1205
19 1245
20 1061
20 1300
13 1301
29 1141
24 1252
12 1204
21 1251
15 1022
17 1031
12 1203
26 1442
23 1446
20 1428
18 1039
28 1123
28 1119
19 1296
17 1289
15 1361
11 1384
14 1376
19 1110
24 1426
23 1273
13 1338
25 1456
25 1138
17 1120
18 1043
22 1130
15 1161
26 1436
26 1164
14 1450
18 1375
27 1352
16 1082
14 1069
15 1371
10 1102
19 1377
14 1267
26 1023
11 1451
18 1221
11 1242
17 1481
25 1419
17 1161
27 1481
25 1373
23 1235
16 1217
19 1198
25 1334
28 1045
17 1462
21 1026
19 1450
21 1101
23 1445
28 1097
22 1239
21 1400
22 1364
13 1069
25 1201
11 1062
11 1423
17 1434
20 1315
19 1063
17 1004
22 1123
19 1342
29 1266
19 1009
18 1334
16 1020
17 1162
17 1404
29 1407
18 1401
29 1313
17 1474
13 1199
22 1453
22 1377
17 1002
10 1196
25 1330
17 1392
15 1366
13 1313
15 1045
29 1451
25 1005
10 1163
23 1404
15 1493
15 1419
26 1477
26 1364
24 1297
23 1028
28 1229
17 1224
17 1219
10 1261
24 1097
13 1397
21 1484
22 1220
27 1171
25 1441
10 1186
11 1185
21 1055
28 1131
21 1267
13 1169
16 1470
25 1081
26 1016
27 1298
23 1111
15 1253
17 1376
17 1478
22 1024
13 1045
18 1241
11 1490
14 1041
21 1485
24 1298
23 1102
12 1490
16 1349
17 1489
12 1275
28 1029
27 1184
29 1333
27 1068
13 1378
18 1339
27 1389
16 1262
24 1100
10 1404
20 1471
23 1296
18 1414
20 1176
25 1472
19 1416
23 1257
22 1163
29 1110
23 1459
10 1346
22 1450
28 1323
22 1073
19 1197
10 1049
26 1499
14 1438
18 1046
26 1121
14 1331
12 1326
25 1133
22 1308
24 1150
16 1247
21 1489
25 1041
14 1430
14 1156
10 1459
23 1250
21 1458
13 1364
19 1030
18 1004
16 1178
17 1354
15 1065
17 1296
17 1046
20 1491
12 1304
12 1254
10 1254
21 1315
18 1408
16 1418
13 1246
16 1444
17 1040
26 1012
18 1377
24 1405
17 1164
19 1340
14 1402
24 1003
26 1499
12 1223
20 1452
15 1293
25 1406
13 1373
12 1459
12 1072
12 1330
16 1154
18 1249
21 1378
19 1206
25 1481
14 1261
29 1248
16 1300
19 1045
24 1263
26 1034
13 1253
27 1127
11 1017
22 1147
11 1411
13 1482
26 1403
24 1436
25 1449
11 1161
16 1282
26 1247
17 1029
22 1282
12 1216
28 1174
20 1089
18 1063
19 1413
10 1036
26 1188
10 1188
27 1486
12 1089
13 1436
10 1442
25 1229
20 1185
18 1492
23 1498
17 1186
28 1121
20 1439
21 1469
22 1493
17 1146
25 1091
12 1496
10 1171
24 1137
25 1454
17 1181
12 1208
19 1329
23 1263
15 1487
14 1466
11 1168
24 1027
29 1087
15 1498
19 1043
16 1306
28 1262
25 1038
23 1029
23 1397
13 1046
17 1474
20 1339
14 1397
21 1355
28 1311
20 1429
12 1139
12 1021
25 1028
27 1039
29 1211
29 1296
28 1129
17 1148
20 1251
25 1334
10 1135
22 1402
10 1252
10 1362
11 1132
26 1049
10 1017
10 1482
24 1189
10 1481
21 1067
28 1489
26 1119
15 1233
21 1331
16 1491
20 1011
27 1213
17 1244
18 1186
11 1145
11 1050
13 1010
19 1400
24 1189
26 1403
19 1258
18 1426
17 1269
20 1178
13 1122
26 1016
16 1425
23 1337
28 1254
24 1457
19 1104
15 1391
10 1366
29 1040
21 1197
27 1099
23 1105
29 1200
28 1122
19 1416
13 1483
15 1383
28 1130
24 1457
28 1210
26 1446
11 1374
10 1336
23 1069
26 1367
22 1435
18 1266
10 1067
23 1112
18 1474
12 1199
26 1278
26 1472
23 1333
21 1040
24 1044
18 1160
13 1150
15 1416
26 1474
27 1121
19 1418
29 1293
14 1468
16 1415
20 1066
24 1084
28 1243
20 1436
26 1385
16 1014
28 1070
22 1005
29 1006
10 1276
22 1189
21 1444
11 1413
26 1311
21 1223
18 1312
16 1277
19 1370
21 1226
16 1178
21 1192
14 1137
20 1060
10 1189
21 1127
25 1410
27 1062
23 1035
27 1462
18 1408
26 1487
29 1236
10 1391
20 1479
17 1299
28 1186
21 1138
29 1076
18 1386
25 1102
13 1301
29 1449
15 1437
21 1478
18 1137
17 1185
12 1495
28 1444
26 1318
12 1304
26 1118
11 1112
26 1265
15 1266
22 1183
26 1286
13 1416
11 1220
28 1118
16 1074
24 1220
26 1436
26 1328
15 1198
20 1358
28 1228
24 1124
26 1047
26 1025
25 1020
17 1384
29 1407
15 1391
17 1169
12 1246
22 1130
27 1006
18 1447
12 1045
19 1494
25 1364
19 1306
19 1187
17 1161
19 1066
20 1115
11 1012
26 1272
10 1065
17 1128
11 1037
10 1260
28 1320
16 1481
28 1471
26 1420
20 1411
29 1322
28 1205
29 1313
24 1400
28 1303
17 1235
29 1190
14 1389
10 1391
16 1159
22 1318
21 1348
22 1017
14 1157
26 1430
28 1138
20 1034
26 1165
22 1067
21 1217
25 1269
15 1353
29 1491
15 1300
23 1118
15 1416
12 1251
26 1470
12 1415
11 1026
26 1148
29 1172
22 1108
16 1018
25 1035
15 1401
10 1149
21 1402
14 1160
22 1339
27 1479
10 1327
23 1308
28 1403
10 1205
25 1312
29 1080
16 1498
22 1166
26 1423
12 1432
25 1102
18 1447
22 1008
28 1431
12 1300
21 1089
24 1464
13 1116
17 1494
12 1270
25 1445
22 1191
29 1437
24 1150
15 1027
13 1343
28 1411
13 1371
26 1142
19 1207
12 1302
27 1154
22 1166
28 1467
10 1354
18 1251
15 1112
24 1317
10 1241
19 1027
18 1473
14 1445
10 1466
28 1300
11 1211
13 1282
20 1154
28 1430
27 1489
11 1099
24 1280
15 1260
29 1369
18 1330
28 1248
20 1339
26 1054
11 1472
15 1105
23 1219
18 1413
25 1057
26 1394
21 1220
24 1263
18 1230
16 1187
11 1431
19 1311
15 1225
19 1219
10 1174
22 1399
19 1442
10 1207
14 1293
26 1094
24 1421
12 1121
12 1281
17 1337
20 1456
20 1281
15 1396
28 1435
24 1348
25 1460
10 1069
18 1197
24 1333
20 1218
24 1442
12 1011
11 1496
19 1050
11 1446
27 1451
12 1138
21 1041
11 1262
20 1304
15 1228
15 1296
27 1304
16 1367
16 1335
20 1019
29 1102
25 1346
17 1013
23 1176
15 1474
28 1424
16 1363
23 1239
22 1396
14 1236
29 1265
26 1014
25 1027
29 1281
14 1426
21 1483
14 1190
15 1163
28 1059
27 1227
25 1139
11 1100
10 1423
14 1338
12 1346
19 1104
21 1448
19 1393
14 1370
16 1106
23 1390
19 1331
12 1213
25 1134
12 1496
27 1063
13 1064
28 1370
23 1170
10 1346
14 1067
22 1448
24 1141
24 1248
22 1448
13 1409
15 1135
22 1002
12 1053
21 1382
27 1014
19 1212
29 1434
25 1101
24 1366
13 1229
11 1030
15 1148
15 1278
28 1179
15 1443
27 1352
14 1393
26 1429
19 1362
12 1345
12 1180
22 1464
28 1296
19 1149
21 1484
25 1323
24 1290
29 1091
23 1138
12 1157
17 1163
25 1442
18 1278
12 1140
13 1100
23 1216
28 1495
18 1117
23 1003
24 1048
16 1185
27 1421
17 1202
23 1121
10 1306
24 1114
27 1423
27 1499
12 1016
16 1411
13 1251
13 1276
11 1309
13 1082
18 1389
24 1105
14 1096
17 1102
27 1072
19 1192
28 1212
11 1007
19 1299
15 1319
13 1412
21 1021
21 1237
15 1058
12 1070
15 1326
27 1444
21 1029
24 1119
17 1185
25 1423
14 1275
25 1137
12 1151
29 1258
23 1149
18 1307
21 1281
22 1382
16 1457
16 1469
12 1124
15 1101
12 1302
29 1362
17 1047
26 1427
25 1434
20 1372
21 1211
25 1458
13 1380
25 1025
19 1006
21 1075
26 1329
12 1352
29 1300
11 1366
10 1454
22 1469
17 1451
22 1300
16 1236
12 1031
12 1468
21 1149
20 1150
19 1079
29 1379
26 1418
28 1220
24 1136
11 1051
20 1219
13 1495
24 1242
25 1322
24 1462
23 1169
20 1155
20 1396
23 1293
22 1372
15 1468
28 1075
24 1406
28 1020
21 1350
25 1313
17 1455
23 1296
29 1367
15 1086
11 1098
25 1445
10 1096
13 1217
25 1008
14 1265
25 1319
26 1177
18 1463
15 1332
16 1450
16 1427
10 1233
12 1002
27 1194
12 1438
20 1131
15 1482
26 1305
17 1429
25 1260
17 1094
20 1212
29 1247
12 1214
20 1033
26 1216
26 1340
10 1299
16 1371
14 1241
20 1447
22 1459
11 1131
16 1327
20 1393
11 1231
22 1186
26 1220
24 1214
25 1401
10 1273
12 1294
20 1441
10 1383
27 1164
19 1390
14 1023
27 1251
16 1054
12 1445
13 1450
21 1326
21 1156
24 1015
10 1252
11 1284
13 1469
10 1242
21 1349
23 1254
12 1171
19 1191
23 1351
16 1152
16 1170
27 1304
19 1371
21 1251
21 1265
12 1000
16 1247
28 1463
22 1461
27 1435
13 1102
20 1293
14 1329
26 1247
10 1468
25 1483
10 1318
13 1211
29 1150
23 1340
11 1070
16 1142
10 1388
13 1172
28 1377
18 1115
24 1202
13 1402
13 1424
23 1382
25 1160
28 1419
20 1185
29 1261
27 1019
18 1443
19 1412
13 1234
26 1141
26 1366
15 1066
23 1434
26 1289
24 1269
25 1270
13 1228
16 1171
13 1170
11 1245
16 1312
19 1374
17 1247
16 1415
25 1420
13 1119
28 1441
27 1269
26 1090
24 1397
20 1408
14 1403
29 1106
25 1489
16 1286
11 1309
27 1114
26 1150
13 1028
12 1037
10 1474
14 1368
18 1105
11 1381
16 1200
24 1491
15 1449
11 1150
25 1380
19 1223
27 1267
16 1056
20 1019
25 1268
22 1385
21 1242
24 1222
12 1361
20 1001
10 1469
28 1258
13 1456
22 1450
27 1091
21 1325
26 1360
10 1160
22 1391
23 1237
25 1291
23 1483
26 1371
10 1269
18 1020
24 1412
25 1109
21 1236
16 1481
19 1194
27 1061
16 1419
21 1137
24 1297
15 1269
19 1414
18 1407
17 1464
10 1135
17 1198
12 1013
17 1021
16 1469
25 1410
25 1344
23 1470
22 1417
17 1009
11 1240
17 1498
22 1460
11 1039
24 1471
14 1152
18 1162
17 1064
25 1170
29 1319
26 1040
28 1051
11 1041
16 1124
25 1498
20 1372
27 1238
16 1094
12 1338
10 1328
19 1450
14 1071
17 1026
14 1435
10 1181
12 1380
15 1407
12 1463
19 1210
17 1496
14 1052
29 1159
29 1325
15 1075
19 1036
17 1159
13 1120
26 1049
21 1248
12 1498
27 1107
28 1421
21 1318
13 1041
18 1393
24 1126
14 1234
27 1347
24 1035
28 1255
20 1117
28 1333
23 1414
14 1296
16 1295
26 1060
23 1391
23 1254
15 1088
29 1090
27 1120
23 1318
13 1401
28 1259
22 1405
14 1376
28 1138
17 1385
29 1290
15 1181
12 1255
12 1189
12 1088
11 1477
16 1066
27 1231
23 1451
21 1244
15 1288
15 1478
27 1308
17 1056
25 1405
18 1409
20 1378
14 1242
29 1069
19 1227
16 1419
24 1053
11 1470
21 1462
15 1454
15 1101
20 1234
29 1461
29 1003
17 1112
10 1210
12 1150
25 1330
25 1362
11 1223
24 1025
16 1250
14 1134
18 1246
23 1129
26 1050
18 1104
12 1170
11 1349
12 1485
18 1311
25 1070
18 1363
20 1041
17 1024
27 1487
28 1480
22 1260
15 1059
17 1350
11 1431
28 1163
23 1439
17 1289
24 1289
20 1125
17 1305
20 1448
19 1337
25 1464
20 1185
28 1016
14 1469
14 1334
24 1008
17 1107
13 1214
13 1416
11 1185
29 1467
22 1246
21 1489
21 1020
27 1031
15 1017
27 1026
29 1019
17 1437
27 1378
17 1316
16 1202
11 1401
25 1191
25 1311
10 1077
11 1478
10 1319
19 1067
16 1188
25 1322
29 1315
23 1234
17 1234
13 1386
13 1072
21 1001
25 1302
11 1395
20 1303
21 1118
29 1443
15 1467
17 1148
17 1322
18 1264
27 1324
16 1302
11 1452
20 1203
24 1436
19 1116
23 1395
10 1207
28 1489
20 1119
12 1325
19 1427
28 1086
11 1327
10 1319
27 1380
11 1130
19 1479
18 1315
15 1315
22 1125
17 1203
29 1426
17 1020
29 1203
12 1071
10 1297
26 1011
13 1003
19 1198
12 1420
22 1292
11 1002
25 1270
18 1296
29 1391
11 1283
11 1431
18 1025
20 1101
22 1472
19 1220
25 1199
12 1099
10 1445
21 1437
15 1203
19 1265
15 1120
16 1383
27 1248
10 1338
27 1417
28 1265
23 1306
29 1138
14 1386
13 1341
17 1454
10 1119
23 1317
21 1128
10 1070
10 1028
22 1480
18 1104
25 1100
15 1273
24 1476
18 1021
23 1221
24 1155
29 1173
13 1059
22 1264
18 1478
28 1118
21 1081
13 1384
20 1210
15 1328
10 1236
18 1167
15 1125
18 1084
22 1334
13 1093
24 1321
20 1356
29 1476
26 1018
24 1176
12 1134
27 1191
11 1080
10 1296
22 1268
24 1337
15 1435
27 1248
17 1131
13 1404
20 1449
16 1192
15 1220
25 1025
23 1020
27 1138
18 1368
25 1105
20 1034
18 1391
19 1138
27 1208
19 1419
27 1200
23 1499
26 1285
28 1398
25 1187
18 1001
26 1386
20 1264
17 1021
29 1319
18 1219
29 1063
19 1431
14 1483
16 1454
12 1159
20 1380
20 1406
15 1458
26 1139
21 1221
13 1383
28 1090
10 1108
13 1486
14 1415
13 1289
17 1195
14 1032
12 1132
29 1112
12 1194
29 1160
20 1359
17 1260
21 1048
10 1372
27 1365
23 1253
18 1265
10 1398
26 1447
27 1031
14 1120
21 1377
18 1261
19 1382
24 1135
18 1102
14 1421
21 1364
28 1070
12 1317
14 1481
18 1119
22 1065
24 1035
25 1301
28 1123
18 1027
15 1056
26 1200
11 1177
20 1008
27 1214
10 1389
24 1156
22 1031
15 1245
23 1382
27 1148
19 1172
10 1123
20 1438
12 1169
12 1166
13 1298
11 1265
28 1385
13 1465
13 1249
13 1182
10 1453
11 1351
13 1010
15 1254
21 1410
28 1003
21 1435
27 1106
27 1453
27 1241
10 1002
10 1139
22 1099
12 1016
23 1116
28 1244
16 1068
16 1452
20 1043
12 1092
20 1330
25 1226
23 1019
26 1141
10 1249
10 1156
27 1362
19 1404
18 1436
18 1273
20 1137
29 1093
27 1095
10 1239
22 1421
26 1232
12 1180
25 1110
17 1255
21 1366
27 1126
17 1161
21 1328
20 1377
22 1295
17 1329
13 1338
27 1494
25 1088
11 1215
27 1372
19 1076
26 1192
22 1397
16 1430
15 1443
11 1062
17 1020
29 1131
14 1365
21 1476
13 1422
12 1072
22 1235
12 1126
22 1265
28 1378
25 1148
23 1062
10 1019
24 1178
29 1114
22 1267
18 1179
25 1329
18 1027
22 1083
15 1202
19 1169
17 1074
13 1206
12 1018
17 1074
29 1106
15 1103
19 1268
16 1287
12 1160
25 1173
28 1472
21 1101
17 1056
26 1473
20 1240
11 1255
24 1215
13 1398
24 1422
15 1370
24 1102
17 1447
19 1428
10 1331
24 1495
19 1494
26 1066
11 1037
13 1293
13 1269
25 1366
17 1259
22 1276
23 1103
14 1343
11 1163
17 1403
25 1144
16 1044
28 1330
27 1114
23 1423
25 1439
16 1183
19 1092
18 1407
24 1043
29 1298
23 1237
23 1357
13 1225
17 1067
22 1273
26 1238
23 1343
14 1122
22 1236
13 1018
21 1283
28 1131
17 1177
27 1218
29 1242
23 1124
10 1158
23 1031
23 1450
14 1297
19 1134
21 1131
11 1404
12 1043
24 1387
25 1257
29 1022
10 1396
23 1066
27 1335
21 1264
14 1274
12 1235
21 1187
29 1238
21 1497
20 1479
20 1347
28 1415
12 1331
10 1310
20 1259
14 1438
12 1490
24 1116
16 1415
19 1219
18 1417
27 1264
27 1019
18 1435
24 1324
15 1393
20 1128
26 1009
15 1360
25 1469
19 1169
28 1215
11 1362
17 1313
22 1409
20 1208
11 1307
17 1044
22 1120
27 1498
25 1315
28 1171
14 1333
26 1490
17 1446
22 1367
13 1184
24 1140
20 1457
16 1341
22 1292
21 1365
23 1075
19 1165
22 1142
15 1081
18 1445
10 1269
10 1136
16 1134
20 1374
15 1285
11 1336
26 1016
24 1404
10 1469
22 1446
12 1102
20 1049
21 1402
20 1202
16 1191
15 1090
24 1354
11 1222
29 1096
25 1366
11 1209
14 1249
12 1381
21 1429
27 1468
13 1024
25 1459
13 1199
26 1088
16 1371
14 1081
24 1121
16 1358
29 1064
14 1178
15 1327
13 1219
25 1484
27 1112
13 1085
17 1103
10 1289
11 1476
15 1069
24 1349
18 1459
20 1361
12 1190
15 1252
21 1249
27 1103
14 1190
12 1071
26 1119
25 1449
16 1115
13 1113
29 1493
13 1229
23 1088
17 1004
18 1173
12 1285
23 1475
20 1094
27 1054
25 1397
11 1250
28 1264
13 1175
22 1105
19 1201
23 1047
26 1250
19 1360
25 1476
13 1381
17 1104
25 1239
18 1003
24 1300
21 1232
22 1487
29 1232
13 1407
21 1426
17 1326
16 1038
21 1141
23 1178
28 1107
26 1070
17 1305
20 1384
16 1007
10 1495
28 1041
14 1323
23 1070
19 1450
17 1051
24 1414
21 1198
24 1288
21 1457
10 1128
22 1261
15 1394
10 1254
25 1207
19 1488
16 1111
17 1480
24 1296
20 1373
17 1047
17 1099
23 1260
12 1469
24 1119
19 1324
24 1417
15 1435
11 1345
20 1329
19 1372
14 1298
19 1298
26 1393
18 1373
29 1198
18 1201
14 1371
20 1428
26 1333
18 1414
25 1144
12 1016
28 1465
16 1380
29 1423
15 1084
18 1016
16 1359
18 1255
11 1011
10 1139
21 1473
20 1135
20 1451
19 1433
11 1027
23 1377
23 1246
24 1055
25 1081
15 1192
21 1115
21 1294
28 1368
22 1014
25 1477
19 1334
19 1010
16 1203
25 1267
26 1172
15 1222
24 1178
15 1226
16 1209
11 1038
15 1303
16 1447
19 1361
20 1442
27 1309
11 1090
19 1390
11 1380
16 1477
11 1262
10 1119
26 1011
29 1273
11 1255
12 1046
28 1201
12 1102
21 1444
26 1321
28 1483
19 1045
21 1265
13 1253
12 1210
18 1075
18 1177
24 1168
20 1252
22 1047
10 1200
19 1096
17 1313
27 1224
18 1234
12 1256
11 1421
24 1311
18 1337
17 1106
23 1034
22 1086
19 1374
11 1214
22 1034
17 1185
24 1407
18 1380
25 1175
26 1473
16 1093
19 1438
14 1081
24 1369
18 1201
17 1353
22 1496
27 1475
27 1011
18 1320
20 1159
13 1296
17 1478
23 1278
19 1347
21 1436
15 1129
15 1422
16 1239
21 1105
13 1126
26 1043
17 1086
29 1393
21 1104
18 1443
21 1050
13 1449
20 1340
23 1081
23 1306
24 1326
10 1282
13 1037
19 1108
11 1262
24 1278
23 1318
10 1317
22 1263
29 1140
11 1218
22 1383
10 1329
29 1324
21 1097
17 1000
29 1172
28 1335
21 1481
17 1026
11 1133
21 1302
24 1090
24 1193
28 1210
23 1313
27 1281
17 1226
20 1074
17 1303
14 1198
15 1112
15 1115
19 1017
19 1229
24 1018
11 1158
21 1296
17 1066
18 1102
18 1256
24 1194
14 1382
19 1150
25 1271
27 1033
12 1418
17 1020
20 1157
19 1186
22 1203
15 1472
16 1462
12 1011
26 1108
26 1254
26 1332
26 1135
23 1340
24 1064
26 1282
26 1251
20 1095
16 1044
16 1128
16 1477
15 1208
14 1382
24 1308
26 1036
16 1253
15 1042
10 1228
25 1107
24 1067
21 1315
28 1143
12 1086
12 1090
29 1089
10 1031
14 1295
13 1128
21 1384
22 1257
21 1139
27 1370
10 1166
14 1114
21 1487
27 1126
17 1359
28 1079
12 1362
15 1363
26 1150
11 1355
17 1045
17 1165
25 1132
19 1168
15 1424
13 1422
21 1354
21 1211
15 1349
27 1483
18 1098
27 1301
12 1265
19 1473
13 1386
17 1178
12 1455
21 1257
16 1208
13 1397
13 1334
29 1113
21 1341
28 1358
24 1257
18 1256
11 1210
15 1033
11 1477
24 1266
13 1473
18 1051
18 1468
22 1170
27 1422
23 1244
17 1398
15 1340
25 1127
17 1367
18 1316
15 1497
25 1232
13 1181
28 1269
20 1168
18 1186
14 1310
29 1089
24 1168
23 1003
24 1144
27 1055
14 1217
25 1321
17 1272
10 1258
17 1100
25 1188
11 1287
27 1263
11 1486
23 1280
17 1005
27 1172
28 1230
29 1212
13 1091
18 1304
25 1313
10 1431
21 1450
17 1225
13 1022
11 1356
20 1145
10 1251
27 1190
27 1427
19 1076
12 1197
19 1424
26 1451
19 1317
26 1496
18 1277
12 1036
10 1298
16 1313
19 1347
22 1157
22 1086
28 1391
10 1095
29 1102
22 1081
23 1176
13 1243
13 1140
14 1284
22 1098
22 1066
28 1492
25 1464
22 1335
24 1127
16 1318
14 1012
14 1079
12 1364
10 1367
23 1382
15 1314
15 1415
23 1278
10 1336
11 1081
20 1310
19 1406
17 1098
11 1427
22 1021
29 1415
26 1436
25 1470
16 1498
23 1416
26 1316
10 1122
22 1231
15 1006
14 1321
11 1263
28 1147
27 1178
29 1077
20 1445
28 1320
14 1104
25 1428
16 1476
20 1271
12 1495
21 1392
19 1244
23 1249
15 1407
25 1282
29 1484
15 1324
18 1128
25 1207
14 1284
18 1336
28 1043
15 1413
11 1209
29 1491
10 1482
20 1377
13 1291
25 1212
28 1242
19 1081
14 1455
13 1208
23 1261
17 1177
20 1254
19 1118
27 1374
27 1046
17 1365
21 1161
25 1284
20 1421
23 1100
10 1205
27 1196
27 1459
12 1141
16 1208
15 1201
12 1185
20 1058
11 1345
17 1471
23 1050
17 1208
22 1041
11 1492
28 1218
24 1165
29 1383
28 1067
25 1372
23 1131
11 1086
18 1269
23 1021
13 1393
13 1210
25 1291
11 1374
27 1017
26 1158
22 1031
10 1485
11 1231
17 1003
11 1140
28 1242
27 1481
13 1298
27 1145
13 1254
23 1277
17 1455
12 1424
21 1194
28 1031
28 1367
21 1054
29 1348
21 1127
23 1121
24 1401
14 1182
29 1177
14 1118
24 1027
24 1428
27 1130
14 1437
15 1083
20 1172
13 1143
25 1418
22 1063
22 1040
16 1061
18 1194
10 1021
20 1213
10 1480
14 1484
10 1282
27 1219
18 1457
18 1283
23 1332
27 1497
29 1056
18 1248
25 1465
29 1385
27 1455
23 1374
10 1095
23 1437
13 1130
11 1099
22 1423
17 1401
17 1100
15 1192
24 1460
27 1242
27 1168
12 1487
26 1152
13 1251
20 1276
28 1240
15 1304
28 1210
25 1074
18 1326
29 1140
18 1029
19 1258
19 1468
27 1138
28 1115
23 1330
23 1389
28 1055
23 1242
11 1139
24 1178
27 1092
29 1034
11 1264
28 1257
10 1284
10 1229
27 1485
15 1007
27 1409
10 1308
27 1260
17 1079
27 1482
12 1234
12 1246
28 1332
20 1252
25 1171
18 1450
17 1381
23 1026
17 1450
25 1151
22 1230
22 1159
12 1387
12 1029
29 1253
29 1415
18 1269
13 1310
19 1053
19 1171
28 1153
28 1042
27 1172
24 1327
23 1171
13 1485
11 1126
26 1468
27 1042
13 1294
17 1337
13 1029
11 1315
15 1024
17 1288
28 1425
12 1321
20 1018
10 1440
18 1125
16 1163
13 1453
22 1243
17 1240
19 1471
29 1211
17 1156
18 1058
14 1341
28 1306
22 1097
10 1139
17 1009
13 1406
23 1274
25 1129
23 1485
21 1103
28 1263
29 1028
29 1429
11 1304
21 1108
26 1169
12 1375
12 1082
26 1286
17 1274
14 1172
24 1357
28 1226
23 1332
13 1450
18 1322
16 1302
12 1007
29 1221
13 1373
27 1463
18 1122
12 1084
22 1010
13 1271
13 1261
29 1377
10 1224
13 1403
16 1386
27 1356
17 1273
21 1271
13 1352
21 1157
28 1236
18 1283
27 1104
25 1408
20 1095
19 1455
28 1306
16 1488
13 1041
18 1148
26 1377
11 1217
29 1036
28 1068
21 1213
19 1466
11 1199
16 1277
24 1013
11 1398
16 1479
21 1074
14 1114
10 1330
28 1101
19 1170
10 1122
23 1060
29 1351
19 1399
13 1341
27 1098
29 1253
25 1003
18 1095
18 1121
12 1334
27 1313
25 1172
24 1270
21 1224
25 1029
11 1111
24 1425
14 1178
14 1008
17 1197
21 1490
28 1131
27 1426
10 1026
19 1379
13 1084
28 1420
14 1267
27 1063
21 1332
13 1001
21 1291
17 1322
14 1324
16 1042
20 1109
17 1304
29 1015
20 1223
22 1208
18 1068
27 1372
24 1230
28 1212
25 1159
23 1346
25 1407
12 1316
27 1243
21 1261
14 1195
15 1200
22 1154
10 1058
11 1325
18 1113
14 1034
22 1027
22 1133
25 1029
12 1422
25 1170
13 1031
18 1160
17 1131
20 1383
27 1019
24 1379
20 1166
14 1237
21 1143
22 1495
29 1210
23 1359
25 1324
12 1447
21 1258
20 1347
25 1331
29 1043
14 1331
19 1202
16 1399
22 1320
29 1374
12 1199
11 1072
24 1210
20 1298
29 1491
18 1073
21 1232
27 1149
13 1007
11 1209
12 1398
18 1279
12 1023
28 1007
19 1164
24 1029
10 1219
15 1367
18 1431
23 1276
22 1078
24 1174
14 1181
22 1108
28 1227
26 1378
11 1129
29 1021
28 1447
25 1143
20 1268
19 1342
19 1363
22 1429
16 1313
11 1196
12 1087
19 1221
23 1437
29 1127
17 1226
26 1383
14 1177
14 1339
12 1278
27 1264
11 1411
29 1273
13 1246
12 1103
18 1375
21 1040
23 1149
27 1088
20 1290
18 1442
28 1396
19 1228
29 1482
25 1226
21 1321
26 1406
17 1412
17 1132
11 1298
15 1053
22 1405
14 1269
24 1276
24 1347
10 1134
18 1353
27 1290
26 1055
26 1243
25 1223
11 1042
13 1315
11 1150
24 1462
22 1373
20 1282
21 1497
26 1383
22 1251
16 1499
25 1272
20 1245
25 1227
23 1329
15 1090
16 1363
16 1475
20 1385
29 1458
10 1251
23 1208
20 1264
12 1018
15 1290
28 1223
29 1223
16 1211
21 1429
27 1301
23 1200
22 1414
20 1307
27 1168
23 1267
10 1479
17 1373
12 1167
20 1259
14 1403
25 1397
29 1105
12 1473
21 1337
10 1071
13 1202
16 1171
28 1048
27 1465
26 1024
19 1182
15 1410
11 1420
24 1258
18 1382
21 1180
23 1351
25 1297
22 1018
23 1489
14 1264
26 1412
24 1253
14 1057
23 1144
11 1130
15 1403
17 1395
25 1444
21 1470
19 1387
29 1480
20 1205
28 1231
16 1269
23 1200
21 1469
11 1304
28 1465
10 1391
16 1401
14 1303
12 1174
10 1033
28 1451
21 1280
11 1443
13 1199
21 1463
12 1453
29 1324
22 1149
10 1379
13 1346
26 1313
26 1414
21 1028
25 1177
11 1195
23 1249
23 1344
12 1427
11 1466
16 1172
20 1485
13 1138
29 1040
25 1408
10 1121
11 1146
12 1485
26 1429
11 1273
24 1366
11 1426
16 1206
21 1156
22 1412
13 1342
17 1100
18 1287
10 1440
13 1418
26 1197
27 1059
19 1045
14 1396
10 1496
24 1127
27 1447
18 1222
11 1341
16 1495
17 1230
26 1173
13 1438
11 1462
22 1313
13 1184
12 1397
11 1046
29 1252
16 1219
23 1206
11 1078
21 1293
24 1175
23 1423
15 1120
20 1266
19 1365
14 1030
17 1317
27 1285
22 1346
15 1033
28 1398
13 1197
19 1090
10 1068
16 1127
11 1260
10 1321
20 1061
15 1235
19 1381
18 1472
12 1350
11 1253
13 1036
24 1120
19 1450
29 1424
26 1200
29 1140
12 1105
16 1190
12 1179
17 1098
21 1063
14 1270
20 1072
16 1364
23 1219
22 1385
28 1072
20 1156
18 1009
17 1483
19 1116
26 1325
13 1104
19 1480
28 1183
10 1058
20 1345
12 1047
22 1265
15 1323
24 1406
18 1111
16 1402
25 1304
12 1203
17 1365
21 1209
28 1472
22 1440
10 1104
29 1394
15 1386
14 1142
19 1067
24 1045
12 1470
25 1341
23 1052
10 1073
23 1210
25 1048
11 1385
22 1380
20 1433
10 1421
18 1196
18 1252
28 1121
10 1455
12 1264
13 1118
26 1060
14 1292
25 1204
15 1013
29 1385
15 1330
23 1411
25 1424
24 1085
21 1427
25 1072
10 1094
24 1488
19 1100
13 1097
15 1137
24 1350
20 1008
15 1259
13 1439
18 1358
24 1293
10 1287
17 1329
20 1242
13 1425
14 1306
24 1280
25 1309
28 1413
13 1308
23 1456
21 1492
15 1163
16 1450
23 1026
13 1016
15 1272
14 1159
13 1279
28 1030
19 1438
14 1320
23 1091
27 1213
27 1217
24 1363
27 1454
10 1405
24 1112
19 1211
16 1268
29 1023
28 1238
12 1383
23 1474
13 1019
15 1494
11 1277
10 1472