6750 5000
11 1415
20 1449
20 1114
24 1259
25 1017
15 1305
13 1248
18 1488
21 1497
29 1312
29 1156
23 1203
27 1354
12 1114
11 1144
29 1253
12 1020
21 1328
28 1391
17 1075
18 1044
14 1069
26 1357
27 1371
22 1330
21 1117
17 1427
24 1308
22 1179
24 1335
22 1188
12 1437
15 1287
22 1010
17 1199
13 1410
14 1088
27 1485
16 1310
28 1182
21 1408
25 1413
13 1070
13 1216
22 1390
29 1254
10 1335
24 1061
23 1493
12 1209
20 1104
17 1270
13 1344
26 1337
15 1065
23 1212
23 1067
20 1318
22 1046
18 1328
11 1301
24 1156
15 1230
14 1409
18 1197
23 1064
12 1124
21 1324
14 1315
20 1111
10 1176
15 1008
22 1382
13 1077
14 1345
16 1494
18 1260
24 1045
16 1150
19 1350
14 1096
12 1243
27 1337
13 1332
14 1369
29 1140
28 1196
27 1064
20 1424
10 1147
11 1131
29 1278
15 1166
23 1471
18 1114
28 1013
13 1263
20 1192
27 1068
26 1381
22 1478
18 1435
21 1291
16 1144
28 1077
29 1031
12 1180
14 1471
13 1282
14 1457
12 1281
24 1326
26 1087
19 1325
27 1431
24 1269
15 1456
22 1461
14 1236
21 1029
29 1404
29 1469
18 1112
10 1186
13 1385
26 1373
23 1132
22 1499
18 1442
16 1358
28 1261
18 1438
17 1074
15 1021
22 1466
29 1459
17 1059
11 1353
26 1493
20 1080
18 1130
29 1089
21 1352
11 1065
26 1244
18 1394
15 1108
28 1487
29 1131
27 1419
11 1278
12 1232
21 1170
12 1001
29 1447
22 1321
19 1018
23 1264
25 1474
16 1198
16 1467
10 1421
28 1122
26 1216
17 1356
29 1135
29 1386
24 1495
28 1363
29 1362
18 1048
16 1406
13 1040
12 1182
25 1327
29 1447
21 1322
22 1465
29 1013
17 1360
13 1487
25 1118
29 1499
26 1042
14 1461
23 1293
18 1054
15 1161
12 1402
26 1309
22 1216
21 1286
16 1408
29 1223
27 1055
16 1108
29 1032
29 1055
10 1256
27 1385
11 1254
14 1112
10 1005
23 1116
11 1439
19 1407
23 1250
19 1296
19 1418
26 1449
20 1099
13 1476
21 1488
19 1171
22 1188
28 1472
22 1248
26 1192
26 1359
27 1078
10 1322
10 1359
17 1407
14 1259
20 1017
21 1490
25 1168
25 1115
27 1444
25 1390
19 1024
19 1044
17 1146
26 1147
11 1204
24 1317
23 1198
13 1138
12 1266
17 1030
26 1304
18 1203
20 1448
20 1347
16 1018
20 1492
19 1273
17 1060
26 1404
14 1124
28 1226
25 1473
17 1301
21 1145
15 1353
16 1107
28 1437
16 1435
23 1036
21 1048
14 1252
26 1212
24 1050
16 1295
29 1003
29 1084
13 1009
28 1345
25 1163
29 1026
28 1054
25 1495
22 1223
26 1084
18 1378
17 1388
16 1004
11 1030
20 1058
28 1007
28 1287
17 1174
21 1325
19 1084
27 1190
21 1428
12 1364
22 1081
25 1043
12 1276
19 1254
10 1187
23 1068
15 1068
21 1253
24 1187
27 1113
15 1210
11 1450
27 1125
15 1312
25 1466
27 1339
15 1234
19 1131
23 1297
25 1419
26 1356
29 1263
20 1187
13 1452
27 1258
18 1392
21 1467
29 1021
25 1022
20 1034
27 1107
29 1426
14 1219
15 1389
17 1074
23 1496
14 1099
16 1366
20 1423
10 1018
27 1294
28 1430
28 1044
14 1303
22 1286
19 1066
11 1355
25 1322
14 1266
22 1253
13 1390
28 1171
19 1361
26 1081
12 1421
13 1155
10 1393
25 1234
29 1214
26 1401
11 1269
19 1179
15 1488
18 1283
29 1443
13 1340
20 1339
27 1051
12 1453
21 1169
14 1218
22 1066
18 1046
29 1032
21 1437
23 1185
28 1359
24 1459
17 1088
23 1412
14 1293
24 1088
22 1243
13 1356
22 1016
23 1172
11 1038
21 1324
13 1292
21 1248
20 1403
16 1377
16 1121
24 1067
10 1352
18 1053
14 1126
24 1100
18 1325
14 1275
22 1322
26 1481
14 1319
21 1187
27 1245
14 1026
17 1239
18 1405
27 1232
10 1025
21 1130
26 1265
17 1143
24 1004
19 1186
15 1218
23 1288
27 1460
19 1352
16 1177
28 1237
28 1179
21 1082
26 1307
24 1250
24 1411
10 1337
15 1001
16 1315
22 1288
13 1075
24 1215
15 1080
16 1394
21 1007
11 1420
25 1211
14 1409
26 1098
19 1297
25 1338
28 1106
21 1352
12 1335
26 1004
13 1457
22 1063
28 1338
12 1133
23 1389
12 1283
27 1494
13 1468
19 1035
26 1393
28 1432
26 1177
12 1237
17 1493
13 1451
27 1304
22 1159
29 1252
25 1406
26 1169
11 1374
29 1038
26 1153
29 1012
19 1460
28 1082
18 1039
29 1271
29 1320
10 1368
24 1454
10 1032
20 1008
23 1402
16 1132
16 1050
20 1369
25 1185
11 1217
17 1005
21 1083
21 1113
29 1213
27 1408
29 1131
13 1218
16 1215
20 1260
11 1134
27 1121
23 1165
23 1236
29 1244
21 1317
28 1488
23 1482
26 1030
22 1343
28 1002
29 1411
20 1160
27 1026
20 1271
16 1004
20 1165
22 1074
26 1084
29 1109
25 1116
19 1375
28 1353
11 1127
24 1342
18 1437
14 1424
18 1259
13 1456
11 1475
20 1231
16 1447
24 1136
19 1087
21 1240
19 1231
13 1409
25 1348
24 1141
16 1343
11 1395
19 1414
17 1327
22 1014
24 1163
14 1305
15 1487
22 1454
28 1209
22 1103
15 1477
25 1474
13 1252
17 1058
12 1056
11 1152
22 1456
17 1253
27 1281
28 1268
22 1426
22 1437
15 1366
24 1172
24 1217
25 1082
10 1065
23 1452
28 1172
28 1223
14 1027
24 1082
29 1430
14 1288
21 1406
13 1041
24 1340
10 1349
16 1029
10 1440
12 1109
21 1250
25 1188
23 1369
13 1188
17 1490
12 1440
24 1027
12 1034
25 1219
25 1345
19 1279
23 1039
25 1373
25 1302
14 1427
23 1268
15 1135
11 1292
28 1434
16 1157
18 1265
16 1227
28 1073
21 1490
10 1087
11 1413
29 1354
25 1065
21 1081
22 1100
18 1214
26 1046
17 1102
10 1273
18 1469
29 1033
29 1187
29 1205
23 1493
18 1467
27 1005
12 1248
12 1084
20 1325
12 1172
21 1414
12 1435
18 1450
28 1382
22 1336
13 1127
23 1080
12 1240
17 1498
22 1021
12 1103
17 1067
21 1406
29 1381
17 1169
21 1355
21 1382
27 1250
11 1351
26 1254
15 1372
11 1092
21 1125
10 1463
29 1294
22 1104
15 1177
26 1269
28 1108
27 1116
12 1118
27 1237
29 1287
25 1260
23 1480
10 1436
25 1098
25 1085
11 1418
26 1035
18 1443
21 1101
29 1199
15 1046
14 1135
26 1250
21 1065
11 1144
20 1108
10 1443
24 1177
15 1436
13 1343
10 1310
28 1271
27 1219
28 1105
22 1273
26 1331
19 1072
12 1301
29 1408
16 1227
12 1226
14 1284
17 1264
28 1417
24 1346
23 1404
29 1024
19 1140
18 1091
15 1091
28 1018
21 1286
21 1396
18 1329
17 1441
27 1323
21 1049
20 1404
18 1156
12 1137
20 1053
22 1192
11 1059
16 1450
26 1406
24 1121
16 1425
21 1175
12 1431
20 1294
13 1397
14 1433
20 1013
15 1461
18 1265
15 1439
28 1412
10 1255
24 1320
17 1166
23 1102
11 1257
25 1088
17 1123
19 1268
24 1431
25 1337
18 1169
25 1471
29 1378
10 1170
14 1345
17 1241
24 1408
22 1283
17 1180
18 1483
20 1224
19 1024
22 1046
27 1205
17 1095
11 1167
10 1067
15 1308
12 1082
15 1035
25 1457
15 1194
14 1017
26 1296
20 1375
21 1105
16 1332
25 1463
29 1180
17 1258
26 1351
12 1325
12 1134
12 1056
24 1421
19 1373
12 1008
16 1491
24 1351
11 1023
24 1052
15 1081
22 1437
20 1320
11 1330
24 1262
17 1319
22 1021
18 1495
17 1245
23 1052
23 1489
22 1005
26 1323
12 1200
21 1468
22 1127
29 1029
24 1138
10 1250
20 1228
11 1037
28 1487
25 1139
27 1270
14 1151
27 1329
17 1271
12 1305
20 1172
12 1193
16 1222
25 1367
17 1253
14 1293
13 1284
25 1342
15 1462
28 1497
25 1423
11 1103
16 1234
16 1311
22 1012
25 1163
11 1461
17 1267
25 1147
25 1214
11 1377
26 1240
26 1429
28 1197
22 1313
17 1169
23 1061
27 1205
12 1438
17 1013
11 1369
11 1154
10 1269
29 1020
27 1057
16 1369
17 1136
25 1062
23 1205
13 1475
24 1168
13 1351
25 1266
15 1428
22 1178
29 1462
11 1393
24 1248
14 1161
17 1236
16 1053
26 1431
23 1453
19 1313
11 1199
20 1070
14 1083
24 1437
21 1414
17 1016
18 1212
24 1240
15 1092
17 1260
20 1206
18 1020
25 1435
28 1069
24 1044
17 1218
15 1002
19 1156
13 1183
12 1391
28 1134
12 1150
29 1366
25 1371
23 1391
17 1290
27 1139
27 1448
28 1238
15 1162
26 1329
27 1301
11 1456
28 1479
18 1435
19 1445
10 1355
20 1415
27 1411
15 1147
12 1499
26 1222
23 1122
18 1387
27 1305
16 1143
17 1085
14 1493
26 1116
12 1171
18 1007
24 1465
12 1140
28 1045
15 1004
10 1464
28 1455
10 1026
25 1246
22 1085
27 1035
21 1478
21 1112
15 1412
24 1060
10 1274
12 1041
13 1135
26 1125
27 1193
13 1089
15 1256
15 1157
13 1384
13 1119
14 1154
20 1122
14 1045
19 1169
26 1073
18 1364
14 1295
16 1211
28 1286
15 1298
14 1216
25 1367
27 1400
10 1057
17 1321
11 1404
10 1431
22 1233
24 1037
11 1265
12 1237
16 1115
22 1053
18 1038
14 1156
21 1405
21 1482
14 1433
19 1271
20 1230
22 1114
14 1486
23 1450
19 1160
24 1080
13 1125
14 1306
29 1071
15 1067
11 1482
28 1070
23 1009
21 1039
25 1079
17 1035
24 1437
28 1267
22 1323
11 1099
10 1173
27 1411
22 1448
21 1493
13 1490
14 1010
14 1318
27 1356
16 1348
24 1496
21 1304
24 1401
28 1397
16 1133
26 1279
14 1039
25 1142
20 1374
16 1093
28 1373
12 1114
23 1365
23 1327
14 1288
11 1004
12 1306
16 1166
13 1462
19 1377
28 1177
15 1397
14 1422
26 1398
28 1451
16 1412
10 1298
24 1337
28 1020
22 1491
15 1499
11 1480
25 1007
27 1267
12 1315
25 1392
26 1465
22 1024
12 1340
14 1449
22 1466
22 1003
20 1481
26 1263
14 1419
14 1114
26 1057
27 1276
18 1105
27 1298
15 1012
17 1234
20 1369
15 1432
26 1273
16 1275
16 1027
19 1142
21 1328
11 1282
22 1382
29 1443
26 1403
11 1345
17 1024
19 1311
22 1297
26 1348
12 1362
11 1157
13 1406
24 1424
22 1462
20 1309
27 1271
18 1099
23 1203
23 1180
17 1358
26 1192
17 1349
22 1298
14 1127
18 1240
25 1102
20 1480
26 1058
24 1038
17 1209
10 1437
23 1267
23 1235
21 1485
23 1067
24 1278
11 1130
21 1294
20 1280
17 1312
14 1344
23 1015
22 1286
26 1063
16 1489
17 1296
24 1466
25 1487
21 1003
12 1376
11 1173
24 1017
13 1440
19 1289
25 1025
28 1144
18 1157
22 1459
14 1184
12 1096
25 1263
12 1342
13 1308
27 1422
21 1175
17 1190
28 1150
13 1097
29 1434
28 1084
12 1195
25 1152
27 1470
10 1323
27 1399
26 1034
16 1188
11 1478
21 1344
14 1090
28 1282
18 1265
23 1487
25 1086
21 1457
13 1299
18 1243
14 1432
28 1157
19 1283
20 1038
19 1069
19 1476
17 1203
21 1398
11 1011
27 1220
15 1010
13 1320
19 1258
23 1293
15 1446
15 1006
28 1479
12 1409
22 1284
25 1225
28 1039
14 1448
28 1356
29 1426
16 1157
12 1092
10 1174
14 1057
25 1320
26 1488
15 1396
25 1219
27 1241
27 1386
17 1319
11 1374
15 1023
13 1410
11 1235
25 1429
23 1124
21 1300
12 1406
29 1409
26 1179
14 1479
24 1015
16 1289
10 1436
27 1079
26 1289
24 1081
25 1355
22 1117
14 1244
10 1055
15 1476
27 1378
12 1339
29 1296
17 1169
16 1492
20 1078
23 1159
12 1382
24 1494
11 1048
23 1441
20 1017
16 1133
26 1035
19 1316
24 1437
10 1194
21 1387
13 1260
24 1498
20 1276
21 1071
11 1075
20 1146
12 1198
24 1225
14 1350
20 1495
28 1374
23 1288
11 1037
20 1344
28 1253
29 1037
29 1423
18 1137
28 1314
14 1425
21 1325
29 1283
17 1409
21 1338
25 1330
18 1364
29 1059
22 1480
29 1269
18 1233
19 1246
17 1034
29 1421
28 1422
14 1359
21 1218
17 1386
17 1052
14 1343
15 1006
18 1369
12 1101
29 1363
29 1379
27 1213
16 1003
27 1389
11 1062
16 1334
15 1135
24 1348
27 1065
23 1146
15 1274
17 1471
19 1382
22 1103
20 1396
11 1199
23 1461
28 1160
12 1119
24 1199
22 1275
17 1381
25 1277
14 1071
25 1405
10 1354
17 1490
22 1097
15 1003
28 1344
18 1069
28 1278
12 1323
23 1019
27 1452
27 1137
26 1238
23 1381
19 1456
11 1003
19 1064
11 1475
27 1478
11 1456
24 1121
26 1253
22 1273
26 1395
26 1408
27 1296
16 1137
27 1366
17 1426
11 1438
24 1041
14 1216
18 1331
22 1017
22 1172
25 1349
16 1195
23 1259
17 1495
19 1037
16 1002
27 1139
22 1356
24 1012
20 1177
17 1481
21 1460
12 1328
18 1334
27 1206
25 1013
12 1301
28 1226
23 1462
21 1434
15 1352
14 1138
25 1420
19 1369
12 1141
20 1149
21 1014
19 1434
15 1445
23 1181
19 1272
20 1303
25 1060
17 1354
12 1463
16 1179
25 1162
15 1438
21 1393
12 1219
19 1355
28 1455
21 1144
27 1447
12 1462
10 1421
28 1069
28 1001
17 1440
13 1192
28 1363
13 1375
24 1204
17 1014
13 1281
11 1009
29 1126
25 1047
13 1217
10 1163
19 1331
11 1219
21 1001
21 1130
25 1121
28 1416
26 1183
11 1243
13 1200
15 1061
22 1474
23 1192
21 1451
17 1239
23 1450
10 1329
15 1126
19 1354
11 1259
18 1130
18 1264
15 1307
26 1007
26 1273
26 1284
10 1311
28 1003
28 1201
24 1196
27 1279
29 1494
13 1076
17 1351
13 1407
22 1097
21 1398
26 1484
19 1496
21 1297
23 1273
19 1478
10 1381
24 1439
11 1173
25 1305
13 1314
19 1247
15 1303
21 1067
12 1115
21 1136
24 1058
23 1157
19 1043
21 1042
29 1225
28 1443
26 1358
25 1472
13 1351
21 1263
28 1369
10 1440
14 1051
13 1338
27 1001
22 1438
21 1028
18 1310
13 1216
15 1332
26 1096
29 1272
25 1061
24 1222
11 1450
17 1308
14 1001
24 1057
14 1321
19 1495
13 1067
13 1173
13 1479
27 1262
24 1412
29 1488
28 1151
21 1105
20 1086
22 1136
24 1231
14 1453
22 1362
19 1086
24 1158
29 1320
15 1050
21 1343
22 1402
23 1408
14 1265
28 1278
20 1205
25 1296
14 1290
19 1087
27 1319
19 1015
11 1250
12 1152
14 1203
22 1344
11 1244
22 1229
27 1416
28 1421
12 1230
13 1098
12 1187
18 1186
15 1139
19 1318
11 1397
29 1048
18 1303
29 1157
10 1054
23 1179
27 1199
12 1351
13 1228
26 1070
12 1085
26 1021
22 1453
27 1136
21 1353
23 1215
12 1082
19 1433
11 1337
10 1256
11 1178
19 1037
10 1019
24 1007
13 1468
21 1231
28 1381
22 1376
18 1265
22 1383
11 1342
20 1435
15 1267
22 1419
12 1151
29 1239
19 1224
15 1276
20 1143
28 1079
18 1174
21 1012
10 1415
20 1167
23 1140
18 1083
22 1225
15 1048
16 1185
15 1453
21 1384
14 1104
26 1085
20 1200
12 1290
29 1296
23 1273
19 1243
21 1105
28 1181
23 1125
14 1429
17 1326
11 1372
18 1410
10 1089
26 1131
20 1076
25 1396
11 1422
23 1413
21 1226
10 1239
19 1444
19 1428
22 1426
16 1288
24 1080
17 1403
23 1065
25 1175
10 1235
29 1002
15 1175
26 1273
21 1364
16 1448
15 1257
17 1386
25 1473
14 1188
19 1117
25 1029
17 1178
15 1380
11 1442
26 1447
12 1277
16 1413
10 1178
16 1448
16 1300
16 1017
16 1049
19 1334
11 1280
17 1225
19 1140
28 1047
17 1443
13 1417
29 1298
18 1107
14 1081
27 1333
10 1034
27 1232
19 1497
26 1085
21 1492
21 1271
11 1015
17 1336
17 1415
28 1302
19 1231
21 1383
14 1427
12 1177
28 1086
22 1330
22 1480
12 1128
16 1198
25 1463
11 1160
28 1061
27 1266
27 1285
17 1178
17 1198
21 1206
27 1332
18 1496
10 1469
17 1341
14 1496
12 1011
12 1066
12 1209
23 1349
18 1253
13 1441
27 1412
12 1215
27 1067
19 1323
13 1364
15 1392
27 1209
16 1380
29 1166
15 1492
14 1078
23 1233
19 1227
13 1210
28 1200
22 1309
21 1403
14 1353
20 1369
24 1131
11 1492
14 1023
16 1276
15 1305
19 1306
12 1418
24 1233
29 1118
28 1388
12 1244
29 1339
13 1487
23 1107
13 1159
11 1234
25 1476
17 1244
16 1498
27 1490
20 1449
25 1363
22 1172
29 1338
12 1154
17 1104
16 1149
26 1065
27 1142
12 1439
11 1219
11 1363
17 1367
14 1446
19 1319
22 1143
22 1234
17 1109
23 1238
23 1197
27 1490
11 1284
28 1095
11 1348
29 1179
10 1275
16 1149
19 1116
15 1176
15 1276
29 1396
14 1304
20 1057
24 1184
22 1266
19 1490
13 1025
11 1330
14 1062
19 1447
16 1021
17 1361
27 1190
11 1458
16 1226
12 1160
22 1481
12 1204
10 1462
26 1261
18 1309
23 1196
13 1437
12 1485
13 1103
14 1089
26 1421
15 1396
22 1365
12 1240
29 1414
24 1439
11 1235
11 1403
13 1271
24 1240
27 1065
14 1305
23 1402
11 1060
14 1474
21 1437
21 1375
29 1401
27 1213
26 1349
22 1115
26 1443
28 1176
12 1009
15 1164
18 1209
25 1349
24 1364
27 1220
10 1003
29 1099
21 1020
27 1395
16 1118
17 1100
11 1210
23 1309
18 1264
15 1470
16 1135
19 1268
27 1186
16 1416
22 1411
13 1353
18 1491
26 1414
26 1365
22 1044
10 1277
14 1262
27 1025
19 1339
15 1103
10 1300
26 1467
24 1183
16 1112
23 1229
28 1275
13 1338
11 1286
28 1401
28 1278
18 1245
24 1123
13 1237
26 1145
13 1129
10 1033
23 1339
13 1319
19 1013
21 1104
28 1462
24 1286
13 1164
17 1299
12 1051
29 1196
24 1227
11 1039
20 1365
20 1429
14 1302
24 1085
15 1362
27 1473
15 1164
14 1429
24 1088
11 1198
27 1213
24 1396
17 1025
17 1171
20 1009
28 1484
25 1292
28 1190
16 1045
19 1448
13 1227
15 1033
22 1205
17 1172
11 1257
10 1496
20 1242
27 1292
19 1321
13 1427
11 1383
10 1452
17 1311
12 1208
20 1002
22 1109
13 1286
11 1327
18 1214
11 1177
10 1097
14 1079
21 1173
28 1466
13 1076
24 1159
22 1211
21 1233
19 1231
25 1445
29 1222
20 1341
27 1115
29 1312
28 1393
10 1080
28 1198
14 1360
27 1386
10 1012
23 1368
20 1283
13 1083
20 1052
22 1422
16 1474
11 1222
14 1330
23 1055
15 1467
20 1170
23 1170
28 1281
15 1177
18 1252
28 1197
19 1023
15 1182
15 1000
24 1095
15 1216
29 1317
28 1433
14 1009
22 1160
24 1290
25 1142
24 1327
14 1031
25 1199
21 1381
17 1481
19 1366
24 1041
12 1324
13 1286
29 1325
20 1417
28 1116
18 1014
11 1330
18 1341
12 1109
11 1125
24 1237
15 1303
10 1266
16 1362
27 1422
23 1161
10 1194
21 1103
25 1295
27 1033
15 1228
21 1364
25 1297
11 1150
18 1336
13 1403
23 1024
26 1377
18 1398
21 1100
24 1122
20 1119
16 1205
26 1254
26 1450
20 1180
13 1377
14 1469
15 1127
25 1250
24 1364
13 1485
12 1328
16 1041
21 1229
20 1262
13 1387
11 1486
22 1359
26 1206
26 1267
17 1014
17 1472
17 1393
16 1231
16 1497
27 1493
20 1277
26 1109
28 1326
11 1371
23 1347
13 1081
28 1295
15 1472
15 1261
24 1196
29 1123
12 1201
14 1269
24 1054
20 1087
26 1394
16 1451
29 1453
25 1413
18 1224
24 1482
10 1019
12 1419
10 1383
23 1442
11 1484
24 1254
20 1177
22 1183
12 1099
27 1187
19 1020
24 1391
20 1494
11 1294
29 1454
21 1497
19 1303
24 1369
24 1494
25 1450
13 1199
15 1370
27 1318
27 1249
10 1450
22 1051
26 1054
12 1140
13 1076
14 1211
17 1456
19 1402
15 1057
16 1453
13 1221
28 1048
18 1119
22 1300
25 1185
17 1386
22 1048
21 1233
16 1304
27 1241
13 1019
28 1304
10 1205
25 1189
17 1108
24 1356
12 1152
17 1128
28 1144
27 1332
23 1369
14 1046
17 1478
10 1286
10 1127
20 1309
24 1082
18 1144
27 1010
28 1096
24 1035
17 1341
28 1483
17 1072
25 1384
10 1218
16 1131
25 1242
20 1336
24 1442
18 1147
11 1210
23 1346
25 1277
23 1313
10 1021
15 1397
29 1423
17 1373
25 1069
18 1316
13 1383
26 1468
13 1453
19 1334
24 1228
11 1102
24 1405
13 1443
24 1258
15 1030
25 1227
24 1253
19 1448
23 1263
13 1451
26 1335
28 1284
16 1363
29 1229
11 1372
12 1185
18 1480
21 1455
18 1414
20 1230
26 1192
20 1201
20 1370
21 1008
16 1431
29 1275
27 1306
26 1439
17 1017
13 1456
18 1277
23 1496
16 1118
21 1147
22 1468
18 1104
20 1022
14 1362
20 1486
13 1237
29 1207
22 1355
24 1282
23 1470
25 1443
12 1378
12 1441
16 1122
26 1349
26 1387
16 1430
13 1257
23 1229
18 1489
18 1145
18 1028
26 1201
13 1394
12 1454
16 1160
18 1402
25 1207
26 1484
25 1098
21 1327
10 1359
15 1422
13 1282
16 1237
24 1052
19 1242
27 1004
16 1023
25 1362
12 1423
24 1076
11 1137
22 1419
10 1097
25 1146
15 1095
14 1018
19 1367
24 1453
22 1065
17 1026
25 1457
24 1189
13 1028
29 1308
19 1030
12 1265
23 1214
18 1121
28 1386
10 1037
25 1221
23 1473
10 1242
28 1155
22 1067
26 1441
10 1180
21 1187
18 1464
27 1143
22 1037
11 1397
18 1143
29 1058
15 1481
14 1178
25 1063
15 1447
20 1325
13 1270
20 1009
20 1313
25 1379
17 1021
16 1234
24 1030
18 1021
27 1233
18 1321
14 1088
13 1333
10 1046
19 1378
27 1498
25 1439
28 1290
28 1096
19 1073
15 1391
22 1373
21 1239
18 1149
17 1134
21 1335
26 1180
20 1230
14 1357
11 1480
20 1241
29 1091
26 1309
27 1192
29 1156
25 1353
17 1355
23 1499
10 1081
28 1207
22 1082
16 1118
26 1166
18 1297
16 1422
18 1067
24 1075
15 1051
19 1309
10 1334
11 1110
10 1238
11 1187
10 1003
26 1454
16 1123
10 1470
18 1203
24 1237
11 1232
12 1426
14 1157
28 1030
20 1139
27 1144
15 1458
23 1153
25 1229
25 1311
26 1387
25 1294
21 1495
16 1049
22 1210
13 1369
14 1043
16 1414
13 1462
24 1166
18 1208
19 1367
27 1090
26 1206
15 1326
21 1356
20 1225
10 1319
22 1403
23 1400
21 1247
10 1353
29 1155
27 1145
17 1080
18 1277
20 1111
24 1212
11 1360
26 1459
15 1030
21 1033
10 1473
19 1092
17 1178
20 1497
12 1057
17 1326
25 1232
24 1261
17 1321
21 1049
25 1462
11 1304
21 1436
12 1258
15 1086
24 1121
22 1246
27 1056
18 1086
23 1207
10 1043
21 1246
27 1228
20 1341
13 1482
27 1252
23 1061
21 1260
15 1487
10 1436
25 1432
17 1317
16 1476
12 1230
16 1191
25 1027
19 1151
12 1119
21 1250
11 1144
20 1424
24 1475
11 1480
10 1184
11 1213
11 1113
16 1343
21 1406
28 1417
24 1465
13 1204
16 1442
19 1316
17 1334
22 1127
24 1409
16 1171
16 1467
14 1077
20 1379
20 1239
14 1315
14 1311
26 1204
14 1344
13 1002
26 1214
16 1376
22 1204
13 1077
28 1214
12 1443
20 1249
17 1134
12 1002
17 1374
24 1220
23 1344
10 1133
26 1006
18 1028
28 1308
21 1166
29 1460
21 1012
25 1323
26 1395
19 1432
14 1101
16 1460
18 1385
19 1492
29 1354
19 1078
14 1034
22 1247
26 1478
28 1076
23 1047
12 1380
13 1138
24 1298
16 1392
13 1371
20 1379
13 1189
25 1041
29 1290
11 1358
13 1249
29 1033
10 1063
18 1029
26 1306
27 1484
11 1141
24 1143
12 1169
29 1245
14 1063
27 1391
29 1109
14 1322
24 1452
28 1482
28 1264
24 1044
20 1425
12 1226
12 1453
22 1197
18 1305
27 1425
26 1218
15 1215
11 1332
15 1266
25 1255
27 1122
18 1059
16 1199
14 1280
14 1071
22 1009
10 1018
29 1317
12 1212
22 1116
25 1376
18 1102
14 1445
23 1253
17 1245
19 1048
14 1422
29 1333
27 1146
25 1232
29 1155
28 1456
10 1474
14 1486
23 1390
25 1363
19 1294
23 1373
16 1472
15 1212
24 1179
13 1146
13 1427
28 1160
14 1048
21 1214
19 1444
18 1058
16 1406
22 1011
23 1155
14 1396
20 1172
16 1232
24 1408
13 1429
29 1005
19 1240
12 1451
17 1153
17 1018
21 1386
24 1354
22 1066
28 1079
17 1448
20 1403
15 1126
22 1267
17 1422
17 1495
22 1263
15 1244
26 1312
16 1041
27 1237
17 1236
20 1348
15 1133
10 1258
14 1397
17 1121
20 1147
16 1433
17 1393
10 1376
21 1194
25 1282
12 1493
21 1095
25 1425
29 1203
14 1305
13 1049
18 1276
15 1208
27 1128
22 1294
17 1039
13 1104
21 1252
15 1056
18 1422
19 1187
25 1032
17 1239
13 1017
23 1401
18 1165
24 1195
20 1398
26 1215
17 1418
11 1119
26 1034
21 1462
25 1256
23 1490
27 1362
20 1156
23 1370
15 1074
27 1275
12 1465
17 1395
15 1405
15 1291
12 1281
17 1228
13 1371
21 1023
19 1153
13 1260
27 1168
13 1073
18 1259
10 1078
29 1314
16 1021
28 1292
27 1251
15 1264
24 1090
16 1007
15 1273
25 1216
21 1002
14 1009
15 1035
13 1245
16 1071
27 1475
13 1181
10 1419
24 1150
19 1273
18 1102
12 1404
19 1115
22 1215
14 1431
14 1185
20 1204
24 1001
15 1460
28 1356
11 1066
20 1335
19 1227
27 1112
27 1437
21 1351
16 1409
12 1331
10 1202
11 1105
18 1483
11 1399
25 1336
17 1086
12 1367
21 1205
13 1478
29 1076
19 1425
16 1389
25 1283
12 1017
21 1447
15 1025
29 1325
28 1220
27 1248
27 1484
28 1158
13 1046
21 1117
24 1115
28 1065
24 1165
21 1209
25 1418
24 1096
12 1121
26 1170
22 1073
16 1128
18 1254
19 1019
13 1189
12 1193
11 1363
22 1489
28 1258
26 1236
14 1057
20 1406
29 1185
13 1449
25 1331
19 1255
15 1184
12 1299
17 1039
13 1401
18 1148
11 1071
11 1304
22 1232
19 1123
20 1225
17 1169
28 1075
18 1100
16 1207
12 1289
26 1432
17 1359
14 1437
20 1392
29 1320
10 1164
24 1030
20 1072
21 1483
21 1073
28 1016
11 1496
28 1094
12 1219
27 1278
27 1287
28 1162
15 1447
20 1044
14 1055
18 1148
13 1253
18 1437
11 1410
29 1291
28 1468
15 1166
28 1311
24 1391
23 1499
11 1441
29 1149
21 1226
22 1271
20 1276
11 1261
29 1419
29 1061
21 1428
14 1063
10 1040
16 1081
22 1261
16 1428
15 1236
26 1467
17 1088
26 1271
20 1459
27 1247
15 1301
27 1404
24 1357
16 1272
21 1104
25 1297
10 1091
15 1378
19 1091
25 1262
19 1099
24 1291
28 1448
16 1366
24 1321
24 1419
10 1328
13 1227
14 1335
15 1123
15 1070
27 1414
28 1470
26 1315
16 1103
15 1008
14 1424
10 1339
11 1353
12 1479
29 1026
16 1280
10 1409
15 1331
23 1053
28 1199
28 1402
25 1086
10 1381
29 1354
24 1313
17 1050
21 1369
13 1443
23 1327
12 1261
12 1253
27 1208
14 1210
27 1379
16 1466
18 1445
16 1303
18 1119
24 1198
11 1491
12 1142
28 1212
17 1369
12 1202
16 1281
27 1212
12 1324
17 1401
13 1397
18 1304
29 1122
19 1173
12 1342
15 1398
28 1102
28 1075
26 1229
26 1477
24 1216
19 1141
21 1338
23 1096
25 1341
10 1390
13 1396
17 1389
10 1143
23 1176
10 1254
21 1216
13 1063
13 1375
19 1330
28 1467
10 1050
14 1072
26 1027
11 1055
25 1137
16 1374
10 1277
27 1225
20 1377
17 1365
25 1179
27 1205
25 1258
23 1115
26 1311
25 1098
14 1057
13 1428
13 1359
10 1179
20 1319
18 1047
28 1246
12 1115
16 1180
27 1040
16 1055
17 1427
25 1090
16 1487
22 1055
24 1166
18 1271
11 1006
13 1369
28 1082
26 1050
26 1064
11 1109
25 1217
27 1352
24 1113
18 1254
12 1033
16 1132
11 1047
21 1151
21 1198
19 1449
25 1198
25 1477
16 1119
20 1273
19 1128
14 1291
22 1312
17 1005
10 1258
12 1177
16 1139
29 1037
20 1050
10 1318
16 1097
26 1043
16 1259
12 1260
18 1228
13 1066
20 1230
15 1150
23 1050
19 1036
20 1418
24 1255
16 1320
21 1079
15 1414
19 1214
22 1402
24 1023
28 1005
15 1445
25 1466
14 1470
20 1186
13 1471
28 1151
29 1119
24 1258
14 1420
21 1132
21 1366
19 1386
28 1150
21 1192
18 1493
14 1207
12 1486
10 1311
15 1438
17 1092
27 1186
29 1235
18 1356
10 1088
16 1194
22 1080
22 1450
20 1246
28 1138
10 1312
17 1181
15 1197
20 1006
27 1244
12 1499
16 1211
10 1401
27 1215
27 1327
14 1422
29 1313
17 1423
18 1197
27 1074
17 1165
14 1374
23 1055
27 1235
23 1199
18 1330
17 1484
18 1206
13 1190
21 1030
23 1146
29 1078
10 1322
28 1119
26 1327
16 1491
16 1367
26 1090
28 1058
29 1436
16 1365
20 1366
22 1430
18 1301
28 1328
17 1272
17 1301
22 1199
19 1057
17 1102
22 1190
29 1305
17 1062
18 1191
11 1418
18 1071
20 1477
12 1439
11 1018
27 1083
11 1477
24 1275
23 1175
12 1140
29 1181
22 1042
13 1481
10 1119
15 1090
19 1379
20 1163
22 1006
24 1440
29 1286
10 1160
25 1078
27 1027
22 1338
26 1128
16 1445
27 1300
25 1012
19 1164
23 1332
25 1312
23 1370
26 1495
28 1494
22 1140
24 1031
27 1255
15 1455
26 1347
24 1205
11 1350
10 1245
25 1049
15 1132
24 1388
12 1034
20 1288
13 1447
11 1350
17 1219
28 1424
16 1383
17 1394
22 1466
26 1441
22 1169
19 1164
12 1078
10 1390
19 1037
29 1435
13 1417
27 1369
26 1156
25 1031
15 1203
20 1477
25 1210
12 1042
18 1473
26 1029
15 1234
29 1237
23 1029
20 1266
11 1340
22 1344
16 1101
28 1086
11 1301
18 1358
11 1357
22 1428
22 1133
28 1124
17 1397
15 1348
20 1207
26 1334
17 1388
15 1387
25 1351
17 1114
11 1301
29 1456
22 1269
24 1019
28 1019
20 1416
17 1473
21 1402
23 1466
11 1166
16 1339
29 1204
22 1377
11 1072
14 1256
24 1468
11 1073
27 1366
29 1470
20 1329
29 1145
22 1248
27 1117
26 1315
25 1154
12 1143
24 1160
14 1159
15 1068
28 1026
22 1430
20 1300
22 1388
29 1424
18 1311
11 1000
29 1344
29 1200
13 1008
14 1223
11 1282
17 1491
21 1255
25 1149
12 1387
12 1437
27 1320
11 1238
24 1038
20 1128
21 1380
27 1425
10 1413
13 1327
22 1133
11 1250
17 1420
22 1123
13 1107
19 1461
25 1058
20 1247
16 1203
21 1114
19 1370
17 1424
24 1142
13 1326
22 1316
24 1242
15 1448
18 1228
16 1407
24 1245
13 1287
24 1086
13 1405
20 1362
26 1260
17 1013
15 1437
17 1235
18 1139
13 1397
12 1474
11 1135
10 1038
22 1088
13 1404
26 1479
29 1081
23 1161
25 1323
25 1278
13 1134
11 1284
24 1483
11 1131
25 1000
13 1391
12 1150
19 1490
16 1028
25 1137
18 1293
29 1068
26 1295
11 1106
14 1431
24 1362
12 1365
18 1201
23 1267
21 1254
16 1308
20 1025
14 1447
25 1182
14 1279
10 1169
18 1211
14 1358
14 1093
29 1321
18 1139
19 1342
21 1331
20 1053
22 1033
21 1380
20 1188
17 1334
21 1390
20 1263
16 1022
12 1364
28 1319
21 1221
13 1494
14 1237
11 1031
22 1199
23 1171
18 1342
24 1081
10 1080
23 1248
21 1320
16 1163
22 1416
23 1340
20 1258
29 1288
27 1378
15 1113
16 1278
11 1103
10 1051
19 1333
17 1009
14 1166
27 1122
22 1270
29 1371
23 1037
10 1448
15 1274
13 1420
21 1299
17 1108
22 1459
17 1497
12 1069
21 1150
22 1045
29 1332
28 1226
24 1248
22 1407
11 1484
11 1088
11 1370
18 1399
27 1279
12 1092
26 1365
16 1186
26 1142
28 1225
10 1197
23 1206
15 1488
25 1352
21 1252
24 1305
17 1214
21 1343
26 1373
18 1171
21 1230
16 1406
10 1358
10 1014
28 1415
20 1136
19 1230
11 1143
25 1059
14 1369
13 1392
24 1020
21 1496
26 1439
22 1237
19 1079
17 1131
29 1425
26 1163
14 1470
24 1180
11 1302
10 1277
11 1091
29 1377
26 1059
27 1263
22 1265
23 1168
17 1004
18 1481
14 1233
24 1429
13 1258
25 1452
16 1350
11 1238
13 1352
15 1213
29 1498
18 1086
23 1103
18 1259
16 1442
26 1133
26 1207
14 1429
14 1297
23 1357
25 1327
27 1064
23 1079
22 1329
18 1250
15 1391
27 1301
17 1348
27 1093
12 1414
20 1341
12 1426
23 1184
13 1196
14 1317
23 1274
19 1080
21 1414
13 1216
21 1459
29 1080
14 1466
18 1260
12 1262
22 1202
12 1008
14 1239
13 1072
18 1312
23 1189
17 1301
25 1148
10 1173
16 1362
11 1401
24 1181
26 1262
14 1074
17 1382
13 1008
17 1219
21 1259
13 1340
28 1407
17 1061
21 1432
23 1323
29 1223
17 1101
20 1439
10 1415
22 1330
12 1295
11 1144
22 1405
15 1406
22 1129
15 1373
24 1461
23 1258
15 1102
11 1353
26 1090
29 1327
18 1071
13 1081
23 1349
11 1355
28 1468
29 1027
12 1253
19 1198
11 1472
17 1025
13 1412
24 1055
10 1469
12 1215
28 1475
25 1232
11 1226
20 1478
13 1275
13 1431
18 1488
25 1041
20 1491
26 1233
15 1333
22 1049
23 1352
18 1435
18 1288
13 1300
10 1493
14 1389
20 1387
16 1278
24 1433
24 1078
20 1466
21 1228
22 1476
17 1058
14 1154
24 1348
19 1463
15 1218
13 1075
24 1182
11 1371
29 1422
24 1094
18 1083
14 1027
24 1142
28 1189
10 1012
21 1046
20 1110
17 1385
24 1191
16 1369
19 1060
29 1193
13 1175
27 1041
23 1270
12 1328
14 1268
19 1051
16 1481
15 1335
20 1347
26 1223
22 1263
21 1340
26 1460
17 1070
25 1209
18 1380
28 1195
18 1011
12 1195
29 1424
16 1458
10 1367
24 1350
15 1475
11 1496
22 1105
15 1024
16 1198
17 1452
14 1390
29 1087
16 1326
12 1451
29 1156
27 1361
24 1144
26 1114
26 1183
16 1233
23 1249
22 1057
27 1352
13 1403
25 1444
14 1301
20 1178
13 1050
21 1316
16 1383
26 1336
17 1227
10 1144
25 1079
20 1281
27 1484
14 1103
15 1299
20 1407
25 1260
12 1461
17 1146
24 1358
10 1428
13 1260
24 1260
29 1082
19 1213
28 1422
17 1486
25 1031
16 1338
12 1269
17 1325
12 1498
18 1043
13 1149
28 1345
29 1229
19 1061
18 1257
26 1340
21 1148
25 1250
16 1290
29 1234
20 1411
25 1230
27 1253
19 1122
12 1455
23 1022
27 1388
23 1459
21 1346
23 1189
18 1298
11 1113
27 1496
29 1407
16 1029
20 1410
18 1242
26 1212
29 1112
25 1115
27 1433
24 1482
13 1323
15 1004
12 1453
15 1452
12 1045
11 1010
24 1451
19 1383
23 1048
19 1491
23 1142
22 1006
27 1226
26 1291
15 1280
12 1332
27 1235
10 1231
24 1076
13 1181
11 1058
28 1490
28 1418
22 1469
28 1139
26 1420
23 1051
18 1359
15 1126
11 1218
14 1397
12 1043
15 1294
18 1424
17 1131
17 1311
21 1368
17 1427
13 1206
20 1029
11 1207
20 1405
20 1348
27 1493
22 1265
18 1213
14 1334
16 1418
11 1058
21 1202
12 1277
17 1122
25 1403
12 1149
18 1472
19 1285
27 1259
27 1095
15 1160
17 1188
18 1211
11 1427
23 1231
10 1198
29 1195
21 1338
29 1179
10 1254
18 1168
18 1455
12 1433
19 1230
12 1104
16 1325
25 1165
15 1408
16 1271
23 1215
15 1134
13 1095
20 1270
25 1194
28 1469
19 1413
23 1398
16 1411
18 1018
29 1191
18 1204
21 1443
17 1477
22 1014
27 1210
12 1035
27 1400
22 1120
21 1135
26 1097
15 1024
27 1357
13 1374
20 1140
21 1084
18 1157
29 1145
22 1044
11 1236
19 1165
19 1162
17 1370
23 1414
11 1066
26 1277
27 1402
27 1050
23 1430
21 1294
12 1297
10 1375
15 1223
26 1108
22 1431
11 1007
28 1063
12 1412
14 1262
27 1086
19 1374
29 1140
24 1019
28 1074
20 1141
26 1368
18 1335
15 1242
29 1000
23 1173
24 1429
18 1339
10 1285
29 1459
17 1312
29 1424
20 1369
16 1216
15 1289
19 1154
18 1308
22 1023
19 1326
18 1452
17 1399
23 1335
22 1169
11 1163
19 1276
27 1369
23 1457
17 1479
10 1378
17 1025
26 1003
11 1070
20 1438
21 1046
18 1064
19 1210
10 1191
15 1320
15 1389
28 1273
21 1138
25 1003
25 1307
23 1285
11 1095
26 1459
12 1431
26 1329
15 1341
28 1484
26 1042
28 1136
12 1438
13 1260
14 1330
25 1015
24 1023
21 1459
27 1268
16 1330
16 1232
10 1378
17 1353
23 1184
14 1198
27 1011
14 1014
28 1285
25 1410
26 1384
13 1008
23 1218
12 1136
15 1115
21 1395
24 1074
23 1311
23 1192
29 1195
10 1180
12 1344
22 1483
20 1268
20 1235
24 1074
14 1078
12 1113
19 1312
27 1251
29 1436
16 1058
24 1424
15 1188
18 1001
15 1284
26 1208
15 1015
24 1397
24 1406
22 1493
16 1218
18 1281
29 1240
28 1458
20 1225
22 1309
25 1383
27 1348
21 1405
18 1458
12 1100
12 1244
15 1277
14 1285
29 1209
11 1308
21 1342
19 1214
12 1215
10 1487
29 1048
12 1384
14 1259
12 1350
21 1397
12 1197
27 1095
21 1385
18 1356
11 1047
16 1284
10 1316
29 1219
17 1373
15 1314
16 1394
29 1488
16 1264
22 1118
17 1271
27 1127
25 1175
21 1372
27 1006
10 1123
20 1153
14 1434
21 1461
12 1343
19 1163
12 1129
19 1401
27 1207
12 1244
10 1306
17 1478
21 1099
24 1189
16 1008
14 1198
19 1012
18 1140
12 1479
20 1455
28 1466
18 1409
27 1409
22 1193
20 1130
26 1148
17 1096
15 1365
10 1039
11 1113
15 1498
13 1068
14 1115
16 1032
19 1378
28 1300
17 1302
11 1066
25 1109
29 1042
17 1095
22 1067
19 1293
29 1015
15 1014
10 1495
12 1378
13 1493
12 1116
14 1485
13 1330
28 1151
15 1048
21 1134
16 1305
13 1027
22 1008
14 1071
14 1493
11 1200
14 1090
14 1261
29 1345
23 1337
12 1235
13 1069
11 1363
19 1273
28 1109
26 1257
24 1067
27 1242
26 1168
10 1144
27 1427
13 1177
20 1287
12 1397
19 1304
15 1462
20 1163
15 1490
16 1274
16 1241
18 1448
18 1005
17 1013
26 1163
21 1256
16 1101
14 1410
15 1368
15 1092
27 1100
16 1208
27 1333
25 1151
27 1036
19 1393
15 1070
22 1155
22 1307
17 1258
25 1176
13 1430
13 1271
26 1020
15 1274
28 1051
26 1182
27 1066
11 1284
11 1221
18 1453
19 1402
23 1346
26 1043
20 1129
14 1120
18 1097
20 1499
19 1228
27 1256
28 1041
15 1247
22 1378
27 1170
29 1403
19 1078
14 1017
15 1165
19 1060
24 1060
12 1102
20 1090
11 1485
28 1017
29 1104
13 1425
27 1407
21 1405
13 1130
10 1203
19 1475
24 1094
22 1207
12 1379
22 1132
12 1484
24 1470
21 1331
28 1161
16 1311
20 1324
23 1041
25 1105
21 1325
11 1157
17 1102
26 1345
21 1224
19 1424
11 1082
27 1351
22 1386
22 1133
13 1247
23 1209
24 1248
22 1053
26 1433
17 1425
24 1020
13 1058
26 1134
16 1045
14 1031
15 1013
21 1081
20 1370
25 1362
24 1069
27 1114
19 1163
11 1193
17 1323
18 1224
25 1015
27 1218
23 1258
29 1339
18 1494
19 1113
12 1105
25 1300
11 1445
17 1306
11 1158
28 1363
20 1074
14 1419
27 1021
19 1153
12 1072
12 1224
12 1350
18 1349
21 1195
22 1073
15 1051
12 1248
25 1179
28 1101
17 1051
19 1313
14 1000
24 1081
21 1167
24 1059
14 1005
29 1260
24 1077
28 1329
22 1031
11 1398
11 1009
25 1082
28 1192
12 1149
21 1248
22 1252
24 1211
19 1206
16 1023
27 1485
27 1085
26 1449
24 1076
25 1121
20 1017
27 1386
27 1311
27 1051
18 1275
29 1270
26 1436
23 1101
12 1322
22 1369
23 1309
11 1187
19 1011
22 1481
21 1326
11 1017
29 1013
12 1047
15 1348
15 1258
21 1415
27 1333
12 1310
29 1393
27 1015
24 1050
19 1127
11 1422
28 1493
25 1283
22 1336
18 1000
11 1196
21 1283
10 1448
17 1288
11 1132
18 1084
29 1268
22 1111
19 1080
14 1026
18 1058
21 1372
21 1322
19 1253
26 1258
21 1029
25 1281
17 1212
15 1289
24 1057
23 1465
10 1319
12 1265
12 1037
26 1416
16 1140
22 1336
16 1457
21 1039
22 1424
12 1077
28 1364
19 1499
18 1241
17 1004
29 1340
28 1349
18 1048
20 1240
16 1023
20 1413
26 1380
21 1399
25 1014
20 1035
20 1407
17 1095
17 1467
14 1064
15 1333
18 1370
19 1043
22 1448
26 1220
20 1496
15 1289
20 1431
11 1495
19 1249
15 1317
25 1320
25 1209
12 1047
16 1406
29 1340
22 1143
19 1372
12 1068
26 1468
20 1060
21 1320
15 1363
18 1143
15 1470
21 1036
10 1118
14 1037
29 1371
25 1388
26 1056
25 1426
26 1276
20 1381
24 1062
24 1138
16 1176
29 1295
10 1053
19 1094
25 1001
18 1011
17 1029
24 1415
26 1162
17 1156
25 1126
25 1271
25 1390
20 1217
15 1109
26 1400
26 1175
13 1392
16 1080
22 1403
20 1375
11 1209
27 1045
15 1200
15 1140
17 1473
25 1086
17 1454
18 1349
17 1482
20 1137
15 1172
10 1493
17 1094
26 1173
16 1154
20 1138
25 1301
26 1492
14 1286
16 1480
10 1228
16 1124
21 1207
14 1415
26 1182
16 1073
27 1443
13 1298
29 1445
26 1486
20 1267
24 1024
19 1218
29 1383
27 1298
13 1232
11 1448
15 1073
21 1248
19 1266
18 1452
24 1417
26 1369
15 1122
25 1163
23 1311
11 1079
22 1343
23 1317
21 1128
10 1316
21 1433
21 1462
22 1013
23 1264
21 1413
16 1191
20 1308
22 1292
29 1249
20 1053
29 1236
22 1174
13 1343
26 1312
24 1481
10 1189
28 1225
11 1047
19 1080
15 1035
18 1043
12 1462
13 1225
26 1207
24 1271
27 1172
22 1153
23 1110
13 1131
12 1081
24 1197
10 1439
24 1268
17 1195
11 1262
17 1066
15 1265
21 1338
24 1368
23 1460
13 1305
26 1302
29 1455
23 1202
19 1255
22 1423
23 1037
29 1470
11 1212
13 1350
22 1020
12 1426
21 1420
25 1398
12 1209
11 1389
17 1331
13 1017
16 1249
24 1314
23 1211
18 1226
21 1296
10 1495
20 1371
11 1486
10 1016
22 1089
28 1065
23 1004
28 1416
28 1390
26 1057
17 1204
10 1226
22 1465
18 1103
25 1096
12 1108
25 1324
12 1333
24 1288
23 1243
25 1421
13 1178
13 1241
19 1006
19 1011
22 1241
13 1078
28 1473
20 1442
18 1194
20 1279
18 1132
10 1137
13 1134
19 1364
16 1249
28 1254
10 1110
25 1308
11 1454
17 1073
23 1185
10 1440
22 1403
23 1313
22 1472
19 1249
25 1231
24 1417
13 1297
22 1261
18 1147
24 1426
25 1318
24 1058
28 1038
19 1218
29 1384
15 1046
19 1275
10 1024
12 1301
18 1440
16 1423
28 1222
14 1219
24 1119
15 1394
16 1183
15 1047
19 1136
12 1221
25 1122
12 1372
16 1299
16 1435
28 1049
28 1077
28 1493
23 1393
17 1398
26 1198
23 1115
14 1119
10 1363
25 1400
16 1314
10 1250
16 1260
26 1463
19 1207
24 1040
10 1413
13 1112
25 1152
21 1070
13 1407
20 1274
17 1279
27 1387
17 1144
12 1456
22 1464
14 1199
10 1105
25 1211
29 1262
11 1278
12 1176
28 1120
10 1135
11 1025
22 1179
20 1335
11 1203
20 1309
22 1445
23 1433
23 1333
28 1374
10 1334
29 1365
21 1009
28 1005
25 1350
20 1122
10 1001
16 1126
17 1461
24 1100
27 1440
23 1496
11 1000
13 1114
19 1468
22 1161
14 1280
24 1143
11 1412
11 1405
24 1135
21 1455
16 1308
27 1190
14 1454
15 1106
15 1216
24 1151
28 1153
21 1237
21 1299
11 1026
24 1279
10 1339
22 1307
11 1253
24 1396
18 1153
20 1457
26 1191
28 1085
15 1141
24 1322
29 1183
24 1292
26 1437
23 1405
23 1165
16 1297
28 1337
21 1355
10 1400
26 1390
23 1064
23 1219
22 1498
10 1081
23 1148
11 1334
20 1495
25 1268
21 1349
20 1072
25 1285
25 1485
10 1387
22 1114
26 1404
24 1050
16 1408
24 1421
24 1483
27 1133
19 1118
22 1449
19 1368
21 1334
16 1429
15 1365
15 1271
28 1081
27 1393
20 1445
10 1007
23 1404
11 1438
14 1343
10 1242
16 1093
10 1190
21 1041
11 1292
15 1222
17 1422
14 1181
19 1053
15 1027
27 1132
22 1266
15 1178
20 1183
20 1296
23 1393
16 1105
28 1032
18 1170
21 1369
19 1358
13 1488
10 1046
22 1069
22 1378
20 1060
13 1096
10 1339
28 1026
26 1072
24 1070
26 1414
22 1169
18 1135
19 1292
17 1413
17 1391
25 1182
23 1227
17 1423
12 1351
11 1177
18 1393
16 1246
12 1125
10 1395
25 1392
22 1017
22 1461
13 1224
27 1286
29 1465
22 1438
22 1072
29 1285
25 1289
22 1011
11 1274
22 1224
22 1285
16 1058
17 1020
12 1300
16 1275
15 1430
28 1272
14 1254
10 1376
25 1377
13 1050
23 1239
28 1239
19 1128
14 1281
20 1255
29 1352
14 1040
20 1419
22 1178
11 1463
12 1313
29 1333
19 1218
15 1145
27 1395
29 1415
16 1300
28 1392
21 1312
22 1458
25 1097
28 1176
14 1169
16 1215
19 1458
17 1436
18 1497
15 1414
11 1256
29 1290
14 1330
25 1155
24 1406
21 1064
22 1000
21 1136
22 1339
13 1302
20 1056
27 1392
27 1453
19 1045
24 1453
13 1295
16 1384
10 1002
26 1284
19 1321
16 1191
21 1438
17 1366
11 1361
13 1083
11 1230
14 1164
10 1083
12 1124
25 1325
22 1107
19 1091
18 1173
17 1072
13 1010
10 1011
26 1346
20 1389
18 1382
17 1368
21 1219
28 1147
20 1389
11 1133
27 1168
16 1034
19 1400
11 1229
25 1159
29 1135
19 1114
21 1236
24 1146
29 1232
28 1408
15 1499
24 1224
25 1486
26 1266
27 1373
25 1136
24 1169
11 1481
18 1165
19 1334
18 1431
23 1272
25 1449
11 1313
24 1254
23 1171
15 1280
19 1411
28 1010
26 1488
17 1065
10 1413
19 1391
18 1176
12 1333
19 1395
11 1163
23 1079
19 1131
21 1361
22 1467
16 1170
15 1044
20 1076
17 1042
24 1414
25 1491
23 1309
21 1187
12 1414
26 1102
13 1494
17 1037
20 1164
16 1026
12 1189
25 1283
21 1072
23 1224
29 1158
21 1489
10 1163
22 1395
10 1328
18 1090
13 1351
24 1288
23 1254
20 1163
22 1163
22 1383
12 1094
22 1225
21 1381
14 1279
29 1059
19 1342
16 1155
17 1389
11 1201
29 1457
14 1079
19 1268
12 1011
23 1205
20 1496
17 1315
22 1275
26 1037
22 1032
19 1161
23 1060
16 1048
14 1005
15 1005
11 1212
10 1160
20 1391
16 1018
13 1182
13 1078
15 1149
27 1087
22 1249
12 1384
18 1333
26 1256
10 1281
17 1103
29 1265
14 1092
22 1052
20 1155
19 1078
14 1045
27 1265
26 1103
25 1060
26 1014
23 1241
10 1314
20 1391
15 1124
25 1442
25 1158
17 1398
29 1014
17 1467
12 1172
25 1448
18 1486
27 1205
21 1346
25 1323
27 1235
14 1211
29 1060
16 1233
24 1341
12 1078
17 1039
17 1258
14 1287
27 1063
15 1283
10 1073
12 1356
16 1396
15 1308
12 1157
16 1184
12 1027
29 1187
17 1211
12 1009
20 1469
17 1219
11 1206
16 1389
21 1145
12 1378
28 1487
11 1415
11 1151
14 1344
23 1053
25 1197
24 1170
22 1361
15 1232
11 1352
24 1137
14 1356
23 1041
12 1169
19 1068
24 1143
27 1226
11 1496
27 1380
29 1103
14 1419
28 1266
15 1374
10 1334
11 1402
25 1185
25 1042
20 1134
15 1466
10 1017
20 1400
21 1410
13 1063
20 1391
16 1347
14 1450
24 1274
27 1153
24 1210
10 1348
13 1228
18 1222
29 1424
21 1394
28 1359
17 1221
22 1422
16 1466
18 1457
24 1120
21 1492
26 1365
29 1472
15 1059
29 1461
17 1227
20 1006
17 1020
14 1355
18 1128
14 1248
23 1022
26 1358
19 1170
13 1070
22 1288
20 1051
27 1271
28 1091
10 1254
27 1297
28 1372
21 1345
15 1118
28 1174
21 1445
13 1043
19 1333
13 1146
16 1404
18 1485
23 1423
29 1315
21 1065
26 1321
29 1288
21 1136
17 1472
18 1190
28 1304
12 1009
18 1488
21 1267
29 1258
26 1301
16 1195
29 1400
19 1137
24 1205
14 1099
29 1251
13 1329
18 1489
25 1300
26 1326
15 1344
10 1236
22 1038
23 1054
19 1386
13 1263
29 1439
20 1444
22 1246
19 1397
20 1224
15 1327
11 1086
15 1299
26 1223
10 1082
12 1007
27 1425
23 1457
12 1400
14 1225
29 1192
12 1373
21 1243
14 1346
22 1387
28 1281
18 1140
21 1372
28 1438
23 1036
27 1262
18 1491
17 1309
26 1144
10 1042
24 1173
20 1188
10 1345
28 1495
18 1369
20 1321
20 1102
27 1270
25 1409
17 1041
14 1452
11 1006
11 1148
23 1078
10 1101
10 1128
16 1214
11 1138
25 1311
16 1113
24 1223
24 1221
15 1321
23 1149
18 1483
13 1068
26 1257
22 1393
24 1247
16 1468
22 1277
19 1179
21 1359
17 1213
15 1167
25 1120
25 1459
23 1276
14 1480
16 1305
15 1003
23 1416
26 1352
18 1291
29 1415
26 1191
11 1178
14 1117
12 1109
17 1463
25 1100
28 1171
11 1466
17 1355
11 1050
14 1127
15 1424
20 1456
10 1279
20 1334
28 1007
29 1260
13 1186
14 1008
10 1324
26 1356
29 1210
18 1408
21 1006
14 1370
26 1480
19 1322
27 1297
24 1197
13 1487
28 1462
20 1464
13 1427
27 1345
25 1172
13 1016
28 1378
13 1364
29 1104
19 1301
19 1221
16 1081
21 1181
22 1182
12 1408
22 1118
28 1395
19 1280
11 1025
28 1101
28 1295
16 1309
20 1493
21 1099
17 1485
22 1483
24 1329
12 1436
10 1073
28 1320
12 1218
15 1431
24 1193
20 1034
15 1425
16 1165
12 1230
23 1245
26 1233
24 1214
10 1164
17 1422
11 1228
12 1262
10 1341
14 1332
21 1374
17 1453
13 1462
22 1006
12 1320
17 1308
17 1451
10 1148
11 1378
10 1251
12 1036
24 1013
16 1362
25 1293
18 1191
19 1273
12 1294
27 1295
21 1106
15 1478
28 1488
27 1468
14 1383
14 1373
27 1363
15 1366
18 1224
12 1059
19 1077
22 1051
26 1253
26 1446
29 1222
10 1346
24 1438
19 1463
21 1410
19 1052
22 1411
29 1028
26 1056
23 1175
20 1130
10 1376
21 1178
25 1026
22 1183
14 1462
26 1145
23 1413
22 1353
12 1272
25 1114
22 1388
25 1195
21 1422
21 1429
15 1336
17 1195
14 1324
11 1476
27 1484
14 1477
21 1182
12 1216
18 1370
26 1471
22 1282
17 1265
12 1449
26 1310
22 1372
27 1455
16 1029
17 1289
23 1359
29 1453
11 1319
15 1315
23 1181
26 1148
18 1480
11 1383
17 1462
29 1342
15 1130
29 1191
23 1094
17 1457
19 1286
17 1127
11 1315
12 1384
25 1043
10 1242
13 1225
28 1194
26 1176
20 1129
10 1230
23 1413
19 1023
16 1342
20 1331
28 1441
16 1238
19 1093
16 1307
20 1284
15 1375
13 1379
26 1215
11 1186
17 1026
21 1105
25 1104
23 1031
13 1134
14 1448
15 1201
12 1016
12 1365
10 1056
14 1127
29 1118
24 1160
23 1193
17 1083
19 1203
12 1238
23 1003
21 1392
24 1256
10 1328
19 1417
11 1379
12 1350
19 1266
18 1104
28 1161
11 1019
25 1135
12 1238
28 1376
18 1075
13 1201
16 1488
15 1188
12 1446
13 1101
18 1132
24 1205
11 1142
10 1332
24 1023
23 1225
26 1495
19 1445
16 1005
18 1435
12 1361
20 1089
10 1179
18 1344
19 1486
13 1053
12 1317
14 1253
13 1318
13 1059
28 1185
19 1332
22 1216
10 1012
26 1061
13 1077
29 1170
18 1188
16 1305
28 1329
12 1342
19 1488
15 1344
29 1116
26 1046
20 1010
22 1472
17 1236
20 1492
22 1445
16 1435
13 1387
29 1451
14 1316
21 1157
15 1108
14 1185
18 1004
28 1302
13 1416
18 1093
24 1437
27 1141
17 1293
15 1083
21 1115
19 1154
10 1438
11 1153
15 1042
23 1114
14 1116
10 1049
14 1160
16 1259
29 1238
12 1310
28 1402
13 1458
21 1060
18 1067
18 1284
26 1121
20 1178
14 1190
12 1183
11 1150
13 1193
16 1393
20 1000
13 1298
25 1194
12 1179
27 1321
11 1063
19 1122
22 1112
20 1082
13 1261
18 1204
14 1087
27 1050
25 1458
24 1368
22 1129
15 1024
15 1358
16 1472
18 1362
12 1221
23 1221
24 1129
19 1464
29 1382
18 1297
11 1352
25 1135
28 1289
17 1008
16 1462
11 1386
24 1459
26 1102
14 1062
20 1182
13 1048
23 1446
21 1288
11 1332
12 1104
28 1267
26 1132
17 1119
11 1054
14 1403
25 1117
21 1305
16 1440
19 1221
13 1333
14 1153
27 1384
29 1195
10 1350
24 1488
20 1023
20 1178
23 1029
22 1373
28 1309
16 1103
25 1214
22 1068
26 1353
14 1224
22 1452
10 1318
19 1355
25 1313
22 1449
13 1179
28 1037
21 1000
23 1019
22 1404
14 1474
11 1074
15 1035
20 1128
23 1265
22 1391
23 1447
24 1025
13 1302
18 1424
23 1153
12 1149
24 1125
26 1312
29 1289
14 1110
17 1070
15 1292
10 1343
16 1225
27 1012
14 1045
12 1413
19 1332
18 1074
19 1415
16 1393
24 1127
21 1249
27 1457
25 1067
10 1184
23 1131
12 1444
10 1396
15 1169
13 1081
27 1189
11 1162
19 1304
19 1272
17 1467
23 1001
12 1413
28 1139
28 1241
17 1152
17 1347
15 1436
13 1194
20 1483
13 1446
28 1047
22 1259
15 1232
15 1376
16 1330
21 1007
17 1268
24 1118
17 1231
16 1313
10 1384
26 1324
27 1376
26 1135
22 1387
16 1450
10 1077
19 1236
20 1099
18 1046
16 1006
10 1031
17 1206
13 1298
23 1115
14 1421
20 1414
10 1090
26 1037
13 1188
15 1158
15 1493
27 1047
20 1472
19 1399
22 1047
29 1394
13 1460
21 1243
21 1159
10 1117
25 1289
23 1374
29 1180
13 1452
24 1325
22 1045
29 1277
16 1322
22 1294
16 1069
26 1364
21 1495
22 1010
16 1110
10 1027
15 1067
16 1440
21 1064
29 1471
26 1293
25 1492
20 1192
19 1495
25 1471
14 1196
27 1377
14 1317
26 1022
29 1446
14 1026
16 1392
28 1398
20 1172
15 1477
17 1486
22 1221
27 1458
17 1206
24 1095
24 1086
25 1218
10 1435
27 1118
10 1087
26 1119
12 1467
26 1064
29 1115
28 1160
25 1062
10 1496
28 1296
16 1186
11 1290
17 1431
18 1413
27 1487
20 1335
11 1344
26 1433
24 1305
16 1340
17 1010
13 1182
10 1150
18 1142
23 1435
23 1382
22 1279
23 1239
27 1104
21 1426
20 1117
11 1197
12 1404
22 1110
19 1377
18 1460
18 1199
21 1239
14 1021
14 1401
20 1422
14 1341
14 1494
24 1005
18 1351
17 1026
23 1357
29 1214
28 1391
19 1330
19 1194
20 1093
18 1329
26 1258
15 1446
17 1002
15 1009
27 1491
29 1274
22 1287
21 1058
27 1327
27 1351
16 1328
27 1186
21 1426
16 1455
20 1060
16 1024
13 1220
21 1443
20 1430
23 1020
15 1427
16 1219
11 1349
23 1184
13 1308
14 1192
16 1070
27 1457
17 1460
19 1320
19 1228
28 1240
25 1041
19 1233
22 1121
21 1131
10 1202
16 1378
28 1053
28 1307
16 1084
11 1025
11 1337
16 1401
19 1075
12 1453
10 1459
12 1421
18 1458
25 1337
10 1050
18 1003
12 1408
26 1316
11 1366
13 1355
28 1023
20 1291
26 1040
18 1394
23 1303
21 1363
19 1126
27 1495
13 1376
24 1125
28 1178
16 1233
28 1470
12 1179
14 1117
11 1341
20 1496
14 1074
24 1036
22 1291
11 1064
27 1442
21 1372
25 1051
23 1135
11 1387
16 1094
24 1445
26 1151
10 1339
19 1288
12 1227
22 1435
11 1456
28 1235
27 1210
15 1009
19 1033
25 1343
15 1417
13 1093
21 1282
19 1351
24 1049
25 1315
24 1070
28 1374
19 1229
18 1195
20 1194
22 1476
19 1083
16 1262
23 1396
18 1130
14 1237
25 1355
19 1144
19 1209
13 1109
13 1368
16 1331
25 1137
15 1179
27 1090
13 1434
12 1169
12 1002
12 1067
22 1004
14 1139
15 1240
17 1275
21 1492
22 1346
16 1342
21 1396
28 1437
14 1204
20 1086
10 1415
28 1455
11 1010
26 1019
29 1403
22 1165
11 1129
29 1173
21 1487
16 1336
16 1218
20 1215
27 1061
15 1364
25 1263
10 1282
18 1228
13 1297
23 1183
29 1182
18 1008
15 1166
17 1292
21 1445
20 1375
19 1142
10 1121
27 1352
17 1456
22 1469
27 1384
12 1265
12 1120
22 1401
24 1025
15 1050
24 1341
17 1218
24 1070
18 1256
27 1473
12 1249
10 1025
21 1174
16 1344
28 1118
13 1376
16 1306
14 1146
10 1078
12 1029
19 1164
26 1174
26 1460
24 1027
16 1130
17 1293
19 1371
25 1199
27 1471
26 1319
24 1432
28 1216
11 1049
20 1322
16 1478
23 1160
23 1438
29 1376
15 1072
14 1439
25 1208
25 1114
13 1368
13 1135
23 1413
21 1303
25 1355
17 1378
27 1046
24 1089
22 1113
12 1419
12 1115
18 1373
11 1417
17 1139
24 1082
11 1378
11 1199
13 1133
15 1099
12 1463
20 1093
29 1379
21 1477
14 1029
29 1425
19 1160
11 1155
16 1011
11 1001
20 1479
26 1188
19 1322
12 1202
16 1396
23 1076
12 1422
13 1485
21 1248
18 1219
11 1478
10 1379
10 1432
11 1395
24 1480
28 1283
16 1301
14 1464
19 1461
14 1060
19 1345
12 1026
25 1071
13 1405
19 1440
26 1301
27 1099
16 1483
19 1469
18 1201
16 1413
15 1042
22 1403
15 1210
27 1050
19 1393
21 1186
10 1407
28 1392
25 1031
18 1246
28 1368
18 1396
26 1094
24 1201
19 1156
21 1407
29 1011
27 1125
20 1023
22 1047
20 1046
24 1171
24 1383
20 1392
14 1163
16 1467
20 1376
16 1464
27 1198
18 1478
15 1254
10 1247
28 1406
29 1013
29 1047
14 1204
28 1454
27 1310
23 1346
12 1490
22 1300
26 1352
18 1321
20 1336
19 1178
24 1321
15 1378
14 1126
13 1463
11 1445
28 1390
17 1293
17 1136
20 1490
28 1464
13 1003
26 1430
20 1375
23 1291
10 1376
26 1264
11 1001
16 1356
23 1460
11 1447
27 1044
22 1037
11 1176
22 1274
15 1012
23 1312
14 1475
11 1071
29 1207
22 1145
11 1080
19 1390
11 1059
13 1161
26 1058
23 1323
28 1308
27 1248
10 1051
19 1201
14 1249
16 1288
23 1017
27 1497
14 1042
17 1136
12 1392
14 1286
12 1012
13 1123
20 1439
16 1295
21 1017
24 1373
25 1351
19 1258
12 1003
10 1491
19 1030
18 1077
28 1493
10 1370
11 1085
20 1432
19 1141
21 1159
28 1104
15 1198
21 1384
28 1084
26 1297
29 1459
13 1325
27 1016
15 1045
14 1027
19 1135
21 1408
18 1354
19 1019
19 1049
18 1053
14 1236
11 1186
15 1357
10 1320
29 1236
27 1049
23 1482
27 1346
10 1419
18 1180
26 1387
27 1007
10 1093
22 1060
11 1145
12 1390
17 1118
16 1395
21 1496
25 1001
10 1201
29 1134
12 1230
19 1227
17 1100
20 1153
24 1193
24 1351
26 1127
19 1368
17 1025
13 1384
12 1306
11 1025
10 1133
25 1377
15 1077
18 1258
12 1130
17 1202
11 1290
21 1270
10 1313
10 1444
10 1226
28 1190
25 1385
23 1473
23 1053
11 1448
11 1103
24 1088
25 1214
29 1056
22 1298
17 1096
28 1278
11 1377
24 1462
27 1024
16 1228
10 1315
20 1073
10 1407
21 1340
27 1475
18 1284
16 1256
14 1191
18 1301
21 1487
24 1315
15 1105
13 1440
17 1450
21 1262
18 1087
20 1481
20 1193
26 1426
21 1119
27 1014
14 1323
11 1259
17 1310
16 1068
13 1178
16 1194
14 1093
10 1041
14 1216
23 1259
21 1034
10 1183
18 1208
15 1226
15 1373
23 1492
24 1199
18 1275
23 1259
10 1113
19 1147
15 1108
17 1183
23 1406
26 1119
19 1018
26 1029
15 1111
20 1178
12 1347
14 1388
13 1459
14 1152
25 1072
14 1331
13 1004
24 1062
29 1474
13 1389
26 1179
15 1343
23 1033
19 1175
25 1331
10 1213
18 1379
22 1460
27 1076
13 1406
22 1312
10 1484
20 1402
24 1391
23 1462
15 1104
24 1396
20 1214
15 1180
21 1329
27 1439
19 1455
16 1139
29 1032
22 1170
19 1216
11 1151
24 1048
24 1028
16 1223
13 1480
13 1363
25 1349
25 1079
21 1200
16 1079
20 1432
28 1099
12 1488
18 1208
18 1438
19 1432
18 1060
25 1429
22 1164
16 1454
11 1326
10 1055
16 1125
24 1236
17 1194
12 1301
14 1366
16 1416
12 1400
12 1240
23 1466
20 1173
29 1047
28 1121
13 1181
12 1322
27 1310
12 1103
13 1079
11 1330
27 1485
14 1292
22 1420
19 1231
17 1079
28 1354
24 1061
20 1171
21 1143
28 1176
13 1132
12 1487
28 1456
24 1416
17 1458
11 1260
14 1398
18 1023
29 1080
13 1166
23 1224
11 1470
28 1026
17 1340
19 1069
29 1079
24 1354
20 1156
29 1298
20 1428
21 1207
20 1203
12 1311
11 1215
29 1018
11 1361
29 1151
12 1428
18 1443
28 1014
13 1208
27 1484
24 1387
25 1327
14 1251
12 1071
23 1012
11 1437
14 1403
22 1071
21 1128
20 1450
12 1140
18 1258
13 1101
21 1471
27 1063
25 1442
23 1032
11 1236
11 1479
21 1299
23 1189
15 1108
22 1196
24 1447
17 1295
16 1209
27 1254
10 1487
25 1476
15 1268
14 1194
11 1025
12 1325
21 1290
18 1110
15 1449
24 1103
18 1381
14 1083
27 1399
18 1112
12 1273
15 1460
21 1324
18 1022
15 1045
14 1305
28 1125
25 1196
21 1431
24 1337
20 1475
22 1441
29 1309
15 1058
25 1325
26 1182
29 1318
27 1241
18 1203
18 1179
22 1254
21 1267
11 1281
13 1352
18 1121
26 1055
22 1001
16 1190
26 1164
24 1122
28 1480
20 1141
12 1133
28 1382
25 1298
14 1187
12 1136
11 1449
26 1361
22 1177
24 1215
21 1101
18 1472
18 1416
26 1084
16 1201
23 1259
11 1228
16 1340
26 1008
28 1213
27 1487
14 1465
15 1167
18 1048
16 1227
10 1009
22 1310
23 1379
13 1035
24 1089
29 1168
16 1010
10 1212
27 1082
12 1380
25 1329
21 1196
28 1249
17 1068
16 1299
10 1150
18 1165
24 1314
26 1402
11 1005
20 1346
22 1071
12 1037
25 1181
25 1274
13 1026
23 1008
29 1231
21 1139
19 1333
27 1233
20 1306
20 1484
19 1159
25 1381
17 1400
28 1104
29 1300
16 1383
15 1203
23 1288
14 1144
19 1363
18 1251
16 1236
14 1313
11 1436
24 1343
14 1429
23 1041
29 1307
26 1163
26 1469
26 1375
26 1367
14 1099
16 1223
29 1483
23 1182
27 1341
20 1437
15 1480
16 1008
29 1454
24 1262
18 1198
17 1476
19 1321
16 1297
14 1061
20 1166
19 1071
15 1153
27 1095
14 1064
23 1105
14 1343
15 1088
13 1431
10 1387
29 1201
23 1254
10 1460
10 1478
21 1012
22 1247
26 1308
23 1302
21 1051
29 1396
11 1497
23 1026
28 1014
25 1447
15 1382
21 1140
19 1426
15 1439
21 1181
23 1196
25 1337
28 1084
28 1218
23 1162
26 1071
19 1080
23 1387
27 1279
14 1059
16 1168
23 1306
22 1008
22 1270
13 1456
25 1434
11 1168
13 1461
25 1364
15 1473
10 1088
25 1054
11 1106
23 1403
25 1143
11 1417
18 1448
17 1149
18 1131
28 1275
16 1281
11 1480
17 1487
17 1100
18 1156
28 1485
21 1119
29 1426
23 1220
26 1082
13 1129
25 1127
29 1299
27 1046
11 1106
20 1497
27 1000
16 1038
25 1029
17 1220
15 1298
15 1341
11 1098
25 1212
20 1340
11 1485
28 1336
18 1439
21 1337
18 1193
25 1068
17 1037
27 1277
29 1441
23 1282
18 1034
20 1498
13 1450
27 1441
24 1240
21 1399
22 1119
21 1437
20 1109
13 1396
18 1223
28 1267
25 1054
16 1110
23 1203
23 1136
16 1406
22 1317
21 1430
13 1099
17 1352
12 1071
18 1476
24 1338
25 1053
26 1143
21 1227
22 1321
20 1424
28 1466
14 1356
24 1279
14 1310
10 1269
10 1358
29 1407
14 1079
27 1463
15 1175
15 1425
25 1099
27 1095
19 1441
13 1432
10 1464
14 1045
10 1333
16 1474
15 1187
19 1250
11 1314
13 1186
28 1499
14 1236
23 1365
25 1363
10 1368
24 1219
19 1022
29 1370
11 1467
24 1233
23 1427
21 1110
12 1385
25 1121
18 1300
29 1476
20 1277
24 1033
26 1176
28 1491
20 1472
25 1162
19 1359
12 1191
28 1340
13 1165
26 1406
13 1309
11 1005
15 1340
18 1273
26 1391
20 1447
28 1309
20 1095
15 1067
15 1065
15 1234
14 1372
27 1228
14 1041
10 1349
17 1308
27 1254
15 1450
23 1133
11 1024
29 1153
23 1496
23 1488
21 1001
22 1005
17 1449
18 1028
10 1129
15 1050
21 1265
24 1234
12 1236
16 1471
24 1016
10 1346
28 1467
11 1320
14 1270
27 1221
25 1208
22 1148
12 1294
12 1053
15 1142
24 1327
22 1462
26 1266
15 1020
21 1285
10 1399
27 1481
24 1495
24 1381
24 1035
13 1448
24 1041
19 1325
23 1038
15 1113
28 1332
16 1419
15 1313
19 1076
28 1367
15 1239
15 1192
11 1479
10 1294
15 1457
16 1445
13 1346
15 1058
24 1143
20 1181
18 1456
13 1085
28 1443
20 1355
17 1499
21 1056
23 1362
26 1431
24 1048
19 1282
21 1221
23 1075
16 1392
10 1147
23 1483
18 1342
29 1015
10 1003
25 1090
15 1332
29 1461
19 1213
21 1123
11 1301
21 1195
12 1400
20 1298
27 1382
22 1349
10 1408
13 1488
27 1026
26 1454
19 1228
12 1306
25 1285
29 1139
12 1050
21 1081
11 1475
24 1469
29 1097
12 1279
13 1345
17 1392
14 1045
10 1016
26 1172
11 1002
12 1188
14 1062
14 1188
15 1295
17 1128
24 1382
25 1214
19 1035
12 1437
26 1475
10 1149
23 1114
24 1410
13 1025
14 1043
20 1318
28 1247
13 1115
25 1091
16 1471
22 1077
12 1284
23 1322
10 1160
28 1115
15 1096
14 1190
15 1430
13 1074
24 1419
24 1213
29 1439
23 1064
22 1250
27 1360
10 1211
23 1424
10 1032
22 1234
15 1199
23 1448
27 1219
18 1181
12 1426
10 1069
26 1447
14 1442
12 1257
14 1194
17 1497
27 1323
20 1464
25 1461
28 1266
11 1392
28 1275
10 1439
18 1234
17 1297
21 1182
22 1405
27 1345
22 1454
16 1111
19 1395
27 1484
14 1222
20 1286
28 1268
20 1492
16 1436
16 1198
24 1285
12 1008
11 1452
21 1415
23 1279
16 1007
24 1440
28 1237
21 1389
10 1421
23 1279
19 1204
24 1212
25 1187
19 1041
12 1200
29 1049
18 1423
11 1341
16 1016
13 1086
29 1062
21 1126
28 1170
29 1320
13 1211
20 1306
17 1006
26 1476
15 1396
28 1173
27 1165
19 1218
11 1378
27 1425
13 1109