6800 5000
22 1079
26 1332
22 1180
28 1192
17 1084
17 1458
25 1112
18 1114
14 1395
16 1492
26 1496
10 1200
20 1177
23 1405
20 1346
20 1111
25 1495
19 1394
10 1455
15 1173
15 1407
19 1456
18 1452
19 1161
18 1304
21 1405
15 1351
28 1235
27 1080
10 1207
23 1132
10 1258
23 1369
15 1222
28 1483
20 1230
10 1071
14 1025
24 1464
11 1427
19 1306
19 1017
22 1473
19 1396
21 1460
16 1339
13 1100
23 1267
17 1030
16 1154
26 1375
29 1100
29 1219
15 1484
16 1464
16 1086
10 1381
12 1305
15 1365
10 1177
17 1050
24 1089
19 1128
24 1493
25 1311
13 1359
15 1034
28 1334
29 1156
17 1224
14 1198
16 1245
15 1418
10 1476
26 1097
15 1172
27 1145
10 1160
27 1303
22 1406
14 1425
20 1197
18 1031
11 1074
12 1291
10 1171
14 1139
21 1329
21 1174
12 1139
14 1022
19 1323
14 1398
10 1446
23 1323
27 1422
29 1401
27 1438
21 1343
18 1046
23 1035
11 1208
26 1019
23 1428
18 1048
15 1011
11 1037
15 1158
29 1217
11 1027
11 1100
21 1119
11 1354
18 1228
29 1385
18 1447
24 1389
15 1001
10 1106
12 1488
29 1278
10 1111
25 1318
23 1154
16 1220
21 1179
21 1203
17 1137
10 1423
26 1485
13 1408
13 1196
21 1124
22 1282
26 1207
29 1092
24 1447
27 1421
22 1453
18 1011
15 1497
15 1349
13 1462
11 1188
27 1334
11 1006
28 1252
19 1224
21 1303
20 1436
19 1174
15 1366
29 1464
28 1321
10 1172
11 1022
19 1099
28 1398
23 1072
29 1251
29 1438
25 1067
23 1341
18 1007
11 1251
12 1191
24 1399
11 1492
18 1077
26 1016
18 1180
17 1052
25 1168
19 1495
12 1265
24 1069
28 1403
29 1261
23 1001
15 1346
27 1402
25 1284
15 1397
22 1165
26 1077
28 1165
22 1324
26 1453
10 1196
29 1425
16 1123
20 1354
22 1057
10 1137
28 1036
26 1268
11 1372
21 1237
23 1151
24 1218
23 1185
17 1395
21 1220
20 1490
22 1350
14 1298
29 1300
23 1194
13 1102
29 1012
11 1447
26 1313
16 1272
12 1003
14 1211
28 1349
19 1090
17 1161
20 1010
21 1004
26 1109
13 1457
20 1251
12 1074
22 1024
10 1277
25 1404
26 1062
13 1092
18 1083
13 1223
29 1308
13 1248
16 1082
14 1018
23 1041
25 1271
26 1165
28 1161
12 1214
11 1102
19 1016
16 1088
22 1307
11 1123
18 1434
17 1176
28 1295
15 1476
12 1395
13 1225
11 1493
23 1249
22 1002
27 1474
24 1338
26 1290
15 1108
29 1325
28 1463
16 1010
21 1388
15 1320
27 1486
20 1419
19 1234
15 1397
28 1408
17 1113
28 1318
14 1336
25 1068
10 1174
13 1017
18 1135
10 1364
11 1175
19 1102
18 1308
24 1292
27 1297
16 1257
20 1420
17 1080
26 1013
26 1026
22 1285
24 1463
15 1321
28 1432
10 1374
28 1028
13 1457
14 1229
25 1307
20 1478
29 1361
19 1213
13 1088
28 1440
14 1378
16 1235
15 1184
26 1383
12 1135
27 1249
17 1082
23 1305
11 1330
21 1366
26 1456
20 1466
10 1254
12 1153
14 1204
29 1303
25 1016
14 1340
22 1043
16 1234
14 1082
16 1439
17 1420
25 1285
14 1081
14 1080
28 1288
27 1412
10 1476
14 1149
29 1407
16 1354
18 1153
24 1028
15 1358
10 1244
27 1181
14 1388
10 1296
23 1140
13 1194
11 1308
16 1024
27 1118
22 1428
13 1313
24 1395
27 1153
27 1023
12 1260
29 1211
22 1395
16 1200
23 1460
12 1324
22 1018
17 1135
28 1435
24 1479
10 1306
20 1474
24 1175
16 1220
20 1026
13 1329
12 1079
16 1383
17 1225
27 1119
17 1371
22 1069
21 1479
17 1070
13 1152
14 1017
17 1272
22 1366
10 1046
28 1126
22 1313
24 1126
18 1498
25 1122
24 1210
15 1347
24 1269
26 1289
21 1005
15 1452
27 1377
29 1058
27 1038
11 1439
18 1180
22 1441
26 1155
10 1483
21 1366
26 1289
27 1474
26 1102
28 1206
14 1316
20 1132
15 1188
20 1339
26 1363
29 1119
12 1451
20 1425
27 1054
13 1114
26 1435
26 1217
11 1419
29 1373
12 1197
27 1355
16 1431
26 1357
13 1278
15 1171
27 1144
19 1275
14 1349
22 1238
14 1280
22 1407
16 1053
10 1475
27 1184
23 1120
19 1459
11 1318
18 1117
13 1432
23 1091
25 1142
17 1313
22 1462
25 1261
29 1062
14 1427
25 1118
27 1150
24 1325
16 1192
20 1392
22 1490
29 1480
13 1167
27 1011
15 1063
26 1085
14 1490
24 1237
14 1485
19 1260
21 1313
27 1118
25 1398
19 1407
17 1306
11 1375
16 1067
26 1120
25 1411
17 1266
23 1188
25 1361
24 1147
28 1419
11 1254
12 1321
29 1027
14 1347
10 1081
23 1075
19 1454
27 1075
18 1088
24 1308
14 1289
26 1302
21 1306
23 1243
23 1263
13 1375
14 1089
14 1189
25 1175
16 1300
18 1212
16 1446
24 1022
26 1320
13 1432
10 1116
28 1138
14 1016
26 1410
14 1118
29 1122
12 1151
15 1016
15 1303
18 1300
22 1165
12 1082
23 1384
26 1119
20 1308
21 1133
21 1211
20 1065
29 1412
20 1097
15 1228
15 1018
13 1154
15 1044
25 1135
12 1033
23 1342
15 1007
15 1340
25 1101
27 1204
11 1366
27 1243
20 1046
16 1327
23 1002
18 1389
27 1013
18 1223
15 1178
19 1053
21 1419
15 1021
17 1119
15 1266
21 1224
17 1011
27 1239
26 1205
23 1125
28 1192
21 1487
14 1442
20 1063
19 1055
29 1024
27 1204
27 1124
14 1401
26 1403
22 1426
10 1061
17 1081
16 1170
12 1031
10 1028
27 1248
29 1403
16 1352
20 1061
12 1409
22 1264
20 1213
27 1420
22 1133
18 1390
21 1140
27 1135
16 1310
11 1150
22 1443
22 1184
13 1125
27 1212
25 1298
25 1358
15 1484
27 1130
10 1376
23 1439
11 1401
11 1370
20 1349
20 1212
29 1403
25 1066
28 1479
14 1353
16 1322
25 1482
20 1424
19 1455
15 1463
27 1370
17 1063
24 1388
29 1317
11 1318
12 1302
21 1139
25 1268
12 1255
23 1243
11 1458
25 1202
16 1266
25 1140
28 1456
25 1127
16 1030
20 1037
18 1447
24 1409
23 1062
17 1390
25 1257
29 1247
10 1487
27 1031
29 1146
22 1352
13 1086
23 1138
24 1248
12 1051
18 1182
25 1082
13 1044
23 1024
20 1099
16 1138
23 1296
17 1485
20 1360
12 1202
12 1192
16 1206
25 1337
23 1098
29 1239
14 1129
15 1170
20 1098
20 1341
27 1004
18 1160
15 1025
15 1101
12 1098
21 1034
18 1201
27 1009
20 1023
16 1250
19 1350
18 1350
28 1241
22 1213
27 1317
23 1107
10 1236
14 1394
19 1358
25 1268
21 1392
15 1331
26 1339
20 1316
10 1023
21 1069
19 1459
29 1164
27 1172
28 1354
14 1484
11 1420
25 1201
20 1073
13 1206
23 1455
24 1150
17 1001
25 1465
18 1154
28 1111
26 1489
15 1047
18 1019
20 1384
11 1294
29 1312
16 1401
16 1001
23 1327
25 1290
19 1222
12 1486
20 1129
15 1211
11 1066
11 1471
11 1306
19 1253
22 1424
19 1481
19 1045
10 1359
22 1444
17 1449
23 1011
15 1424
13 1119
14 1411
21 1152
26 1237
21 1499
29 1221
23 1220
24 1204
17 1246
28 1048
19 1157
11 1070
23 1099
10 1297
23 1267
28 1289
25 1230
18 1152
14 1405
13 1003
28 1202
26 1430
26 1219
12 1320
24 1360
26 1442
15 1032
22 1378
25 1409
26 1140
18 1214
15 1468
23 1332
18 1387
20 1438
17 1071
28 1450
29 1465
12 1421
25 1018
14 1302
11 1010
20 1175
17 1141
24 1295
24 1421
11 1437
22 1477
17 1083
18 1119
20 1439
10 1296
27 1066
17 1358
23 1076
14 1261
26 1493
22 1351
26 1251
20 1281
29 1026
12 1388
29 1436
20 1081
17 1026
28 1150
21 1224
18 1137
19 1412
14 1242
12 1410
21 1394
18 1188
12 1448
13 1447
10 1325
17 1486
25 1429
29 1209
26 1499
26 1064
13 1161
18 1074
20 1399
26 1053
25 1107
13 1455
21 1009
25 1020
25 1228
13 1248
10 1405
10 1475
21 1183
27 1153
19 1170
25 1460
10 1161
25 1148
29 1314
22 1185
11 1089
20 1299
13 1237
16 1084
26 1448
29 1455
21 1404
13 1440
24 1297
18 1124
14 1235
18 1405
19 1191
11 1323
21 1350
25 1242
28 1397
17 1365
10 1044
24 1419
23 1124
23 1461
16 1243
10 1053
10 1348
24 1001
27 1491
12 1419
19 1361
26 1179
16 1291
11 1173
13 1225
19 1060
27 1428
21 1062
19 1369
22 1055
12 1195
23 1261
27 1465
18 1182
29 1147
25 1099
14 1114
25 1302
15 1429
18 1335
12 1467
12 1040
29 1102
11 1168
24 1398
23 1489
29 1330
19 1363
22 1363
29 1112
15 1015
12 1073
15 1069
21 1036
28 1416
28 1161
17 1038
20 1214
15 1178
28 1369
10 1376
25 1247
21 1086
22 1189
14 1281
23 1430
17 1167
16 1092
13 1105
23 1393
29 1053
15 1478
10 1048
13 1020
12 1329
13 1144
10 1283
28 1352
16 1124
24 1029
17 1235
21 1367
18 1110
22 1089
24 1247
24 1342
17 1145
19 1242
22 1468
28 1387
25 1048
10 1415
29 1293
20 1478
24 1426
24 1148
25 1073
19 1070
28 1071
12 1190
27 1149
21 1121
17 1184
11 1154
15 1093
12 1048
27 1418
14 1332
17 1238
29 1050
20 1193
28 1211
11 1463
21 1012
24 1456
12 1228
21 1414
21 1185
22 1175
15 1077
26 1059
12 1390
20 1452
24 1248
14 1071
16 1312
29 1360
12 1435
24 1120
22 1045
27 1116
19 1131
19 1220
17 1331
26 1477
15 1118
19 1138
15 1130
11 1410
18 1219
19 1294
13 1385
16 1057
16 1087
10 1041
10 1137
14 1100
17 1019
18 1488
28 1311
20 1016
29 1044
26 1171
21 1439
18 1043
10 1251
18 1031
14 1075
12 1083
28 1233
12 1290
22 1000
16 1024
29 1302
23 1451
24 1359
29 1410
13 1225
22 1183
28 1084
19 1365
23 1388
11 1106
22 1102
11 1196
28 1090
26 1063
17 1306
13 1213
14 1436
27 1227
23 1102
18 1179
12 1467
27 1382
12 1456
18 1146
20 1052
19 1487
29 1247
12 1250
18 1210
22 1402
23 1483
15 1082
24 1479
13 1207
18 1337
29 1352
20 1441
17 1441
29 1047
27 1136
27 1488
20 1255
23 1063
14 1426
26 1267
19 1398
20 1160
17 1495
16 1241
18 1151
14 1465
21 1145
20 1205
27 1097
18 1180
17 1088
18 1245
13 1004
25 1344
23 1445
26 1436
17 1111
17 1134
13 1129
14 1168
13 1001
24 1492
16 1070
11 1492
17 1007
18 1238
16 1433
27 1334
13 1247
18 1071
10 1101
25 1167
16 1020
10 1280
11 1211
14 1384
15 1098
14 1317
11 1278
26 1396
15 1334
16 1268
28 1343
22 1086
17 1490
10 1258
20 1202
23 1342
14 1139
21 1487
18 1414
25 1441
26 1493
25 1342
11 1047
21 1353
24 1277
15 1168
21 1434
28 1467
20 1247
16 1226
10 1321
10 1085
17 1070
19 1118
20 1035
26 1232
29 1077
16 1171
25 1242
16 1364
21 1265
17 1158
25 1319
19 1227
18 1462
23 1169
26 1300
12 1037
28 1369
24 1175
11 1038
28 1151
16 1168
24 1298
15 1459
22 1127
10 1034
19 1000
25 1173
25 1151
11 1488
20 1430
18 1453
20 1243
22 1357
24 1151
15 1460
19 1204
22 1486
10 1284
20 1275
16 1001
20 1370
28 1333
28 1033
10 1075
29 1290
23 1367
17 1333
17 1107
12 1242
15 1214
28 1050
12 1456
26 1427
22 1379
15 1245
10 1100
24 1448
21 1071
13 1165
29 1427
29 1344
18 1372
18 1200
27 1487
10 1241
10 1121
16 1095
17 1344
14 1412
28 1086
16 1178
14 1002
21 1031
11 1478
14 1219
22 1319
19 1244
17 1464
19 1112
24 1053
14 1006
16 1313
16 1378
25 1080
20 1294
10 1460
26 1351
20 1341
13 1309
14 1004
17 1336
11 1164
26 1210
19 1077
22 1136
29 1249
25 1228
11 1146
22 1415
28 1124
25 1103
11 1493
27 1065
28 1228
20 1436
18 1374
29 1092
17 1072
10 1494
26 1367
25 1117
27 1446
16 1362
11 1177
22 1091
23 1423
28 1467
13 1239
17 1317
28 1024
22 1018
25 1115
12 1034
17 1269
11 1421
23 1228
21 1229
29 1170
22 1150
10 1032
13 1215
26 1454
29 1068
19 1250
10 1433
29 1328
25 1190
24 1071
13 1147
21 1260
23 1113
10 1372
11 1310
24 1034
10 1128
24 1363
18 1075
17 1300
25 1075
15 1023
20 1223
21 1365
27 1164
11 1144
15 1240
11 1312
23 1008
21 1324
16 1109
10 1006
15 1177
20 1073
13 1430
28 1272
23 1175
22 1156
17 1032
28 1041
28 1104
25 1021
11 1341
17 1483
11 1338
11 1268
25 1289
20 1132
17 1170
28 1342
20 1214
28 1454
21 1277
14 1243
25 1031
21 1403
27 1014
19 1442
13 1198
16 1382
28 1130
12 1011
25 1012
17 1074
25 1188
17 1434
13 1277
24 1156
10 1376
10 1049
28 1410
23 1444
21 1291
25 1205
17 1155
23 1319
17 1464
10 1169
26 1181
24 1447
25 1177
11 1052
27 1254
11 1438
18 1405
18 1306
27 1208
26 1099
12 1386
22 1338
28 1157
11 1076
12 1471
11 1150
27 1281
28 1438
20 1017
19 1087
14 1316
25 1077
11 1144
20 1376
24 1354
19 1384
27 1496
19 1397
16 1010
11 1330
23 1317
26 1265
19 1391
17 1402
28 1200
15 1291
15 1445
24 1075
12 1350
10 1356
13 1405
24 1407
29 1341
20 1268
15 1206
20 1457
19 1301
13 1161
14 1460
29 1278
24 1219
15 1392
16 1393
22 1052
19 1074
25 1054
18 1367
26 1274
14 1146
15 1041
23 1421
18 1464
29 1385
11 1428
18 1361
28 1460
24 1156
15 1218
24 1068
10 1080
17 1429
22 1178
25 1005
27 1049
20 1039
22 1337
10 1412
14 1120
23 1044
22 1026
18 1117
23 1015
12 1055
22 1342
10 1205
23 1284
18 1094
25 1179
26 1479
16 1023
16 1437
12 1100
15 1448
16 1158
11 1018
18 1490
13 1192
15 1361
25 1185
16 1423
18 1205
19 1452
25 1123
16 1052
24 1445
10 1143
22 1406
19 1074
20 1301
23 1062
29 1413
15 1246
14 1443
19 1128
25 1204
16 1256
12 1049
20 1108
29 1460
18 1246
10 1241
23 1395
12 1057
24 1251
19 1321
17 1482
19 1058
26 1030
20 1286
11 1065
24 1470
23 1275
15 1015
11 1109
26 1216
22 1156
12 1263
11 1303
21 1431
17 1282
17 1259
10 1374
11 1490
26 1056
28 1310
10 1087
10 1430
24 1359
19 1462
15 1219
22 1252
19 1185
11 1267
26 1283
17 1130
17 1317
10 1301
11 1204
25 1119
10 1029
11 1107
29 1462
15 1473
21 1225
24 1165
10 1065
25 1422
26 1299
20 1414
27 1223
19 1254
22 1056
24 1068
26 1003
23 1004
17 1400
13 1004
25 1147
25 1206
12 1495
17 1294
11 1264
17 1398
15 1290
19 1234
18 1287
12 1163
18 1177
11 1431
25 1204
19 1250
21 1363
19 1008
25 1469
27 1377
26 1353
12 1357
24 1317
29 1380
24 1417
12 1092
29 1322
11 1248
17 1410
19 1372
12 1033
14 1282
17 1398
27 1021
17 1448
12 1412
28 1005
26 1239
12 1108
14 1196
18 1404
21 1426
27 1200
12 1046
25 1465
27 1093
21 1252
27 1315
17 1135
14 1227
19 1060
13 1419
15 1425
14 1439
22 1497
19 1021
26 1081
26 1110
25 1393
11 1123
11 1498
22 1471
14 1100
20 1429
18 1088
19 1217
10 1495
23 1065
18 1165
13 1039
21 1267
16 1477
23 1115
18 1165
20 1228
23 1217
22 1191
14 1337
22 1461
20 1155
19 1199
15 1127
12 1190
26 1316
12 1406
17 1154
11 1133
10 1021
15 1465
19 1268
28 1200
23 1281
19 1418
22 1270
10 1189
21 1409
26 1497
14 1316
14 1249
19 1267
29 1250
10 1389
18 1217
15 1366
18 1464
15 1294
16 1119
28 1179
28 1070
15 1481
16 1463
25 1239
11 1005
23 1049
16 1383
26 1195
13 1417
17 1397
12 1125
20 1278
17 1463
11 1071
22 1158
22 1067
16 1314
29 1225
16 1237
20 1185
22 1288
25 1386
10 1458
17 1228
21 1058
10 1201
20 1111
26 1333
12 1042
14 1394
25 1319
28 1331
10 1022
11 1411
20 1313
17 1454
25 1196
11 1309
17 1146
19 1438
21 1350
23 1414
24 1231
16 1470
26 1209
23 1008
29 1377
29 1212
19 1230
18 1392
17 1171
12 1187
21 1286
23 1184
21 1005
28 1103
17 1281
13 1000
21 1286
17 1174
26 1162
24 1271
11 1461
16 1014
18 1367
12 1334
15 1059
11 1257
19 1391
28 1347
20 1024
12 1305
20 1152
26 1314
15 1222
11 1107
16 1070
15 1225
11 1090
21 1150
25 1158
19 1277
17 1267
17 1230
15 1132
20 1219
14 1280
26 1028
12 1083
26 1367
20 1386
17 1214
15 1062
16 1151
15 1377
10 1408
19 1168
28 1300
23 1375
24 1268
18 1140
27 1135
29 1149
18 1372
20 1219
22 1454
19 1323
10 1408
16 1398
29 1054
13 1241
29 1183
21 1380
13 1482
10 1019
28 1115
14 1498
22 1112
13 1440
29 1259
16 1369
17 1012
17 1266
17 1057
21 1225
14 1400
16 1105
10 1182
18 1086
24 1073
11 1259
26 1165
23 1158
18 1455
10 1124
23 1427
16 1147
26 1218
18 1314
29 1447
13 1041
13 1465
29 1131
27 1068
11 1129
27 1156
27 1007
24 1433
15 1033
29 1236
13 1085
22 1024
25 1034
27 1010
24 1077
12 1118
14 1220
12 1382
28 1332
18 1490
29 1156
16 1487
18 1108
15 1469
20 1452
18 1175
21 1315
21 1183
21 1083
26 1403
10 1057
16 1059
18 1301
20 1076
16 1000
17 1266
17 1111
24 1332
25 1444
11 1463
10 1467
19 1462
13 1069
13 1411
29 1032
17 1053
26 1445
25 1055
14 1293
13 1465
14 1442
25 1257
23 1246
22 1349
16 1309
14 1184
16 1346
24 1107
13 1293
13 1071
29 1083
22 1347
13 1259
12 1473
23 1340
18 1433
21 1318
24 1148
29 1060
21 1293
17 1294
22 1321
27 1088
11 1498
23 1188
13 1332
12 1479
29 1302
27 1310
22 1173
28 1196
20 1159
20 1155
10 1059
25 1197
22 1066
22 1348
26 1315
18 1120
17 1424
23 1087
10 1416
17 1272
12 1135
11 1248
24 1367
17 1424
23 1460
26 1023
24 1236
13 1143
24 1067
16 1330
22 1167
10 1280
26 1124
14 1443
21 1089
20 1357
28 1303
26 1176
10 1148
10 1160
27 1280
13 1485
13 1443
28 1253
27 1178
28 1277
26 1280
10 1109
19 1227
17 1379
13 1275
24 1335
22 1357
10 1260
22 1257
25 1300
27 1115
11 1431
22 1209
26 1416
26 1345
16 1471
13 1023
19 1320
29 1424
29 1372
13 1145
27 1044
27 1037
26 1341
29 1210
26 1145
23 1090
10 1368
18 1111
27 1092
13 1417
10 1164
13 1023
18 1232
22 1174
23 1316
26 1191
11 1068
22 1103
18 1276
13 1406
16 1116
16 1099
23 1497
19 1386
20 1058
28 1255
21 1016
17 1002
11 1324
16 1061
14 1424
22 1318
27 1253
15 1336
21 1168
22 1021
17 1026
16 1436
21 1414
25 1393
13 1073
13 1313
28 1446
18 1404
29 1488
29 1164
23 1153
13 1322
15 1436
18 1493
10 1078
20 1217
21 1061
17 1185
24 1179
16 1058
29 1467
17 1306
28 1391
15 1234
24 1237
23 1443
10 1373
17 1296
10 1016
11 1490
18 1270
27 1076
24 1047
27 1179
22 1247
13 1456
28 1083
19 1335
13 1175
19 1040
18 1273
24 1010
26 1419
12 1256
18 1145
22 1408
14 1463
14 1256
29 1163
13 1018
29 1182
24 1073
14 1471
21 1014
12 1475
18 1022
29 1062
11 1160
11 1160
14 1439
24 1102
10 1413
17 1235
12 1058
19 1179
21 1415
21 1186
16 1045
10 1463
24 1401
14 1307
10 1400
29 1430
29 1207
17 1089
23 1147
27 1048
29 1073
17 1387
18 1042
19 1287
10 1103
14 1064
20 1045
19 1462
14 1119
29 1107
15 1014
27 1450
25 1136
18 1225
19 1047
26 1313
27 1401
28 1407
28 1495
14 1110
20 1302
22 1283
11 1044
24 1340
19 1249
11 1232
26 1074
22 1296
21 1409
17 1328
14 1162
22 1343
13 1356
19 1274
12 1402
22 1469
14 1038
13 1286
28 1355
29 1148
29 1309
10 1444
26 1197
20 1124
22 1317
21 1180
16 1465
28 1278
17 1277
17 1194
10 1396
23 1124
12 1452
25 1094
13 1216
17 1211
12 1261
23 1097
29 1111
23 1493
19 1272
24 1368
23 1126
14 1272
23 1287
28 1406
12 1381
13 1083
25 1481
29 1112
28 1173
12 1203
22 1206
22 1051
22 1182
26 1469
11 1407
13 1207
19 1096
24 1257
24 1098
20 1407
20 1244
15 1020
13 1242
26 1318
15 1052
26 1367
29 1312
14 1124
17 1219
15 1042
25 1123
16 1412
13 1400
15 1278
20 1340
24 1397
17 1273
11 1416
11 1295
16 1439
26 1374
15 1319
23 1187
29 1414
12 1003
26 1106
16 1336
25 1471
14 1156
21 1351
15 1368
22 1367
15 1173
17 1136
23 1024
22 1273
23 1211
10 1375
21 1336
27 1473
11 1451
22 1474
11 1035
16 1098
22 1213
26 1232
17 1159
28 1041
19 1381
10 1079
12 1318
18 1085
18 1060
24 1302
22 1286
18 1187
13 1297
13 1052
15 1463
23 1239
26 1132
22 1155
10 1406
25 1015
24 1426
12 1489
28 1080
15 1145
13 1401
12 1129
17 1213
12 1029
13 1167
18 1224
11 1199
14 1206
20 1042
19 1409
10 1169
23 1414
13 1101
27 1425
16 1168
27 1394
23 1218
17 1169
21 1226
23 1055
26 1364
17 1415
24 1118
20 1178
18 1031
29 1249
17 1387
26 1033
29 1031
20 1292
12 1072
14 1283
16 1278
25 1296
21 1202
23 1228
22 1304
16 1396
14 1081
21 1028
23 1102
10 1079
23 1104
23 1415
20 1312
22 1007
11 1403
16 1172
10 1447
14 1282
26 1269
12 1356
20 1356
11 1351
18 1436
24 1283
28 1154
18 1139
25 1138
23 1158
26 1441
17 1354
26 1307
24 1412
14 1326
19 1062
27 1384
28 1086
29 1487
18 1157
18 1344
14 1410
19 1022
15 1364
28 1315
16 1076
28 1245
13 1218
20 1224
15 1480
24 1170
24 1368
13 1365
21 1223
11 1118
29 1394
23 1335
27 1242
25 1224
28 1205
27 1372
12 1334
26 1016
15 1060
29 1112
18 1211
28 1096
26 1048
18 1480
26 1244
17 1117
16 1060
15 1037
12 1325
29 1462
23 1291
21 1037
27 1070
12 1453
27 1238
21 1046
13 1009
14 1464
15 1268
13 1135
23 1049
29 1268
25 1384
14 1456
25 1197
16 1463
10 1297
15 1444
14 1311
29 1319
23 1081
22 1396
29 1055
29 1212
12 1204
13 1069
29 1176
15 1021
20 1262
13 1213
22 1266
21 1269
25 1133
18 1168
18 1189
25 1210
26 1006
20 1475
27 1371
19 1253
10 1410
25 1414
20 1080
15 1180
27 1010
27 1230
11 1149
20 1132
25 1322
17 1269
14 1325
13 1402
24 1222
16 1247
26 1354
13 1053
18 1259
29 1406
25 1149
12 1103
25 1022
27 1007
21 1463
22 1260
17 1097
15 1073
15 1035
22 1412
19 1194
26 1402
14 1370
16 1186
24 1184
10 1042
17 1379
16 1165
13 1474
18 1103
12 1334
29 1350
26 1135
27 1443
24 1268
13 1153
18 1240
25 1085
28 1278
28 1406
23 1275
10 1494
25 1407
25 1464
21 1190
16 1437
16 1496
29 1243
11 1147
12 1203
29 1040
10 1446
26 1482
12 1465
24 1291
10 1419
17 1173
11 1069
27 1226
29 1011
26 1128
12 1252
29 1290
12 1069
27 1258
12 1014
25 1476
17 1124
23 1170
14 1268
24 1256
27 1073
16 1250
16 1296
26 1292
29 1370
12 1210
19 1039
14 1026
25 1055
23 1407
23 1316
18 1240
19 1356
22 1229
19 1482
28 1000
25 1095
26 1065
13 1244
10 1331
14 1022
25 1012
14 1225
11 1023
11 1119
26 1099
14 1380
10 1008
22 1313
12 1239
17 1309
15 1402
29 1429
14 1124
13 1193
28 1205
11 1443
17 1014
21 1321
20 1024
21 1218
23 1261
28 1432
23 1441
28 1331
15 1016
22 1244
23 1312
14 1496
20 1480
20 1331
28 1146
20 1172
14 1078
26 1314
29 1310
29 1179
20 1174
10 1409
13 1462
15 1335
19 1137
23 1052
19 1012
14 1289
18 1416
11 1298
20 1059
28 1439
14 1214
14 1064
11 1316
10 1447
24 1156
16 1417
21 1335
12 1431
12 1009
16 1085
13 1396
19 1108
15 1360
27 1355
17 1339
22 1154
11 1425
16 1346
26 1103
24 1438
17 1389
29 1147
21 1102
18 1236
25 1469
10 1385
16 1080
21 1275
20 1173
15 1278
27 1027
13 1364
26 1211
23 1302
14 1033
23 1350
11 1118
21 1228
28 1072
26 1099
17 1423
16 1320
28 1415
17 1121
14 1232
28 1203
18 1498
17 1076
22 1104
11 1442
14 1000
19 1396
14 1197
15 1269
26 1181
29 1087
27 1101
26 1217
11 1293
23 1187
24 1050
29 1317
15 1145
11 1413
26 1052
23 1244
15 1048
21 1330
18 1156
16 1082
21 1023
21 1390
10 1476
20 1324
27 1447
24 1409
27 1327
29 1452
23 1485
14 1197
12 1416
25 1329
29 1028
27 1179
10 1275
22 1144
20 1457
22 1072
13 1439
26 1259
11 1192
19 1163
18 1181
15 1090
10 1440
25 1232
23 1006
27 1330
14 1009
25 1290
24 1242
21 1354
13 1396
16 1113
22 1136
25 1107
24 1345
22 1378
13 1305
27 1446
21 1030
15 1483
15 1160
14 1398
26 1432
19 1261
13 1334
26 1146
25 1018
27 1491
20 1133
17 1023
26 1162
20 1361
25 1034
28 1373
24 1179
21 1356
28 1487
25 1347
18 1180
10 1245
27 1427
18 1073
19 1335
25 1427
17 1029
23 1454
26 1331
11 1011
16 1456
22 1478
11 1360
23 1441
13 1107
26 1236
26 1449
16 1221
17 1100
20 1171
11 1259
17 1097
20 1378
14 1102
24 1176
10 1009
14 1253
12 1022
13 1266
17 1167
19 1343
28 1202
28 1251
24 1225
10 1441
13 1420
16 1079
15 1064
29 1464
26 1274
20 1076
10 1048
15 1359
21 1429
13 1082
28 1174
23 1092
25 1047
26 1341
15 1260
27 1134
19 1448
12 1203
14 1356
20 1331
29 1376
16 1269
17 1339
14 1277
18 1406
15 1316
28 1420
14 1055
16 1495
14 1083
14 1460
29 1007
20 1378
13 1349
16 1021
29 1235
17 1148
17 1248
27 1132
28 1084
29 1225
18 1392
16 1268
28 1422
24 1038
21 1178
16 1081
26 1236
10 1234
25 1267
13 1063
28 1307
23 1150
21 1193
17 1418
19 1068
10 1498
23 1288
20 1060
29 1194
17 1318
22 1367
13 1400
12 1315
25 1446
18 1348
23 1246
21 1174
12 1247
13 1232
22 1354
28 1235
19 1296
20 1027
20 1087
22 1029
29 1094
26 1295
26 1207
17 1006
15 1287
20 1053
20 1414
29 1110
14 1119
25 1474
18 1405
10 1224
18 1263
25 1016
12 1289
28 1248
11 1496
20 1477
12 1273
29 1382
18 1075
11 1412
12 1400
10 1492
18 1154
18 1353
17 1470
16 1342
10 1277
13 1154
14 1434
17 1432
23 1353
26 1344
19 1298
18 1018
13 1165
17 1128
28 1388
20 1201
25 1107
11 1355
26 1447
29 1480
28 1051
22 1160
21 1058
20 1339
15 1411
18 1498
12 1454
19 1458
23 1471
22 1298
12 1300
25 1370
27 1071
10 1396
28 1281
13 1424
28 1126
12 1051
15 1458
19 1496
26 1414
16 1012
16 1230
14 1259
23 1339
15 1431
22 1293
13 1334
28 1414
22 1429
27 1053
13 1418
15 1385
23 1144
18 1087
28 1016
16 1365
25 1198
25 1352
20 1127
28 1345
10 1147
21 1460
14 1221
10 1031
20 1240
13 1014
18 1423
19 1374
17 1346
26 1103
11 1369
21 1399
21 1448
17 1253
14 1156
13 1292
22 1302
21 1089
22 1050
29 1246
23 1136
19 1469
18 1477
21 1005
10 1316
20 1018
17 1139
25 1089
23 1261
25 1470
25 1166
26 1355
14 1161
14 1270
24 1253
16 1070
11 1439
20 1386
21 1145
13 1040
13 1170
27 1266
16 1033
19 1335
14 1158
16 1146
21 1117
25 1483
21 1366
24 1063
20 1219
22 1260
23 1192
20 1483
14 1378
13 1257
13 1335
16 1449
19 1286
27 1150
23 1327
10 1037
26 1102
11 1325
12 1097
18 1285
15 1294
22 1031
14 1039
12 1000
19 1421
25 1169
23 1270
18 1187
20 1497
24 1088
12 1101
22 1026
25 1405
15 1381
12 1232
10 1492
26 1366
13 1228
25 1021
25 1382
11 1309
19 1096
29 1138
28 1467
13 1351
14 1419
27 1121
17 1433
15 1418
21 1150
25 1087
26 1084
23 1326
26 1410
11 1374
10 1428
22 1092
29 1351
29 1054
12 1345
11 1181
29 1278
18 1184
12 1304
29 1228
18 1191
10 1153
26 1363
27 1238
15 1147
13 1292
28 1200
18 1263
22 1073
21 1299
20 1105
12 1087
20 1301
18 1056
29 1348
12 1274
27 1118
24 1443
26 1263
20 1173
14 1240
16 1041
17 1267
25 1444
12 1182
21 1031
10 1307
12 1368
16 1494
28 1218
17 1195
13 1118
13 1024
21 1436
11 1117
18 1083
17 1488
25 1331
22 1264
18 1245
12 1117
21 1306
22 1334
23 1008
23 1275
23 1293
10 1363
29 1382
21 1480
11 1337
14 1455
26 1264
13 1423
14 1219
24 1377
24 1223
14 1223
29 1328
24 1447
10 1438
11 1041
24 1156
29 1114
14 1093
16 1291
21 1237
21 1359
28 1304
21 1316
12 1441
28 1406
21 1010
15 1161
11 1290
22 1195
24 1360
18 1208
26 1316
19 1310
27 1424
13 1094
28 1335
24 1265
19 1481
26 1153
15 1370
25 1349
16 1462
21 1380
28 1318
10 1471
13 1140
16 1273
26 1461
21 1021
22 1016
23 1452
19 1065
10 1021
10 1292
27 1009
23 1427
20 1264
25 1435
14 1454
14 1335
19 1370
17 1128
29 1470
26 1057
13 1368
21 1083
18 1182
22 1017
26 1348
18 1180
16 1400
12 1349
12 1477
14 1167
14 1155
14 1279
27 1490
10 1480
10 1244
14 1227
19 1204
24 1103
23 1248
19 1161
24 1231
12 1352
27 1241
22 1083
24 1309
29 1318
27 1366
29 1002
15 1312
21 1077
27 1286
11 1337
28 1477
25 1164
16 1490
20 1022
12 1133
23 1275
19 1234
12 1087
27 1093
10 1461
26 1327
16 1245
13 1397
24 1080
21 1465
19 1151
11 1283
28 1406
21 1140
12 1365
15 1236
23 1463
10 1209
26 1248
24 1053
11 1288
27 1021
11 1336
27 1442
28 1233
10 1138
19 1367
18 1164
26 1398
29 1496
29 1217
23 1378
11 1242
14 1407
24 1069
28 1499
23 1237
20 1429
21 1451
12 1437
16 1030
15 1368
23 1394
27 1045
15 1366
12 1057
29 1078
10 1237
15 1174
12 1299
19 1034
20 1302
16 1384
12 1037
24 1005
26 1055
28 1495
19 1199
11 1253
10 1297
12 1476
16 1329
23 1225
29 1416
28 1469
10 1119
22 1244
19 1440
27 1374
20 1366
11 1187
10 1273
10 1059
28 1136
29 1221
18 1479
29 1420
14 1378
11 1332
25 1349
27 1234
26 1165
11 1295
21 1198
24 1038
14 1471
22 1291
19 1449
23 1402
22 1222
19 1339
10 1280
21 1211
17 1138
17 1342
25 1143
24 1174
15 1484
29 1406
13 1440
16 1322
27 1465
19 1469
16 1102
22 1264
25 1451
16 1081
29 1487
24 1496
16 1007
16 1156
22 1366
25 1300
18 1013
25 1005
29 1221
27 1271
17 1045
19 1209
27 1099
19 1403
14 1249
26 1035
14 1203
19 1215
14 1429
14 1369
10 1306
24 1227
16 1129
25 1315
13 1096
17 1236
29 1253
24 1005
14 1332
25 1127
17 1300
27 1339
11 1095
16 1393
22 1298
12 1304
13 1011
26 1111
17 1296
29 1018
10 1099
11 1445
10 1037
18 1452
14 1303
24 1089
14 1093
24 1097
22 1498
17 1064
27 1425
23 1189
17 1081
13 1211
14 1217
18 1466
29 1401
24 1326
18 1347
26 1430
21 1315
18 1209
17 1401
21 1476
29 1354
23 1021
23 1114
16 1332
14 1329
17 1115
16 1277
10 1204
22 1301
25 1085
11 1024
27 1060
14 1053
13 1371
23 1018
16 1162
19 1302
27 1213
28 1119
11 1347
10 1218
19 1080
11 1475
26 1205
18 1458
21 1167
12 1230
27 1269
22 1415
15 1119
22 1238
20 1107
14 1098
26 1026
20 1206
23 1442
23 1431
16 1292
18 1184
16 1026
26 1193
15 1082
19 1374
24 1154
11 1203
21 1221
17 1323
17 1277
25 1410
12 1242
18 1366
21 1280
17 1194
13 1280
19 1468
20 1248
17 1267
10 1386
16 1184
24 1363
22 1248
19 1411
15 1247
23 1412
29 1456
20 1002
12 1273
24 1334
15 1339
26 1492
17 1035
18 1048
20 1404
24 1124
21 1111
28 1326
18 1361
19 1193
10 1111
17 1355
28 1411
12 1061
28 1234
25 1367
25 1172
15 1392
14 1150
26 1259
23 1016
20 1215
23 1465
27 1187
22 1307
11 1136
20 1484
13 1034
29 1266
17 1063
11 1164
20 1159
18 1012
28 1393
27 1104
10 1309
19 1085
18 1483
26 1322
14 1452
21 1270
21 1319
24 1496
25 1146
24 1194
27 1385
29 1135
20 1306
27 1044
12 1271
29 1260
28 1355
24 1449
13 1211
27 1155
18 1198
27 1348
10 1329
26 1208
25 1182
26 1151
24 1338
25 1477
21 1152
24 1363
13 1117
12 1160
25 1139
28 1384
22 1288
15 1224
24 1484
22 1296
13 1422
23 1390
12 1058
28 1155
14 1376
15 1147
19 1321
15 1023
17 1354
13 1198
17 1275
10 1253
27 1331
28 1321
15 1005
15 1435
18 1184
15 1243
27 1312
22 1088
19 1050
13 1129
18 1329
10 1423
13 1001
17 1486
23 1369
19 1336
14 1210
26 1112
10 1068
19 1019
20 1343
21 1316
29 1234
25 1038
13 1146
19 1113
26 1425
19 1366
21 1432
16 1115
13 1140
26 1064
15 1314
22 1345
29 1006
22 1404
23 1235
19 1234
24 1435
22 1422
18 1022
21 1183
21 1042
27 1441
29 1094
22 1137
20 1009
16 1151
12 1192
21 1449
19 1114
26 1099
23 1230
11 1119
23 1217
26 1246
22 1108
28 1274
21 1458
12 1133
28 1445
12 1311
15 1409
20 1070
13 1364
18 1357
12 1466
22 1483
13 1223
27 1021
11 1132
23 1238
17 1274
20 1267
24 1073
19 1081
16 1315
14 1412
29 1154
26 1321
21 1411
23 1306
26 1461
13 1494
29 1445
11 1352
19 1295
11 1371
12 1157
14 1358
16 1374
14 1105
17 1223
20 1008
22 1163
22 1436
11 1325
15 1296
12 1137
21 1434
13 1116
19 1404
22 1271
13 1038
16 1067
22 1106
19 1341
25 1187
12 1334
18 1432
28 1180
26 1299
10 1361
20 1119
25 1346
10 1283
16 1224
10 1037
20 1197
23 1150
19 1387
26 1029
23 1371
12 1077
11 1272
23 1436
15 1192
26 1382
24 1468
16 1204
14 1296
23 1303
12 1070
21 1036
10 1082
15 1223
26 1042
28 1030
10 1101
13 1232
10 1030
17 1364
29 1092
17 1350
15 1438
25 1251
26 1236
28 1308
10 1342
17 1091
19 1083
18 1006
25 1061
10 1457
17 1153
14 1089
16 1055
25 1466
24 1019
23 1317
15 1463
15 1099
13 1307
24 1327
17 1192
27 1343
15 1067
17 1134
24 1076
17 1142
19 1336
11 1042
19 1070
13 1172
24 1218
19 1318
15 1103
29 1113
16 1378
13 1146
15 1286
14 1309
26 1251
20 1473
27 1495
24 1227
16 1301
20 1389
17 1361
19 1030
24 1264
15 1288
29 1345
24 1288
11 1186
13 1192
17 1306
29 1442
12 1304
20 1137
12 1206
23 1005
26 1378
13 1370
15 1062
22 1293
22 1108
16 1274
23 1312
26 1134
28 1167
23 1402
10 1162
13 1320
20 1214
10 1320
19 1215
18 1358
23 1409
23 1220
13 1447
24 1153
18 1264
12 1208
24 1095
19 1009
23 1453
14 1334
12 1478
19 1409
12 1172
11 1222
17 1060
13 1363
11 1214
18 1335
28 1196
10 1239
11 1487
13 1222
14 1258
19 1067
13 1430
15 1364
16 1046
11 1070
26 1414
12 1356
29 1334
14 1116
18 1493
23 1372
10 1207
20 1153
18 1099
11 1036
11 1305
13 1130
17 1127
15 1217
25 1294
25 1391
12 1080
17 1446
24 1378
19 1121
17 1045
22 1322
20 1105
14 1469
18 1466
22 1265
10 1187
26 1161
17 1028
19 1093
23 1254
24 1042
17 1066
20 1349
12 1240
25 1209
13 1116
29 1046
14 1480
21 1224
21 1277
23 1246
13 1116
22 1208
12 1426
26 1158
13 1412
21 1325
20 1498
26 1402
13 1077
10 1134
27 1464
20 1375
13 1358
24 1477
20 1044
23 1101
15 1034
12 1078
22 1289
21 1388
29 1261
22 1238
29 1405
20 1005
16 1058
22 1369
18 1447
21 1266
27 1115
18 1159
22 1108
13 1046
16 1402
14 1332
16 1123
23 1372
23 1246
26 1169
14 1458
16 1307
16 1122
12 1020
24 1102
17 1205
18 1028
21 1356
22 1304
27 1027
15 1176
14 1407
28 1174
10 1327
12 1334
17 1247
10 1199
22 1050
12 1181
24 1115
21 1328
21 1073
26 1212
26 1223
28 1304
10 1376
18 1469
10 1470
27 1431
22 1194
23 1257
23 1254
16 1233
15 1086
15 1100
25 1290
10 1398
14 1344
21 1155
16 1435
15 1196
22 1253
21 1083
21 1039
25 1261
23 1027
26 1464
13 1061
13 1018
27 1366
15 1252
12 1088
12 1341
21 1472
12 1382
24 1068
22 1341
29 1182
18 1040
28 1117
13 1383
24 1062
18 1335
26 1066
13 1056
24 1104
12 1418
14 1217
20 1048
21 1253
15 1471
19 1380
12 1059
18 1046
28 1444
19 1478
17 1069
14 1207
15 1343
22 1049
18 1168
10 1121
11 1018
20 1474
18 1452
15 1441
22 1163
24 1068
25 1305
25 1170
12 1110
21 1280
15 1317
19 1148
11 1164
24 1314
25 1391
23 1085
10 1424
15 1370
24 1402
17 1017
11 1078
11 1416
15 1348
13 1001
27 1253
16 1098
15 1431
27 1035
29 1063
15 1438
14 1102
16 1071
21 1064
21 1306
20 1441
23 1150
25 1245
10 1192
16 1216
18 1006
11 1287
21 1486
18 1270
19 1086
24 1305
23 1435
14 1115
27 1475
29 1413
27 1147
14 1415
23 1082
24 1182
18 1049
18 1038
28 1026
13 1468
17 1420
11 1332
18 1117
28 1239
29 1478
28 1259
27 1461
21 1464
26 1223
10 1185
23 1387
18 1410
12 1129
17 1120
17 1237
12 1028
24 1306
27 1092
10 1440
25 1438
14 1281
28 1425
21 1307
16 1499
23 1390
16 1465
20 1200
27 1358
23 1352
27 1443
17 1060
27 1026
25 1317
29 1371
27 1399
18 1052
15 1140
16 1243
14 1144
14 1082
26 1025
10 1288
20 1419
26 1207
23 1126
12 1377
12 1047
23 1303
25 1326
17 1406
18 1325
20 1016
13 1093
20 1462
16 1300
12 1440
15 1120
13 1438
29 1280
26 1498
10 1485
15 1264
16 1492
18 1378
16 1312
24 1186
16 1281
13 1308
15 1244
19 1189
29 1359
29 1062
14 1390
10 1294
11 1285
11 1007
13 1080
12 1455
11 1342
23 1095
26 1279
29 1247
23 1143
25 1087
19 1360
21 1025
16 1315
11 1277
27 1481
11 1451
17 1333
27 1131
20 1270
18 1118
16 1418
16 1319
16 1224
10 1227
27 1300
20 1010
18 1213
27 1464
11 1042
29 1201
22 1029
13 1165
20 1219
18 1429
16 1423
16 1056
13 1349
22 1104
16 1059
16 1307
25 1365
11 1345
21 1115
21 1483
14 1460
19 1010
13 1013
20 1199
13 1017
20 1488
22 1011
20 1262
25 1390
25 1437
28 1006
12 1299
18 1253
22 1079
24 1339
14 1149
16 1015
29 1324
16 1113
22 1415
20 1207
26 1239
26 1411
15 1015
25 1033
25 1419
11 1264
14 1435
21 1179
18 1286
26 1021
16 1303
11 1305
21 1203
25 1076
16 1014
18 1273
27 1463
15 1371
16 1413
27 1317
19 1384
27 1295
27 1315
13 1343
28 1123
13 1122
12 1001
13 1136
12 1405
20 1271
15 1349
28 1267
28 1336
16 1298
18 1203
11 1117
11 1387
28 1420
25 1431
27 1303
16 1094
24 1223
24 1087
15 1030
15 1027
27 1373
27 1455
18 1386
10 1423
28 1442
10 1283
11 1259
21 1318
15 1058
24 1391
11 1165
27 1017
19 1258
22 1143
16 1286
10 1292
13 1126
10 1446
21 1217
22 1110
14 1044
21 1136
17 1399
12 1445
19 1217
28 1479
19 1424
16 1039
24 1233
24 1373
13 1357
29 1319
15 1354
10 1406
25 1012
11 1498
26 1078
14 1477
19 1351
20 1157
25 1436
24 1340
11 1430
20 1348
29 1422
14 1447
18 1353
14 1079
14 1098
22 1223
11 1060
27 1051
15 1101
14 1290
24 1299
10 1293
21 1334
29 1408
28 1174
24 1467
11 1171
22 1292
14 1378
19 1094
19 1184
24 1318
27 1427
29 1381
17 1394
15 1378
17 1207
12 1221
28 1246
18 1031
12 1282
24 1401
16 1127
16 1205
15 1100
21 1169
10 1273
19 1435
12 1383
20 1358
24 1018
29 1372
22 1468
21 1144
26 1128
29 1092
29 1333
18 1354
21 1058
10 1452
16 1279
16 1308
15 1155
16 1177
10 1195
12 1283
22 1190
23 1323
28 1457
18 1319
12 1404
18 1493
13 1006
21 1417
11 1349
21 1169
22 1057
22 1136
24 1077
12 1060
25 1059
15 1194
20 1238
24 1128
29 1446
16 1015
20 1137
29 1146
15 1051
26 1119
18 1043
19 1257
12 1049
21 1074
12 1404
17 1023
27 1218
16 1062
17 1481
10 1481
25 1194
29 1030
27 1400
22 1196
27 1104
14 1065
28 1315
18 1399
10 1427
21 1165
11 1084
14 1497
21 1404
14 1056
12 1004
17 1001
23 1073
20 1157
11 1167
16 1217
16 1122
11 1262
25 1431
10 1140
24 1397
20 1088
18 1134
12 1349
16 1452
22 1249
19 1444
29 1015
29 1120
17 1283
22 1357
15 1454
16 1205
16 1231
28 1326
23 1068
21 1294
16 1094
20 1055
19 1292
18 1138
29 1226
19 1359
22 1327
22 1199
19 1348
28 1227
23 1479
23 1102
23 1464
13 1047
10 1440
23 1245
28 1398
22 1286
15 1090
27 1209
24 1454
25 1397
24 1052
21 1045
11 1446
12 1376
23 1130
16 1477
23 1199
20 1017
24 1082
16 1249
18 1375
12 1279
12 1110
12 1297
21 1455
27 1157
12 1269
28 1256
23 1328
29 1416
23 1470
20 1219
14 1019
14 1269
12 1351
15 1434
27 1465
22 1375
20 1110
12 1189
18 1257
21 1205
14 1442
26 1122
19 1243
29 1398
22 1251
14 1494
10 1002
19 1469
25 1023
11 1261
21 1378
16 1409
21 1189
14 1244
29 1227
29 1492
16 1263
24 1290
18 1209
24 1318
25 1275
13 1292
16 1112
15 1126
20 1453
11 1334
10 1334
26 1450
18 1093
19 1049
19 1198
21 1330
12 1442
11 1118
15 1123
17 1193
16 1189
13 1144
17 1279
19 1450
19 1312
25 1448
15 1089
13 1491
25 1276
12 1085
28 1273
14 1418
17 1283
27 1408
10 1175
17 1086
24 1343
10 1434
22 1419
28 1009
21 1206
16 1333
18 1483
19 1208
24 1059
28 1118
15 1288
18 1333
22 1337
10 1458
13 1323
18 1413
20 1422
10 1472
29 1198
19 1236
28 1442
22 1379
19 1396
23 1087
13 1265
24 1168
22 1224
17 1460
12 1383
19 1000
25 1272
12 1298
22 1347
24 1401
21 1069
14 1121
21 1494
15 1308
25 1313
16 1419
26 1126
15 1471
26 1429
13 1399
24 1021
25 1475
16 1388
29 1386
23 1319
22 1352
28 1047
10 1120
12 1163
27 1138
17 1122
24 1142
15 1264
18 1001
19 1323
18 1128
24 1191
13 1051
26 1268
29 1089
12 1464
18 1101
28 1390
29 1202
20 1054
13 1159
16 1381
22 1378
24 1219
14 1077
21 1189
14 1406
29 1224
15 1054
28 1152
15 1469
14 1335
10 1049
10 1263
15 1175
29 1020
15 1325
20 1262
11 1053
25 1148
25 1390
25 1100
10 1191
25 1030
29 1452
26 1283
14 1261
27 1154
23 1203
10 1295
29 1009
25 1273
25 1234
16 1217
11 1482
28 1499
20 1207
21 1009
23 1024
22 1179
20 1347
14 1398
28 1485
16 1195
29 1438
27 1139
26 1224
20 1198
26 1248
11 1252
21 1351
28 1328
17 1239
13 1168
12 1205
18 1483
27 1030
11 1042
11 1163
27 1340
28 1379
27 1461
15 1461
11 1377
11 1346
29 1368
24 1313
15 1073
23 1401
27 1372
24 1032
27 1027
27 1434
12 1020
19 1338
12 1259
11 1086
16 1095
15 1181
21 1120
19 1068
17 1175
17 1149
29 1324
28 1277
19 1027
12 1180
15 1016
15 1421
18 1128
28 1346
20 1396
14 1490
13 1084
20 1445
29 1307
22 1138
28 1341
15 1408
10 1118
13 1248
25 1359
20 1426
26 1314
21 1123
18 1448
21 1253
24 1143
24 1432
17 1110
12 1280
25 1439
28 1154
15 1496
19 1135
24 1472
18 1397
22 1082
22 1406
14 1087
17 1247
11 1121
13 1187
23 1110
24 1032
10 1475
23 1117
17 1323
21 1460
21 1013
24 1355
16 1047
18 1209
19 1224
20 1215
16 1180
25 1429
15 1154
12 1302
21 1355
12 1001
13 1017
12 1033
11 1480
22 1096
29 1182
16 1004
10 1134
11 1255
13 1265
28 1468
18 1378
27 1085
23 1258
21 1060
10 1298
28 1177
24 1141
11 1150
24 1263
11 1397
29 1191
23 1265
13 1231
14 1479
14 1075
25 1407
10 1108
17 1485
23 1224
14 1118
15 1026
28 1010
28 1096
16 1150
21 1451
29 1373
18 1397
10 1354
14 1419
28 1063
16 1275
19 1378
28 1492
26 1091
22 1456
14 1370
15 1155
11 1374
23 1392
16 1484
10 1239
23 1452
29 1336
24 1104
14 1410
24 1272
26 1370
16 1211
10 1405
12 1416
20 1444
22 1245
14 1013
18 1163
28 1185
15 1395
13 1342
27 1046
16 1363
16 1232
21 1255
15 1150
12 1484
27 1486
17 1195
24 1282
29 1229
22 1264
13 1047
28 1068
19 1028
13 1435
17 1072
24 1200
19 1179
28 1205
10 1049
13 1457
24 1062
24 1273
11 1133
12 1277
22 1457
15 1303
26 1133
13 1109
23 1070
13 1444
18 1243
16 1272
17 1110
17 1001
10 1477
16 1077
13 1031
26 1066
16 1051
19 1290
22 1401
17 1345
27 1070
22 1212
26 1291
22 1019
26 1445
23 1106
11 1305
24 1202
25 1396
26 1235
14 1473
18 1267
28 1188
27 1466
24 1045
17 1452
19 1271
14 1049
13 1006
25 1250
22 1021
24 1430
25 1159
28 1381
20 1067
23 1013
29 1085
10 1287
28 1497
12 1457
28 1348
18 1418
22 1225
23 1284
10 1451
19 1415
25 1373
14 1491
25 1036
17 1368
10 1290
11 1487
23 1365
19 1463
15 1122
27 1110
10 1240
16 1224
16 1108
13 1320
16 1493
28 1437
19 1286
14 1066
21 1109
15 1139
18 1157
25 1318
22 1275
19 1000
16 1008
13 1311
14 1132
29 1462
12 1333
27 1172
18 1295
11 1178
22 1489
21 1045
18 1256
28 1115
18 1216
10 1015
25 1269
25 1343
17 1291
20 1433
19 1196
19 1316
29 1068
24 1087
26 1141
20 1331
25 1431
20 1461
12 1291
26 1281
24 1271
25 1136
28 1214
20 1356
13 1338
18 1081
25 1087
14 1346
10 1472
16 1249
25 1236
12 1229
16 1434
26 1184
13 1320
21 1250
18 1359
19 1335
12 1361
10 1070
28 1225
19 1464
15 1360
28 1345
23 1281
11 1306
14 1280
28 1404
21 1451
17 1170
23 1483
10 1199
18 1059
29 1315
10 1085
17 1382
12 1045
11 1306
25 1245
19 1229
25 1268
29 1193
11 1098
26 1474
20 1322
10 1008
17 1380
15 1327
18 1286
28 1404
12 1053
26 1293
24 1096
20 1103
24 1050
16 1343
24 1410
18 1434
16 1238
21 1350
10 1351
23 1193
11 1362
12 1435
16 1002
28 1049
28 1348
15 1203
10 1255
20 1233
26 1020
26 1341
21 1478
18 1068
22 1008
25 1144
13 1381
14 1389
26 1441
19 1360
13 1150
13 1009
24 1254
11 1221
16 1434
10 1092
24 1375
17 1164
25 1004
20 1388
17 1166
22 1192
17 1242
17 1408
13 1303
13 1199
27 1101
10 1404
29 1367
17 1002
15 1454
29 1398
21 1327
12 1272
28 1374
29 1284
24 1349
16 1159
12 1087
18 1340
19 1472
11 1361
21 1278
24 1051
25 1241
16 1492
29 1220
27 1017
28 1401
12 1376
20 1004
24 1085
11 1211
22 1360
22 1189
17 1373
15 1236
20 1194
13 1385
19 1170
15 1157
11 1407
14 1388
12 1244
28 1221
17 1002
19 1403
22 1208
21 1441
19 1114
16 1468
20 1111
20 1454
10 1203
18 1038
13 1205
25 1285
25 1213
28 1353
25 1247
23 1071
26 1470
26 1474
27 1263
19 1120
20 1147
23 1192
20 1437
22 1064
22 1201
28 1382
26 1248
20 1026
22 1043
16 1037
16 1156
11 1261
20 1207
20 1419
27 1428
18 1160
14 1308
20 1036
25 1057
25 1077
14 1335
23 1127
11 1029
14 1293
23 1150
13 1390
18 1490
25 1173
27 1055
23 1005
22 1389
22 1090
29 1385
29 1380
19 1292
26 1046
14 1010
29 1143
19 1359
14 1260
15 1490
22 1224
27 1229
17 1420
15 1090
29 1407
26 1163
15 1062
27 1412
20 1168
27 1069
24 1139
28 1237
25 1292
13 1011
28 1113
10 1321
26 1216
12 1181
13 1259
24 1445
18 1395
24 1451
23 1084
10 1155
27 1461
11 1330
15 1392
23 1094
22 1458
20 1470
16 1191
22 1246
18 1188
18 1116
10 1433
19 1428
21 1031
27 1221
14 1321
28 1478
21 1064
21 1430
19 1150
15 1022
15 1288
12 1272
19 1380
24 1247
17 1263
16 1306
26 1163
21 1387
24 1233
12 1222
15 1336
20 1239
14 1126
21 1167
18 1217
13 1301
22 1029
16 1124
23 1368
16 1354
12 1126
25 1301
24 1486
18 1284
11 1050
18 1180
25 1021
29 1367
13 1238
15 1371
22 1120
10 1100
20 1065
23 1422
15 1438
24 1253
28 1366
13 1374
14 1240
15 1028
28 1473
15 1177
24 1210
26 1226
22 1440
24 1329
12 1228
18 1456
27 1435
28 1034
21 1452
19 1155
18 1401
13 1071
28 1319
25 1460
16 1064
20 1226
17 1119
16 1399
26 1368
24 1055
18 1045
11 1110
10 1458
26 1470
26 1308
28 1363
20 1350
15 1334
28 1093
29 1291
19 1253
26 1198
27 1194
17 1302
10 1004
13 1047
23 1281
13 1471
20 1070
11 1377
26 1428
18 1208
13 1034
20 1196
12 1016
18 1413
20 1318
15 1106
21 1172
16 1072
14 1351
25 1218
14 1265
21 1384
23 1211
14 1127
11 1199
26 1469
14 1465
17 1184
17 1339
16 1050
12 1153
10 1233
24 1361
13 1336
25 1398
10 1076
24 1424
19 1272
28 1181
22 1258
12 1486
16 1116
17 1270
17 1142
12 1390
22 1272
17 1323
15 1059
21 1405
27 1292
11 1206
26 1106
18 1416
15 1264
18 1228
15 1386
13 1260
29 1058
28 1187
26 1088
16 1172
16 1361
16 1100
12 1360
24 1427
10 1177
24 1075
26 1149
29 1113
19 1099
23 1047
16 1012
26 1281
28 1169
21 1367
19 1272
14 1367
26 1080
26 1172
18 1255
12 1184
29 1482
13 1463
12 1149
17 1295
10 1495
29 1446
14 1032
19 1255
17 1098
18 1164
14 1318
13 1086
15 1450
11 1031
21 1363
29 1348
15 1432
19 1357
16 1497
20 1111
11 1164
18 1096
16 1340
22 1023
27 1414
17 1373
26 1014
15 1082
14 1064
17 1446
10 1280
13 1317
16 1339
25 1350
18 1461
11 1324
26 1400
19 1404
14 1427
28 1497
14 1233
21 1076
29 1268
15 1035
16 1355
18 1028
19 1190
16 1413
15 1446
22 1262
18 1337
11 1134
12 1250
24 1043
27 1098
17 1293
10 1177
14 1334
10 1116
25 1066
14 1477
18 1329
23 1209
15 1137
27 1305
23 1314
25 1144
21 1221
22 1028
26 1467
23 1360
15 1443
25 1435
13 1191
21 1234
20 1354
23 1348
23 1460
26 1070
24 1190
13 1268
29 1282
17 1322
21 1352
16 1373
10 1412
10 1081
15 1046
27 1156
27 1241
24 1341
19 1416
29 1384
25 1189
18 1089
22 1289
28 1023
14 1138
17 1008
19 1357
20 1389
21 1421
26 1451
12 1187
15 1195
21 1237
22 1486
29 1191
27 1279
27 1271
15 1404
17 1300
29 1300
14 1460
21 1483
24 1301
21 1072
17 1231
10 1112
18 1056
28 1144
13 1414
19 1311
10 1206
17 1352
11 1141
11 1100
11 1301
25 1172
15 1454
21 1255
29 1128
29 1065
15 1403
22 1244
10 1286
20 1318
11 1491
20 1027
27 1339
24 1450
23 1014
13 1106
26 1059
26 1376
11 1301
25 1110
26 1442
29 1302
21 1126
14 1067
25 1441
10 1036
24 1129
27 1160
21 1267
23 1002
27 1472
25 1237
18 1316
14 1130
13 1015
22 1258
20 1246
15 1382
17 1421
13 1330
26 1126
16 1298
25 1067
26 1090
19 1172
25 1314
18 1242
23 1004
22 1360
15 1217
28 1373
28 1417
10 1170
15 1153
12 1066
10 1351
21 1057
17 1066
15 1039
27 1495
15 1088
28 1203
21 1000
15 1034
22 1070
16 1136
17 1368
26 1323
28 1032
24 1343
13 1112
14 1476
27 1446
28 1131
19 1245
15 1347
23 1431
23 1100
27 1027
15 1358
16 1036
27 1332
25 1092
28 1263
20 1242
10 1294
11 1174
21 1045
21 1309
28 1033
26 1147
17 1046
26 1246
14 1462
25 1123
20 1321
23 1142
22 1471
10 1027
25 1449
27 1260
25 1424
16 1178
28 1436
20 1270
21 1023
25 1115
13 1253
20 1253
26 1298
21 1122
17 1273
22 1051
14 1332
14 1011
15 1256
15 1110
13 1200
28 1437
16 1402
28 1109
18 1051
26 1028
18 1288
15 1097
23 1222
19 1392
25 1253
24 1480
11 1099
14 1286
12 1435
27 1053
17 1354
22 1197
13 1000
23 1029
15 1490
11 1185
12 1014
22 1406
19 1231
29 1451
19 1141
26 1046
19 1460
22 1324
29 1377
12 1101
23 1208
11 1231
25 1301
12 1240
22 1306
10 1022
28 1311
14 1429
26 1381
27 1002
14 1378
22 1156
16 1176
13 1460
29 1310
13 1393
27 1301
23 1127
28 1364
28 1247
22 1025
27 1191
10 1407
25 1224
18 1117
28 1283
13 1195
24 1457
27 1118
22 1366
28 1327
12 1316
18 1486
18 1355
14 1200
22 1422
13 1132
20 1269
19 1250
27 1457
10 1423
26 1055
16 1433
26 1428
26 1274
12 1366
12 1173
14 1057
22 1085
15 1036
14 1478
28 1092
22 1319
14 1268
26 1189
23 1213
17 1389
19 1213
26 1155
13 1127
12 1273
18 1032
13 1463
14 1011
16 1129
20 1444
25 1281
12 1362
12 1222
27 1292
18 1280
16 1009
20 1320
21 1139
27 1479
28 1406
27 1418
15 1468
17 1316
22 1134
17 1449
25 1483
28 1248
18 1385
25 1257
18 1365
10 1173
29 1107
28 1280
19 1332
19 1068
25 1084
17 1443
12 1444
15 1126
29 1247
15 1266
11 1073
27 1010
21 1170
27 1422
22 1214
10 1257
24 1137
14 1424
29 1000
12 1493
22 1056
22 1017
26 1268
23 1438
15 1315
29 1330
12 1376
13 1141
21 1353
27 1028
18 1451
23 1204
23 1363
13 1392
15 1022
20 1473
24 1233
28 1230
18 1451
29 1162
17 1328
16 1377
17 1244
18 1308
26 1444
26 1499
21 1137
10 1319
20 1104
20 1110
10 1335
19 1406
15 1475
12 1143
24 1108
18 1394
25 1424
12 1023
19 1449
24 1473
20 1444
16 1414
27 1149
18 1309
29 1024
23 1216
12 1005
19 1194
12 1055
22 1114
28 1121
23 1406
25 1356
25 1379
27 1055
21 1087
29 1104
16 1148
21 1316
23 1278
12 1194
12 1280
23 1237
17 1419
22 1174
13 1232
23 1250
25 1272
11 1042
16 1291
15 1022
18 1306
10 1376
13 1239
28 1340
20 1294
24 1090
14 1061
14 1013
11 1319
26 1385
22 1455
22 1118
15 1060
22 1308
18 1278
20 1418
18 1023
29 1140
17 1181
17 1101
24 1269
12 1225
13 1255
19 1223
25 1431
16 1203
10 1232
12 1055
26 1084
20 1186
29 1114
29 1312
10 1486
28 1133
12 1282
16 1440
21 1257
22 1363
12 1416
27 1245
10 1481
17 1254
17 1496
17 1231
21 1027
14 1354
17 1294
22 1068
23 1306
14 1475
29 1369
21 1323
21 1061
17 1486
29 1436
14 1339
14 1056
21 1459
26 1036
23 1142
11 1414
22 1389
29 1292
11 1440
11 1243
11 1044
22 1088
27 1490
14 1102
22 1015
13 1386
16 1458
19 1003
23 1131
24 1378
22 1251
17 1475
27 1028
14 1134
27 1450
15 1441
11 1098
16 1306
23 1237
29 1001
20 1119
24 1123
12 1181
11 1416
18 1385
21 1142
12 1104
25 1193
29 1445
10 1464
14 1302
28 1473
28 1111
14 1055
13 1317
10 1221
14 1006
11 1222
20 1270
24 1181
21 1016
20 1305
20 1167
18 1247
11 1406
17 1319
29 1138
11 1168
16 1010
17 1317
10 1258
24 1075
13 1006
16 1415
20 1019
19 1411
20 1304
26 1396
23 1034
12 1015
27 1203
15 1262
13 1270
22 1460
24 1028
10 1488
23 1054
10 1172
14 1466
23 1139
11 1189
14 1008
12 1166
16 1360
10 1197
26 1261
15 1279
28 1237
16 1040
15 1226
29 1178
16 1018
19 1242
22 1284
14 1124
13 1339
12 1194
29 1012
11 1226
10 1444
19 1490
29 1249
25 1062
12 1348
14 1261
13 1441
29 1494
29 1060
19 1485
29 1218
17 1182
11 1133
15 1079
13 1385
23 1155
21 1381
18 1181
25 1344
28 1269
14 1323
17 1199
17 1179
21 1316
15 1084
28 1171
17 1340
10 1057
25 1156
15 1183
21 1032
29 1095
27 1425
20 1309
15 1434
17 1407
18 1487
25 1247
17 1045
17 1402
26 1230
11 1193
18 1382
17 1019
24 1185
22 1340
14 1182
24 1241
14 1394
14 1421
16 1147
27 1320
27 1212
22 1244
16 1475
26 1408
13 1434
19 1470
22 1150
27 1328
12 1142
23 1364
28 1269
11 1243
24 1444
10 1429
19 1434
11 1416
21 1482
17 1360
13 1441
27 1234
19 1399
17 1497
16 1354
20 1296
29 1068
11 1496
21 1413
22 1178
21 1396
14 1467
21 1020
20 1407
13 1003
15 1320
18 1278
10 1157
22 1234
21 1341
16 1084
29 1398
22 1470
22 1482
23 1422
13 1120
23 1452
27 1184
15 1345
19 1217
26 1187
29 1168
26 1223
17 1462
20 1318
27 1222
14 1315
24 1046
27 1021
12 1479
22 1412
21 1125
29 1264
22 1421
29 1351
16 1057
23 1094
12 1364
16 1048
17 1320
16 1320
28 1339
19 1085
13 1179
27 1454
18 1419
19 1466
25 1459
17 1300
27 1256
27 1051
12 1418
17 1192
26 1392
19 1349
20 1297
16 1183
19 1188
20 1281
28 1027
23 1049
13 1344
21 1115
18 1278
27 1054
20 1099
14 1431
29 1022
24 1253
14 1094
25 1196
19 1217
11 1062
24 1434
20 1312
21 1489
28 1442
20 1089
11 1441
19 1139
25 1383
17 1237
15 1194
17 1024
18 1492
29 1013
15 1159
27 1380
22 1435
26 1170
29 1175
24 1472
18 1320
29 1109
17 1214
21 1390
25 1294
12 1294
17 1362
28 1484
18 1267
21 1069
12 1173
17 1048
18 1212
16 1255
12 1274
29 1486
18 1001
17 1141
19 1229
27 1177
26 1347
14 1141
23 1196
12 1471
17 1373
22 1062
13 1168
18 1413
17 1133
20 1494
20 1289
18 1033
10 1268
21 1006
15 1152
17 1184
14 1092
12 1184
29 1432
10 1225
22 1115
21 1275
20 1464
11 1219
11 1252
16 1405
25 1138
16 1213
29 1350
20 1427
26 1180
21 1194
24 1101
17 1354
25 1026
26 1016
13 1431
11 1089
23 1171
23 1103
13 1336
10 1253
27 1434
20 1170
11 1322
26 1074
21 1261
15 1194
13 1041
23 1316
26 1015
17 1059
12 1472
23 1043
17 1125
11 1270
16 1393
22 1242
26 1386
20 1072
25 1485
22 1182
17 1332
11 1295
17 1214
20 1415
21 1347
24 1023
12 1008
22 1209
13 1144
15 1296
23 1496
18 1062
28 1370
21 1459
27 1468
24 1244
17 1338
10 1103
25 1369
11 1227
28 1248
21 1193
15 1094
24 1351
22 1249
23 1456
20 1297
10 1002
17 1259
22 1287
11 1074
10 1483
26 1167
23 1227
29 1484
29 1142
14 1463
29 1035
20 1075
28 1206
13 1013
19 1125
13 1177
24 1438
18 1430
23 1260
14 1329
23 1079
27 1447
26 1072
24 1335
27 1371
20 1275
11 1175
22 1307
24 1246
14 1402
29 1179
29 1236
10 1477
29 1364
26 1342
19 1018
23 1101
26 1383
28 1131
19 1042
23 1109
21 1138
17 1409
14 1360
17 1085
15 1245
10 1296
19 1083
11 1166
21 1060
10 1334
25 1473
11 1380
28 1026
14 1027
16 1293
25 1161
14 1248
26 1316
19 1294
17 1001
14 1136
13 1063
18 1003
25 1491
13 1426
22 1080
27 1028
26 1489
17 1151
21 1169
21 1355
14 1045
16 1429
10 1084
11 1046
22 1031
10 1335
10 1246
24 1288
19 1162
14 1424
19 1179
18 1393
20 1285
22 1115
18 1318
26 1201
14 1294
15 1366
18 1070
19 1486
15 1057
15 1333
11 1223
11 1404
23 1159
16 1106
19 1321
26 1294
24 1372
13 1037
17 1124
12 1364
25 1101
13 1020
16 1444
25 1467
11 1181
14 1086
27 1355
25 1416
15 1213
24 1100
27 1143
16 1317
15 1329
29 1214
20 1268
19 1114
21 1329
14 1061
28 1248
13 1054
25 1339
19 1268
14 1108
22 1038
14 1490
12 1101
15 1352
12 1240
29 1496
12 1255
11 1178
10 1010
21 1481
19 1293
23 1446
27 1257
23 1389
22 1246
15 1318
16 1475
28 1234
26 1374
22 1029
23 1335
25 1498
18 1416
12 1395
16 1228
23 1113
27 1343
16 1253
13 1032
14 1041
29 1140
26 1403
15 1308
20 1114
21 1312
12 1498
27 1016
26 1339
23 1027
13 1390
12 1314
21 1448
14 1373
28 1226
12 1433
17 1267
14 1477
12 1460
25 1109
23 1337
14 1349
10 1252
23 1005
26 1178
22 1225
16 1255
10 1151
11 1157
25 1065
23 1449
18 1196
19 1438
22 1499
15 1430
12 1251
26 1131
15 1283
28 1025
16 1258
19 1387
11 1207
27 1182
26 1108
23 1407
13 1381
13 1213
15 1218
14 1124
18 1265
15 1084
15 1358
21 1355
22 1107
25 1294
29 1477
19 1111
17 1095
28 1173
20 1197
26 1153
23 1308
25 1011
15 1284
19 1339
14 1359
26 1109
16 1175
22 1360
20 1214
17 1119
17 1081
15 1489
15 1475
11 1385
19 1135
14 1417
29 1034
27 1426
14 1158
23 1057
23 1481
20 1255
22 1385
26 1338
15 1325
13 1447
23 1105
11 1192
21 1161
14 1301
25 1204
29 1338
23 1128
22 1071
19 1378
14 1435
18 1394
25 1333
16 1282
29 1350
17 1060
17 1177
22 1207
22 1184
10 1130
15 1338
25 1273
22 1210
12 1319
15 1225
20 1391
29 1301
29 1091
24 1130
17 1243
28 1050
13 1276
25 1437
20 1419
16 1431
10 1181
28 1236
28 1121
26 1368
23 1237
21 1132
22 1141
24 1433
16 1341
18 1413
12 1399
18 1197
18 1097
21 1034
18 1236
18 1374
21 1322
23 1376
29 1101
11 1295
12 1199
19 1243
12 1081
27 1281
21 1199
26 1273
17 1148
29 1169
25 1008
15 1237
19 1355
24 1185
22 1391
25 1245
20 1260
11 1130
28 1219
10 1369
25 1458
24 1157
11 1403
18 1298
27 1294
11 1250
17 1328
16 1486
29 1234
27 1482
15 1064
21 1178
11 1240
27 1335
27 1215
15 1494
22 1321
10 1391
19 1129
13 1313
21 1314
29 1234
23 1367
11 1052
27 1126
25 1054
17 1187
18 1058
18 1213
24 1171
23 1272
26 1153
14 1030
24 1370
11 1064
11 1120
20 1421
18 1274
21 1393
20 1029
14 1187
17 1480
23 1212
15 1097
12 1061
19 1195
19 1237
29 1269
12 1052
10 1144
21 1376
15 1472
28 1332
27 1243
20 1045
13 1099
15 1260
11 1181
28 1080
17 1203
27 1388
25 1475
21 1290
28 1138
20 1182
17 1147
21 1340
29 1365
13 1002
16 1352
10 1417
29 1250
26 1372
20 1420
27 1087
28 1037
22 1371
17 1389
25 1400
15 1267
14 1400
29 1083
20 1122
15 1228
19 1194
10 1121
28 1407
26 1448
23 1062
28 1070
28 1434
12 1380
22 1415
20 1252
28 1098
22 1112
23 1081
21 1344
19 1080
17 1167
14 1125
14 1126
10 1003
14 1431
11 1222
14 1224
18 1356
21 1224
10 1060
12 1484
12 1434
20 1206
22 1192
10 1356
15 1004
25 1036
13 1254
15 1492
18 1273
29 1194
12 1036
17 1147
25 1339
28 1084
20 1435
11 1189
20 1303
22 1358
15 1261
14 1022
27 1487
17 1471
20 1159
23 1023
22 1470
25 1003
14 1425
23 1048
21 1346
24 1492
26 1446
26 1055
21 1176
11 1394
11 1366
17 1331
17 1340
25 1466
22 1041
27 1171
21 1075
14 1229
18 1145
10 1072
20 1106
23 1451
21 1265
19 1355
19 1243
22 1407
21 1027
21 1227
17 1142
23 1043
12 1007
23 1239
12 1376
13 1288
17 1481
23 1241
14 1263
15 1137
18 1213
11 1213
23 1079
16 1294
10 1020
11 1156
20 1283
11 1479
20 1367
12 1349
22 1481
21 1105
25 1310
25 1008
19 1098
29 1408
21 1216
23 1429
21 1170
11 1176
13 1455
14 1348
10 1394
23 1457
13 1245
28 1108
11 1108
24 1451
14 1108
20 1205
14 1328
13 1116
29 1371
22 1114
27 1499
25 1125
14 1120
11 1123
28 1412
26 1181
15 1216
19 1473
13 1124
11 1018
25 1466
27 1270
17 1431
10 1450
26 1228
20 1235
20 1474
25 1179
17 1384
24 1280
26 1284
12 1325
15 1016
26 1373
15 1389
24 1132
23 1260
21 1400
10 1409
29 1283
18 1427
14 1468
19 1453
27 1108
17 1231
22 1129
23 1428
29 1435
13 1086
19 1325
28 1001
21 1143
26 1391
11 1461
29 1263
21 1127
26 1181
12 1496
10 1166
11 1499
29 1221
11 1479
19 1106
12 1295
17 1213
26 1289
28 1044
23 1196
27 1358
25 1110
26 1036
23 1391
13 1187
25 1395
11 1204
12 1208
26 1199
21 1407
27 1429
16 1300
26 1364
29 1085
13 1214
25 1087
15 1313
29 1498
26 1174
12 1053
24 1425
15 1110
21 1152
15 1262
12 1272
24 1016
15 1087
28 1406
14 1367
11 1214
27 1423
19 1407
21 1228
22 1262
20 1297
18 1316
18 1237
25 1166
24 1449
18 1474
22 1133
13 1313
18 1494
22 1135
10 1351
11 1048
18 1118
22 1193
28 1243
15 1372
13 1373
20 1268
22 1243
25 1310
10 1006
21 1316
27 1427
22 1106
27 1269
22 1100
11 1094
13 1456
20 1234
16 1117
19 1216
25 1090
14 1094
27 1023
19 1000
18 1057
10 1003
28 1101
23 1215
17 1380
25 1354
19 1397
25 1360
27 1128
18 1141
28 1273
26 1125
24 1352
19 1155
12 1225
29 1199
29 1305
26 1328
28 1041
11 1318
13 1167
22 1092
22 1070
10 1102
16 1090
16 1395
10 1493
17 1176
15 1233
28 1208
20 1237
21 1167
28 1381
14 1077
14 1422
19 1361
11 1067
20 1106
22 1285
12 1454
14 1106
29 1495
29 1318
19 1197
17 1009
18 1425
17 1112
13 1277
11 1079
10 1057
22 1331
12 1460
15 1248
18 1349
23 1109
24 1421
20 1330
16 1305
10 1061
27 1186
26 1293
29 1415
20 1199
25 1479
26 1367
14 1329
21 1465
15 1009
29 1061
25 1212
18 1336
12 1124
12 1375
26 1022
24 1304
11 1338
10 1392
16 1221
18 1487
10 1197
16 1019
23 1470
21 1248
13 1039
24 1063
24 1417
14 1123
17 1331
12 1279
14 1103
21 1249
22 1187
12 1424
19 1286
11 1181
12 1120
13 1101
13 1371
11 1138
15 1225
18 1081
17 1006
24 1359
23 1160
16 1272
27 1260
11 1276
25 1411
18 1041
20 1070
23 1310
22 1094
13 1245
20 1401
18 1347
19 1308
14 1178
26 1201
26 1443
16 1099
29 1040
29 1079
27 1047
20 1263
20 1057
15 1419
13 1485
24 1191
22 1254
22 1138
19 1365
28 1409
22 1460
11 1434
21 1240
22 1480
26 1471
23 1231
23 1155
20 1251
15 1470
23 1316
16 1207
18 1043
13 1386
18 1229
21 1077
19 1339
13 1334
11 1411
20 1341
11 1008
16 1284
20 1426
20 1103
15 1219
16 1451
28 1016
19 1144
11 1366
20 1339
15 1461
25 1231
28 1069
12 1294
29 1386
21 1079
22 1103
25 1283
19 1347
18 1100
16 1401
15 1494
20 1179
15 1171
26 1143
15 1352
11 1396
26 1090
28 1141
23 1302
29 1229
17 1155
11 1308
27 1319
13 1038
29 1059
22 1488
14 1250
21 1452
23 1339
26 1128
24 1027
12 1393
27 1372
26 1051
20 1060
25 1090