7000 5000
13 1196
18 1282
12 1415
28 1026
27 1056
13 1231
16 1421
20 1244
27 1138
25 1392
16 1249
11 1232
13 1185
13 1487
24 1028
19 1292
13 1062
25 1461
15 1047
24 1414
17 1103
26 1371
12 1054
24 1404
22 1144
18 1289
27 1481
18 1404
28 1248
14 1043
27 1147
10 1321
10 1284
15 1225
27 1384
29 1352
12 1181
22 1292
22 1361
29 1401
20 1002
29 1353
17 1216
15 1042
12 1420
13 1396
17 1041
19 1276
18 1457
14 1292
28 1470
10 1030
24 1395
21 1488
28 1474
26 1335
23 1016
14 1418
16 1408
21 1440
29 1210
11 1272
29 1268
27 1418
12 1482
17 1465
29 1093
26 1064
20 1278
10 1293
19 1376
10 1465
21 1052
18 1184
13 1192
22 1040
14 1111
20 1292
10 1308
28 1487
20 1257
21 1415
19 1026
15 1102
22 1249
28 1403
14 1307
26 1129
16 1086
25 1087
28 1289
20 1288
12 1042
14 1044
25 1208
21 1445
16 1397
14 1052
13 1205
18 1022
14 1218
14 1391
22 1466
24 1147
27 1233
24 1423
20 1103
20 1294
10 1433
12 1086
28 1135
19 1423
11 1263
19 1094
16 1261
23 1020
10 1092
12 1025
23 1298
12 1275
24 1188
17 1373
21 1455
11 1078
23 1220
15 1222
27 1266
14 1498
27 1418
17 1130
25 1010
22 1452
27 1116
25 1048
23 1383
15 1417
10 1291
18 1497
26 1113
19 1188
13 1436
16 1101
18 1258
11 1213
22 1197
29 1448
13 1302
15 1015
24 1155
19 1336
20 1014
20 1372
24 1115
11 1154
16 1086
14 1448
14 1009
16 1358
29 1332
17 1205
16 1049
11 1149
27 1468
19 1379
17 1181
24 1047
26 1355
18 1480
29 1283
28 1092
26 1274
29 1327
26 1490
17 1050
20 1495
13 1353
12 1020
22 1426
13 1337
28 1483
10 1187
12 1156
20 1481
12 1337
10 1109
24 1371
17 1442
15 1453
10 1320
22 1114
25 1335
14 1044
10 1482
27 1369
17 1425
18 1286
26 1317
25 1045
27 1424
26 1375
26 1123
23 1459
10 1176
24 1039
25 1378
10 1292
24 1470
18 1064
23 1333
21 1438
10 1149
24 1082
22 1416
10 1335
15 1476
23 1171
27 1362
14 1012
18 1171
19 1471
25 1072
20 1174
13 1205
19 1487
22 1419
25 1129
14 1342
12 1415
19 1110
16 1495
14 1257
14 1479
24 1457
19 1037
24 1278
19 1293
28 1063
15 1243
18 1448
24 1246
28 1306
13 1194
18 1287
13 1413
18 1271
21 1466
27 1170
20 1034
17 1054
21 1439
25 1223
20 1336
11 1283
15 1239
18 1019
22 1174
11 1405
19 1117
16 1228
28 1099
19 1470
10 1271
23 1244
23 1224
18 1187
23 1148
20 1208
23 1485
29 1323
10 1162
25 1344
27 1426
29 1479
25 1413
26 1388
24 1069
29 1112
20 1366
20 1495
20 1048
18 1445
15 1314
21 1050
10 1154
26 1278
22 1141
10 1315
15 1393
11 1077
16 1487
25 1122
13 1212
22 1072
26 1134
14 1231
29 1223
24 1133
19 1034
28 1262
18 1206
23 1320
23 1261
16 1097
29 1371
17 1044
13 1049
19 1023
13 1328
18 1160
19 1341
26 1485
21 1354
11 1434
26 1084
25 1212
28 1466
22 1059
11 1114
19 1023
27 1296
28 1045
17 1300
27 1077
28 1086
15 1348
10 1357
26 1414
11 1377
17 1300
11 1087
11 1046
24 1072
14 1368
11 1263
20 1391
26 1130
15 1462
13 1365
29 1394
23 1288
11 1325
24 1289
26 1139
27 1287
22 1292
18 1292
29 1194
11 1059
22 1387
29 1030
29 1188
29 1495
15 1029
27 1020
17 1230
22 1330
17 1035
12 1175
21 1087
10 1285
27 1110
13 1495
13 1396
23 1214
29 1186
12 1021
12 1289
26 1022
14 1227
15 1068
14 1061
16 1406
18 1168
10 1191
23 1368
25 1466
24 1341
15 1461
16 1488
13 1382
17 1196
27 1088
24 1015
21 1061
12 1282
18 1093
28 1368
14 1047
23 1254
10 1146
16 1323
29 1233
14 1002
28 1166
23 1123
19 1381
18 1472
24 1179
18 1048
23 1355
14 1355
12 1116
10 1001
23 1110
20 1338
13 1494
23 1054
15 1076
23 1474
22 1456
29 1010
18 1455
11 1379
28 1020
23 1036
18 1243
21 1123
21 1324
23 1420
13 1131
13 1349
16 1097
13 1138
13 1288
13 1053
16 1243
24 1387
22 1011
10 1279
18 1153
20 1378
12 1409
10 1391
22 1259
25 1196
14 1470
22 1289
17 1245
15 1457
22 1470
18 1483
13 1482
10 1455
29 1078
28 1429
19 1150
28 1102
12 1363
23 1036
27 1001
11 1491
12 1499
25 1307
24 1312
22 1237
29 1296
23 1330
10 1422
21 1334
17 1012
27 1347
26 1481
11 1137
28 1448
12 1430
18 1267
13 1024
17 1303
10 1250
20 1036
12 1236
12 1303
28 1316
19 1097
16 1159
24 1472
13 1350
25 1024
13 1019
27 1115
16 1430
26 1113
16 1370
19 1332
17 1352
15 1067
24 1150
26 1060
16 1155
21 1333
14 1419
11 1076
24 1060
27 1035
27 1074
25 1133
27 1354
22 1266
17 1469
15 1253
23 1409
10 1128
27 1403
10 1237
14 1355
29 1214
21 1163
25 1437
22 1211
28 1104
13 1463
15 1187
28 1117
16 1347
14 1207
26 1051
11 1255
24 1005
20 1213
16 1282
23 1312
24 1347
17 1302
22 1073
18 1317
19 1177
20 1258
24 1379
20 1246
12 1138
25 1373
28 1117
16 1308
24 1419
24 1374
11 1012
12 1227
14 1124
18 1102
13 1025
27 1491
12 1346
13 1081
22 1493
24 1461
20 1023
23 1459
13 1351
20 1386
26 1487
16 1115
12 1272
23 1396
16 1315
12 1073
21 1285
16 1429
14 1495
29 1282
11 1099
28 1493
15 1231
24 1123
22 1227
23 1258
27 1132
25 1408
10 1475
24 1429
12 1498
26 1070
25 1261
23 1366
26 1323
21 1408
14 1041
11 1131
24 1362
11 1432
23 1113
27 1028
27 1022
17 1014
28 1489
29 1406
24 1150
26 1069
22 1212
15 1439
16 1236
28 1448
14 1483
12 1154
22 1424
29 1130
29 1063
11 1301
20 1420
24 1071
29 1025
11 1329
14 1022
19 1395
20 1406
11 1009
17 1160
22 1345
19 1045
12 1018
23 1419
27 1425
28 1262
19 1152
25 1343
12 1401
16 1047
29 1155
12 1031
29 1379
26 1314
25 1229
11 1383
13 1073
25 1322
17 1294
12 1295
15 1016
20 1469
20 1346
10 1264
21 1169
27 1200
12 1025
25 1281
12 1065
14 1126
12 1175
26 1266
21 1438
14 1395
20 1408
12 1011
10 1104
14 1487
22 1205
24 1008
20 1380
18 1418
26 1073
21 1209
11 1491
10 1246
19 1016
24 1409
26 1236
25 1059
19 1435
28 1258
13 1230
25 1329
19 1183
19 1203
29 1233
18 1114
28 1284
19 1399
17 1059
28 1426
20 1476
28 1131
15 1244
26 1386
25 1369
19 1309
25 1070
24 1341
18 1170
24 1241
22 1017
15 1068
23 1488
24 1016
15 1464
16 1327
28 1028
12 1306
26 1053
29 1206
20 1059
15 1288
14 1085
16 1098
28 1243
16 1184
11 1080
24 1475
25 1085
13 1222
29 1448
22 1323
17 1004
28 1292
15 1228
25 1494
21 1105
25 1474
23 1477
16 1383
11 1298
18 1464
21 1148
20 1486
25 1264
20 1326
28 1076
19 1446
26 1040
14 1046
15 1436
27 1041
29 1368
21 1454
23 1498
16 1283
27 1496
19 1252
28 1092
22 1497
24 1103
14 1018
22 1238
15 1249
15 1012
28 1150
24 1346
14 1248
10 1334
29 1146
17 1182
19 1123
14 1452
19 1257
29 1103
23 1405
15 1465
24 1445
25 1137
25 1245
24 1044
12 1242
11 1179
24 1487
16 1119
28 1353
14 1197
29 1276
19 1452
19 1105
22 1346
18 1182
21 1146
20 1163
29 1258
14 1009
17 1387
27 1153
28 1134
13 1116
26 1189
19 1424
11 1450
23 1415
29 1039
13 1034
13 1156
16 1396
21 1389
28 1168
13 1120
15 1050
29 1319
18 1370
29 1191
27 1186
21 1109
25 1140
13 1268
16 1272
18 1246
18 1442
10 1194
14 1135
17 1397
16 1031
29 1275
12 1283
18 1192
21 1188
11 1287
15 1069
27 1323
10 1153
22 1281
23 1304
20 1211
28 1139
15 1281
10 1249
22 1093
11 1186
20 1066
27 1373
15 1198
27 1218
22 1246
20 1293
21 1126
26 1089
25 1443
19 1226
18 1248
24 1389
25 1143
26 1335
11 1051
17 1085
17 1444
29 1387
22 1201
11 1286
17 1287
20 1252
29 1226
10 1449
29 1264
10 1118
20 1264
25 1488
17 1111
24 1317
23 1119
23 1311
18 1308
20 1076
13 1064
14 1098
17 1355
28 1458
28 1178
29 1116
27 1292
25 1416
17 1219
28 1262
19 1059
27 1375
21 1474
20 1085
13 1177
26 1264
29 1013
10 1309
14 1418
25 1369
20 1322
18 1082
13 1201
17 1216
16 1168
15 1136
20 1426
28 1303
10 1260
28 1124
17 1148
15 1236
22 1129
16 1079
22 1437
23 1075
19 1155
20 1375
21 1232
26 1401
15 1145
15 1164
26 1036
24 1493
17 1468
17 1161
26 1465
20 1339
27 1250
16 1384
19 1458
25 1092
28 1228
11 1357
27 1460
19 1460
15 1198
21 1297
28 1090
25 1334
13 1272
29 1347
21 1213
10 1025
19 1164
15 1113
26 1446
17 1062
14 1076
17 1029
17 1231
28 1097
12 1190
24 1326
23 1092
21 1072
10 1251
14 1498
15 1091
29 1099
24 1233
24 1277
12 1061
19 1194
29 1277
11 1146
29 1311
25 1147
18 1061
24 1297
17 1481
18 1140
14 1062
17 1443
22 1047
24 1357
18 1064
26 1039
17 1235
22 1391
13 1439
10 1448
21 1473
19 1484
19 1473
13 1125
21 1154
20 1120
19 1363
27 1005
12 1012
11 1233
20 1401
11 1388
14 1057
12 1474
29 1479
28 1069
10 1486
13 1387
12 1336
26 1460
16 1083
11 1025
14 1003
21 1319
16 1095
15 1393
29 1446
16 1331
22 1143
29 1059
11 1163
22 1429
26 1323
13 1213
25 1010
28 1111
13 1243
19 1245
20 1443
23 1066
14 1028
28 1410
18 1282
20 1137
17 1204
23 1020
11 1283
27 1400
10 1281
13 1115
14 1492
11 1334
27 1461
10 1233
17 1373
18 1091
11 1165
13 1410
29 1078
29 1223
13 1051
28 1364
23 1309
16 1266
16 1093
27 1067
13 1206
23 1479
20 1306
15 1146
12 1269
28 1143
25 1215
26 1450
27 1363
17 1205
10 1207
17 1247
13 1414
13 1072
26 1111
22 1395
10 1133
21 1284
12 1280
14 1104
18 1017
13 1012
27 1271
27 1130
25 1291
16 1364
12 1097
20 1318
23 1496
14 1425
13 1352
27 1115
23 1313
18 1011
10 1078
18 1396
17 1478
22 1093
13 1376
26 1497
23 1357
14 1043
17 1482
26 1196
11 1155
23 1130
17 1228
10 1002
29 1182
14 1344
14 1006
12 1434
12 1406
25 1213
23 1089
26 1115
17 1443
13 1389
12 1000
29 1363
13 1050
13 1384
11 1171
19 1452
18 1035
23 1042
25 1259
24 1358
15 1013
19 1425
12 1141
14 1339
21 1120
10 1015
13 1148
17 1192
22 1205
28 1493
20 1331
20 1353
26 1389
15 1480
22 1041
13 1481
26 1322
19 1045
17 1301
10 1363
27 1478
29 1281
25 1293
12 1133
27 1018
26 1310
11 1336
23 1167
20 1019
18 1401
16 1382
22 1024
10 1478
24 1427
20 1235
11 1033
14 1002
28 1261
11 1172
22 1324
18 1161
14 1193
21 1031
18 1098
27 1322
13 1330
21 1461
24 1465
10 1114
23 1479
26 1174
13 1378
28 1104
18 1012
17 1329
15 1099
28 1443
15 1453
25 1327
17 1353
29 1409
29 1427
27 1289
19 1412
25 1185
25 1352
22 1487
26 1233
22 1189
17 1089
10 1366
17 1352
27 1496
26 1392
17 1147
20 1454
28 1205
27 1342
21 1297
22 1392
29 1469
17 1097
16 1240
24 1127
29 1417
22 1389
20 1236
24 1187
17 1173
29 1039
17 1018
13 1195
21 1031
18 1310
25 1350
29 1393
12 1265
21 1114
13 1451
10 1076
21 1289
27 1050
11 1198
29 1008
28 1487
19 1315
10 1372
10 1205
21 1388
19 1278
25 1192
17 1282
17 1314
11 1468
24 1281
13 1209
12 1189
14 1072
16 1315
14 1016
20 1395
18 1100
20 1213
25 1390
11 1142
25 1193
28 1281
19 1296
26 1433
24 1044
27 1353
12 1465
25 1207
28 1163
18 1425
12 1490
11 1484
21 1399
29 1025
15 1073
22 1347
14 1209
25 1036
20 1344
13 1156
25 1089
13 1150
10 1334
11 1485
10 1254
17 1388
22 1001
22 1463
16 1241
16 1256
19 1287
14 1263
18 1276
23 1237
27 1300
20 1120
16 1188
23 1138
15 1255
14 1261
16 1306
19 1348
13 1477
17 1494
18 1308
10 1496
17 1055
16 1349
15 1056
25 1378
25 1370
27 1215
17 1257
26 1073
16 1221
10 1054
12 1303
10 1123
25 1323
21 1411
10 1230
11 1235
22 1493
25 1017
29 1052
21 1379
15 1209
24 1098
15 1161
26 1014
18 1125
29 1392
25 1282
20 1497
18 1415
29 1119
12 1189
20 1107
22 1404
16 1084
14 1079
13 1332
16 1140
11 1493
20 1051
21 1458
16 1488
13 1173
10 1154
27 1354
19 1051
18 1141
16 1384
21 1104
11 1047
22 1022
29 1412
27 1208
27 1064
16 1440
10 1421
14 1048
16 1205
24 1408
22 1022
16 1132
29 1300
12 1128
21 1392
28 1074
26 1176
12 1475
23 1307
15 1402
20 1243
23 1041
22 1470
26 1195
16 1348
18 1154
22 1449
14 1178
28 1109
21 1199
28 1487
13 1321
29 1168
13 1155
23 1087
18 1113
29 1338
13 1055
24 1415
26 1437
23 1235
14 1288
17 1128
19 1040
19 1113
18 1382
19 1485
17 1134
19 1062
16 1052
29 1324
15 1083
15 1046
29 1038
26 1010
17 1068
17 1193
13 1109
20 1042
27 1253
14 1431
27 1038
10 1073
12 1262
15 1096
19 1245
24 1216
28 1402
15 1475
24 1467
16 1478
11 1058
18 1167
16 1219
20 1034
17 1367
21 1362
28 1416
27 1407
18 1124
19 1427
26 1236
24 1044
24 1162
28 1394
22 1188
13 1387
19 1181
16 1209
18 1355
20 1001
25 1132
29 1174
10 1099
25 1246
13 1148
20 1260
16 1307
16 1003
11 1016
21 1433
15 1004
13 1178
14 1042
25 1278
26 1380
13 1325
28 1332
23 1010
25 1235
17 1031
11 1386
26 1350
22 1335
28 1494
24 1294
20 1391
11 1413
21 1198
26 1140
21 1112
26 1410
19 1215
26 1146
25 1368
27 1494
14 1039
26 1394
18 1343
21 1243
28 1403
11 1074
28 1234
19 1345
28 1450
29 1212
27 1055
15 1025
13 1437
28 1096
16 1106
18 1419
26 1320
26 1225
26 1031
21 1443
27 1438
28 1438
21 1077
15 1072
24 1285
21 1348
14 1206
19 1367
17 1390
12 1124
28 1196
15 1485
25 1207
26 1370
14 1186
10 1447
16 1206
17 1154
24 1454
19 1249
28 1201
24 1497
24 1063
11 1071
20 1143
13 1006
27 1153
10 1201
25 1320
19 1434
26 1198
26 1252
28 1007
15 1393
19 1114
19 1270
28 1120
16 1214
10 1095
29 1195
22 1292
27 1211
13 1479
24 1456
24 1332
28 1105
11 1474
21 1280
22 1492
15 1453
13 1052
20 1492
14 1403
13 1390
16 1000
29 1019
17 1345
28 1219
12 1434
27 1484
27 1302
17 1258
11 1340
27 1243
24 1386
21 1404
20 1112
17 1437
15 1159
16 1047
24 1013
22 1199
19 1034
15 1402
29 1166
15 1192
21 1416
13 1066
23 1167
17 1145
26 1077
14 1479
26 1443
28 1329
22 1264
29 1472
23 1200
13 1483
29 1226
17 1379
28 1459
14 1296
29 1015
15 1317
21 1316
12 1317
26 1113
19 1453
18 1169
16 1050
12 1479
15 1325
25 1192
13 1061
25 1237
22 1005
23 1352
12 1430
16 1371
28 1398
11 1153
15 1483
27 1231
27 1389
26 1462
23 1282
19 1014
12 1429
15 1274
23 1363
24 1198
17 1198
10 1236
16 1019
17 1356
23 1419
11 1123
22 1221
10 1233
13 1286
12 1461
23 1087
25 1217
18 1469
11 1372
29 1449
18 1262
27 1332
22 1091
26 1391
26 1447
14 1176
14 1197
21 1365
12 1058
23 1039
25 1407
10 1217
28 1490
23 1312
17 1346
14 1334
16 1275
21 1220
26 1290
28 1220
27 1356
20 1271
26 1213
18 1402
19 1219
29 1237
12 1306
11 1145
15 1232
23 1241
24 1223
26 1496
11 1139
22 1124
28 1225
29 1324
12 1363
19 1336
29 1087
12 1057
26 1024
26 1160
15 1473
14 1126
23 1207
20 1258
18 1344
19 1398
21 1413
13 1380
16 1139
25 1432
22 1351
17 1365
26 1411
19 1273
14 1288
22 1428
16 1190
17 1496
25 1226
26 1320
28 1056
16 1123
20 1105
17 1142
22 1478
25 1299
10 1049
10 1413
15 1380
26 1316
20 1428
23 1456
28 1313
17 1400
29 1230
19 1229
13 1343
10 1403
23 1188
14 1157
21 1287
22 1180
26 1332
20 1210
10 1450
29 1068
12 1015
10 1030
28 1228
19 1068
15 1096
23 1306
17 1183
17 1050
24 1149
13 1318
18 1447
15 1069
22 1054
15 1291
20 1356
29 1489
16 1201
22 1054
16 1006
27 1023
13 1451
24 1002
18 1426
12 1203
29 1364
16 1032
15 1289
22 1256
17 1041
24 1199
24 1374
10 1338
20 1255
15 1184
25 1307
24 1080
19 1133
18 1439
25 1105
19 1137
27 1451
21 1395
23 1144
28 1212
14 1486
25 1098
23 1450
20 1421
20 1097
23 1065
18 1295
28 1381
28 1467
15 1271
21 1286
15 1450
24 1188
26 1265
24 1043
13 1445
14 1465
28 1224
18 1298
25 1269
18 1354
21 1147
19 1024
22 1167
25 1247
12 1043
27 1244
17 1220
26 1160
19 1097
23 1421
12 1303
14 1355
10 1289
25 1275
24 1133
25 1091
17 1265
23 1319
25 1283
12 1146
29 1075
15 1178
25 1033
11 1442
19 1425
19 1262
28 1255
21 1493
10 1367
15 1435
28 1335
21 1041
18 1062
11 1366
26 1105
20 1181
17 1328
20 1215
20 1332
25 1263
22 1231
23 1477
18 1455
25 1230
27 1186
25 1161
28 1469
16 1345
26 1151
26 1434
14 1146
24 1317
14 1483
26 1177
24 1176
24 1042
20 1317
22 1238
14 1130
18 1266
27 1151
20 1466
24 1218
25 1028
12 1291
11 1060
17 1293
25 1188
20 1220
14 1136
20 1246
21 1014
14 1116
27 1361
13 1155
13 1330
16 1028
20 1429
13 1250
20 1034
29 1009
29 1147
16 1430
18 1141
16 1345
16 1131
24 1415
11 1283
13 1448
19 1266
22 1000
10 1499
17 1161
14 1284
13 1314
23 1391
28 1313
22 1446
28 1409
15 1008
13 1194
25 1271
26 1234
23 1480
25 1092
12 1217
25 1001
22 1446
23 1223
19 1293
23 1018
25 1055
29 1392
15 1460
12 1358
10 1206
25 1177
29 1186
23 1195
12 1057
18 1296
16 1006
10 1478
22 1241
26 1365
11 1337
27 1178
16 1487
17 1152
26 1089
10 1139
25 1037
26 1161
26 1135
15 1001
24 1288
10 1468
23 1301
13 1283
18 1048
11 1355
18 1196
26 1150
20 1392
25 1336
19 1330
17 1347
14 1285
18 1314
28 1030
13 1289
25 1135
23 1222
27 1269
17 1317
25 1198
14 1119
19 1315
10 1292
18 1034
26 1010
13 1101
29 1382
16 1356
26 1005
18 1194
19 1066
23 1271
23 1170
23 1318
14 1121
14 1000
14 1407
14 1169
16 1194
23 1279
14 1154
19 1114
27 1100
11 1284
25 1444
28 1308
10 1179
16 1323
16 1068
29 1286
15 1368
26 1334
12 1188
26 1481
27 1262
14 1079
29 1104
21 1048
18 1057
11 1361
27 1195
12 1135
25 1455
21 1221
27 1476
14 1441
22 1137
24 1348
29 1110
21 1144
27 1144
23 1433
13 1480
25 1391
22 1380
29 1392
16 1121
29 1199
15 1403
10 1172
20 1062
22 1227
11 1022
16 1048
24 1429
19 1288
22 1087
10 1026
22 1333
13 1205
27 1427
27 1118
14 1150
29 1156
28 1126
15 1213
26 1367
23 1093
23 1039
20 1062
15 1214
25 1283
27 1103
23 1450
23 1314
13 1158
12 1356
17 1030
23 1483
21 1320
27 1341
29 1160
28 1184
28 1402
28 1225
28 1012
19 1050
12 1257
15 1170
15 1293
12 1456
17 1088
27 1368
21 1458
17 1134
21 1166
15 1191
10 1292
12 1385
13 1101
20 1005
25 1040
14 1193
15 1298
21 1187
15 1286
13 1477
10 1450
17 1177
26 1410
13 1167
15 1275
22 1212
28 1260
15 1490
20 1378
25 1005
26 1398
15 1102
11 1475
10 1106
14 1439
15 1052
24 1390
23 1193
13 1318
15 1084
26 1333
27 1346
10 1092
19 1446
29 1346
17 1380
21 1268
19 1385
20 1465
17 1283
20 1327
10 1147
26 1072
25 1401
28 1035
25 1246
26 1092
25 1150
25 1017
27 1031
22 1452
26 1262
25 1083
11 1117
27 1165
11 1008
10 1484
25 1457
11 1028
14 1433
11 1200
28 1072
22 1370
24 1220
29 1340
15 1422
10 1429
27 1324
25 1359
14 1325
20 1075
18 1438
14 1347
24 1174
16 1365
15 1338
24 1199
19 1085
13 1123
18 1000
26 1100
12 1136
28 1155
26 1115
20 1221
26 1118
27 1161
23 1166
11 1057
23 1265
28 1137
14 1162
26 1084
14 1320
12 1326
19 1471
21 1074
29 1361
22 1265
11 1176
28 1445
11 1074
23 1142
12 1413
20 1089
15 1408
21 1437
29 1443
29 1398
24 1410
16 1190
24 1220
26 1113
27 1338
15 1313
24 1038
23 1218
28 1189
16 1392
20 1101
15 1014
12 1450
10 1138
16 1042
15 1231
19 1135
10 1496
20 1033
16 1126
15 1101
16 1492
28 1364
29 1071
16 1001
11 1175
15 1008
21 1447
13 1247
22 1003
19 1154
23 1168
14 1082
14 1270
26 1056
17 1156
27 1267
13 1469
16 1390
10 1432
28 1116
14 1094
26 1317
25 1311
20 1369
25 1129
15 1477
11 1094
16 1426
11 1086
29 1441
13 1078
11 1197
10 1168
11 1371
18 1047
11 1071
27 1040
11 1333
17 1332
17 1370
10 1147
20 1495
12 1257
16 1354
12 1031
19 1152
15 1189
19 1404
29 1422
13 1468
13 1062
13 1450
12 1005
24 1035
21 1197
18 1029
23 1405
28 1006
12 1471
19 1279
11 1497
17 1033
11 1126
14 1487
19 1371
26 1235
13 1314
28 1036
13 1128
27 1167
29 1091
10 1222
14 1276
16 1411
11 1137
14 1192
15 1443
25 1386
26 1110
15 1209
18 1090
28 1458
24 1340
11 1089
26 1430
17 1421
28 1393
28 1372
17 1015
12 1192
29 1012
13 1065
15 1310
18 1332
26 1265
29 1106
29 1209
29 1138
26 1419
19 1107
14 1491
28 1060
13 1428
12 1445
10 1230
19 1034
17 1069
20 1413
21 1366
23 1326
11 1409
19 1365
24 1294
11 1137
12 1115
24 1135
17 1241
25 1241
18 1285
12 1010
13 1459
10 1000
18 1360
21 1214
24 1270
20 1412
12 1439
22 1476
16 1055
18 1073
18 1155
12 1481
17 1448
19 1321
27 1222
27 1201
29 1156
10 1336
20 1151
21 1179
13 1413
18 1332
17 1444
19 1462
19 1111
18 1004
12 1099
22 1070
29 1302
14 1490
13 1324
24 1412
21 1218
26 1373
23 1206
27 1235
13 1231
10 1179
25 1202
14 1108
29 1413
15 1122
19 1473
19 1096
19 1475
12 1008
25 1456
28 1464
15 1151
23 1447
23 1191
23 1030
25 1056
18 1286
14 1411
16 1380
29 1119
23 1278
27 1090
28 1337
26 1247
19 1153
17 1385
10 1070
14 1468
15 1300
22 1273
13 1021
28 1332
24 1192
20 1225
23 1105
21 1240
16 1474
10 1117
21 1284
20 1038
12 1163
16 1118
27 1136
20 1018
18 1021
25 1362
16 1105
28 1306
21 1019
21 1141
25 1418
28 1224
20 1401
28 1029
10 1015
27 1039
13 1147
16 1185
16 1246
24 1154
24 1269
25 1341
19 1156
28 1033
29 1180
14 1482
27 1112
19 1185
29 1414
26 1066
21 1147
22 1247
11 1248
23 1468
11 1020
29 1087
14 1437
12 1357
28 1216
15 1162
22 1390
14 1438
24 1207
19 1310
10 1422
14 1150
26 1305
19 1223
22 1479
13 1144
12 1269
19 1318
22 1207
23 1122
23 1132
15 1150
18 1037
26 1323
12 1365
27 1216
15 1341
23 1462
15 1036
27 1250
23 1437
19 1288
25 1013
11 1125
26 1287
23 1085
26 1251
28 1294
22 1083
13 1397
23 1088
29 1331
12 1271
29 1195
18 1009
27 1391
12 1061
19 1030
21 1049
22 1297
27 1117
14 1049
19 1371
19 1450
23 1223
20 1214
14 1448
22 1146
10 1246
13 1261
17 1357
23 1179
21 1469
16 1075
20 1301
10 1328
27 1444
10 1351
22 1064
27 1255
26 1006
20 1191
22 1480
21 1154
29 1450
10 1414
25 1321
10 1047
12 1324
15 1076
28 1252
21 1244
15 1273
16 1098
24 1391
22 1065
22 1191
27 1434
14 1001
28 1499
16 1072
20 1045
20 1233
27 1313
19 1065
28 1067
14 1102
15 1049
29 1051
14 1342
15 1273
13 1126
14 1213
20 1271
14 1032
24 1115
24 1151
18 1490
11 1051
21 1007
26 1168
16 1284
25 1043
25 1027
29 1269
16 1318
23 1302
26 1026
15 1422
23 1208
28 1267
23 1007
29 1342
22 1208
19 1389
27 1042
12 1010
27 1115
14 1175
14 1115
20 1451
23 1252
20 1495
11 1145
22 1445
28 1057
18 1049
14 1023
22 1028
27 1464
15 1030
26 1401
15 1088
21 1065
14 1070
14 1400
25 1058
23 1390
28 1305
18 1420
14 1352
13 1239
15 1077
12 1473
16 1363
24 1480
13 1404
29 1346
19 1151
11 1306
15 1040
29 1040
29 1255
16 1394
27 1087
29 1121
21 1186
10 1088
25 1045
25 1076
23 1490
18 1038
11 1062
14 1149
16 1305
24 1252
17 1176
17 1037
19 1494
24 1204
29 1492
13 1434
18 1313
21 1160
27 1189
21 1176
24 1372
18 1081
28 1068
21 1297
29 1270
11 1015
16 1340
27 1200
15 1101
19 1308
20 1451
15 1258
15 1107
27 1052
14 1296
23 1322
18 1000
21 1375
18 1276
14 1422
28 1286
14 1201
25 1349
26 1150
20 1197
12 1169
14 1044
26 1272
18 1485
15 1076
26 1325
20 1431
16 1082
10 1206
28 1141
22 1377
13 1497
11 1109
16 1145
26 1080
10 1096
22 1021
11 1130
16 1295
22 1117
20 1454
25 1063
27 1223
12 1474
19 1464
24 1385
24 1354
11 1264
14 1027
27 1152
27 1288
13 1175
22 1367
22 1398
15 1140
18 1440
20 1128
21 1214
26 1360
29 1029
11 1298
10 1431
25 1071
19 1439
16 1049
26 1328
29 1354
10 1236
14 1229
12 1369
26 1459
14 1307
14 1010
27 1461
18 1373
17 1004
24 1188
29 1118
12 1066
11 1277
12 1115
23 1148
10 1479
19 1375
15 1196
25 1424
16 1474
10 1364
20 1355
18 1028
20 1208
25 1341
13 1138
11 1255
15 1145
29 1004
12 1041
22 1000
26 1208
29 1271
29 1385
12 1186
22 1107
25 1140
25 1278
20 1062
12 1329
19 1432
18 1266
20 1192
29 1075
14 1487
27 1000
13 1279
19 1470
17 1030
17 1398
25 1227
25 1059
21 1241
13 1468
22 1206
27 1288
17 1038
14 1288
21 1261
24 1020
10 1393
29 1098
12 1337
21 1371
16 1306
14 1325
12 1262
10 1129
27 1151
14 1433
10 1247
14 1208
20 1175
15 1171
23 1469
24 1329
17 1084
16 1246
16 1130
22 1400
23 1247
12 1355
16 1181
20 1350
26 1493
18 1139
25 1168
26 1200
29 1177
18 1073
16 1373
24 1326
27 1018
23 1407
22 1263
25 1367
17 1009
27 1422
14 1043
24 1185
21 1238
15 1455
22 1252
18 1300
12 1273
27 1451
14 1345
29 1147
25 1085
16 1180
24 1039
28 1066
28 1406
18 1263
10 1017
18 1380
12 1284
15 1136
18 1016
28 1336
16 1314
13 1034
23 1126
29 1080
14 1206
16 1239
27 1273
13 1151
29 1113
22 1444
22 1478
19 1204
10 1073
17 1258
13 1060
28 1481
23 1325
12 1258
25 1467
25 1032
11 1458
24 1096
18 1143
15 1390
29 1425
10 1196
19 1328
14 1453
21 1390
29 1358
20 1402
11 1263
28 1162
13 1216
14 1453
19 1385
25 1090
23 1308
22 1236
22 1371
15 1459
13 1302
25 1064
20 1279
28 1464
13 1015
11 1492
21 1474
28 1309
10 1093
25 1218
13 1219
26 1475
21 1347
12 1221
10 1053
17 1011
15 1410
26 1262
12 1270
23 1013
26 1195
12 1218
11 1200
10 1399
11 1351
27 1201
25 1044
20 1013
23 1105
22 1149
12 1417
15 1135
15 1260
21 1468
14 1248
16 1003
16 1314
28 1089
28 1039
19 1122
27 1283
21 1354
10 1350
25 1358
20 1171
20 1495
11 1266
11 1262
15 1400
14 1369
11 1129
22 1261
18 1321
13 1162
21 1274
10 1168
18 1497
12 1459
25 1436
27 1452
16 1286
29 1259
21 1209
13 1028
16 1394
24 1377
16 1461
21 1189
27 1384
24 1355
21 1079
14 1126
19 1008
27 1424
13 1083
17 1137
27 1497
22 1171
28 1047
20 1146
28 1207
18 1049
15 1241
20 1039
16 1254
26 1438
21 1072
18 1162
27 1278
26 1167
21 1459
24 1424
24 1096
14 1483
18 1056
28 1378
20 1065
20 1067
21 1248
18 1052
25 1490
17 1205
10 1286
18 1049
16 1464
13 1297
16 1244
15 1286
11 1411
13 1247
15 1189
13 1405
28 1446
17 1197
16 1265
26 1391
16 1406
12 1166
11 1036
29 1326
23 1178
19 1292
21 1016
15 1217
23 1383
27 1025
13 1116
12 1031
14 1329
10 1394
20 1484
15 1061
20 1476
29 1033
20 1489
25 1060
25 1108
20 1156
19 1049
27 1090
12 1246
11 1452
25 1150
23 1467
24 1131
15 1440
14 1002
28 1288
23 1370
22 1248
12 1338
22 1054
13 1146
11 1400
28 1216
29 1296
28 1031
17 1214
27 1063
13 1358
23 1085
13 1369
16 1071
14 1286
10 1186
27 1150
18 1411
11 1402
21 1442
15 1394
15 1226
18 1070
14 1105
20 1048
10 1188
13 1108
19 1472
26 1118
14 1410
14 1086
26 1199
23 1289
27 1126
22 1330
12 1003
19 1484
18 1165
12 1325
13 1450
26 1473
11 1145
10 1072
13 1422
15 1475
21 1127
10 1404
19 1398
10 1162
25 1381
14 1212
24 1092
26 1336
14 1339
16 1434
19 1017
27 1451
25 1323
17 1059
25 1265
12 1222
11 1023
18 1066
14 1121
21 1456
12 1093
27 1471
14 1014
21 1310
17 1018
19 1121
18 1365
29 1452
12 1447
12 1466
17 1152
13 1326
18 1129
15 1114
18 1032
22 1369
18 1456
18 1377
11 1415
13 1192
22 1005
18 1135
20 1346
26 1415
18 1449
14 1056
14 1010
25 1178
20 1406
27 1205
24 1100
22 1488
19 1002
19 1252
25 1411
12 1425
18 1477
26 1249
13 1264
28 1320
17 1311
21 1241
24 1171
22 1233
19 1194
20 1467
18 1221
14 1446
13 1378
27 1009
26 1174
29 1097
10 1345
10 1102
21 1086
11 1227
23 1346
25 1018
23 1388
12 1223
14 1263
20 1325
14 1350
23 1020
11 1329
12 1046
13 1183
21 1307
14 1018
19 1066
28 1137
25 1191
28 1106
10 1118
21 1490
13 1248
15 1180
21 1158
18 1327
12 1028
10 1057
20 1365
27 1471
10 1406
14 1148
23 1186
22 1267
11 1408
11 1380
29 1173
26 1319
28 1034
24 1264
28 1473
18 1255
16 1105
29 1076
18 1421
27 1274
24 1237
11 1169
13 1420
10 1389
18 1431
26 1021
12 1361
29 1103
25 1153
21 1265
11 1414
27 1353
22 1030
25 1049
18 1094
19 1046
25 1049
23 1129
20 1273
10 1426
13 1228
17 1361
24 1003
18 1349
16 1305
15 1037
24 1213
26 1246
18 1239
20 1409
27 1158
14 1160
29 1079
12 1088
13 1054
27 1077
27 1468
25 1441
15 1000
29 1138
27 1058
11 1219
14 1157
18 1115
20 1228
25 1270
18 1346
22 1176
15 1140
23 1433
10 1027
24 1186
11 1276
20 1385
11 1047
12 1476
10 1422
26 1343
11 1328
14 1055
18 1328
21 1467
20 1008
20 1018
20 1206
13 1452
18 1189
13 1294
13 1478
13 1481
27 1045
17 1359
24 1398
21 1075
25 1293
23 1250
29 1249
23 1325
24 1241
19 1053
27 1482
18 1235
13 1177
18 1319
16 1440
29 1222
10 1246
26 1455
20 1399
25 1436
10 1447
24 1072
12 1422
20 1294
13 1009
23 1034
20 1246
16 1088
21 1484
18 1072
21 1375
10 1160
19 1374
26 1107
18 1055
11 1420
16 1270
24 1466
10 1222
16 1475
28 1143
15 1248
18 1317
22 1137
18 1465
25 1289
23 1449
19 1282
27 1326
23 1410
25 1172
23 1339
27 1223
13 1199
27 1007
11 1074
10 1475
13 1006
27 1274
23 1477
24 1399
23 1352
28 1426
23 1158
27 1246
12 1108
20 1070
13 1046
11 1476
29 1384
18 1096
24 1340
23 1448
19 1182
23 1282
23 1254
28 1479
28 1390
24 1104
12 1092
19 1287
15 1160
26 1478
28 1492
12 1362
15 1133
13 1159
24 1284
27 1386
13 1340
15 1239
24 1241
17 1333
13 1496
28 1106
29 1070
12 1460
12 1132
12 1007
21 1374
16 1392
14 1403
27 1464
12 1207
26 1238
24 1038
16 1152
18 1485
15 1278
14 1169
23 1071
20 1128
15 1268
25 1057
22 1262
26 1140
19 1335
23 1114
29 1057
19 1481
11 1167
12 1084
10 1087
22 1175
25 1354
13 1063
16 1256
19 1289
23 1298
15 1052
21 1435
12 1198
26 1011
20 1292
14 1318
24 1386
22 1329
25 1285
15 1234
12 1415
14 1039
18 1187
11 1358
27 1268
19 1286
16 1212
28 1082
19 1079
10 1391
10 1386
19 1334
20 1010
23 1135
13 1381
13 1246
19 1438
13 1443
17 1001
27 1111
21 1498
22 1448
13 1460
18 1051
12 1121
27 1153
22 1397
21 1286
14 1436
13 1326
16 1346
27 1179
24 1119
20 1020
13 1103
15 1041
27 1463
11 1390
18 1312
11 1075
14 1497
17 1417
29 1377
12 1304
22 1145
24 1373
12 1476
17 1222
29 1371
26 1267
21 1123
14 1304
24 1172
28 1206
10 1002
22 1260
11 1474
28 1218
23 1059
29 1375
26 1429
13 1410
17 1412
21 1225
20 1167
12 1273
23 1004
15 1156
12 1477
11 1266
17 1178
23 1273
24 1452
26 1465
12 1110
12 1305
26 1017
10 1014
10 1114
25 1165
11 1047
20 1057
11 1224
12 1181
11 1462
11 1242
10 1146
27 1205
28 1047
22 1199
16 1362
13 1398
21 1425
11 1289
24 1435
19 1309
29 1324
29 1106
23 1412
11 1430
28 1080
10 1123
10 1347
21 1040
24 1094
21 1163
26 1119
22 1130
29 1073
17 1131
23 1070
20 1425
16 1303
14 1291
29 1133
23 1271
19 1217
12 1053
24 1496
25 1226
21 1212
22 1249
29 1176
25 1029
12 1221
25 1392
27 1085
26 1095
23 1324
13 1076
27 1426
22 1344
26 1291
15 1186
13 1287
17 1292
21 1224
19 1407
11 1462
11 1157
13 1316
25 1000
25 1037
12 1326
21 1461
23 1014
29 1205
12 1438
23 1096
15 1222
13 1158
24 1381
18 1189
16 1260
20 1462
26 1191
15 1062
10 1090
19 1097
13 1224
15 1339
10 1105
11 1181
23 1391
20 1093
16 1078
10 1169
14 1152
14 1280
14 1484
26 1392
12 1489
17 1211
22 1309
24 1143
11 1250
12 1288
29 1296
21 1447
13 1441
19 1014
22 1419
28 1085
24 1499
14 1164
19 1127
27 1131
14 1355
26 1290
14 1217
20 1299
16 1180
23 1390
18 1233
23 1323
19 1322
23 1425
13 1244
12 1157
24 1299
23 1240
29 1490
25 1202
11 1045
16 1437
25 1178
23 1166
21 1050
15 1012
13 1374
12 1166
29 1016
17 1468
26 1049
29 1183
15 1456
18 1069
24 1140
15 1203
14 1348
28 1148
15 1104
15 1230
27 1123
10 1108
27 1419
17 1338
21 1131
19 1246
15 1180
15 1478
29 1406
25 1229
24 1029
10 1229
20 1232
11 1024
20 1133
14 1141
18 1425
24 1068
23 1109
27 1072
14 1045
17 1007
11 1350
23 1411
18 1022
29 1209
14 1394
19 1195
12 1091
13 1008
18 1100
23 1125
29 1047
20 1364
28 1468
14 1309
23 1141
14 1340
16 1225
28 1277
15 1453
25 1323
20 1114
29 1010
11 1009
28 1340
16 1012
13 1339
13 1184
20 1271
25 1068
14 1280
17 1165
26 1011
27 1066
17 1206
15 1220
29 1056
25 1274
10 1299
17 1077
28 1366
14 1006
16 1485
11 1150
20 1351
12 1030
12 1375
20 1440
21 1099
12 1218
10 1040
12 1128
16 1455
14 1241
16 1109
26 1148
20 1319
22 1159
20 1408
25 1219
22 1493
13 1096
20 1236
17 1103
24 1456
25 1286
28 1176
19 1488
28 1342
10 1205
28 1309
14 1099
11 1011
19 1370
29 1081
10 1081
24 1381
17 1228
21 1225
13 1034
16 1346
16 1177
28 1305
28 1195
24 1086
18 1479
27 1462
14 1242
10 1435
25 1492
21 1380
23 1182
22 1374
16 1040
19 1087
24 1068
23 1126
10 1262
23 1355
28 1434
27 1048
17 1072
21 1341
13 1026
12 1112
27 1451
24 1013
25 1039
11 1297
22 1182
24 1041
24 1191
17 1275
14 1233
23 1242
16 1340
10 1345
16 1247
15 1404
13 1496
28 1179
17 1378
24 1140
24 1053
23 1300
23 1240
14 1332
19 1431
27 1295
15 1017
15 1204
19 1477
28 1181
20 1338
12 1098
21 1076
28 1324
24 1082
26 1066
21 1132
28 1124
27 1498
21 1132
20 1295
20 1273
18 1174
18 1331
27 1081
25 1497
20 1189
11 1049
21 1307
19 1422
25 1153
21 1330
16 1424
24 1109
17 1315
12 1152
12 1040
10 1438
23 1038
16 1166
17 1183
16 1027
24 1336
14 1246
27 1406
14 1440
11 1121
27 1253
24 1428
22 1178
14 1246
29 1330
17 1459
15 1441
12 1341
19 1018
21 1292
24 1060
26 1094
10 1297
27 1294
22 1321
21 1378
23 1498
15 1318
14 1176
23 1440
28 1206
10 1414
24 1328
21 1196
14 1410
15 1030
14 1080
25 1155
12 1444
11 1219
10 1337
27 1132
21 1027
16 1235
22 1243
25 1190
20 1100
28 1126
22 1490
25 1193
19 1224
29 1166
13 1332
15 1120
18 1470
26 1345
24 1327
20 1126
14 1325
29 1249
16 1015
23 1218
24 1314
11 1339
11 1219
15 1037
14 1041
20 1219
12 1153
11 1286
13 1199
16 1282
17 1377
28 1394
13 1127
29 1087
19 1454
21 1064
18 1404
14 1410
13 1053
14 1360
20 1325
15 1021
11 1058
29 1059
28 1461
21 1444
26 1279
27 1227
15 1231
27 1057
29 1183
27 1494
12 1285
27 1273
12 1418
22 1452
17 1041
22 1332
16 1039
29 1112
11 1194
14 1137
20 1311
10 1377
27 1227
24 1485
26 1290
22 1096
21 1409
17 1213
12 1375
29 1338
10 1450
14 1394
20 1306
14 1334
11 1131
24 1112
28 1101
20 1224
10 1449
13 1125
17 1448
20 1460
19 1480
29 1419
12 1338
29 1300
21 1299
29 1026
27 1323
22 1154
10 1359
15 1080
24 1478
23 1466
27 1420
18 1277
19 1237
13 1351
29 1020
14 1045
14 1154
21 1400
27 1138
16 1267
20 1398
21 1146
16 1073
16 1028
28 1224
15 1044
13 1160
26 1273
13 1317
11 1047
11 1284
16 1371
28 1244
26 1412
22 1038
28 1120
26 1347
23 1486
26 1036
15 1144
17 1078
11 1416
14 1416
25 1007
26 1446
12 1223
29 1027
20 1301
21 1480
19 1344
20 1063
13 1490
17 1456
29 1011
14 1098
21 1214
21 1444
11 1287
28 1317
21 1438
17 1047
27 1171
19 1030
14 1483
23 1357
27 1030
28 1146
17 1464
20 1428
13 1246
26 1250
10 1185
23 1230
23 1280
12 1093
17 1469
18 1189
15 1429
21 1104
15 1198
27 1111
10 1106
11 1424
22 1089
16 1265
22 1307
25 1335
22 1245
24 1202
14 1155
27 1095
11 1484
10 1441
17 1294
21 1145
12 1357
25 1418
16 1395
26 1365
25 1314
11 1021
15 1425
29 1156
28 1425
14 1207
28 1242
20 1136
19 1150
18 1177
10 1349
21 1351
23 1277
21 1398
27 1057
24 1405
13 1082
23 1037
21 1446
19 1288
25 1107
14 1461
22 1158
25 1228
22 1340
10 1270
25 1393
12 1294
18 1482
28 1035
16 1339
29 1402
29 1124
10 1086
23 1477
22 1397
12 1174
15 1001
17 1081
26 1452
18 1250
24 1087
28 1042
22 1293
21 1149
26 1264
16 1464
14 1347
26 1495
12 1281
24 1102
22 1138
23 1263
23 1142
22 1038
22 1030
27 1225
21 1339
19 1472
23 1322
14 1083
20 1224
28 1099
17 1411
20 1370
26 1383
21 1142
21 1313
17 1215
13 1262
14 1279
24 1124
25 1186
16 1002
13 1450
15 1214
15 1023
23 1086
27 1180
28 1034
21 1361
10 1492
10 1207
28 1306
28 1273
24 1219
10 1207
20 1071
14 1085
20 1294
13 1156
14 1338
17 1073
23 1390
20 1206
17 1273
16 1286
26 1102
11 1431
25 1473
23 1394
20 1367
20 1105
13 1390
25 1445
25 1113
23 1362
18 1245
14 1035
24 1200
27 1418
16 1309
18 1078
22 1277
12 1438
13 1219
17 1264
13 1349
23 1277
15 1323
14 1052
25 1086
18 1492
27 1316
15 1424
12 1217
16 1018
16 1196
26 1100
22 1008
10 1179
14 1290
13 1463
28 1202
29 1280
12 1062
29 1394
14 1345
13 1363
13 1128
11 1236
29 1391
16 1224
15 1053
17 1139
27 1306
24 1103
16 1165
25 1401
29 1199
21 1381
28 1311
29 1076
29 1349
26 1205
22 1010
23 1315
17 1173
21 1066
17 1178
12 1147
19 1375
12 1172
21 1492
27 1186
22 1310
22 1218
14 1041
15 1387
25 1236
29 1312
21 1089
19 1009
21 1363
12 1111
15 1048
20 1358
16 1189
11 1282
20 1031
29 1334
27 1350
27 1368
19 1023
10 1430
18 1342
20 1416
22 1294
15 1080
22 1265
19 1461
21 1132
25 1191
15 1188
20 1358
14 1239
10 1215
29 1102
15 1036
20 1138
10 1255
28 1305
25 1366
14 1109
28 1442
12 1423
18 1274
26 1312
12 1320
29 1266
10 1037
23 1173
20 1218
18 1460
19 1183
11 1068
22 1470
15 1004
14 1346
17 1167
23 1367
22 1274
17 1014
14 1048
21 1016
18 1079
14 1236
22 1003
16 1422
13 1185
18 1036
15 1332
20 1146
22 1300
13 1435
20 1318
28 1283
16 1358
13 1360
24 1259
29 1126
20 1014
10 1485
24 1281
25 1108
14 1196
27 1034
25 1359
16 1062
28 1137
28 1136
11 1256
18 1212
10 1249
18 1433
12 1376
17 1477
19 1136
12 1045
13 1443
17 1265
10 1040
16 1142
19 1487
15 1068
11 1439
27 1446
17 1460
25 1045
27 1082
24 1222
28 1285
17 1241
22 1170
19 1251
23 1264
15 1345
18 1413
19 1476
14 1223
25 1485
27 1283
16 1306
10 1354
29 1212
28 1109
11 1360
28 1360
29 1286
20 1203
19 1483
24 1086
28 1217
14 1394
20 1155
11 1495
13 1323
21 1259
25 1296
11 1081
14 1152
11 1252
16 1118
24 1144
27 1071
12 1146
24 1025
20 1092
29 1336
25 1475
23 1426
18 1239
20 1001
10 1127
25 1484
11 1464
14 1272
24 1129
16 1402
25 1373
17 1073
14 1447
27 1472
24 1110
29 1425
20 1373
28 1419
13 1450
24 1479
15 1289
17 1460
29 1237
11 1477
24 1091
25 1372
19 1083
19 1230
26 1312
11 1380
18 1331
28 1461
18 1199
12 1231
11 1298
18 1246
17 1399
28 1391
27 1474
15 1244
22 1039
14 1362
20 1186
13 1011
13 1339
17 1013
16 1200
21 1405
12 1053
28 1134
23 1170
14 1161
13 1119
25 1348
27 1369
10 1461
19 1325
17 1082
14 1081
14 1389
26 1144
10 1103
16 1294
20 1043
26 1214
21 1274
29 1479
27 1409
20 1140
22 1443
17 1019
26 1127
20 1058
19 1413
21 1404
23 1126
20 1386
25 1422
27 1493
14 1470
23 1086
18 1048
21 1147
15 1436
11 1002
19 1214
22 1486
25 1453
19 1232
21 1448
21 1298
23 1302
28 1401
11 1255
25 1208
13 1322
15 1110
20 1107
13 1342
24 1343
29 1351
22 1039
15 1061
21 1126
10 1011
10 1022
19 1352
11 1304
21 1067
10 1076
16 1097
29 1039
21 1077
27 1327
11 1390
17 1360
16 1140
24 1119
18 1415
15 1453
29 1253
19 1348
26 1414
29 1144
17 1067
12 1028
26 1340
13 1169
10 1281
16 1178
12 1322
29 1292
26 1417
28 1338
21 1040
26 1393
29 1006
24 1476
16 1023
21 1209
17 1452
25 1337
21 1323
17 1313
19 1168
17 1401
13 1417
28 1315
28 1398
25 1410
13 1269
15 1343
20 1430
11 1279
21 1285
20 1125
22 1479
16 1280
22 1044
20 1156
11 1339
16 1065
13 1272
29 1402
11 1290
21 1171
27 1093
26 1284
14 1316
27 1260
29 1222
16 1083
27 1113
18 1117
24 1033
16 1383
28 1255
29 1197
15 1168
19 1484
26 1019
11 1176
14 1050
26 1448
20 1085
21 1186
21 1414
11 1133
14 1424
20 1095
24 1490
24 1159
23 1190
12 1106
25 1234
28 1317
12 1265
29 1007
20 1076
24 1473
23 1006
25 1359
29 1403
29 1393
28 1138
17 1251
13 1429
10 1079
11 1461
28 1053
24 1471
11 1166
24 1013
17 1346
24 1021
24 1242
15 1006
26 1402
13 1050
14 1361
20 1199
18 1483
17 1433
20 1044
25 1479
16 1021
14 1192
27 1440
28 1137
19 1118
23 1328
18 1433
20 1015
24 1349
11 1257
12 1266
11 1203
17 1258
19 1081
12 1489
19 1220
20 1212
22 1280
21 1432
29 1275
20 1362
17 1124
25 1354
19 1060
16 1171
27 1336
12 1476
16 1148
22 1464
23 1424
26 1477
17 1355
23 1493
28 1345
15 1120
17 1256
27 1115
26 1404
19 1483
27 1311
11 1178
23 1403
22 1316
20 1170
27 1397
18 1347
15 1127
25 1132
10 1046
17 1045
29 1077
12 1396
26 1444
11 1055
13 1036
28 1340
13 1111
20 1142
29 1137
29 1170
11 1481
13 1123
19 1331
24 1008
15 1186
22 1096
21 1464
12 1070
14 1073
27 1309
18 1452
16 1454
13 1483
29 1374
13 1428
13 1107
13 1211
19 1246
24 1268
29 1152
20 1189
11 1223
28 1027
21 1334
14 1164
17 1364
22 1019
14 1288
22 1466
12 1223
10 1134
24 1055
23 1125
22 1405
16 1001
23 1168
18 1476
25 1268
13 1329
15 1412
18 1058
13 1278
10 1423
26 1100
25 1350
18 1246
15 1355
10 1307
19 1388
10 1101
21 1361
16 1464
29 1128
17 1071
25 1044
29 1165
13 1120
22 1428
26 1260
17 1224
24 1076
25 1096
19 1005
10 1169
22 1412
16 1145
23 1172
26 1361
13 1108
11 1494
13 1222
17 1285
13 1221
19 1364
20 1215
17 1274
18 1197
28 1037
19 1299
22 1165
10 1118
17 1433
18 1047
11 1224
19 1042
18 1158
11 1462
29 1149
20 1194
10 1335
16 1028
27 1472
27 1082
13 1493
14 1283
12 1328
29 1047
26 1071
10 1252
23 1394
24 1113
26 1466
26 1336
27 1043
20 1319
28 1492
22 1497
12 1485
17 1068
17 1133
12 1291
22 1451
11 1194
28 1087
29 1034
23 1056
29 1428
23 1244
29 1499
17 1475
17 1025
19 1377
17 1105
25 1177
20 1491
13 1338
18 1188
17 1360
14 1498
25 1088
16 1297
29 1346
14 1194
22 1362
18 1043
15 1476
26 1132
10 1097
27 1475
15 1436
23 1498
11 1062
16 1473
24 1241
15 1164
23 1305
15 1477
14 1156
21 1371
15 1032
11 1295
24 1449
18 1486
11 1274
11 1040
10 1376
29 1491
11 1349
18 1166
12 1393
25 1078
23 1461
14 1230
21 1203
21 1217
21 1435
26 1363
27 1145
29 1183
18 1010
15 1350
15 1381
24 1061
10 1327
23 1160
14 1149
12 1202
27 1391
23 1423
14 1248
29 1038
13 1198
29 1218
25 1355
12 1139
18 1199
26 1126
26 1378
28 1265
23 1478
14 1196
19 1446
29 1020
23 1100
28 1164
10 1459
19 1454
24 1121
18 1482
18 1155
17 1075
12 1494
25 1430
14 1364
15 1243
12 1210
27 1020
16 1314
26 1490
15 1315
19 1319
13 1092
18 1109
18 1150
21 1008
25 1392
27 1163
26 1144
28 1208
17 1143
19 1369
25 1124
29 1456
10 1297
24 1263
16 1167
15 1384
18 1385
27 1109
22 1210
28 1483
12 1332
18 1229
18 1118
12 1138
15 1252
24 1064
20 1486
21 1004
27 1061
25 1323
15 1265
11 1142
14 1052
16 1080
14 1292
13 1084
27 1411
27 1205
19 1213
19 1306
21 1061
21 1203
29 1403
15 1265
15 1453
28 1389
19 1334
16 1479
13 1110
16 1392
29 1110
10 1141
14 1322
23 1094
10 1176
20 1382
29 1409
18 1091
21 1163
21 1485
29 1009
24 1187
29 1482
28 1356
28 1259
15 1405
16 1039
24 1438
15 1300
21 1234
14 1390
23 1302
28 1028
28 1406
11 1246
20 1287
11 1203
21 1414
20 1070
21 1065
15 1431
18 1255
15 1403
25 1475
15 1072
26 1118
22 1209
23 1069
18 1214
10 1063
29 1397
25 1029
26 1163
14 1162
10 1110
15 1108
24 1323
29 1051
25 1359
12 1300
16 1139
21 1045
26 1012
24 1326
18 1462
12 1235
18 1234
13 1390
27 1421
20 1007
26 1420
28 1337
24 1056
17 1031
27 1439
13 1427
20 1070
11 1326
18 1319
17 1237
10 1447
21 1057
14 1301
16 1195
26 1472
15 1066
12 1434
16 1034
16 1371
11 1361
19 1435
14 1041
24 1054
26 1163
18 1223
11 1097
29 1272
25 1256
15 1295
23 1404
18 1206
23 1419
26 1320
20 1261
16 1039
28 1003
16 1302
18 1223
11 1107
24 1216
19 1000
15 1151
15 1328
25 1089
15 1234
15 1372
12 1468
15 1238
15 1039
16 1210
13 1381
13 1079
15 1462
24 1335
12 1047
17 1300
15 1353
16 1272
17 1151
27 1031
14 1396
23 1276
23 1346
13 1168
21 1173
16 1130
27 1228
29 1308
26 1401
22 1077
27 1006
15 1450
19 1319
14 1453
25 1342
16 1082
22 1326
24 1236
11 1379
10 1159
29 1038
26 1407
10 1182
13 1225
24 1005
10 1138
25 1133
21 1291
17 1240
22 1116
19 1333
16 1412
28 1067
17 1260
13 1443
22 1497
26 1452
11 1118
13 1113
23 1183
20 1425
24 1105
18 1059
21 1442
12 1051
23 1240
19 1032
16 1415
10 1351
24 1078
22 1448
26 1368
25 1398
24 1191
21 1375
15 1293
27 1436
24 1224
15 1193
24 1231
10 1099
26 1325
10 1242
29 1151
22 1182
14 1353
15 1498
13 1033
19 1249
25 1173
19 1296
14 1368
19 1225
13 1035
28 1066
13 1484
28 1080
16 1250
16 1077
24 1451
18 1082
16 1218
27 1067
21 1171
12 1302
17 1110
11 1238
21 1403
21 1097
26 1005
20 1063
17 1195
13 1281
25 1104
11 1357
12 1087
19 1430
17 1148
29 1044
20 1108
16 1221
21 1378
29 1339
17 1078
16 1151
25 1236
10 1045
22 1101
18 1337
19 1117
10 1226
13 1114
16 1478
26 1038
10 1014
23 1111
29 1459
10 1138
11 1249
21 1029
29 1074
15 1098
23 1078
12 1495
27 1222
18 1077
17 1340
10 1278
16 1272
23 1118
26 1081
10 1130
10 1378
19 1405
15 1331
22 1027
25 1428
11 1401
18 1066
13 1135
15 1119
26 1006
12 1165
15 1416
27 1445
10 1445
24 1255
18 1222
26 1158
21 1396
28 1329
25 1172
13 1189
25 1495
17 1337
12 1495
20 1170
28 1055
15 1130
22 1019
10 1015
19 1392
24 1359
19 1395
29 1403
25 1135
14 1145
17 1488
21 1384
19 1062
21 1242
27 1427
17 1377
17 1237
27 1354
13 1098
12 1057
25 1180
20 1214
29 1246
11 1416
20 1086
24 1225
29 1499
23 1332
12 1393
21 1121
13 1382
17 1348
10 1069
16 1268
21 1280
17 1065
11 1321
12 1356
26 1031
17 1261
20 1051
18 1046
24 1114
17 1317
19 1012
15 1064
11 1403
10 1262
14 1240
12 1348
22 1147
20 1243
25 1260
23 1431
24 1005
13 1157
20 1087
14 1213
28 1379
11 1098
18 1293
16 1414
27 1407
17 1363
26 1299
27 1061
23 1230
21 1205
19 1057
18 1012
27 1415
16 1457
17 1314
12 1121
15 1010
10 1470
10 1344
17 1356
16 1006
26 1406
16 1424
22 1091
17 1187
23 1392
15 1328
18 1227
12 1174
25 1332
11 1445
22 1187
15 1457
22 1372
18 1469
23 1299
15 1279
23 1137
24 1464
20 1337
19 1344
18 1401
26 1419
15 1195
20 1067
14 1466
18 1312
15 1400
13 1151
25 1216
24 1258
11 1104
26 1204
18 1172
21 1424
11 1109
21 1352
17 1268
16 1292
25 1373
24 1166
14 1157
13 1298
17 1090
17 1425
19 1284
27 1190
20 1308
23 1201
13 1106
12 1239
25 1342
28 1191
27 1376
26 1277
12 1288
21 1158
17 1143
16 1035
17 1115
26 1118
15 1184
10 1171
18 1391
20 1320
18 1159
14 1366
15 1450
11 1088
23 1165
21 1375
17 1414
21 1013
25 1467
16 1095
14 1090
18 1089
19 1188
29 1181
19 1434
26 1426
19 1096
29 1413
13 1060
18 1088
28 1031
23 1408
24 1290
11 1179
19 1257
12 1362
19 1337
27 1114
22 1194
17 1204
15 1246
26 1377
23 1458
13 1188
13 1133
24 1144
19 1330
17 1238
24 1064
19 1176
22 1403
15 1252
18 1295
18 1429
26 1157
15 1481
15 1296
11 1311
16 1310
11 1494
24 1097
13 1251
21 1076
29 1388
28 1426
24 1366
10 1413
14 1267
19 1249
23 1272
29 1180
20 1007
19 1117
24 1064
20 1111
10 1434
21 1024
14 1431
19 1246
17 1148
29 1160
26 1389
18 1200
21 1096
20 1106
26 1477
14 1461
12 1229
23 1372
24 1049
22 1070
19 1414
21 1256
28 1097
20 1065
14 1417
21 1353
13 1378
21 1021
27 1448
20 1258
27 1161
15 1142
18 1327
19 1218
26 1351
25 1081
19 1111
11 1362
22 1210
25 1386
28 1097
18 1177
27 1294
20 1269
17 1215
18 1171
25 1026
17 1245
24 1305
11 1384
20 1078
23 1108
16 1497
18 1291
25 1396
18 1427
19 1495
19 1415
20 1263
19 1200
17 1472
20 1045
28 1294
11 1202
20 1495
14 1215
12 1113
23 1311
14 1346
28 1154
11 1170
27 1331
23 1192
26 1205
27 1216
16 1209
15 1370
24 1240
27 1331
20 1469
29 1133
15 1175
12 1134
23 1042
19 1000
17 1331
19 1398
25 1130
18 1124
20 1036
27 1266
26 1281
26 1016
26 1476
16 1015
14 1213
19 1402
24 1410
27 1299
12 1180
29 1367
15 1139
14 1182
11 1497
25 1124
14 1486
23 1307
28 1387
17 1294
13 1431
11 1225
13 1038
14 1018
29 1442
10 1113
25 1266
14 1493
12 1167
14 1473
26 1098
26 1204
24 1198
26 1095
26 1469
29 1118
24 1496
14 1095
14 1346
20 1390
19 1191
12 1442
23 1133
21 1103
24 1250
15 1431
10 1310
20 1450
19 1230
17 1042
25 1383
21 1331
18 1124
12 1108
29 1458
19 1463
18 1286
10 1200
23 1284
22 1143
23 1223
13 1362
19 1236
21 1378
20 1152
12 1305
10 1034
19 1354
23 1339
29 1329
25 1375
19 1385
15 1474
11 1093
15 1201
10 1334
24 1300
24 1090
25 1087
13 1286
27 1112
10 1347
29 1132
20 1094
15 1249
26 1277
23 1126
13 1150
29 1325
19 1494
23 1156
27 1203
24 1351
26 1096
23 1328
15 1308
17 1278
11 1100
12 1373
11 1139
15 1130
25 1318
13 1115
16 1326
13 1089
25 1091
21 1127
24 1392
23 1375
15 1205
25 1260
21 1402
23 1098
28 1387
11 1253
28 1010
18 1397
13 1333
16 1064
17 1265
19 1117
21 1398
19 1484
28 1184
17 1485
18 1139
19 1282
24 1188
10 1436
21 1368
24 1202
22 1137
28 1315
23 1445
17 1386
25 1252
18 1121
11 1338
29 1003
13 1233
16 1224
14 1386
28 1263
16 1209
19 1000
19 1156
20 1364
19 1032
14 1189
19 1213
19 1455
13 1023
25 1418
16 1226
29 1461
22 1357
12 1483
20 1380
23 1123
11 1340
22 1376
27 1086
21 1051
20 1148
25 1011
17 1469
11 1258
21 1055
16 1032
22 1465
27 1141
25 1072
20 1462
17 1393
14 1187
23 1358
14 1310
14 1438
27 1453
17 1328
22 1429
17 1280
24 1067
13 1267
12 1081
25 1255
15 1292
22 1019
27 1027
14 1376
23 1334
29 1062
14 1274
22 1386
28 1268
20 1460
17 1010
25 1284
26 1354
13 1096
26 1430
17 1092
17 1167
17 1158
10 1310
28 1085
19 1445
16 1154
11 1398
12 1070
14 1075
15 1264
11 1387
11 1402
12 1273
26 1418
16 1496
14 1304
22 1085
18 1192
27 1478
27 1136
24 1104
20 1277
11 1164
10 1168
16 1352
22 1349
18 1311
24 1374
22 1158
19 1013
13 1471
25 1065
13 1079
15 1213
20 1429
25 1318
18 1055
10 1149
25 1284
22 1269
13 1019
25 1445
23 1167
19 1256
14 1340
24 1253
23 1464
19 1275
10 1093
12 1350
19 1324
13 1125
27 1071
16 1100
13 1443
26 1127
24 1399
14 1068
11 1436
17 1266
27 1346
14 1408
13 1061
20 1174
11 1259
23 1461
14 1119
26 1053
13 1021
27 1410
15 1070
26 1196
19 1174
22 1306
25 1318
28 1120
27 1404
16 1349
19 1465
21 1449
17 1248
28 1132
10 1185
12 1325
20 1471
22 1151
11 1167
17 1255
24 1232
13 1487
20 1128
12 1443
22 1204
22 1267
17 1078
11 1010
27 1140
25 1383
20 1443
20 1374
20 1238
14 1338
19 1078
21 1319
17 1373
14 1103
15 1268
22 1247
13 1325
16 1220
28 1298
28 1010
22 1496
27 1309
11 1103
12 1443
20 1366
28 1066
28 1040
25 1490
13 1408
28 1312
22 1209
16 1191
27 1356
18 1257
17 1093
27 1137
29 1413
15 1098
12 1017
20 1288
22 1189
11 1137
25 1461
19 1137
29 1227
16 1387
28 1307
25 1427
18 1090
26 1435
23 1001
17 1276
13 1410
17 1445
20 1321
12 1088
11 1134
17 1282
17 1083
15 1282
18 1154
19 1080
21 1354
29 1272
26 1287
17 1440
29 1233
18 1336
10 1141
22 1264
16 1457
15 1405
22 1002
24 1322
27 1451
27 1450
25 1268
12 1319
26 1230
13 1129
23 1477
24 1306
26 1118
25 1460
26 1472
11 1345
23 1493
14 1370
25 1421
18 1084
27 1200
12 1428
18 1200
18 1311
21 1435
11 1085
12 1138
17 1376
21 1073
20 1411
19 1214
25 1438
21 1412
11 1057
10 1494
26 1365
13 1259
10 1267
11 1442
27 1269
14 1214
16 1023
16 1230
15 1387
22 1116
14 1313
12 1032
14 1333
26 1329
28 1485
28 1220
27 1161
17 1004
27 1022
25 1428
28 1218
19 1220
23 1342
20 1231
14 1356
17 1345
10 1222
10 1177
12 1486
29 1122
12 1016
18 1492
13 1370
11 1345
22 1020
29 1474
29 1404
24 1122
25 1176
19 1393
16 1232
15 1326
13 1294
14 1072
15 1119
19 1118
28 1241
21 1217
21 1385
21 1386
27 1423
12 1138
25 1043
19 1208
26 1383
11 1122
27 1212
11 1253
26 1063
23 1272
11 1053
28 1483
24 1483
29 1216
12 1222
10 1188
18 1359
19 1428
25 1129
14 1189
25 1396
28 1122
18 1351
10 1253
19 1113
20 1272
12 1456
20 1297
15 1227
23 1195
27 1250
19 1000
23 1126
24 1438
16 1451
19 1464
26 1346
20 1110
11 1427
17 1362
21 1045
24 1359
16 1256
19 1353
25 1415
14 1344
23 1310
16 1332
16 1277
24 1190
19 1026
11 1308
13 1291
29 1075
28 1246
27 1103
26 1313
28 1279
17 1212
22 1213
18 1024
27 1293
28 1312
24 1157
13 1464
17 1126
17 1190
18 1435
29 1122
29 1028
11 1324
12 1154
14 1379
10 1396
25 1179
11 1322
26 1093
12 1452
19 1423
24 1148
27 1430
26 1444
19 1294
13 1242
20 1211
24 1196
17 1492
19 1351
21 1252
29 1276
27 1465
29 1271
18 1226
24 1090
13 1264
22 1367
27 1157
11 1269
18 1261
11 1326
10 1147
11 1317
18 1452
19 1250
26 1237
23 1314
13 1275
14 1343
11 1264
20 1267
19 1245
18 1251
17 1101
21 1057
14 1420
10 1356
11 1134
24 1159
22 1487
14 1183
19 1498
15 1396
15 1106
24 1446
15 1433
16 1497
26 1487
14 1097
18 1349
13 1241
18 1098
29 1346
26 1167
29 1261
28 1067
17 1457
12 1029
16 1404
17 1118
20 1312
17 1119
10 1426
26 1042
22 1157
25 1055
29 1493
13 1130
16 1117
17 1009
19 1240
14 1218
18 1466
16 1008
13 1233
23 1368
22 1350
18 1113
15 1113
15 1138
15 1016
20 1311
23 1340
15 1082
20 1135
29 1273
23 1391
22 1485
24 1142
10 1031
10 1269
22 1450
10 1097
29 1054
17 1057
10 1492
13 1309
11 1088
10 1383
24 1080
22 1028
29 1282
13 1349
14 1032
21 1105
22 1389
16 1449
16 1257
23 1344
21 1217
23 1340
20 1023
10 1033
26 1289
12 1346
17 1349
14 1229
15 1071
19 1217
15 1382
25 1342
26 1334
27 1478
20 1250
26 1411
10 1058
12 1032
13 1087
20 1480
20 1184
10 1471
19 1482
20 1323
18 1348
17 1299
16 1157
13 1296
20 1103
20 1121
23 1009
29 1035
14 1463
21 1199
20 1214
10 1015
11 1156
13 1347
22 1095
20 1292
18 1029
26 1416
11 1333
29 1247
25 1424
28 1264
17 1291
16 1093
12 1333
20 1386
12 1292
18 1282
24 1091
25 1453
28 1487
14 1324
14 1218
11 1115
29 1384
18 1458
19 1331
13 1028
19 1438
14 1192
26 1105
12 1216
10 1179
21 1460
22 1427
21 1283
26 1110
24 1438
21 1075
11 1336
27 1199
24 1138
25 1051
25 1206
25 1374
15 1195
17 1017
10 1311
10 1049
12 1159
29 1186
11 1270
23 1290
26 1048
28 1411
20 1014
20 1299
23 1347
26 1324
13 1348
21 1243
14 1458
22 1010
23 1191
21 1446
28 1247
21 1122
16 1060
11 1434
16 1295
28 1486
19 1335
27 1120
22 1452
29 1477
19 1350
23 1005
28 1200
22 1102
23 1052
26 1350
12 1487
29 1095
22 1156
23 1294
12 1101
27 1009
19 1189
15 1350
13 1436
16 1416
18 1128
13 1371
10 1396
28 1251
15 1006
13 1083
18 1393
16 1405
29 1478
13 1248
24 1251
21 1260
18 1054
25 1121
26 1393
14 1192
23 1229
27 1123
23 1299
14 1344
21 1244
22 1339
20 1228
19 1094
27 1276
26 1022
19 1409
17 1020
19 1387
22 1347
20 1139
23 1268
10 1248
25 1321
16 1122
21 1119
10 1498
25 1400
25 1168
28 1427
16 1375
20 1431
23 1042
16 1342
18 1278
17 1191
21 1343
18 1038
28 1180
21 1337
20 1485
14 1019
15 1222
15 1082
27 1251
18 1213
11 1015
13 1466
19 1329
22 1367
23 1354
21 1382
17 1131
11 1470
26 1087
10 1132
11 1244
26 1480
14 1257
13 1261
28 1335
28 1201
16 1097
28 1077
12 1449
15 1345
15 1090
20 1087
10 1112
11 1238
29 1467
29 1025
28 1104
13 1375
10 1298
28 1459
17 1199
27 1009
26 1436
27 1045
11 1261
13 1128
29 1386
17 1052
23 1343
16 1119
23 1131
23 1008
24 1296
11 1090
16 1143
21 1221
24 1190
24 1331
14 1374
18 1294
25 1377
22 1244
24 1378
28 1195
29 1478
19 1283
17 1454
20 1436
20 1238
13 1177
21 1223
13 1428
15 1315
24 1013
22 1330
21 1156
16 1427
13 1338
18 1062
18 1068
28 1004
13 1327
29 1193
11 1041
22 1130
18 1195
16 1138
17 1248
29 1377
22 1473
12 1367
18 1189
27 1083
29 1371
21 1216
13 1446
20 1491
13 1103
22 1447
19 1316
16 1233
20 1149
29 1359
13 1288
25 1423
11 1160
16 1472
27 1165
11 1320
14 1056
17 1137
21 1160
13 1456
20 1070
24 1182
25 1048
17 1440
13 1330
27 1476
11 1111
24 1077
27 1266
20 1396
19 1261
19 1234
18 1219
19 1078
17 1068
29 1401
17 1366
16 1011
19 1403
11 1346
14 1235
18 1411
22 1104
12 1428
19 1475
22 1239
14 1382
16 1210
25 1435
12 1253
22 1349
12 1205
29 1395
26 1077
15 1145
27 1462
29 1191
16 1143
13 1148
20 1342
18 1403
28 1491
10 1230
29 1247
29 1045
13 1311
15 1200
20 1010
17 1282
21 1225
22 1336
16 1216
29 1240
17 1124
15 1012
27 1137
28 1232
13 1313
18 1204
29 1226
12 1297
21 1145
16 1119
29 1118
22 1189
29 1055
19 1308
25 1407
26 1055
14 1470
20 1461
20 1289
27 1252
15 1371
26 1015
17 1059
24 1443
14 1290
16 1142
26 1077
20 1147
11 1304
22 1365
10 1343
18 1248
20 1127
28 1019
29 1428
21 1046
21 1160
28 1427
29 1338
24 1051
21 1302
10 1482
21 1417
14 1043
23 1422
11 1428
19 1031
11 1495
25 1315
20 1337
13 1309
20 1386
14 1406
20 1280
10 1059
17 1154
21 1033
25 1120
11 1027
20 1252
19 1447
23 1357
27 1104
11 1315
17 1182
19 1321
17 1477
29 1359
14 1038
15 1432
16 1252
15 1415
20 1114
10 1136
21 1040
16 1093
26 1331
18 1092
24 1119
12 1118
15 1305
19 1331
26 1197
15 1432
22 1098
25 1249
21 1050
17 1266
19 1267
13 1200
16 1102
29 1418
21 1095
18 1347
11 1117
10 1174
21 1266
20 1073
26 1302
15 1027
19 1036
23 1409
12 1270
29 1457
10 1453
19 1367
18 1046
25 1016
13 1210
26 1235
22 1324
29 1089
10 1090
10 1234
29 1157
10 1348
17 1255
19 1235
21 1455
11 1341
16 1219
10 1481
18 1264
15 1454
25 1041
12 1351
24 1265
17 1084
11 1413
19 1372
17 1245
24 1065
25 1185
15 1267
12 1074
28 1450
14 1335
22 1103
25 1391
24 1468
23 1179
22 1383
25 1476
12 1241
29 1225
11 1094
17 1491
29 1073
18 1020
11 1360
18 1466
24 1014
18 1363
11 1455
14 1322
21 1002
16 1214
20 1261
27 1416
10 1014
14 1340
28 1269
10 1298
13 1393
18 1083
16 1038
26 1016
11 1266
20 1063
18 1118
24 1353
14 1292
13 1441
23 1066
18 1077
16 1149
15 1463
29 1448
29 1071
20 1137
15 1096
28 1153
13 1028
22 1284
15 1038
26 1118
19 1357
22 1253
12 1471
17 1086
14 1195
16 1499
21 1148
15 1067
15 1322
20 1085
15 1402
29 1168
25 1169
12 1350
26 1005
20 1231
24 1082
14 1306
20 1142
29 1221
15 1419
19 1181
26 1166
15 1458
17 1344
24 1480
20 1393
17 1105
27 1427
11 1007
24 1439
26 1258
26 1093
28 1099
21 1103
21 1220
13 1339
13 1224
17 1434
14 1280
16 1381
25 1081
27 1091
25 1432
27 1373
15 1393
23 1449
16 1415
26 1490
23 1028
28 1461
14 1134
11 1108
18 1235
28 1278
25 1323
29 1177
18 1059
15 1019
23 1428
13 1071
23 1092
20 1299
27 1310
26 1161
10 1256
14 1025
26 1412
12 1455
13 1089
29 1006
20 1123
13 1392
25 1258
16 1410
15 1457
26 1222
13 1012
18 1171
23 1205
28 1033
23 1376
20 1442
16 1101
12 1229
26 1348
15 1259
25 1171
10 1496
10 1079
24 1249
25 1235
11 1031
23 1412
28 1112
17 1343
25 1292
16 1009
11 1305
19 1389
11 1394
12 1224
21 1111
27 1291
13 1168
23 1409
20 1163
26 1303
28 1313
19 1187
13 1133
19 1257
26 1289
15 1362
21 1452
16 1483
17 1007
22 1281
24 1067
26 1206
21 1464
12 1331
17 1177
13 1027
25 1156
20 1068
17 1381
13 1105
20 1381
16 1406
28 1421
17 1279
11 1001
15 1108
12 1369
12 1126
21 1177
13 1289
18 1458
26 1103
13 1049
17 1132
11 1179
13 1493
14 1138
20 1332
29 1039
10 1073
22 1179
12 1082
13 1428
25 1212
25 1040
19 1181
14 1425
21 1105
12 1264
27 1318
28 1436
15 1241
11 1497
19 1393
20 1285
20 1326
27 1294
16 1310
18 1177
17 1303
10 1119
15 1141
28 1288
20 1437
20 1212
22 1160
29 1449
23 1322
27 1228
28 1158
10 1485
15 1184
11 1397
15 1395
20 1377
26 1071
12 1219
29 1200
15 1407
20 1423
12 1325
25 1125
20 1037
25 1243
24 1175
29 1082
27 1194
15 1269
24 1488
10 1102
26 1278
28 1427
20 1471
20 1387
16 1414
16 1330
20 1126
29 1493
19 1268
20 1060
10 1389
13 1473
28 1074
28 1110
24 1282
18 1366
16 1039
18 1303
28 1330
22 1110
18 1165
18 1090
21 1485
16 1264
23 1409
27 1272
15 1188
13 1449
15 1039
22 1151
29 1312
14 1133
12 1017
26 1023
27 1492
10 1241
14 1289
13 1357
18 1109
10 1472
17 1096
17 1023
23 1492
13 1499
26 1081
10 1346
29 1202
17 1216
19 1344
10 1181
17 1163
12 1470
20 1001
23 1220
15 1174
27 1134
28 1052
18 1142
13 1226
25 1316
27 1035
26 1356
11 1450
17 1377
24 1489
11 1321
26 1147
16 1249
26 1315
28 1343
24 1380
29 1369
27 1204
12 1439
16 1364
28 1467
16 1052
24 1151
24 1267
18 1058
18 1218
25 1022
21 1359
22 1075
20 1212
13 1385
28 1006
23 1279
29 1456
23 1308
23 1092
29 1296
23 1272
13 1369
17 1117
10 1441
13 1364
28 1174
21 1158
20 1397
16 1042
15 1433
10 1007
12 1273
19 1211
13 1122
28 1381
22 1178
14 1107
12 1464
10 1351
19 1248
24 1067
28 1134
25 1388
21 1119
15 1003
16 1232
11 1286
16 1247
14 1253
18 1477
15 1187
17 1328
17 1044
16 1396
15 1065
20 1324
16 1466
24 1333
14 1478
11 1450
15 1116
10 1158
15 1096
26 1256
20 1223
12 1021
14 1016
26 1462
14 1212
16 1095
28 1437
12 1403
20 1226
23 1392
23 1386
19 1351
27 1268
15 1206
18 1183
29 1054
24 1161
13 1027
28 1170
19 1490
20 1115
24 1151
12 1144
28 1363
28 1314
24 1165
23 1274
16 1499
22 1111
20 1354
17 1117
22 1204
10 1089
26 1477
10 1035
16 1292
22 1162
27 1340
23 1299
29 1303
26 1448
24 1491
23 1222
26 1054
15 1418
19 1320
27 1230
27 1145
14 1410
23 1020
11 1170
27 1319
17 1462
13 1054
21 1043
15 1062
17 1073
10 1309
28 1482
15 1039
23 1170
18 1227
26 1092
23 1170
22 1204
26 1259
13 1097
28 1284
28 1043
28 1143
13 1230
17 1412
12 1184
15 1236
23 1476
27 1127
13 1112
26 1428
25 1166
27 1080
20 1455
26 1433
14 1426
24 1458
10 1122
25 1290
20 1181
11 1206
26 1347
16 1150
18 1295
15 1300
15 1204
23 1320
21 1255
17 1473
15 1420
25 1249
14 1255
23 1285
28 1409
21 1390
10 1221
26 1047
12 1035
17 1277
12 1238
19 1109
13 1043
18 1000
16 1321
25 1408
28 1461
25 1252
25 1396
21 1265
29 1186
12 1255
21 1400
12 1206
15 1291
19 1350
11 1311
16 1449
10 1454
18 1134
28 1053
16 1277
20 1029
19 1349
23 1091
27 1081
29 1094
10 1267
25 1054
29 1485
17 1394
22 1298
26 1240
22 1273
27 1225
13 1118
27 1301
14 1400
14 1176
11 1372
14 1175
14 1349
26 1438
29 1252
29 1125