7050 5000
17 1130
10 1013
13 1242
13 1225
17 1371
24 1012
13 1046
22 1219
29 1442
20 1138
24 1025
13 1189
25 1169
23 1237
23 1285
12 1428
10 1245
27 1258
11 1398
10 1283
29 1439
13 1102
16 1028
19 1395
25 1449
20 1136
16 1416
26 1301
14 1130
12 1302
19 1085
17 1421
23 1427
14 1266
24 1028
10 1338
15 1288
15 1015
10 1030
20 1019
26 1279
25 1168
10 1347
15 1201
11 1008
22 1013
29 1324
15 1460
16 1248
24 1406
26 1238
18 1438
15 1222
25 1273
20 1028
16 1004
15 1124
25 1201
19 1420
23 1055
15 1357
26 1094
11 1264
12 1395
26 1106
18 1084
27 1494
16 1460
24 1468
28 1095
19 1112
19 1491
10 1122
22 1362
18 1063
19 1196
23 1099
26 1417
17 1370
19 1358
24 1197
28 1209
28 1257
27 1496
22 1423
17 1397
23 1145
24 1302
27 1457
11 1149
20 1497
23 1487
11 1124
14 1478
16 1424
25 1210
28 1183
17 1270
14 1395
20 1043
18 1461
29 1438
14 1373
20 1477
23 1418
24 1316
13 1357
23 1486
20 1098
27 1238
23 1352
28 1222
20 1319
18 1297
27 1069
10 1055
21 1171
18 1429
23 1002
12 1307
22 1071
29 1448
29 1476
11 1040
22 1320
20 1360
20 1165
15 1054
13 1486
12 1230
21 1207
15 1071
10 1383
28 1080
10 1279
23 1213
26 1292
24 1366
10 1147
13 1303
15 1134
12 1431
25 1211
25 1249
26 1294
27 1133
29 1275
28 1053
21 1243
16 1213
29 1490
11 1234
17 1426
26 1154
18 1447
13 1240
22 1421
11 1271
12 1396
21 1116
14 1390
22 1380
20 1136
29 1397
18 1060
27 1218
27 1054
28 1239
15 1291
26 1269
22 1055
21 1259
18 1163
13 1301
18 1254
16 1175
17 1483
21 1334
16 1231
25 1383
12 1125
18 1086
22 1391
23 1487
27 1394
26 1162
27 1370
29 1435
23 1112
12 1060
19 1465
23 1487
12 1489
15 1287
13 1091
12 1391
26 1269
25 1268
15 1138
11 1485
15 1468
17 1064
28 1324
11 1325
14 1085
17 1135
11 1394
13 1403
16 1023
28 1365
20 1315
25 1461
27 1180
10 1058
11 1340
17 1002
26 1028
10 1052
13 1076
13 1210
16 1452
28 1377
28 1397
25 1410
14 1017
29 1221
23 1082
25 1475
23 1147
16 1462
14 1268
12 1132
23 1309
24 1243
13 1198
14 1235
23 1104
29 1210
18 1485
23 1243
22 1295
14 1122
25 1078
27 1002
19 1039
27 1142
13 1241
15 1416
28 1102
17 1391
23 1466
22 1048
24 1336
26 1470
27 1026
21 1372
15 1381
17 1209
22 1118
18 1204
13 1056
25 1253
20 1462
25 1430
14 1300
12 1340
27 1086
21 1316
12 1180
13 1483
22 1316
18 1460
22 1177
13 1487
23 1224
10 1254
28 1388
19 1209
24 1497
17 1162
10 1352
18 1134
24 1400
21 1437
17 1246
20 1260
18 1203
19 1384
27 1002
12 1111
28 1497
15 1176
19 1389
27 1068
17 1075
12 1213
13 1281
20 1270
20 1216
19 1293
11 1237
10 1413
23 1084
14 1360
25 1119
16 1404
15 1098
10 1108
15 1076
23 1332
25 1414
16 1188
25 1036
27 1178
10 1316
13 1168
15 1280
19 1400
26 1482
17 1278
11 1254
20 1427
18 1057
22 1489
26 1341
16 1317
15 1179
17 1212
10 1302
23 1420
20 1439
11 1495
21 1381
21 1470
14 1067
27 1107
28 1360
26 1257
11 1254
14 1348
27 1497
22 1333
14 1026
19 1139
13 1423
19 1160
28 1492
25 1037
23 1492
23 1074
11 1268
12 1050
17 1311
29 1283
13 1192
21 1319
25 1425
23 1308
21 1397
26 1302
27 1012
12 1096
16 1194
25 1016
12 1452
10 1200
24 1382
18 1186
18 1349
12 1412
25 1303
13 1033
12 1103
19 1343
11 1318
26 1394
18 1100
19 1353
10 1057
22 1461
23 1018
20 1448
25 1262
24 1198
19 1396
20 1208
25 1398
26 1417
28 1487
20 1271
21 1115
27 1206
15 1073
21 1345
20 1305
14 1365
23 1482
29 1086
10 1324
26 1492
23 1409
20 1067
22 1020
29 1497
18 1367
10 1487
22 1271
16 1372
13 1413
17 1106
25 1307
29 1114
20 1273
27 1347
25 1050
14 1351
24 1216
23 1371
29 1126
16 1162
15 1016
29 1426
20 1310
19 1380
13 1332
19 1288
12 1107
21 1247
16 1435
10 1397
17 1035
28 1222
13 1425
24 1085
26 1051
28 1062
10 1399
14 1161
29 1463
23 1344
26 1135
26 1037
12 1444
27 1084
26 1304
25 1017
24 1092
12 1056
13 1334
21 1094
24 1405
14 1374
10 1426
28 1485
24 1377
18 1103
17 1335
13 1456
25 1152
14 1066
29 1283
23 1350
20 1141
21 1437
18 1425
22 1009
29 1481
19 1432
14 1365
24 1341
22 1093
29 1074
20 1039
10 1107
19 1018
26 1066
18 1025
28 1170
26 1469
17 1176
17 1142
13 1302
25 1201
22 1122
20 1280
27 1413
13 1490
26 1099
23 1060
11 1163
23 1291
13 1342
23 1125
22 1268
17 1192
21 1333
20 1231
17 1038
20 1164
12 1017
12 1452
29 1056
16 1059
16 1314
16 1116
27 1154
17 1306
26 1216
28 1031
22 1205
18 1451
18 1354
20 1084
15 1040
25 1494
11 1164
20 1358
20 1046
20 1287
26 1380
24 1495
29 1005
21 1413
23 1042
13 1172
17 1337
17 1089
25 1103
19 1471
15 1011
29 1141
15 1243
13 1038
20 1249
26 1245
25 1193
13 1240
26 1460
12 1406
12 1041
11 1083
14 1054
23 1135
13 1271
27 1403
28 1042
21 1341
28 1376
16 1174
15 1290
14 1216
10 1021
25 1278
22 1089
29 1083
18 1098
27 1457
10 1355
11 1155
21 1372
28 1496
25 1347
26 1001
17 1355
23 1014
17 1278
24 1144
18 1310
26 1092
26 1105
11 1309
27 1180
26 1487
24 1113
27 1397
14 1094
17 1141
14 1357
27 1236
11 1265
22 1352
27 1124
23 1493
23 1248
18 1098
16 1350
11 1092
27 1251
28 1011
14 1449
21 1396
23 1429
28 1107
15 1175
11 1243
26 1250
12 1043
13 1491
24 1153
16 1365
16 1010
19 1337
17 1364
29 1319
29 1295
24 1147
17 1025
15 1153
13 1154
28 1476
28 1237
15 1406
18 1314
27 1103
25 1168
21 1179
23 1465
16 1290
11 1280
21 1478
27 1378
10 1272
27 1429
17 1054
28 1406
14 1135
28 1142
28 1039
10 1224
18 1120
20 1061
25 1466
23 1121
18 1312
20 1084
25 1147
15 1302
21 1392
27 1412
25 1002
17 1498
22 1002
17 1498
19 1414
20 1357
23 1261
22 1159
21 1299
14 1142
27 1401
28 1457
17 1473
13 1360
22 1272
15 1309
21 1018
19 1473
22 1134
21 1417
23 1405
27 1219
22 1163
10 1389
14 1212
18 1342
15 1091
28 1436
17 1142
11 1234
27 1485
23 1338
25 1017
23 1248
10 1260
27 1356
22 1322
18 1221
28 1165
29 1359
25 1394
19 1115
21 1459
25 1148
14 1110
16 1150
15 1449
15 1201
10 1334
18 1430
22 1054
10 1226
12 1264
26 1256
21 1028
19 1342
20 1227
27 1447
15 1440
27 1414
25 1427
18 1228
14 1063
18 1150
10 1181
10 1345
25 1109
27 1253
24 1423
21 1174
13 1188
12 1300
10 1214
16 1019
11 1194
21 1182
12 1160
16 1371
14 1256
24 1327
16 1308
10 1295
23 1155
20 1193
15 1201
18 1096
10 1378
13 1132
14 1302
10 1375
13 1103
15 1351
14 1092
16 1291
25 1053
15 1031
14 1430
26 1210
24 1046
12 1031
19 1350
27 1040
13 1245
26 1215
19 1268
24 1264
28 1075
21 1321
29 1168
16 1020
27 1298
16 1081
27 1374
18 1215
12 1204
15 1387
15 1361
29 1286
25 1445
27 1092
10 1311
24 1300
22 1187
25 1073
13 1035
26 1341
10 1451
19 1123
10 1462
10 1475
16 1489
14 1122
14 1417
15 1477
23 1315
16 1107
25 1411
10 1439
22 1000
28 1469
21 1020
25 1085
19 1101
28 1499
17 1121
12 1142
25 1383
21 1355
15 1185
29 1429
23 1112
24 1389
28 1104
13 1168
12 1408
13 1385
28 1092
22 1483
23 1341
17 1038
28 1424
16 1255
18 1272
22 1311
16 1436
29 1405
25 1454
13 1057
18 1070
22 1350
19 1039
20 1494
19 1477
10 1343
11 1301
19 1090
29 1424
27 1223
27 1101
25 1064
15 1054
24 1419
22 1202
21 1131
21 1179
14 1411
25 1036
11 1416
10 1009
29 1478
27 1106
29 1408
15 1486
28 1369
22 1006
23 1124
11 1109
21 1103
11 1487
29 1027
29 1224
13 1439
19 1148
27 1115
20 1386
27 1330
16 1011
25 1284
16 1356
19 1267
15 1164
13 1414
15 1355
22 1120
13 1067
18 1278
22 1231
16 1451
12 1125
23 1431
28 1435
23 1356
24 1045
12 1466
24 1424
11 1315
20 1494
11 1417
10 1415
17 1148
16 1096
29 1077
29 1345
18 1223
23 1404
16 1362
10 1404
10 1107
25 1121
23 1454
13 1406
14 1059
17 1183
16 1393
24 1066
12 1019
23 1186
28 1176
20 1153
22 1022
22 1164
26 1456
13 1417
29 1455
13 1186
29 1168
28 1137
14 1196
22 1435
28 1360
17 1445
29 1039
23 1073
16 1178
16 1250
12 1471
21 1394
26 1215
16 1136
16 1076
25 1413
13 1050
16 1310
29 1319
13 1152
28 1191
18 1417
18 1313
26 1493
24 1005
18 1421
29 1444
21 1408
27 1088
18 1029
15 1124
20 1042
24 1372
12 1090
29 1151
12 1046
22 1397
11 1015
13 1470
12 1116
12 1051
10 1089
27 1343
15 1139
22 1155
28 1022
28 1416
17 1252
19 1430
26 1359
18 1366
22 1293
24 1143
18 1215
27 1156
17 1009
24 1035
18 1284
14 1100
22 1082
11 1151
21 1099
17 1285
14 1001
18 1137
14 1378
11 1434
13 1209
19 1395
13 1161
23 1016
28 1028
26 1111
18 1419
11 1053
14 1012
24 1410
11 1338
12 1165
27 1000
10 1393
15 1113
20 1070
23 1474
12 1400
14 1215
24 1086
28 1402
28 1395
28 1414
11 1234
26 1419
15 1262
19 1205
14 1054
12 1012
29 1018
19 1350
24 1075
10 1260
21 1323
18 1136
10 1155
10 1355
17 1233
15 1321
16 1145
24 1450
16 1399
22 1248
25 1351
15 1353
16 1247
29 1073
12 1107
19 1146
29 1417
10 1334
13 1294
23 1120
10 1312
10 1271
24 1039
12 1265
25 1089
13 1030
23 1314
13 1208
24 1313
20 1238
11 1046
17 1188
14 1064
27 1067
11 1446
29 1366
15 1412
20 1158
19 1309
18 1372
20 1304
24 1102
27 1186
14 1141
19 1129
24 1408
21 1060
23 1154
12 1131
17 1084
24 1078
18 1000
12 1311
10 1425
27 1149
29 1243
19 1145
10 1134
20 1254
25 1418
27 1093
19 1390
28 1434
15 1018
20 1326
26 1229
16 1467
27 1261
15 1037
13 1457
22 1436
11 1254
25 1027
18 1021
10 1075
23 1163
10 1038
18 1254
27 1493
14 1247
11 1110
29 1482
21 1212
12 1267
28 1280
18 1049
14 1211
18 1027
21 1361
29 1123
21 1136
12 1181
22 1317
14 1428
22 1010
29 1003
24 1383
16 1228
13 1189
17 1286
27 1091
19 1001
10 1129
26 1233
10 1156
27 1324
18 1427
28 1068
16 1209
26 1011
18 1454
28 1448
10 1424
27 1137
14 1491
13 1042
26 1261
16 1125
20 1331
14 1010
24 1280
25 1434
17 1471
12 1367
12 1135
20 1157
21 1015
14 1189
20 1375
12 1370
28 1403
12 1154
26 1091
11 1280
10 1108
11 1132
20 1036
12 1130
21 1331
16 1005
27 1447
11 1174
12 1063
26 1335
18 1260
27 1215
19 1483
29 1389
23 1231
11 1273
13 1188
19 1164
23 1259
21 1286
28 1106
12 1200
24 1210
27 1432
29 1282
16 1411
19 1352
13 1113
22 1394
23 1326
17 1279
23 1461
16 1151
27 1241
26 1168
29 1468
22 1261
12 1242
15 1491
16 1416
21 1268
24 1094
21 1399
17 1116
10 1108
11 1230
22 1451
13 1492
19 1399
28 1123
25 1036
17 1444
26 1293
22 1498
24 1499
12 1350
20 1136
22 1200
28 1201
25 1454
11 1062
19 1255
21 1496
10 1262
23 1269
29 1133
21 1005
18 1200
27 1338
16 1420
14 1413
28 1239
29 1244
28 1004
27 1348
28 1403
17 1201
20 1146
21 1151
12 1460
21 1323
21 1096
14 1456
23 1313
24 1401
13 1323
29 1007
12 1252
10 1035
14 1263
21 1095
29 1088
18 1431
12 1499
24 1398
24 1263
22 1086
14 1132
17 1325
14 1434
12 1168
13 1171
20 1288
10 1478
16 1177
29 1180
19 1014
23 1386
28 1487
24 1400
21 1212
13 1327
21 1295
23 1085
27 1283
10 1205
18 1469
21 1103
12 1135
29 1187
18 1188
12 1325
26 1434
14 1356
14 1202
13 1333
29 1027
22 1176
27 1043
18 1354
29 1099
23 1389
24 1374
20 1121
26 1293
19 1021
10 1337
13 1289
28 1400
21 1278
15 1272
16 1208
15 1103
21 1352
11 1028
28 1472
29 1478
22 1098
18 1349
21 1465
11 1224
29 1378
21 1087
20 1209
21 1188
28 1351
10 1348
15 1358
18 1453
15 1349
22 1350
19 1418
22 1259
15 1225
19 1498
28 1300
23 1285
21 1159
19 1371
10 1129
23 1278
28 1105
19 1304
25 1011
12 1472
10 1212
15 1268
19 1037
20 1256
11 1497
17 1398
18 1003
29 1407
18 1048
22 1213
15 1424
12 1278
25 1210
11 1475
24 1331
16 1168
22 1442
29 1286
27 1270
22 1315
25 1412
27 1391
15 1220
11 1106
25 1244
12 1480
25 1252
19 1495
16 1154
29 1346
27 1277
22 1499
14 1030
21 1398
11 1419
20 1421
14 1405
14 1276
27 1020
21 1407
20 1455
28 1314
11 1282
21 1223
26 1358
13 1047
12 1026
18 1307
28 1239
17 1428
12 1043
20 1230
17 1467
21 1230
17 1389
16 1229
25 1073
14 1094
24 1433
10 1073
27 1481
10 1498
22 1475
23 1165
26 1386
19 1359
22 1104
21 1007
23 1413
27 1313
19 1435
14 1104
20 1101
23 1156
13 1349
19 1155
13 1119
10 1423
20 1277
12 1339
11 1384
10 1098
20 1043
20 1331
29 1232
22 1169
18 1434
14 1364
20 1298
27 1304
18 1222
23 1103
18 1203
29 1158
22 1065
29 1265
16 1391
25 1118
20 1380
16 1404
27 1404
14 1173
11 1189
24 1420
13 1030
26 1092
10 1416
27 1286
25 1079
19 1039
23 1416
14 1018
16 1230
11 1252
19 1425
23 1009
22 1435
18 1245
22 1050
16 1436
16 1198
24 1237
26 1376
15 1306
14 1055
12 1424
28 1026
25 1398
27 1488
12 1329
26 1486
13 1020
10 1308
19 1203
21 1062
17 1026
13 1061
14 1463
18 1100
26 1006
14 1245
24 1435
13 1469
27 1319
25 1140
15 1408
10 1063
26 1096
27 1419
20 1159
22 1364
10 1408
27 1497
29 1403
16 1446
17 1385
13 1261
23 1155
16 1226
13 1281
20 1137
13 1343
11 1432
22 1411
20 1189
19 1484
19 1129
15 1431
11 1468
21 1341
21 1271
27 1182
15 1114
24 1162
17 1146
24 1171
11 1347
26 1369
23 1003
18 1420
28 1420
25 1395
19 1161
24 1319
29 1184
28 1122
29 1017
25 1200
19 1281
10 1304
26 1325
29 1221
14 1479
25 1007
22 1419
20 1059
27 1427
10 1385
27 1263
24 1456
17 1233
19 1249
12 1293
24 1069
23 1250
23 1263
26 1324
23 1256
27 1416
27 1398
10 1107
25 1267
15 1471
28 1109
27 1070
15 1121
19 1161
19 1015
16 1037
22 1206
24 1324
19 1257
22 1034
22 1081
26 1011
27 1324
25 1358
21 1326
14 1263
13 1281
15 1123
24 1371
19 1238
26 1063
26 1122
29 1291
11 1471
11 1232
19 1380
17 1048
23 1102
12 1223
28 1217
21 1333
20 1425
26 1148
20 1355
20 1479
12 1414
14 1382
13 1405
19 1123
20 1076
22 1300
23 1228
17 1265
20 1424
20 1371
26 1246
10 1174
13 1112
13 1017
17 1039
22 1481
27 1028
27 1382
23 1431
14 1061
24 1122
28 1270
23 1435
22 1410
13 1116
15 1243
24 1011
21 1196
10 1204
24 1060
25 1081
17 1391
23 1440
13 1320
13 1214
17 1162
15 1357
22 1467
26 1212
15 1045
24 1070
24 1114
25 1463
12 1142
13 1190
14 1198
29 1156
14 1076
23 1204
19 1434
12 1325
17 1026
25 1448
17 1074
23 1327
17 1145
27 1487
17 1142
19 1489
21 1336
23 1280
18 1074
23 1341
25 1224
26 1142
15 1222
28 1456
25 1313
16 1238
13 1135
12 1072
10 1169
17 1029
20 1042
21 1392
27 1304
12 1389
12 1359
18 1480
20 1068
26 1168
19 1101
28 1052
28 1263
11 1479
22 1415
24 1437
20 1046
25 1197
14 1125
19 1227
21 1439
21 1264
18 1210
25 1406
13 1324
12 1165
13 1182
23 1134
19 1046
21 1107
22 1022
21 1486
18 1263
22 1445
21 1484
14 1285
15 1407
19 1300
19 1367
11 1168
25 1335
27 1246
28 1427
12 1187
25 1182
10 1338
27 1099
17 1458
22 1420
26 1166
22 1301
21 1358
21 1160
16 1090
12 1281
21 1359
12 1355
16 1396
29 1420
16 1040
23 1045
16 1146
11 1027
15 1401
21 1450
29 1311
15 1117
17 1008
24 1036
22 1017
19 1295
15 1072
26 1094
26 1499
26 1480
22 1399
17 1116
25 1238
12 1041
17 1420
26 1060
12 1183
24 1159
13 1059
20 1195
13 1471
21 1188
13 1103
18 1328
10 1184
19 1390
10 1370
22 1060
19 1118
28 1172
27 1124
10 1169
10 1200
19 1397
22 1379
14 1240
28 1334
10 1226
28 1177
14 1011
15 1414
28 1362
20 1057
10 1326
20 1176
11 1012
22 1277
12 1430
17 1400
17 1496
29 1308
22 1138
18 1370
13 1316
29 1230
22 1299
29 1242
19 1316
23 1056
24 1026
19 1303
19 1330
12 1045
19 1253
26 1060
29 1409
10 1210
21 1344
19 1489
22 1466
29 1196
11 1464
19 1327
24 1075
21 1085
17 1345
11 1062
22 1140
15 1106
21 1482
29 1307
28 1090
13 1188
19 1205
26 1192
24 1300
10 1329
10 1298
13 1128
15 1231
29 1013
12 1457
16 1481
23 1212
22 1054
16 1223
14 1020
21 1469
13 1282
14 1442
28 1090
26 1274
23 1016
28 1419
20 1072
13 1367
23 1030
22 1403
13 1474
20 1199
10 1145
13 1461
28 1301
26 1169
20 1126
24 1259
14 1216
14 1128
12 1245
26 1153
27 1288
24 1248
13 1348
15 1146
19 1456
23 1460
13 1231
17 1250
14 1248
14 1429
19 1412
19 1224
16 1030
15 1076
26 1334
29 1457
25 1135
27 1380
11 1005
17 1267
28 1431
28 1101
13 1467
29 1027
13 1420
12 1439
18 1264
12 1463
26 1232
24 1154
16 1442
26 1026
20 1371
20 1215
21 1358
28 1255
13 1163
20 1175
12 1269
28 1341
12 1044
23 1382
21 1285
17 1160
24 1151
23 1130
26 1263
24 1287
15 1080
21 1140
16 1051
14 1048
11 1488
27 1077
12 1080
10 1138
17 1207
20 1102
12 1110
26 1405
24 1299
12 1228
29 1426
24 1418
17 1207
25 1063
18 1063
21 1124
17 1482
23 1109
20 1479
10 1489
18 1424
16 1021
29 1112
13 1378
15 1300
10 1496
21 1293
13 1411
10 1390
16 1481
21 1260
22 1478
29 1160
15 1291
28 1047
25 1449
19 1264
26 1021
11 1268
15 1332
20 1079
24 1389
24 1460
26 1423
19 1289
27 1418
15 1090
19 1059
13 1179
13 1120
11 1010
17 1214
15 1099
25 1449
26 1196
19 1129
25 1286
18 1106
17 1047
16 1433
22 1182
11 1433
17 1469
12 1065
17 1143
14 1030
28 1444
13 1344
20 1319
10 1014
18 1497
24 1109
24 1420
21 1050
11 1299
29 1395
18 1098
21 1393
13 1081
21 1305
22 1073
15 1011
23 1062
19 1238
29 1061
25 1372
22 1187
29 1046
13 1352
25 1259
27 1085
24 1156
24 1384
16 1195
21 1295
18 1323
10 1382
27 1163
25 1357
17 1281
28 1249
26 1270
13 1477
11 1421
12 1145
13 1134
13 1050
27 1391
14 1230
14 1475
16 1184
16 1057
29 1050
13 1104
24 1366
10 1403
13 1164
22 1479
16 1043
23 1134
13 1187
22 1399
23 1338
20 1134
18 1121
29 1135
23 1224
13 1057
18 1435
25 1204
11 1314
17 1143
18 1313
22 1017
15 1318
27 1065
20 1172
10 1442
24 1224
18 1027
25 1173
29 1415
22 1190
10 1075
26 1464
24 1038
19 1266
15 1400
14 1266
27 1320
19 1053
27 1470
29 1079
21 1220
23 1429
12 1432
24 1334
24 1194
14 1386
26 1250
11 1178
21 1356
14 1360
15 1186
22 1176
12 1265
21 1472
11 1012
14 1477
11 1467
28 1375
22 1107
18 1251
14 1084
26 1396
16 1128
18 1097
16 1257
21 1439
23 1468
24 1052
12 1390
22 1074
18 1281
29 1328
13 1311
28 1157
17 1390
26 1192
25 1356
26 1390
23 1270
29 1456
18 1165
27 1169
22 1201
16 1094
24 1263
19 1145
21 1344
28 1356
22 1307
26 1062
20 1120
22 1051
20 1389
19 1247
11 1252
11 1139
13 1343
19 1011
17 1158
14 1019
23 1119
15 1228
13 1229
18 1241
22 1006
28 1049
26 1036
28 1319
12 1343
28 1121
15 1172
19 1337
18 1354
24 1204
23 1169
25 1190
23 1451
17 1431
14 1397
17 1373
13 1341
13 1480
15 1343
27 1410
24 1042
11 1256
15 1027
21 1214
17 1448
15 1298
22 1102
20 1268
14 1160
25 1125
17 1236
17 1213
20 1252
22 1380
15 1033
25 1101
23 1279
28 1204
16 1384
18 1068
24 1416
13 1138
12 1024
28 1202
20 1467
15 1278
17 1441
11 1136
15 1447
21 1070
13 1429
15 1082
11 1377
21 1230
29 1440
23 1328
22 1315
26 1042
15 1463
10 1374
11 1440
20 1080
23 1158
17 1427
25 1483
24 1252
19 1313
13 1307
21 1414
20 1317
19 1226
10 1452
17 1111
19 1066
24 1396
24 1091
29 1048
13 1269
12 1039
13 1230
16 1457
13 1173
10 1295
26 1263
17 1122
14 1055
15 1464
25 1125
29 1098
22 1429
23 1403
27 1073
21 1096
16 1092
16 1423
18 1177
27 1308
18 1424
28 1149
25 1162
14 1280
13 1453
22 1121
10 1165
13 1054
26 1373
14 1477
23 1046
14 1408
27 1115
27 1059
27 1334
11 1455
29 1259
17 1354
23 1166
25 1225
29 1059
11 1255
17 1237
18 1110
14 1406
25 1171
26 1185
28 1321
15 1123
21 1462
27 1325
28 1082
23 1013
28 1008
28 1383
13 1461
14 1197
27 1165
25 1333
14 1079
28 1015
19 1343
23 1261
16 1090
12 1025
14 1186
10 1045
15 1100
23 1120
14 1291
21 1025
16 1421
11 1392
16 1033
14 1418
20 1446
20 1345
27 1359
19 1429
14 1383
13 1351
21 1382
16 1449
16 1102
10 1060
15 1229
15 1434
17 1097
24 1262
13 1369
20 1237
15 1435
13 1196
25 1007
17 1440
19 1138
17 1241
15 1486
29 1290
18 1339
16 1389
27 1426
21 1379
25 1484
11 1340
21 1195
26 1397
21 1411
16 1167
21 1210
14 1009
23 1366
20 1471
22 1451
27 1497
20 1075
12 1167
26 1164
24 1188
18 1053
15 1018
11 1210
12 1013
25 1370
23 1125
12 1140
17 1046
20 1378
25 1167
26 1115
10 1134
12 1250
27 1093
17 1229
11 1229
24 1296
27 1468
27 1469
21 1205
25 1265
19 1281
24 1452
22 1219
21 1093
20 1024
19 1065
18 1154
17 1325
26 1494
23 1343
17 1201
15 1069
13 1094
12 1190
25 1395
14 1095
23 1165
12 1131
12 1340
15 1344
28 1459
23 1124
10 1006
25 1367
17 1125
29 1484
14 1122
12 1166
28 1088
24 1416
21 1052
12 1092
15 1051
22 1039
22 1433
24 1178
19 1379
14 1192
21 1015
26 1248
21 1463
29 1405
24 1182
29 1295
12 1143
10 1467
16 1257
20 1167
26 1097
28 1276
10 1080
13 1208
17 1282
13 1141
21 1481
23 1244
12 1257
17 1077
15 1022
29 1472
19 1385
24 1494
18 1003
21 1155
23 1481
18 1069
29 1123
21 1386
21 1204
23 1364
19 1336
24 1221
10 1111
22 1127
13 1492
17 1437
27 1414
15 1424
21 1206
21 1388
18 1346
25 1348
17 1235
23 1377
27 1236
29 1119
20 1424
23 1172
18 1143
14 1402
10 1367
21 1322
20 1408
14 1223
28 1400
15 1114
17 1428
19 1247
28 1158
21 1184
22 1240
10 1076
23 1281
12 1135
20 1155
14 1136
29 1088
24 1461
19 1487
26 1202
24 1260
10 1076
20 1355
11 1234
16 1234
20 1185
21 1032
29 1095
14 1120
20 1405
14 1401
11 1115
28 1162
10 1223
21 1105
19 1061
18 1364
26 1353
14 1169
26 1293
16 1356
17 1206
24 1033
21 1184
21 1009
26 1088
24 1320
13 1309
24 1020
25 1163
26 1012
28 1064
25 1107
12 1212
29 1007
27 1156
22 1059
15 1206
23 1425
13 1130
10 1453
15 1498
20 1199
22 1074
11 1338
18 1224
28 1070
21 1447
27 1166
25 1254
13 1048
16 1411
24 1047
14 1444
27 1234
21 1229
27 1014
23 1416
26 1035
14 1302
11 1324
21 1218
14 1239
17 1039
19 1213
14 1409
22 1311
10 1373
25 1460
21 1460
20 1310
13 1418
15 1391
14 1356
16 1252
18 1288
17 1017
17 1357
19 1429
10 1331
24 1250
22 1445
22 1261
24 1239
23 1103
22 1222
22 1028
15 1210
27 1052
24 1260
23 1279
18 1215
24 1008
25 1287
24 1019
11 1380
18 1079
24 1033
27 1013
23 1308
14 1345
12 1149
13 1139
18 1049
22 1098
20 1161
29 1429
18 1127
10 1444
21 1041
28 1119
17 1015
23 1003
22 1210
19 1382
22 1014
28 1108
23 1155
15 1213
12 1237
26 1389
14 1096
14 1076
24 1134
17 1217
27 1418
20 1149
22 1476
18 1479
18 1301
23 1119
22 1394
25 1167
24 1069
26 1374
21 1487
27 1005
21 1426
26 1195
21 1433
20 1470
21 1022
18 1386
25 1478
27 1014
17 1326
22 1496
22 1459
13 1176
25 1056
15 1050
13 1396
12 1084
10 1081
29 1108
13 1113
23 1376
22 1331
13 1425
20 1309
18 1194
12 1020
27 1401
11 1087
29 1255
21 1102
11 1307
27 1268
22 1032
19 1440
13 1325
16 1115
22 1082
16 1288
20 1287
29 1145
29 1205
25 1280
16 1309
19 1480
28 1361
13 1094
21 1153
25 1367
29 1494
22 1245
10 1297
13 1494
21 1129
29 1089
29 1348
28 1200
23 1203
23 1017
26 1018
16 1151
11 1136
25 1133
10 1252
26 1368
23 1343
18 1153
13 1461
26 1031
27 1493
15 1274
29 1308
29 1425
16 1395
17 1146
22 1033
29 1282
26 1026
19 1416
16 1141
22 1385
19 1393
18 1390
24 1226
19 1448
17 1033
28 1430
26 1029
13 1281
22 1187
24 1007
23 1100
14 1394
29 1325
24 1359
16 1109
17 1183
11 1195
27 1226
26 1222
12 1224
23 1019
20 1282
15 1232
28 1053
24 1066
11 1140
25 1143
21 1496
20 1269
23 1284
20 1137
17 1499
27 1157
14 1063
29 1391
11 1227
11 1063
10 1412
10 1436
22 1463
14 1295
25 1424
16 1420
29 1485
24 1427
17 1458
29 1343
11 1043
10 1277
19 1294
15 1461
21 1458
13 1098
21 1495
17 1178
11 1247
17 1339
20 1240
11 1392
29 1243
15 1333
28 1008
18 1191
24 1416
17 1439
11 1482
25 1291
16 1123
20 1443
14 1078
15 1071
15 1032
25 1208
29 1207
27 1359
22 1226
21 1455
19 1084
14 1191
18 1426
23 1295
14 1400
24 1445
15 1128
26 1027
17 1432
20 1053
10 1442
29 1342
22 1148
21 1337
21 1147
20 1177
10 1494
25 1252
17 1339
27 1416
20 1453
14 1289
28 1212
10 1310
13 1383
27 1182
26 1495
16 1082
26 1144
20 1067
16 1304
12 1335
29 1101
29 1111
21 1169
12 1166
18 1079
16 1184
19 1419
14 1485
15 1125
14 1018
11 1398
25 1329
12 1126
18 1446
19 1346
27 1445
21 1069
16 1286
25 1352
16 1453
17 1093
17 1154
13 1075
17 1338
22 1333
19 1421
28 1455
25 1254
25 1418
26 1302
24 1028
23 1428
16 1018
29 1376
15 1204
20 1067
24 1283
28 1448
23 1030
17 1237
13 1330
16 1048
18 1031
11 1223
19 1178
17 1023
24 1177
21 1335
27 1030
14 1039
12 1331
24 1338
24 1285
28 1407
10 1491
14 1122
23 1092
23 1061
24 1255
13 1159
11 1487
21 1150
10 1452
16 1442
12 1285
16 1479
11 1063
21 1369
13 1354
11 1227
13 1087
23 1479
19 1247
26 1364
20 1166
21 1437
25 1194
11 1369
10 1201
25 1033
17 1431
29 1327
18 1311
12 1261
13 1314
29 1035
16 1309
27 1436
26 1152
20 1208
29 1144
20 1294
12 1221
18 1252
12 1336
25 1251
12 1119
27 1368
26 1373
17 1358
12 1020
12 1189
19 1154
18 1397
23 1387
23 1106
22 1368
22 1195
14 1156
12 1014
28 1456
10 1240
16 1112
28 1146
24 1369
21 1178
15 1272
25 1019
26 1275
23 1116
13 1394
27 1486
14 1228
27 1492
18 1293
13 1258
14 1351
18 1009
19 1388
13 1002
12 1263
10 1103
15 1321
19 1201
17 1361
29 1227
26 1203
20 1358
10 1010
10 1284
12 1081
29 1477
28 1000
27 1399
18 1228
12 1454
22 1128
23 1035
17 1305
20 1250
22 1229
24 1410
25 1099
27 1347
27 1251
11 1411
10 1413
10 1459
24 1023
13 1042
16 1481
13 1393
27 1139
26 1394
19 1358
28 1408
18 1064
27 1365
13 1247
11 1043
16 1223
23 1127
26 1159
12 1065
28 1100
25 1197
15 1154
12 1084
27 1095
10 1322
18 1318
15 1124
12 1048
21 1472
21 1438
28 1416
22 1407
24 1189
25 1281
28 1186
10 1376
10 1459
28 1282
27 1118
28 1342
16 1415
27 1444
14 1366
25 1103
26 1031
12 1299
28 1343
26 1003
17 1498
10 1045
12 1493
17 1080
24 1078
23 1421
24 1292
23 1387
16 1474
17 1263
13 1413
20 1430
28 1282
14 1191
16 1171
27 1001
10 1425
21 1360
11 1364
11 1451
26 1098
19 1216
15 1061
12 1305
16 1245
21 1083
27 1126
11 1211
10 1451
23 1143
20 1182
16 1303
20 1437
17 1158
23 1264
15 1497
10 1447
17 1314
19 1142
17 1472
20 1383
19 1399
15 1428
14 1459
22 1187
26 1379
17 1379
20 1364
17 1137
17 1409
23 1178
16 1097
10 1211
26 1497
24 1148
19 1398
27 1253
13 1092
19 1083
12 1280
14 1283
27 1310
28 1079
25 1476
15 1243
23 1078
25 1238
16 1318
27 1199
14 1349
18 1089
27 1061
14 1344
24 1074
12 1420
15 1471
27 1149
22 1142
21 1325
22 1147
21 1084
29 1130
17 1352
12 1152
13 1206
12 1236
20 1157
26 1051
20 1140
18 1497
22 1445
28 1296
22 1418
16 1109
21 1446
21 1262
18 1149
17 1277
13 1129
24 1293
18 1363
10 1465
19 1236
27 1159
12 1032
19 1073
26 1273
21 1286
23 1004
19 1377
17 1103
22 1484
23 1111
21 1494
23 1343
26 1140
24 1071
12 1342
21 1342
19 1271
28 1220
14 1097
27 1281
17 1343
15 1401
25 1411
26 1156
27 1341
15 1416
16 1413
29 1179
27 1366
19 1450
23 1297
23 1035
14 1211
19 1135
15 1022
12 1345
25 1472
22 1496
28 1119
10 1346
14 1037
11 1178
16 1133
26 1455
27 1055
13 1222
24 1153
20 1499
19 1358
26 1174
26 1178
24 1361
16 1387
24 1234
25 1307
25 1248
21 1386
25 1364
13 1463
27 1394
16 1263
13 1483
25 1374
12 1147
28 1124
22 1234
17 1098
28 1348
10 1397
23 1097
13 1115
28 1135
26 1449
18 1272
25 1172
25 1492
19 1482
29 1494
28 1007
27 1181
24 1208
20 1153
28 1375
10 1134
15 1400
25 1284
19 1086
27 1237
24 1164
15 1182
20 1016
18 1425
17 1001
20 1098
26 1448
25 1088
23 1292
22 1020
17 1478
22 1284
10 1251
23 1196
28 1279
22 1409
26 1284
11 1398
11 1168
23 1219
11 1440
10 1101
28 1489
20 1328
12 1053
21 1159
13 1368
23 1110
13 1083
18 1344
16 1251
23 1019
28 1451
22 1020
11 1230
17 1026
28 1169
11 1277
21 1419
28 1439
21 1028
22 1155
23 1343
26 1336
22 1446
19 1218
14 1233
18 1192
19 1177
12 1497
15 1204
22 1068
11 1300
19 1202
14 1226
29 1050
22 1477
29 1378
19 1478
11 1000
11 1489
10 1401
19 1427
23 1462
12 1461
25 1232
18 1019
17 1284
15 1042
21 1348
12 1101
16 1077
13 1372
17 1104
20 1484
18 1491
12 1462
28 1252
23 1002
22 1456
19 1056
10 1010
27 1059
20 1385
26 1084
12 1290
19 1376
11 1063
16 1423
18 1259
17 1323
23 1283
27 1199
24 1336
10 1225
18 1075
21 1078
28 1085
14 1084
16 1450
29 1183
19 1458
25 1478
15 1398
28 1279
19 1158
10 1152
29 1372
22 1495
11 1026
27 1370
17 1449
10 1115
16 1355
11 1372
21 1403
12 1414
21 1230
11 1398
16 1101
29 1425
20 1044
11 1219
11 1005
16 1444
27 1388
18 1051
14 1436
29 1046
25 1481
15 1108
22 1426
17 1263
19 1347
18 1334
11 1006
25 1377
26 1001
20 1110
19 1236
12 1172
21 1146
13 1191
23 1012
20 1278
19 1411
19 1171
18 1250
28 1253
19 1316
18 1402
14 1457
13 1300
27 1183
14 1276
20 1234
23 1244
10 1069
27 1468
11 1056
13 1141
29 1183
28 1030
22 1273
26 1129
20 1009
15 1020
20 1132
10 1357
19 1329
16 1406
11 1085
10 1269
18 1240
15 1462
11 1453
22 1214
20 1047
18 1095
21 1311
11 1403
19 1048
24 1096
23 1097
29 1447
20 1061
16 1097
25 1107
26 1252
29 1435
22 1236
21 1042
29 1448
22 1266
13 1293
28 1459
12 1008
20 1087
21 1070
26 1309
17 1439
19 1006
13 1492
21 1282
10 1430
17 1449
28 1190
29 1123
16 1493
27 1266
27 1290
26 1093
18 1450
13 1366
14 1292
20 1080
25 1213
20 1282
13 1490
23 1005
24 1415
21 1004
29 1493
13 1487
15 1269
27 1108
18 1369
17 1182
24 1322
29 1042
23 1297
21 1036
25 1292
19 1267
12 1238
16 1325
18 1285
15 1331
25 1048
27 1305
24 1167
15 1177
13 1227
12 1081
12 1191
14 1422
17 1341
29 1136
28 1270
29 1078
10 1374
12 1336
15 1284
21 1205
13 1317
29 1456
25 1040
22 1402
14 1135
29 1449
25 1426
25 1294
23 1144
19 1075
15 1209
18 1110
16 1116
15 1326
15 1201
14 1133
29 1191
23 1020
16 1002
19 1272
19 1176
25 1445
25 1133
23 1373
20 1241
18 1351
23 1245
21 1212
12 1380
13 1156
29 1261
17 1033
21 1482
16 1241
16 1326
15 1316
16 1387
23 1191
17 1283
23 1312
25 1139
25 1167
29 1271
24 1300
21 1370
22 1151
25 1144
19 1084
23 1049
17 1224
29 1258
14 1266
21 1062
15 1209
13 1458
14 1116
10 1195
17 1322
22 1109
10 1383
25 1411
25 1173
25 1256
20 1035
11 1220
29 1447
27 1253
28 1000
15 1253
28 1436
26 1014
11 1397
15 1491
14 1023
29 1125
12 1078
26 1395
28 1169
13 1419
26 1174
12 1128
15 1219
19 1498
17 1104
13 1430
24 1290
14 1350
14 1201
13 1071
13 1274
28 1387
14 1032
17 1040
25 1070
15 1112
21 1495
25 1389
20 1449
20 1361
28 1181
17 1059
12 1239
24 1186
20 1057
25 1283
25 1257
21 1416
22 1486
23 1376
19 1471
16 1130
10 1366
25 1444
15 1084
29 1225
21 1038
20 1352
10 1446
22 1079
15 1356
29 1499
22 1097
16 1479
28 1109
20 1064
24 1113
17 1430
22 1339
10 1470
27 1345
19 1221
12 1060
22 1422
13 1051
26 1072
16 1044
26 1148
20 1115
10 1013
27 1421
12 1009
18 1127
27 1225
28 1397
12 1053
10 1025
21 1412
22 1461
11 1205
15 1037
17 1265
22 1134
18 1448
29 1183
11 1081
10 1448
28 1279
15 1258
25 1005
11 1452
24 1235
10 1072
26 1196
22 1271
15 1486
21 1472
23 1332
15 1455
17 1468
14 1453
14 1362
16 1159
27 1016
18 1412
16 1064
26 1395
20 1402
26 1136
15 1294
11 1222
17 1354
19 1468
11 1321
21 1020
20 1420
15 1096
28 1045
10 1363
20 1197
17 1053
19 1398
28 1307
18 1473
22 1208
20 1180
22 1026
29 1006
19 1029
17 1120
20 1336
18 1209
15 1402
17 1167
17 1140
11 1218
18 1090
25 1173
12 1194
10 1173
24 1349
15 1452
10 1120
16 1370
22 1244
26 1362
21 1104
22 1226
12 1389
12 1139
12 1177
29 1279
20 1060
19 1247
19 1064
26 1163
20 1250
26 1160
20 1316
25 1236
12 1221
22 1096
21 1282
26 1467
29 1461
16 1408
23 1303
14 1361
17 1472
14 1291
23 1409
24 1288
12 1056
14 1465
18 1316
18 1254
26 1041
16 1327
19 1057
22 1071
16 1231
19 1340
15 1236
25 1284
11 1111
16 1210
24 1119
29 1223
28 1227
16 1231
29 1258
28 1182
15 1076
22 1130
14 1341
24 1248
12 1305
22 1211
11 1233
18 1471
24 1406
20 1260
23 1290
10 1064
28 1413
12 1111
17 1345
21 1036
13 1473
28 1139
19 1263
28 1114
28 1264
13 1405
25 1084
16 1043
28 1249
29 1014
29 1155
29 1446
21 1111
25 1256
18 1106
29 1219
25 1455
28 1242
21 1109
15 1286
27 1254
29 1451
17 1205
20 1100
17 1327
11 1294
26 1160
29 1158
21 1290
27 1393
10 1332
23 1293
28 1017
14 1468
28 1019
24 1484
28 1381
12 1490
13 1097
22 1416
26 1298
10 1088
15 1177
25 1394
10 1195
22 1060
27 1457
19 1016
23 1183
20 1099
21 1469
10 1177
17 1148
18 1415
25 1280
14 1317
20 1299
18 1356
28 1490
11 1252
15 1395
22 1420
12 1016
20 1442
22 1172
10 1085
15 1445
11 1262
29 1299
18 1230
26 1339
20 1148
17 1410
26 1375
17 1394
28 1456
24 1373
12 1137
18 1368
19 1005
13 1077
29 1046
28 1183
22 1469
21 1490
16 1360
25 1256
19 1226
28 1284
15 1231
27 1129
28 1396
22 1240
16 1114
11 1399
11 1198
10 1217
13 1067
26 1027
23 1163
16 1404
15 1187
25 1336
19 1108
10 1448
27 1075
17 1276
28 1392
29 1353
11 1079
22 1409
15 1335
17 1004
15 1456
29 1092
21 1345
21 1284
18 1078
18 1013
20 1045
27 1463
16 1077
10 1477
19 1479
11 1376
20 1379
10 1059
20 1303
21 1037
25 1237
20 1256
27 1350
12 1121
12 1235
21 1470
24 1317
29 1327
17 1251
25 1244
10 1144
17 1150
12 1100
24 1056
18 1262
11 1069
11 1287
29 1108
10 1263
19 1433
13 1055
12 1492
28 1023
29 1118
25 1354
29 1117
18 1209
11 1140
22 1417
26 1417
22 1137
11 1051
12 1020
28 1035
22 1349
23 1474
22 1224
16 1456
19 1407
26 1404
28 1275
16 1486
28 1488
24 1476
22 1008
13 1061
25 1171
16 1330
27 1010
23 1113
15 1131
12 1022
10 1105
17 1448
18 1491
17 1121
22 1208
14 1281
15 1045
21 1493
27 1136
16 1411
11 1117
17 1377
15 1150
12 1156
12 1442
21 1062
29 1383
11 1467
17 1414
21 1235
24 1397
10 1194
20 1194
28 1470
22 1289
14 1020
14 1409
23 1425
12 1127
10 1106
13 1181
15 1121
28 1306
24 1101
24 1024
24 1291
21 1343
12 1458
14 1239
16 1487
13 1405
24 1396
18 1384
18 1247
28 1216
10 1186
23 1121
29 1329
13 1203
13 1480
21 1126
23 1285
15 1203
29 1007
23 1462
23 1405
24 1177
14 1451
26 1360
22 1361
28 1226
25 1215
18 1177
18 1298
25 1047
27 1349
22 1051
16 1115
23 1168
18 1385
29 1280
12 1060
20 1465
20 1192
23 1032
26 1042
28 1163
13 1431
25 1003
25 1261
21 1099
20 1116
26 1141
11 1065
24 1370
27 1494
13 1155
29 1215
22 1165
27 1306
12 1393
11 1417
21 1260
27 1117
22 1314
20 1410
17 1299
27 1458
26 1255
21 1041
12 1178
12 1461
23 1357
29 1392
18 1196
12 1419
12 1020
29 1113
23 1283
24 1026
15 1180
16 1320
15 1403
26 1469
23 1284
12 1367
14 1385
22 1247
24 1383
15 1376
17 1297
12 1265
29 1297
15 1255
11 1460
23 1216
27 1387
14 1016
21 1303
28 1105
12 1164
11 1053
19 1211
25 1205
26 1291
16 1330
16 1383
10 1482
29 1134
27 1314
13 1067
22 1338
26 1191
29 1360
13 1134
19 1237
23 1269
14 1313
29 1156
21 1159
13 1173
29 1314
27 1446
12 1073
16 1320
20 1450
24 1339
27 1081
18 1398
15 1044
22 1268
20 1430
28 1433
28 1320
11 1119
16 1494
13 1429
16 1390
28 1262
28 1245
24 1159
10 1110
20 1114
10 1170
29 1039
11 1192
28 1204
19 1144
21 1041
16 1206
25 1268
20 1362
15 1237
10 1200
27 1159
28 1306
27 1377
15 1073
20 1205
17 1045
24 1087
17 1351
24 1088
23 1038
29 1368
11 1174
14 1259
26 1071
10 1382
18 1353
24 1350
22 1474
16 1104
18 1456
14 1155
15 1029
25 1265
15 1373
13 1052
27 1370
22 1299
12 1271
13 1182
17 1437
11 1411
20 1131
19 1174
27 1376
22 1455
29 1079
28 1177
23 1046
10 1473
24 1090
15 1385
15 1182
17 1411
14 1000
18 1255
12 1274
24 1454
11 1419
17 1204
11 1417
16 1246
13 1368
21 1299
18 1237
15 1048
23 1388
27 1240
22 1028
21 1393
28 1175
16 1448
15 1261
16 1092
24 1164
17 1186
11 1420
14 1430
10 1356
14 1155
15 1378
17 1407
17 1405
12 1013
20 1267
19 1078
27 1190
23 1298
14 1097
22 1345
22 1250
16 1373
10 1172
11 1424
24 1382
14 1272
24 1076
27 1192
13 1007
26 1264
19 1061
28 1059
27 1157
18 1344
10 1408
28 1072
16 1220
17 1188
11 1226
13 1126
20 1322
11 1187
15 1117
15 1003
26 1332
27 1425
17 1451
24 1023
12 1206
24 1108
15 1466
15 1112
23 1315
21 1291
24 1405
10 1128
15 1499
15 1494
11 1032
11 1252
26 1445
27 1323
19 1085
16 1184
26 1461
15 1147
28 1029
27 1221
10 1373
19 1363
16 1368
26 1252
22 1192
27 1376
20 1255
26 1398
22 1075
13 1398
23 1035
12 1008
29 1409
16 1271
20 1426
22 1067
24 1048
28 1165
29 1238
16 1082
15 1072
12 1256
28 1428
26 1088
16 1096
28 1080
14 1388
14 1285
15 1056
21 1008
26 1017
29 1185
12 1315
13 1211
14 1392
20 1154
28 1343
15 1215
10 1044
14 1436
18 1295
29 1038
20 1216
29 1070
17 1008
26 1219
17 1423
21 1007
11 1071
14 1256
19 1031
11 1455
27 1187
15 1300
22 1182
27 1041
22 1181
15 1406
24 1067
15 1139
27 1184
19 1404
17 1192
27 1372
29 1183
23 1375
29 1363
11 1211
18 1488
21 1066
16 1408
28 1154
16 1076
20 1219
29 1050
27 1437
12 1128
15 1267
19 1136
11 1365
25 1473
11 1131
11 1372
13 1346
21 1100
23 1473
19 1346
28 1215
23 1410
25 1299
22 1006
23 1377
23 1265
18 1272
12 1440
29 1129
22 1220
24 1107
17 1382
26 1247
29 1321
23 1090
14 1022
11 1464
14 1224
16 1345
20 1024
23 1361
24 1349
17 1158
15 1388
17 1097
20 1372
17 1129
23 1257
21 1442
24 1422
27 1004
14 1145
13 1260
13 1072
18 1099
11 1200
21 1211
25 1342
13 1210
18 1209
16 1301
15 1475
20 1095
19 1359
21 1391
21 1367
26 1217
26 1381
27 1112
23 1006
10 1152
28 1245
24 1094
22 1307
12 1052
21 1199
12 1198
12 1363
27 1364
14 1284
28 1446
15 1287
28 1395
11 1069
14 1497
20 1237
22 1430
22 1416
12 1368
15 1016
28 1026
18 1336
24 1453
26 1195
26 1316
23 1390
11 1190
17 1013
12 1104
25 1170
25 1232
16 1264
25 1195
15 1450
27 1230
20 1141
14 1119
26 1252
12 1156
13 1140
14 1115
23 1200
23 1058
25 1490
21 1169
10 1035
15 1419
18 1337
11 1238
22 1121
15 1120
18 1106
25 1349
10 1028
15 1115
11 1450
25 1461
29 1282
16 1377
29 1372
19 1253
18 1176
14 1374
23 1003
19 1138
28 1030
10 1233
28 1072
19 1312
21 1497
25 1364
24 1033
12 1056
28 1058
26 1304
24 1238
10 1306
27 1138
16 1342
12 1497
19 1038
13 1176
18 1471
25 1287
23 1183
18 1240
10 1315
18 1430
22 1159
14 1273
24 1499
10 1008
13 1234
22 1206
23 1204
19 1328
15 1245
21 1223
18 1119
25 1282
14 1382
11 1138
16 1296
20 1132
24 1311
29 1130
26 1353
29 1432
21 1456
18 1256
27 1282
14 1187
25 1468
26 1110
12 1336
28 1385
11 1117
10 1323
16 1347
17 1153
13 1493
24 1170
27 1473
15 1153
14 1051
11 1291
28 1311
18 1266
25 1277
14 1435
20 1001
20 1104
29 1229
16 1290
28 1147
16 1057
16 1307
11 1106
15 1097
23 1297
29 1145
17 1332
11 1032
25 1017
25 1088
23 1395
27 1028
14 1313
25 1070
16 1124
13 1385
10 1449
19 1046
11 1126
14 1006
23 1316
15 1320
27 1188
12 1367
12 1064
28 1383
24 1365
18 1352
16 1499
18 1043
23 1236
23 1291
21 1102
29 1014
12 1251
14 1459
18 1417
12 1263
19 1471
12 1199
25 1462
14 1465
25 1217
10 1159
28 1339
16 1357
29 1210
17 1043
15 1048
20 1233
22 1182
19 1084
10 1116
12 1053
16 1258
27 1391
22 1087
24 1242
25 1199
27 1141
20 1153
25 1460
28 1365
23 1308
28 1051
27 1176
26 1354
18 1267
27 1351
20 1078
10 1465
17 1101
18 1163
15 1424
12 1119
15 1493
24 1144
13 1101
10 1498
15 1474
18 1197
18 1289
29 1094
21 1101
23 1080
16 1414
21 1339
26 1254
12 1316
29 1199
19 1075
20 1013
19 1244
27 1361
17 1336
22 1150
19 1354
25 1440
17 1407
21 1312
12 1286
13 1220
29 1277
10 1120
18 1162
27 1447
17 1120
11 1005
21 1057
23 1211
15 1480
14 1024
26 1492
22 1461
21 1068
23 1078
29 1172
15 1089
18 1078
20 1136
18 1049
24 1261
18 1337
24 1308
27 1479
28 1233
27 1372
22 1193
29 1241
16 1122
27 1295
18 1257
16 1457
26 1304
21 1168
21 1313
13 1281
29 1219
20 1076
17 1229
21 1449
16 1195
17 1463
16 1335
16 1304
17 1370
20 1337
12 1410
29 1130
14 1195
27 1329
12 1024
23 1448
12 1446
10 1022
22 1293
29 1114
29 1257
23 1329
16 1411
15 1265
24 1313
23 1222
23 1347
24 1490
15 1127
10 1354
28 1088
23 1382
18 1055
10 1496
29 1462
27 1146
26 1137
12 1122
19 1296
21 1480
11 1228
14 1413
18 1283
28 1443
15 1362
10 1219
11 1081
22 1048
24 1499
21 1108
17 1012
26 1145
16 1024
25 1279
18 1029
10 1382
24 1275
23 1460
22 1107
19 1060
19 1485
25 1109
26 1212
21 1391
21 1050
15 1128
20 1430
10 1009
18 1267
16 1299
22 1432
18 1046
21 1232
18 1309
24 1352
20 1234
23 1384
17 1487
25 1059
10 1401
18 1070
27 1035
10 1067
14 1402
23 1332
17 1039
15 1144
23 1040
11 1014
17 1163
10 1209
11 1335
26 1267
22 1440
18 1009
18 1222
18 1279
29 1117
24 1036
23 1281
25 1061
17 1238
25 1417
11 1036
24 1494
17 1171
25 1249
27 1270
27 1197
14 1239
15 1436
28 1330
12 1207
11 1404
21 1242
15 1269
18 1433
22 1076
26 1472
21 1091
29 1035
19 1481
17 1428
28 1078
23 1442
25 1065
13 1486
22 1127
25 1063
11 1320
26 1292
10 1271
27 1274
16 1195
17 1036
21 1427
23 1139
12 1484
25 1290
25 1082
27 1423
15 1024
29 1109
18 1227
14 1334
21 1231
24 1232
18 1332
21 1139
13 1189
22 1424
18 1014
14 1346
26 1318
22 1334
15 1370
21 1452
22 1305
27 1172
11 1158
16 1099
20 1409
16 1012
10 1402
29 1066
12 1121
13 1001
13 1364
14 1378
16 1168
10 1149
18 1284
20 1483
19 1266
18 1362
22 1093
11 1377
18 1493
10 1237
18 1154
25 1256
25 1431
19 1447
29 1289
27 1215
10 1268
29 1329
22 1157
28 1416
10 1287
25 1144
14 1445
19 1332
19 1052
23 1138
24 1087
18 1031
12 1474
14 1204
12 1402
11 1241
16 1202
11 1386
14 1443
23 1202
11 1460
27 1113
19 1123
23 1055
23 1460
28 1221
23 1098
11 1479
17 1193
24 1437
15 1021
10 1244
10 1382
26 1487
17 1391
11 1299
18 1487
10 1345
13 1073
16 1278
22 1235
10 1273
29 1388
12 1080
16 1467
11 1316
12 1334
12 1320
19 1186
16 1444
14 1238
13 1473
27 1055
16 1248
16 1103
28 1002
26 1011
17 1182
22 1358
19 1388
15 1443
23 1005
20 1428
26 1445
21 1213
26 1066
18 1461
18 1439
14 1147
27 1091
13 1424
17 1164
21 1162
19 1327
26 1388
21 1053
18 1043
15 1055
19 1089
26 1426
14 1121
28 1083
12 1447
24 1422
11 1207
12 1295
21 1378
21 1325
29 1423
21 1274
11 1180
27 1138
20 1468
24 1104
18 1454
21 1222
13 1330
10 1477
14 1227
15 1350
10 1497
17 1124
15 1179
15 1407
20 1484
25 1020
13 1361
11 1015
18 1464
17 1195
26 1337
19 1311
11 1007
21 1295
10 1052
18 1225
27 1111
15 1376
13 1384
15 1419
11 1382
11 1124
16 1115
26 1158
17 1114
27 1399
28 1496
13 1306
28 1451
15 1161
27 1052
19 1232
18 1113
19 1162
15 1041
12 1449
12 1015
11 1063
12 1032
25 1284
17 1075
29 1035
26 1433
22 1401
24 1042
22 1134
14 1296
15 1195
13 1234
28 1443
12 1147
15 1406
23 1480
21 1142
21 1276
22 1079
25 1383
11 1441
22 1439
21 1065
12 1338
23 1403
16 1051
17 1151
27 1296
24 1458
26 1347
21 1183
18 1128
14 1308
22 1019
27 1202
22 1411
16 1194
15 1449
19 1004
26 1058
12 1378
25 1158
20 1050
11 1282
23 1478
25 1109
14 1428
10 1138
24 1319
18 1379
23 1486
13 1188
21 1408
21 1417
24 1285
19 1023
15 1149
21 1347
24 1127
25 1160
16 1230
19 1061
10 1010
19 1073
21 1357
26 1334
11 1286
18 1445
28 1240
27 1472
15 1066
21 1428
28 1193
16 1011
10 1386
22 1485
25 1408
12 1121
14 1491
20 1477
19 1087
29 1409
13 1244
20 1463
27 1208
10 1296
26 1065
21 1192
16 1323
21 1043
15 1473
10 1134
16 1497
13 1310
26 1294
11 1138
21 1366
14 1332
11 1270
20 1089
13 1190
20 1204
14 1219
11 1367
21 1398
24 1431
13 1390
23 1257
18 1236
29 1189
22 1181
12 1092
19 1475
13 1005
28 1167
25 1169
16 1399
28 1488
22 1003
15 1194
24 1132
29 1397
22 1042
22 1174
21 1001
23 1170
29 1336
26 1203
29 1293
20 1402
22 1127
28 1488
20 1164
16 1124
19 1404
17 1372
19 1239
25 1321
23 1070
21 1247
29 1170
22 1375
11 1242
23 1261
15 1427
27 1229
24 1382
19 1244
13 1148
25 1129
10 1017
20 1467
28 1077
26 1354
22 1442
11 1157
16 1284
20 1320
13 1110
21 1100
12 1041
14 1445
12 1279
20 1085
24 1059
16 1286
19 1316
20 1056
28 1170
17 1123
20 1453
26 1005
18 1442
27 1369
14 1442
19 1456
11 1045
21 1038
27 1464
11 1447
19 1077
19 1371
15 1429
15 1291
19 1079
28 1164
17 1380
16 1258
18 1065
11 1337
15 1055
17 1308
16 1447
15 1090
18 1237
14 1252
11 1475
22 1180
25 1290
28 1266
13 1402
10 1109
24 1288
28 1081
25 1049
13 1032
19 1088
18 1125
14 1266
17 1391
17 1378
15 1468
15 1088
10 1250
15 1127
11 1236
13 1409
19 1231
25 1113
22 1249
19 1170
25 1246
25 1153
27 1026
20 1449
28 1332
24 1431
27 1011
14 1159
22 1175
20 1219
15 1231
15 1262
17 1248
21 1391
29 1395
25 1421
12 1012
26 1267
29 1060
12 1386
28 1002
29 1059
11 1380
22 1187
24 1391
13 1263
21 1084
17 1209
25 1295
10 1137
20 1034
25 1360
11 1050
19 1170
12 1204
26 1204
10 1448
25 1384
11 1380
16 1402
28 1418
12 1098
21 1000
17 1412
20 1133
25 1481
16 1113
25 1238
10 1363
29 1384
25 1481
20 1478
24 1370
13 1400
13 1408
12 1369
13 1342
24 1084
11 1152
29 1199
21 1430
15 1428
13 1393
22 1386
24 1114
24 1352
27 1380
23 1393
14 1436
12 1099
20 1134
16 1331
26 1290
13 1293
29 1317
14 1111
18 1156
27 1141
24 1252
13 1480
16 1075
26 1412
25 1137
25 1127
19 1202
20 1210
16 1274
26 1061
19 1218
22 1112
28 1416
26 1243
14 1128
15 1268
27 1020
18 1030
25 1306
22 1231
16 1054
14 1247
26 1214
27 1189
17 1324
21 1113
10 1132
24 1297
14 1116
12 1035
16 1291
16 1446
19 1030
21 1303
17 1019
15 1352
13 1324
12 1465
13 1370
18 1005
21 1084
11 1461
27 1290
25 1161
14 1002
17 1137
26 1179
29 1334
14 1134
21 1455
11 1246
25 1064
17 1191
10 1216
27 1046
13 1077
12 1271
16 1047
18 1218
10 1247
26 1474
28 1396
15 1247
22 1031
23 1046
23 1235
25 1047
26 1256
14 1000
17 1142
22 1316
15 1430
11 1156
13 1381
20 1495
11 1319
25 1241
10 1410
25 1444
23 1497
17 1423
24 1490
25 1009
29 1408
17 1328
28 1203
19 1046
13 1041
16 1250
21 1423
21 1237
15 1132
24 1380
19 1275
11 1470
24 1481
24 1099
16 1071
27 1138
22 1365
23 1342
26 1239
21 1218
10 1155
12 1024
16 1150
21 1361
13 1215
12 1358
19 1196
21 1259
17 1043
18 1199
15 1419
26 1341
10 1090
15 1262
26 1337
23 1331
25 1465
27 1303
16 1232
25 1010
28 1001
17 1409
27 1134
26 1214
19 1340
19 1408
16 1175
15 1341
20 1252
13 1448
28 1260
28 1015
27 1261
17 1141
11 1441
28 1499
22 1341
25 1258
19 1059
12 1248
11 1231
28 1104
26 1353
19 1315
23 1287
18 1257
22 1106
20 1001
12 1380
27 1221
19 1104
14 1089
28 1409
25 1153
29 1009
20 1251
27 1348
16 1318
16 1403
27 1113
12 1035
17 1403
10 1285
29 1149
16 1075
15 1371
12 1248
15 1375
12 1098
19 1373
27 1481
19 1468
11 1498
25 1126
24 1347
29 1065
21 1008
13 1182
16 1049
10 1143
20 1162
13 1207
10 1186
24 1414
18 1340
13 1465
18 1235
29 1268
10 1407
22 1030
27 1350
15 1488
10 1170
26 1284
17 1311
25 1056
10 1213
24 1019
23 1087
24 1438
27 1299
29 1286
26 1042
21 1033
19 1465
13 1375
21 1422
29 1481
15 1377
13 1152
24 1097
21 1338
12 1049
23 1220
17 1378
27 1156
16 1327
23 1481
29 1022
19 1040
25 1429
28 1127
11 1133
16 1256
28 1142
20 1129
10 1155
13 1370
14 1410
25 1352
23 1438
23 1428
25 1099
14 1374
27 1359
18 1003
28 1167
25 1124
17 1230
12 1113
14 1229
15 1239
28 1136
12 1305
22 1088
14 1491
20 1148
22 1011
12 1450
17 1115
14 1377
29 1456
18 1200
14 1031
28 1481
27 1155
28 1108
15 1115
14 1325
15 1155
23 1251
27 1116
13 1206
17 1433
26 1299
15 1254
11 1073
22 1128
13 1193
26 1420
12 1110
14 1103
23 1282
23 1190
17 1336
19 1319
16 1473
27 1215
22 1069
28 1480
17 1009
22 1127
14 1179
24 1243
16 1030
13 1122
23 1381
29 1467
25 1340
20 1332
23 1235
24 1147
11 1039
26 1095
12 1335
16 1376
14 1387
23 1453
10 1382
20 1336
17 1096
29 1235
22 1063
17 1167
13 1200
23 1416
22 1231
19 1333
15 1231
25 1229
14 1358
11 1073
28 1480
19 1187
12 1289
19 1406
16 1042
10 1280
10 1052
10 1325
15 1400
29 1192
23 1481
18 1325
13 1030
17 1121
13 1159
17 1086
29 1029
17 1361
25 1071
26 1139
26 1467
29 1485
27 1384
12 1059
12 1285
11 1151
28 1278
22 1226
15 1206
10 1441
23 1053
29 1343
27 1294
15 1262
20 1221
18 1206
17 1045
22 1170
19 1259
17 1279
13 1104
28 1222
26 1280
16 1321
24 1287
24 1147
29 1323
28 1393
15 1179
11 1385
11 1127
20 1488
10 1013
17 1212
16 1384
24 1402
24 1387
28 1000
25 1322
20 1312
13 1357
14 1240
25 1472
15 1287
28 1099
25 1162
14 1342
25 1003
24 1381
27 1154
14 1254
24 1159
29 1018
20 1149
18 1328
27 1433
16 1379
25 1308
21 1302
22 1032
22 1358
19 1390
10 1091
19 1370
13 1453
15 1261
10 1165
16 1249
28 1298
18 1072
29 1373
18 1354
24 1365
23 1495
15 1482
23 1037
29 1099
14 1021
24 1301
28 1268
14 1005
24 1484
13 1370
28 1145
25 1394
26 1042
15 1429
29 1432
11 1441
22 1074
21 1163
25 1302
16 1008
21 1474
12 1363
21 1248
16 1045
28 1212
19 1275
27 1351
23 1351
28 1436
17 1149
16 1304
10 1086
28 1318
14 1244
14 1380
18 1048
27 1448
21 1006
22 1358
18 1232
29 1123
29 1075
12 1282
20 1126
16 1347
23 1488
20 1021
15 1155
26 1004
22 1196
24 1106
26 1430
24 1370
21 1379
18 1320
25 1169
25 1079
14 1159
27 1053
12 1421
14 1454
21 1292
21 1145
29 1196
10 1183
18 1331
29 1207
27 1038
16 1014
27 1023
18 1419
24 1151
11 1027
14 1375
25 1192
14 1268
23 1115
18 1029
13 1240
18 1079
23 1302
21 1216
21 1442
10 1482
14 1184
29 1446
14 1363
19 1040
22 1411
23 1173
17 1111
12 1292
22 1440
20 1071
22 1049
13 1373
20 1370
17 1180
19 1436
17 1011
18 1245
17 1092
22 1228
10 1262
21 1249
20 1273
26 1465
23 1262
27 1286
16 1097
25 1465
12 1419
29 1483
15 1194
28 1403
21 1158
14 1348
16 1295
14 1066
19 1437
16 1197
18 1414
25 1156
23 1435
20 1382
18 1165
28 1395
25 1227
28 1495
17 1181
21 1265
29 1279
14 1336
25 1225
19 1109
12 1219
12 1166
10 1499
11 1183
29 1237
28 1005
27 1179
24 1005
11 1047
28 1434
10 1494
29 1418
18 1248
25 1421
28 1340
26 1333
19 1360
20 1068
26 1226
29 1158
12 1177
16 1147
24 1491
10 1194
25 1091
29 1172
14 1259
12 1011
19 1065
13 1456
24 1226
27 1478
20 1080
24 1444
19 1236
28 1339
16 1137
10 1479
21 1042
21 1352
18 1429
16 1062
11 1296
28 1046
18 1370
12 1058
26 1284
28 1095
11 1186
23 1371
20 1363
16 1181
19 1280
13 1429
24 1241
28 1345
14 1018
29 1242
20 1397
17 1110
18 1154
26 1207
27 1199
26 1071
21 1167
17 1096
17 1053
22 1234
23 1429
12 1468
21 1199
12 1048
17 1293
22 1359
10 1278
15 1198
23 1297
22 1492
27 1101
22 1145
18 1404
28 1294
11 1151
24 1447
10 1078
14 1403
21 1348
18 1461
27 1457
14 1476
18 1418
26 1470
23 1203
15 1320
27 1164
13 1392
27 1317
20 1355
28 1010
20 1212
25 1220
28 1476
27 1232
22 1231
10 1434
27 1492
26 1010
29 1197
15 1038
14 1098
18 1243
26 1424
22 1050
14 1390
21 1209
20 1331
25 1447
13 1053
22 1136
26 1181
16 1159
17 1367
15 1316
14 1283
20 1362
28 1153
16 1216
22 1470
11 1063
13 1485
20 1178
24 1412
25 1449
17 1029
28 1326
12 1324
23 1190
24 1228
14 1204
16 1262
27 1286
15 1215
17 1080
23 1122
17 1266
12 1370
25 1264
27 1107
27 1274
17 1262
12 1482
10 1225
25 1318
27 1209
19 1236
22 1188
17 1213
13 1120
10 1074
19 1464
10 1220
23 1191
17 1262
26 1112
16 1414
17 1383
22 1430
26 1245
13 1354
14 1358
26 1217
23 1200
17 1024
23 1298
26 1404
10 1230
26 1400
28 1233
25 1454
28 1004
11 1156
19 1304
26 1496
25 1397
28 1181
23 1407
20 1310
15 1440
11 1409
16 1489
14 1329
15 1388
24 1127
28 1019
21 1202
23 1059
27 1432
22 1010
16 1446
15 1054
17 1258
28 1025
14 1051
23 1153
24 1307
16 1489
25 1359
24 1256
19 1089
13 1462
16 1169
13 1443
21 1235
26 1190
25 1044
22 1211
21 1398
20 1150
16 1093
18 1065
26 1112
19 1390
16 1213
18 1483
27 1152
17 1127
28 1329
16 1212
14 1278
28 1147
29 1364
14 1385
19 1220
24 1044
14 1368
14 1353
10 1022
21 1341
21 1281
11 1258
24 1121
15 1497
10 1373
15 1111
17 1396
12 1413
27 1254
27 1367
23 1138
18 1121
20 1448
16 1176
27 1154
22 1009
15 1073
17 1020
29 1193
10 1150
24 1468
20 1427
27 1285
14 1054
22 1275
25 1007
28 1292
26 1155
26 1142
27 1474
29 1263
10 1411
29 1085
25 1132
23 1346
27 1134
23 1318
14 1245
16 1322
28 1188
16 1147
16 1364
18 1462
10 1356
12 1169
10 1486
17 1226
22 1207
11 1442
20 1108
29 1324
15 1403
11 1443
17 1137
11 1284
21 1129
17 1469
26 1166
19 1098
14 1360
24 1185
18 1118
12 1337
16 1270
15 1044
27 1350
10 1052
26 1042
25 1119
20 1230
20 1431
18 1361
17 1322
13 1364
19 1351
28 1325
21 1208
25 1183
25 1372
23 1405
12 1432
22 1055
28 1290
20 1454
10 1307
21 1483
25 1082
13 1432
17 1102
28 1217
15 1312
15 1398
28 1037
12 1252
29 1148
18 1115
20 1169
24 1322
29 1489
18 1390
18 1015
26 1225
29 1171
15 1436
28 1413
23 1133
12 1422
14 1436
22 1272
13 1446
27 1267
20 1112
29 1342
29 1114
27 1239
18 1046
11 1059
12 1049
23 1429
24 1064
17 1319
10 1235
19 1343
27 1255
11 1390
10 1291
21 1371
21 1129
28 1128
20 1473
19 1287
10 1447
29 1363
29 1218
21 1188
10 1110
19 1273
17 1092
29 1182
23 1236
10 1350
17 1393
13 1234
21 1397
24 1162
23 1131
26 1463
12 1011
13 1360
28 1311
18 1380
25 1330
10 1124
23 1472
14 1448
28 1100
20 1014
19 1248
11 1260
27 1462
26 1180
25 1356
13 1372
21 1023
24 1225
27 1006
25 1484
23 1309
13 1447
29 1021
20 1015
16 1379
22 1122
13 1370
10 1464
20 1376
12 1214
24 1035
12 1189
19 1362
23 1374
14 1085
16 1277
15 1423
29 1053
16 1061
22 1034
11 1404
22 1292
10 1081
17 1397
15 1425
24 1406
13 1334
13 1404
18 1113
26 1036
13 1126
25 1489
24 1165
12 1488
15 1254
18 1306
29 1329
21 1148
14 1233
19 1100
13 1480
15 1307
24 1181
13 1158
13 1080
19 1322
25 1211
29 1315
25 1241
29 1000
27 1457
10 1185
23 1040
22 1102
24 1346
16 1027
28 1495
13 1174
16 1398
22 1490
20 1027
24 1107
24 1108
16 1243
27 1256
25 1155
20 1325
16 1227
22 1114
11 1030
22 1015
25 1455
12 1456
27 1108
24 1436
28 1194
23 1112
12 1402
12 1281
25 1214
12 1033
26 1120
24 1206
13 1308
17 1030
21 1136
11 1325
29 1189
26 1494
28 1071
27 1323
28 1322
29 1389
18 1039
29 1323
26 1415
27 1086
28 1028
18 1223
28 1480
20 1009
29 1262
22 1275
14 1475
23 1231
17 1347
15 1329
29 1081
10 1371
12 1224
19 1173
17 1439
16 1185
18 1262
23 1092
10 1287
17 1421
13 1411
18 1364
25 1282
21 1412
23 1020
18 1125
20 1409
12 1380
16 1346
17 1440
23 1087
28 1372
26 1038
24 1461
22 1420
16 1235
14 1210
15 1250
10 1354
10 1320
17 1452
10 1385
23 1190
18 1182
21 1235
23 1206
28 1288
24 1036
17 1497
18 1047
18 1070
24 1159
23 1415
23 1165
22 1432
19 1353
26 1073
15 1368
16 1366
10 1252
10 1152
17 1325
23 1397
20 1468
21 1176
17 1444
11 1497
16 1073
15 1372
24 1075
29 1385
22 1329
29 1093
24 1116
17 1313
23 1214
21 1210
15 1413
15 1154
15 1134
23 1158
23 1389
11 1445
26 1385
11 1292
21 1178
27 1240
25 1395
25 1044
28 1372
18 1126
28 1156
14 1112
12 1473
10 1169
16 1079
24 1119
20 1299
19 1359
28 1067
23 1291
11 1227
18 1424
19 1372
23 1240
13 1401
23 1392
29 1476
20 1399
27 1255
23 1337
16 1245
14 1424
18 1052
20 1221
18 1330
11 1015
26 1024
22 1049
22 1450
26 1290
16 1124
26 1196
28 1038
29 1176
16 1398
26 1366
11 1346
18 1045
20 1118
11 1004
16 1030
20 1439
21 1443
16 1329
17 1193
20 1282
22 1325
28 1237
10 1462
13 1393
28 1439
22 1240
21 1196
15 1019
24 1226
28 1349
12 1150
27 1224
28 1176
11 1171
26 1195
15 1185
18 1098
17 1011
25 1427
15 1365
13 1400
16 1229
21 1435
29 1473
24 1261
17 1336
14 1283
18 1398
27 1243
27 1385
10 1488
19 1267
20 1339
27 1309
17 1353
26 1143
25 1370
29 1079
22 1224
17 1178
16 1323
14 1140
20 1123
26 1166
24 1377
19 1021
19 1403
14 1265
16 1173
19 1016
24 1197
21 1389
12 1048
10 1274
18 1339
27 1269
20 1258
24 1302
25 1471
18 1279
14 1030
28 1450
25 1054
24 1449
13 1129
24 1464
10 1339
13 1203
22 1431
20 1354
28 1153
20 1393
19 1391
24 1242
29 1118
10 1091
29 1010
27 1160
13 1075
13 1083
20 1354
27 1413
24 1340
22 1074
11 1111
20 1463
23 1373
23 1386
19 1035
10 1152
15 1089
10 1309
18 1496
18 1067
19 1439
23 1142
10 1474
24 1352
29 1407
27 1478
19 1435
24 1242
28 1101
10 1144
14 1414
29 1323
24 1399
15 1004
15 1112
21 1109
13 1169
26 1049
21 1048
16 1481
29 1323
14 1178
13 1499
26 1053
23 1260
11 1102
26 1379
19 1150
22 1488
27 1249
27 1014
23 1097
21 1291
10 1301
22 1160
29 1261
14 1050
18 1191
18 1151
23 1312
11 1117
14 1401
11 1488
22 1096
27 1204
15 1264
16 1196
24 1201
25 1376
26 1378
29 1395
25 1304
12 1238
24 1181
22 1359
26 1193
13 1347
18 1272
10 1188
19 1089
24 1112
24 1400
19 1303
20 1467
25 1079
23 1391
20 1430
21 1469
28 1198
10 1485
10 1317
13 1265
22 1134
20 1304
18 1086
29 1410
18 1124
24 1412
17 1359
16 1016
29 1188
23 1470
16 1425
13 1241
14 1245
26 1409
27 1200
25 1422
19 1243
26 1165
10 1432
10 1340
29 1310
25 1293
20 1077
19 1125
10 1162
22 1310
24 1173
10 1276
11 1477
16 1356
13 1318
14 1223
26 1171
28 1357
23 1204
10 1462
14 1178
14 1347
26 1362
18 1266
16 1246
11 1349
24 1409
18 1338
26 1400
14 1106
10 1117
14 1155
21 1121
27 1146
16 1262
19 1392
22 1196
21 1233
10 1144
19 1486
16 1414
29 1128
12 1273
17 1245
18 1225
11 1265
15 1429
10 1486
19 1298
23 1288
13 1136
26 1248
26 1108
10 1078
21 1043
10 1048
20 1207
24 1438
25 1261
17 1492
20 1217
16 1234
26 1365
12 1119
15 1377
10 1298
21 1228
26 1215
22 1342
24 1369
29 1224
13 1156
21 1162
24 1344
29 1446
26 1296
22 1222
23 1369
21 1221
17 1116
12 1089
10 1361
14 1284
12 1245
21 1196
23 1042
20 1455
29 1452
11 1491
12 1059
26 1339
22 1237
27 1344
26 1336
17 1441
19 1265
28 1271
12 1467
29 1350
17 1093
12 1383
14 1033
18 1022
16 1125
17 1461
14 1203
22 1497
16 1128
11 1356
25 1354
21 1224
19 1410
23 1477
24 1137
27 1299
24 1045
25 1058
22 1340
18 1395
10 1276
10 1080
24 1194
17 1016
10 1022
17 1345
15 1032
20 1335
17 1237
14 1132
10 1387
26 1265
11 1109
17 1218
13 1280
18 1218
20 1029
15 1028
19 1373
25 1406
11 1027
23 1209
13 1312
25 1108
28 1426
24 1392
24 1128
14 1008
10 1438
17 1283
25 1244
19 1004
12 1448
18 1064
12 1099
12 1209
29 1464
18 1205
27 1381
28 1189
26 1263
13 1450
24 1420
10 1142
14 1436
28 1179
12 1175
26 1092
12 1140
26 1084
10 1133
26 1329
22 1324
12 1190
21 1348
11 1434
14 1151
15 1161
26 1424
28 1327
16 1024
11 1485
11 1419
15 1120
29 1280
15 1333
24 1109
22 1241
23 1281
13 1127
10 1043
12 1399
26 1234
22 1358
15 1368
24 1214
26 1366
28 1001
24 1382
27 1169
13 1318
29 1218
11 1058
18 1425
23 1146
13 1105
23 1295
15 1240
18 1271
24 1106
23 1460
25 1367
12 1301
17 1260
22 1494
10 1138
23 1469
16 1118
29 1334
21 1291
23 1224
18 1179
23 1275
21 1057
19 1382
13 1003
17 1493
20 1050
17 1195
15 1341
27 1278
15 1284
18 1344
29 1081
23 1184
29 1486
19 1330
11 1368
12 1287
15 1374
27 1317
18 1296
16 1053
25 1012
12 1373
18 1029
21 1153
14 1438
15 1263
20 1263
29 1000
27 1135
14 1021
12 1416
10 1292
17 1298
10 1236
11 1079
29 1197
13 1245
21 1428
21 1200
14 1345
28 1310
10 1443
10 1250
20 1316
24 1079
21 1347
10 1385
10 1322
23 1242
10 1345
10 1324
11 1031
19 1047
16 1156
20 1130
15 1193
28 1182
26 1174
19 1339
23 1326
21 1139
24 1065
10 1294
19 1254
13 1037
18 1243
19 1195
12 1033
10 1266
13 1084
22 1478
27 1239
19 1122
18 1447
19 1206
18 1420
18 1366
26 1337
17 1414
24 1006
25 1048
19 1188
27 1203
19 1063
11 1166
25 1006
21 1002
14 1394
11 1229
21 1365
10 1065
19 1278
16 1315
17 1493
18 1250
10 1035
19 1081
16 1398
24 1179
20 1435
22 1451
15 1129
21 1376
20 1384
24 1249
24 1226
13 1335
13 1138
23 1407
22 1411
22 1308
20 1435
14 1072
17 1094
20 1369
22 1170
20 1498
16 1396
20 1020
29 1469
14 1289
18 1305
21 1028
27 1286
21 1292
11 1014
15 1378
20 1309
20 1159
19 1138
13 1155
10 1282
23 1425
14 1328
23 1478
21 1057
16 1356
16 1100
17 1072
26 1119
24 1260
26 1299
22 1066
23 1475
15 1457
16 1452
18 1328
23 1440
28 1228
10 1457
26 1376
29 1374
24 1358
28 1480
15 1197
25 1374
24 1189
14 1268
15 1253
28 1461
24 1020
11 1118
29 1312
20 1311
26 1388
10 1405
18 1317
29 1419
25 1038
20 1129
24 1385
26 1386
22 1387
15 1029
21 1257
24 1262
25 1453
23 1326
18 1417
14 1193
16 1109
21 1349
22 1308
10 1225
14 1144
16 1395
29 1040
22 1227
21 1298
28 1100
18 1022
10 1399
24 1420
29 1370
18 1065
14 1453
22 1315
14 1410
27 1385
20 1470
14 1225
25 1089
26 1025
24 1194
26 1005
18 1315
23 1134
21 1434
26 1116
27 1327
17 1206
16 1199
10 1064
18 1300
16 1316
27 1058
16 1272
10 1202
16 1317
18 1018
27 1292
24 1114
15 1146
11 1443
10 1143
24 1350
28 1214
27 1349
24 1372
16 1447
24 1208
14 1237
17 1068
12 1350
15 1059
26 1402
15 1214
11 1265
13 1141
18 1060
11 1426
29 1360
24 1325
15 1226
18 1379
28 1119
25 1067
17 1329
14 1160
25 1365
18 1143
23 1145
26 1067
25 1257
22 1486
10 1303
19 1019
28 1348
11 1377
29 1312
22 1070
11 1128
17 1127
18 1412
25 1370
12 1129
17 1414
27 1375
23 1143
18 1264
26 1176
12 1162
23 1414
25 1301
18 1428
29 1308
11 1007
12 1191
26 1283
22 1079
24 1160
18 1216
13 1031
13 1451
10 1118
23 1419
12 1325
21 1041
20 1450